1 OnTime_1 3 1 145 1
1 OnTime_1 4 1 182 1
1 OnTime_1 5 1 145 1
1 OnTime_1 7 1 154 1
1 OnTime_1 9 1 122 1
1 OnTime_1 10 1 65 1
1 OnTime_1 11 1 65 1
1 OnTime_1 13 1 93 1
1 OnTime_1 14 1 81 1
1 OnTime_1 15 1 145 1
2 OnTime_2 3 1 178 1
2 OnTime_2 4 1 178 1
2 OnTime_2 5 1 163 1
2 OnTime_2 7 1 89 1
2 OnTime_2 9 1 58 1
2 OnTime_2 13 1 178 1
2 OnTime_2 14 1 73 1
2 OnTime_2 15 1 58 1
3 OnTime_3 3 1 165 1
3 OnTime_3 4 1 66 1
3 OnTime_3 5 1 117 1
3 OnTime_3 7 1 165 1
3 OnTime_3 9 1 138 1
3 OnTime_3 10 1 85 1
3 OnTime_3 11 1 28 1
3 OnTime_3 13 1 108 1
4 OnTime_4 3 1 170 1
4 OnTime_4 4 1 112 1
4 OnTime_4 5 1 122 1
4 OnTime_4 7 1 234 1
4 OnTime_4 9 1 122 1
4 OnTime_4 10 1 65 1
4 OnTime_4 11 1 65 1
4 OnTime_4 13 1 156 1
4 OnTime_4 15 1 164 1
5 OnTime_5 3 1 113 1
5 OnTime_5 4 1 182 1
5 OnTime_5 5 1 95 1
5 OnTime_5 7 1 252 1
5 OnTime_5 9 1 119 1
5 OnTime_5 10 1 218 1
5 OnTime_5 11 1 235 1
5 OnTime_5 14 1 38 1
5 OnTime_5 15 1 38 1
6 OnTime_6 4 1 137 1
6 OnTime_6 5 1 118 1
6 OnTime_6 7 1 165 1
6 OnTime_6 13 1 73 1
6 OnTime_6 14 1 185 1
6 OnTime_6 15 1 164 1
7 OnTime_7 3 1 178 1
7 OnTime_7 4 1 178 1
7 OnTime_7 5 1 95 1
7 OnTime_7 7 1 126 1
7 OnTime_7 9 1 178 1
7 OnTime_7 10 1 65 1
7 OnTime_7 11 1 65 1
7 OnTime_7 13 1 172 1
7 OnTime_7 14 1 143 1
7 OnTime_7 15 1 123 1
8 OnTime_8 3 1 127 1
8 OnTime_8 4 1 123 1
8 OnTime_8 5 1 109 1
8 OnTime_8 7 1 89 1
8 OnTime_8 9 1 138 1
8 OnTime_8 10 1 161 1
8 OnTime_8 13 1 172 1
8 OnTime_8 14 1 80 1
8 OnTime_8 15 1 123 1
9 OnTime_9 3 1 153 1
9 OnTime_9 4 1 137 1
9 OnTime_9 5 1 109 1
9 OnTime_9 7 1 154 1
9 OnTime_9 11 1 87 1
9 OnTime_9 14 1 87 1
9 OnTime_9 15 1 123 1
10 OnTime_10 3 1 97 1
10 OnTime_10 4 1 137 1
10 OnTime_10 5 1 163 1
10 OnTime_10 7 1 47 1
10 OnTime_10 9 1 97 1
10 OnTime_10 10 1 186 1
10 OnTime_10 11 1 65 1
10 OnTime_10 13 1 142 1
10 OnTime_10 14 1 14 1
10 OnTime_10 15 1 162 1
11 OnTime_11 3 1 100 1
11 OnTime_11 5 1 83 1
11 OnTime_11 7 1 190 1
11 OnTime_11 9 1 138 1
11 OnTime_11 10 1 85 1
11 OnTime_11 11 1 133 1
11 OnTime_11 13 1 144 1
11 OnTime_11 15 1 164 1
12 OnTime_12 3 1 113 1
12 OnTime_12 4 1 188 1
12 OnTime_12 5 1 109 1
12 OnTime_12 7 1 89 1
12 OnTime_12 9 1 188 1
12 OnTime_12 10 1 85 1
12 OnTime_12 11 1 184 1
12 OnTime_12 13 1 158 1
12 OnTime_12 14 1 80 1
12 OnTime_12 15 1 80 1
13 OnTime_13 3 1 97 1
13 OnTime_13 4 1 185 1
13 OnTime_13 5 1 196 1
13 OnTime_13 7 1 47 1
13 OnTime_13 9 1 122 1
13 OnTime_13 10 1 173 1
13 OnTime_13 11 1 100 1
13 OnTime_13 13 1 178 1
13 OnTime_13 14 1 185 1
13 OnTime_13 15 1 80 1
14 OnTime_14 3 1 100 1
14 OnTime_14 4 1 237 1
14 OnTime_14 5 1 109 1
14 OnTime_14 7 1 89 1
14 OnTime_14 9 1 178 1
14 OnTime_14 10 1 85 1
14 OnTime_14 11 1 100 1
14 OnTime_14 13 1 50 1
14 OnTime_14 14 1 143 1
15 OnTime_15 3 1 100 1
15 OnTime_15 5 1 145 1
15 OnTime_15 7 1 126 1
15 OnTime_15 9 1 97 1
15 OnTime_15 10 1 98 1
15 OnTime_15 11 1 100 1
15 OnTime_15 13 1 172 1
15 OnTime_15 14 1 232 1
15 OnTime_15 15 1 145 1
16 OnTime_16 4 1 137 1
16 OnTime_16 5 1 267 1
16 OnTime_16 7 1 148 1
16 OnTime_16 9 1 148 1
16 OnTime_16 10 1 32 1
16 OnTime_16 11 1 133 1
16 OnTime_16 13 1 172 1
16 OnTime_16 14 1 180 1
17 OnTime_17 3 1 165 1
17 OnTime_17 4 1 110 1
17 OnTime_17 5 1 117 1
17 OnTime_17 7 1 165 1
17 OnTime_17 15 1 123 1
18 OnTime_18 3 1 170 1
18 OnTime_18 4 1 110 1
18 OnTime_18 5 1 118 1
18 OnTime_18 7 1 165 1
18 OnTime_18 9 1 148 1
18 OnTime_18 11 1 100 1
18 OnTime_18 13 1 172 1
18 OnTime_18 14 1 22 1
18 OnTime_18 15 1 123 1
19 OnTime_19 3 1 97 1
19 OnTime_19 4 1 112 1
19 OnTime_19 5 1 145 1
19 OnTime_19 7 1 190 1
19 OnTime_19 9 1 97 1
19 OnTime_19 10 1 161 1
19 OnTime_19 11 1 87 1
19 OnTime_19 13 1 158 1
19 OnTime_19 14 1 87 1
19 OnTime_19 15 1 191 1
20 OnTime_20 4 1 66 1
20 OnTime_20 5 1 117 1
20 OnTime_20 7 1 165 1
20 OnTime_20 10 1 98 1
20 OnTime_20 11 1 65 1
20 OnTime_20 13 1 142 1
20 OnTime_20 14 1 180 1
20 OnTime_20 15 1 239 1
21 OnTime_21 3 1 170 1
21 OnTime_21 4 1 178 1
21 OnTime_21 5 1 145 1
21 OnTime_21 7 1 126 1
21 OnTime_21 9 1 178 1
21 OnTime_21 10 1 65 1
21 OnTime_21 11 1 65 1
21 OnTime_21 13 1 73 1
21 OnTime_21 14 1 73 1
21 OnTime_21 15 1 78 1
22 OnTime_22 3 1 127 1
22 OnTime_22 4 1 182 1
22 OnTime_22 5 1 117 1
22 OnTime_22 7 1 218 1
22 OnTime_22 9 1 188 1
22 OnTime_22 10 1 218 1
22 OnTime_22 11 1 142 1
22 OnTime_22 13 1 73 1
22 OnTime_22 14 1 73 1
22 OnTime_22 15 1 145 1
23 OnTime_23 4 1 137 1
23 OnTime_23 5 1 83 1
23 OnTime_23 9 1 122 1
23 OnTime_23 10 1 184 1
23 OnTime_23 11 1 184 1
23 OnTime_23 13 1 93 1
23 OnTime_23 15 1 162 1
24 OnTime_24 3 1 145 1
24 OnTime_24 5 1 117 1
24 OnTime_24 7 1 126 1
24 OnTime_24 9 1 138 1
24 OnTime_24 10 1 221 1
24 OnTime_24 13 1 69 1
24 OnTime_24 14 1 180 1
24 OnTime_24 15 1 145 1
25 OnTime_25 4 1 110 1
25 OnTime_25 5 1 122 1
25 OnTime_25 9 1 122 1
25 OnTime_25 10 1 174 1
25 OnTime_25 11 1 184 1
25 OnTime_25 13 1 156 1
25 OnTime_25 14 1 236 1
25 OnTime_25 15 1 162 1
26 OnTime_26 3 1 178 1
26 OnTime_26 4 1 178 1
26 OnTime_26 5 1 83 1
26 OnTime_26 7 1 218 1
26 OnTime_26 9 1 178 1
26 OnTime_26 10 1 218 1
26 OnTime_26 13 1 178 1
26 OnTime_26 14 1 15 1
27 OnTime_27 3 1 170 1
27 OnTime_27 4 1 185 1
27 OnTime_27 5 1 117 1
27 OnTime_27 7 1 154 1
27 OnTime_27 10 1 65 1
27 OnTime_27 11 1 65 1
27 OnTime_27 13 1 158 1
27 OnTime_27 14 1 185 1
28 OnTime_28 3 1 97 1
28 OnTime_28 4 1 112 1
28 OnTime_28 7 1 190 1
28 OnTime_28 9 1 97 1
28 OnTime_28 10 1 98 1
28 OnTime_28 14 1 22 1
28 OnTime_28 15 1 162 1
29 OnTime_29 3 1 127 1
29 OnTime_29 4 1 112 1
29 OnTime_29 5 1 145 1
29 OnTime_29 7 1 165 1
29 OnTime_29 9 1 122 1
29 OnTime_29 10 1 85 1
29 OnTime_29 11 1 142 1
29 OnTime_29 13 1 142 1
29 OnTime_29 15 1 191 1
30 OnTime_30 3 1 100 1
30 OnTime_30 4 1 110 1
30 OnTime_30 7 1 234 1
30 OnTime_30 9 1 97 1
30 OnTime_30 11 1 142 1
30 OnTime_30 13 1 142 1
30 OnTime_30 14 1 143 1
30 OnTime_30 15 1 123 1
31 OnTime_31 3 1 97 1
31 OnTime_31 4 1 66 1
31 OnTime_31 5 1 74 1
31 OnTime_31 7 1 167 1
31 OnTime_31 9 1 97 1
31 OnTime_31 10 1 174 1
31 OnTime_31 11 1 6 1
31 OnTime_31 13 1 156 1
31 OnTime_31 14 1 81 1
31 OnTime_31 15 1 123 1
32 OnTime_32 5 1 118 1
32 OnTime_32 9 1 138 1
32 OnTime_32 10 1 186 1
32 OnTime_32 13 1 50 1
32 OnTime_32 14 1 143 1
32 OnTime_32 15 1 58 1
33 OnTime_33 3 1 100 1
33 OnTime_33 5 1 118 1
33 OnTime_33 9 1 175 1
33 OnTime_33 10 1 186 1
33 OnTime_33 11 1 100 1
33 OnTime_33 13 1 180 1
33 OnTime_33 14 1 180 1
33 OnTime_33 15 1 113 1
34 OnTime_34 3 1 153 1
34 OnTime_34 4 1 110 1
34 OnTime_34 5 1 74 1
34 OnTime_34 9 1 175 1
34 OnTime_34 10 1 98 1
34 OnTime_34 11 1 100 1
34 OnTime_34 13 1 156 1
34 OnTime_34 14 1 143 1
35 OnTime_35 3 1 165 1
35 OnTime_35 5 1 145 1
35 OnTime_35 7 1 165 1
35 OnTime_35 9 1 148 1
35 OnTime_35 10 1 173 1
35 OnTime_35 11 1 113 1
35 OnTime_35 13 1 93 1
35 OnTime_35 15 1 145 1
36 OnTime_36 3 1 127 1
36 OnTime_36 4 1 110 1
36 OnTime_36 5 1 117 1
36 OnTime_36 7 1 89 1
36 OnTime_36 9 1 122 1
36 OnTime_36 10 1 161 1
36 OnTime_36 11 1 184 1
36 OnTime_36 13 1 144 1
36 OnTime_36 14 1 15 1
36 OnTime_36 15 1 191 1
37 OnTime_37 3 1 100 1
37 OnTime_37 4 1 188 1
37 OnTime_37 7 1 154 1
37 OnTime_37 9 1 188 1
37 OnTime_37 10 1 65 1
37 OnTime_37 11 1 65 1
37 OnTime_37 15 1 162 1
38 OnTime_38 3 1 97 1
38 OnTime_38 4 1 185 1
38 OnTime_38 5 1 122 1
38 OnTime_38 9 1 122 1
38 OnTime_38 10 1 161 1
38 OnTime_38 11 1 113 1
38 OnTime_38 13 1 180 1
38 OnTime_38 14 1 185 1
38 OnTime_38 15 1 58 1
39 OnTime_39 3 1 127 1
39 OnTime_39 4 1 55 1
39 OnTime_39 5 1 196 1
39 OnTime_39 7 1 47 1
39 OnTime_39 9 1 97 1
39 OnTime_39 10 1 85 1
39 OnTime_39 11 1 100 1
39 OnTime_39 13 1 93 1
39 OnTime_39 15 1 162 1
40 OnTime_40 3 1 127 1
40 OnTime_40 4 1 188 1
40 OnTime_40 5 1 58 1
40 OnTime_40 7 1 148 1
40 OnTime_40 9 1 188 1
40 OnTime_40 11 1 87 1
40 OnTime_40 13 1 172 1
40 OnTime_40 14 1 73 1
40 OnTime_40 15 1 58 1
41 OnTime_41 3 1 178 1
41 OnTime_41 4 1 112 1
41 OnTime_41 7 1 154 1
41 OnTime_41 9 1 178 1
41 OnTime_41 10 1 218 1
41 OnTime_41 11 1 142 1
41 OnTime_41 13 1 142 1
42 OnTime_42 3 1 170 1
42 OnTime_42 4 1 4 1
42 OnTime_42 5 1 122 1
42 OnTime_42 7 1 165 1
42 OnTime_42 9 1 122 1
42 OnTime_42 10 1 98 1
42 OnTime_42 11 1 65 1
42 OnTime_42 13 1 4 1
42 OnTime_42 15 1 78 1
43 OnTime_43 3 1 127 1
43 OnTime_43 4 1 110 1
43 OnTime_43 5 1 117 1
43 OnTime_43 7 1 154 1
43 OnTime_43 9 1 119 1
43 OnTime_43 10 1 218 1
43 OnTime_43 11 1 184 1
43 OnTime_43 13 1 69 1
43 OnTime_43 14 1 232 1
44 OnTime_44 3 1 127 1
44 OnTime_44 4 1 185 1
44 OnTime_44 5 1 117 1
44 OnTime_44 7 1 89 1
44 OnTime_44 9 1 122 1
44 OnTime_44 10 1 173 1
44 OnTime_44 11 1 184 1
44 OnTime_44 13 1 172 1
44 OnTime_44 14 1 185 1
44 OnTime_44 15 1 191 1
45 OnTime_45 4 1 123 1
45 OnTime_45 5 1 95 1
45 OnTime_45 7 1 234 1
45 OnTime_45 9 1 148 1
45 OnTime_45 10 1 174 1
45 OnTime_45 11 1 235 1
45 OnTime_45 13 1 156 1
45 OnTime_45 14 1 232 1
45 OnTime_45 15 1 123 1
46 OnTime_46 3 1 170 1
46 OnTime_46 4 1 185 1
46 OnTime_46 5 1 95 1
46 OnTime_46 7 1 167 1
46 OnTime_46 9 1 119 1
46 OnTime_46 11 1 100 1
46 OnTime_46 13 1 156 1
46 OnTime_46 14 1 185 1
46 OnTime_46 15 1 164 1
47 OnTime_47 3 1 153 1
47 OnTime_47 5 1 83 1
47 OnTime_47 7 1 89 1
47 OnTime_47 9 1 138 1
47 OnTime_47 10 1 98 1
47 OnTime_47 11 1 189 1
47 OnTime_47 14 1 82 1
48 OnTime_48 3 1 100 1
48 OnTime_48 4 1 242 1
48 OnTime_48 5 1 196 1
48 OnTime_48 7 1 165 1
48 OnTime_48 9 1 188 1
48 OnTime_48 10 1 174 1
48 OnTime_48 11 1 100 1
48 OnTime_48 13 1 158 1
48 OnTime_48 14 1 202 1
48 OnTime_48 15 1 123 1
49 OnTime_49 3 1 127 1
49 OnTime_49 4 1 188 1
49 OnTime_49 5 1 122 1
49 OnTime_49 7 1 85 1
49 OnTime_49 9 1 122 1
49 OnTime_49 10 1 85 1
49 OnTime_49 11 1 184 1
49 OnTime_49 14 1 143 1
49 OnTime_49 15 1 162 1
50 OnTime_50 3 1 113 1
50 OnTime_50 4 1 66 1
50 OnTime_50 5 1 95 1
50 OnTime_50 9 1 97 1
50 OnTime_50 10 1 184 1
50 OnTime_50 11 1 184 1
50 OnTime_50 13 1 142 1
50 OnTime_50 15 1 113 1
51 OnTime_51 3 1 127 1
51 OnTime_51 4 1 237 1
51 OnTime_51 5 1 74 1
51 OnTime_51 7 1 148 1
51 OnTime_51 9 1 122 1
51 OnTime_51 11 1 100 1
51 OnTime_51 13 1 108 1
51 OnTime_51 14 1 80 1
51 OnTime_51 15 1 80 1
52 OnTime_52 3 1 100 1
52 OnTime_52 5 1 122 1
52 OnTime_52 9 1 122 1
52 OnTime_52 11 1 113 1
52 OnTime_52 14 1 87 1
52 OnTime_52 15 1 80 1
53 OnTime_53 3 1 127 1
53 OnTime_53 4 1 185 1
53 OnTime_53 5 1 83 1
53 OnTime_53 7 1 148 1
53 OnTime_53 9 1 97 1
53 OnTime_53 10 1 98 1
53 OnTime_53 11 1 113 1
53 OnTime_53 14 1 185 1
53 OnTime_53 15 1 145 1
54 OnTime_54 4 1 137 1
54 OnTime_54 5 1 95 1
54 OnTime_54 7 1 148 1
54 OnTime_54 9 1 138 1
54 OnTime_54 10 1 98 1
54 OnTime_54 11 1 142 1
54 OnTime_54 13 1 142 1
54 OnTime_54 14 1 73 1
54 OnTime_54 15 1 38 1
55 OnTime_55 3 1 97 1
55 OnTime_55 4 1 185 1
55 OnTime_55 5 1 196 1
55 OnTime_55 9 1 58 1
55 OnTime_55 11 1 133 1
55 OnTime_55 13 1 180 1
55 OnTime_55 14 1 180 1
55 OnTime_55 15 1 67 1
56 OnTime_56 3 1 127 1
56 OnTime_56 4 1 112 1
56 OnTime_56 5 1 83 1
56 OnTime_56 7 1 85 1
56 OnTime_56 9 1 97 1
56 OnTime_56 10 1 85 1
56 OnTime_56 11 1 133 1
56 OnTime_56 13 1 142 1
56 OnTime_56 14 1 180 1
57 OnTime_57 3 1 145 1
57 OnTime_57 5 1 145 1
57 OnTime_57 7 1 165 1
57 OnTime_57 11 1 87 1
57 OnTime_57 13 1 50 1
57 OnTime_57 14 1 87 1
57 OnTime_57 15 1 162 1
58 OnTime_58 3 1 165 1
58 OnTime_58 5 1 109 1
58 OnTime_58 7 1 165 1
58 OnTime_58 11 1 269 1
58 OnTime_58 13 1 108 1
58 OnTime_58 14 1 80 1
58 OnTime_58 15 1 164 1
59 OnTime_59 4 1 55 1
59 OnTime_59 5 1 196 1
59 OnTime_59 7 1 148 1
59 OnTime_59 9 1 148 1
59 OnTime_59 10 1 173 1
59 OnTime_59 13 1 158 1
59 OnTime_59 15 1 203 1
60 OnTime_60 3 1 178 1
60 OnTime_60 4 1 112 1
60 OnTime_60 5 1 109 1
60 OnTime_60 7 1 89 1
60 OnTime_60 9 1 188 1
60 OnTime_60 10 1 85 1
60 OnTime_60 13 1 156 1
60 OnTime_60 14 1 15 1
60 OnTime_60 15 1 164 1
61 OnTime_61 3 1 113 1
61 OnTime_61 4 1 66 1
61 OnTime_61 5 1 74 1
61 OnTime_61 7 1 154 1
61 OnTime_61 10 1 85 1
61 OnTime_61 11 1 87 1
61 OnTime_61 13 1 222 1
61 OnTime_61 14 1 73 1
61 OnTime_61 15 1 113 1
62 OnTime_62 3 1 97 1
62 OnTime_62 4 1 182 1
62 OnTime_62 5 1 58 1
62 OnTime_62 7 1 6 1
62 OnTime_62 9 1 97 1
62 OnTime_62 10 1 243 1
62 OnTime_62 11 1 235 1
62 OnTime_62 13 1 156 1
62 OnTime_62 14 1 49 1
62 OnTime_62 15 1 58 1
63 OnTime_63 3 1 178 1
63 OnTime_63 4 1 123 1
63 OnTime_63 5 1 118 1
63 OnTime_63 7 1 167 1
63 OnTime_63 9 1 148 1
63 OnTime_63 10 1 173 1
63 OnTime_63 11 1 100 1
63 OnTime_63 13 1 180 1
63 OnTime_63 14 1 180 1
63 OnTime_63 15 1 123 1
64 OnTime_64 3 1 113 1
64 OnTime_64 4 1 66 1
64 OnTime_64 5 1 122 1
64 OnTime_64 9 1 122 1
64 OnTime_64 10 1 161 1
64 OnTime_64 11 1 113 1
64 OnTime_64 13 1 93 1
64 OnTime_64 14 1 143 1
64 OnTime_64 15 1 113 1
65 OnTime_65 3 1 170 1
65 OnTime_65 4 1 110 1
65 OnTime_65 5 1 122 1
65 OnTime_65 7 1 126 1
65 OnTime_65 9 1 122 1
65 OnTime_65 10 1 85 1
65 OnTime_65 11 1 189 1
65 OnTime_65 13 1 108 1
65 OnTime_65 15 1 162 1
66 OnTime_66 3 1 153 1
66 OnTime_66 4 1 55 1
66 OnTime_66 5 1 117 1
66 OnTime_66 7 1 148 1
66 OnTime_66 9 1 148 1
66 OnTime_66 10 1 161 1
66 OnTime_66 11 1 113 1
66 OnTime_66 13 1 50 1
66 OnTime_66 14 1 73 1
66 OnTime_66 15 1 113 1
67 OnTime_67 3 1 127 1
67 OnTime_67 4 1 110 1
67 OnTime_67 5 1 122 1
67 OnTime_67 7 1 154 1
67 OnTime_67 9 1 122 1
67 OnTime_67 10 1 184 1
67 OnTime_67 11 1 184 1
67 OnTime_67 13 1 156 1
67 OnTime_67 15 1 162 1
68 OnTime_68 4 1 137 1
68 OnTime_68 5 1 122 1
68 OnTime_68 7 1 148 1
68 OnTime_68 9 1 138 1
68 OnTime_68 10 1 161 1
68 OnTime_68 13 1 156 1
68 OnTime_68 15 1 123 1
69 OnTime_69 4 1 137 1
69 OnTime_69 5 1 109 1
69 OnTime_69 7 1 126 1
69 OnTime_69 9 1 138 1
69 OnTime_69 10 1 85 1
69 OnTime_69 11 1 189 1
69 OnTime_69 13 1 142 1
69 OnTime_69 14 1 81 1
70 OnTime_70 4 1 123 1
70 OnTime_70 5 1 122 1
70 OnTime_70 7 1 190 1
70 OnTime_70 9 1 148 1
70 OnTime_70 10 1 85 1
70 OnTime_70 11 1 133 1
70 OnTime_70 13 1 144 1
70 OnTime_70 14 1 202 1
70 OnTime_70 15 1 123 1
71 OnTime_71 4 1 182 1
71 OnTime_71 5 1 163 1
71 OnTime_71 7 1 148 1
71 OnTime_71 9 1 148 1
71 OnTime_71 10 1 161 1
71 OnTime_71 11 1 133 1
71 OnTime_71 13 1 69 1
71 OnTime_71 14 1 82 1
71 OnTime_71 15 1 164 1
72 OnTime_72 3 1 170 1
72 OnTime_72 4 1 185 1
72 OnTime_72 5 1 163 1
72 OnTime_72 7 1 154 1
72 OnTime_72 9 1 122 1
72 OnTime_72 10 1 98 1
72 OnTime_72 11 1 189 1
72 OnTime_72 14 1 185 1
73 OnTime_73 3 1 178 1
73 OnTime_73 4 1 178 1
73 OnTime_73 5 1 163 1
73 OnTime_73 7 1 126 1
73 OnTime_73 9 1 138 1
73 OnTime_73 10 1 186 1
73 OnTime_73 11 1 184 1
73 OnTime_73 13 1 69 1
73 OnTime_73 14 1 38 1
73 OnTime_73 15 1 123 1
74 OnTime_74 3 1 165 1
74 OnTime_74 4 1 188 1
74 OnTime_74 5 1 109 1
74 OnTime_74 7 1 165 1
74 OnTime_74 9 1 148 1
74 OnTime_74 10 1 45 1
74 OnTime_74 11 1 142 1
74 OnTime_74 13 1 172 1
74 OnTime_74 15 1 191 1
75 OnTime_75 3 1 97 1
75 OnTime_75 4 1 123 1
75 OnTime_75 5 1 196 1
75 OnTime_75 7 1 154 1
75 OnTime_75 9 1 97 1
75 OnTime_75 10 1 85 1
75 OnTime_75 11 1 142 1
75 OnTime_75 13 1 142 1
75 OnTime_75 14 1 81 1
75 OnTime_75 15 1 123 1
76 OnTime_76 3 1 127 1
76 OnTime_76 4 1 112 1
76 OnTime_76 5 1 145 1
76 OnTime_76 7 1 252 1
76 OnTime_76 9 1 119 1
76 OnTime_76 10 1 184 1
76 OnTime_76 11 1 184 1
76 OnTime_76 13 1 142 1
76 OnTime_76 14 1 180 1
76 OnTime_76 15 1 145 1
77 OnTime_77 3 1 127 1
77 OnTime_77 5 1 122 1
77 OnTime_77 7 1 33 1
77 OnTime_77 9 1 122 1
77 OnTime_77 10 1 173 1
77 OnTime_77 11 1 184 1
77 OnTime_77 13 1 180 1
77 OnTime_77 14 1 180 1
77 OnTime_77 15 1 113 1
78 OnTime_78 3 1 97 1
78 OnTime_78 4 1 123 1
78 OnTime_78 7 1 148 1
78 OnTime_78 9 1 148 1
78 OnTime_78 10 1 173 1
78 OnTime_78 11 1 142 1
78 OnTime_78 13 1 108 1
78 OnTime_78 14 1 82 1
78 OnTime_78 15 1 191 1
79 OnTime_79 4 1 237 1
79 OnTime_79 5 1 118 1
79 OnTime_79 9 1 188 1
79 OnTime_79 10 1 174 1
79 OnTime_79 11 1 87 1
79 OnTime_79 13 1 142 1
79 OnTime_79 14 1 180 1
79 OnTime_79 15 1 38 1
80 OnTime_80 3 1 97 1
80 OnTime_80 4 1 112 1
80 OnTime_80 5 1 118 1
80 OnTime_80 7 1 148 1
80 OnTime_80 9 1 97 1
80 OnTime_80 10 1 173 1
80 OnTime_80 11 1 184 1
80 OnTime_80 13 1 69 1
80 OnTime_80 15 1 164 1
81 OnTime_81 3 1 113 1
81 OnTime_81 4 1 188 1
81 OnTime_81 5 1 196 1
81 OnTime_81 7 1 154 1
81 OnTime_81 9 1 188 1
81 OnTime_81 10 1 65 1
81 OnTime_81 11 1 65 1
81 OnTime_81 13 1 93 1
81 OnTime_81 14 1 143 1
81 OnTime_81 15 1 123 1
82 OnTime_82 3 1 165 1
82 OnTime_82 5 1 74 1
82 OnTime_82 7 1 89 1
82 OnTime_82 9 1 119 1
82 OnTime_82 10 1 173 1
82 OnTime_82 11 1 189 1
82 OnTime_82 13 1 172 1
82 OnTime_82 14 1 81 1
82 OnTime_82 15 1 191 1
83 OnTime_83 3 1 165 1
83 OnTime_83 4 1 66 1
83 OnTime_83 5 1 163 1
83 OnTime_83 7 1 126 1
83 OnTime_83 11 1 142 1
83 OnTime_83 13 1 142 1
83 OnTime_83 15 1 123 1
84 OnTime_84 3 1 113 1
84 OnTime_84 4 1 182 1
84 OnTime_84 5 1 109 1
84 OnTime_84 7 1 154 1
84 OnTime_84 9 1 148 1
84 OnTime_84 10 1 218 1
84 OnTime_84 11 1 113 1
84 OnTime_84 13 1 108 1
84 OnTime_84 14 1 80 1
84 OnTime_84 15 1 113 1
85 OnTime_85 3 1 165 1
85 OnTime_85 7 1 165 1
85 OnTime_85 9 1 119 1
85 OnTime_85 10 1 161 1
85 OnTime_85 11 1 113 1
85 OnTime_85 15 1 113 1
86 OnTime_86 3 1 178 1
86 OnTime_86 4 1 188 1
86 OnTime_86 5 1 196 1
86 OnTime_86 7 1 190 1
86 OnTime_86 9 1 188 1
86 OnTime_86 10 1 65 1
86 OnTime_86 11 1 65 1
86 OnTime_86 13 1 108 1
86 OnTime_86 15 1 164 1
87 OnTime_87 3 1 97 1
87 OnTime_87 4 1 185 1
87 OnTime_87 5 1 145 1
87 OnTime_87 7 1 190 1
87 OnTime_87 9 1 97 1
87 OnTime_87 10 1 256 1
87 OnTime_87 11 1 48 1
87 OnTime_87 13 1 156 1
87 OnTime_87 14 1 185 1
87 OnTime_87 15 1 145 1
88 OnTime_88 4 1 30 1
88 OnTime_88 5 1 122 1
88 OnTime_88 9 1 122 1
88 OnTime_88 10 1 161 1
88 OnTime_88 11 1 258 1
88 OnTime_88 13 1 142 1
89 OnTime_89 3 1 178 1
89 OnTime_89 4 1 112 1
89 OnTime_89 5 1 74 1
89 OnTime_89 7 1 165 1
89 OnTime_89 9 1 138 1
89 OnTime_89 10 1 98 1
89 OnTime_89 13 1 50 1
89 OnTime_89 14 1 143 1
89 OnTime_89 15 1 80 1
90 OnTime_90 3 1 145 1
90 OnTime_90 4 1 112 1
90 OnTime_90 5 1 145 1
90 OnTime_90 7 1 167 1
90 OnTime_90 9 1 188 1
90 OnTime_90 10 1 85 1
90 OnTime_90 11 1 87 1
90 OnTime_90 14 1 87 1
90 OnTime_90 15 1 145 1
91 OnTime_91 4 1 66 1
91 OnTime_91 5 1 122 1
91 OnTime_91 7 1 33 1
91 OnTime_91 9 1 122 1
91 OnTime_91 10 1 186 1
91 OnTime_91 13 1 144 1
91 OnTime_91 14 1 49 1
91 OnTime_91 15 1 164 1
92 OnTime_92 3 1 170 1
92 OnTime_92 4 1 137 1
92 OnTime_92 5 1 117 1
92 OnTime_92 7 1 126 1
92 OnTime_92 9 1 122 1
92 OnTime_92 10 1 184 1
92 OnTime_92 11 1 184 1
92 OnTime_92 13 1 4 1
92 OnTime_92 14 1 49 1
93 OnTime_93 3 1 153 1
93 OnTime_93 4 1 185 1
93 OnTime_93 5 1 109 1
93 OnTime_93 7 1 167 1
93 OnTime_93 11 1 113 1
93 OnTime_93 13 1 50 1
93 OnTime_93 14 1 185 1
93 OnTime_93 15 1 113 1
94 OnTime_94 5 1 83 1
94 OnTime_94 7 1 154 1
94 OnTime_94 10 1 173 1
94 OnTime_94 11 1 65 1
94 OnTime_94 13 1 93 1
94 OnTime_94 14 1 143 1
94 OnTime_94 15 1 191 1
95 OnTime_95 4 1 188 1
95 OnTime_95 5 1 122 1
95 OnTime_95 7 1 18 1
95 OnTime_95 9 1 122 1
95 OnTime_95 10 1 173 1
95 OnTime_95 13 1 73 1
95 OnTime_95 14 1 73 1
95 OnTime_95 15 1 80 1
96 OnTime_96 4 1 237 1
96 OnTime_96 5 1 163 1
96 OnTime_96 7 1 85 1
96 OnTime_96 9 1 148 1
96 OnTime_96 10 1 85 1
96 OnTime_96 11 1 28 1
96 OnTime_96 14 1 236 1
96 OnTime_96 15 1 78 1
97 OnTime_97 3 1 97 1
97 OnTime_97 4 1 252 1
97 OnTime_97 5 1 118 1
97 OnTime_97 7 1 252 1
97 OnTime_97 9 1 97 1
97 OnTime_97 10 1 186 1
97 OnTime_97 11 1 65 1
97 OnTime_97 13 1 73 1
97 OnTime_97 14 1 73 1
97 OnTime_97 15 1 78 1
98 OnTime_98 3 1 127 1
98 OnTime_98 4 1 112 1
98 OnTime_98 5 1 118 1
98 OnTime_98 7 1 165 1
98 OnTime_98 10 1 174 1
98 OnTime_98 14 1 236 1
98 OnTime_98 15 1 162 1
99 OnTime_99 3 1 153 1
99 OnTime_99 4 1 123 1
99 OnTime_99 5 1 145 1
99 OnTime_99 9 1 97 1
99 OnTime_99 13 1 180 1
99 OnTime_99 14 1 180 1
99 OnTime_99 15 1 123 1
100 OnTime_100 3 1 97 1
100 OnTime_100 4 1 137 1
100 OnTime_100 7 1 89 1
100 OnTime_100 9 1 97 1
100 OnTime_100 10 1 45 1
100 OnTime_100 11 1 231 1
100 OnTime_100 13 1 158 1
100 OnTime_100 14 1 143 1
101 OnTime_101 4 1 112 1
101 OnTime_101 5 1 122 1
101 OnTime_101 7 1 89 1
101 OnTime_101 9 1 122 1
101 OnTime_101 13 1 108 1
101 OnTime_101 14 1 143 1
101 OnTime_101 15 1 164 1
102 OnTime_102 3 1 100 1
102 OnTime_102 4 1 185 1
102 OnTime_102 5 1 145 1
102 OnTime_102 7 1 85 1
102 OnTime_102 9 1 119 1
102 OnTime_102 10 1 85 1
102 OnTime_102 11 1 48 1
102 OnTime_102 13 1 156 1
102 OnTime_102 14 1 143 1
102 OnTime_102 15 1 78 1
103 OnTime_103 3 1 97 1
103 OnTime_103 4 1 112 1
103 OnTime_103 5 1 163 1
103 OnTime_103 7 1 218 1
103 OnTime_103 9 1 97 1
103 OnTime_103 10 1 186 1
103 OnTime_103 14 1 80 1
103 OnTime_103 15 1 80 1
104 OnTime_104 3 1 113 1
104 OnTime_104 4 1 137 1
104 OnTime_104 5 1 109 1
104 OnTime_104 7 1 167 1
104 OnTime_104 9 1 175 1
104 OnTime_104 10 1 85 1
104 OnTime_104 11 1 65 1
104 OnTime_104 13 1 93 1
104 OnTime_104 14 1 82 1
104 OnTime_104 15 1 113 1
105 OnTime_105 3 1 145 1
105 OnTime_105 4 1 55 1
105 OnTime_105 5 1 145 1
105 OnTime_105 7 1 154 1
105 OnTime_105 9 1 97 1
105 OnTime_105 10 1 174 1
105 OnTime_105 11 1 100 1
105 OnTime_105 13 1 142 1
105 OnTime_105 14 1 143 1
105 OnTime_105 15 1 145 1
106 OnTime_106 3 1 145 1
106 OnTime_106 4 1 110 1
106 OnTime_106 5 1 145 1
106 OnTime_106 7 1 89 1
106 OnTime_106 9 1 58 1
106 OnTime_106 10 1 184 1
106 OnTime_106 11 1 184 1
106 OnTime_106 13 1 180 1
106 OnTime_106 14 1 180 1
106 OnTime_106 15 1 58 1
107 OnTime_107 3 1 145 1
107 OnTime_107 4 1 188 1
107 OnTime_107 5 1 145 1
107 OnTime_107 7 1 89 1
107 OnTime_107 9 1 119 1
107 OnTime_107 10 1 186 1
107 OnTime_107 11 1 189 1
107 OnTime_107 13 1 108 1
107 OnTime_107 14 1 240 1
107 OnTime_107 15 1 145 1
108 OnTime_108 3 1 57 1
108 OnTime_108 4 1 137 1
108 OnTime_108 5 1 270 1
108 OnTime_108 7 1 154 1
108 OnTime_108 9 1 119 1
108 OnTime_108 10 1 45 1
108 OnTime_108 13 1 93 1
108 OnTime_108 14 1 202 1
108 OnTime_108 15 1 164 1
109 OnTime_109 3 1 170 1
109 OnTime_109 4 1 112 1
109 OnTime_109 10 1 174 1
109 OnTime_109 11 1 100 1
109 OnTime_109 13 1 172 1
110 OnTime_110 3 1 170 1
110 OnTime_110 4 1 110 1
110 OnTime_110 5 1 145 1
110 OnTime_110 7 1 85 1
110 OnTime_110 9 1 97 1
110 OnTime_110 10 1 85 1
110 OnTime_110 11 1 100 1
110 OnTime_110 13 1 144 1
110 OnTime_110 14 1 180 1
110 OnTime_110 15 1 164 1
111 OnTime_111 3 1 100 1
111 OnTime_111 4 1 185 1
111 OnTime_111 5 1 74 1
111 OnTime_111 7 1 252 1
111 OnTime_111 9 1 122 1
111 OnTime_111 11 1 100 1
111 OnTime_111 13 1 156 1
111 OnTime_111 14 1 185 1
111 OnTime_111 15 1 80 1
112 OnTime_112 3 1 178 1
112 OnTime_112 4 1 182 1
112 OnTime_112 5 1 122 1
112 OnTime_112 7 1 47 1
112 OnTime_112 9 1 138 1
112 OnTime_112 11 1 235 1
112 OnTime_112 13 1 178 1
112 OnTime_112 14 1 185 1
112 OnTime_112 15 1 78 1
113 OnTime_113 3 1 165 1
113 OnTime_113 4 1 185 1
113 OnTime_113 7 1 165 1
113 OnTime_113 10 1 174 1
113 OnTime_113 11 1 113 1
113 OnTime_113 13 1 144 1
113 OnTime_113 14 1 185 1
113 OnTime_113 15 1 113 1
114 OnTime_114 3 1 153 1
114 OnTime_114 4 1 237 1
114 OnTime_114 5 1 122 1
114 OnTime_114 7 1 126 1
114 OnTime_114 9 1 122 1
114 OnTime_114 10 1 243 1
114 OnTime_114 11 1 87 1
114 OnTime_114 13 1 142 1
114 OnTime_114 14 1 87 1
114 OnTime_114 15 1 123 1
115 OnTime_115 3 1 153 1
115 OnTime_115 4 1 185 1
115 OnTime_115 5 1 163 1
115 OnTime_115 7 1 148 1
115 OnTime_115 9 1 148 1
115 OnTime_115 10 1 184 1
115 OnTime_115 11 1 222 1
115 OnTime_115 13 1 172 1
115 OnTime_115 14 1 232 1
115 OnTime_115 15 1 162 1
116 OnTime_116 3 1 100 1
116 OnTime_116 4 1 110 1
116 OnTime_116 7 1 126 1
116 OnTime_116 9 1 48 1
116 OnTime_116 10 1 98 1
116 OnTime_116 11 1 100 1
116 OnTime_116 13 1 108 1
116 OnTime_116 14 1 80 1
116 OnTime_116 15 1 80 1
117 OnTime_117 4 1 110 1
117 OnTime_117 5 1 95 1
117 OnTime_117 7 1 234 1
117 OnTime_117 9 1 122 1
117 OnTime_117 10 1 161 1
117 OnTime_117 11 1 48 1
117 OnTime_117 13 1 144 1
117 OnTime_117 14 1 240 1
118 OnTime_118 3 1 127 1
118 OnTime_118 4 1 188 1
118 OnTime_118 7 1 89 1
118 OnTime_118 9 1 138 1
118 OnTime_118 10 1 173 1
118 OnTime_118 11 1 133 1
118 OnTime_118 15 1 191 1
119 OnTime_119 3 1 178 1
119 OnTime_119 4 1 178 1
119 OnTime_119 5 1 145 1
119 OnTime_119 7 1 154 1
119 OnTime_119 9 1 178 1
119 OnTime_119 10 1 186 1
119 OnTime_119 11 1 100 1
119 OnTime_119 13 1 178 1
119 OnTime_119 14 1 81 1
119 OnTime_119 15 1 113 1
120 OnTime_120 3 1 153 1
120 OnTime_120 10 1 161 1
120 OnTime_120 11 1 142 1
120 OnTime_120 13 1 142 1
120 OnTime_120 14 1 266 1
120 OnTime_120 15 1 162 1
121 OnTime_121 4 1 188 1
121 OnTime_121 5 1 163 1
121 OnTime_121 7 1 154 1
121 OnTime_121 9 1 188 1
121 OnTime_121 10 1 184 1
121 OnTime_121 11 1 184 1
121 OnTime_121 13 1 93 1
121 OnTime_121 15 1 123 1
122 OnTime_122 3 1 113 1
122 OnTime_122 4 1 182 1
122 OnTime_122 9 1 175 1
122 OnTime_122 11 1 113 1
122 OnTime_122 13 1 108 1
122 OnTime_122 15 1 113 1
123 OnTime_123 3 1 100 1
123 OnTime_123 4 1 137 1
123 OnTime_123 7 1 89 1
123 OnTime_123 9 1 138 1
123 OnTime_123 10 1 85 1
123 OnTime_123 11 1 100 1
123 OnTime_123 13 1 93 1
123 OnTime_123 14 1 143 1
123 OnTime_123 15 1 80 1
124 OnTime_124 3 1 165 1
124 OnTime_124 4 1 178 1
124 OnTime_124 5 1 118 1
124 OnTime_124 7 1 165 1
124 OnTime_124 9 1 58 1
124 OnTime_124 10 1 184 1
124 OnTime_124 11 1 184 1
124 OnTime_124 13 1 178 1
124 OnTime_124 14 1 82 1
124 OnTime_124 15 1 58 1
125 OnTime_125 3 1 153 1
125 OnTime_125 4 1 188 1
125 OnTime_125 5 1 58 1
125 OnTime_125 7 1 89 1
125 OnTime_125 9 1 188 1
125 OnTime_125 11 1 242 1
125 OnTime_125 13 1 50 1
125 OnTime_125 15 1 58 1
126 OnTime_126 3 1 97 1
126 OnTime_126 5 1 118 1
126 OnTime_126 7 1 47 1
126 OnTime_126 9 1 97 1
126 OnTime_126 10 1 186 1
126 OnTime_126 13 1 172 1
126 OnTime_126 14 1 80 1
126 OnTime_126 15 1 80 1
127 OnTime_127 3 1 178 1
127 OnTime_127 4 1 178 1
127 OnTime_127 5 1 122 1
127 OnTime_127 7 1 148 1
127 OnTime_127 9 1 122 1
127 OnTime_127 10 1 98 1
127 OnTime_127 11 1 48 1
127 OnTime_127 13 1 172 1
127 OnTime_127 14 1 80 1
127 OnTime_127 15 1 80 1
128 OnTime_128 3 1 127 1
128 OnTime_128 4 1 215 1
128 OnTime_128 5 1 196 1
128 OnTime_128 7 1 167 1
128 OnTime_128 9 1 138 1
128 OnTime_128 13 1 172 1
128 OnTime_128 15 1 123 1
129 OnTime_129 3 1 165 1
129 OnTime_129 5 1 117 1
129 OnTime_129 7 1 165 1
129 OnTime_129 9 1 119 1
129 OnTime_129 11 1 189 1
129 OnTime_129 13 1 69 1
129 OnTime_129 15 1 123 1
130 OnTime_130 3 1 57 1
130 OnTime_130 4 1 123 1
130 OnTime_130 5 1 145 1
130 OnTime_130 9 1 175 1
130 OnTime_130 10 1 186 1
130 OnTime_130 11 1 113 1
130 OnTime_130 13 1 73 1
130 OnTime_130 14 1 73 1
130 OnTime_130 15 1 113 1
131 OnTime_131 4 1 123 1
131 OnTime_131 7 1 167 1
131 OnTime_131 9 1 148 1
131 OnTime_131 10 1 45 1
131 OnTime_131 11 1 142 1
131 OnTime_131 13 1 142 1
131 OnTime_131 14 1 73 1
131 OnTime_131 15 1 123 1
132 OnTime_132 3 1 153 1
132 OnTime_132 4 1 182 1
132 OnTime_132 5 1 145 1
132 OnTime_132 9 1 58 1
132 OnTime_132 10 1 186 1
132 OnTime_132 13 1 108 1
132 OnTime_132 15 1 58 1
133 OnTime_133 3 1 145 1
133 OnTime_133 4 1 215 1
133 OnTime_133 5 1 145 1
133 OnTime_133 7 1 154 1
133 OnTime_133 9 1 119 1
133 OnTime_133 10 1 161 1
133 OnTime_133 13 1 158 1
133 OnTime_133 14 1 202 1
133 OnTime_133 15 1 145 1
134 OnTime_134 3 1 178 1
134 OnTime_134 4 1 178 1
134 OnTime_134 5 1 122 1
134 OnTime_134 7 1 154 1
134 OnTime_134 9 1 122 1
134 OnTime_134 10 1 243 1
134 OnTime_134 11 1 231 1
134 OnTime_134 13 1 178 1
134 OnTime_134 14 1 73 1
134 OnTime_134 15 1 164 1
135 OnTime_135 3 1 113 1
135 OnTime_135 4 1 137 1
135 OnTime_135 5 1 109 1
135 OnTime_135 10 1 98 1
135 OnTime_135 11 1 113 1
135 OnTime_135 15 1 113 1
136 OnTime_136 3 1 97 1
136 OnTime_136 4 1 137 1
136 OnTime_136 5 1 122 1
136 OnTime_136 7 1 154 1
136 OnTime_136 9 1 97 1
136 OnTime_136 10 1 85 1
136 OnTime_136 11 1 142 1
136 OnTime_136 13 1 73 1
136 OnTime_136 14 1 73 1
137 OnTime_137 3 1 113 1
137 OnTime_137 5 1 109 1
137 OnTime_137 9 1 175 1
137 OnTime_137 11 1 113 1
137 OnTime_137 13 1 156 1
137 OnTime_137 14 1 236 1
137 OnTime_137 15 1 113 1
138 OnTime_138 3 1 127 1
138 OnTime_138 4 1 242 1
138 OnTime_138 5 1 74 1
138 OnTime_138 7 1 148 1
138 OnTime_138 9 1 48 1
138 OnTime_138 10 1 98 1
138 OnTime_138 11 1 242 1
138 OnTime_138 13 1 69 1
138 OnTime_138 14 1 73 1
138 OnTime_138 15 1 123 1
139 OnTime_139 5 1 95 1
139 OnTime_139 7 1 89 1
139 OnTime_139 9 1 138 1
139 OnTime_139 11 1 113 1
139 OnTime_139 15 1 113 1
140 OnTime_140 3 1 97 1
140 OnTime_140 4 1 178 1
140 OnTime_140 5 1 145 1
140 OnTime_140 9 1 97 1
140 OnTime_140 10 1 243 1
140 OnTime_140 11 1 2 1
140 OnTime_140 13 1 178 1
140 OnTime_140 14 1 73 1
140 OnTime_140 15 1 145 1
141 OnTime_141 4 1 137 1
141 OnTime_141 5 1 117 1
141 OnTime_141 7 1 167 1
141 OnTime_141 9 1 122 1
141 OnTime_141 10 1 161 1
141 OnTime_141 11 1 142 1
141 OnTime_141 13 1 142 1
141 OnTime_141 15 1 58 1
142 OnTime_142 3 1 170 1
142 OnTime_142 5 1 118 1
142 OnTime_142 7 1 89 1
142 OnTime_142 9 1 148 1
142 OnTime_142 13 1 144 1
142 OnTime_142 14 1 143 1
142 OnTime_142 15 1 80 1
143 OnTime_143 3 1 97 1
143 OnTime_143 4 1 110 1
143 OnTime_143 5 1 109 1
143 OnTime_143 7 1 154 1
143 OnTime_143 9 1 148 1
143 OnTime_143 11 1 48 1
143 OnTime_143 13 1 180 1
143 OnTime_143 14 1 180 1
143 OnTime_143 15 1 113 1
144 OnTime_144 3 1 153 1
144 OnTime_144 4 1 66 1
144 OnTime_144 5 1 95 1
144 OnTime_144 7 1 165 1
144 OnTime_144 9 1 122 1
144 OnTime_144 10 1 85 1
144 OnTime_144 11 1 189 1
144 OnTime_144 13 1 50 1
145 OnTime_145 3 1 153 1
145 OnTime_145 4 1 137 1
145 OnTime_145 5 1 95 1
145 OnTime_145 7 1 126 1
145 OnTime_145 11 1 113 1
145 OnTime_145 13 1 180 1
145 OnTime_145 14 1 143 1
145 OnTime_145 15 1 113 1
146 OnTime_146 3 1 228 1
146 OnTime_146 4 1 215 1
146 OnTime_146 5 1 118 1
146 OnTime_146 7 1 154 1
146 OnTime_146 11 1 100 1
146 OnTime_146 13 1 180 1
146 OnTime_146 14 1 180 1
146 OnTime_146 15 1 113 1
147 OnTime_147 3 1 153 1
147 OnTime_147 4 1 182 1
147 OnTime_147 5 1 122 1
147 OnTime_147 7 1 126 1
147 OnTime_147 9 1 122 1
147 OnTime_147 10 1 161 1
147 OnTime_147 13 1 93 1
147 OnTime_147 14 1 11 1
147 OnTime_147 15 1 123 1
148 OnTime_148 4 1 182 1
148 OnTime_148 9 1 175 1
148 OnTime_148 13 1 180 1
148 OnTime_148 14 1 180 1
148 OnTime_148 15 1 80 1
149 OnTime_149 3 1 100 1
149 OnTime_149 4 1 4 1
149 OnTime_149 5 1 58 1
149 OnTime_149 7 1 148 1
149 OnTime_149 9 1 188 1
149 OnTime_149 10 1 161 1
149 OnTime_149 11 1 184 1
149 OnTime_149 13 1 4 1
149 OnTime_149 14 1 49 1
149 OnTime_149 15 1 239 1
150 OnTime_150 3 1 145 1
150 OnTime_150 4 1 188 1
150 OnTime_150 5 1 145 1
150 OnTime_150 7 1 154 1
150 OnTime_150 9 1 97 1
150 OnTime_150 10 1 32 1
150 OnTime_150 11 1 269 1
150 OnTime_150 13 1 69 1
150 OnTime_150 14 1 240 1
150 OnTime_150 15 1 145 1
151 OnTime_151 3 1 113 1
151 OnTime_151 4 1 123 1
151 OnTime_151 5 1 118 1
151 OnTime_151 7 1 165 1
151 OnTime_151 9 1 97 1
151 OnTime_151 11 1 113 1
151 OnTime_151 13 1 158 1
151 OnTime_151 14 1 73 1
151 OnTime_151 15 1 123 1
152 OnTime_152 3 1 178 1
152 OnTime_152 4 1 178 1
152 OnTime_152 5 1 74 1
152 OnTime_152 7 1 126 1
152 OnTime_152 9 1 148 1
152 OnTime_152 10 1 173 1
152 OnTime_152 13 1 178 1
152 OnTime_152 14 1 81 1
152 OnTime_152 15 1 123 1
153 OnTime_153 4 1 110 1
153 OnTime_153 5 1 109 1
153 OnTime_153 7 1 126 1
153 OnTime_153 9 1 122 1
153 OnTime_153 10 1 184 1
153 OnTime_153 11 1 184 1
153 OnTime_153 13 1 50 1
153 OnTime_153 15 1 67 1
154 OnTime_154 3 1 153 1
154 OnTime_154 4 1 110 1
154 OnTime_154 5 1 83 1
154 OnTime_154 7 1 33 1
154 OnTime_154 9 1 97 1
154 OnTime_154 10 1 186 1
154 OnTime_154 11 1 113 1
154 OnTime_154 13 1 180 1
154 OnTime_154 14 1 202 1
154 OnTime_154 15 1 113 1
155 OnTime_155 3 1 178 1
155 OnTime_155 4 1 178 1
155 OnTime_155 5 1 196 1
155 OnTime_155 7 1 148 1
155 OnTime_155 9 1 178 1
155 OnTime_155 10 1 186 1
155 OnTime_155 11 1 113 1
155 OnTime_155 13 1 178 1
155 OnTime_155 14 1 82 1
155 OnTime_155 15 1 113 1
156 OnTime_156 3 1 145 1
156 OnTime_156 4 1 55 1
156 OnTime_156 5 1 145 1
156 OnTime_156 7 1 126 1
156 OnTime_156 9 1 188 1
156 OnTime_156 10 1 98 1
156 OnTime_156 11 1 189 1
156 OnTime_156 13 1 172 1
156 OnTime_156 14 1 232 1
156 OnTime_156 15 1 123 1
157 OnTime_157 3 1 127 1
157 OnTime_157 4 1 66 1
157 OnTime_157 5 1 118 1
157 OnTime_157 7 1 89 1
157 OnTime_157 9 1 58 1
157 OnTime_157 10 1 173 1
157 OnTime_157 11 1 65 1
157 OnTime_157 13 1 172 1
157 OnTime_157 14 1 232 1
157 OnTime_157 15 1 58 1
158 OnTime_158 3 1 113 1
158 OnTime_158 4 1 182 1
158 OnTime_158 7 1 6 1
158 OnTime_158 9 1 138 1
158 OnTime_158 11 1 113 1
158 OnTime_158 13 1 172 1
158 OnTime_158 14 1 143 1
158 OnTime_158 15 1 113 1
159 OnTime_159 4 1 123 1
159 OnTime_159 5 1 163 1
159 OnTime_159 7 1 167 1
159 OnTime_159 9 1 175 1
159 OnTime_159 10 1 45 1
159 OnTime_159 13 1 69 1
159 OnTime_159 14 1 82 1
159 OnTime_159 15 1 123 1
160 OnTime_160 3 1 178 1
160 OnTime_160 4 1 178 1
160 OnTime_160 5 1 83 1
160 OnTime_160 7 1 89 1
160 OnTime_160 9 1 178 1
160 OnTime_160 10 1 85 1
160 OnTime_160 11 1 142 1
160 OnTime_160 13 1 142 1
160 OnTime_160 15 1 239 1
161 OnTime_161 3 1 153 1
161 OnTime_161 4 1 188 1
161 OnTime_161 9 1 188 1
161 OnTime_161 10 1 186 1
161 OnTime_161 11 1 113 1
161 OnTime_161 13 1 158 1
161 OnTime_161 14 1 82 1
161 OnTime_161 15 1 113 1
162 OnTime_162 3 1 165 1
162 OnTime_162 4 1 123 1
162 OnTime_162 5 1 95 1
162 OnTime_162 7 1 154 1
162 OnTime_162 9 1 188 1
162 OnTime_162 10 1 174 1
162 OnTime_162 11 1 113 1
162 OnTime_162 13 1 142 1
162 OnTime_162 14 1 82 1
162 OnTime_162 15 1 123 1
163 OnTime_163 3 1 97 1
163 OnTime_163 4 1 112 1
163 OnTime_163 5 1 118 1
163 OnTime_163 7 1 33 1
163 OnTime_163 9 1 122 1
163 OnTime_163 10 1 173 1
163 OnTime_163 13 1 108 1
163 OnTime_163 14 1 236 1
164 OnTime_164 3 1 113 1
164 OnTime_164 4 1 185 1
164 OnTime_164 5 1 95 1
164 OnTime_164 9 1 188 1
164 OnTime_164 10 1 173 1
164 OnTime_164 11 1 113 1
164 OnTime_164 13 1 178 1
164 OnTime_164 14 1 185 1
164 OnTime_164 15 1 113 1
165 OnTime_165 3 1 127 1
165 OnTime_165 4 1 185 1
165 OnTime_165 5 1 74 1
165 OnTime_165 7 1 148 1
165 OnTime_165 9 1 97 1
165 OnTime_165 10 1 98 1
165 OnTime_165 11 1 184 1
165 OnTime_165 13 1 142 1
165 OnTime_165 14 1 185 1
165 OnTime_165 15 1 123 1
166 OnTime_166 3 1 145 1
166 OnTime_166 4 1 215 1
166 OnTime_166 5 1 145 1
166 OnTime_166 7 1 148 1
166 OnTime_166 9 1 138 1
166 OnTime_166 10 1 174 1
166 OnTime_166 14 1 202 1
166 OnTime_166 15 1 162 1
167 OnTime_167 3 1 170 1
167 OnTime_167 4 1 110 1
167 OnTime_167 5 1 145 1
167 OnTime_167 7 1 89 1
167 OnTime_167 9 1 148 1
167 OnTime_167 10 1 85 1
167 OnTime_167 11 1 184 1
167 OnTime_167 13 1 142 1
167 OnTime_167 15 1 164 1
168 OnTime_168 3 1 153 1
168 OnTime_168 4 1 55 1
168 OnTime_168 5 1 74 1
168 OnTime_168 7 1 167 1
168 OnTime_168 9 1 178 1
168 OnTime_168 10 1 65 1
168 OnTime_168 11 1 100 1
168 OnTime_168 13 1 178 1
168 OnTime_168 14 1 180 1
168 OnTime_168 15 1 203 1
169 OnTime_169 3 1 127 1
169 OnTime_169 4 1 185 1
169 OnTime_169 5 1 118 1
169 OnTime_169 7 1 126 1
169 OnTime_169 10 1 221 1
169 OnTime_169 11 1 184 1
169 OnTime_169 13 1 73 1
169 OnTime_169 14 1 73 1
170 OnTime_170 3 1 97 1
170 OnTime_170 4 1 188 1
170 OnTime_170 5 1 117 1
170 OnTime_170 9 1 97 1
170 OnTime_170 10 1 65 1
170 OnTime_170 11 1 65 1
170 OnTime_170 14 1 232 1
170 OnTime_170 15 1 58 1
171 OnTime_171 3 1 113 1
171 OnTime_171 4 1 11 1
171 OnTime_171 5 1 118 1
171 OnTime_171 7 1 218 1
171 OnTime_171 9 1 138 1
171 OnTime_171 10 1 243 1
171 OnTime_171 11 1 113 1
171 OnTime_171 13 1 69 1
171 OnTime_171 14 1 11 1
171 OnTime_171 15 1 113 1
172 OnTime_172 3 1 153 1
172 OnTime_172 5 1 118 1
172 OnTime_172 15 1 191 1
173 OnTime_173 3 1 57 1
173 OnTime_173 5 1 109 1
173 OnTime_173 9 1 119 1
173 OnTime_173 10 1 65 1
173 OnTime_173 11 1 65 1
173 OnTime_173 13 1 156 1
173 OnTime_173 14 1 180 1
174 OnTime_174 3 1 97 1
174 OnTime_174 4 1 242 1
174 OnTime_174 5 1 95 1
174 OnTime_174 7 1 154 1
174 OnTime_174 9 1 97 1
174 OnTime_174 11 1 100 1
174 OnTime_174 13 1 142 1
174 OnTime_174 14 1 73 1
175 OnTime_175 3 1 153 1
175 OnTime_175 7 1 148 1
175 OnTime_175 9 1 97 1
175 OnTime_175 10 1 186 1
175 OnTime_175 11 1 100 1
175 OnTime_175 14 1 143 1
175 OnTime_175 15 1 191 1
176 OnTime_176 3 1 170 1
176 OnTime_176 4 1 66 1
176 OnTime_176 5 1 95 1
176 OnTime_176 13 1 73 1
176 OnTime_176 14 1 73 1
176 OnTime_176 15 1 203 1
177 OnTime_177 3 1 97 1
177 OnTime_177 4 1 110 1
177 OnTime_177 5 1 117 1
177 OnTime_177 7 1 165 1
177 OnTime_177 9 1 97 1
177 OnTime_177 10 1 174 1
177 OnTime_177 11 1 184 1
177 OnTime_177 13 1 73 1
177 OnTime_177 14 1 73 1
177 OnTime_177 15 1 113 1
178 OnTime_178 4 1 188 1
178 OnTime_178 5 1 118 1
178 OnTime_178 7 1 154 1
178 OnTime_178 9 1 188 1
178 OnTime_178 10 1 218 1
178 OnTime_178 11 1 242 1
178 OnTime_178 13 1 50 1
178 OnTime_178 14 1 185 1
178 OnTime_178 15 1 162 1
179 OnTime_179 3 1 127 1
179 OnTime_179 4 1 137 1
179 OnTime_179 7 1 165 1
179 OnTime_179 10 1 98 1
179 OnTime_179 13 1 180 1
179 OnTime_179 14 1 180 1
179 OnTime_179 15 1 239 1
180 OnTime_180 3 1 100 1
180 OnTime_180 4 1 215 1
180 OnTime_180 5 1 117 1
180 OnTime_180 7 1 165 1
180 OnTime_180 9 1 97 1
180 OnTime_180 10 1 186 1
180 OnTime_180 11 1 100 1
180 OnTime_180 13 1 144 1
180 OnTime_180 14 1 15 1
180 OnTime_180 15 1 123 1
181 OnTime_181 5 1 163 1
181 OnTime_181 9 1 122 1
181 OnTime_181 10 1 98 1
181 OnTime_181 13 1 180 1
181 OnTime_181 14 1 180 1
181 OnTime_181 15 1 78 1
182 OnTime_182 3 1 97 1
182 OnTime_182 5 1 122 1
182 OnTime_182 7 1 190 1
182 OnTime_182 9 1 138 1
182 OnTime_182 10 1 174 1
182 OnTime_182 13 1 156 1
183 OnTime_183 3 1 145 1
183 OnTime_183 4 1 110 1
183 OnTime_183 5 1 163 1
183 OnTime_183 7 1 218 1
183 OnTime_183 9 1 119 1
183 OnTime_183 10 1 218 1
183 OnTime_183 11 1 113 1
183 OnTime_183 13 1 180 1
183 OnTime_183 14 1 180 1
183 OnTime_183 15 1 113 1
184 OnTime_184 3 1 170 1
184 OnTime_184 4 1 137 1
184 OnTime_184 5 1 118 1
184 OnTime_184 9 1 119 1
184 OnTime_184 11 1 189 1
184 OnTime_184 14 1 240 1
185 OnTime_185 3 1 165 1
185 OnTime_185 4 1 188 1
185 OnTime_185 5 1 145 1
185 OnTime_185 7 1 126 1
185 OnTime_185 9 1 58 1
185 OnTime_185 10 1 85 1
185 OnTime_185 11 1 6 1
185 OnTime_185 13 1 156 1
185 OnTime_185 15 1 58 1
186 OnTime_186 3 1 170 1
186 OnTime_186 4 1 110 1
186 OnTime_186 5 1 163 1
186 OnTime_186 7 1 148 1
186 OnTime_186 9 1 138 1
186 OnTime_186 13 1 108 1
186 OnTime_186 14 1 180 1
186 OnTime_186 15 1 38 1
187 OnTime_187 3 1 165 1
187 OnTime_187 4 1 178 1
187 OnTime_187 5 1 118 1
187 OnTime_187 7 1 165 1
187 OnTime_187 9 1 148 1
187 OnTime_187 11 1 189 1
187 OnTime_187 13 1 178 1
187 OnTime_187 15 1 203 1
188 OnTime_188 3 1 153 1
188 OnTime_188 4 1 112 1
188 OnTime_188 5 1 95 1
188 OnTime_188 7 1 89 1
188 OnTime_188 10 1 186 1
188 OnTime_188 15 1 164 1
189 OnTime_189 3 1 145 1
189 OnTime_189 4 1 66 1
189 OnTime_189 5 1 145 1
189 OnTime_189 7 1 154 1
189 OnTime_189 9 1 138 1
189 OnTime_189 10 1 65 1
189 OnTime_189 11 1 87 1
189 OnTime_189 14 1 87 1
189 OnTime_189 15 1 239 1
190 OnTime_190 3 1 165 1
190 OnTime_190 4 1 185 1
190 OnTime_190 5 1 117 1
190 OnTime_190 7 1 165 1
190 OnTime_190 9 1 148 1
190 OnTime_190 10 1 85 1
190 OnTime_190 11 1 87 1
190 OnTime_190 13 1 158 1
190 OnTime_190 14 1 185 1
190 OnTime_190 15 1 113 1
191 OnTime_191 3 1 127 1
191 OnTime_191 4 1 123 1
191 OnTime_191 9 1 175 1
191 OnTime_191 10 1 32 1
191 OnTime_191 11 1 87 1
191 OnTime_191 13 1 158 1
191 OnTime_191 14 1 87 1
191 OnTime_191 15 1 80 1
192 OnTime_192 3 1 170 1
192 OnTime_192 4 1 66 1
192 OnTime_192 5 1 163 1
192 OnTime_192 7 1 190 1
192 OnTime_192 9 1 122 1
192 OnTime_192 11 1 65 1
192 OnTime_192 13 1 93 1
192 OnTime_192 14 1 81 1
192 OnTime_192 15 1 67 1
193 OnTime_193 3 1 127 1
193 OnTime_193 4 1 123 1
193 OnTime_193 5 1 109 1
193 OnTime_193 7 1 218 1
193 OnTime_193 9 1 56 1
193 OnTime_193 10 1 218 1
193 OnTime_193 11 1 113 1
193 OnTime_193 13 1 144 1
193 OnTime_193 14 1 15 1
193 OnTime_193 15 1 123 1
194 OnTime_194 5 1 270 1
194 OnTime_194 7 1 47 1
194 OnTime_194 9 1 122 1
194 OnTime_194 10 1 256 1
194 OnTime_194 11 1 113 1
194 OnTime_194 13 1 180 1
194 OnTime_194 14 1 82 1
194 OnTime_194 15 1 162 1
195 OnTime_195 3 1 113 1
195 OnTime_195 4 1 137 1
195 OnTime_195 5 1 109 1
195 OnTime_195 7 1 154 1
195 OnTime_195 9 1 138 1
195 OnTime_195 10 1 85 1
195 OnTime_195 11 1 113 1
195 OnTime_195 13 1 180 1
195 OnTime_195 14 1 180 1
195 OnTime_195 15 1 38 1
196 OnTime_196 3 1 127 1
196 OnTime_196 4 1 66 1
196 OnTime_196 5 1 122 1
196 OnTime_196 7 1 252 1
196 OnTime_196 9 1 122 1
196 OnTime_196 10 1 17 1
196 OnTime_196 13 1 50 1
196 OnTime_196 14 1 232 1
197 OnTime_197 3 1 97 1
197 OnTime_197 4 1 237 1
197 OnTime_197 7 1 218 1
197 OnTime_197 9 1 97 1
197 OnTime_197 10 1 85 1
197 OnTime_197 11 1 269 1
197 OnTime_197 14 1 185 1
198 OnTime_198 3 1 170 1
198 OnTime_198 4 1 185 1
198 OnTime_198 5 1 118 1
198 OnTime_198 7 1 234 1
198 OnTime_198 9 1 175 1
198 OnTime_198 10 1 32 1
198 OnTime_198 11 1 113 1
198 OnTime_198 13 1 142 1
198 OnTime_198 14 1 185 1
198 OnTime_198 15 1 113 1
199 OnTime_199 3 1 100 1
199 OnTime_199 5 1 117 1
199 OnTime_199 7 1 126 1
199 OnTime_199 9 1 122 1
199 OnTime_199 10 1 161 1
199 OnTime_199 11 1 100 1
199 OnTime_199 13 1 144 1
199 OnTime_199 15 1 145 1
200 OnTime_200 3 1 113 1
200 OnTime_200 4 1 123 1
200 OnTime_200 5 1 270 1
200 OnTime_200 10 1 186 1
200 OnTime_200 11 1 184 1
200 OnTime_200 13 1 142 1
200 OnTime_200 14 1 143 1
200 OnTime_200 15 1 123 1
