1 OnTime_1 1 1 676 1
1 OnTime_1 2 1 653 1
1 OnTime_1 6 1 593 1
1 OnTime_1 8 1 314 1
1 OnTime_1 9 1 550 1
1 OnTime_1 10 1 676 1
1 OnTime_1 11 1 269 1
1 OnTime_1 12 1 676 1
1 OnTime_1 13 1 98 1
1 OnTime_1 16 1 719 1
2 OnTime_2 1 1 373 1
2 OnTime_2 2 1 319 1
2 OnTime_2 6 1 512 1
2 OnTime_2 8 1 757 1
2 OnTime_2 9 1 127 1
2 OnTime_2 10 1 564 1
2 OnTime_2 11 1 553 1
2 OnTime_2 12 1 282 1
2 OnTime_2 16 1 595 1
3 OnTime_3 1 1 670 1
3 OnTime_3 2 1 429 1
3 OnTime_3 6 1 161 1
3 OnTime_3 8 1 727 1
3 OnTime_3 10 1 433 1
3 OnTime_3 11 1 348 1
3 OnTime_3 12 1 514 1
3 OnTime_3 16 1 580 1
4 OnTime_4 1 1 628 1
4 OnTime_4 2 1 172 1
4 OnTime_4 6 1 673 1
4 OnTime_4 8 1 203 1
4 OnTime_4 9 1 673 1
4 OnTime_4 10 1 433 1
4 OnTime_4 12 1 321 1
4 OnTime_4 13 1 325 1
4 OnTime_4 16 1 386 1
5 OnTime_5 1 1 456 1
5 OnTime_5 2 1 238 1
5 OnTime_5 6 1 443 1
5 OnTime_5 8 1 272 1
5 OnTime_5 9 1 511 1
5 OnTime_5 11 1 438 1
5 OnTime_5 13 1 139 1
5 OnTime_5 16 1 571 1
6 OnTime_6 1 1 612 1
6 OnTime_6 2 1 158 1
6 OnTime_6 6 1 196 1
6 OnTime_6 8 1 621 1
6 OnTime_6 10 1 564 1
6 OnTime_6 11 1 269 1
6 OnTime_6 12 1 465 1
6 OnTime_6 13 1 454 1
6 OnTime_6 16 1 408 1
7 OnTime_7 1 1 889 1
7 OnTime_7 2 1 369 1
7 OnTime_7 6 1 304 1
7 OnTime_7 8 1 757 1
7 OnTime_7 9 1 394 1
7 OnTime_7 10 1 165 1
7 OnTime_7 11 1 438 1
7 OnTime_7 12 1 402 1
7 OnTime_7 13 1 241 1
7 OnTime_7 16 1 580 1
8 OnTime_8 1 1 676 1
8 OnTime_8 2 1 201 1
8 OnTime_8 6 1 427 1
8 OnTime_8 8 1 463 1
8 OnTime_8 9 1 357 1
8 OnTime_8 10 1 408 1
8 OnTime_8 11 1 466 1
8 OnTime_8 12 1 514 1
8 OnTime_8 13 1 396 1
8 OnTime_8 16 1 408 1
9 OnTime_9 1 1 499 1
9 OnTime_9 2 1 771 1
9 OnTime_9 6 1 197 1
9 OnTime_9 8 1 499 1
9 OnTime_9 9 1 757 1
9 OnTime_9 10 1 90 1
9 OnTime_9 11 1 493 1
9 OnTime_9 12 1 108 1
9 OnTime_9 16 1 391 1
10 OnTime_10 1 1 800 1
10 OnTime_10 2 1 305 1
10 OnTime_10 6 1 719 1
10 OnTime_10 8 1 244 1
10 OnTime_10 9 1 633 1
10 OnTime_10 10 1 455 1
10 OnTime_10 12 1 434 1
10 OnTime_10 13 1 396 1
10 OnTime_10 16 1 719 1
11 OnTime_11 1 1 639 1
11 OnTime_11 2 1 331 1
11 OnTime_11 6 1 409 1
11 OnTime_11 8 1 561 1
11 OnTime_11 9 1 357 1
11 OnTime_11 10 1 357 1
11 OnTime_11 12 1 465 1
11 OnTime_11 13 1 587 1
11 OnTime_11 16 1 265 1
12 OnTime_12 1 1 639 1
12 OnTime_12 2 1 407 1
12 OnTime_12 6 1 333 1
12 OnTime_12 8 1 359 1
12 OnTime_12 10 1 165 1
12 OnTime_12 11 1 269 1
12 OnTime_12 12 1 350 1
12 OnTime_12 13 1 454 1
12 OnTime_12 16 1 279 1
13 OnTime_13 1 1 381 1
13 OnTime_13 2 1 404 1
13 OnTime_13 6 1 443 1
13 OnTime_13 8 1 517 1
13 OnTime_13 9 1 550 1
13 OnTime_13 10 1 665 1
13 OnTime_13 11 1 540 1
13 OnTime_13 12 1 321 1
13 OnTime_13 13 1 487 1
13 OnTime_13 16 1 453 1
14 OnTime_14 1 1 381 1
14 OnTime_14 2 1 195 1
14 OnTime_14 6 1 534 1
14 OnTime_14 9 1 559 1
14 OnTime_14 10 1 392 1
14 OnTime_14 11 1 553 1
14 OnTime_14 12 1 434 1
14 OnTime_14 13 1 630 1
15 OnTime_15 1 1 579 1
15 OnTime_15 2 1 771 1
15 OnTime_15 6 1 443 1
15 OnTime_15 8 1 202 1
15 OnTime_15 9 1 256 1
15 OnTime_15 10 1 388 1
15 OnTime_15 11 1 466 1
15 OnTime_15 12 1 494 1
15 OnTime_15 13 1 616 1
15 OnTime_15 16 1 442 1
16 OnTime_16 1 1 575 1
16 OnTime_16 2 1 454 1
16 OnTime_16 6 1 229 1
16 OnTime_16 8 1 572 1
16 OnTime_16 9 1 229 1
16 OnTime_16 10 1 388 1
16 OnTime_16 11 1 355 1
16 OnTime_16 12 1 493 1
16 OnTime_16 13 1 454 1
16 OnTime_16 16 1 374 1
17 OnTime_17 1 1 329 1
17 OnTime_17 2 1 653 1
17 OnTime_17 6 1 225 1
17 OnTime_17 8 1 450 1
17 OnTime_17 9 1 450 1
17 OnTime_17 10 1 90 1
17 OnTime_17 11 1 705 1
17 OnTime_17 12 1 246 1
17 OnTime_17 13 1 232 1
17 OnTime_17 16 1 555 1
18 OnTime_18 1 1 456 1
18 OnTime_18 2 1 588 1
18 OnTime_18 6 1 459 1
18 OnTime_18 8 1 802 1
18 OnTime_18 9 1 169 1
18 OnTime_18 10 1 455 1
18 OnTime_18 11 1 553 1
18 OnTime_18 12 1 452 1
18 OnTime_18 13 1 584 1
18 OnTime_18 16 1 525 1
19 OnTime_19 1 1 381 1
19 OnTime_19 2 1 771 1
19 OnTime_19 6 1 443 1
19 OnTime_19 9 1 210 1
19 OnTime_19 11 1 553 1
19 OnTime_19 12 1 116 1
19 OnTime_19 13 1 695 1
19 OnTime_19 16 1 595 1
20 OnTime_20 1 1 373 1
20 OnTime_20 2 1 319 1
20 OnTime_20 6 1 393 1
20 OnTime_20 8 1 572 1
20 OnTime_20 9 1 393 1
20 OnTime_20 10 1 433 1
20 OnTime_20 12 1 434 1
20 OnTime_20 13 1 454 1
20 OnTime_20 16 1 719 1
21 OnTime_21 1 1 202 1
21 OnTime_21 2 1 322 1
21 OnTime_21 6 1 609 1
21 OnTime_21 8 1 244 1
21 OnTime_21 9 1 511 1
21 OnTime_21 10 1 357 1
21 OnTime_21 11 1 438 1
21 OnTime_21 12 1 244 1
21 OnTime_21 16 1 597 1
22 OnTime_22 1 1 612 1
22 OnTime_22 2 1 339 1
22 OnTime_22 6 1 681 1
22 OnTime_22 8 1 307 1
22 OnTime_22 9 1 466 1
22 OnTime_22 10 1 408 1
22 OnTime_22 11 1 466 1
22 OnTime_22 12 1 541 1
22 OnTime_22 13 1 325 1
22 OnTime_22 16 1 278 1
23 OnTime_23 1 1 612 1
23 OnTime_23 2 1 272 1
23 OnTime_23 6 1 596 1
23 OnTime_23 8 1 398 1
23 OnTime_23 9 1 245 1
23 OnTime_23 11 1 502 1
23 OnTime_23 12 1 321 1
23 OnTime_23 13 1 367 1
23 OnTime_23 16 1 453 1
24 OnTime_24 1 1 579 1
24 OnTime_24 2 1 481 1
24 OnTime_24 6 1 427 1
24 OnTime_24 8 1 462 1
24 OnTime_24 9 1 189 1
24 OnTime_24 10 1 619 1
24 OnTime_24 11 1 419 1
24 OnTime_24 12 1 494 1
24 OnTime_24 13 1 489 1
24 OnTime_24 16 1 580 1
25 OnTime_25 1 1 628 1
25 OnTime_25 2 1 454 1
25 OnTime_25 6 1 257 1
25 OnTime_25 8 1 450 1
25 OnTime_25 9 1 163 1
25 OnTime_25 10 1 632 1
25 OnTime_25 11 1 436 1
25 OnTime_25 12 1 316 1
25 OnTime_25 13 1 454 1
25 OnTime_25 16 1 401 1
26 OnTime_26 1 1 711 1
26 OnTime_26 2 1 767 1
26 OnTime_26 6 1 586 1
26 OnTime_26 8 1 202 1
26 OnTime_26 9 1 559 1
26 OnTime_26 11 1 348 1
26 OnTime_26 12 1 282 1
26 OnTime_26 13 1 695 1
26 OnTime_26 16 1 191 1
27 OnTime_27 1 1 202 1
27 OnTime_27 2 1 454 1
27 OnTime_27 6 1 303 1
27 OnTime_27 8 1 885 1
27 OnTime_27 10 1 676 1
27 OnTime_27 11 1 436 1
27 OnTime_27 12 1 885 1
27 OnTime_27 13 1 454 1
27 OnTime_27 16 1 378 1
28 OnTime_28 1 1 575 1
28 OnTime_28 2 1 406 1
28 OnTime_28 6 1 459 1
28 OnTime_28 8 1 406 1
28 OnTime_28 9 1 422 1
28 OnTime_28 10 1 433 1
28 OnTime_28 11 1 320 1
28 OnTime_28 12 1 616 1
28 OnTime_28 13 1 616 1
28 OnTime_28 16 1 396 1
29 OnTime_29 1 1 750 1
29 OnTime_29 2 1 406 1
29 OnTime_29 6 1 257 1
29 OnTime_29 8 1 406 1
29 OnTime_29 9 1 425 1
29 OnTime_29 10 1 423 1
29 OnTime_29 11 1 436 1
29 OnTime_29 12 1 622 1
29 OnTime_29 16 1 476 1
30 OnTime_30 1 1 579 1
30 OnTime_30 2 1 748 1
30 OnTime_30 8 1 499 1
30 OnTime_30 9 1 209 1
30 OnTime_30 10 1 208 1
30 OnTime_30 11 1 251 1
30 OnTime_30 12 1 499 1
30 OnTime_30 13 1 367 1
30 OnTime_30 16 1 696 1
31 OnTime_31 1 1 745 1
31 OnTime_31 2 1 407 1
31 OnTime_31 6 1 778 1
31 OnTime_31 8 1 398 1
31 OnTime_31 9 1 550 1
31 OnTime_31 11 1 156 1
31 OnTime_31 12 1 624 1
31 OnTime_31 13 1 556 1
31 OnTime_31 16 1 590 1
32 OnTime_32 1 1 398 1
32 OnTime_32 2 1 407 1
32 OnTime_32 6 1 586 1
32 OnTime_32 8 1 450 1
32 OnTime_32 9 1 450 1
32 OnTime_32 10 1 408 1
32 OnTime_32 12 1 398 1
32 OnTime_32 13 1 611 1
32 OnTime_32 16 1 717 1
33 OnTime_33 1 1 373 1
33 OnTime_33 2 1 339 1
33 OnTime_33 6 1 459 1
33 OnTime_33 8 1 314 1
33 OnTime_33 9 1 550 1
33 OnTime_33 10 1 591 1
33 OnTime_33 11 1 361 1
33 OnTime_33 12 1 350 1
33 OnTime_33 13 1 823 1
33 OnTime_33 16 1 677 1
34 OnTime_34 1 1 200 1
34 OnTime_34 6 1 123 1
34 OnTime_34 8 1 314 1
34 OnTime_34 10 1 701 1
34 OnTime_34 11 1 553 1
34 OnTime_34 12 1 350 1
34 OnTime_34 13 1 367 1
34 OnTime_34 16 1 696 1
35 OnTime_35 1 1 612 1
35 OnTime_35 2 1 513 1
35 OnTime_35 6 1 593 1
35 OnTime_35 8 1 704 1
35 OnTime_35 9 1 511 1
35 OnTime_35 10 1 365 1
35 OnTime_35 11 1 353 1
35 OnTime_35 12 1 499 1
35 OnTime_35 13 1 367 1
35 OnTime_35 16 1 378 1
36 OnTime_36 1 1 639 1
36 OnTime_36 2 1 319 1
36 OnTime_36 6 1 395 1
36 OnTime_36 8 1 250 1
36 OnTime_36 10 1 118 1
36 OnTime_36 11 1 436 1
36 OnTime_36 12 1 419 1
36 OnTime_36 16 1 580 1
37 OnTime_37 1 1 200 1
37 OnTime_37 2 1 195 1
37 OnTime_37 6 1 380 1
37 OnTime_37 8 1 417 1
37 OnTime_37 9 1 355 1
37 OnTime_37 10 1 455 1
37 OnTime_37 11 1 348 1
37 OnTime_37 12 1 754 1
37 OnTime_37 13 1 396 1
37 OnTime_37 16 1 637 1
38 OnTime_38 2 1 305 1
38 OnTime_38 6 1 393 1
38 OnTime_38 8 1 410 1
38 OnTime_38 9 1 744 1
38 OnTime_38 10 1 388 1
38 OnTime_38 11 1 355 1
38 OnTime_38 12 1 465 1
38 OnTime_38 13 1 685 1
38 OnTime_38 16 1 662 1
39 OnTime_39 1 1 456 1
39 OnTime_39 2 1 588 1
39 OnTime_39 6 1 443 1
39 OnTime_39 8 1 565 1
39 OnTime_39 9 1 256 1
39 OnTime_39 10 1 285 1
39 OnTime_39 11 1 466 1
39 OnTime_39 13 1 751 1
39 OnTime_39 16 1 571 1
40 OnTime_40 1 1 628 1
40 OnTime_40 2 1 369 1
40 OnTime_40 6 1 496 1
40 OnTime_40 8 1 410 1
40 OnTime_40 9 1 757 1
40 OnTime_40 10 1 433 1
40 OnTime_40 11 1 438 1
40 OnTime_40 13 1 241 1
40 OnTime_40 16 1 451 1
41 OnTime_41 1 1 223 1
41 OnTime_41 2 1 339 1
41 OnTime_41 6 1 596 1
41 OnTime_41 8 1 450 1
41 OnTime_41 9 1 355 1
41 OnTime_41 10 1 650 1
41 OnTime_41 11 1 355 1
41 OnTime_41 12 1 402 1
41 OnTime_41 13 1 302 1
41 OnTime_41 16 1 451 1
42 OnTime_42 1 1 639 1
42 OnTime_42 2 1 305 1
42 OnTime_42 6 1 409 1
42 OnTime_42 8 1 555 1
42 OnTime_42 9 1 357 1
42 OnTime_42 10 1 304 1
42 OnTime_42 11 1 348 1
42 OnTime_42 12 1 452 1
42 OnTime_42 13 1 487 1
42 OnTime_42 16 1 372 1
43 OnTime_43 1 1 628 1
43 OnTime_43 2 1 331 1
43 OnTime_43 6 1 304 1
43 OnTime_43 8 1 417 1
43 OnTime_43 9 1 628 1
43 OnTime_43 10 1 234 1
43 OnTime_43 11 1 540 1
43 OnTime_43 12 1 479 1
43 OnTime_43 13 1 556 1
43 OnTime_43 16 1 505 1
44 OnTime_44 1 1 180 1
44 OnTime_44 2 1 406 1
44 OnTime_44 6 1 480 1
44 OnTime_44 8 1 490 1
44 OnTime_44 9 1 264 1
44 OnTime_44 10 1 433 1
44 OnTime_44 11 1 449 1
44 OnTime_44 12 1 700 1
44 OnTime_44 13 1 568 1
44 OnTime_44 16 1 391 1
45 OnTime_45 1 1 381 1
45 OnTime_45 2 1 748 1
45 OnTime_45 8 1 398 1
45 OnTime_45 9 1 422 1
45 OnTime_45 10 1 357 1
45 OnTime_45 11 1 361 1
45 OnTime_45 12 1 479 1
45 OnTime_45 13 1 275 1
45 OnTime_45 16 1 378 1
46 OnTime_46 1 1 579 1
46 OnTime_46 2 1 223 1
46 OnTime_46 8 1 450 1
46 OnTime_46 9 1 450 1
46 OnTime_46 10 1 388 1
46 OnTime_46 12 1 499 1
46 OnTime_46 13 1 396 1
46 OnTime_46 16 1 401 1
47 OnTime_47 1 1 750 1
47 OnTime_47 2 1 339 1
47 OnTime_47 6 1 593 1
47 OnTime_47 8 1 561 1
47 OnTime_47 9 1 559 1
47 OnTime_47 10 1 467 1
47 OnTime_47 11 1 750 1
47 OnTime_47 12 1 662 1
47 OnTime_47 13 1 325 1
47 OnTime_47 16 1 688 1
48 OnTime_48 2 1 201 1
48 OnTime_48 6 1 534 1
48 OnTime_48 8 1 417 1
48 OnTime_48 9 1 559 1
48 OnTime_48 10 1 564 1
48 OnTime_48 11 1 605 1
48 OnTime_48 12 1 622 1
48 OnTime_48 16 1 279 1
49 OnTime_49 1 1 816 1
49 OnTime_49 2 1 749 1
49 OnTime_49 6 1 754 1
49 OnTime_49 8 1 602 1
49 OnTime_49 9 1 210 1
49 OnTime_49 10 1 408 1
49 OnTime_49 11 1 750 1
49 OnTime_49 12 1 658 1
49 OnTime_49 13 1 556 1
49 OnTime_49 16 1 268 1
50 OnTime_50 2 1 305 1
50 OnTime_50 6 1 654 1
50 OnTime_50 8 1 700 1
50 OnTime_50 9 1 264 1
50 OnTime_50 10 1 300 1
50 OnTime_50 11 1 890 1
50 OnTime_50 12 1 244 1
50 OnTime_50 13 1 489 1
50 OnTime_50 16 1 372 1
51 OnTime_51 1 1 612 1
51 OnTime_51 2 1 369 1
51 OnTime_51 6 1 333 1
51 OnTime_51 8 1 417 1
51 OnTime_51 9 1 542 1
51 OnTime_51 10 1 632 1
51 OnTime_51 11 1 348 1
51 OnTime_51 13 1 367 1
51 OnTime_51 16 1 372 1
52 OnTime_52 1 1 160 1
52 OnTime_52 2 1 513 1
52 OnTime_52 6 1 586 1
52 OnTime_52 8 1 233 1
52 OnTime_52 9 1 245 1
52 OnTime_52 10 1 357 1
52 OnTime_52 11 1 513 1
52 OnTime_52 12 1 676 1
52 OnTime_52 16 1 595 1
53 OnTime_53 1 1 202 1
53 OnTime_53 2 1 407 1
53 OnTime_53 8 1 364 1
53 OnTime_53 9 1 355 1
53 OnTime_53 10 1 342 1
53 OnTime_53 11 1 466 1
53 OnTime_53 12 1 316 1
53 OnTime_53 16 1 580 1
54 OnTime_54 2 1 305 1
54 OnTime_54 6 1 534 1
54 OnTime_54 8 1 572 1
54 OnTime_54 10 1 224 1
54 OnTime_54 11 1 892 1
54 OnTime_54 12 1 316 1
54 OnTime_54 13 1 695 1
54 OnTime_54 16 1 268 1
55 OnTime_55 2 1 319 1
55 OnTime_55 6 1 586 1
55 OnTime_55 8 1 314 1
55 OnTime_55 9 1 559 1
55 OnTime_55 10 1 148 1
55 OnTime_55 11 1 188 1
55 OnTime_55 13 1 556 1
55 OnTime_55 16 1 595 1
56 OnTime_56 1 1 200 1
56 OnTime_56 2 1 454 1
56 OnTime_56 6 1 443 1
56 OnTime_56 9 1 537 1
56 OnTime_56 10 1 408 1
56 OnTime_56 11 1 449 1
56 OnTime_56 12 1 629 1
56 OnTime_56 13 1 454 1
56 OnTime_56 16 1 374 1
57 OnTime_57 1 1 612 1
57 OnTime_57 2 1 653 1
57 OnTime_57 6 1 395 1
57 OnTime_57 8 1 406 1
57 OnTime_57 9 1 656 1
57 OnTime_57 10 1 588 1
57 OnTime_57 11 1 438 1
57 OnTime_57 12 1 624 1
57 OnTime_57 13 1 275 1
57 OnTime_57 16 1 610 1
58 OnTime_58 1 1 381 1
58 OnTime_58 2 1 404 1
58 OnTime_58 6 1 161 1
58 OnTime_58 9 1 245 1
58 OnTime_58 10 1 772 1
58 OnTime_58 11 1 254 1
58 OnTime_58 12 1 616 1
58 OnTime_58 13 1 367 1
58 OnTime_58 16 1 386 1
59 OnTime_59 1 1 732 1
59 OnTime_59 2 1 608 1
59 OnTime_59 6 1 443 1
59 OnTime_59 9 1 357 1
59 OnTime_59 10 1 433 1
59 OnTime_59 11 1 419 1
59 OnTime_59 12 1 402 1
59 OnTime_59 13 1 367 1
59 OnTime_59 16 1 278 1
60 OnTime_60 2 1 322 1
60 OnTime_60 6 1 393 1
60 OnTime_60 8 1 307 1
60 OnTime_60 9 1 450 1
60 OnTime_60 10 1 365 1
60 OnTime_60 11 1 348 1
60 OnTime_60 12 1 419 1
60 OnTime_60 13 1 147 1
60 OnTime_60 16 1 555 1
61 OnTime_61 2 1 158 1
61 OnTime_61 6 1 257 1
61 OnTime_61 9 1 550 1
61 OnTime_61 10 1 423 1
61 OnTime_61 11 1 553 1
61 OnTime_61 12 1 445 1
61 OnTime_61 13 1 292 1
61 OnTime_61 16 1 580 1
62 OnTime_62 6 1 463 1
62 OnTime_62 8 1 572 1
62 OnTime_62 12 1 452 1
62 OnTime_62 13 1 367 1
62 OnTime_62 16 1 595 1
63 OnTime_63 1 1 750 1
63 OnTime_63 2 1 505 1
63 OnTime_63 6 1 534 1
63 OnTime_63 8 1 683 1
63 OnTime_63 9 1 757 1
63 OnTime_63 10 1 408 1
63 OnTime_63 11 1 361 1
63 OnTime_63 12 1 465 1
63 OnTime_63 13 1 556 1
63 OnTime_63 16 1 260 1
64 OnTime_64 1 1 172 1
64 OnTime_64 2 1 172 1
64 OnTime_64 6 1 248 1
64 OnTime_64 8 1 203 1
64 OnTime_64 9 1 422 1
64 OnTime_64 10 1 172 1
64 OnTime_64 11 1 540 1
64 OnTime_64 12 1 379 1
64 OnTime_64 13 1 630 1
64 OnTime_64 16 1 374 1
65 OnTime_65 1 1 676 1
65 OnTime_65 2 1 429 1
65 OnTime_65 6 1 534 1
65 OnTime_65 8 1 555 1
65 OnTime_65 9 1 393 1
65 OnTime_65 10 1 676 1
65 OnTime_65 12 1 268 1
65 OnTime_65 16 1 590 1
66 OnTime_66 2 1 481 1
66 OnTime_66 6 1 221 1
66 OnTime_66 8 1 233 1
66 OnTime_66 9 1 425 1
66 OnTime_66 10 1 342 1
66 OnTime_66 11 1 221 1
66 OnTime_66 12 1 452 1
66 OnTime_66 16 1 265 1
67 OnTime_67 1 1 575 1
67 OnTime_67 2 1 405 1
67 OnTime_67 6 1 480 1
67 OnTime_67 8 1 727 1
67 OnTime_67 9 1 422 1
67 OnTime_67 10 1 234 1
67 OnTime_67 11 1 605 1
67 OnTime_67 12 1 616 1
67 OnTime_67 13 1 454 1
67 OnTime_67 16 1 378 1
68 OnTime_68 1 1 575 1
68 OnTime_68 2 1 624 1
68 OnTime_68 6 1 777 1
68 OnTime_68 8 1 450 1
68 OnTime_68 9 1 450 1
68 OnTime_68 11 1 449 1
68 OnTime_68 12 1 624 1
68 OnTime_68 13 1 454 1
68 OnTime_68 16 1 595 1
69 OnTime_69 1 1 889 1
69 OnTime_69 2 1 748 1
69 OnTime_69 6 1 889 1
69 OnTime_69 9 1 264 1
69 OnTime_69 10 1 665 1
69 OnTime_69 11 1 750 1
69 OnTime_69 12 1 452 1
69 OnTime_69 13 1 367 1
69 OnTime_69 16 1 571 1
70 OnTime_70 1 1 575 1
70 OnTime_70 2 1 404 1
70 OnTime_70 6 1 185 1
70 OnTime_70 8 1 463 1
70 OnTime_70 9 1 425 1
70 OnTime_70 11 1 449 1
70 OnTime_70 12 1 622 1
70 OnTime_70 13 1 795 1
70 OnTime_70 16 1 555 1
71 OnTime_71 1 1 579 1
71 OnTime_71 2 1 223 1
71 OnTime_71 6 1 463 1
71 OnTime_71 8 1 417 1
71 OnTime_71 9 1 77 1
71 OnTime_71 10 1 208 1
71 OnTime_71 11 1 504 1
71 OnTime_71 12 1 465 1
71 OnTime_71 13 1 556 1
71 OnTime_71 16 1 590 1
72 OnTime_72 1 1 670 1
72 OnTime_72 2 1 520 1
72 OnTime_72 6 1 463 1
72 OnTime_72 8 1 398 1
72 OnTime_72 9 1 357 1
72 OnTime_72 10 1 357 1
72 OnTime_72 11 1 605 1
72 OnTime_72 12 1 321 1
72 OnTime_72 13 1 578 1
72 OnTime_72 16 1 580 1
73 OnTime_73 2 1 507 1
73 OnTime_73 6 1 273 1
73 OnTime_73 8 1 730 1
73 OnTime_73 9 1 422 1
73 OnTime_73 10 1 408 1
73 OnTime_73 11 1 449 1
73 OnTime_73 12 1 316 1
73 OnTime_73 13 1 241 1
73 OnTime_73 16 1 408 1
74 OnTime_74 1 1 612 1
74 OnTime_74 2 1 588 1
74 OnTime_74 6 1 409 1
74 OnTime_74 8 1 259 1
74 OnTime_74 9 1 209 1
74 OnTime_74 10 1 564 1
74 OnTime_74 11 1 436 1
74 OnTime_74 12 1 616 1
74 OnTime_74 13 1 241 1
74 OnTime_74 16 1 637 1
75 OnTime_75 1 1 311 1
75 OnTime_75 2 1 369 1
75 OnTime_75 6 1 721 1
75 OnTime_75 8 1 621 1
75 OnTime_75 9 1 422 1
75 OnTime_75 10 1 388 1
75 OnTime_75 12 1 379 1
75 OnTime_75 13 1 611 1
75 OnTime_75 16 1 260 1
76 OnTime_76 1 1 311 1
76 OnTime_76 2 1 220 1
76 OnTime_76 6 1 304 1
76 OnTime_76 8 1 410 1
76 OnTime_76 9 1 674 1
76 OnTime_76 10 1 591 1
76 OnTime_76 11 1 156 1
76 OnTime_76 12 1 658 1
76 OnTime_76 13 1 785 1
76 OnTime_76 16 1 571 1
77 OnTime_77 6 1 393 1
77 OnTime_77 8 1 802 1
77 OnTime_77 9 1 550 1
77 OnTime_77 10 1 423 1
77 OnTime_77 11 1 348 1
77 OnTime_77 12 1 479 1
77 OnTime_77 13 1 292 1
77 OnTime_77 16 1 580 1
78 OnTime_78 1 1 612 1
78 OnTime_78 2 1 195 1
78 OnTime_78 6 1 443 1
78 OnTime_78 8 1 572 1
78 OnTime_78 9 1 450 1
78 OnTime_78 10 1 455 1
78 OnTime_78 11 1 320 1
78 OnTime_78 12 1 629 1
78 OnTime_78 13 1 578 1
78 OnTime_78 16 1 453 1
79 OnTime_79 1 1 202 1
79 OnTime_79 2 1 220 1
79 OnTime_79 8 1 359 1
79 OnTime_79 9 1 357 1
79 OnTime_79 10 1 357 1
79 OnTime_79 11 1 436 1
79 OnTime_79 12 1 717 1
79 OnTime_79 13 1 578 1
79 OnTime_79 16 1 391 1
80 OnTime_80 1 1 398 1
80 OnTime_80 2 1 543 1
80 OnTime_80 6 1 673 1
80 OnTime_80 8 1 398 1
80 OnTime_80 9 1 450 1
80 OnTime_80 10 1 205 1
80 OnTime_80 11 1 466 1
80 OnTime_80 12 1 398 1
80 OnTime_80 16 1 442 1
81 OnTime_81 1 1 242 1
81 OnTime_81 2 1 309 1
81 OnTime_81 6 1 463 1
81 OnTime_81 8 1 463 1
81 OnTime_81 9 1 450 1
81 OnTime_81 10 1 433 1
81 OnTime_81 11 1 419 1
81 OnTime_81 12 1 484 1
81 OnTime_81 16 1 662 1
82 OnTime_82 1 1 187 1
82 OnTime_82 6 1 609 1
82 OnTime_82 8 1 410 1
82 OnTime_82 9 1 264 1
82 OnTime_82 10 1 591 1
82 OnTime_82 11 1 504 1
82 OnTime_82 12 1 402 1
82 OnTime_82 13 1 313 1
82 OnTime_82 16 1 408 1
83 OnTime_83 1 1 311 1
83 OnTime_83 2 1 339 1
83 OnTime_83 6 1 333 1
83 OnTime_83 8 1 757 1
83 OnTime_83 9 1 163 1
83 OnTime_83 10 1 455 1
83 OnTime_83 11 1 348 1
83 OnTime_83 13 1 100 1
83 OnTime_83 16 1 595 1
84 OnTime_84 1 1 579 1
84 OnTime_84 2 1 542 1
84 OnTime_84 6 1 463 1
84 OnTime_84 8 1 203 1
84 OnTime_84 9 1 542 1
84 OnTime_84 10 1 718 1
84 OnTime_84 11 1 355 1
84 OnTime_84 12 1 402 1
84 OnTime_84 13 1 492 1
84 OnTime_84 16 1 453 1
85 OnTime_85 1 1 732 1
85 OnTime_85 2 1 454 1
85 OnTime_85 6 1 317 1
85 OnTime_85 8 1 490 1
85 OnTime_85 9 1 245 1
85 OnTime_85 10 1 165 1
85 OnTime_85 11 1 353 1
85 OnTime_85 13 1 556 1
85 OnTime_85 16 1 265 1
86 OnTime_86 1 1 381 1
86 OnTime_86 2 1 454 1
86 OnTime_86 6 1 459 1
86 OnTime_86 8 1 410 1
86 OnTime_86 9 1 425 1
86 OnTime_86 10 1 357 1
86 OnTime_86 11 1 254 1
86 OnTime_86 12 1 434 1
86 OnTime_86 13 1 454 1
86 OnTime_86 16 1 442 1
87 OnTime_87 1 1 456 1
87 OnTime_87 2 1 793 1
87 OnTime_87 6 1 719 1
87 OnTime_87 8 1 314 1
87 OnTime_87 9 1 793 1
87 OnTime_87 11 1 449 1
87 OnTime_87 12 1 465 1
87 OnTime_87 13 1 487 1
87 OnTime_87 16 1 525 1
88 OnTime_88 1 1 278 1
88 OnTime_88 2 1 319 1
88 OnTime_88 6 1 593 1
88 OnTime_88 8 1 450 1
88 OnTime_88 9 1 357 1
88 OnTime_88 10 1 172 1
88 OnTime_88 11 1 419 1
88 OnTime_88 12 1 434 1
88 OnTime_88 13 1 106 1
88 OnTime_88 16 1 555 1
89 OnTime_89 1 1 663 1
89 OnTime_89 2 1 220 1
89 OnTime_89 6 1 463 1
89 OnTime_89 8 1 463 1
89 OnTime_89 9 1 355 1
89 OnTime_89 10 1 357 1
89 OnTime_89 11 1 355 1
89 OnTime_89 12 1 445 1
89 OnTime_89 13 1 478 1
89 OnTime_89 16 1 637 1
90 OnTime_90 1 1 575 1
90 OnTime_90 2 1 481 1
90 OnTime_90 6 1 333 1
90 OnTime_90 8 1 727 1
90 OnTime_90 9 1 229 1
90 OnTime_90 10 1 342 1
90 OnTime_90 12 1 434 1
90 OnTime_90 13 1 568 1
90 OnTime_90 16 1 442 1
91 OnTime_91 1 1 373 1
91 OnTime_91 2 1 429 1
91 OnTime_91 6 1 427 1
91 OnTime_91 8 1 463 1
91 OnTime_91 9 1 559 1
91 OnTime_91 10 1 423 1
91 OnTime_91 11 1 504 1
91 OnTime_91 12 1 268 1
91 OnTime_91 13 1 367 1
91 OnTime_91 16 1 725 1
92 OnTime_92 1 1 499 1
92 OnTime_92 2 1 608 1
92 OnTime_92 6 1 459 1
92 OnTime_92 8 1 555 1
92 OnTime_92 9 1 163 1
92 OnTime_92 10 1 304 1
92 OnTime_92 11 1 705 1
92 OnTime_92 12 1 402 1
92 OnTime_92 13 1 492 1
92 OnTime_92 16 1 374 1
93 OnTime_93 1 1 663 1
93 OnTime_93 2 1 309 1
93 OnTime_93 6 1 257 1
93 OnTime_93 8 1 718 1
93 OnTime_93 9 1 495 1
93 OnTime_93 10 1 718 1
93 OnTime_93 11 1 449 1
93 OnTime_93 12 1 398 1
93 OnTime_93 16 1 260 1
94 OnTime_94 1 1 750 1
94 OnTime_94 2 1 369 1
94 OnTime_94 6 1 609 1
94 OnTime_94 8 1 555 1
94 OnTime_94 10 1 365 1
94 OnTime_94 11 1 631 1
94 OnTime_94 12 1 452 1
94 OnTime_94 13 1 587 1
94 OnTime_94 16 1 279 1
95 OnTime_95 1 1 381 1
95 OnTime_95 2 1 523 1
95 OnTime_95 6 1 395 1
95 OnTime_95 8 1 565 1
95 OnTime_95 9 1 169 1
95 OnTime_95 10 1 433 1
95 OnTime_95 13 1 325 1
95 OnTime_95 16 1 408 1
96 OnTime_96 2 1 339 1
96 OnTime_96 6 1 129 1
96 OnTime_96 8 1 203 1
96 OnTime_96 9 1 673 1
96 OnTime_96 11 1 605 1
96 OnTime_96 12 1 350 1
96 OnTime_96 13 1 578 1
96 OnTime_96 16 1 725 1
97 OnTime_97 1 1 663 1
97 OnTime_97 2 1 517 1
97 OnTime_97 6 1 480 1
97 OnTime_97 8 1 490 1
97 OnTime_97 9 1 393 1
97 OnTime_97 10 1 365 1
97 OnTime_97 11 1 353 1
97 OnTime_97 12 1 479 1
97 OnTime_97 13 1 584 1
97 OnTime_97 16 1 580 1
98 OnTime_98 1 1 745 1
98 OnTime_98 2 1 293 1
98 OnTime_98 6 1 719 1
98 OnTime_98 8 1 602 1
98 OnTime_98 9 1 450 1
98 OnTime_98 10 1 564 1
98 OnTime_98 11 1 438 1
98 OnTime_98 12 1 452 1
98 OnTime_98 13 1 396 1
98 OnTime_98 16 1 391 1
99 OnTime_99 1 1 311 1
99 OnTime_99 2 1 405 1
99 OnTime_99 6 1 257 1
99 OnTime_99 8 1 359 1
99 OnTime_99 9 1 425 1
99 OnTime_99 10 1 234 1
99 OnTime_99 11 1 460 1
99 OnTime_99 12 1 616 1
99 OnTime_99 13 1 616 1
99 OnTime_99 16 1 555 1
100 OnTime_100 1 1 732 1
100 OnTime_100 2 1 176 1
100 OnTime_100 6 1 409 1
100 OnTime_100 8 1 202 1
100 OnTime_100 9 1 393 1
100 OnTime_100 11 1 361 1
100 OnTime_100 12 1 616 1
100 OnTime_100 13 1 578 1
100 OnTime_100 16 1 595 1
101 OnTime_101 1 1 663 1
101 OnTime_101 2 1 588 1
101 OnTime_101 6 1 518 1
101 OnTime_101 8 1 203 1
101 OnTime_101 9 1 466 1
101 OnTime_101 10 1 619 1
101 OnTime_101 11 1 466 1
101 OnTime_101 12 1 445 1
101 OnTime_101 13 1 100 1
101 OnTime_101 16 1 386 1
102 OnTime_102 1 1 373 1
102 OnTime_102 2 1 195 1
102 OnTime_102 6 1 778 1
102 OnTime_102 8 1 417 1
102 OnTime_102 10 1 619 1
102 OnTime_102 11 1 890 1
102 OnTime_102 12 1 379 1
102 OnTime_102 13 1 568 1
102 OnTime_102 16 1 677 1
103 OnTime_103 1 1 381 1
103 OnTime_103 2 1 523 1
103 OnTime_103 6 1 273 1
103 OnTime_103 9 1 656 1
103 OnTime_103 10 1 285 1
103 OnTime_103 11 1 251 1
103 OnTime_103 12 1 434 1
103 OnTime_103 13 1 587 1
104 OnTime_104 1 1 579 1
104 OnTime_104 2 1 158 1
104 OnTime_104 6 1 518 1
104 OnTime_104 8 1 307 1
104 OnTime_104 9 1 500 1
104 OnTime_104 10 1 408 1
104 OnTime_104 11 1 419 1
104 OnTime_104 12 1 434 1
104 OnTime_104 13 1 367 1
104 OnTime_104 16 1 260 1
105 OnTime_105 1 1 242 1
105 OnTime_105 2 1 520 1
105 OnTime_105 6 1 225 1
105 OnTime_105 8 1 250 1
105 OnTime_105 9 1 776 1
105 OnTime_105 10 1 388 1
105 OnTime_105 11 1 502 1
105 OnTime_105 12 1 321 1
105 OnTime_105 13 1 302 1
105 OnTime_105 16 1 677 1
106 OnTime_106 1 1 670 1
106 OnTime_106 2 1 895 1
106 OnTime_106 8 1 555 1
106 OnTime_106 9 1 500 1
106 OnTime_106 10 1 342 1
106 OnTime_106 11 1 892 1
106 OnTime_106 12 1 892 1
106 OnTime_106 13 1 292 1
106 OnTime_106 16 1 391 1
107 OnTime_107 1 1 639 1
107 OnTime_107 2 1 319 1
107 OnTime_107 6 1 586 1
107 OnTime_107 8 1 757 1
107 OnTime_107 9 1 500 1
107 OnTime_107 10 1 433 1
107 OnTime_107 11 1 449 1
107 OnTime_107 12 1 282 1
107 OnTime_107 13 1 487 1
108 OnTime_108 2 1 748 1
108 OnTime_108 6 1 596 1
108 OnTime_108 8 1 244 1
108 OnTime_108 9 1 744 1
108 OnTime_108 10 1 591 1
108 OnTime_108 11 1 666 1
108 OnTime_108 12 1 789 1
108 OnTime_108 13 1 367 1
108 OnTime_108 16 1 555 1
109 OnTime_109 1 1 180 1
109 OnTime_109 2 1 749 1
109 OnTime_109 6 1 304 1
109 OnTime_109 9 1 422 1
109 OnTime_109 10 1 392 1
109 OnTime_109 11 1 361 1
109 OnTime_109 12 1 624 1
109 OnTime_109 13 1 556 1
109 OnTime_109 16 1 717 1
110 OnTime_110 1 1 663 1
110 OnTime_110 2 1 322 1
110 OnTime_110 6 1 480 1
110 OnTime_110 8 1 718 1
110 OnTime_110 9 1 256 1
110 OnTime_110 10 1 357 1
110 OnTime_110 11 1 540 1
110 OnTime_110 12 1 452 1
110 OnTime_110 13 1 396 1
110 OnTime_110 16 1 396 1
111 OnTime_111 1 1 711 1
111 OnTime_111 2 1 404 1
111 OnTime_111 6 1 123 1
111 OnTime_111 8 1 272 1
111 OnTime_111 10 1 455 1
111 OnTime_111 11 1 605 1
111 OnTime_111 12 1 489 1
111 OnTime_111 13 1 587 1
111 OnTime_111 16 1 595 1
112 OnTime_112 1 1 894 1
112 OnTime_112 2 1 454 1
112 OnTime_112 6 1 395 1
112 OnTime_112 8 1 490 1
112 OnTime_112 9 1 355 1
112 OnTime_112 10 1 433 1
112 OnTime_112 11 1 438 1
112 OnTime_112 12 1 402 1
112 OnTime_112 13 1 454 1
112 OnTime_112 16 1 610 1
113 OnTime_113 1 1 612 1
113 OnTime_113 2 1 407 1
113 OnTime_113 6 1 443 1
113 OnTime_113 8 1 450 1
113 OnTime_113 9 1 450 1
113 OnTime_113 10 1 342 1
113 OnTime_113 11 1 419 1
113 OnTime_113 12 1 434 1
113 OnTime_113 16 1 401 1
114 OnTime_114 1 1 373 1
114 OnTime_114 2 1 749 1
114 OnTime_114 6 1 427 1
114 OnTime_114 8 1 683 1
114 OnTime_114 9 1 264 1
114 OnTime_114 11 1 436 1
114 OnTime_114 12 1 402 1
114 OnTime_114 13 1 313 1
114 OnTime_114 16 1 260 1
115 OnTime_115 1 1 329 1
115 OnTime_115 2 1 201 1
115 OnTime_115 6 1 204 1
115 OnTime_115 8 1 555 1
115 OnTime_115 11 1 436 1
115 OnTime_115 12 1 445 1
115 OnTime_115 13 1 162 1
115 OnTime_115 16 1 590 1
116 OnTime_116 2 1 52 1
116 OnTime_116 6 1 586 1
116 OnTime_116 8 1 364 1
116 OnTime_116 9 1 245 1
116 OnTime_116 10 1 455 1
116 OnTime_116 11 1 540 1
116 OnTime_116 12 1 484 1
116 OnTime_116 13 1 52 1
116 OnTime_116 16 1 555 1
117 OnTime_117 1 1 628 1
117 OnTime_117 2 1 339 1
117 OnTime_117 8 1 462 1
117 OnTime_117 9 1 628 1
117 OnTime_117 10 1 665 1
117 OnTime_117 11 1 513 1
117 OnTime_117 12 1 541 1
117 OnTime_117 13 1 665 1
117 OnTime_117 16 1 590 1
118 OnTime_118 1 1 711 1
118 OnTime_118 2 1 749 1
118 OnTime_118 6 1 427 1
118 OnTime_118 8 1 602 1
118 OnTime_118 9 1 245 1
118 OnTime_118 10 1 357 1
118 OnTime_118 11 1 188 1
118 OnTime_118 12 1 541 1
118 OnTime_118 13 1 616 1
118 OnTime_118 16 1 610 1
119 OnTime_119 1 1 773 1
119 OnTime_119 2 1 319 1
119 OnTime_119 6 1 512 1
119 OnTime_119 8 1 406 1
119 OnTime_119 9 1 357 1
119 OnTime_119 10 1 300 1
119 OnTime_119 11 1 553 1
119 OnTime_119 12 1 402 1
119 OnTime_119 13 1 578 1
119 OnTime_119 16 1 133 1
120 OnTime_120 6 1 229 1
120 OnTime_120 8 1 314 1
120 OnTime_120 9 1 229 1
120 OnTime_120 10 1 619 1
120 OnTime_120 11 1 254 1
120 OnTime_120 12 1 445 1
120 OnTime_120 13 1 568 1
120 OnTime_120 16 1 109 1
121 OnTime_121 1 1 711 1
121 OnTime_121 2 1 404 1
121 OnTime_121 6 1 593 1
121 OnTime_121 8 1 244 1
121 OnTime_121 9 1 628 1
121 OnTime_121 10 1 342 1
121 OnTime_121 11 1 553 1
121 OnTime_121 12 1 452 1
121 OnTime_121 13 1 587 1
121 OnTime_121 16 1 396 1
122 OnTime_122 1 1 456 1
122 OnTime_122 2 1 771 1
122 OnTime_122 6 1 395 1
122 OnTime_122 8 1 462 1
122 OnTime_122 9 1 245 1
122 OnTime_122 10 1 205 1
122 OnTime_122 11 1 218 1
122 OnTime_122 12 1 196 1
122 OnTime_122 13 1 232 1
122 OnTime_122 16 1 268 1
123 OnTime_123 2 1 407 1
123 OnTime_123 6 1 593 1
123 OnTime_123 8 1 410 1
123 OnTime_123 9 1 673 1
123 OnTime_123 10 1 564 1
123 OnTime_123 11 1 449 1
123 OnTime_123 12 1 622 1
123 OnTime_123 13 1 396 1
123 OnTime_123 16 1 396 1
124 OnTime_124 2 1 429 1
124 OnTime_124 6 1 443 1
124 OnTime_124 8 1 410 1
124 OnTime_124 9 1 718 1
124 OnTime_124 10 1 718 1
124 OnTime_124 11 1 605 1
124 OnTime_124 12 1 419 1
124 OnTime_124 16 1 595 1
125 OnTime_125 1 1 800 1
125 OnTime_125 2 1 369 1
125 OnTime_125 6 1 199 1
125 OnTime_125 8 1 463 1
125 OnTime_125 9 1 511 1
125 OnTime_125 11 1 553 1
125 OnTime_125 12 1 434 1
125 OnTime_125 13 1 616 1
126 OnTime_126 1 1 670 1
126 OnTime_126 2 1 405 1
126 OnTime_126 6 1 593 1
126 OnTime_126 9 1 355 1
126 OnTime_126 10 1 455 1
126 OnTime_126 11 1 438 1
126 OnTime_126 12 1 434 1
126 OnTime_126 13 1 232 1
126 OnTime_126 16 1 580 1
127 OnTime_127 1 1 499 1
127 OnTime_127 2 1 220 1
127 OnTime_127 6 1 609 1
127 OnTime_127 8 1 499 1
127 OnTime_127 10 1 433 1
127 OnTime_127 12 1 116 1
127 OnTime_127 13 1 454 1
127 OnTime_127 16 1 590 1
128 OnTime_128 1 1 575 1
128 OnTime_128 2 1 407 1
128 OnTime_128 6 1 777 1
128 OnTime_128 8 1 510 1
128 OnTime_128 9 1 511 1
128 OnTime_128 10 1 285 1
128 OnTime_128 11 1 519 1
128 OnTime_128 12 1 465 1
128 OnTime_128 13 1 616 1
128 OnTime_128 16 1 391 1
129 OnTime_129 2 1 407 1
129 OnTime_129 6 1 393 1
129 OnTime_129 8 1 364 1
129 OnTime_129 9 1 422 1
129 OnTime_129 10 1 423 1
129 OnTime_129 11 1 218 1
129 OnTime_129 12 1 434 1
129 OnTime_129 13 1 587 1
129 OnTime_129 16 1 512 1
130 OnTime_130 2 1 331 1
130 OnTime_130 6 1 395 1
130 OnTime_130 8 1 364 1
130 OnTime_130 10 1 455 1
130 OnTime_130 11 1 221 1
130 OnTime_130 12 1 622 1
130 OnTime_130 13 1 611 1
130 OnTime_130 16 1 442 1
131 OnTime_131 1 1 711 1
131 OnTime_131 2 1 507 1
131 OnTime_131 6 1 586 1
131 OnTime_131 8 1 462 1
131 OnTime_131 9 1 355 1
131 OnTime_131 10 1 357 1
131 OnTime_131 11 1 471 1
131 OnTime_131 12 1 246 1
131 OnTime_131 13 1 685 1
131 OnTime_131 16 1 391 1
132 OnTime_132 1 1 670 1
132 OnTime_132 2 1 542 1
132 OnTime_132 6 1 248 1
132 OnTime_132 8 1 621 1
132 OnTime_132 9 1 309 1
132 OnTime_132 10 1 408 1
132 OnTime_132 11 1 438 1
132 OnTime_132 12 1 316 1
132 OnTime_132 13 1 396 1
132 OnTime_132 16 1 372 1
133 OnTime_133 1 1 242 1
133 OnTime_133 2 1 339 1
133 OnTime_133 6 1 393 1
133 OnTime_133 8 1 359 1
133 OnTime_133 9 1 393 1
133 OnTime_133 10 1 650 1
133 OnTime_133 11 1 419 1
133 OnTime_133 12 1 419 1
133 OnTime_133 13 1 325 1
133 OnTime_133 16 1 396 1
134 OnTime_134 1 1 242 1
134 OnTime_134 2 1 405 1
134 OnTime_134 6 1 257 1
134 OnTime_134 8 1 463 1
134 OnTime_134 9 1 355 1
134 OnTime_134 10 1 455 1
134 OnTime_134 11 1 355 1
134 OnTime_134 12 1 789 1
134 OnTime_134 13 1 611 1
134 OnTime_134 16 1 597 1
135 OnTime_135 1 1 612 1
135 OnTime_135 2 1 507 1
135 OnTime_135 6 1 317 1
135 OnTime_135 8 1 314 1
135 OnTime_135 11 1 436 1
135 OnTime_135 12 1 717 1
135 OnTime_135 13 1 616 1
135 OnTime_135 16 1 401 1
136 OnTime_136 2 1 588 1
136 OnTime_136 6 1 593 1
136 OnTime_136 8 1 700 1
136 OnTime_136 9 1 355 1
136 OnTime_136 10 1 588 1
136 OnTime_136 11 1 605 1
136 OnTime_136 12 1 484 1
136 OnTime_136 13 1 751 1
136 OnTime_136 16 1 512 1
137 OnTime_137 1 1 612 1
137 OnTime_137 2 1 517 1
137 OnTime_137 6 1 303 1
137 OnTime_137 8 1 410 1
137 OnTime_137 9 1 425 1
137 OnTime_137 10 1 165 1
137 OnTime_137 11 1 269 1
137 OnTime_137 12 1 321 1
137 OnTime_137 13 1 568 1
137 OnTime_137 16 1 451 1
138 OnTime_138 2 1 406 1
138 OnTime_138 6 1 518 1
138 OnTime_138 8 1 450 1
138 OnTime_138 9 1 511 1
138 OnTime_138 12 1 452 1
138 OnTime_138 13 1 193 1
139 OnTime_139 1 1 456 1
139 OnTime_139 2 1 542 1
139 OnTime_139 6 1 459 1
139 OnTime_139 8 1 565 1
139 OnTime_139 9 1 519 1
139 OnTime_139 10 1 433 1
139 OnTime_139 11 1 361 1
139 OnTime_139 12 1 445 1
139 OnTime_139 13 1 367 1
139 OnTime_139 16 1 696 1
140 OnTime_140 1 1 579 1
140 OnTime_140 2 1 319 1
140 OnTime_140 6 1 210 1
140 OnTime_140 8 1 406 1
140 OnTime_140 9 1 210 1
140 OnTime_140 10 1 423 1
140 OnTime_140 11 1 353 1
140 OnTime_140 12 1 629 1
140 OnTime_140 13 1 454 1
140 OnTime_140 16 1 525 1
141 OnTime_141 1 1 381 1
141 OnTime_141 2 1 767 1
141 OnTime_141 6 1 719 1
141 OnTime_141 8 1 555 1
141 OnTime_141 9 1 425 1
141 OnTime_141 10 1 392 1
141 OnTime_141 11 1 251 1
141 OnTime_141 12 1 662 1
141 OnTime_141 13 1 396 1
141 OnTime_141 16 1 396 1
142 OnTime_142 1 1 499 1
142 OnTime_142 2 1 507 1
142 OnTime_142 6 1 393 1
142 OnTime_142 8 1 499 1
142 OnTime_142 9 1 393 1
142 OnTime_142 11 1 460 1
142 OnTime_142 12 1 398 1
142 OnTime_142 13 1 70 1
142 OnTime_142 16 1 442 1
143 OnTime_143 1 1 329 1
143 OnTime_143 2 1 176 1
143 OnTime_143 6 1 199 1
143 OnTime_143 8 1 417 1
143 OnTime_143 9 1 393 1
143 OnTime_143 10 1 564 1
143 OnTime_143 13 1 396 1
143 OnTime_143 16 1 597 1
144 OnTime_144 1 1 373 1
144 OnTime_144 2 1 158 1
144 OnTime_144 6 1 459 1
144 OnTime_144 8 1 359 1
144 OnTime_144 9 1 633 1
144 OnTime_144 10 1 423 1
144 OnTime_144 11 1 540 1
144 OnTime_144 12 1 667 1
145 OnTime_145 1 1 575 1
145 OnTime_145 2 1 309 1
145 OnTime_145 6 1 333 1
145 OnTime_145 8 1 307 1
145 OnTime_145 9 1 309 1
145 OnTime_145 10 1 467 1
145 OnTime_145 11 1 419 1
145 OnTime_145 12 1 452 1
145 OnTime_145 13 1 302 1
145 OnTime_145 16 1 610 1
146 OnTime_146 1 1 732 1
146 OnTime_146 2 1 404 1
146 OnTime_146 6 1 380 1
146 OnTime_146 8 1 730 1
146 OnTime_146 9 1 757 1
146 OnTime_146 11 1 436 1
146 OnTime_146 12 1 398 1
146 OnTime_146 13 1 556 1
146 OnTime_146 16 1 451 1
147 OnTime_147 1 1 456 1
147 OnTime_147 2 1 543 1
147 OnTime_147 8 1 233 1
147 OnTime_147 9 1 394 1
147 OnTime_147 10 1 300 1
147 OnTime_147 11 1 348 1
147 OnTime_147 12 1 350 1
147 OnTime_147 13 1 454 1
147 OnTime_147 16 1 580 1
148 OnTime_148 1 1 612 1
148 OnTime_148 2 1 513 1
148 OnTime_148 8 1 271 1
148 OnTime_148 9 1 425 1
148 OnTime_148 10 1 701 1
148 OnTime_148 11 1 361 1
148 OnTime_148 12 1 419 1
148 OnTime_148 13 1 611 1
148 OnTime_148 16 1 696 1
149 OnTime_149 1 1 499 1
149 OnTime_149 2 1 339 1
149 OnTime_149 6 1 596 1
149 OnTime_149 8 1 499 1
149 OnTime_149 9 1 112 1
149 OnTime_149 10 1 423 1
149 OnTime_149 11 1 553 1
149 OnTime_149 12 1 755 1
149 OnTime_149 13 1 661 1
149 OnTime_149 16 1 688 1
150 OnTime_150 1 1 732 1
150 OnTime_150 2 1 293 1
150 OnTime_150 6 1 459 1
150 OnTime_150 8 1 417 1
150 OnTime_150 9 1 628 1
150 OnTime_150 10 1 285 1
150 OnTime_150 11 1 221 1
150 OnTime_150 12 1 268 1
150 OnTime_150 13 1 125 1
150 OnTime_150 16 1 268 1
