10
10
2
3
12
1 2 3 4 5 6 7 8 9 10 
1 2 3 4 5 6 7 8 9 10 
5
4 8 7 2 1 
8
2 10 4 8 9 5 6 1 
1 2 
1 2 3 
0 0 1 0 0 0 0 0 0 0 0 0 0 0 2 0 0 0 0 0 
2 0 0 0 0 0 0 0 0 1 1 0 0 0 0 0 0 1 0 0 
0 0 0 0 2 0 0 0 1 1 0 0 0 0 0 0 0 0 1 0 
1 0 0 1 0 0 0 0 0 0 1 0 0 0 1 0 0 0 0 1 
0 1 0 0 0 0 1 0 0 0 0 0 0 0 2 0 0 0 0 0 
0 0 1 0 0 0 1 0 0 0 0 0 0 1 0 0 0 0 0 0 
2 1 1 0 0 1 0 0 0 0 0 0 0 0 1 0 0 0 0 0 
0 0 0 0 0 0 0 0 0 0 0 0 1 2 0 0 0 0 0 1 
0 1 2 0 0 0 0 0 0 0 1 0 0 0 0 0 0 2 3 0 
1 0 0 0 0 0 0 0 2 0 0 0 0 1 0 0 0 0 1 0 
1 0 0 0 0 0 1 0 0 0 0 0 0 0 0 0 1 0 3 0 
0 0 0 0 0 0 0 0 0 2 0 2 0 2 0 0 0 0 0 0 
17 28 19 11 30 36 44 39 17 41 
30 15 43 14 27 13 25 9 10 11 
1000 1000 1000 1000 1000 1000 1000 1000 1000 1000 
14 40 12 9 17 20 36 22 17 36 
1000 1000 1000 1000 1000 1000 1000 1000 1000 1000 
1000 1000 1000 1000 1000 1000 1000 1000 1000 1000 
32 33 26 30 45 18 29 32 41 41 
38 40 28 27 36 24 38 16 39 12 
1000 1000 1000 1000 1000 1000 1000 1000 1000 1000 
1000 1000 1000 1000 1000 1000 1000 1000 1000 1000 
18 29 27 28 28 26 25 27 18 30 
28 15 35 33 34 24 27 34 29 23 
1000 1000 1000 1000 1000 1000 1000 1000 1000 1000 
34 25 24 20 28 33 33 25 23 30 
35 20 26 32 23 18 19 30 25 33 
19 35 35 22 27 19 35 19 18 19 
1000 1000 1000 1000 1000 1000 1000 1000 1000 1000 
27 30 23 28 23 17 25 24 23 21 
18 33 30 28 23 18 32 31 16 35 
17 34 35 26 24 15 22 18 30 22 
0.17777777777777778 0.4666666666666667 0 0.1111111111111111 0 0 0.5111111111111111 0.6444444444444445 0 0 
0.4222222222222222 0.13333333333333333 0 0.6888888888888889 0 0 0.5333333333333333 0.6888888888888889 0 0 
0.2222222222222222 0.7555555555555555 0 0.06666666666666667 0 0 0.37777777777777777 0.4222222222222222 0 0 
0.044444444444444446 0.1111111111111111 0 0.0 0 0 0.4666666666666667 0.4 0 0 
0.4666666666666667 0.4 0 0.17777777777777778 0 0 0.8 0.6 0 0 
0.6 0.08888888888888889 0 0.24444444444444444 0 0 0.2 0.3333333333333333 0 0 
0.7777777777777778 0.35555555555555557 0 0.6 0 0 0.4444444444444444 0.6444444444444445 0 0 
0.6666666666666666 0.0 0 0.28888888888888886 0 0 0.5111111111111111 0.15555555555555556 0 0 
0.17777777777777778 0.022222222222222223 0 0.17777777777777778 0 0 0.7111111111111111 0.6666666666666666 0 0 
0.7111111111111111 0.044444444444444446 0 0.6 0 0 0.7111111111111111 0.06666666666666667 0 0 
