5
10
2
3
3
1 2 3 4 5 
1 2 3 4 5 6 7 8 9 10 
5
6 3 8 7 10 
8
4 1 8 6 5 2 10 9 
1 2 
1 2 3 
0 0 2 0 2 0 0 0 0 0 
0 0 0 0 0 0 0 0 0 0 
0 2 2 0 0 0 0 2 3 0 
1000 1000 1000 1000 1000 
1000 1000 1000 1000 1000 
45 19 43 37 17 
1000 1000 1000 1000 1000 
1000 1000 1000 1000 1000 
20 30 38 30 24 
33 11 31 38 44 
36 14 35 15 30 
1000 1000 1000 1000 1000 
9 15 11 45 28 
31 30 20 20 31 
29 27 22 29 30 
1000 1000 1000 1000 1000 
17 28 34 30 15 
24 33 26 18 26 
17 30 22 30 34 
1000 1000 1000 1000 1000 
28 27 27 17 22 
26 33 18 34 34 
16 23 24 28 25 
0 0 0 0 0 
0 0 0 0 0 
0 0.4 0 0 0.5333333333333333 
0 0 0 0 0 
0 0 0 0 0 
0.33333333333333337 0 0 0 0.06666666666666665 
0 0.9333333333333333 0 0 0 
0 0.7333333333333334 0 0.6666666666666667 0 
0 0 0 0 0 
1 0.6666666666666667 0.9333333333333333 0 0 
