5
10
2
3
12
1 2 3 4 5 
1 2 3 4 5 6 7 8 9 10 
5
1 10 9 4 7 
8
3 4 9 8 6 5 2 10 
1 2 
1 2 3 
0 0 1 2 0 1 2 0 0 0 
1 0 0 3 0 0 0 0 0 0 
0 1 0 2 0 0 0 0 1 0 
0 0 1 0 0 1 1 0 0 0 
0 1 0 2 0 0 0 2 0 2 
0 0 2 0 0 0 0 1 0 2 
1 0 0 0 1 1 0 2 0 0 
1 0 0 1 0 0 0 1 0 0 
0 0 0 0 1 0 0 2 0 0 
0 0 0 0 0 0 0 0 1 1 
2 1 1 0 0 0 1 2 1 1 
2 1 2 0 3 0 1 0 0 1 
39 38 18 41 12 
1000 1000 1000 1000 1000 
1000 1000 1000 1000 1000 
38 18 27 11 28 
1000 1000 1000 1000 1000 
1000 1000 1000 1000 1000 
24 36 14 9 18 
1000 1000 1000 1000 1000 
40 31 28 38 15 
24 13 14 44 24 
1000 1000 1000 1000 1000 
33 19 21 30 26 
22 24 24 29 20 
17 27 35 18 30 
16 26 35 17 25 
26 29 27 23 26 
1000 1000 1000 1000 1000 
21 30 23 20 15 
26 31 16 33 31 
22 31 16 30 28 
0.6666666666666666 0 0 0.6444444444444445 0 0 0.3333333333333333 0 0.6888888888888889 0.3333333333333333 
0.6444444444444445 0 0 0.2 0 0 0.6 0 0.4888888888888889 0.08888888888888889 
0.2 0 0 0.4 0 0 0.1111111111111111 0 0.4222222222222222 0.1111111111111111 
0.7111111111111111 0 0 0.044444444444444446 0 0 0.0 0 0.6444444444444445 0.7777777777777778 
0.06666666666666667 0 0 0.4222222222222222 0 0 0.2 0 0.13333333333333333 0.3333333333333333 
