20
25
2
3
3
1 2 3 4 5 6 7 8 9 10 11 12 13 14 15 16 17 18 19 20 
1 2 3 4 5 6 7 8 9 10 11 12 13 14 15 16 17 18 19 20 21 22 23 24 25 
13
24 23 9 5 16 20 10 8 25 17 7 15 13 
21
9 4 2 24 23 22 21 1 8 15 19 14 16 7 20 13 25 12 11 18 10 
1 2 
1 2 3 
0 0 0 0 0 0 0 0 0 1 0 0 0 0 0 3 0 1 2 0 0 3 0 0 0 0 0 0 0 0 0 1 0 1 1 0 0 0 0 0 
1 0 0 0 0 0 0 0 0 0 0 0 0 2 2 0 0 0 0 0 0 2 1 0 0 2 0 0 1 0 0 0 0 0 0 0 0 0 0 0 
0 0 0 0 0 0 3 0 0 0 0 2 0 1 0 1 0 0 0 0 1 0 2 0 0 0 0 0 0 0 0 1 1 0 0 0 0 0 1 0 
1000 1000 1000 1000 1000 1000 1000 1000 1000 1000 1000 1000 1000 1000 1000 1000 1000 1000 1000 1000 
1000 1000 1000 1000 1000 1000 1000 1000 1000 1000 1000 1000 1000 1000 1000 1000 1000 1000 1000 1000 
1000 1000 1000 1000 1000 1000 1000 1000 1000 1000 1000 1000 1000 1000 1000 1000 1000 1000 1000 1000 
1000 1000 1000 1000 1000 1000 1000 1000 1000 1000 1000 1000 1000 1000 1000 1000 1000 1000 1000 1000 
33 23 28 28 16 41 35 36 10 12 32 13 40 35 37 41 31 14 44 32 
1000 1000 1000 1000 1000 1000 1000 1000 1000 1000 1000 1000 1000 1000 1000 1000 1000 1000 1000 1000 
37 17 45 30 45 34 17 45 34 41 29 40 27 27 15 17 39 31 16 37 
16 11 36 34 35 38 11 27 29 45 22 24 17 15 14 12 12 22 43 39 
17 27 19 28 23 17 24 22 38 38 19 16 10 36 25 28 20 35 29 17 
33 34 37 25 44 14 9 28 16 32 41 44 29 34 35 41 26 36 20 33 
1000 1000 1000 1000 1000 1000 1000 1000 1000 1000 1000 1000 1000 1000 1000 1000 1000 1000 1000 1000 
1000 1000 1000 1000 1000 1000 1000 1000 1000 1000 1000 1000 1000 1000 1000 1000 1000 1000 1000 1000 
34 32 28 34 15 14 12 17 32 38 21 17 40 25 13 24 24 22 34 35 
1000 1000 1000 1000 1000 1000 1000 1000 1000 1000 1000 1000 1000 1000 1000 1000 1000 1000 1000 1000 
30 10 16 41 37 35 30 9 22 45 21 27 34 31 32 31 40 21 29 27 
36 14 30 9 19 36 43 13 22 11 21 42 34 21 36 36 28 45 10 29 
33 26 42 35 24 11 12 35 11 20 23 23 15 27 15 29 19 43 21 37 
1000 1000 1000 1000 1000 1000 1000 1000 1000 1000 1000 1000 1000 1000 1000 1000 1000 1000 1000 1000 
1000 1000 1000 1000 1000 1000 1000 1000 1000 1000 1000 1000 1000 1000 1000 1000 1000 1000 1000 1000 
25 9 20 22 20 17 41 37 19 42 16 15 15 24 13 33 44 25 17 45 
1000 1000 1000 1000 1000 1000 1000 1000 1000 1000 1000 1000 1000 1000 1000 1000 1000 1000 1000 1000 
1000 1000 1000 1000 1000 1000 1000 1000 1000 1000 1000 1000 1000 1000 1000 1000 1000 1000 1000 1000 
21 24 42 16 13 12 39 12 45 14 26 37 45 42 9 9 43 32 12 20 
12 37 23 43 24 29 18 18 25 41 28 30 25 20 20 13 13 16 19 11 
45 30 20 38 21 23 41 35 19 24 36 44 37 23 30 31 14 12 29 10 
33 32 35 34 30 19 31 23 35 22 32 24 15 31 19 17 23 21 25 32 
20 25 30 19 15 34 30 26 35 26 32 34 32 15 27 29 31 27 30 27 
1000 1000 1000 1000 1000 1000 1000 1000 1000 1000 1000 1000 1000 1000 1000 1000 1000 1000 1000 1000 
27 20 33 23 17 35 33 15 34 24 19 18 22 31 24 15 17 24 28 27 
1000 1000 1000 1000 1000 1000 1000 1000 1000 1000 1000 1000 1000 1000 1000 1000 1000 1000 1000 1000 
1000 1000 1000 1000 1000 1000 1000 1000 1000 1000 1000 1000 1000 1000 1000 1000 1000 1000 1000 1000 
31 20 21 18 33 17 33 32 21 15 31 16 28 19 31 18 20 30 22 21 
29 17 24 16 28 15 22 24 19 26 31 33 21 17 25 18 21 33 31 29 
17 24 20 18 16 19 27 22 16 31 25 17 34 29 29 23 34 17 28 17 
28 16 22 20 32 22 26 23 16 32 32 23 21 24 26 26 21 17 32 26 
24 31 27 15 18 22 35 33 28 31 32 30 17 21 21 20 27 24 31 23 
16 33 35 26 34 33 18 29 31 30 32 24 34 19 24 35 18 21 16 23 
18 21 18 27 32 16 19 26 32 22 16 31 35 24 26 21 19 26 27 22 
28 35 21 28 16 26 30 28 27 22 24 28 24 18 33 33 24 30 25 27 
23 26 20 24 35 29 25 31 25 19 20 31 17 34 19 18 31 25 29 28 
26 24 15 16 20 22 30 33 24 35 30 25 18 16 28 26 35 32 22 35 
1000 1000 1000 1000 1000 1000 1000 1000 1000 1000 1000 1000 1000 1000 1000 1000 1000 1000 1000 1000 
25 31 32 22 22 31 17 22 24 31 32 27 32 15 31 35 18 17 29 25 
35 20 25 16 20 30 29 23 21 32 25 20 17 27 32 21 32 31 20 17 
17 28 23 26 29 23 28 34 33 26 20 26 22 17 26 15 26 30 31 18 
19 32 27 27 21 34 23 34 28 19 27 26 32 18 25 26 34 22 26 21 
26 22 20 16 30 22 31 29 18 28 25 22 22 20 28 25 35 30 22 29 
15 29 19 24 31 29 16 26 20 16 22 33 30 17 15 34 26 23 19 18 
22 21 16 25 30 29 17 23 24 23 33 21 33 28 29 34 20 31 24 32 
18 20 31 28 33 25 23 22 35 16 26 33 28 28 31 19 17 23 17 31 
0 0 0 0 0.5333333333333333 0 0.6222222222222222 0.15555555555555556 0.17777777777777778 0.5333333333333333 0 0 0.5555555555555556 0 0.4666666666666667 0.6 0.5333333333333333 0 0 0.35555555555555557 0 0 0.26666666666666666 0.06666666666666667 0.8 
0 0 0 0 0.3111111111111111 0 0.17777777777777778 0.044444444444444446 0.4 0.5555555555555556 0 0 0.5111111111111111 0 0.022222222222222223 0.1111111111111111 0.37777777777777777 0 0 0.0 0 0 0.3333333333333333 0.6222222222222222 0.4666666666666667 
0 0 0 0 0.4222222222222222 0 0.8 0.6 0.2222222222222222 0.6222222222222222 0 0 0.4222222222222222 0 0.15555555555555556 0.4666666666666667 0.7333333333333333 0 0 0.24444444444444444 0 0 0.7333333333333333 0.3111111111111111 0.24444444444444444 
0 0 0 0 0.4222222222222222 0 0.4666666666666667 0.5555555555555556 0.4222222222222222 0.35555555555555557 0 0 0.5555555555555556 0 0.7111111111111111 0.0 0.5777777777777777 0 0 0.28888888888888886 0 0 0.15555555555555556 0.7555555555555555 0.6444444444444445 
0 0 0 0 0.15555555555555556 0 0.8 0.5777777777777777 0.3111111111111111 0.7777777777777778 0 0 0.13333333333333333 0 0.6222222222222222 0.2222222222222222 0.3333333333333333 0 0 0.24444444444444444 0 0 0.08888888888888889 0.3333333333333333 0.26666666666666666 
0 0 0 0 0.7111111111111111 0 0.5555555555555556 0.6444444444444445 0.17777777777777778 0.1111111111111111 0 0 0.1111111111111111 0 0.5777777777777777 0.6 0.044444444444444446 0 0 0.17777777777777778 0 0 0.06666666666666667 0.4444444444444444 0.3111111111111111 
0 0 0 0 0.5777777777777777 0 0.17777777777777778 0.044444444444444446 0.3333333333333333 0.0 0 0 0.06666666666666667 0 0.4666666666666667 0.7555555555555555 0.06666666666666667 0 0 0.7111111111111111 0 0 0.6666666666666666 0.2 0.7111111111111111 
0 0 0 0 0.6 0 0.8 0.4 0.28888888888888886 0.4222222222222222 0 0 0.17777777777777778 0 0.0 0.08888888888888889 0.5777777777777777 0 0 0.6222222222222222 0 0 0.06666666666666667 0.2 0.5777777777777777 
0 0 0 0 0.022222222222222223 0 0.5555555555555556 0.4444444444444444 0.6444444444444445 0.15555555555555556 0 0 0.5111111111111111 0 0.28888888888888886 0.28888888888888886 0.044444444444444446 0 0 0.2222222222222222 0 0 0.8 0.35555555555555557 0.2222222222222222 
0 0 0 0 0.06666666666666667 0 0.7111111111111111 0.8 0.6444444444444445 0.5111111111111111 0 0 0.6444444444444445 0 0.8 0.044444444444444446 0.24444444444444444 0 0 0.7333333333333333 0 0 0.1111111111111111 0.7111111111111111 0.3333333333333333 
0 0 0 0 0.5111111111111111 0 0.4444444444444444 0.28888888888888886 0.2222222222222222 0.7111111111111111 0 0 0.26666666666666666 0 0.26666666666666666 0.26666666666666666 0.3111111111111111 0 0 0.15555555555555556 0 0 0.37777777777777777 0.4222222222222222 0.6 
0 0 0 0 0.08888888888888889 0 0.6888888888888889 0.3333333333333333 0.15555555555555556 0.7777777777777778 0 0 0.17777777777777778 0 0.4 0.7333333333333333 0.3111111111111111 0 0 0.13333333333333333 0 0 0.6222222222222222 0.4666666666666667 0.7777777777777778 
0 0 0 0 0.6888888888888889 0 0.4 0.17777777777777778 0.022222222222222223 0.4444444444444444 0 0 0.6888888888888889 0 0.5555555555555556 0.5555555555555556 0.13333333333333333 0 0 0.13333333333333333 0 0 0.8 0.35555555555555557 0.6222222222222222 
0 0 0 0 0.5777777777777777 0 0.4 0.13333333333333333 0.6 0.5555555555555556 0 0 0.35555555555555557 0 0.4888888888888889 0.26666666666666666 0.4 0 0 0.3333333333333333 0 0 0.7333333333333333 0.24444444444444444 0.3111111111111111 
0 0 0 0 0.6222222222222222 0 0.13333333333333333 0.1111111111111111 0.35555555555555557 0.5777777777777777 0 0 0.08888888888888889 0 0.5111111111111111 0.6 0.13333333333333333 0 0 0.08888888888888889 0 0 0.0 0.24444444444444444 0.4666666666666667 
0 0 0 0 0.7111111111111111 0 0.17777777777777778 0.06666666666666667 0.4222222222222222 0.7111111111111111 0 0 0.3333333333333333 0 0.4888888888888889 0.6 0.4444444444444444 0 0 0.5333333333333333 0 0 0.0 0.08888888888888889 0.4888888888888889 
0 0 0 0 0.4888888888888889 0 0.6666666666666666 0.06666666666666667 0.24444444444444444 0.37777777777777777 0 0 0.3333333333333333 0 0.6888888888888889 0.4222222222222222 0.2222222222222222 0 0 0.7777777777777778 0 0 0.7555555555555555 0.08888888888888889 0.1111111111111111 
0 0 0 0 0.1111111111111111 0 0.4888888888888889 0.28888888888888886 0.5777777777777777 0.6 0 0 0.28888888888888886 0 0.26666666666666666 0.8 0.7555555555555555 0 0 0.35555555555555557 0 0 0.5111111111111111 0.15555555555555556 0.06666666666666667 
0 0 0 0 0.7777777777777778 0 0.15555555555555556 0.7555555555555555 0.4444444444444444 0.24444444444444444 0 0 0.5555555555555556 0 0.4444444444444444 0.022222222222222223 0.26666666666666666 0 0 0.17777777777777778 0 0 0.06666666666666667 0.2222222222222222 0.4444444444444444 
0 0 0 0 0.5111111111111111 0 0.6222222222222222 0.6666666666666666 0.17777777777777778 0.5333333333333333 0 0 0.5777777777777777 0 0.4 0.4444444444444444 0.6222222222222222 0 0 0.8 0 0 0.24444444444444444 0.044444444444444446 0.022222222222222223 
