10
40
2
3
7
1 2 3 4 5 6 7 8 9 10 
1 2 3 4 5 6 7 8 9 10 11 12 13 14 15 16 17 18 19 20 21 22 23 24 25 26 27 28 29 30 31 32 33 34 35 36 37 38 39 40 
22
37 26 10 5 11 13 8 17 31 18 12 28 3 25 33 39 24 22 15 1 7 34 
34
16 8 15 7 26 6 18 14 23 10 2 35 3 28 34 24 1 21 36 40 13 38 25 32 4 22 11 29 39 17 20 27 9 33 
1 2 
1 2 3 
0 0 2 1 0 0 0 0 0 0 1 0 0 0 0 0 0 0 0 0 
2 1 0 0 0 0 2 0 0 0 2 0 0 1 0 0 0 0 0 0 
0 1 0 0 1 1 1 0 0 0 0 0 0 1 0 0 1 0 0 2 
0 0 1 0 0 0 0 0 0 0 0 0 0 2 0 0 2 0 1 0 
0 0 0 2 2 0 0 0 2 1 0 1 2 1 0 0 0 0 0 0 
0 0 1 2 0 0 0 0 1 0 0 0 0 0 0 2 2 0 0 0 
0 0 1 0 2 2 0 1 0 0 0 0 0 0 2 0 0 1 0 0 
44 21 33 20 33 20 27 36 9 32 
1000 1000 1000 1000 1000 1000 1000 1000 1000 1000 
26 34 15 42 43 43 35 26 33 13 
1000 1000 1000 1000 1000 1000 1000 1000 1000 1000 
18 28 14 40 23 33 26 36 17 39 
1000 1000 1000 1000 1000 1000 1000 1000 1000 1000 
15 22 22 24 24 37 30 34 20 28 
31 16 20 30 45 30 9 35 37 28 
1000 1000 1000 1000 1000 1000 1000 1000 1000 1000 
24 20 34 26 17 45 32 13 13 45 
45 23 15 28 34 32 23 45 10 45 
31 23 26 41 22 41 45 41 28 20 
33 17 32 23 41 25 13 9 34 39 
1000 1000 1000 1000 1000 1000 1000 1000 1000 1000 
17 22 43 34 13 30 41 44 44 28 
1000 1000 1000 1000 1000 1000 1000 1000 1000 1000 
12 42 16 42 39 9 19 42 14 29 
29 16 35 18 22 25 13 40 32 41 
1000 1000 1000 1000 1000 1000 1000 1000 1000 1000 
1000 1000 1000 1000 1000 1000 1000 1000 1000 1000 
1000 1000 1000 1000 1000 1000 1000 1000 1000 1000 
44 15 45 22 37 44 31 41 44 39 
1000 1000 1000 1000 1000 1000 1000 1000 1000 1000 
29 19 44 19 45 30 38 33 31 29 
27 16 9 11 36 19 41 15 28 41 
45 24 35 34 26 37 16 18 13 41 
1000 1000 1000 1000 1000 1000 1000 1000 1000 1000 
44 28 20 45 25 32 17 40 31 35 
1000 1000 1000 1000 1000 1000 1000 1000 1000 1000 
1000 1000 1000 1000 1000 1000 1000 1000 1000 1000 
25 36 39 28 32 20 31 38 32 23 
1000 1000 1000 1000 1000 1000 1000 1000 1000 1000 
26 43 15 26 35 45 36 20 36 38 
36 14 32 41 15 39 42 9 38 19 
1000 1000 1000 1000 1000 1000 1000 1000 1000 1000 
1000 1000 1000 1000 1000 1000 1000 1000 1000 1000 
35 27 20 16 12 15 38 17 16 36 
1000 1000 1000 1000 1000 1000 1000 1000 1000 1000 
15 20 23 42 21 40 36 18 38 13 
1000 1000 1000 1000 1000 1000 1000 1000 1000 1000 
30 35 30 19 20 21 27 23 26 23 
16 33 17 20 34 22 18 24 17 25 
25 18 19 20 30 17 30 20 33 30 
26 23 25 24 28 31 30 35 32 28 
1000 1000 1000 1000 1000 1000 1000 1000 1000 1000 
28 32 30 19 19 21 24 26 32 26 
35 15 24 17 19 31 24 27 22 16 
28 17 33 18 24 28 26 29 34 24 
20 25 20 24 16 23 18 24 32 24 
26 32 22 29 28 18 30 29 28 23 
33 31 35 26 25 19 27 30 22 18 
1000 1000 1000 1000 1000 1000 1000 1000 1000 1000 
15 16 17 19 17 24 35 24 35 27 
29 27 23 25 31 31 34 32 27 18 
15 17 24 20 27 29 31 29 15 16 
20 34 22 32 21 34 15 24 35 15 
16 27 26 21 28 34 23 25 35 27 
15 15 31 25 15 18 29 20 32 26 
1000 1000 1000 1000 1000 1000 1000 1000 1000 1000 
25 17 22 32 16 16 22 26 20 27 
27 35 27 23 30 19 30 23 22 33 
31 33 15 33 24 31 30 19 15 25 
27 17 35 16 24 35 26 28 30 16 
15 32 32 28 33 27 35 23 34 15 
33 25 22 22 21 29 18 28 23 26 
30 33 35 20 34 33 17 18 35 21 
29 28 27 33 20 15 26 34 27 29 
27 28 29 17 29 24 33 35 25 20 
23 32 35 19 20 34 27 30 18 32 
1000 1000 1000 1000 1000 1000 1000 1000 1000 1000 
1000 1000 1000 1000 1000 1000 1000 1000 1000 1000 
16 19 22 33 18 26 15 20 24 33 
17 16 27 28 31 22 20 32 30 35 
29 23 26 23 27 32 34 19 16 25 
23 20 21 17 20 35 27 15 34 15 
20 21 23 29 34 35 32 28 21 17 
1000 1000 1000 1000 1000 1000 1000 1000 1000 1000 
21 16 24 15 17 28 23 32 22 25 
28 34 30 31 33 22 18 26 18 22 
25 26 21 20 30 16 15 19 33 28 
0.7777777777777778 0 0.37777777777777777 0 0.2 0 0.13333333333333333 0.4888888888888889 0 0.3333333333333333 0.8 0.4888888888888889 0.5333333333333333 0 0.17777777777777778 0 0.06666666666666667 0.4444444444444444 0 0 0 0.7777777777777778 0 0.4444444444444444 0.4 0.8 0 0.7777777777777778 0 0 0.35555555555555557 0 0.37777777777777777 0.6 0 0 0.5777777777777777 0 0.13333333333333333 0 
0.26666666666666666 0 0.5555555555555556 0 0.4222222222222222 0 0.28888888888888886 0.15555555555555556 0 0.24444444444444444 0.3111111111111111 0.3111111111111111 0.17777777777777778 0 0.28888888888888886 0 0.7333333333333333 0.15555555555555556 0 0 0 0.13333333333333333 0 0.2222222222222222 0.15555555555555556 0.3333333333333333 0 0.4222222222222222 0 0 0.6 0 0.7555555555555555 0.1111111111111111 0 0 0.4 0 0.24444444444444444 0 
0.5333333333333333 0 0.13333333333333333 0 0.1111111111111111 0 0.28888888888888886 0.24444444444444444 0 0.5555555555555556 0.13333333333333333 0.37777777777777777 0.5111111111111111 0 0.7555555555555555 0 0.15555555555555556 0.5777777777777777 0 0 0 0.8 0 0.7777777777777778 0.0 0.5777777777777777 0 0.24444444444444444 0 0 0.6666666666666666 0 0.13333333333333333 0.5111111111111111 0 0 0.24444444444444444 0 0.3111111111111111 0 
0.24444444444444444 0 0.7333333333333333 0 0.6888888888888889 0 0.3333333333333333 0.4666666666666667 0 0.37777777777777777 0.4222222222222222 0.7111111111111111 0.3111111111111111 0 0.5555555555555556 0 0.7333333333333333 0.2 0 0 0 0.28888888888888886 0 0.2222222222222222 0.044444444444444446 0.5555555555555556 0 0.8 0 0 0.4222222222222222 0 0.37777777777777777 0.7111111111111111 0 0 0.15555555555555556 0 0.7333333333333333 0 
0.5333333333333333 0 0.7555555555555555 0 0.3111111111111111 0 0.3333333333333333 0.8 0 0.17777777777777778 0.5555555555555556 0.28888888888888886 0.7111111111111111 0 0.08888888888888889 0 0.6666666666666666 0.28888888888888886 0 0 0 0.6222222222222222 0 0.8 0.6 0.37777777777777777 0 0.35555555555555557 0 0 0.5111111111111111 0 0.5777777777777777 0.13333333333333333 0 0 0.06666666666666667 0 0.26666666666666666 0 
0.24444444444444444 0 0.7555555555555555 0 0.5333333333333333 0 0.6222222222222222 0.4666666666666667 0 0.8 0.5111111111111111 0.7111111111111111 0.35555555555555557 0 0.4666666666666667 0 0.0 0.35555555555555557 0 0 0 0.7777777777777778 0 0.4666666666666667 0.2222222222222222 0.6222222222222222 0 0.5111111111111111 0 0 0.24444444444444444 0 0.8 0.6666666666666666 0 0 0.13333333333333333 0 0.6888888888888889 0 
0.4 0 0.5777777777777777 0 0.37777777777777777 0 0.4666666666666667 0.0 0 0.5111111111111111 0.3111111111111111 0.8 0.08888888888888889 0 0.7111111111111111 0 0.2222222222222222 0.08888888888888889 0 0 0 0.4888888888888889 0 0.6444444444444445 0.7111111111111111 0.15555555555555556 0 0.17777777777777778 0 0 0.4888888888888889 0 0.6 0.7333333333333333 0 0 0.6444444444444445 0 0.6 0 
0.6 0 0.37777777777777777 0 0.6 0 0.5555555555555556 0.5777777777777777 0 0.08888888888888889 0.8 0.7111111111111111 0.0 0 0.7777777777777778 0 0.7333333333333333 0.6888888888888889 0 0 0 0.7111111111111111 0 0.5333333333333333 0.13333333333333333 0.2 0 0.6888888888888889 0 0 0.6444444444444445 0 0.24444444444444444 0.0 0 0 0.17777777777777778 0 0.2 0 
0.0 0 0.5333333333333333 0 0.17777777777777778 0 0.24444444444444444 0.6222222222222222 0 0.08888888888888889 0.022222222222222223 0.4222222222222222 0.5555555555555556 0 0.7777777777777778 0 0.1111111111111111 0.5111111111111111 0 0 0 0.7777777777777778 0 0.4888888888888889 0.4222222222222222 0.08888888888888889 0 0.4888888888888889 0 0 0.5111111111111111 0 0.6 0.6444444444444445 0 0 0.15555555555555556 0 0.6444444444444445 0 
0.5111111111111111 0 0.08888888888888889 0 0.6666666666666666 0 0.4222222222222222 0.4222222222222222 0 0.8 0.8 0.24444444444444444 0.6666666666666666 0 0.4222222222222222 0 0.4444444444444444 0.7111111111111111 0 0 0 0.6666666666666666 0 0.4444444444444444 0.7111111111111111 0.7111111111111111 0 0.5777777777777777 0 0 0.3111111111111111 0 0.6444444444444445 0.2222222222222222 0 0 0.6 0 0.08888888888888889 0 
