50 8 50 4 full 1 25 1 1 
50 8 50 4 full 1 27 1 1 
50 8 50 4 full 1 37 1 1 
50 8 50 4 full 1 43 1 1 
50 8 50 4 full 2 3 1 1 
50 8 50 4 full 2 12 1 1 
50 8 50 4 full 2 19 1 1 
50 8 50 4 full 2 26 1 1 
50 8 50 4 full 2 30 1 1 
50 8 50 4 full 2 44 1 1 
50 8 50 4 full 2 47 1 1 
50 8 50 4 full 3 2 1 1 
50 8 50 4 full 3 8 1 1 
50 8 50 4 full 3 22 1 1 
50 8 50 4 full 3 26 1 1 
50 8 50 4 full 3 33 1 1 
50 8 50 4 full 3 42 1 1 
50 8 50 4 full 3 46 1 1 
50 8 50 4 full 4 3 1 1 
50 8 50 4 full 4 14 1 1 
50 8 50 4 full 4 27 1 1 
50 8 50 4 full 4 34 1 1 
50 8 50 4 full 4 42 1 1 
50 8 50 4 full 4 45 1 1 
50 8 50 4 full 4 48 1 1 
50 8 50 4 full 5 12 1 1 
50 8 50 4 full 5 33 1 1 
50 8 50 4 full 5 35 1 1 
50 8 50 4 full 5 46 1 1 
50 8 50 4 full 6 6 1 1 
50 8 50 4 full 6 7 1 1 
50 8 50 4 full 6 12 1 1 
50 8 50 4 full 6 14 1 1 
50 8 50 4 full 6 22 1 1 
50 8 50 4 full 6 23 1 1 
50 8 50 4 full 6 30 1 1 
50 8 50 4 full 6 48 1 1 
50 8 50 4 full 7 7 1 1 
50 8 50 4 full 7 15 1 1 
50 8 50 4 full 7 22 1 1 
50 8 50 4 full 7 26 1 1 
50 8 50 4 full 7 33 1 1 
50 8 50 4 full 7 36 1 1 
50 8 50 4 full 7 47 1 1 
50 8 50 4 full 7 50 1 1 
50 8 50 4 full 8 2 1 1 
50 8 50 4 full 8 15 1 1 
50 8 50 4 full 8 20 1 1 
50 8 50 4 full 8 26 1 1 
50 8 50 4 full 8 35 1 1 
50 8 50 4 full 9 14 1 1 
50 8 50 4 full 9 15 1 1 
50 8 50 4 full 9 17 1 1 
50 8 50 4 full 9 31 1 1 
50 8 50 4 full 9 33 1 1 
50 8 50 4 full 9 36 1 1 
50 8 50 4 full 9 46 1 1 
50 8 50 4 full 9 48 1 1 
50 8 50 4 full 10 11 1 1 
50 8 50 4 full 10 16 1 1 
50 8 50 4 full 10 18 1 1 
50 8 50 4 full 10 27 1 1 
50 8 50 4 full 10 39 1 1 
50 8 50 4 full 10 45 1 1 
50 8 50 4 full 10 48 1 1 
50 8 50 4 full 10 49 1 1 
50 8 50 4 full 11 2 1 1 
50 8 50 4 full 11 4 1 1 
50 8 50 4 full 11 23 1 1 
50 8 50 4 full 11 28 1 1 
50 8 50 4 full 11 30 1 1 
50 8 50 4 full 11 38 1 1 
50 8 50 4 full 11 39 1 1 
50 8 50 4 full 11 49 1 1 
50 8 50 4 full 12 4 1 1 
50 8 50 4 full 12 7 1 1 
50 8 50 4 full 12 9 1 1 
50 8 50 4 full 12 19 1 1 
50 8 50 4 full 12 29 1 1 
50 8 50 4 full 12 33 1 1 
50 8 50 4 full 12 42 1 1 
50 8 50 4 full 12 50 1 1 
50 8 50 4 full 13 10 1 1 
50 8 50 4 full 13 18 1 1 
50 8 50 4 full 13 20 1 1 
50 8 50 4 full 13 24 1 1 
50 8 50 4 full 13 40 1 1 
50 8 50 4 full 13 46 1 1 
50 8 50 4 full 14 13 1 1 
50 8 50 4 full 14 15 1 1 
50 8 50 4 full 14 27 1 1 
50 8 50 4 full 14 30 1 1 
50 8 50 4 full 14 44 1 1 
50 8 50 4 full 14 45 1 1 
50 8 50 4 full 14 50 1 1 
50 8 50 4 full 15 2 1 1 
50 8 50 4 full 15 5 1 1 
50 8 50 4 full 15 21 1 1 
50 8 50 4 full 15 22 1 1 
50 8 50 4 full 15 31 1 1 
50 8 50 4 full 15 36 1 1 
50 8 50 4 full 15 40 1 1 
50 8 50 4 full 16 2 1 1 
50 8 50 4 full 16 8 1 1 
50 8 50 4 full 16 23 1 1 
50 8 50 4 full 16 29 1 1 
50 8 50 4 full 16 30 1 1 
50 8 50 4 full 16 40 1 1 
50 8 50 4 full 16 47 1 1 
50 8 50 4 full 16 48 1 1 
50 8 50 4 full 17 12 1 1 
50 8 50 4 full 17 13 1 1 
50 8 50 4 full 17 19 1 1 
50 8 50 4 full 17 33 1 1 
50 8 50 4 full 17 34 1 1 
50 8 50 4 full 17 35 1 1 
50 8 50 4 full 17 43 1 1 
50 8 50 4 full 17 50 1 1 
50 8 50 4 full 18 3 1 1 
50 8 50 4 full 18 10 1 1 
50 8 50 4 full 18 11 1 1 
50 8 50 4 full 18 21 1 1 
50 8 50 4 full 18 25 1 1 
50 8 50 4 full 18 27 1 1 
50 8 50 4 full 18 46 1 1 
50 8 50 4 full 18 47 1 1 
50 8 50 4 full 19 2 1 1 
50 8 50 4 full 19 5 1 1 
50 8 50 4 full 19 16 1 1 
50 8 50 4 full 19 48 1 1 
50 8 50 4 full 20 15 1 1 
50 8 50 4 full 20 21 1 1 
50 8 50 4 full 20 22 1 1 
50 8 50 4 full 20 28 1 1 
50 8 50 4 full 20 43 1 1 
50 8 50 4 full 20 44 1 1 
50 8 50 4 full 20 47 1 1 
50 8 50 4 full 20 48 1 1 
50 8 50 4 full 21 13 1 1 
50 8 50 4 full 21 15 1 1 
50 8 50 4 full 21 22 1 1 
50 8 50 4 full 21 24 1 1 
50 8 50 4 full 21 30 1 1 
50 8 50 4 full 21 38 1 1 
50 8 50 4 full 21 43 1 1 
50 8 50 4 full 21 44 1 1 
50 8 50 4 full 22 7 1 1 
50 8 50 4 full 22 11 1 1 
50 8 50 4 full 22 18 1 1 
50 8 50 4 full 22 24 1 1 
50 8 50 4 full 22 39 1 1 
50 8 50 4 full 22 45 1 1 
50 8 50 4 full 22 48 1 1 
50 8 50 4 full 23 6 1 1 
50 8 50 4 full 23 13 1 1 
50 8 50 4 full 23 18 1 1 
50 8 50 4 full 23 23 1 1 
50 8 50 4 full 23 25 1 1 
50 8 50 4 full 23 28 1 1 
50 8 50 4 full 23 34 1 1 
50 8 50 4 full 23 40 1 1 
50 8 50 4 full 24 15 1 1 
50 8 50 4 full 24 22 1 1 
50 8 50 4 full 24 31 1 1 
50 8 50 4 full 24 33 1 1 
50 8 50 4 full 24 44 1 1 
50 8 50 4 full 24 46 1 1 
50 8 50 4 full 24 48 1 1 
50 8 50 4 full 24 49 1 1 
50 8 50 4 full 25 18 1 1 
50 8 50 4 full 25 23 1 1 
50 8 50 4 full 25 33 1 1 
50 8 50 4 full 25 34 1 1 
50 8 50 4 full 25 40 1 1 
50 8 50 4 full 25 46 1 1 
50 8 50 4 full 26 1 1 1 
50 8 50 4 full 26 10 1 1 
50 8 50 4 full 26 17 1 1 
50 8 50 4 full 26 27 1 1 
50 8 50 4 full 26 28 1 1 
50 8 50 4 full 26 48 1 1 
50 8 50 4 full 27 6 1 1 
50 8 50 4 full 27 7 1 1 
50 8 50 4 full 27 13 1 1 
50 8 50 4 full 27 17 1 1 
50 8 50 4 full 27 35 1 1 
50 8 50 4 full 27 36 1 1 
50 8 50 4 full 27 37 1 1 
50 8 50 4 full 27 42 1 1 
50 8 50 4 full 28 10 1 1 
50 8 50 4 full 28 14 1 1 
50 8 50 4 full 28 15 1 1 
50 8 50 4 full 28 30 1 1 
50 8 50 4 full 28 32 1 1 
50 8 50 4 full 28 34 1 1 
50 8 50 4 full 28 35 1 1 
50 8 50 4 full 28 44 1 1 
50 8 50 4 full 29 5 1 1 
50 8 50 4 full 29 12 1 1 
50 8 50 4 full 29 22 1 1 
50 8 50 4 full 29 26 1 1 
50 8 50 4 full 29 29 1 1 
50 8 50 4 full 29 36 1 1 
50 8 50 4 full 29 41 1 1 
50 8 50 4 full 29 43 1 1 
50 8 50 4 full 30 7 1 1 
50 8 50 4 full 30 9 1 1 
50 8 50 4 full 30 12 1 1 
50 8 50 4 full 30 32 1 1 
50 8 50 4 full 31 5 1 1 
50 8 50 4 full 31 14 1 1 
50 8 50 4 full 31 21 1 1 
50 8 50 4 full 31 25 1 1 
50 8 50 4 full 31 38 1 1 
50 8 50 4 full 31 41 1 1 
50 8 50 4 full 31 42 1 1 
50 8 50 4 full 31 50 1 1 
50 8 50 4 full 32 11 1 1 
50 8 50 4 full 32 13 1 1 
50 8 50 4 full 32 15 1 1 
50 8 50 4 full 32 29 1 1 
50 8 50 4 full 32 35 1 1 
50 8 50 4 full 32 36 1 1 
50 8 50 4 full 32 38 1 1 
50 8 50 4 full 32 48 1 1 
50 8 50 4 full 33 2 1 1 
50 8 50 4 full 33 8 1 1 
50 8 50 4 full 33 13 1 1 
50 8 50 4 full 33 19 1 1 
50 8 50 4 full 33 20 1 1 
50 8 50 4 full 33 29 1 1 
50 8 50 4 full 33 34 1 1 
50 8 50 4 full 33 50 1 1 
50 8 50 4 full 34 2 1 1 
50 8 50 4 full 34 3 1 1 
50 8 50 4 full 34 13 1 1 
50 8 50 4 full 34 17 1 1 
50 8 50 4 full 34 31 1 1 
50 8 50 4 full 34 46 1 1 
50 8 50 4 full 34 49 1 1 
50 8 50 4 full 34 50 1 1 
50 8 50 4 full 35 7 1 1 
50 8 50 4 full 35 12 1 1 
50 8 50 4 full 35 13 1 1 
50 8 50 4 full 35 15 1 1 
50 8 50 4 full 35 19 1 1 
50 8 50 4 full 35 36 1 1 
50 8 50 4 full 35 41 1 1 
50 8 50 4 full 35 44 1 1 
50 8 50 4 full 36 4 1 1 
50 8 50 4 full 36 19 1 1 
50 8 50 4 full 36 23 1 1 
50 8 50 4 full 36 30 1 1 
50 8 50 4 full 36 35 1 1 
50 8 50 4 full 36 39 1 1 
50 8 50 4 full 37 3 1 1 
50 8 50 4 full 37 4 1 1 
50 8 50 4 full 37 8 1 1 
50 8 50 4 full 37 13 1 1 
50 8 50 4 full 37 21 1 1 
50 8 50 4 full 37 25 1 1 
50 8 50 4 full 37 31 1 1 
50 8 50 4 full 38 3 1 1 
50 8 50 4 full 38 10 1 1 
50 8 50 4 full 38 20 1 1 
50 8 50 4 full 38 23 1 1 
50 8 50 4 full 38 48 1 1 
50 8 50 4 full 39 6 1 1 
50 8 50 4 full 39 25 1 1 
50 8 50 4 full 39 27 1 1 
50 8 50 4 full 39 32 1 1 
50 8 50 4 full 39 34 1 1 
50 8 50 4 full 39 37 1 1 
50 8 50 4 full 39 41 1 1 
50 8 50 4 full 39 50 1 1 
50 8 50 4 full 40 5 1 1 
50 8 50 4 full 40 6 1 1 
50 8 50 4 full 40 10 1 1 
50 8 50 4 full 40 19 1 1 
50 8 50 4 full 40 39 1 1 
50 8 50 4 full 40 46 1 1 
50 8 50 4 full 40 49 1 1 
50 8 50 4 full 41 8 1 1 
50 8 50 4 full 41 27 1 1 
50 8 50 4 full 41 32 1 1 
50 8 50 4 full 41 44 1 1 
50 8 50 4 full 42 7 1 1 
50 8 50 4 full 42 19 1 1 
50 8 50 4 full 42 27 1 1 
50 8 50 4 full 42 35 1 1 
50 8 50 4 full 42 43 1 1 
50 8 50 4 full 42 49 1 1 
50 8 50 4 full 43 3 1 1 
50 8 50 4 full 43 4 1 1 
50 8 50 4 full 43 23 2 1 
50 8 50 4 full 43 26 1 1 
50 8 50 4 full 43 33 1 1 
50 8 50 4 full 43 35 1 1 
50 8 50 4 full 43 48 1 1 
50 8 50 4 full 44 22 2 1 
50 8 50 4 full 44 33 1 1 
50 8 50 4 full 44 34 1 1 
50 8 50 4 full 44 48 1 1 
50 8 50 4 full 44 49 1 1 
50 8 50 4 full 45 5 1 1 
50 8 50 4 full 45 16 1 1 
50 8 50 4 full 45 17 1 1 
50 8 50 4 full 45 31 1 1 
50 8 50 4 full 45 32 1 1 
50 8 50 4 full 45 41 1 1 
50 8 50 4 full 45 43 1 1 
50 8 50 4 full 45 47 1 1 
50 8 50 4 full 46 7 1 1 
50 8 50 4 full 46 10 1 1 
50 8 50 4 full 46 12 1 1 
50 8 50 4 full 46 39 1 1 
50 8 50 4 full 46 41 1 1 
50 8 50 4 full 46 46 1 1 
50 8 50 4 full 47 18 1 1 
50 8 50 4 full 47 19 1 1 
50 8 50 4 full 47 23 2 1 
50 8 50 4 full 48 5 1 1 
50 8 50 4 full 48 8 1 1 
50 8 50 4 full 48 17 1 1 
50 8 50 4 full 48 21 1 1 
50 8 50 4 full 48 30 1 1 
50 8 50 4 full 48 31 1 1 
50 8 50 4 full 48 34 1 1 
50 8 50 4 full 48 38 1 1 
50 8 50 4 full 49 11 1 1 
50 8 50 4 full 49 25 1 1 
50 8 50 4 full 49 29 1 1 
50 8 50 4 full 49 34 1 1 
50 8 50 4 full 49 38 1 1 
50 8 50 4 full 49 39 1 1 
50 8 50 4 full 49 43 1 1 
50 8 50 4 full 49 49 1 1 
50 8 50 4 full 50 3 1 1 
50 8 50 4 full 50 11 1 1 
50 8 50 4 full 50 22 1 1 
50 8 50 4 full 50 28 1 1 
50 8 50 4 full 50 30 1 1 
50 8 50 4 full 50 42 1 1 
50 8 50 4 full 50 43 1 1 
