20 20 50 3 full 1 1 1 1 
20 20 50 3 full 1 12 1 1 
20 20 50 3 full 1 19 2 1 
20 20 50 3 full 1 20 1 1 
20 20 50 3 full 2 2 1 1 
20 20 50 3 full 2 5 1 1 
20 20 50 3 full 2 10 3 1 
20 20 50 3 full 2 15 1 1 
20 20 50 3 full 3 4 1 1 
20 20 50 3 full 3 6 1 1 
20 20 50 3 full 4 3 1 1 
20 20 50 3 full 4 9 1 1 
20 20 50 3 full 4 12 2 1 
20 20 50 3 full 4 14 1 1 
20 20 50 3 full 4 16 1 1 
20 20 50 3 full 4 20 1 1 
20 20 50 3 full 5 1 2 1 
20 20 50 3 full 5 5 2 1 
20 20 50 3 full 5 7 1 1 
20 20 50 3 full 5 20 2 1 
20 20 50 3 full 6 3 1 1 
20 20 50 3 full 6 16 1 1 
20 20 50 3 full 6 18 2 1 
20 20 50 3 full 6 19 1 1 
20 20 50 3 full 6 20 2 1 
20 20 50 3 full 7 2 2 1 
20 20 50 3 full 7 3 1 1 
20 20 50 3 full 7 5 1 1 
20 20 50 3 full 7 13 1 1 
20 20 50 3 full 7 15 1 1 
20 20 50 3 full 7 20 2 1 
20 20 50 3 full 8 1 1 1 
20 20 50 3 full 8 2 2 1 
20 20 50 3 full 8 8 1 1 
20 20 50 3 full 8 10 1 1 
20 20 50 3 full 8 15 1 1 
20 20 50 3 full 8 20 1 1 
20 20 50 3 full 9 1 2 1 
20 20 50 3 full 9 2 2 1 
20 20 50 3 full 9 6 1 1 
20 20 50 3 full 9 8 2 1 
20 20 50 3 full 10 5 1 1 
20 20 50 3 full 10 7 2 1 
20 20 50 3 full 10 8 1 1 
20 20 50 3 full 10 14 2 1 
20 20 50 3 full 10 17 1 1 
20 20 50 3 full 10 18 1 1 
20 20 50 3 full 11 16 1 1 
20 20 50 3 full 11 17 1 1 
20 20 50 3 full 11 19 2 1 
20 20 50 3 full 11 20 1 1 
20 20 50 3 full 12 4 3 1 
20 20 50 3 full 12 5 1 1 
20 20 50 3 full 12 8 1 1 
20 20 50 3 full 12 15 1 1 
20 20 50 3 full 13 5 2 1 
20 20 50 3 full 13 8 2 1 
20 20 50 3 full 13 10 1 1 
20 20 50 3 full 13 11 1 1 
20 20 50 3 full 14 10 1 1 
20 20 50 3 full 15 8 2 1 
20 20 50 3 full 15 12 1 1 
20 20 50 3 full 16 2 1 1 
20 20 50 3 full 16 3 1 1 
20 20 50 3 full 16 7 1 1 
20 20 50 3 full 16 12 1 1 
20 20 50 3 full 16 14 1 1 
20 20 50 3 full 16 15 1 1 
20 20 50 3 full 16 16 1 1 
20 20 50 3 full 16 19 1 1 
20 20 50 3 full 17 9 1 1 
20 20 50 3 full 17 13 3 1 
20 20 50 3 full 17 14 1 1 
20 20 50 3 full 17 16 1 1 
20 20 50 3 full 17 17 1 1 
20 20 50 3 full 18 9 1 1 
20 20 50 3 full 18 10 1 1 
20 20 50 3 full 18 16 1 1 
20 20 50 3 full 19 5 1 1 
20 20 50 3 full 19 9 1 1 
20 20 50 3 full 19 10 1 1 
20 20 50 3 full 19 13 1 1 
20 20 50 3 full 19 18 2 1 
20 20 50 3 full 19 19 1 1 
20 20 50 3 full 20 16 1 1 
20 20 50 3 full 20 17 1 1 
20 20 50 3 full 20 19 1 1 
20 20 50 3 full 21 7 1 1 
20 20 50 3 full 21 13 2 1 
20 20 50 3 full 21 16 1 1 
20 20 50 3 full 22 10 2 1 
20 20 50 3 full 22 17 1 1 
20 20 50 3 full 22 19 1 1 
20 20 50 3 full 22 20 2 1 
20 20 50 3 full 23 9 2 1 
20 20 50 3 full 23 14 1 1 
20 20 50 3 full 23 15 1 1 
20 20 50 3 full 23 17 1 1 
20 20 50 3 full 24 1 2 1 
20 20 50 3 full 24 6 1 1 
20 20 50 3 full 24 7 3 1 
20 20 50 3 full 24 13 1 1 
20 20 50 3 full 25 7 2 1 
20 20 50 3 full 25 8 1 1 
20 20 50 3 full 25 9 1 1 
20 20 50 3 full 25 11 1 1 
20 20 50 3 full 26 8 1 1 
20 20 50 3 full 26 10 1 1 
20 20 50 3 full 26 12 1 1 
20 20 50 3 full 26 13 1 1 
20 20 50 3 full 26 15 1 1 
20 20 50 3 full 26 16 1 1 
20 20 50 3 full 26 18 1 1 
20 20 50 3 full 26 20 1 1 
20 20 50 3 full 27 7 1 1 
20 20 50 3 full 27 8 2 1 
20 20 50 3 full 27 17 1 1 
20 20 50 3 full 27 19 1 1 
20 20 50 3 full 27 20 3 1 
20 20 50 3 full 28 7 1 1 
20 20 50 3 full 28 13 1 1 
20 20 50 3 full 28 14 1 1 
20 20 50 3 full 28 16 1 1 
20 20 50 3 full 28 20 1 1 
20 20 50 3 full 29 11 1 1 
20 20 50 3 full 29 17 1 1 
20 20 50 3 full 30 2 3 1 
20 20 50 3 full 30 9 1 1 
20 20 50 3 full 30 15 1 1 
20 20 50 3 full 30 20 2 1 
20 20 50 3 full 31 1 1 1 
20 20 50 3 full 31 10 1 1 
20 20 50 3 full 31 11 1 1 
20 20 50 3 full 31 13 2 1 
20 20 50 3 full 31 14 2 1 
20 20 50 3 full 32 3 1 1 
20 20 50 3 full 32 8 1 1 
20 20 50 3 full 32 13 3 1 
20 20 50 3 full 32 17 1 1 
20 20 50 3 full 33 1 2 1 
20 20 50 3 full 33 11 1 1 
20 20 50 3 full 33 15 1 1 
20 20 50 3 full 33 16 1 1 
20 20 50 3 full 33 19 1 1 
20 20 50 3 full 34 10 1 1 
20 20 50 3 full 34 14 2 1 
20 20 50 3 full 34 19 1 1 
20 20 50 3 full 35 7 2 1 
20 20 50 3 full 35 16 2 1 
20 20 50 3 full 35 17 1 1 
20 20 50 3 full 35 18 1 1 
20 20 50 3 full 36 3 2 1 
20 20 50 3 full 36 9 1 1 
20 20 50 3 full 36 16 1 1 
20 20 50 3 full 36 19 1 1 
20 20 50 3 full 37 6 1 1 
20 20 50 3 full 37 7 1 1 
20 20 50 3 full 37 9 1 1 
20 20 50 3 full 37 13 1 1 
20 20 50 3 full 38 3 1 1 
20 20 50 3 full 38 7 1 1 
20 20 50 3 full 38 16 1 1 
20 20 50 3 full 38 19 2 1 
20 20 50 3 full 39 3 2 1 
20 20 50 3 full 39 9 1 1 
20 20 50 3 full 39 12 1 1 
20 20 50 3 full 40 4 1 1 
20 20 50 3 full 40 5 1 1 
20 20 50 3 full 40 6 1 1 
20 20 50 3 full 40 7 1 1 
20 20 50 3 full 40 13 1 1 
20 20 50 3 full 40 16 1 1 
20 20 50 3 full 41 2 1 1 
20 20 50 3 full 41 5 1 1 
20 20 50 3 full 41 10 2 1 
20 20 50 3 full 41 17 1 1 
20 20 50 3 full 42 1 1 1 
20 20 50 3 full 42 11 1 1 
20 20 50 3 full 42 12 1 1 
20 20 50 3 full 42 15 2 1 
20 20 50 3 full 43 4 1 1 
20 20 50 3 full 43 7 2 1 
20 20 50 3 full 43 12 1 1 
20 20 50 3 full 44 4 1 1 
20 20 50 3 full 44 7 2 1 
20 20 50 3 full 44 12 3 1 
20 20 50 3 full 44 13 1 1 
20 20 50 3 full 45 1 1 1 
20 20 50 3 full 45 9 1 1 
20 20 50 3 full 45 12 1 1 
20 20 50 3 full 45 14 2 1 
20 20 50 3 full 45 17 2 1 
20 20 50 3 full 46 11 2 1 
20 20 50 3 full 46 13 1 1 
20 20 50 3 full 47 1 3 1 
20 20 50 3 full 47 3 1 1 
20 20 50 3 full 47 6 1 1 
20 20 50 3 full 47 8 1 1 
20 20 50 3 full 47 14 2 1 
20 20 50 3 full 48 1 1 1 
20 20 50 3 full 48 3 2 1 
20 20 50 3 full 49 4 1 1 
20 20 50 3 full 49 8 2 1 
20 20 50 3 full 49 12 2 1 
20 20 50 3 full 49 17 1 1 
20 20 50 3 full 49 18 1 1 
20 20 50 3 full 50 1 1 1 
20 20 50 3 full 50 3 1 1 
20 20 50 3 full 50 8 1 1 
