50 8 20 2 full 1 8 1 1 
50 8 20 2 full 1 11 1 1 
50 8 20 2 full 1 16 1 1 
50 8 20 2 full 1 29 1 1 
50 8 20 2 full 1 33 1 1 
50 8 20 2 full 1 35 1 1 
50 8 20 2 full 1 40 1 1 
50 8 20 2 full 1 44 1 1 
50 8 20 2 full 2 2 1 1 
50 8 20 2 full 2 4 1 1 
50 8 20 2 full 2 18 1 1 
50 8 20 2 full 2 25 1 1 
50 8 20 2 full 2 38 1 1 
50 8 20 2 full 2 45 1 1 
50 8 20 2 full 3 5 1 1 
50 8 20 2 full 3 14 1 1 
50 8 20 2 full 3 19 1 1 
50 8 20 2 full 3 24 1 1 
50 8 20 2 full 3 32 1 1 
50 8 20 2 full 3 34 1 1 
50 8 20 2 full 3 49 1 1 
50 8 20 2 full 3 50 1 1 
50 8 20 2 full 4 5 1 1 
50 8 20 2 full 4 13 1 1 
50 8 20 2 full 4 20 1 1 
50 8 20 2 full 4 35 1 1 
50 8 20 2 full 4 37 1 1 
50 8 20 2 full 4 43 1 1 
50 8 20 2 full 4 46 1 1 
50 8 20 2 full 5 7 1 1 
50 8 20 2 full 5 13 1 1 
50 8 20 2 full 5 20 1 1 
50 8 20 2 full 5 30 1 1 
50 8 20 2 full 5 38 1 1 
50 8 20 2 full 5 39 1 1 
50 8 20 2 full 5 45 1 1 
50 8 20 2 full 6 2 1 1 
50 8 20 2 full 6 13 1 1 
50 8 20 2 full 6 14 1 1 
50 8 20 2 full 6 15 1 1 
50 8 20 2 full 6 23 1 1 
50 8 20 2 full 6 27 1 1 
50 8 20 2 full 6 39 1 1 
50 8 20 2 full 7 13 1 1 
50 8 20 2 full 7 18 1 1 
50 8 20 2 full 7 27 1 1 
50 8 20 2 full 7 28 1 1 
50 8 20 2 full 7 39 1 1 
50 8 20 2 full 7 43 1 1 
50 8 20 2 full 7 47 1 1 
50 8 20 2 full 7 48 1 1 
50 8 20 2 full 8 3 1 1 
50 8 20 2 full 8 5 1 1 
50 8 20 2 full 8 10 1 1 
50 8 20 2 full 8 18 1 1 
50 8 20 2 full 8 21 1 1 
50 8 20 2 full 8 23 1 1 
50 8 20 2 full 8 24 1 1 
50 8 20 2 full 8 44 1 1 
50 8 20 2 full 9 1 1 1 
50 8 20 2 full 9 4 1 1 
50 8 20 2 full 9 7 1 1 
50 8 20 2 full 9 18 1 1 
50 8 20 2 full 9 21 1 1 
50 8 20 2 full 9 28 1 1 
50 8 20 2 full 9 43 1 1 
50 8 20 2 full 9 45 1 1 
50 8 20 2 full 10 4 1 1 
50 8 20 2 full 10 17 1 1 
50 8 20 2 full 10 22 1 1 
50 8 20 2 full 10 33 1 1 
50 8 20 2 full 10 36 1 1 
50 8 20 2 full 10 41 1 1 
50 8 20 2 full 10 47 1 1 
50 8 20 2 full 10 50 1 1 
50 8 20 2 full 11 18 1 1 
50 8 20 2 full 11 19 1 1 
50 8 20 2 full 11 21 1 1 
50 8 20 2 full 11 22 1 1 
50 8 20 2 full 11 24 1 1 
50 8 20 2 full 11 25 1 1 
50 8 20 2 full 11 27 1 1 
50 8 20 2 full 11 35 1 1 
50 8 20 2 full 12 6 1 1 
50 8 20 2 full 12 7 1 1 
50 8 20 2 full 12 16 1 1 
50 8 20 2 full 12 19 1 1 
50 8 20 2 full 12 22 1 1 
50 8 20 2 full 12 29 1 1 
50 8 20 2 full 12 34 1 1 
50 8 20 2 full 13 9 1 1 
50 8 20 2 full 13 22 1 1 
50 8 20 2 full 13 27 1 1 
50 8 20 2 full 13 28 1 1 
50 8 20 2 full 13 31 1 1 
50 8 20 2 full 13 35 1 1 
50 8 20 2 full 13 38 1 1 
50 8 20 2 full 13 42 1 1 
50 8 20 2 full 14 18 1 1 
50 8 20 2 full 14 20 1 1 
50 8 20 2 full 14 25 1 1 
50 8 20 2 full 14 26 1 1 
50 8 20 2 full 14 36 1 1 
50 8 20 2 full 14 39 1 1 
50 8 20 2 full 14 49 1 1 
50 8 20 2 full 14 50 1 1 
50 8 20 2 full 15 12 1 1 
50 8 20 2 full 15 17 1 1 
50 8 20 2 full 15 20 1 1 
50 8 20 2 full 15 40 1 1 
50 8 20 2 full 15 41 1 1 
50 8 20 2 full 16 5 1 1 
50 8 20 2 full 16 12 1 1 
50 8 20 2 full 16 22 1 1 
50 8 20 2 full 16 24 1 1 
50 8 20 2 full 16 26 1 1 
50 8 20 2 full 16 44 1 1 
50 8 20 2 full 16 48 1 1 
50 8 20 2 full 17 12 1 1 
50 8 20 2 full 17 27 1 1 
50 8 20 2 full 17 30 1 1 
50 8 20 2 full 17 36 1 1 
50 8 20 2 full 17 37 1 1 
50 8 20 2 full 17 41 1 1 
50 8 20 2 full 18 2 1 1 
50 8 20 2 full 18 6 1 1 
50 8 20 2 full 18 14 1 1 
50 8 20 2 full 18 20 1 1 
50 8 20 2 full 18 23 1 1 
50 8 20 2 full 18 33 1 1 
50 8 20 2 full 18 49 1 1 
50 8 20 2 full 19 11 1 1 
50 8 20 2 full 19 17 1 1 
50 8 20 2 full 19 29 1 1 
50 8 20 2 full 19 40 1 1 
50 8 20 2 full 19 47 1 1 
50 8 20 2 full 20 2 1 1 
50 8 20 2 full 20 6 1 1 
50 8 20 2 full 20 13 1 1 
50 8 20 2 full 20 33 1 1 
50 8 20 2 full 20 44 1 1 
50 8 20 2 full 20 48 1 1 
50 8 20 2 full 20 49 1 1 
