50 20 5 5 full 1 3 1 1 
50 20 5 5 full 1 7 1 1 
50 20 5 5 full 1 8 1 1 
50 20 5 5 full 1 11 1 1 
50 20 5 5 full 1 18 1 1 
50 20 5 5 full 1 31 1 1 
50 20 5 5 full 1 32 1 1 
50 20 5 5 full 1 37 1 1 
50 20 5 5 full 2 2 1 1 
50 20 5 5 full 2 11 1 1 
50 20 5 5 full 2 26 1 1 
50 20 5 5 full 2 33 1 1 
50 20 5 5 full 2 36 1 1 
50 20 5 5 full 2 37 1 1 
50 20 5 5 full 2 41 1 1 
50 20 5 5 full 2 46 1 1 
50 20 5 5 full 3 5 1 1 
50 20 5 5 full 3 11 1 1 
50 20 5 5 full 3 15 1 1 
50 20 5 5 full 3 20 1 1 
50 20 5 5 full 3 37 1 1 
50 20 5 5 full 3 41 1 1 
50 20 5 5 full 4 7 1 1 
50 20 5 5 full 4 14 1 1 
50 20 5 5 full 4 19 1 1 
50 20 5 5 full 4 21 1 1 
50 20 5 5 full 4 25 1 1 
50 20 5 5 full 4 33 1 1 
50 20 5 5 full 4 38 1 1 
50 20 5 5 full 4 40 1 1 
50 20 5 5 full 5 16 1 1 
50 20 5 5 full 5 19 1 1 
50 20 5 5 full 5 26 1 1 
50 20 5 5 full 5 29 1 1 
50 20 5 5 full 5 37 1 1 
50 20 5 5 full 5 42 1 1 
