20 40 50 1 full 1 2 1 1 
20 40 50 1 full 1 3 2 1 
20 40 50 1 full 1 10 1 1 
20 40 50 1 full 2 3 1 1 
20 40 50 1 full 2 6 2 1 
20 40 50 1 full 2 7 1 1 
20 40 50 1 full 2 9 1 1 
20 40 50 1 full 2 12 1 1 
20 40 50 1 full 2 13 1 1 
20 40 50 1 full 2 20 1 1 
20 40 50 1 full 3 2 2 1 
20 40 50 1 full 3 7 1 1 
20 40 50 1 full 3 9 3 1 
20 40 50 1 full 3 20 2 1 
20 40 50 1 full 4 6 1 1 
20 40 50 1 full 4 9 2 1 
20 40 50 1 full 4 13 1 1 
20 40 50 1 full 4 14 1 1 
20 40 50 1 full 4 16 1 1 
20 40 50 1 full 4 20 1 1 
20 40 50 1 full 5 2 1 1 
20 40 50 1 full 5 7 3 1 
20 40 50 1 full 5 8 1 1 
20 40 50 1 full 5 13 2 1 
20 40 50 1 full 6 3 2 1 
20 40 50 1 full 6 4 2 1 
20 40 50 1 full 6 8 1 1 
20 40 50 1 full 6 12 2 1 
20 40 50 1 full 7 8 1 1 
20 40 50 1 full 7 14 1 1 
20 40 50 1 full 8 6 2 1 
20 40 50 1 full 8 7 1 1 
20 40 50 1 full 8 17 2 1 
20 40 50 1 full 9 3 1 1 
20 40 50 1 full 9 13 2 1 
20 40 50 1 full 9 15 1 1 
20 40 50 1 full 9 17 1 1 
20 40 50 1 full 9 20 2 1 
20 40 50 1 full 10 2 2 1 
20 40 50 1 full 10 8 2 1 
20 40 50 1 full 10 10 2 1 
20 40 50 1 full 10 11 2 1 
20 40 50 1 full 11 10 1 1 
20 40 50 1 full 11 11 1 1 
20 40 50 1 full 11 15 2 1 
20 40 50 1 full 11 16 2 1 
20 40 50 1 full 11 18 1 1 
20 40 50 1 full 11 19 1 1 
20 40 50 1 full 12 5 1 1 
20 40 50 1 full 12 7 1 1 
20 40 50 1 full 13 1 2 1 
20 40 50 1 full 13 7 1 1 
20 40 50 1 full 13 17 1 1 
20 40 50 1 full 13 19 2 1 
20 40 50 1 full 13 20 1 1 
20 40 50 1 full 14 1 2 1 
20 40 50 1 full 14 2 1 1 
20 40 50 1 full 14 8 1 1 
20 40 50 1 full 14 10 1 1 
20 40 50 1 full 14 14 1 1 
20 40 50 1 full 15 6 1 1 
20 40 50 1 full 15 8 2 1 
20 40 50 1 full 15 20 1 1 
20 40 50 1 full 16 2 1 1 
20 40 50 1 full 16 4 1 1 
20 40 50 1 full 16 7 1 1 
20 40 50 1 full 16 9 2 1 
20 40 50 1 full 16 12 1 1 
20 40 50 1 full 16 13 1 1 
20 40 50 1 full 17 10 1 1 
20 40 50 1 full 17 14 1 1 
20 40 50 1 full 17 15 1 1 
20 40 50 1 full 18 1 1 1 
20 40 50 1 full 18 5 1 1 
20 40 50 1 full 18 8 2 1 
20 40 50 1 full 18 14 1 1 
20 40 50 1 full 18 16 1 1 
20 40 50 1 full 19 1 1 1 
20 40 50 1 full 19 8 1 1 
20 40 50 1 full 19 13 1 1 
20 40 50 1 full 20 1 1 1 
20 40 50 1 full 20 5 1 1 
20 40 50 1 full 20 8 2 1 
20 40 50 1 full 20 13 1 1 
20 40 50 1 full 21 5 1 1 
20 40 50 1 full 21 6 1 1 
20 40 50 1 full 21 15 2 1 
20 40 50 1 full 22 3 1 1 
20 40 50 1 full 22 4 1 1 
20 40 50 1 full 22 8 2 1 
20 40 50 1 full 22 11 1 1 
20 40 50 1 full 22 19 1 1 
20 40 50 1 full 23 4 2 1 
20 40 50 1 full 23 5 2 1 
20 40 50 1 full 23 11 1 1 
20 40 50 1 full 23 18 1 1 
20 40 50 1 full 24 12 1 1 
20 40 50 1 full 24 15 2 1 
20 40 50 1 full 24 17 2 1 
20 40 50 1 full 24 18 2 1 
20 40 50 1 full 25 1 1 1 
20 40 50 1 full 25 11 1 1 
20 40 50 1 full 25 19 1 1 
20 40 50 1 full 26 2 1 1 
20 40 50 1 full 26 3 2 1 
20 40 50 1 full 26 4 2 1 
20 40 50 1 full 26 9 1 1 
20 40 50 1 full 26 14 1 1 
20 40 50 1 full 27 4 3 1 
20 40 50 1 full 27 13 1 1 
20 40 50 1 full 27 15 1 1 
20 40 50 1 full 28 17 1 1 
20 40 50 1 full 29 6 1 1 
20 40 50 1 full 29 13 1 1 
20 40 50 1 full 29 17 2 1 
20 40 50 1 full 29 18 2 1 
20 40 50 1 full 29 19 1 1 
20 40 50 1 full 30 7 2 1 
20 40 50 1 full 30 10 1 1 
20 40 50 1 full 30 11 1 1 
20 40 50 1 full 30 12 2 1 
20 40 50 1 full 30 13 1 1 
20 40 50 1 full 31 5 1 1 
20 40 50 1 full 31 11 1 1 
20 40 50 1 full 31 16 3 1 
20 40 50 1 full 31 20 1 1 
20 40 50 1 full 32 2 1 1 
20 40 50 1 full 32 6 1 1 
20 40 50 1 full 32 10 1 1 
20 40 50 1 full 32 13 1 1 
20 40 50 1 full 32 20 2 1 
20 40 50 1 full 33 8 1 1 
20 40 50 1 full 33 10 1 1 
20 40 50 1 full 33 11 1 1 
20 40 50 1 full 34 11 2 1 
20 40 50 1 full 34 14 1 1 
20 40 50 1 full 34 16 3 1 
20 40 50 1 full 34 19 1 1 
20 40 50 1 full 35 1 1 1 
20 40 50 1 full 35 7 2 1 
20 40 50 1 full 35 8 1 1 
20 40 50 1 full 35 18 1 1 
20 40 50 1 full 36 2 1 1 
20 40 50 1 full 36 4 1 1 
20 40 50 1 full 36 20 1 1 
20 40 50 1 full 37 1 2 1 
20 40 50 1 full 37 7 1 1 
20 40 50 1 full 37 13 1 1 
20 40 50 1 full 37 16 1 1 
20 40 50 1 full 38 2 1 1 
20 40 50 1 full 38 8 2 1 
20 40 50 1 full 38 9 1 1 
20 40 50 1 full 38 12 1 1 
20 40 50 1 full 38 16 1 1 
20 40 50 1 full 38 19 1 1 
20 40 50 1 full 39 4 2 1 
20 40 50 1 full 39 5 2 1 
20 40 50 1 full 39 6 1 1 
20 40 50 1 full 39 8 2 1 
20 40 50 1 full 39 19 1 1 
20 40 50 1 full 40 2 1 1 
20 40 50 1 full 40 3 1 1 
20 40 50 1 full 40 10 1 1 
20 40 50 1 full 40 14 1 1 
20 40 50 1 full 40 16 1 1 
20 40 50 1 full 40 17 2 1 
20 40 50 1 full 40 19 1 1 
20 40 50 1 full 41 1 2 1 
20 40 50 1 full 41 3 1 1 
20 40 50 1 full 41 5 1 1 
20 40 50 1 full 41 8 2 1 
20 40 50 1 full 41 13 1 1 
20 40 50 1 full 41 15 1 1 
20 40 50 1 full 42 1 2 1 
20 40 50 1 full 42 5 1 1 
20 40 50 1 full 42 12 1 1 
20 40 50 1 full 42 13 1 1 
20 40 50 1 full 42 14 1 1 
20 40 50 1 full 42 17 1 1 
20 40 50 1 full 43 8 1 1 
20 40 50 1 full 43 9 1 1 
20 40 50 1 full 43 12 1 1 
20 40 50 1 full 43 14 2 1 
20 40 50 1 full 43 18 2 1 
20 40 50 1 full 43 19 1 1 
20 40 50 1 full 44 2 1 1 
20 40 50 1 full 44 5 1 1 
20 40 50 1 full 44 9 1 1 
20 40 50 1 full 44 12 1 1 
20 40 50 1 full 44 19 1 1 
20 40 50 1 full 44 20 1 1 
20 40 50 1 full 45 4 3 1 
20 40 50 1 full 45 13 2 1 
20 40 50 1 full 45 17 1 1 
20 40 50 1 full 46 2 2 1 
20 40 50 1 full 46 3 2 1 
20 40 50 1 full 46 7 1 1 
20 40 50 1 full 46 8 1 1 
20 40 50 1 full 47 2 1 1 
20 40 50 1 full 47 7 2 1 
20 40 50 1 full 48 1 1 1 
20 40 50 1 full 48 2 1 1 
20 40 50 1 full 48 7 1 1 
20 40 50 1 full 48 12 1 1 
20 40 50 1 full 48 16 1 1 
20 40 50 1 full 48 18 1 1 
20 40 50 1 full 49 3 2 1 
20 40 50 1 full 49 8 1 1 
20 40 50 1 full 49 12 1 1 
20 40 50 1 full 49 13 3 1 
20 40 50 1 full 49 15 1 1 
20 40 50 1 full 50 6 1 1 
20 40 50 1 full 50 7 1 1 
20 40 50 1 full 50 9 1 1 
20 40 50 1 full 50 12 1 1 
20 40 50 1 full 50 14 1 1 
20 40 50 1 full 50 15 2 1 
