20 8 20 1 full 1 5 1 1 
20 8 20 1 full 1 6 1 1 
20 8 20 1 full 1 7 1 1 
20 8 20 1 full 1 9 1 1 
20 8 20 1 full 1 13 1 1 
20 8 20 1 full 1 16 1 1 
20 8 20 1 full 1 18 1 1 
20 8 20 1 full 1 19 1 1 
20 8 20 1 full 2 5 1 1 
20 8 20 1 full 2 7 1 1 
20 8 20 1 full 2 11 2 1 
20 8 20 1 full 3 1 1 1 
20 8 20 1 full 3 2 1 1 
20 8 20 1 full 3 5 1 1 
20 8 20 1 full 3 9 1 1 
20 8 20 1 full 3 12 2 1 
20 8 20 1 full 3 17 2 1 
20 8 20 1 full 4 2 1 1 
20 8 20 1 full 4 10 1 1 
20 8 20 1 full 5 10 1 1 
20 8 20 1 full 5 14 1 1 
20 8 20 1 full 5 16 2 1 
20 8 20 1 full 5 20 2 1 
20 8 20 1 full 6 3 1 1 
20 8 20 1 full 6 5 1 1 
20 8 20 1 full 6 9 1 1 
20 8 20 1 full 6 10 1 1 
20 8 20 1 full 6 15 1 1 
20 8 20 1 full 6 18 1 1 
20 8 20 1 full 6 19 1 1 
20 8 20 1 full 7 3 2 1 
20 8 20 1 full 7 5 1 1 
20 8 20 1 full 7 16 2 1 
20 8 20 1 full 8 3 2 1 
20 8 20 1 full 8 6 1 1 
20 8 20 1 full 8 12 1 1 
20 8 20 1 full 8 15 1 1 
20 8 20 1 full 9 1 1 1 
20 8 20 1 full 9 5 1 1 
20 8 20 1 full 9 7 2 1 
20 8 20 1 full 9 14 2 1 
20 8 20 1 full 9 20 1 1 
20 8 20 1 full 10 6 2 1 
20 8 20 1 full 10 14 1 1 
20 8 20 1 full 10 17 1 1 
20 8 20 1 full 10 19 1 1 
20 8 20 1 full 11 1 2 1 
20 8 20 1 full 11 6 1 1 
20 8 20 1 full 11 15 1 1 
20 8 20 1 full 11 16 1 1 
20 8 20 1 full 11 19 1 1 
20 8 20 1 full 11 20 1 1 
20 8 20 1 full 12 3 1 1 
20 8 20 1 full 12 14 1 1 
20 8 20 1 full 12 18 1 1 
20 8 20 1 full 12 20 1 1 
20 8 20 1 full 13 2 1 1 
20 8 20 1 full 13 5 1 1 
20 8 20 1 full 13 8 1 1 
20 8 20 1 full 13 12 1 1 
20 8 20 1 full 13 14 1 1 
20 8 20 1 full 13 16 1 1 
20 8 20 1 full 13 18 1 1 
20 8 20 1 full 13 20 1 1 
20 8 20 1 full 14 6 2 1 
20 8 20 1 full 14 8 2 1 
20 8 20 1 full 14 12 1 1 
20 8 20 1 full 14 19 1 1 
20 8 20 1 full 14 20 1 1 
20 8 20 1 full 15 3 1 1 
20 8 20 1 full 15 10 1 1 
20 8 20 1 full 15 12 2 1 
20 8 20 1 full 15 16 2 1 
20 8 20 1 full 15 20 1 1 
20 8 20 1 full 16 4 2 1 
20 8 20 1 full 16 5 1 1 
20 8 20 1 full 16 11 1 1 
20 8 20 1 full 16 14 1 1 
20 8 20 1 full 16 20 1 1 
20 8 20 1 full 17 3 2 1 
20 8 20 1 full 17 7 2 1 
20 8 20 1 full 17 15 1 1 
20 8 20 1 full 17 18 2 1 
20 8 20 1 full 18 1 1 1 
20 8 20 1 full 18 4 1 1 
20 8 20 1 full 18 5 1 1 
20 8 20 1 full 18 11 2 1 
20 8 20 1 full 18 14 1 1 
20 8 20 1 full 19 10 1 1 
20 8 20 1 full 19 11 1 1 
20 8 20 1 full 19 17 2 1 
20 8 20 1 full 20 1 1 1 
20 8 20 1 full 20 3 2 1 
20 8 20 1 full 20 8 1 1 
20 8 20 1 full 20 9 1 1 
20 8 20 1 full 20 14 1 1 
