50 40 5 2 full 1 10 1 1 
50 40 5 2 full 1 12 1 1 
50 40 5 2 full 1 22 1 1 
50 40 5 2 full 1 30 1 1 
50 40 5 2 full 2 4 1 1 
50 40 5 2 full 2 14 1 1 
50 40 5 2 full 2 15 1 1 
50 40 5 2 full 2 24 1 1 
50 40 5 2 full 2 32 1 1 
50 40 5 2 full 2 48 1 1 
50 40 5 2 full 3 13 1 1 
50 40 5 2 full 3 16 1 1 
50 40 5 2 full 3 27 1 1 
50 40 5 2 full 3 40 1 1 
50 40 5 2 full 3 41 1 1 
50 40 5 2 full 3 43 1 1 
50 40 5 2 full 3 47 1 1 
50 40 5 2 full 4 19 1 1 
50 40 5 2 full 4 26 1 1 
50 40 5 2 full 4 31 1 1 
50 40 5 2 full 4 33 1 1 
50 40 5 2 full 4 35 1 1 
50 40 5 2 full 4 37 1 1 
50 40 5 2 full 4 38 1 1 
50 40 5 2 full 4 45 1 1 
50 40 5 2 full 5 11 1 1 
50 40 5 2 full 5 15 1 1 
50 40 5 2 full 5 21 1 1 
50 40 5 2 full 5 23 1 1 
50 40 5 2 full 5 26 1 1 
