50 20 5 3 full 1 1 1 1 
50 20 5 3 full 1 7 1 1 
50 20 5 3 full 1 16 1 1 
50 20 5 3 full 1 26 1 1 
50 20 5 3 full 1 48 1 1 
50 20 5 3 full 1 49 1 1 
50 20 5 3 full 2 8 1 1 
50 20 5 3 full 2 9 1 1 
50 20 5 3 full 2 10 1 1 
50 20 5 3 full 2 11 1 1 
50 20 5 3 full 2 29 1 1 
50 20 5 3 full 2 36 1 1 
50 20 5 3 full 2 38 1 1 
50 20 5 3 full 2 50 1 1 
50 20 5 3 full 3 12 1 1 
50 20 5 3 full 3 17 1 1 
50 20 5 3 full 3 19 1 1 
50 20 5 3 full 3 23 1 1 
50 20 5 3 full 3 29 1 1 
50 20 5 3 full 3 33 1 1 
50 20 5 3 full 3 34 1 1 
50 20 5 3 full 3 41 1 1 
50 20 5 3 full 4 10 1 1 
50 20 5 3 full 4 14 1 1 
50 20 5 3 full 4 17 1 1 
50 20 5 3 full 4 19 1 1 
50 20 5 3 full 4 26 1 1 
50 20 5 3 full 4 28 1 1 
50 20 5 3 full 4 33 1 1 
50 20 5 3 full 4 43 1 1 
50 20 5 3 full 5 8 1 1 
50 20 5 3 full 5 31 2 1 
50 20 5 3 full 5 32 1 1 
50 20 5 3 full 5 35 1 1 
