100 20 20 4 full 1 2 1 1 
100 20 20 4 full 1 15 1 1 
100 20 20 4 full 1 53 1 1 
100 20 20 4 full 1 54 1 1 
100 20 20 4 full 1 56 1 1 
100 20 20 4 full 1 68 1 1 
100 20 20 4 full 1 83 1 1 
100 20 20 4 full 1 99 1 1 
100 20 20 4 full 2 26 1 1 
100 20 20 4 full 2 37 1 1 
100 20 20 4 full 2 42 1 1 
100 20 20 4 full 2 69 1 1 
100 20 20 4 full 2 80 1 1 
100 20 20 4 full 2 89 1 1 
100 20 20 4 full 2 90 1 1 
100 20 20 4 full 2 91 1 1 
100 20 20 4 full 3 3 1 1 
100 20 20 4 full 3 5 1 1 
100 20 20 4 full 3 36 1 1 
100 20 20 4 full 3 42 1 1 
100 20 20 4 full 3 45 1 1 
100 20 20 4 full 3 58 1 1 
100 20 20 4 full 3 61 1 1 
100 20 20 4 full 3 70 1 1 
100 20 20 4 full 4 4 1 1 
100 20 20 4 full 4 16 1 1 
100 20 20 4 full 4 29 1 1 
100 20 20 4 full 4 34 1 1 
100 20 20 4 full 4 48 1 1 
100 20 20 4 full 4 66 1 1 
100 20 20 4 full 4 71 1 1 
100 20 20 4 full 4 76 1 1 
100 20 20 4 full 5 6 1 1 
100 20 20 4 full 5 11 1 1 
100 20 20 4 full 5 15 1 1 
100 20 20 4 full 5 27 1 1 
100 20 20 4 full 5 28 1 1 
100 20 20 4 full 5 37 1 1 
100 20 20 4 full 5 55 1 1 
100 20 20 4 full 5 93 1 1 
100 20 20 4 full 6 20 1 1 
100 20 20 4 full 6 24 1 1 
100 20 20 4 full 6 26 1 1 
100 20 20 4 full 6 36 1 1 
100 20 20 4 full 6 44 1 1 
100 20 20 4 full 6 45 1 1 
100 20 20 4 full 6 65 1 1 
100 20 20 4 full 6 66 1 1 
100 20 20 4 full 7 2 1 1 
100 20 20 4 full 7 24 1 1 
100 20 20 4 full 7 43 1 1 
100 20 20 4 full 7 46 1 1 
100 20 20 4 full 7 55 1 1 
100 20 20 4 full 7 63 1 1 
100 20 20 4 full 7 73 1 1 
100 20 20 4 full 7 80 1 1 
100 20 20 4 full 8 1 1 1 
100 20 20 4 full 8 19 1 1 
100 20 20 4 full 8 26 1 1 
100 20 20 4 full 8 36 1 1 
100 20 20 4 full 8 72 1 1 
100 20 20 4 full 8 73 1 1 
100 20 20 4 full 8 87 1 1 
100 20 20 4 full 8 100 1 1 
100 20 20 4 full 9 16 1 1 
100 20 20 4 full 9 30 1 1 
100 20 20 4 full 9 38 1 1 
100 20 20 4 full 9 59 1 1 
100 20 20 4 full 9 63 1 1 
100 20 20 4 full 9 71 1 1 
100 20 20 4 full 9 73 1 1 
100 20 20 4 full 9 94 1 1 
100 20 20 4 full 10 7 1 1 
100 20 20 4 full 10 16 1 1 
100 20 20 4 full 10 27 1 1 
100 20 20 4 full 10 36 1 1 
100 20 20 4 full 10 55 1 1 
100 20 20 4 full 10 80 1 1 
100 20 20 4 full 10 92 1 1 
100 20 20 4 full 10 96 1 1 
100 20 20 4 full 11 21 1 1 
100 20 20 4 full 11 26 1 1 
100 20 20 4 full 11 29 1 1 
100 20 20 4 full 11 31 1 1 
100 20 20 4 full 11 47 1 1 
100 20 20 4 full 11 52 1 1 
100 20 20 4 full 11 58 1 1 
100 20 20 4 full 11 69 1 1 
100 20 20 4 full 12 5 1 1 
100 20 20 4 full 12 15 1 1 
100 20 20 4 full 12 19 1 1 
100 20 20 4 full 12 21 1 1 
100 20 20 4 full 12 39 1 1 
100 20 20 4 full 12 49 1 1 
100 20 20 4 full 12 94 1 1 
100 20 20 4 full 12 95 1 1 
100 20 20 4 full 13 12 1 1 
100 20 20 4 full 13 26 1 1 
100 20 20 4 full 13 33 1 1 
100 20 20 4 full 13 46 1 1 
100 20 20 4 full 13 61 1 1 
100 20 20 4 full 13 67 1 1 
100 20 20 4 full 13 69 1 1 
100 20 20 4 full 13 88 1 1 
100 20 20 4 full 14 23 1 1 
100 20 20 4 full 14 24 1 1 
100 20 20 4 full 14 27 1 1 
100 20 20 4 full 14 29 1 1 
100 20 20 4 full 14 32 1 1 
100 20 20 4 full 14 60 1 1 
100 20 20 4 full 14 84 1 1 
100 20 20 4 full 14 92 1 1 
100 20 20 4 full 15 20 1 1 
100 20 20 4 full 15 28 1 1 
100 20 20 4 full 15 36 1 1 
100 20 20 4 full 15 37 1 1 
100 20 20 4 full 15 63 1 1 
100 20 20 4 full 15 72 1 1 
100 20 20 4 full 15 91 1 1 
100 20 20 4 full 15 98 1 1 
100 20 20 4 full 16 20 1 1 
100 20 20 4 full 16 31 1 1 
100 20 20 4 full 16 39 1 1 
100 20 20 4 full 16 41 1 1 
100 20 20 4 full 16 54 1 1 
100 20 20 4 full 16 55 1 1 
100 20 20 4 full 16 94 1 1 
100 20 20 4 full 16 96 1 1 
100 20 20 4 full 17 11 1 1 
100 20 20 4 full 17 26 1 1 
100 20 20 4 full 17 45 1 1 
100 20 20 4 full 17 48 1 1 
100 20 20 4 full 17 54 1 1 
100 20 20 4 full 17 58 1 1 
100 20 20 4 full 17 60 1 1 
100 20 20 4 full 17 75 1 1 
100 20 20 4 full 18 3 1 1 
100 20 20 4 full 18 15 1 1 
100 20 20 4 full 18 62 1 1 
100 20 20 4 full 18 79 1 1 
100 20 20 4 full 18 80 1 1 
100 20 20 4 full 18 81 1 1 
100 20 20 4 full 18 89 1 1 
100 20 20 4 full 18 93 1 1 
100 20 20 4 full 19 6 1 1 
100 20 20 4 full 19 21 1 1 
100 20 20 4 full 19 27 1 1 
100 20 20 4 full 19 32 1 1 
100 20 20 4 full 19 38 1 1 
100 20 20 4 full 19 55 1 1 
100 20 20 4 full 19 61 1 1 
100 20 20 4 full 19 90 1 1 
100 20 20 4 full 20 4 1 1 
100 20 20 4 full 20 16 1 1 
100 20 20 4 full 20 27 1 1 
100 20 20 4 full 20 29 1 1 
100 20 20 4 full 20 35 1 1 
100 20 20 4 full 20 42 1 1 
100 20 20 4 full 20 49 1 1 
100 20 20 4 full 20 92 1 1 
