50 8 50 3 full 1 4 1 1 
50 8 50 3 full 1 10 1 1 
50 8 50 3 full 1 11 1 1 
50 8 50 3 full 1 24 1 1 
50 8 50 3 full 1 28 1 1 
50 8 50 3 full 1 29 1 1 
50 8 50 3 full 1 46 1 1 
50 8 50 3 full 2 4 1 1 
50 8 50 3 full 2 9 1 1 
50 8 50 3 full 2 20 1 1 
50 8 50 3 full 2 30 1 1 
50 8 50 3 full 2 41 1 1 
50 8 50 3 full 3 6 1 1 
50 8 50 3 full 3 19 1 1 
50 8 50 3 full 3 21 1 1 
50 8 50 3 full 3 24 1 1 
50 8 50 3 full 3 30 1 1 
50 8 50 3 full 3 39 1 1 
50 8 50 3 full 3 45 1 1 
50 8 50 3 full 3 48 1 1 
50 8 50 3 full 4 6 1 1 
50 8 50 3 full 4 9 1 1 
50 8 50 3 full 4 11 1 1 
50 8 50 3 full 4 26 1 1 
50 8 50 3 full 4 28 1 1 
50 8 50 3 full 4 29 1 1 
50 8 50 3 full 4 46 1 1 
50 8 50 3 full 4 50 1 1 
50 8 50 3 full 5 13 1 1 
50 8 50 3 full 5 14 1 1 
50 8 50 3 full 5 19 1 1 
50 8 50 3 full 5 21 1 1 
50 8 50 3 full 5 23 1 1 
50 8 50 3 full 5 32 1 1 
50 8 50 3 full 5 34 1 1 
50 8 50 3 full 6 4 1 1 
50 8 50 3 full 6 7 1 1 
50 8 50 3 full 6 21 1 1 
50 8 50 3 full 6 37 1 1 
50 8 50 3 full 6 39 1 1 
50 8 50 3 full 6 40 1 1 
50 8 50 3 full 6 41 1 1 
50 8 50 3 full 6 42 1 1 
50 8 50 3 full 7 5 1 1 
50 8 50 3 full 7 9 1 1 
50 8 50 3 full 7 13 1 1 
50 8 50 3 full 7 35 1 1 
50 8 50 3 full 7 36 1 1 
50 8 50 3 full 7 38 1 1 
50 8 50 3 full 7 41 1 1 
50 8 50 3 full 7 44 1 1 
50 8 50 3 full 8 2 1 1 
50 8 50 3 full 8 3 1 1 
50 8 50 3 full 8 8 1 1 
50 8 50 3 full 8 11 1 1 
50 8 50 3 full 8 30 1 1 
50 8 50 3 full 8 34 1 1 
50 8 50 3 full 8 35 1 1 
50 8 50 3 full 8 41 1 1 
50 8 50 3 full 9 10 1 1 
50 8 50 3 full 9 12 1 1 
50 8 50 3 full 9 23 1 1 
50 8 50 3 full 9 38 1 1 
50 8 50 3 full 9 41 1 1 
50 8 50 3 full 9 50 1 1 
50 8 50 3 full 10 7 1 1 
50 8 50 3 full 10 8 1 1 
50 8 50 3 full 10 15 1 1 
50 8 50 3 full 10 16 1 1 
50 8 50 3 full 10 23 1 1 
50 8 50 3 full 10 24 1 1 
50 8 50 3 full 10 26 1 1 
50 8 50 3 full 10 38 1 1 
50 8 50 3 full 11 8 1 1 
50 8 50 3 full 11 15 1 1 
50 8 50 3 full 11 18 1 1 
50 8 50 3 full 11 24 1 1 
50 8 50 3 full 11 33 1 1 
50 8 50 3 full 11 41 1 1 
50 8 50 3 full 11 44 1 1 
50 8 50 3 full 11 50 1 1 
50 8 50 3 full 12 15 1 1 
50 8 50 3 full 12 20 1 1 
50 8 50 3 full 12 27 1 1 
50 8 50 3 full 12 32 1 1 
50 8 50 3 full 12 34 1 1 
50 8 50 3 full 12 36 1 1 
50 8 50 3 full 13 4 1 1 
50 8 50 3 full 13 7 1 1 
50 8 50 3 full 13 13 1 1 
50 8 50 3 full 13 23 1 1 
50 8 50 3 full 13 30 1 1 
50 8 50 3 full 13 42 1 1 
50 8 50 3 full 13 46 1 1 
50 8 50 3 full 13 50 1 1 
50 8 50 3 full 14 5 1 1 
50 8 50 3 full 14 9 1 1 
50 8 50 3 full 14 14 1 1 
50 8 50 3 full 14 24 1 1 
50 8 50 3 full 14 32 1 1 
50 8 50 3 full 14 37 1 1 
50 8 50 3 full 14 45 1 1 
50 8 50 3 full 14 49 1 1 
50 8 50 3 full 15 3 1 1 
50 8 50 3 full 15 10 1 1 
50 8 50 3 full 15 23 1 1 
50 8 50 3 full 15 47 1 1 
50 8 50 3 full 15 49 1 1 
50 8 50 3 full 16 2 1 1 
50 8 50 3 full 16 14 1 1 
50 8 50 3 full 16 21 1 1 
50 8 50 3 full 16 28 1 1 
50 8 50 3 full 16 34 1 1 
50 8 50 3 full 16 36 1 1 
50 8 50 3 full 16 41 1 1 
50 8 50 3 full 16 45 1 1 
50 8 50 3 full 17 3 1 1 
50 8 50 3 full 17 7 1 1 
50 8 50 3 full 17 15 1 1 
50 8 50 3 full 17 16 1 1 
50 8 50 3 full 17 40 1 1 
50 8 50 3 full 17 47 1 1 
50 8 50 3 full 18 2 1 1 
50 8 50 3 full 18 5 1 1 
50 8 50 3 full 18 13 1 1 
50 8 50 3 full 18 14 1 1 
50 8 50 3 full 18 18 1 1 
50 8 50 3 full 18 30 1 1 
50 8 50 3 full 18 46 1 1 
50 8 50 3 full 18 50 1 1 
50 8 50 3 full 19 1 1 1 
50 8 50 3 full 19 5 1 1 
50 8 50 3 full 19 14 1 1 
50 8 50 3 full 19 16 1 1 
50 8 50 3 full 19 35 1 1 
50 8 50 3 full 19 49 1 1 
50 8 50 3 full 20 2 1 1 
50 8 50 3 full 20 18 2 1 
50 8 50 3 full 20 28 1 1 
50 8 50 3 full 20 31 1 1 
50 8 50 3 full 20 48 1 1 
50 8 50 3 full 21 10 1 1 
50 8 50 3 full 21 32 1 1 
50 8 50 3 full 21 33 1 1 
50 8 50 3 full 21 38 1 1 
50 8 50 3 full 21 41 1 1 
50 8 50 3 full 21 45 1 1 
50 8 50 3 full 21 46 1 1 
50 8 50 3 full 22 2 1 1 
50 8 50 3 full 22 11 1 1 
50 8 50 3 full 22 12 1 1 
50 8 50 3 full 22 22 1 1 
50 8 50 3 full 22 32 1 1 
50 8 50 3 full 22 36 1 1 
50 8 50 3 full 22 38 1 1 
50 8 50 3 full 22 48 1 1 
50 8 50 3 full 23 1 1 1 
50 8 50 3 full 23 2 1 1 
50 8 50 3 full 23 3 1 1 
50 8 50 3 full 23 11 1 1 
50 8 50 3 full 23 24 1 1 
50 8 50 3 full 23 26 1 1 
50 8 50 3 full 23 39 1 1 
50 8 50 3 full 23 43 1 1 
50 8 50 3 full 24 6 1 1 
50 8 50 3 full 24 8 1 1 
50 8 50 3 full 24 12 1 1 
50 8 50 3 full 24 19 1 1 
50 8 50 3 full 24 40 1 1 
50 8 50 3 full 24 41 1 1 
50 8 50 3 full 24 44 1 1 
50 8 50 3 full 24 49 1 1 
50 8 50 3 full 25 3 1 1 
50 8 50 3 full 25 4 1 1 
50 8 50 3 full 25 6 1 1 
50 8 50 3 full 25 10 1 1 
50 8 50 3 full 25 24 1 1 
50 8 50 3 full 25 35 1 1 
50 8 50 3 full 25 40 1 1 
50 8 50 3 full 25 42 1 1 
50 8 50 3 full 26 14 1 1 
50 8 50 3 full 26 16 1 1 
50 8 50 3 full 26 22 1 1 
50 8 50 3 full 26 41 1 1 
50 8 50 3 full 26 43 1 1 
50 8 50 3 full 26 48 1 1 
50 8 50 3 full 27 4 1 1 
50 8 50 3 full 27 13 1 1 
50 8 50 3 full 27 16 1 1 
50 8 50 3 full 27 17 1 1 
50 8 50 3 full 27 27 1 1 
50 8 50 3 full 27 42 1 1 
50 8 50 3 full 28 14 1 1 
50 8 50 3 full 28 19 1 1 
50 8 50 3 full 28 21 1 1 
50 8 50 3 full 28 22 1 1 
50 8 50 3 full 28 28 1 1 
50 8 50 3 full 28 30 1 1 
50 8 50 3 full 28 31 1 1 
50 8 50 3 full 28 38 1 1 
50 8 50 3 full 29 1 1 1 
50 8 50 3 full 29 2 1 1 
50 8 50 3 full 29 5 1 1 
50 8 50 3 full 29 9 1 1 
50 8 50 3 full 29 30 1 1 
50 8 50 3 full 29 34 1 1 
50 8 50 3 full 29 36 1 1 
50 8 50 3 full 30 1 1 1 
50 8 50 3 full 30 12 1 1 
50 8 50 3 full 30 14 1 1 
50 8 50 3 full 30 32 1 1 
50 8 50 3 full 30 43 1 1 
50 8 50 3 full 30 50 1 1 
50 8 50 3 full 31 17 1 1 
50 8 50 3 full 31 24 1 1 
50 8 50 3 full 31 25 1 1 
50 8 50 3 full 31 26 1 1 
50 8 50 3 full 31 32 1 1 
50 8 50 3 full 31 38 1 1 
50 8 50 3 full 31 48 1 1 
50 8 50 3 full 31 50 1 1 
50 8 50 3 full 32 2 1 1 
50 8 50 3 full 32 6 1 1 
50 8 50 3 full 32 8 1 1 
50 8 50 3 full 32 12 1 1 
50 8 50 3 full 32 21 1 1 
50 8 50 3 full 32 31 1 1 
50 8 50 3 full 32 46 1 1 
50 8 50 3 full 33 9 1 1 
50 8 50 3 full 33 10 1 1 
50 8 50 3 full 33 17 1 1 
50 8 50 3 full 33 18 1 1 
50 8 50 3 full 33 29 1 1 
50 8 50 3 full 33 41 1 1 
50 8 50 3 full 33 47 1 1 
50 8 50 3 full 34 4 1 1 
50 8 50 3 full 34 20 1 1 
50 8 50 3 full 34 21 1 1 
50 8 50 3 full 34 24 2 1 
50 8 50 3 full 34 50 1 1 
50 8 50 3 full 35 9 1 1 
50 8 50 3 full 35 17 1 1 
50 8 50 3 full 35 26 1 1 
50 8 50 3 full 35 43 1 1 
50 8 50 3 full 36 15 1 1 
50 8 50 3 full 36 21 1 1 
50 8 50 3 full 36 27 1 1 
50 8 50 3 full 36 28 1 1 
50 8 50 3 full 36 38 1 1 
50 8 50 3 full 37 7 1 1 
50 8 50 3 full 37 9 1 1 
50 8 50 3 full 37 10 1 1 
50 8 50 3 full 37 14 1 1 
50 8 50 3 full 37 29 1 1 
50 8 50 3 full 37 32 1 1 
50 8 50 3 full 37 41 1 1 
50 8 50 3 full 37 45 1 1 
50 8 50 3 full 38 5 1 1 
50 8 50 3 full 38 12 1 1 
50 8 50 3 full 38 15 2 1 
50 8 50 3 full 38 44 1 1 
50 8 50 3 full 38 50 1 1 
50 8 50 3 full 39 30 1 1 
50 8 50 3 full 39 34 1 1 
50 8 50 3 full 39 41 1 1 
50 8 50 3 full 39 50 1 1 
50 8 50 3 full 40 1 1 1 
50 8 50 3 full 40 14 1 1 
50 8 50 3 full 40 15 1 1 
50 8 50 3 full 40 17 1 1 
50 8 50 3 full 40 31 1 1 
50 8 50 3 full 41 2 1 1 
50 8 50 3 full 41 12 1 1 
50 8 50 3 full 41 18 1 1 
50 8 50 3 full 41 23 1 1 
50 8 50 3 full 41 27 1 1 
50 8 50 3 full 41 47 1 1 
50 8 50 3 full 42 5 1 1 
50 8 50 3 full 42 15 1 1 
50 8 50 3 full 42 18 1 1 
50 8 50 3 full 42 28 1 1 
50 8 50 3 full 42 33 1 1 
50 8 50 3 full 42 34 1 1 
50 8 50 3 full 42 40 1 1 
50 8 50 3 full 42 48 1 1 
50 8 50 3 full 43 15 1 1 
50 8 50 3 full 43 18 1 1 
50 8 50 3 full 43 23 1 1 
50 8 50 3 full 43 28 1 1 
50 8 50 3 full 43 40 1 1 
50 8 50 3 full 43 45 1 1 
50 8 50 3 full 43 46 1 1 
50 8 50 3 full 43 47 1 1 
50 8 50 3 full 44 2 1 1 
50 8 50 3 full 44 5 1 1 
50 8 50 3 full 44 16 1 1 
50 8 50 3 full 44 20 1 1 
50 8 50 3 full 44 24 1 1 
50 8 50 3 full 44 26 1 1 
50 8 50 3 full 44 34 1 1 
50 8 50 3 full 45 12 1 1 
50 8 50 3 full 45 24 1 1 
50 8 50 3 full 45 26 1 1 
50 8 50 3 full 45 34 1 1 
50 8 50 3 full 45 38 1 1 
50 8 50 3 full 45 41 1 1 
50 8 50 3 full 45 42 1 1 
50 8 50 3 full 45 46 1 1 
50 8 50 3 full 46 4 1 1 
50 8 50 3 full 46 12 1 1 
50 8 50 3 full 46 16 1 1 
50 8 50 3 full 46 32 1 1 
50 8 50 3 full 46 34 1 1 
50 8 50 3 full 46 41 1 1 
50 8 50 3 full 46 45 1 1 
50 8 50 3 full 46 48 1 1 
50 8 50 3 full 47 17 1 1 
50 8 50 3 full 47 23 1 1 
50 8 50 3 full 47 38 1 1 
50 8 50 3 full 47 40 1 1 
50 8 50 3 full 47 43 1 1 
50 8 50 3 full 48 6 1 1 
50 8 50 3 full 48 13 1 1 
50 8 50 3 full 48 16 1 1 
50 8 50 3 full 48 24 1 1 
50 8 50 3 full 48 37 1 1 
50 8 50 3 full 48 42 1 1 
50 8 50 3 full 48 44 1 1 
50 8 50 3 full 49 6 1 1 
50 8 50 3 full 49 8 1 1 
50 8 50 3 full 49 14 1 1 
50 8 50 3 full 49 21 1 1 
50 8 50 3 full 49 27 1 1 
50 8 50 3 full 49 43 1 1 
50 8 50 3 full 49 44 1 1 
50 8 50 3 full 49 50 1 1 
50 8 50 3 full 50 3 1 1 
50 8 50 3 full 50 9 1 1 
50 8 50 3 full 50 11 1 1 
50 8 50 3 full 50 14 1 1 
50 8 50 3 full 50 17 1 1 
50 8 50 3 full 50 22 1 1 
50 8 50 3 full 50 24 1 1 
50 8 50 3 full 50 29 1 1 
