20 8 20 2 full 1 1 1 1 
20 8 20 2 full 1 10 1 1 
20 8 20 2 full 1 14 1 1 
20 8 20 2 full 1 18 2 1 
20 8 20 2 full 1 20 1 1 
20 8 20 2 full 2 1 1 1 
20 8 20 2 full 2 4 2 1 
20 8 20 2 full 2 8 1 1 
20 8 20 2 full 2 9 2 1 
20 8 20 2 full 2 10 1 1 
20 8 20 2 full 2 20 1 1 
20 8 20 2 full 3 5 1 1 
20 8 20 2 full 3 7 1 1 
20 8 20 2 full 3 9 1 1 
20 8 20 2 full 3 10 1 1 
20 8 20 2 full 3 17 2 1 
20 8 20 2 full 4 1 1 1 
20 8 20 2 full 4 3 1 1 
20 8 20 2 full 4 4 3 1 
20 8 20 2 full 4 15 1 1 
20 8 20 2 full 4 16 1 1 
20 8 20 2 full 5 1 1 1 
20 8 20 2 full 5 12 3 1 
20 8 20 2 full 5 16 1 1 
20 8 20 2 full 6 14 1 1 
20 8 20 2 full 6 17 2 1 
20 8 20 2 full 7 3 2 1 
20 8 20 2 full 7 4 1 1 
20 8 20 2 full 7 5 1 1 
20 8 20 2 full 7 11 1 1 
20 8 20 2 full 7 18 1 1 
20 8 20 2 full 7 19 1 1 
20 8 20 2 full 8 7 2 1 
20 8 20 2 full 8 9 1 1 
20 8 20 2 full 8 14 2 1 
20 8 20 2 full 9 1 1 1 
20 8 20 2 full 9 6 1 1 
20 8 20 2 full 9 8 1 1 
20 8 20 2 full 9 9 1 1 
20 8 20 2 full 9 11 1 1 
20 8 20 2 full 9 14 1 1 
20 8 20 2 full 10 3 1 1 
20 8 20 2 full 10 4 1 1 
20 8 20 2 full 10 6 1 1 
20 8 20 2 full 10 7 2 1 
20 8 20 2 full 10 12 1 1 
20 8 20 2 full 10 16 1 1 
20 8 20 2 full 10 17 1 1 
20 8 20 2 full 11 7 1 1 
20 8 20 2 full 11 13 1 1 
20 8 20 2 full 11 18 1 1 
20 8 20 2 full 12 7 1 1 
20 8 20 2 full 12 8 1 1 
20 8 20 2 full 12 9 1 1 
20 8 20 2 full 12 13 2 1 
20 8 20 2 full 12 16 1 1 
20 8 20 2 full 13 4 1 1 
20 8 20 2 full 13 10 1 1 
20 8 20 2 full 13 17 2 1 
20 8 20 2 full 13 19 1 1 
20 8 20 2 full 14 10 1 1 
20 8 20 2 full 14 12 1 1 
20 8 20 2 full 14 15 1 1 
20 8 20 2 full 14 18 1 1 
20 8 20 2 full 15 6 1 1 
20 8 20 2 full 15 8 1 1 
20 8 20 2 full 15 9 1 1 
20 8 20 2 full 15 13 1 1 
20 8 20 2 full 15 14 1 1 
20 8 20 2 full 15 16 1 1 
20 8 20 2 full 15 20 1 1 
20 8 20 2 full 16 11 1 1 
20 8 20 2 full 16 13 1 1 
20 8 20 2 full 16 15 1 1 
20 8 20 2 full 17 4 2 1 
20 8 20 2 full 18 6 1 1 
20 8 20 2 full 18 11 3 1 
20 8 20 2 full 18 19 1 1 
20 8 20 2 full 18 20 1 1 
20 8 20 2 full 19 1 1 1 
20 8 20 2 full 19 3 1 1 
20 8 20 2 full 19 7 1 1 
20 8 20 2 full 19 14 1 1 
20 8 20 2 full 19 16 2 1 
20 8 20 2 full 19 17 1 1 
20 8 20 2 full 19 20 1 1 
20 8 20 2 full 20 2 1 1 
20 8 20 2 full 20 7 3 1 
20 8 20 2 full 20 14 1 1 
20 8 20 2 full 20 16 1 1 
20 8 20 2 full 20 18 1 1 
