50 20 5 2 full 1 19 1 1 
50 20 5 2 full 1 25 1 1 
50 20 5 2 full 1 28 1 1 
50 20 5 2 full 1 32 1 1 
50 20 5 2 full 1 37 1 1 
50 20 5 2 full 1 40 1 1 
50 20 5 2 full 1 45 1 1 
50 20 5 2 full 2 1 1 1 
50 20 5 2 full 2 8 1 1 
50 20 5 2 full 2 33 1 1 
50 20 5 2 full 2 35 1 1 
50 20 5 2 full 2 37 1 1 
50 20 5 2 full 2 39 1 1 
50 20 5 2 full 2 42 1 1 
50 20 5 2 full 2 43 1 1 
50 20 5 2 full 3 2 1 1 
50 20 5 2 full 3 17 1 1 
50 20 5 2 full 3 19 1 1 
50 20 5 2 full 3 27 1 1 
50 20 5 2 full 3 28 1 1 
50 20 5 2 full 3 30 1 1 
50 20 5 2 full 3 36 1 1 
50 20 5 2 full 4 18 1 1 
50 20 5 2 full 4 20 1 1 
50 20 5 2 full 4 21 1 1 
50 20 5 2 full 4 24 1 1 
50 20 5 2 full 4 29 1 1 
50 20 5 2 full 4 38 1 1 
50 20 5 2 full 4 43 1 1 
50 20 5 2 full 4 44 1 1 
50 20 5 2 full 5 1 1 1 
50 20 5 2 full 5 4 1 1 
50 20 5 2 full 5 18 1 1 
50 20 5 2 full 5 33 1 1 
50 20 5 2 full 5 39 1 1 
50 20 5 2 full 5 43 1 1 
50 20 5 2 full 5 46 1 1 
50 20 5 2 full 5 48 1 1 
