50 40 50 3 full 1 6 1 1 
50 40 50 3 full 1 14 1 1 
50 40 50 3 full 1 16 1 1 
50 40 50 3 full 1 20 1 1 
50 40 50 3 full 1 21 1 1 
50 40 50 3 full 1 26 1 1 
50 40 50 3 full 1 31 1 1 
50 40 50 3 full 1 38 1 1 
50 40 50 3 full 2 6 1 1 
50 40 50 3 full 2 12 1 1 
50 40 50 3 full 2 16 1 1 
50 40 50 3 full 2 20 1 1 
50 40 50 3 full 2 33 1 1 
50 40 50 3 full 2 35 1 1 
50 40 50 3 full 2 43 1 1 
50 40 50 3 full 2 45 1 1 
50 40 50 3 full 3 1 1 1 
50 40 50 3 full 3 8 1 1 
50 40 50 3 full 3 10 1 1 
50 40 50 3 full 3 11 1 1 
50 40 50 3 full 3 23 1 1 
50 40 50 3 full 3 30 1 1 
50 40 50 3 full 4 2 1 1 
50 40 50 3 full 4 4 1 1 
50 40 50 3 full 4 7 1 1 
50 40 50 3 full 4 8 1 1 
50 40 50 3 full 4 10 1 1 
50 40 50 3 full 4 30 1 1 
50 40 50 3 full 4 36 1 1 
50 40 50 3 full 4 49 1 1 
50 40 50 3 full 5 5 1 1 
50 40 50 3 full 5 9 1 1 
50 40 50 3 full 5 10 1 1 
50 40 50 3 full 5 14 1 1 
50 40 50 3 full 5 18 1 1 
50 40 50 3 full 5 22 1 1 
50 40 50 3 full 5 31 1 1 
50 40 50 3 full 5 38 1 1 
50 40 50 3 full 6 3 1 1 
50 40 50 3 full 6 20 1 1 
50 40 50 3 full 6 22 1 1 
50 40 50 3 full 6 25 1 1 
50 40 50 3 full 6 30 1 1 
50 40 50 3 full 6 39 1 1 
50 40 50 3 full 6 47 1 1 
50 40 50 3 full 6 48 1 1 
50 40 50 3 full 7 8 1 1 
50 40 50 3 full 7 12 1 1 
50 40 50 3 full 7 19 1 1 
50 40 50 3 full 7 35 1 1 
50 40 50 3 full 7 38 1 1 
50 40 50 3 full 7 46 1 1 
50 40 50 3 full 8 6 1 1 
50 40 50 3 full 8 8 1 1 
50 40 50 3 full 8 11 1 1 
50 40 50 3 full 8 15 1 1 
50 40 50 3 full 8 24 1 1 
50 40 50 3 full 8 32 1 1 
50 40 50 3 full 8 47 1 1 
50 40 50 3 full 8 50 1 1 
50 40 50 3 full 9 2 1 1 
50 40 50 3 full 9 13 1 1 
50 40 50 3 full 9 17 1 1 
50 40 50 3 full 9 18 1 1 
50 40 50 3 full 9 27 1 1 
50 40 50 3 full 9 39 1 1 
50 40 50 3 full 9 40 1 1 
50 40 50 3 full 9 48 1 1 
50 40 50 3 full 10 11 1 1 
50 40 50 3 full 10 24 1 1 
50 40 50 3 full 10 36 1 1 
50 40 50 3 full 10 41 1 1 
50 40 50 3 full 10 42 1 1 
50 40 50 3 full 10 47 1 1 
50 40 50 3 full 10 48 1 1 
50 40 50 3 full 11 7 1 1 
50 40 50 3 full 11 9 1 1 
50 40 50 3 full 11 19 1 1 
50 40 50 3 full 11 22 1 1 
50 40 50 3 full 11 30 1 1 
50 40 50 3 full 11 31 1 1 
50 40 50 3 full 11 34 1 1 
50 40 50 3 full 11 44 1 1 
50 40 50 3 full 12 1 1 1 
50 40 50 3 full 12 14 1 1 
50 40 50 3 full 12 21 1 1 
50 40 50 3 full 12 26 1 1 
50 40 50 3 full 12 32 1 1 
50 40 50 3 full 12 36 1 1 
50 40 50 3 full 12 40 1 1 
50 40 50 3 full 12 46 1 1 
50 40 50 3 full 13 1 1 1 
50 40 50 3 full 13 6 1 1 
50 40 50 3 full 13 13 1 1 
50 40 50 3 full 13 14 1 1 
50 40 50 3 full 13 33 1 1 
50 40 50 3 full 13 43 1 1 
50 40 50 3 full 13 45 1 1 
50 40 50 3 full 13 48 1 1 
50 40 50 3 full 14 1 1 1 
50 40 50 3 full 14 16 1 1 
50 40 50 3 full 14 26 1 1 
50 40 50 3 full 14 27 1 1 
50 40 50 3 full 14 36 1 1 
50 40 50 3 full 14 38 1 1 
50 40 50 3 full 14 42 1 1 
50 40 50 3 full 14 44 1 1 
50 40 50 3 full 15 2 1 1 
50 40 50 3 full 15 3 1 1 
50 40 50 3 full 15 10 1 1 
50 40 50 3 full 15 18 1 1 
50 40 50 3 full 15 22 1 1 
50 40 50 3 full 15 24 1 1 
50 40 50 3 full 15 26 1 1 
50 40 50 3 full 15 45 1 1 
50 40 50 3 full 16 3 1 1 
50 40 50 3 full 16 11 1 1 
50 40 50 3 full 16 17 1 1 
50 40 50 3 full 16 18 1 1 
50 40 50 3 full 16 30 1 1 
50 40 50 3 full 16 31 1 1 
50 40 50 3 full 16 33 1 1 
50 40 50 3 full 16 42 1 1 
50 40 50 3 full 17 3 1 1 
50 40 50 3 full 17 11 1 1 
50 40 50 3 full 17 21 1 1 
50 40 50 3 full 17 25 1 1 
50 40 50 3 full 17 34 1 1 
50 40 50 3 full 17 38 1 1 
50 40 50 3 full 17 46 1 1 
50 40 50 3 full 17 48 1 1 
50 40 50 3 full 18 2 1 1 
50 40 50 3 full 18 5 1 1 
50 40 50 3 full 18 10 1 1 
50 40 50 3 full 18 25 1 1 
50 40 50 3 full 18 26 1 1 
50 40 50 3 full 18 27 1 1 
50 40 50 3 full 18 32 1 1 
50 40 50 3 full 18 34 1 1 
50 40 50 3 full 19 1 1 1 
50 40 50 3 full 19 2 1 1 
50 40 50 3 full 19 20 1 1 
50 40 50 3 full 19 30 1 1 
50 40 50 3 full 19 35 1 1 
50 40 50 3 full 19 36 1 1 
50 40 50 3 full 19 40 1 1 
50 40 50 3 full 19 47 1 1 
50 40 50 3 full 20 3 1 1 
50 40 50 3 full 20 22 1 1 
50 40 50 3 full 20 38 1 1 
50 40 50 3 full 20 45 2 1 
50 40 50 3 full 21 1 1 1 
50 40 50 3 full 21 6 1 1 
50 40 50 3 full 21 13 1 1 
50 40 50 3 full 21 18 1 1 
50 40 50 3 full 21 21 1 1 
50 40 50 3 full 21 25 1 1 
50 40 50 3 full 22 7 1 1 
50 40 50 3 full 22 8 1 1 
50 40 50 3 full 22 18 1 1 
50 40 50 3 full 22 21 1 1 
50 40 50 3 full 22 25 1 1 
50 40 50 3 full 22 29 1 1 
50 40 50 3 full 22 37 1 1 
50 40 50 3 full 22 39 1 1 
50 40 50 3 full 23 10 1 1 
50 40 50 3 full 23 18 1 1 
50 40 50 3 full 23 39 1 1 
50 40 50 3 full 23 44 1 1 
50 40 50 3 full 23 48 1 1 
50 40 50 3 full 24 1 1 1 
50 40 50 3 full 24 4 1 1 
50 40 50 3 full 24 6 1 1 
50 40 50 3 full 24 20 1 1 
50 40 50 3 full 24 21 1 1 
50 40 50 3 full 24 40 1 1 
50 40 50 3 full 24 45 1 1 
50 40 50 3 full 24 46 1 1 
50 40 50 3 full 25 2 1 1 
50 40 50 3 full 25 5 1 1 
50 40 50 3 full 25 9 1 1 
50 40 50 3 full 25 18 1 1 
50 40 50 3 full 25 31 1 1 
50 40 50 3 full 25 33 1 1 
50 40 50 3 full 25 45 1 1 
50 40 50 3 full 25 49 1 1 
50 40 50 3 full 26 3 1 1 
50 40 50 3 full 26 33 1 1 
50 40 50 3 full 26 36 1 1 
50 40 50 3 full 26 40 1 1 
50 40 50 3 full 26 42 1 1 
50 40 50 3 full 26 44 1 1 
50 40 50 3 full 26 45 1 1 
50 40 50 3 full 26 50 1 1 
50 40 50 3 full 27 21 1 1 
50 40 50 3 full 27 24 1 1 
50 40 50 3 full 27 27 1 1 
50 40 50 3 full 27 47 1 1 
50 40 50 3 full 28 1 1 1 
50 40 50 3 full 28 13 1 1 
50 40 50 3 full 28 14 1 1 
50 40 50 3 full 28 22 1 1 
50 40 50 3 full 28 34 1 1 
50 40 50 3 full 28 50 1 1 
50 40 50 3 full 29 2 1 1 
50 40 50 3 full 29 4 1 1 
50 40 50 3 full 29 5 1 1 
50 40 50 3 full 29 15 1 1 
50 40 50 3 full 29 16 1 1 
50 40 50 3 full 29 39 1 1 
50 40 50 3 full 29 46 1 1 
50 40 50 3 full 29 47 1 1 
50 40 50 3 full 30 6 1 1 
50 40 50 3 full 30 12 1 1 
50 40 50 3 full 30 15 1 1 
50 40 50 3 full 30 22 1 1 
50 40 50 3 full 30 29 1 1 
50 40 50 3 full 30 33 1 1 
50 40 50 3 full 30 38 1 1 
50 40 50 3 full 30 43 1 1 
50 40 50 3 full 31 1 1 1 
50 40 50 3 full 31 3 1 1 
50 40 50 3 full 31 12 1 1 
50 40 50 3 full 31 25 1 1 
50 40 50 3 full 31 27 1 1 
50 40 50 3 full 31 28 1 1 
50 40 50 3 full 31 31 1 1 
50 40 50 3 full 31 42 1 1 
50 40 50 3 full 32 16 1 1 
50 40 50 3 full 32 21 1 1 
50 40 50 3 full 32 23 1 1 
50 40 50 3 full 32 25 1 1 
50 40 50 3 full 32 32 1 1 
50 40 50 3 full 32 36 1 1 
50 40 50 3 full 32 41 1 1 
50 40 50 3 full 32 49 1 1 
50 40 50 3 full 33 3 1 1 
50 40 50 3 full 33 11 1 1 
50 40 50 3 full 33 13 1 1 
50 40 50 3 full 33 28 1 1 
50 40 50 3 full 33 31 1 1 
50 40 50 3 full 33 34 1 1 
50 40 50 3 full 33 37 1 1 
50 40 50 3 full 33 48 1 1 
50 40 50 3 full 34 2 1 1 
50 40 50 3 full 34 4 1 1 
50 40 50 3 full 34 5 1 1 
50 40 50 3 full 34 7 1 1 
50 40 50 3 full 34 9 1 1 
50 40 50 3 full 34 34 1 1 
50 40 50 3 full 34 39 1 1 
50 40 50 3 full 35 7 1 1 
50 40 50 3 full 35 16 1 1 
50 40 50 3 full 35 17 1 1 
50 40 50 3 full 35 30 1 1 
50 40 50 3 full 35 34 1 1 
50 40 50 3 full 35 35 1 1 
50 40 50 3 full 35 36 1 1 
50 40 50 3 full 35 42 1 1 
50 40 50 3 full 36 9 1 1 
50 40 50 3 full 36 10 1 1 
50 40 50 3 full 36 11 1 1 
50 40 50 3 full 36 15 1 1 
50 40 50 3 full 36 18 1 1 
50 40 50 3 full 36 22 1 1 
50 40 50 3 full 36 34 1 1 
50 40 50 3 full 36 38 1 1 
50 40 50 3 full 37 1 1 1 
50 40 50 3 full 37 9 1 1 
50 40 50 3 full 37 11 1 1 
50 40 50 3 full 37 14 1 1 
50 40 50 3 full 37 25 1 1 
50 40 50 3 full 37 29 1 1 
50 40 50 3 full 37 49 1 1 
50 40 50 3 full 38 7 1 1 
50 40 50 3 full 38 13 1 1 
50 40 50 3 full 38 14 1 1 
50 40 50 3 full 38 22 1 1 
50 40 50 3 full 38 43 1 1 
50 40 50 3 full 38 46 1 1 
50 40 50 3 full 39 7 1 1 
50 40 50 3 full 39 8 1 1 
50 40 50 3 full 39 12 1 1 
50 40 50 3 full 39 24 1 1 
50 40 50 3 full 39 26 1 1 
50 40 50 3 full 39 32 1 1 
50 40 50 3 full 39 38 1 1 
50 40 50 3 full 39 41 1 1 
50 40 50 3 full 40 3 1 1 
50 40 50 3 full 40 8 1 1 
50 40 50 3 full 40 16 1 1 
50 40 50 3 full 40 30 1 1 
50 40 50 3 full 40 31 1 1 
50 40 50 3 full 40 32 1 1 
50 40 50 3 full 40 35 1 1 
50 40 50 3 full 40 45 1 1 
50 40 50 3 full 41 14 1 1 
50 40 50 3 full 41 19 1 1 
50 40 50 3 full 41 27 1 1 
50 40 50 3 full 41 42 1 1 
50 40 50 3 full 41 46 1 1 
50 40 50 3 full 42 9 1 1 
50 40 50 3 full 42 10 1 1 
50 40 50 3 full 42 11 1 1 
50 40 50 3 full 42 21 1 1 
50 40 50 3 full 42 29 1 1 
50 40 50 3 full 42 31 1 1 
50 40 50 3 full 42 32 1 1 
50 40 50 3 full 42 39 1 1 
50 40 50 3 full 43 2 1 1 
50 40 50 3 full 43 3 1 1 
50 40 50 3 full 43 17 1 1 
50 40 50 3 full 43 18 1 1 
50 40 50 3 full 43 38 1 1 
50 40 50 3 full 43 39 1 1 
50 40 50 3 full 43 40 1 1 
50 40 50 3 full 43 43 1 1 
50 40 50 3 full 44 12 1 1 
50 40 50 3 full 44 15 1 1 
50 40 50 3 full 44 24 1 1 
50 40 50 3 full 44 32 1 1 
50 40 50 3 full 44 38 1 1 
50 40 50 3 full 44 40 1 1 
50 40 50 3 full 44 43 1 1 
50 40 50 3 full 44 48 1 1 
50 40 50 3 full 45 5 1 1 
50 40 50 3 full 45 9 1 1 
50 40 50 3 full 45 10 1 1 
50 40 50 3 full 45 22 1 1 
50 40 50 3 full 45 25 1 1 
50 40 50 3 full 45 31 1 1 
50 40 50 3 full 45 35 1 1 
50 40 50 3 full 45 48 1 1 
50 40 50 3 full 46 29 1 1 
50 40 50 3 full 46 32 1 1 
50 40 50 3 full 46 39 1 1 
50 40 50 3 full 47 20 1 1 
50 40 50 3 full 47 22 1 1 
50 40 50 3 full 47 35 1 1 
50 40 50 3 full 47 41 1 1 
50 40 50 3 full 47 46 1 1 
50 40 50 3 full 47 47 1 1 
50 40 50 3 full 48 9 1 1 
50 40 50 3 full 48 18 1 1 
50 40 50 3 full 48 32 1 1 
50 40 50 3 full 48 41 1 1 
50 40 50 3 full 48 44 1 1 
50 40 50 3 full 49 11 1 1 
50 40 50 3 full 49 15 1 1 
50 40 50 3 full 49 19 1 1 
50 40 50 3 full 49 22 1 1 
50 40 50 3 full 49 29 1 1 
50 40 50 3 full 49 32 1 1 
50 40 50 3 full 49 46 1 1 
50 40 50 3 full 49 50 1 1 
50 40 50 3 full 50 4 1 1 
50 40 50 3 full 50 12 2 1 
50 40 50 3 full 50 17 1 1 
50 40 50 3 full 50 20 1 1 
50 40 50 3 full 50 27 1 1 
