20 40 20 5 full 1 9 2 1 
20 40 20 5 full 2 6 1 1 
20 40 20 5 full 2 12 1 1 
20 40 20 5 full 3 6 1 1 
20 40 20 5 full 3 9 1 1 
20 40 20 5 full 3 12 2 1 
20 40 20 5 full 3 14 1 1 
20 40 20 5 full 3 16 2 1 
20 40 20 5 full 3 17 1 1 
20 40 20 5 full 4 4 1 1 
20 40 20 5 full 4 5 2 1 
20 40 20 5 full 4 9 1 1 
20 40 20 5 full 4 11 1 1 
20 40 20 5 full 4 12 1 1 
20 40 20 5 full 4 20 2 1 
20 40 20 5 full 5 2 1 1 
20 40 20 5 full 5 3 1 1 
20 40 20 5 full 5 13 1 1 
20 40 20 5 full 5 17 1 1 
20 40 20 5 full 5 18 1 1 
20 40 20 5 full 5 20 1 1 
20 40 20 5 full 6 1 2 1 
20 40 20 5 full 6 11 1 1 
20 40 20 5 full 6 14 1 1 
20 40 20 5 full 6 16 1 1 
20 40 20 5 full 6 17 2 1 
20 40 20 5 full 7 6 1 1 
20 40 20 5 full 7 11 1 1 
20 40 20 5 full 7 12 2 1 
20 40 20 5 full 7 18 2 1 
20 40 20 5 full 8 9 1 1 
20 40 20 5 full 8 12 1 1 
20 40 20 5 full 9 8 1 1 
20 40 20 5 full 10 4 1 1 
20 40 20 5 full 10 9 1 1 
20 40 20 5 full 10 11 1 1 
20 40 20 5 full 10 15 1 1 
20 40 20 5 full 11 5 1 1 
20 40 20 5 full 11 6 1 1 
20 40 20 5 full 11 11 1 1 
20 40 20 5 full 11 12 2 1 
20 40 20 5 full 11 15 1 1 
20 40 20 5 full 11 20 1 1 
20 40 20 5 full 12 9 3 1 
20 40 20 5 full 12 19 1 1 
20 40 20 5 full 13 2 1 1 
20 40 20 5 full 13 8 2 1 
20 40 20 5 full 13 13 1 1 
20 40 20 5 full 13 17 1 1 
20 40 20 5 full 13 19 1 1 
20 40 20 5 full 14 3 1 1 
20 40 20 5 full 14 20 2 1 
20 40 20 5 full 15 4 1 1 
20 40 20 5 full 15 5 1 1 
20 40 20 5 full 15 6 1 1 
20 40 20 5 full 15 9 1 1 
20 40 20 5 full 15 11 1 1 
20 40 20 5 full 15 12 1 1 
20 40 20 5 full 15 16 1 1 
20 40 20 5 full 16 2 1 1 
20 40 20 5 full 16 12 1 1 
20 40 20 5 full 16 14 1 1 
20 40 20 5 full 16 17 1 1 
20 40 20 5 full 16 18 1 1 
20 40 20 5 full 16 19 1 1 
20 40 20 5 full 17 3 1 1 
20 40 20 5 full 17 10 1 1 
20 40 20 5 full 17 11 1 1 
20 40 20 5 full 17 12 1 1 
20 40 20 5 full 18 6 2 1 
20 40 20 5 full 18 9 1 1 
20 40 20 5 full 18 11 1 1 
20 40 20 5 full 18 20 1 1 
20 40 20 5 full 19 7 1 1 
20 40 20 5 full 19 8 1 1 
20 40 20 5 full 20 3 1 1 
20 40 20 5 full 20 4 1 1 
20 40 20 5 full 20 11 1 1 
20 40 20 5 full 20 18 1 1 
