100 20 5 4 full 1 2 1 1 
100 20 5 4 full 1 10 1 1 
100 20 5 4 full 1 17 1 1 
100 20 5 4 full 1 19 1 1 
100 20 5 4 full 1 49 1 1 
100 20 5 4 full 1 60 1 1 
100 20 5 4 full 1 66 1 1 
100 20 5 4 full 1 88 1 1 
100 20 5 4 full 2 20 1 1 
100 20 5 4 full 2 27 1 1 
100 20 5 4 full 2 29 1 1 
100 20 5 4 full 2 45 1 1 
100 20 5 4 full 2 58 1 1 
100 20 5 4 full 2 72 1 1 
100 20 5 4 full 2 99 1 1 
100 20 5 4 full 2 100 1 1 
100 20 5 4 full 3 27 1 1 
100 20 5 4 full 3 35 1 1 
100 20 5 4 full 3 39 1 1 
100 20 5 4 full 3 41 1 1 
100 20 5 4 full 3 46 1 1 
100 20 5 4 full 3 72 1 1 
100 20 5 4 full 3 73 1 1 
100 20 5 4 full 3 91 1 1 
100 20 5 4 full 4 1 1 1 
100 20 5 4 full 4 6 1 1 
100 20 5 4 full 4 8 1 1 
100 20 5 4 full 4 48 1 1 
100 20 5 4 full 4 54 1 1 
100 20 5 4 full 4 74 1 1 
100 20 5 4 full 4 80 1 1 
100 20 5 4 full 4 91 1 1 
100 20 5 4 full 5 21 1 1 
100 20 5 4 full 5 59 1 1 
100 20 5 4 full 5 61 1 1 
100 20 5 4 full 5 66 1 1 
100 20 5 4 full 5 74 1 1 
100 20 5 4 full 5 86 1 1 
100 20 5 4 full 5 90 1 1 
100 20 5 4 full 5 95 1 1 
