20 20 50 2 full 1 10 1 1 
20 20 50 2 full 1 16 1 1 
20 20 50 2 full 2 6 2 1 
20 20 50 2 full 2 10 2 1 
20 20 50 2 full 2 11 1 1 
20 20 50 2 full 2 14 2 1 
20 20 50 2 full 2 18 1 1 
20 20 50 2 full 3 2 1 1 
20 20 50 2 full 3 4 1 1 
20 20 50 2 full 3 11 1 1 
20 20 50 2 full 3 12 1 1 
20 20 50 2 full 3 14 1 1 
20 20 50 2 full 3 18 2 1 
20 20 50 2 full 4 6 1 1 
20 20 50 2 full 4 9 1 1 
20 20 50 2 full 4 10 2 1 
20 20 50 2 full 5 4 2 1 
20 20 50 2 full 5 5 1 1 
20 20 50 2 full 5 7 2 1 
20 20 50 2 full 5 20 2 1 
20 20 50 2 full 6 1 1 1 
20 20 50 2 full 6 3 1 1 
20 20 50 2 full 6 5 1 1 
20 20 50 2 full 6 7 1 1 
20 20 50 2 full 6 8 1 1 
20 20 50 2 full 7 7 2 1 
20 20 50 2 full 7 10 2 1 
20 20 50 2 full 7 11 1 1 
20 20 50 2 full 7 13 1 1 
20 20 50 2 full 7 15 1 1 
20 20 50 2 full 8 3 2 1 
20 20 50 2 full 8 5 1 1 
20 20 50 2 full 8 15 2 1 
20 20 50 2 full 8 18 1 1 
20 20 50 2 full 9 1 2 1 
20 20 50 2 full 9 7 1 1 
20 20 50 2 full 9 8 1 1 
20 20 50 2 full 9 9 1 1 
20 20 50 2 full 9 14 1 1 
20 20 50 2 full 10 9 2 1 
20 20 50 2 full 10 10 3 1 
20 20 50 2 full 10 11 2 1 
20 20 50 2 full 11 4 2 1 
20 20 50 2 full 11 6 1 1 
20 20 50 2 full 11 12 1 1 
20 20 50 2 full 12 4 2 1 
20 20 50 2 full 12 6 1 1 
20 20 50 2 full 12 10 1 1 
20 20 50 2 full 12 13 1 1 
20 20 50 2 full 12 16 1 1 
20 20 50 2 full 13 1 1 1 
20 20 50 2 full 13 5 1 1 
20 20 50 2 full 13 8 1 1 
20 20 50 2 full 13 14 1 1 
20 20 50 2 full 13 15 1 1 
20 20 50 2 full 13 20 1 1 
20 20 50 2 full 14 2 2 1 
20 20 50 2 full 14 18 1 1 
20 20 50 2 full 14 19 2 1 
20 20 50 2 full 14 20 1 1 
20 20 50 2 full 15 14 1 1 
20 20 50 2 full 15 17 1 1 
20 20 50 2 full 16 2 1 1 
20 20 50 2 full 16 5 1 1 
20 20 50 2 full 16 8 1 1 
20 20 50 2 full 16 14 1 1 
20 20 50 2 full 17 3 3 1 
20 20 50 2 full 17 9 1 1 
20 20 50 2 full 17 16 1 1 
20 20 50 2 full 18 1 2 1 
20 20 50 2 full 18 5 1 1 
20 20 50 2 full 18 7 2 1 
20 20 50 2 full 19 3 1 1 
20 20 50 2 full 19 8 3 1 
20 20 50 2 full 19 11 1 1 
20 20 50 2 full 19 14 1 1 
20 20 50 2 full 19 17 1 1 
20 20 50 2 full 20 7 1 1 
20 20 50 2 full 20 11 1 1 
20 20 50 2 full 20 19 1 1 
20 20 50 2 full 21 1 2 1 
20 20 50 2 full 21 6 3 1 
20 20 50 2 full 21 7 1 1 
20 20 50 2 full 21 9 1 1 
20 20 50 2 full 21 10 1 1 
20 20 50 2 full 22 1 1 1 
20 20 50 2 full 22 5 2 1 
20 20 50 2 full 22 8 1 1 
20 20 50 2 full 22 14 1 1 
20 20 50 2 full 23 1 2 1 
20 20 50 2 full 23 2 1 1 
20 20 50 2 full 23 3 1 1 
20 20 50 2 full 23 12 1 1 
20 20 50 2 full 23 13 2 1 
20 20 50 2 full 23 18 1 1 
20 20 50 2 full 24 7 1 1 
20 20 50 2 full 24 10 2 1 
20 20 50 2 full 24 16 2 1 
20 20 50 2 full 24 19 1 1 
20 20 50 2 full 25 10 1 1 
20 20 50 2 full 25 13 1 1 
20 20 50 2 full 25 14 3 1 
20 20 50 2 full 26 1 1 1 
20 20 50 2 full 26 3 2 1 
20 20 50 2 full 26 5 1 1 
20 20 50 2 full 26 11 1 1 
20 20 50 2 full 26 19 2 1 
20 20 50 2 full 27 1 1 1 
20 20 50 2 full 27 8 1 1 
20 20 50 2 full 27 11 1 1 
20 20 50 2 full 27 16 1 1 
20 20 50 2 full 27 19 1 1 
20 20 50 2 full 28 2 1 1 
20 20 50 2 full 28 3 1 1 
20 20 50 2 full 28 4 2 1 
20 20 50 2 full 28 17 2 1 
20 20 50 2 full 29 1 1 1 
20 20 50 2 full 29 4 2 1 
20 20 50 2 full 29 7 1 1 
20 20 50 2 full 30 11 1 1 
20 20 50 2 full 30 18 1 1 
20 20 50 2 full 31 4 1 1 
20 20 50 2 full 31 6 1 1 
20 20 50 2 full 31 16 1 1 
20 20 50 2 full 31 17 1 1 
20 20 50 2 full 31 20 1 1 
20 20 50 2 full 32 1 2 1 
20 20 50 2 full 32 2 1 1 
20 20 50 2 full 32 12 1 1 
20 20 50 2 full 32 18 1 1 
20 20 50 2 full 33 3 2 1 
20 20 50 2 full 33 12 1 1 
20 20 50 2 full 33 16 2 1 
20 20 50 2 full 33 20 3 1 
20 20 50 2 full 34 1 1 1 
20 20 50 2 full 34 2 1 1 
20 20 50 2 full 34 3 1 1 
20 20 50 2 full 34 8 2 1 
20 20 50 2 full 34 12 1 1 
20 20 50 2 full 35 1 1 1 
20 20 50 2 full 35 3 1 1 
20 20 50 2 full 35 8 1 1 
20 20 50 2 full 35 10 1 1 
20 20 50 2 full 35 15 1 1 
20 20 50 2 full 35 16 1 1 
20 20 50 2 full 35 18 1 1 
20 20 50 2 full 35 19 1 1 
20 20 50 2 full 36 6 1 1 
20 20 50 2 full 36 11 1 1 
20 20 50 2 full 36 13 2 1 
20 20 50 2 full 36 17 1 1 
20 20 50 2 full 36 20 1 1 
20 20 50 2 full 37 2 1 1 
20 20 50 2 full 37 4 1 1 
20 20 50 2 full 37 8 1 1 
20 20 50 2 full 37 14 1 1 
20 20 50 2 full 37 18 1 1 
20 20 50 2 full 37 19 1 1 
20 20 50 2 full 38 3 1 1 
20 20 50 2 full 38 14 1 1 
20 20 50 2 full 38 16 1 1 
20 20 50 2 full 38 19 1 1 
20 20 50 2 full 39 1 1 1 
20 20 50 2 full 39 3 1 1 
20 20 50 2 full 39 4 1 1 
20 20 50 2 full 39 11 1 1 
20 20 50 2 full 39 20 1 1 
20 20 50 2 full 40 4 1 1 
20 20 50 2 full 40 7 1 1 
20 20 50 2 full 40 8 3 1 
20 20 50 2 full 40 19 2 1 
20 20 50 2 full 41 4 1 1 
20 20 50 2 full 41 7 2 1 
20 20 50 2 full 41 11 1 1 
20 20 50 2 full 41 17 2 1 
20 20 50 2 full 41 18 1 1 
20 20 50 2 full 42 11 1 1 
20 20 50 2 full 42 14 2 1 
20 20 50 2 full 42 15 1 1 
20 20 50 2 full 42 16 1 1 
20 20 50 2 full 43 2 1 1 
20 20 50 2 full 43 3 2 1 
20 20 50 2 full 43 7 1 1 
20 20 50 2 full 43 9 1 1 
20 20 50 2 full 43 10 1 1 
20 20 50 2 full 43 12 1 1 
20 20 50 2 full 43 17 1 1 
20 20 50 2 full 44 1 1 1 
20 20 50 2 full 44 2 1 1 
20 20 50 2 full 44 3 1 1 
20 20 50 2 full 44 13 1 1 
20 20 50 2 full 44 15 1 1 
20 20 50 2 full 45 5 1 1 
20 20 50 2 full 45 8 1 1 
20 20 50 2 full 45 9 1 1 
20 20 50 2 full 45 14 2 1 
20 20 50 2 full 45 16 1 1 
20 20 50 2 full 45 19 1 1 
20 20 50 2 full 46 4 1 1 
20 20 50 2 full 46 5 1 1 
20 20 50 2 full 46 7 1 1 
20 20 50 2 full 46 15 1 1 
20 20 50 2 full 46 18 1 1 
20 20 50 2 full 47 4 1 1 
20 20 50 2 full 47 5 1 1 
20 20 50 2 full 47 6 1 1 
20 20 50 2 full 47 9 1 1 
20 20 50 2 full 47 16 1 1 
20 20 50 2 full 47 17 1 1 
20 20 50 2 full 48 1 1 1 
20 20 50 2 full 48 5 1 1 
20 20 50 2 full 48 6 2 1 
20 20 50 2 full 48 18 1 1 
20 20 50 2 full 48 20 1 1 
20 20 50 2 full 49 4 1 1 
20 20 50 2 full 49 6 1 1 
20 20 50 2 full 49 7 1 1 
20 20 50 2 full 49 13 1 1 
20 20 50 2 full 49 16 1 1 
20 20 50 2 full 49 20 1 1 
20 20 50 2 full 50 6 1 1 
20 20 50 2 full 50 19 3 1 
