100 20 5 5 full 1 15 1 1 
100 20 5 5 full 1 45 1 1 
100 20 5 5 full 1 49 1 1 
100 20 5 5 full 1 52 1 1 
100 20 5 5 full 1 62 1 1 
100 20 5 5 full 1 64 1 1 
100 20 5 5 full 1 66 1 1 
100 20 5 5 full 1 75 1 1 
100 20 5 5 full 2 1 1 1 
100 20 5 5 full 2 3 1 1 
100 20 5 5 full 2 10 1 1 
100 20 5 5 full 2 15 1 1 
100 20 5 5 full 2 60 1 1 
100 20 5 5 full 2 91 1 1 
100 20 5 5 full 2 94 1 1 
100 20 5 5 full 2 95 1 1 
100 20 5 5 full 3 6 1 1 
100 20 5 5 full 3 55 1 1 
100 20 5 5 full 3 59 1 1 
100 20 5 5 full 3 63 1 1 
100 20 5 5 full 3 81 1 1 
100 20 5 5 full 3 87 1 1 
100 20 5 5 full 3 88 1 1 
100 20 5 5 full 3 89 1 1 
100 20 5 5 full 4 15 1 1 
100 20 5 5 full 4 23 1 1 
100 20 5 5 full 4 41 1 1 
100 20 5 5 full 4 57 1 1 
100 20 5 5 full 4 86 1 1 
100 20 5 5 full 4 93 1 1 
100 20 5 5 full 4 99 1 1 
100 20 5 5 full 4 100 1 1 
100 20 5 5 full 5 1 1 1 
100 20 5 5 full 5 4 1 1 
100 20 5 5 full 5 10 1 1 
100 20 5 5 full 5 18 1 1 
100 20 5 5 full 5 22 1 1 
100 20 5 5 full 5 35 1 1 
100 20 5 5 full 5 54 1 1 
100 20 5 5 full 5 99 1 1 
