20 8 20 4 full 1 1 1 1 
20 8 20 4 full 1 4 1 1 
20 8 20 4 full 1 10 1 1 
20 8 20 4 full 1 12 1 1 
20 8 20 4 full 2 4 1 1 
20 8 20 4 full 2 5 1 1 
20 8 20 4 full 2 11 3 1 
20 8 20 4 full 2 17 2 1 
20 8 20 4 full 3 12 2 1 
20 8 20 4 full 3 17 1 1 
20 8 20 4 full 4 4 1 1 
20 8 20 4 full 4 5 1 1 
20 8 20 4 full 4 8 3 1 
20 8 20 4 full 4 9 2 1 
20 8 20 4 full 5 6 1 1 
20 8 20 4 full 5 9 1 1 
20 8 20 4 full 5 19 1 1 
20 8 20 4 full 5 20 1 1 
20 8 20 4 full 6 11 1 1 
20 8 20 4 full 6 15 1 1 
20 8 20 4 full 6 19 1 1 
20 8 20 4 full 7 1 1 1 
20 8 20 4 full 7 5 1 1 
20 8 20 4 full 7 10 1 1 
20 8 20 4 full 7 12 1 1 
20 8 20 4 full 7 16 3 1 
20 8 20 4 full 8 4 1 1 
20 8 20 4 full 8 13 1 1 
20 8 20 4 full 8 14 1 1 
20 8 20 4 full 8 20 2 1 
20 8 20 4 full 9 1 1 1 
20 8 20 4 full 9 3 1 1 
20 8 20 4 full 9 8 2 1 
20 8 20 4 full 9 10 1 1 
20 8 20 4 full 9 12 1 1 
20 8 20 4 full 10 1 1 1 
20 8 20 4 full 10 8 1 1 
20 8 20 4 full 10 16 1 1 
20 8 20 4 full 10 19 1 1 
20 8 20 4 full 11 1 1 1 
20 8 20 4 full 11 8 1 1 
20 8 20 4 full 11 11 1 1 
20 8 20 4 full 11 13 1 1 
20 8 20 4 full 11 16 1 1 
20 8 20 4 full 11 20 1 1 
20 8 20 4 full 12 5 2 1 
20 8 20 4 full 12 6 1 1 
20 8 20 4 full 12 10 1 1 
20 8 20 4 full 12 13 1 1 
20 8 20 4 full 13 4 2 1 
20 8 20 4 full 13 7 1 1 
20 8 20 4 full 13 9 1 1 
20 8 20 4 full 13 12 1 1 
20 8 20 4 full 13 15 1 1 
20 8 20 4 full 13 20 2 1 
20 8 20 4 full 15 12 1 1 
20 8 20 4 full 15 17 2 1 
20 8 20 4 full 15 18 1 1 
20 8 20 4 full 16 1 1 1 
20 8 20 4 full 16 10 1 1 
20 8 20 4 full 16 12 3 1 
20 8 20 4 full 17 1 1 1 
20 8 20 4 full 17 7 1 1 
20 8 20 4 full 17 10 1 1 
20 8 20 4 full 17 12 1 1 
20 8 20 4 full 17 13 1 1 
20 8 20 4 full 17 15 2 1 
20 8 20 4 full 18 1 2 1 
20 8 20 4 full 18 6 2 1 
20 8 20 4 full 18 9 1 1 
20 8 20 4 full 18 13 1 1 
20 8 20 4 full 19 4 1 1 
20 8 20 4 full 19 7 2 1 
20 8 20 4 full 19 8 1 1 
20 8 20 4 full 19 20 1 1 
20 8 20 4 full 20 5 1 1 
20 8 20 4 full 20 6 1 1 
20 8 20 4 full 20 9 2 1 
20 8 20 4 full 20 13 1 1 
20 8 20 4 full 20 17 2 1 
