20 40 20 2 full 1 2 1 1 
20 40 20 2 full 1 8 2 1 
20 40 20 2 full 1 12 1 1 
20 40 20 2 full 1 17 3 1 
20 40 20 2 full 2 5 2 1 
20 40 20 2 full 2 11 2 1 
20 40 20 2 full 2 16 2 1 
20 40 20 2 full 3 2 1 1 
20 40 20 2 full 3 4 1 1 
20 40 20 2 full 3 11 1 1 
20 40 20 2 full 3 13 1 1 
20 40 20 2 full 4 3 1 1 
20 40 20 2 full 4 9 1 1 
20 40 20 2 full 4 10 1 1 
20 40 20 2 full 4 12 1 1 
20 40 20 2 full 4 13 1 1 
20 40 20 2 full 4 17 1 1 
20 40 20 2 full 5 1 1 1 
20 40 20 2 full 5 2 2 1 
20 40 20 2 full 5 4 1 1 
20 40 20 2 full 5 17 1 1 
20 40 20 2 full 5 18 1 1 
20 40 20 2 full 5 20 1 1 
20 40 20 2 full 6 1 2 1 
20 40 20 2 full 6 3 2 1 
20 40 20 2 full 6 8 1 1 
20 40 20 2 full 6 9 1 1 
20 40 20 2 full 6 11 1 1 
20 40 20 2 full 7 3 2 1 
20 40 20 2 full 7 6 1 1 
20 40 20 2 full 7 8 1 1 
20 40 20 2 full 7 17 1 1 
20 40 20 2 full 8 2 1 1 
20 40 20 2 full 8 5 1 1 
20 40 20 2 full 8 7 1 1 
20 40 20 2 full 8 10 1 1 
20 40 20 2 full 8 13 1 1 
20 40 20 2 full 9 3 1 1 
20 40 20 2 full 9 12 3 1 
20 40 20 2 full 9 19 1 1 
20 40 20 2 full 9 20 1 1 
20 40 20 2 full 10 2 2 1 
20 40 20 2 full 10 10 1 1 
20 40 20 2 full 10 11 1 1 
20 40 20 2 full 10 15 1 1 
20 40 20 2 full 11 4 1 1 
20 40 20 2 full 11 8 2 1 
20 40 20 2 full 11 13 1 1 
20 40 20 2 full 11 18 2 1 
20 40 20 2 full 12 4 1 1 
20 40 20 2 full 12 6 3 1 
20 40 20 2 full 12 8 1 1 
20 40 20 2 full 12 13 1 1 
20 40 20 2 full 13 1 2 1 
20 40 20 2 full 13 5 1 1 
20 40 20 2 full 13 8 2 1 
20 40 20 2 full 13 14 2 1 
20 40 20 2 full 14 5 1 1 
20 40 20 2 full 14 13 1 1 
20 40 20 2 full 14 15 2 1 
20 40 20 2 full 14 17 1 1 
20 40 20 2 full 14 18 2 1 
20 40 20 2 full 15 1 3 1 
20 40 20 2 full 16 3 1 1 
20 40 20 2 full 16 17 1 1 
20 40 20 2 full 16 18 2 1 
20 40 20 2 full 17 8 1 1 
20 40 20 2 full 17 9 1 1 
20 40 20 2 full 17 15 1 1 
20 40 20 2 full 17 18 2 1 
20 40 20 2 full 17 20 1 1 
20 40 20 2 full 18 5 1 1 
20 40 20 2 full 18 13 1 1 
20 40 20 2 full 18 19 2 1 
20 40 20 2 full 19 1 1 1 
20 40 20 2 full 19 2 1 1 
20 40 20 2 full 19 3 1 1 
20 40 20 2 full 19 8 1 1 
20 40 20 2 full 19 12 1 1 
20 40 20 2 full 19 14 2 1 
20 40 20 2 full 20 7 1 1 
20 40 20 2 full 20 9 1 1 
20 40 20 2 full 20 16 3 1 
20 40 20 2 full 20 19 1 1 
