50 40 50 1 full 1 12 1 1 
50 40 50 1 full 1 16 1 1 
50 40 50 1 full 1 29 1 1 
50 40 50 1 full 1 32 1 1 
50 40 50 1 full 1 38 1 1 
50 40 50 1 full 1 39 1 1 
50 40 50 1 full 1 43 1 1 
50 40 50 1 full 2 18 1 1 
50 40 50 1 full 2 20 1 1 
50 40 50 1 full 2 22 1 1 
50 40 50 1 full 2 23 1 1 
50 40 50 1 full 2 25 1 1 
50 40 50 1 full 2 38 1 1 
50 40 50 1 full 2 44 1 1 
50 40 50 1 full 2 50 1 1 
50 40 50 1 full 3 7 2 1 
50 40 50 1 full 3 14 1 1 
50 40 50 1 full 3 23 1 1 
50 40 50 1 full 3 25 1 1 
50 40 50 1 full 3 35 1 1 
50 40 50 1 full 3 40 1 1 
50 40 50 1 full 4 3 1 1 
50 40 50 1 full 4 13 1 1 
50 40 50 1 full 4 14 1 1 
50 40 50 1 full 4 17 2 1 
50 40 50 1 full 4 33 1 1 
50 40 50 1 full 4 43 1 1 
50 40 50 1 full 5 3 1 1 
50 40 50 1 full 5 9 1 1 
50 40 50 1 full 5 10 1 1 
50 40 50 1 full 5 15 1 1 
50 40 50 1 full 5 22 1 1 
50 40 50 1 full 5 24 1 1 
50 40 50 1 full 5 26 1 1 
50 40 50 1 full 5 37 1 1 
50 40 50 1 full 6 1 1 1 
50 40 50 1 full 6 10 1 1 
50 40 50 1 full 6 18 1 1 
50 40 50 1 full 6 20 1 1 
50 40 50 1 full 6 22 1 1 
50 40 50 1 full 6 26 1 1 
50 40 50 1 full 6 34 1 1 
50 40 50 1 full 6 38 1 1 
50 40 50 1 full 7 3 1 1 
50 40 50 1 full 7 8 1 1 
50 40 50 1 full 7 10 1 1 
50 40 50 1 full 7 25 1 1 
50 40 50 1 full 7 32 1 1 
50 40 50 1 full 7 35 1 1 
50 40 50 1 full 7 36 1 1 
50 40 50 1 full 7 38 1 1 
50 40 50 1 full 8 3 1 1 
50 40 50 1 full 8 8 1 1 
50 40 50 1 full 8 14 1 1 
50 40 50 1 full 8 18 1 1 
50 40 50 1 full 8 19 1 1 
50 40 50 1 full 8 25 1 1 
50 40 50 1 full 8 28 1 1 
50 40 50 1 full 8 46 1 1 
50 40 50 1 full 9 7 1 1 
50 40 50 1 full 9 19 1 1 
50 40 50 1 full 9 28 1 1 
50 40 50 1 full 9 43 1 1 
50 40 50 1 full 9 49 1 1 
50 40 50 1 full 10 3 1 1 
50 40 50 1 full 10 15 1 1 
50 40 50 1 full 10 24 1 1 
50 40 50 1 full 10 32 1 1 
50 40 50 1 full 10 35 1 1 
50 40 50 1 full 10 40 1 1 
50 40 50 1 full 10 43 1 1 
50 40 50 1 full 10 46 1 1 
50 40 50 1 full 11 1 1 1 
50 40 50 1 full 11 18 1 1 
50 40 50 1 full 11 19 1 1 
50 40 50 1 full 11 22 1 1 
50 40 50 1 full 11 26 1 1 
50 40 50 1 full 11 34 1 1 
50 40 50 1 full 11 35 1 1 
50 40 50 1 full 11 41 1 1 
50 40 50 1 full 12 7 1 1 
50 40 50 1 full 12 22 1 1 
50 40 50 1 full 12 28 1 1 
50 40 50 1 full 12 31 1 1 
50 40 50 1 full 12 40 1 1 
50 40 50 1 full 12 41 1 1 
50 40 50 1 full 12 46 1 1 
50 40 50 1 full 12 49 1 1 
50 40 50 1 full 13 12 1 1 
50 40 50 1 full 13 13 1 1 
50 40 50 1 full 13 20 1 1 
50 40 50 1 full 13 32 1 1 
50 40 50 1 full 13 47 1 1 
50 40 50 1 full 14 4 1 1 
50 40 50 1 full 14 9 1 1 
50 40 50 1 full 14 17 1 1 
50 40 50 1 full 14 24 1 1 
50 40 50 1 full 14 39 1 1 
50 40 50 1 full 14 44 1 1 
50 40 50 1 full 14 45 1 1 
50 40 50 1 full 14 46 1 1 
50 40 50 1 full 15 2 1 1 
50 40 50 1 full 15 7 1 1 
50 40 50 1 full 15 28 1 1 
50 40 50 1 full 15 36 1 1 
50 40 50 1 full 16 28 1 1 
50 40 50 1 full 16 33 1 1 
50 40 50 1 full 16 40 1 1 
50 40 50 1 full 16 42 1 1 
50 40 50 1 full 17 8 1 1 
50 40 50 1 full 17 15 1 1 
50 40 50 1 full 17 17 1 1 
50 40 50 1 full 17 27 1 1 
50 40 50 1 full 17 38 1 1 
50 40 50 1 full 17 39 1 1 
50 40 50 1 full 17 44 1 1 
50 40 50 1 full 17 45 1 1 
50 40 50 1 full 18 8 1 1 
50 40 50 1 full 18 20 1 1 
50 40 50 1 full 18 30 1 1 
50 40 50 1 full 18 31 1 1 
50 40 50 1 full 18 34 1 1 
50 40 50 1 full 18 35 1 1 
50 40 50 1 full 19 4 1 1 
50 40 50 1 full 19 10 1 1 
50 40 50 1 full 19 22 1 1 
50 40 50 1 full 19 28 1 1 
50 40 50 1 full 19 38 1 1 
50 40 50 1 full 19 44 1 1 
50 40 50 1 full 19 47 1 1 
50 40 50 1 full 20 1 1 1 
50 40 50 1 full 20 2 1 1 
50 40 50 1 full 20 5 1 1 
50 40 50 1 full 20 6 1 1 
50 40 50 1 full 20 14 1 1 
50 40 50 1 full 20 21 1 1 
50 40 50 1 full 20 31 1 1 
50 40 50 1 full 20 46 1 1 
50 40 50 1 full 21 1 1 1 
50 40 50 1 full 21 19 1 1 
50 40 50 1 full 21 29 1 1 
50 40 50 1 full 21 35 1 1 
50 40 50 1 full 21 43 1 1 
50 40 50 1 full 21 49 1 1 
50 40 50 1 full 22 14 1 1 
50 40 50 1 full 22 16 1 1 
50 40 50 1 full 22 18 1 1 
50 40 50 1 full 22 26 1 1 
50 40 50 1 full 22 36 1 1 
50 40 50 1 full 22 41 1 1 
50 40 50 1 full 22 43 1 1 
50 40 50 1 full 23 3 1 1 
50 40 50 1 full 23 15 1 1 
50 40 50 1 full 23 19 1 1 
50 40 50 1 full 23 22 1 1 
50 40 50 1 full 23 39 1 1 
50 40 50 1 full 23 49 1 1 
50 40 50 1 full 24 6 1 1 
50 40 50 1 full 24 14 1 1 
50 40 50 1 full 24 15 1 1 
50 40 50 1 full 24 16 1 1 
50 40 50 1 full 24 21 1 1 
50 40 50 1 full 24 30 1 1 
50 40 50 1 full 24 37 1 1 
50 40 50 1 full 25 11 1 1 
50 40 50 1 full 25 16 1 1 
50 40 50 1 full 25 26 1 1 
50 40 50 1 full 25 30 1 1 
50 40 50 1 full 25 39 1 1 
50 40 50 1 full 25 40 1 1 
50 40 50 1 full 25 46 1 1 
50 40 50 1 full 26 6 1 1 
50 40 50 1 full 26 12 1 1 
50 40 50 1 full 26 13 1 1 
50 40 50 1 full 26 19 1 1 
50 40 50 1 full 26 27 1 1 
50 40 50 1 full 26 43 1 1 
50 40 50 1 full 26 46 1 1 
50 40 50 1 full 27 3 1 1 
50 40 50 1 full 27 11 1 1 
50 40 50 1 full 27 17 1 1 
50 40 50 1 full 27 21 1 1 
50 40 50 1 full 27 23 1 1 
50 40 50 1 full 27 36 1 1 
50 40 50 1 full 27 41 1 1 
50 40 50 1 full 27 45 1 1 
50 40 50 1 full 28 1 1 1 
50 40 50 1 full 28 3 1 1 
50 40 50 1 full 28 11 1 1 
50 40 50 1 full 28 13 1 1 
50 40 50 1 full 28 44 1 1 
50 40 50 1 full 28 49 1 1 
50 40 50 1 full 29 4 1 1 
50 40 50 1 full 29 17 1 1 
50 40 50 1 full 29 33 1 1 
50 40 50 1 full 29 38 1 1 
50 40 50 1 full 29 39 1 1 
50 40 50 1 full 30 7 2 1 
50 40 50 1 full 30 16 2 1 
50 40 50 1 full 30 18 1 1 
50 40 50 1 full 30 35 1 1 
50 40 50 1 full 30 46 1 1 
50 40 50 1 full 31 10 1 1 
50 40 50 1 full 31 12 1 1 
50 40 50 1 full 31 21 1 1 
50 40 50 1 full 31 24 1 1 
50 40 50 1 full 31 33 1 1 
50 40 50 1 full 31 34 1 1 
50 40 50 1 full 31 36 1 1 
50 40 50 1 full 31 48 1 1 
50 40 50 1 full 32 2 1 1 
50 40 50 1 full 32 17 1 1 
50 40 50 1 full 32 22 1 1 
50 40 50 1 full 32 27 1 1 
50 40 50 1 full 32 40 1 1 
50 40 50 1 full 32 44 1 1 
50 40 50 1 full 32 45 1 1 
50 40 50 1 full 32 48 1 1 
50 40 50 1 full 33 3 1 1 
50 40 50 1 full 33 5 1 1 
50 40 50 1 full 33 7 1 1 
50 40 50 1 full 33 13 1 1 
50 40 50 1 full 33 14 1 1 
50 40 50 1 full 33 17 1 1 
50 40 50 1 full 33 40 1 1 
50 40 50 1 full 33 45 1 1 
50 40 50 1 full 34 1 1 1 
50 40 50 1 full 34 4 1 1 
50 40 50 1 full 34 13 1 1 
50 40 50 1 full 34 22 1 1 
50 40 50 1 full 34 24 1 1 
50 40 50 1 full 34 33 1 1 
50 40 50 1 full 34 38 1 1 
50 40 50 1 full 34 43 1 1 
50 40 50 1 full 35 10 1 1 
50 40 50 1 full 35 22 1 1 
50 40 50 1 full 35 23 1 1 
50 40 50 1 full 35 24 1 1 
50 40 50 1 full 35 35 1 1 
50 40 50 1 full 35 38 1 1 
50 40 50 1 full 35 43 1 1 
50 40 50 1 full 35 50 1 1 
50 40 50 1 full 36 5 1 1 
50 40 50 1 full 36 6 1 1 
50 40 50 1 full 36 13 1 1 
50 40 50 1 full 36 19 1 1 
50 40 50 1 full 36 22 1 1 
50 40 50 1 full 36 29 1 1 
50 40 50 1 full 36 32 1 1 
50 40 50 1 full 36 39 1 1 
50 40 50 1 full 37 2 1 1 
50 40 50 1 full 37 9 1 1 
50 40 50 1 full 37 13 1 1 
50 40 50 1 full 37 29 1 1 
50 40 50 1 full 37 37 1 1 
50 40 50 1 full 37 39 1 1 
50 40 50 1 full 37 44 1 1 
50 40 50 1 full 38 11 1 1 
50 40 50 1 full 38 16 1 1 
50 40 50 1 full 38 44 1 1 
50 40 50 1 full 39 14 1 1 
50 40 50 1 full 39 28 1 1 
50 40 50 1 full 39 34 1 1 
50 40 50 1 full 39 35 1 1 
50 40 50 1 full 39 40 1 1 
50 40 50 1 full 39 47 1 1 
50 40 50 1 full 40 15 1 1 
50 40 50 1 full 40 17 1 1 
50 40 50 1 full 40 20 1 1 
50 40 50 1 full 40 26 1 1 
50 40 50 1 full 40 30 1 1 
50 40 50 1 full 40 33 1 1 
50 40 50 1 full 40 34 1 1 
50 40 50 1 full 40 46 1 1 
50 40 50 1 full 41 8 1 1 
50 40 50 1 full 41 15 1 1 
50 40 50 1 full 41 16 1 1 
50 40 50 1 full 41 20 1 1 
50 40 50 1 full 41 24 1 1 
50 40 50 1 full 41 33 1 1 
50 40 50 1 full 41 38 1 1 
50 40 50 1 full 41 44 1 1 
50 40 50 1 full 42 10 1 1 
50 40 50 1 full 42 11 1 1 
50 40 50 1 full 42 27 1 1 
50 40 50 1 full 42 48 1 1 
50 40 50 1 full 43 3 1 1 
50 40 50 1 full 43 13 1 1 
50 40 50 1 full 43 14 1 1 
50 40 50 1 full 43 29 1 1 
50 40 50 1 full 43 33 1 1 
50 40 50 1 full 43 41 1 1 
50 40 50 1 full 44 12 1 1 
50 40 50 1 full 44 19 1 1 
50 40 50 1 full 44 20 1 1 
50 40 50 1 full 44 29 1 1 
50 40 50 1 full 44 30 1 1 
50 40 50 1 full 44 37 1 1 
50 40 50 1 full 44 44 1 1 
50 40 50 1 full 44 46 1 1 
50 40 50 1 full 45 1 1 1 
50 40 50 1 full 45 7 1 1 
50 40 50 1 full 45 10 1 1 
50 40 50 1 full 45 11 1 1 
50 40 50 1 full 45 18 1 1 
50 40 50 1 full 45 33 1 1 
50 40 50 1 full 45 48 1 1 
50 40 50 1 full 45 49 1 1 
50 40 50 1 full 46 8 1 1 
50 40 50 1 full 46 21 1 1 
50 40 50 1 full 46 24 1 1 
50 40 50 1 full 46 30 1 1 
50 40 50 1 full 46 40 1 1 
50 40 50 1 full 46 47 1 1 
50 40 50 1 full 47 6 1 1 
50 40 50 1 full 47 19 1 1 
50 40 50 1 full 47 39 1 1 
50 40 50 1 full 47 40 1 1 
50 40 50 1 full 47 45 1 1 
50 40 50 1 full 48 4 1 1 
50 40 50 1 full 48 11 1 1 
50 40 50 1 full 48 18 1 1 
50 40 50 1 full 48 27 1 1 
50 40 50 1 full 48 30 1 1 
50 40 50 1 full 48 33 1 1 
50 40 50 1 full 48 40 1 1 
50 40 50 1 full 48 47 1 1 
50 40 50 1 full 49 24 1 1 
50 40 50 1 full 49 30 1 1 
50 40 50 1 full 49 36 1 1 
50 40 50 1 full 49 43 1 1 
50 40 50 1 full 49 44 1 1 
50 40 50 1 full 49 46 1 1 
50 40 50 1 full 49 47 1 1 
50 40 50 1 full 50 2 1 1 
50 40 50 1 full 50 10 1 1 
50 40 50 1 full 50 15 1 1 
50 40 50 1 full 50 20 1 1 
50 40 50 1 full 50 35 1 1 
50 40 50 1 full 50 47 1 1 
50 40 50 1 full 50 49 1 1 
50 40 50 1 full 50 50 1 1 
