50 40 5 3 full 1 2 1 1 
50 40 5 3 full 1 13 1 1 
50 40 5 3 full 1 22 1 1 
50 40 5 3 full 1 39 1 1 
50 40 5 3 full 1 46 1 1 
50 40 5 3 full 1 47 1 1 
50 40 5 3 full 2 4 1 1 
50 40 5 3 full 2 5 1 1 
50 40 5 3 full 2 38 1 1 
50 40 5 3 full 3 8 1 1 
50 40 5 3 full 3 9 1 1 
50 40 5 3 full 3 27 1 1 
50 40 5 3 full 3 30 1 1 
50 40 5 3 full 3 34 1 1 
50 40 5 3 full 3 39 1 1 
50 40 5 3 full 3 44 1 1 
50 40 5 3 full 3 46 1 1 
50 40 5 3 full 4 1 1 1 
50 40 5 3 full 4 2 1 1 
50 40 5 3 full 4 24 1 1 
50 40 5 3 full 4 30 1 1 
50 40 5 3 full 4 35 1 1 
50 40 5 3 full 4 49 1 1 
50 40 5 3 full 5 18 1 1 
50 40 5 3 full 5 27 1 1 
50 40 5 3 full 5 29 1 1 
50 40 5 3 full 5 35 2 1 
50 40 5 3 full 5 41 1 1 
