50 8 5 1 full 1 1 1 1 
50 8 5 1 full 1 5 1 1 
50 8 5 1 full 1 15 1 1 
50 8 5 1 full 1 26 1 1 
50 8 5 1 full 1 29 1 1 
50 8 5 1 full 1 30 1 1 
50 8 5 1 full 1 33 1 1 
50 8 5 1 full 1 45 1 1 
50 8 5 1 full 2 5 1 1 
50 8 5 1 full 2 7 1 1 
50 8 5 1 full 2 22 1 1 
50 8 5 1 full 2 23 1 1 
50 8 5 1 full 2 35 1 1 
50 8 5 1 full 2 38 1 1 
50 8 5 1 full 2 42 1 1 
50 8 5 1 full 2 47 1 1 
50 8 5 1 full 3 3 1 1 
50 8 5 1 full 3 5 1 1 
50 8 5 1 full 3 11 1 1 
50 8 5 1 full 3 12 1 1 
50 8 5 1 full 3 32 1 1 
50 8 5 1 full 3 36 1 1 
50 8 5 1 full 3 41 1 1 
50 8 5 1 full 3 42 1 1 
50 8 5 1 full 4 5 1 1 
50 8 5 1 full 4 12 1 1 
50 8 5 1 full 4 25 1 1 
50 8 5 1 full 4 35 1 1 
50 8 5 1 full 4 36 1 1 
50 8 5 1 full 4 41 1 1 
50 8 5 1 full 4 42 1 1 
50 8 5 1 full 4 46 1 1 
50 8 5 1 full 5 1 1 1 
50 8 5 1 full 5 12 1 1 
50 8 5 1 full 5 21 1 1 
50 8 5 1 full 5 28 1 1 
50 8 5 1 full 5 29 1 1 
50 8 5 1 full 5 38 1 1 
50 8 5 1 full 5 42 1 1 
50 8 5 1 full 5 47 1 1 
