100 40 20 4 full 1 8 1 1 
100 40 20 4 full 1 14 1 1 
100 40 20 4 full 1 29 1 1 
100 40 20 4 full 1 38 1 1 
100 40 20 4 full 1 39 1 1 
100 40 20 4 full 1 43 1 1 
100 40 20 4 full 1 45 1 1 
100 40 20 4 full 1 78 1 1 
100 40 20 4 full 2 12 1 1 
100 40 20 4 full 2 21 1 1 
100 40 20 4 full 2 24 1 1 
100 40 20 4 full 2 26 1 1 
100 40 20 4 full 2 33 1 1 
100 40 20 4 full 2 61 1 1 
100 40 20 4 full 2 78 1 1 
100 40 20 4 full 2 89 1 1 
100 40 20 4 full 3 5 1 1 
100 40 20 4 full 3 18 1 1 
100 40 20 4 full 3 26 1 1 
100 40 20 4 full 3 39 1 1 
100 40 20 4 full 3 47 1 1 
100 40 20 4 full 3 50 1 1 
100 40 20 4 full 3 51 1 1 
100 40 20 4 full 3 93 1 1 
100 40 20 4 full 4 6 1 1 
100 40 20 4 full 4 11 1 1 
100 40 20 4 full 4 15 1 1 
100 40 20 4 full 4 19 1 1 
100 40 20 4 full 4 38 1 1 
100 40 20 4 full 4 46 1 1 
100 40 20 4 full 4 67 1 1 
100 40 20 4 full 4 93 1 1 
100 40 20 4 full 5 7 1 1 
100 40 20 4 full 5 8 1 1 
100 40 20 4 full 5 28 1 1 
100 40 20 4 full 5 30 1 1 
100 40 20 4 full 5 58 1 1 
100 40 20 4 full 5 65 1 1 
100 40 20 4 full 5 77 1 1 
100 40 20 4 full 5 88 1 1 
100 40 20 4 full 6 1 1 1 
100 40 20 4 full 6 6 1 1 
100 40 20 4 full 6 52 1 1 
100 40 20 4 full 6 53 1 1 
100 40 20 4 full 6 55 1 1 
100 40 20 4 full 6 59 1 1 
100 40 20 4 full 6 61 1 1 
100 40 20 4 full 6 70 1 1 
100 40 20 4 full 7 15 1 1 
100 40 20 4 full 7 31 1 1 
100 40 20 4 full 7 46 1 1 
100 40 20 4 full 7 60 1 1 
100 40 20 4 full 7 61 1 1 
100 40 20 4 full 7 70 1 1 
100 40 20 4 full 7 73 1 1 
100 40 20 4 full 7 75 1 1 
100 40 20 4 full 8 6 1 1 
100 40 20 4 full 8 7 1 1 
100 40 20 4 full 8 24 1 1 
100 40 20 4 full 8 32 1 1 
100 40 20 4 full 8 53 1 1 
100 40 20 4 full 8 71 1 1 
100 40 20 4 full 8 81 1 1 
100 40 20 4 full 8 97 1 1 
100 40 20 4 full 9 14 1 1 
100 40 20 4 full 9 36 1 1 
100 40 20 4 full 9 37 1 1 
100 40 20 4 full 9 47 1 1 
100 40 20 4 full 9 51 1 1 
100 40 20 4 full 9 55 1 1 
100 40 20 4 full 9 78 1 1 
100 40 20 4 full 9 99 1 1 
100 40 20 4 full 10 1 1 1 
100 40 20 4 full 10 40 1 1 
100 40 20 4 full 10 55 1 1 
100 40 20 4 full 10 59 1 1 
100 40 20 4 full 10 62 1 1 
100 40 20 4 full 10 80 1 1 
100 40 20 4 full 10 84 1 1 
100 40 20 4 full 10 89 1 1 
100 40 20 4 full 11 16 1 1 
100 40 20 4 full 11 26 1 1 
100 40 20 4 full 11 33 1 1 
100 40 20 4 full 11 44 1 1 
100 40 20 4 full 11 47 1 1 
100 40 20 4 full 11 50 1 1 
100 40 20 4 full 11 76 1 1 
100 40 20 4 full 11 100 1 1 
100 40 20 4 full 12 16 1 1 
100 40 20 4 full 12 19 1 1 
100 40 20 4 full 12 26 1 1 
100 40 20 4 full 12 34 1 1 
100 40 20 4 full 12 51 1 1 
100 40 20 4 full 12 77 1 1 
100 40 20 4 full 12 86 1 1 
100 40 20 4 full 12 89 1 1 
100 40 20 4 full 13 10 1 1 
100 40 20 4 full 13 11 1 1 
100 40 20 4 full 13 12 1 1 
100 40 20 4 full 13 43 1 1 
100 40 20 4 full 13 44 1 1 
100 40 20 4 full 13 47 1 1 
100 40 20 4 full 13 57 1 1 
100 40 20 4 full 13 100 1 1 
100 40 20 4 full 14 4 1 1 
100 40 20 4 full 14 7 1 1 
100 40 20 4 full 14 13 1 1 
100 40 20 4 full 14 55 1 1 
100 40 20 4 full 14 61 1 1 
100 40 20 4 full 14 67 1 1 
100 40 20 4 full 14 82 1 1 
100 40 20 4 full 14 99 1 1 
100 40 20 4 full 15 19 1 1 
100 40 20 4 full 15 22 1 1 
100 40 20 4 full 15 27 1 1 
100 40 20 4 full 15 40 1 1 
100 40 20 4 full 15 41 1 1 
100 40 20 4 full 15 90 1 1 
100 40 20 4 full 15 93 1 1 
100 40 20 4 full 15 100 1 1 
100 40 20 4 full 16 6 1 1 
100 40 20 4 full 16 21 1 1 
100 40 20 4 full 16 27 1 1 
100 40 20 4 full 16 33 1 1 
100 40 20 4 full 16 34 1 1 
100 40 20 4 full 16 64 1 1 
100 40 20 4 full 16 72 1 1 
100 40 20 4 full 16 76 1 1 
100 40 20 4 full 17 7 1 1 
100 40 20 4 full 17 30 1 1 
100 40 20 4 full 17 35 1 1 
100 40 20 4 full 17 48 1 1 
100 40 20 4 full 17 58 1 1 
100 40 20 4 full 17 68 1 1 
100 40 20 4 full 17 82 1 1 
100 40 20 4 full 17 85 1 1 
100 40 20 4 full 18 1 1 1 
100 40 20 4 full 18 33 1 1 
100 40 20 4 full 18 48 1 1 
100 40 20 4 full 18 52 1 1 
100 40 20 4 full 18 65 1 1 
100 40 20 4 full 18 69 1 1 
100 40 20 4 full 18 77 1 1 
100 40 20 4 full 18 99 1 1 
100 40 20 4 full 19 13 1 1 
100 40 20 4 full 19 26 1 1 
100 40 20 4 full 19 39 1 1 
100 40 20 4 full 19 53 1 1 
100 40 20 4 full 19 81 1 1 
100 40 20 4 full 19 87 1 1 
100 40 20 4 full 19 92 1 1 
100 40 20 4 full 19 96 1 1 
100 40 20 4 full 20 1 1 1 
100 40 20 4 full 20 23 1 1 
100 40 20 4 full 20 37 1 1 
100 40 20 4 full 20 63 1 1 
100 40 20 4 full 20 81 1 1 
100 40 20 4 full 20 90 1 1 
100 40 20 4 full 20 94 1 1 
100 40 20 4 full 20 95 1 1 
