20 20 5 3 full 1 3 1 1 
20 20 5 3 full 1 8 1 1 
20 20 5 3 full 1 9 1 1 
20 20 5 3 full 1 12 2 1 
20 20 5 3 full 1 15 1 1 
20 20 5 3 full 1 18 1 1 
20 20 5 3 full 2 1 2 1 
20 20 5 3 full 2 4 1 1 
20 20 5 3 full 2 8 1 1 
20 20 5 3 full 2 13 1 1 
20 20 5 3 full 3 2 1 1 
20 20 5 3 full 3 11 3 1 
20 20 5 3 full 3 16 1 1 
20 20 5 3 full 3 17 1 1 
20 20 5 3 full 3 19 2 1 
20 20 5 3 full 4 1 1 1 
20 20 5 3 full 4 11 1 1 
20 20 5 3 full 4 12 1 1 
20 20 5 3 full 4 13 1 1 
20 20 5 3 full 4 16 1 1 
20 20 5 3 full 4 18 1 1 
20 20 5 3 full 4 20 1 1 
20 20 5 3 full 5 9 1 1 
20 20 5 3 full 5 11 2 1 
20 20 5 3 full 5 18 1 1 
