100 8 50 2 full 1 9 1 1 
100 8 50 2 full 1 14 1 1 
100 8 50 2 full 1 19 1 1 
100 8 50 2 full 1 20 1 1 
100 8 50 2 full 1 57 1 1 
100 8 50 2 full 1 76 1 1 
100 8 50 2 full 1 88 1 1 
100 8 50 2 full 1 98 1 1 
100 8 50 2 full 2 40 1 1 
100 8 50 2 full 2 41 1 1 
100 8 50 2 full 2 47 1 1 
100 8 50 2 full 2 67 1 1 
100 8 50 2 full 2 68 1 1 
100 8 50 2 full 2 71 1 1 
100 8 50 2 full 2 75 1 1 
100 8 50 2 full 2 81 1 1 
100 8 50 2 full 3 16 1 1 
100 8 50 2 full 3 24 1 1 
100 8 50 2 full 3 41 1 1 
100 8 50 2 full 3 46 1 1 
100 8 50 2 full 3 55 1 1 
100 8 50 2 full 3 65 1 1 
100 8 50 2 full 3 76 1 1 
100 8 50 2 full 3 100 1 1 
100 8 50 2 full 4 14 1 1 
100 8 50 2 full 4 20 1 1 
100 8 50 2 full 4 25 1 1 
100 8 50 2 full 4 33 1 1 
100 8 50 2 full 4 40 1 1 
100 8 50 2 full 4 41 1 1 
100 8 50 2 full 4 54 1 1 
100 8 50 2 full 4 75 1 1 
100 8 50 2 full 5 5 1 1 
100 8 50 2 full 5 17 1 1 
100 8 50 2 full 5 18 1 1 
100 8 50 2 full 5 24 1 1 
100 8 50 2 full 5 41 1 1 
100 8 50 2 full 5 57 1 1 
100 8 50 2 full 5 58 1 1 
100 8 50 2 full 5 73 1 1 
100 8 50 2 full 6 2 1 1 
100 8 50 2 full 6 12 1 1 
100 8 50 2 full 6 30 1 1 
100 8 50 2 full 6 38 1 1 
100 8 50 2 full 6 43 1 1 
100 8 50 2 full 6 63 1 1 
100 8 50 2 full 6 64 1 1 
100 8 50 2 full 6 91 1 1 
100 8 50 2 full 7 4 1 1 
100 8 50 2 full 7 11 1 1 
100 8 50 2 full 7 14 1 1 
100 8 50 2 full 7 24 1 1 
100 8 50 2 full 7 53 1 1 
100 8 50 2 full 7 54 1 1 
100 8 50 2 full 7 61 1 1 
100 8 50 2 full 7 77 1 1 
100 8 50 2 full 8 7 1 1 
100 8 50 2 full 8 8 1 1 
100 8 50 2 full 8 17 1 1 
100 8 50 2 full 8 43 1 1 
100 8 50 2 full 8 56 1 1 
100 8 50 2 full 8 58 1 1 
100 8 50 2 full 8 79 1 1 
100 8 50 2 full 8 92 1 1 
100 8 50 2 full 9 40 1 1 
100 8 50 2 full 9 57 1 1 
100 8 50 2 full 9 61 1 1 
100 8 50 2 full 9 73 1 1 
100 8 50 2 full 9 78 1 1 
100 8 50 2 full 9 88 1 1 
100 8 50 2 full 9 92 1 1 
100 8 50 2 full 9 97 1 1 
100 8 50 2 full 10 1 1 1 
100 8 50 2 full 10 13 1 1 
100 8 50 2 full 10 30 1 1 
100 8 50 2 full 10 46 1 1 
100 8 50 2 full 10 58 1 1 
100 8 50 2 full 10 72 1 1 
100 8 50 2 full 10 74 1 1 
100 8 50 2 full 10 94 1 1 
100 8 50 2 full 11 12 1 1 
100 8 50 2 full 11 43 1 1 
100 8 50 2 full 11 47 1 1 
100 8 50 2 full 11 53 1 1 
100 8 50 2 full 11 67 1 1 
100 8 50 2 full 11 68 1 1 
100 8 50 2 full 11 69 1 1 
100 8 50 2 full 11 73 1 1 
100 8 50 2 full 12 6 1 1 
100 8 50 2 full 12 33 1 1 
100 8 50 2 full 12 54 1 1 
100 8 50 2 full 12 74 1 1 
100 8 50 2 full 12 75 1 1 
100 8 50 2 full 12 84 1 1 
100 8 50 2 full 12 86 1 1 
100 8 50 2 full 12 89 1 1 
100 8 50 2 full 13 24 1 1 
100 8 50 2 full 13 25 1 1 
100 8 50 2 full 13 28 1 1 
100 8 50 2 full 13 46 1 1 
100 8 50 2 full 13 72 1 1 
100 8 50 2 full 13 82 1 1 
100 8 50 2 full 13 95 1 1 
100 8 50 2 full 13 97 1 1 
100 8 50 2 full 14 2 1 1 
100 8 50 2 full 14 3 1 1 
100 8 50 2 full 14 30 1 1 
100 8 50 2 full 14 62 1 1 
100 8 50 2 full 14 70 1 1 
100 8 50 2 full 14 87 1 1 
100 8 50 2 full 14 90 1 1 
100 8 50 2 full 14 99 1 1 
100 8 50 2 full 15 2 1 1 
100 8 50 2 full 15 28 1 1 
100 8 50 2 full 15 37 1 1 
100 8 50 2 full 15 42 1 1 
100 8 50 2 full 15 49 1 1 
100 8 50 2 full 15 56 1 1 
100 8 50 2 full 15 87 1 1 
100 8 50 2 full 16 17 1 1 
100 8 50 2 full 16 28 1 1 
100 8 50 2 full 16 34 1 1 
100 8 50 2 full 16 44 1 1 
100 8 50 2 full 16 50 1 1 
100 8 50 2 full 16 64 1 1 
100 8 50 2 full 16 85 1 1 
100 8 50 2 full 16 97 1 1 
100 8 50 2 full 17 5 1 1 
100 8 50 2 full 17 29 1 1 
100 8 50 2 full 17 38 1 1 
100 8 50 2 full 17 70 1 1 
100 8 50 2 full 17 75 1 1 
100 8 50 2 full 17 78 1 1 
100 8 50 2 full 17 91 1 1 
100 8 50 2 full 17 97 1 1 
100 8 50 2 full 18 9 1 1 
100 8 50 2 full 18 17 1 1 
100 8 50 2 full 18 19 1 1 
100 8 50 2 full 18 35 1 1 
100 8 50 2 full 18 60 1 1 
100 8 50 2 full 18 68 1 1 
100 8 50 2 full 18 71 1 1 
100 8 50 2 full 18 78 1 1 
100 8 50 2 full 19 28 1 1 
100 8 50 2 full 19 32 1 1 
100 8 50 2 full 19 35 1 1 
100 8 50 2 full 19 40 1 1 
100 8 50 2 full 19 62 1 1 
100 8 50 2 full 19 63 1 1 
100 8 50 2 full 19 92 1 1 
100 8 50 2 full 19 100 1 1 
100 8 50 2 full 20 3 1 1 
100 8 50 2 full 20 34 1 1 
100 8 50 2 full 20 45 1 1 
100 8 50 2 full 20 47 1 1 
100 8 50 2 full 20 53 1 1 
100 8 50 2 full 20 59 1 1 
100 8 50 2 full 20 68 1 1 
100 8 50 2 full 20 77 1 1 
100 8 50 2 full 21 6 1 1 
100 8 50 2 full 21 25 1 1 
100 8 50 2 full 21 30 1 1 
100 8 50 2 full 21 47 1 1 
100 8 50 2 full 21 63 1 1 
100 8 50 2 full 21 70 1 1 
100 8 50 2 full 21 73 1 1 
100 8 50 2 full 21 92 1 1 
100 8 50 2 full 22 2 1 1 
100 8 50 2 full 22 8 1 1 
100 8 50 2 full 22 23 1 1 
100 8 50 2 full 22 55 1 1 
100 8 50 2 full 22 63 1 1 
100 8 50 2 full 22 66 1 1 
100 8 50 2 full 22 71 1 1 
100 8 50 2 full 22 78 1 1 
100 8 50 2 full 23 2 1 1 
100 8 50 2 full 23 3 1 1 
100 8 50 2 full 23 9 1 1 
100 8 50 2 full 23 23 1 1 
100 8 50 2 full 23 27 1 1 
100 8 50 2 full 23 32 1 1 
100 8 50 2 full 23 52 1 1 
100 8 50 2 full 23 77 1 1 
100 8 50 2 full 24 2 1 1 
100 8 50 2 full 24 30 1 1 
100 8 50 2 full 24 38 1 1 
100 8 50 2 full 24 40 1 1 
100 8 50 2 full 24 45 1 1 
100 8 50 2 full 24 51 1 1 
100 8 50 2 full 24 57 1 1 
100 8 50 2 full 24 64 1 1 
100 8 50 2 full 25 2 1 1 
100 8 50 2 full 25 6 1 1 
100 8 50 2 full 25 9 1 1 
100 8 50 2 full 25 13 1 1 
100 8 50 2 full 25 17 1 1 
100 8 50 2 full 25 45 1 1 
100 8 50 2 full 25 53 1 1 
100 8 50 2 full 25 57 1 1 
100 8 50 2 full 26 7 1 1 
100 8 50 2 full 26 44 1 1 
100 8 50 2 full 26 48 1 1 
100 8 50 2 full 26 52 1 1 
100 8 50 2 full 26 73 1 1 
100 8 50 2 full 26 76 1 1 
100 8 50 2 full 26 77 1 1 
100 8 50 2 full 26 94 1 1 
100 8 50 2 full 27 7 1 1 
100 8 50 2 full 27 37 1 1 
100 8 50 2 full 27 38 1 1 
100 8 50 2 full 27 48 1 1 
100 8 50 2 full 27 74 1 1 
100 8 50 2 full 27 78 1 1 
100 8 50 2 full 27 83 1 1 
100 8 50 2 full 27 99 1 1 
100 8 50 2 full 28 6 1 1 
100 8 50 2 full 28 12 1 1 
100 8 50 2 full 28 37 1 1 
100 8 50 2 full 28 62 1 1 
100 8 50 2 full 28 71 1 1 
100 8 50 2 full 28 87 1 1 
100 8 50 2 full 28 91 1 1 
100 8 50 2 full 28 93 1 1 
100 8 50 2 full 29 6 1 1 
100 8 50 2 full 29 24 1 1 
100 8 50 2 full 29 78 1 1 
100 8 50 2 full 29 85 1 1 
100 8 50 2 full 29 89 1 1 
100 8 50 2 full 29 90 1 1 
100 8 50 2 full 29 97 1 1 
100 8 50 2 full 29 100 1 1 
100 8 50 2 full 30 18 1 1 
100 8 50 2 full 30 37 1 1 
100 8 50 2 full 30 54 1 1 
100 8 50 2 full 30 60 1 1 
100 8 50 2 full 30 62 1 1 
100 8 50 2 full 30 77 1 1 
100 8 50 2 full 30 85 1 1 
100 8 50 2 full 30 98 1 1 
100 8 50 2 full 31 5 1 1 
100 8 50 2 full 31 14 1 1 
100 8 50 2 full 31 20 1 1 
100 8 50 2 full 31 21 1 1 
100 8 50 2 full 31 30 1 1 
100 8 50 2 full 31 33 1 1 
100 8 50 2 full 31 80 1 1 
100 8 50 2 full 31 83 1 1 
100 8 50 2 full 32 13 1 1 
100 8 50 2 full 32 22 1 1 
100 8 50 2 full 32 28 1 1 
100 8 50 2 full 32 48 1 1 
100 8 50 2 full 32 64 1 1 
100 8 50 2 full 32 77 1 1 
100 8 50 2 full 32 92 1 1 
100 8 50 2 full 32 97 1 1 
100 8 50 2 full 33 10 1 1 
100 8 50 2 full 33 36 1 1 
100 8 50 2 full 33 43 1 1 
100 8 50 2 full 33 54 1 1 
100 8 50 2 full 33 60 1 1 
100 8 50 2 full 33 64 1 1 
100 8 50 2 full 33 79 1 1 
100 8 50 2 full 33 96 1 1 
100 8 50 2 full 34 2 1 1 
100 8 50 2 full 34 4 1 1 
100 8 50 2 full 34 10 1 1 
100 8 50 2 full 34 14 1 1 
100 8 50 2 full 34 24 1 1 
100 8 50 2 full 34 43 1 1 
100 8 50 2 full 34 49 1 1 
100 8 50 2 full 34 96 1 1 
100 8 50 2 full 35 7 1 1 
100 8 50 2 full 35 10 1 1 
100 8 50 2 full 35 19 1 1 
100 8 50 2 full 35 29 1 1 
100 8 50 2 full 35 34 1 1 
100 8 50 2 full 35 48 1 1 
100 8 50 2 full 35 62 1 1 
100 8 50 2 full 35 90 1 1 
100 8 50 2 full 36 14 1 1 
100 8 50 2 full 36 20 1 1 
100 8 50 2 full 36 39 1 1 
100 8 50 2 full 36 46 1 1 
100 8 50 2 full 36 72 1 1 
100 8 50 2 full 36 74 1 1 
100 8 50 2 full 36 87 1 1 
100 8 50 2 full 36 88 1 1 
100 8 50 2 full 37 4 1 1 
100 8 50 2 full 37 23 1 1 
100 8 50 2 full 37 33 1 1 
100 8 50 2 full 37 67 1 1 
100 8 50 2 full 37 69 1 1 
100 8 50 2 full 37 82 1 1 
100 8 50 2 full 37 85 1 1 
100 8 50 2 full 37 98 1 1 
100 8 50 2 full 38 5 1 1 
100 8 50 2 full 38 9 1 1 
100 8 50 2 full 38 11 1 1 
100 8 50 2 full 38 19 1 1 
100 8 50 2 full 38 58 1 1 
100 8 50 2 full 38 62 1 1 
100 8 50 2 full 38 81 1 1 
100 8 50 2 full 38 89 1 1 
100 8 50 2 full 39 1 1 1 
100 8 50 2 full 39 30 1 1 
100 8 50 2 full 39 44 1 1 
100 8 50 2 full 39 57 1 1 
100 8 50 2 full 39 72 1 1 
100 8 50 2 full 39 82 1 1 
100 8 50 2 full 39 87 1 1 
100 8 50 2 full 39 99 1 1 
100 8 50 2 full 40 14 1 1 
100 8 50 2 full 40 16 1 1 
100 8 50 2 full 40 22 1 1 
100 8 50 2 full 40 68 1 1 
100 8 50 2 full 40 73 1 1 
100 8 50 2 full 40 75 1 1 
100 8 50 2 full 40 87 1 1 
100 8 50 2 full 40 96 1 1 
100 8 50 2 full 41 5 1 1 
100 8 50 2 full 41 12 1 1 
100 8 50 2 full 41 17 1 1 
100 8 50 2 full 41 27 1 1 
100 8 50 2 full 41 50 1 1 
100 8 50 2 full 41 69 1 1 
100 8 50 2 full 41 95 1 1 
100 8 50 2 full 41 99 1 1 
100 8 50 2 full 42 15 1 1 
100 8 50 2 full 42 48 1 1 
100 8 50 2 full 42 62 1 1 
100 8 50 2 full 42 68 1 1 
100 8 50 2 full 42 69 1 1 
100 8 50 2 full 42 83 1 1 
100 8 50 2 full 42 90 1 1 
100 8 50 2 full 42 97 1 1 
100 8 50 2 full 43 31 1 1 
100 8 50 2 full 43 32 1 1 
100 8 50 2 full 43 49 1 1 
100 8 50 2 full 43 65 1 1 
100 8 50 2 full 43 68 1 1 
100 8 50 2 full 43 81 1 1 
100 8 50 2 full 43 82 1 1 
100 8 50 2 full 43 87 1 1 
100 8 50 2 full 44 31 1 1 
100 8 50 2 full 44 46 1 1 
100 8 50 2 full 44 48 1 1 
100 8 50 2 full 44 64 1 1 
100 8 50 2 full 44 86 1 1 
100 8 50 2 full 44 88 1 1 
100 8 50 2 full 44 93 1 1 
100 8 50 2 full 44 95 1 1 
100 8 50 2 full 45 3 1 1 
100 8 50 2 full 45 13 1 1 
100 8 50 2 full 45 15 1 1 
100 8 50 2 full 45 57 1 1 
100 8 50 2 full 45 73 1 1 
100 8 50 2 full 45 81 1 1 
100 8 50 2 full 45 91 1 1 
100 8 50 2 full 45 94 1 1 
100 8 50 2 full 46 6 1 1 
100 8 50 2 full 46 10 1 1 
100 8 50 2 full 46 15 1 1 
100 8 50 2 full 46 44 1 1 
100 8 50 2 full 46 67 1 1 
100 8 50 2 full 46 85 1 1 
100 8 50 2 full 46 91 1 1 
100 8 50 2 full 46 97 1 1 
100 8 50 2 full 47 8 1 1 
100 8 50 2 full 47 21 1 1 
100 8 50 2 full 47 24 1 1 
100 8 50 2 full 47 51 1 1 
100 8 50 2 full 47 77 1 1 
100 8 50 2 full 47 86 1 1 
100 8 50 2 full 47 87 1 1 
100 8 50 2 full 47 99 1 1 
100 8 50 2 full 48 2 1 1 
100 8 50 2 full 48 25 1 1 
100 8 50 2 full 48 37 1 1 
100 8 50 2 full 48 57 1 1 
100 8 50 2 full 48 64 1 1 
100 8 50 2 full 48 77 1 1 
100 8 50 2 full 48 93 1 1 
100 8 50 2 full 48 100 1 1 
100 8 50 2 full 49 9 1 1 
100 8 50 2 full 49 17 1 1 
100 8 50 2 full 49 20 1 1 
100 8 50 2 full 49 22 1 1 
100 8 50 2 full 49 38 1 1 
100 8 50 2 full 49 57 1 1 
100 8 50 2 full 49 60 1 1 
100 8 50 2 full 49 98 1 1 
100 8 50 2 full 50 30 1 1 
100 8 50 2 full 50 42 1 1 
100 8 50 2 full 50 43 1 1 
100 8 50 2 full 50 48 1 1 
100 8 50 2 full 50 63 1 1 
100 8 50 2 full 50 64 1 1 
100 8 50 2 full 50 76 1 1 
100 8 50 2 full 50 96 1 1 
