100 20 20 2 full 1 16 1 1 
100 20 20 2 full 1 20 1 1 
100 20 20 2 full 1 24 1 1 
100 20 20 2 full 1 62 1 1 
100 20 20 2 full 1 77 1 1 
100 20 20 2 full 1 78 1 1 
100 20 20 2 full 1 83 1 1 
100 20 20 2 full 1 89 1 1 
100 20 20 2 full 2 8 1 1 
100 20 20 2 full 2 9 1 1 
100 20 20 2 full 2 36 1 1 
100 20 20 2 full 2 58 1 1 
100 20 20 2 full 2 61 1 1 
100 20 20 2 full 2 62 1 1 
100 20 20 2 full 2 80 1 1 
100 20 20 2 full 2 89 1 1 
100 20 20 2 full 3 3 1 1 
100 20 20 2 full 3 26 1 1 
100 20 20 2 full 3 37 1 1 
100 20 20 2 full 3 54 1 1 
100 20 20 2 full 3 74 1 1 
100 20 20 2 full 3 84 1 1 
100 20 20 2 full 3 89 1 1 
100 20 20 2 full 3 94 1 1 
100 20 20 2 full 4 4 1 1 
100 20 20 2 full 4 23 1 1 
100 20 20 2 full 4 30 1 1 
100 20 20 2 full 4 49 1 1 
100 20 20 2 full 4 82 1 1 
100 20 20 2 full 4 92 1 1 
100 20 20 2 full 4 95 1 1 
100 20 20 2 full 4 98 1 1 
100 20 20 2 full 5 24 1 1 
100 20 20 2 full 5 35 1 1 
100 20 20 2 full 5 43 1 1 
100 20 20 2 full 5 56 1 1 
100 20 20 2 full 5 62 1 1 
100 20 20 2 full 5 89 1 1 
100 20 20 2 full 5 90 1 1 
100 20 20 2 full 5 100 1 1 
100 20 20 2 full 6 4 1 1 
100 20 20 2 full 6 8 1 1 
100 20 20 2 full 6 16 1 1 
100 20 20 2 full 6 22 1 1 
100 20 20 2 full 6 24 1 1 
100 20 20 2 full 6 59 1 1 
100 20 20 2 full 6 70 1 1 
100 20 20 2 full 6 97 1 1 
100 20 20 2 full 7 13 1 1 
100 20 20 2 full 7 15 1 1 
100 20 20 2 full 7 22 1 1 
100 20 20 2 full 7 30 1 1 
100 20 20 2 full 7 31 1 1 
100 20 20 2 full 7 37 1 1 
100 20 20 2 full 7 49 1 1 
100 20 20 2 full 7 73 1 1 
100 20 20 2 full 8 6 1 1 
100 20 20 2 full 8 21 1 1 
100 20 20 2 full 8 46 1 1 
100 20 20 2 full 8 56 1 1 
100 20 20 2 full 8 58 1 1 
100 20 20 2 full 8 87 1 1 
100 20 20 2 full 8 94 1 1 
100 20 20 2 full 8 95 1 1 
100 20 20 2 full 9 16 1 1 
100 20 20 2 full 9 27 1 1 
100 20 20 2 full 9 39 1 1 
100 20 20 2 full 9 57 1 1 
100 20 20 2 full 9 75 1 1 
100 20 20 2 full 9 78 1 1 
100 20 20 2 full 9 90 1 1 
100 20 20 2 full 9 98 1 1 
100 20 20 2 full 10 2 1 1 
100 20 20 2 full 10 6 1 1 
100 20 20 2 full 10 7 1 1 
100 20 20 2 full 10 18 1 1 
100 20 20 2 full 10 26 1 1 
100 20 20 2 full 10 28 1 1 
100 20 20 2 full 10 42 1 1 
100 20 20 2 full 10 70 1 1 
100 20 20 2 full 11 17 1 1 
100 20 20 2 full 11 47 1 1 
100 20 20 2 full 11 48 1 1 
100 20 20 2 full 11 56 1 1 
100 20 20 2 full 11 88 1 1 
100 20 20 2 full 11 94 1 1 
100 20 20 2 full 11 98 1 1 
100 20 20 2 full 11 99 1 1 
100 20 20 2 full 12 22 1 1 
100 20 20 2 full 12 34 1 1 
100 20 20 2 full 12 58 1 1 
100 20 20 2 full 12 66 1 1 
100 20 20 2 full 12 79 1 1 
100 20 20 2 full 12 84 1 1 
100 20 20 2 full 12 87 1 1 
100 20 20 2 full 12 93 1 1 
100 20 20 2 full 13 5 1 1 
100 20 20 2 full 13 27 1 1 
100 20 20 2 full 13 37 1 1 
100 20 20 2 full 13 54 1 1 
100 20 20 2 full 13 55 1 1 
100 20 20 2 full 13 76 1 1 
100 20 20 2 full 13 78 1 1 
100 20 20 2 full 13 89 1 1 
100 20 20 2 full 14 6 1 1 
100 20 20 2 full 14 11 1 1 
100 20 20 2 full 14 15 1 1 
100 20 20 2 full 14 28 1 1 
100 20 20 2 full 14 47 1 1 
100 20 20 2 full 14 69 1 1 
100 20 20 2 full 14 87 1 1 
100 20 20 2 full 14 92 1 1 
100 20 20 2 full 15 6 1 1 
100 20 20 2 full 15 11 1 1 
100 20 20 2 full 15 20 1 1 
100 20 20 2 full 15 29 1 1 
100 20 20 2 full 15 53 1 1 
100 20 20 2 full 15 57 1 1 
100 20 20 2 full 15 74 1 1 
100 20 20 2 full 15 98 1 1 
100 20 20 2 full 16 13 1 1 
100 20 20 2 full 16 25 1 1 
100 20 20 2 full 16 35 1 1 
100 20 20 2 full 16 81 1 1 
100 20 20 2 full 16 85 1 1 
100 20 20 2 full 16 91 1 1 
100 20 20 2 full 16 93 1 1 
100 20 20 2 full 16 94 1 1 
100 20 20 2 full 17 8 1 1 
100 20 20 2 full 17 22 1 1 
100 20 20 2 full 17 41 1 1 
100 20 20 2 full 17 59 1 1 
100 20 20 2 full 17 63 1 1 
100 20 20 2 full 17 65 1 1 
100 20 20 2 full 17 68 1 1 
100 20 20 2 full 17 86 1 1 
100 20 20 2 full 18 10 1 1 
100 20 20 2 full 18 16 1 1 
100 20 20 2 full 18 28 1 1 
100 20 20 2 full 18 37 1 1 
100 20 20 2 full 18 56 1 1 
100 20 20 2 full 18 64 1 1 
100 20 20 2 full 18 69 1 1 
100 20 20 2 full 18 70 1 1 
100 20 20 2 full 19 9 1 1 
100 20 20 2 full 19 18 1 1 
100 20 20 2 full 19 55 1 1 
100 20 20 2 full 19 58 1 1 
100 20 20 2 full 19 62 1 1 
100 20 20 2 full 19 64 1 1 
100 20 20 2 full 19 75 1 1 
100 20 20 2 full 19 92 1 1 
100 20 20 2 full 20 7 1 1 
100 20 20 2 full 20 13 1 1 
100 20 20 2 full 20 30 1 1 
100 20 20 2 full 20 33 1 1 
100 20 20 2 full 20 44 1 1 
100 20 20 2 full 20 56 1 1 
100 20 20 2 full 20 71 1 1 
100 20 20 2 full 20 75 1 1 
