20 40 50 5 full 1 10 1 1 
20 40 50 5 full 1 12 1 1 
20 40 50 5 full 1 18 1 1 
20 40 50 5 full 1 19 1 1 
20 40 50 5 full 2 2 2 1 
20 40 50 5 full 2 8 1 1 
20 40 50 5 full 2 11 1 1 
20 40 50 5 full 2 13 1 1 
20 40 50 5 full 2 15 1 1 
20 40 50 5 full 3 1 1 1 
20 40 50 5 full 3 3 1 1 
20 40 50 5 full 3 4 2 1 
20 40 50 5 full 3 6 1 1 
20 40 50 5 full 3 10 1 1 
20 40 50 5 full 3 13 1 1 
20 40 50 5 full 4 4 2 1 
20 40 50 5 full 4 10 1 1 
20 40 50 5 full 4 11 1 1 
20 40 50 5 full 5 7 3 1 
20 40 50 5 full 5 12 1 1 
20 40 50 5 full 6 3 1 1 
20 40 50 5 full 6 4 1 1 
20 40 50 5 full 6 7 2 1 
20 40 50 5 full 6 12 1 1 
20 40 50 5 full 6 14 1 1 
20 40 50 5 full 6 15 1 1 
20 40 50 5 full 6 18 1 1 
20 40 50 5 full 7 7 1 1 
20 40 50 5 full 7 14 1 1 
20 40 50 5 full 7 16 1 1 
20 40 50 5 full 7 18 1 1 
20 40 50 5 full 7 19 1 1 
20 40 50 5 full 8 1 1 1 
20 40 50 5 full 8 9 2 1 
20 40 50 5 full 8 13 2 1 
20 40 50 5 full 8 16 2 1 
20 40 50 5 full 9 1 2 1 
20 40 50 5 full 9 4 1 1 
20 40 50 5 full 9 5 1 1 
20 40 50 5 full 9 12 1 1 
20 40 50 5 full 9 16 1 1 
20 40 50 5 full 10 2 2 1 
20 40 50 5 full 10 4 1 1 
20 40 50 5 full 10 10 1 1 
20 40 50 5 full 10 13 1 1 
20 40 50 5 full 10 18 2 1 
20 40 50 5 full 11 8 1 1 
20 40 50 5 full 11 11 1 1 
20 40 50 5 full 11 14 3 1 
20 40 50 5 full 11 15 1 1 
20 40 50 5 full 11 18 1 1 
20 40 50 5 full 12 1 1 1 
20 40 50 5 full 12 2 3 1 
20 40 50 5 full 12 11 1 1 
20 40 50 5 full 12 13 1 1 
20 40 50 5 full 12 15 1 1 
20 40 50 5 full 12 16 1 1 
20 40 50 5 full 13 2 1 1 
20 40 50 5 full 13 8 2 1 
20 40 50 5 full 13 16 1 1 
20 40 50 5 full 14 1 2 1 
20 40 50 5 full 14 8 2 1 
20 40 50 5 full 14 10 1 1 
20 40 50 5 full 14 11 1 1 
20 40 50 5 full 14 13 1 1 
20 40 50 5 full 14 17 1 1 
20 40 50 5 full 15 1 1 1 
20 40 50 5 full 15 6 1 1 
20 40 50 5 full 15 7 1 1 
20 40 50 5 full 15 9 1 1 
20 40 50 5 full 15 15 1 1 
20 40 50 5 full 15 20 1 1 
20 40 50 5 full 16 6 1 1 
20 40 50 5 full 16 13 1 1 
20 40 50 5 full 16 14 1 1 
20 40 50 5 full 17 3 1 1 
20 40 50 5 full 17 4 1 1 
20 40 50 5 full 17 12 2 1 
20 40 50 5 full 17 16 1 1 
20 40 50 5 full 17 18 2 1 
20 40 50 5 full 18 1 1 1 
20 40 50 5 full 18 4 1 1 
20 40 50 5 full 18 7 1 1 
20 40 50 5 full 18 17 2 1 
20 40 50 5 full 19 1 1 1 
20 40 50 5 full 19 2 1 1 
20 40 50 5 full 19 5 1 1 
20 40 50 5 full 19 6 2 1 
20 40 50 5 full 19 7 1 1 
20 40 50 5 full 19 18 1 1 
20 40 50 5 full 20 1 1 1 
20 40 50 5 full 20 10 1 1 
20 40 50 5 full 20 14 1 1 
20 40 50 5 full 20 15 3 1 
20 40 50 5 full 20 20 2 1 
20 40 50 5 full 21 2 2 1 
20 40 50 5 full 21 8 1 1 
20 40 50 5 full 21 16 2 1 
20 40 50 5 full 21 17 2 1 
20 40 50 5 full 21 18 1 1 
20 40 50 5 full 22 7 1 1 
20 40 50 5 full 22 12 1 1 
20 40 50 5 full 22 17 3 1 
20 40 50 5 full 22 20 1 1 
20 40 50 5 full 23 2 1 1 
20 40 50 5 full 23 4 2 1 
20 40 50 5 full 23 14 2 1 
20 40 50 5 full 24 2 2 1 
20 40 50 5 full 24 13 1 1 
20 40 50 5 full 24 15 1 1 
20 40 50 5 full 24 17 1 1 
20 40 50 5 full 24 18 2 1 
20 40 50 5 full 25 1 1 1 
20 40 50 5 full 25 12 1 1 
20 40 50 5 full 25 16 2 1 
20 40 50 5 full 25 18 1 1 
20 40 50 5 full 26 2 1 1 
20 40 50 5 full 26 5 1 1 
20 40 50 5 full 26 7 1 1 
20 40 50 5 full 26 19 1 1 
20 40 50 5 full 27 7 1 1 
20 40 50 5 full 27 16 1 1 
20 40 50 5 full 27 17 1 1 
20 40 50 5 full 27 19 1 1 
20 40 50 5 full 27 20 3 1 
20 40 50 5 full 28 11 1 1 
20 40 50 5 full 29 8 1 1 
20 40 50 5 full 29 13 1 1 
20 40 50 5 full 29 15 1 1 
20 40 50 5 full 30 3 1 1 
20 40 50 5 full 30 4 2 1 
20 40 50 5 full 30 11 1 1 
20 40 50 5 full 30 15 1 1 
20 40 50 5 full 30 18 1 1 
20 40 50 5 full 31 2 1 1 
20 40 50 5 full 31 16 1 1 
20 40 50 5 full 32 6 1 1 
20 40 50 5 full 32 17 1 1 
20 40 50 5 full 33 1 1 1 
20 40 50 5 full 33 4 2 1 
20 40 50 5 full 33 9 2 1 
20 40 50 5 full 34 2 1 1 
20 40 50 5 full 34 3 1 1 
20 40 50 5 full 34 7 1 1 
20 40 50 5 full 34 13 1 1 
20 40 50 5 full 35 3 2 1 
20 40 50 5 full 35 12 1 1 
20 40 50 5 full 35 14 1 1 
20 40 50 5 full 35 17 2 1 
20 40 50 5 full 36 6 3 1 
20 40 50 5 full 36 12 1 1 
20 40 50 5 full 36 17 1 1 
20 40 50 5 full 37 1 2 1 
20 40 50 5 full 37 2 1 1 
20 40 50 5 full 37 9 1 1 
20 40 50 5 full 38 3 2 1 
20 40 50 5 full 38 4 1 1 
20 40 50 5 full 38 9 1 1 
20 40 50 5 full 38 15 1 1 
20 40 50 5 full 38 19 1 1 
20 40 50 5 full 39 5 1 1 
20 40 50 5 full 39 9 1 1 
20 40 50 5 full 39 14 2 1 
20 40 50 5 full 40 1 2 1 
20 40 50 5 full 40 2 2 1 
20 40 50 5 full 40 4 1 1 
20 40 50 5 full 40 12 1 1 
20 40 50 5 full 40 18 1 1 
20 40 50 5 full 41 2 1 1 
20 40 50 5 full 41 3 1 1 
20 40 50 5 full 41 5 1 1 
20 40 50 5 full 41 14 1 1 
20 40 50 5 full 41 15 1 1 
20 40 50 5 full 41 16 1 1 
20 40 50 5 full 41 19 1 1 
20 40 50 5 full 42 12 1 1 
20 40 50 5 full 42 16 1 1 
20 40 50 5 full 42 17 1 1 
20 40 50 5 full 43 3 1 1 
20 40 50 5 full 43 7 1 1 
20 40 50 5 full 43 10 1 1 
20 40 50 5 full 43 11 1 1 
20 40 50 5 full 43 18 1 1 
20 40 50 5 full 44 3 1 1 
20 40 50 5 full 44 6 1 1 
20 40 50 5 full 44 10 1 1 
20 40 50 5 full 44 12 1 1 
20 40 50 5 full 45 11 1 1 
20 40 50 5 full 45 15 2 1 
20 40 50 5 full 46 2 1 1 
20 40 50 5 full 46 9 1 1 
20 40 50 5 full 46 14 1 1 
20 40 50 5 full 46 18 1 1 
20 40 50 5 full 47 6 1 1 
20 40 50 5 full 47 16 1 1 
20 40 50 5 full 47 20 1 1 
20 40 50 5 full 48 18 2 1 
20 40 50 5 full 48 19 1 1 
20 40 50 5 full 49 1 1 1 
20 40 50 5 full 49 17 2 1 
20 40 50 5 full 49 19 1 1 
20 40 50 5 full 50 7 1 1 
20 40 50 5 full 50 8 2 1 
20 40 50 5 full 50 17 1 1 
