50 20 5 1 full 1 4 1 1 
50 20 5 1 full 1 6 1 1 
50 20 5 1 full 1 24 1 1 
50 20 5 1 full 1 25 1 1 
50 20 5 1 full 1 30 1 1 
50 20 5 1 full 1 46 1 1 
50 20 5 1 full 1 47 1 1 
50 20 5 1 full 1 49 1 1 
50 20 5 1 full 2 7 1 1 
50 20 5 1 full 2 16 1 1 
50 20 5 1 full 2 26 1 1 
50 20 5 1 full 2 28 1 1 
50 20 5 1 full 2 32 1 1 
50 20 5 1 full 2 41 1 1 
50 20 5 1 full 2 43 1 1 
50 20 5 1 full 3 2 1 1 
50 20 5 1 full 3 5 1 1 
50 20 5 1 full 3 6 1 1 
50 20 5 1 full 3 8 1 1 
50 20 5 1 full 3 12 1 1 
50 20 5 1 full 3 15 1 1 
50 20 5 1 full 3 23 1 1 
50 20 5 1 full 4 15 1 1 
50 20 5 1 full 4 21 1 1 
50 20 5 1 full 4 22 1 1 
50 20 5 1 full 4 24 1 1 
50 20 5 1 full 4 31 1 1 
50 20 5 1 full 4 40 1 1 
50 20 5 1 full 4 43 1 1 
50 20 5 1 full 4 49 1 1 
50 20 5 1 full 5 1 1 1 
50 20 5 1 full 5 4 1 1 
50 20 5 1 full 5 9 1 1 
50 20 5 1 full 5 10 1 1 
50 20 5 1 full 5 24 1 1 
50 20 5 1 full 5 38 1 1 
50 20 5 1 full 5 40 1 1 
50 20 5 1 full 5 50 1 1 
