100 20 50 5 full 1 5 1 1 
100 20 50 5 full 1 8 1 1 
100 20 50 5 full 1 11 1 1 
100 20 50 5 full 1 12 1 1 
100 20 50 5 full 1 32 1 1 
100 20 50 5 full 1 34 1 1 
100 20 50 5 full 1 73 1 1 
100 20 50 5 full 1 95 1 1 
100 20 50 5 full 2 4 1 1 
100 20 50 5 full 2 8 1 1 
100 20 50 5 full 2 25 1 1 
100 20 50 5 full 2 59 1 1 
100 20 50 5 full 2 64 1 1 
100 20 50 5 full 2 74 1 1 
100 20 50 5 full 2 77 1 1 
100 20 50 5 full 2 78 1 1 
100 20 50 5 full 3 38 1 1 
100 20 50 5 full 3 45 1 1 
100 20 50 5 full 3 49 1 1 
100 20 50 5 full 3 56 1 1 
100 20 50 5 full 3 59 1 1 
100 20 50 5 full 3 68 1 1 
100 20 50 5 full 3 86 1 1 
100 20 50 5 full 3 93 1 1 
100 20 50 5 full 4 1 1 1 
100 20 50 5 full 4 43 1 1 
100 20 50 5 full 4 44 1 1 
100 20 50 5 full 4 47 1 1 
100 20 50 5 full 4 87 1 1 
100 20 50 5 full 4 88 1 1 
100 20 50 5 full 4 90 1 1 
100 20 50 5 full 4 93 1 1 
100 20 50 5 full 5 3 1 1 
100 20 50 5 full 5 22 1 1 
100 20 50 5 full 5 41 1 1 
100 20 50 5 full 5 58 1 1 
100 20 50 5 full 5 63 1 1 
100 20 50 5 full 5 69 1 1 
100 20 50 5 full 5 79 1 1 
100 20 50 5 full 5 97 1 1 
100 20 50 5 full 6 1 1 1 
100 20 50 5 full 6 23 1 1 
100 20 50 5 full 6 36 1 1 
100 20 50 5 full 6 38 1 1 
100 20 50 5 full 6 63 1 1 
100 20 50 5 full 6 67 1 1 
100 20 50 5 full 6 80 1 1 
100 20 50 5 full 6 89 1 1 
100 20 50 5 full 7 1 1 1 
100 20 50 5 full 7 6 1 1 
100 20 50 5 full 7 20 1 1 
100 20 50 5 full 7 40 1 1 
100 20 50 5 full 7 45 1 1 
100 20 50 5 full 7 66 1 1 
100 20 50 5 full 7 92 1 1 
100 20 50 5 full 7 100 1 1 
100 20 50 5 full 8 6 1 1 
100 20 50 5 full 8 12 1 1 
100 20 50 5 full 8 15 1 1 
100 20 50 5 full 8 22 1 1 
100 20 50 5 full 8 28 1 1 
100 20 50 5 full 8 48 1 1 
100 20 50 5 full 8 50 1 1 
100 20 50 5 full 8 97 1 1 
100 20 50 5 full 9 3 1 1 
100 20 50 5 full 9 9 1 1 
100 20 50 5 full 9 42 1 1 
100 20 50 5 full 9 48 1 1 
100 20 50 5 full 9 57 1 1 
100 20 50 5 full 9 64 1 1 
100 20 50 5 full 9 90 1 1 
100 20 50 5 full 9 95 1 1 
100 20 50 5 full 10 9 1 1 
100 20 50 5 full 10 23 1 1 
100 20 50 5 full 10 28 1 1 
100 20 50 5 full 10 42 1 1 
100 20 50 5 full 10 57 1 1 
100 20 50 5 full 10 83 1 1 
100 20 50 5 full 10 90 1 1 
100 20 50 5 full 10 100 1 1 
100 20 50 5 full 11 9 1 1 
100 20 50 5 full 11 34 1 1 
100 20 50 5 full 11 43 1 1 
100 20 50 5 full 11 52 1 1 
100 20 50 5 full 11 54 1 1 
100 20 50 5 full 11 58 1 1 
100 20 50 5 full 11 64 1 1 
100 20 50 5 full 11 90 1 1 
100 20 50 5 full 12 1 1 1 
100 20 50 5 full 12 15 1 1 
100 20 50 5 full 12 19 1 1 
100 20 50 5 full 12 20 1 1 
100 20 50 5 full 12 36 1 1 
100 20 50 5 full 12 57 1 1 
100 20 50 5 full 12 72 1 1 
100 20 50 5 full 12 81 1 1 
100 20 50 5 full 13 10 1 1 
100 20 50 5 full 13 18 1 1 
100 20 50 5 full 13 36 1 1 
100 20 50 5 full 13 46 1 1 
100 20 50 5 full 13 58 1 1 
100 20 50 5 full 13 88 1 1 
100 20 50 5 full 13 91 1 1 
100 20 50 5 full 13 95 1 1 
100 20 50 5 full 14 6 1 1 
100 20 50 5 full 14 23 1 1 
100 20 50 5 full 14 25 1 1 
100 20 50 5 full 14 40 1 1 
100 20 50 5 full 14 51 1 1 
100 20 50 5 full 14 74 1 1 
100 20 50 5 full 14 78 1 1 
100 20 50 5 full 14 89 1 1 
100 20 50 5 full 15 3 1 1 
100 20 50 5 full 15 28 1 1 
100 20 50 5 full 15 40 1 1 
100 20 50 5 full 15 44 1 1 
100 20 50 5 full 15 62 1 1 
100 20 50 5 full 15 81 1 1 
100 20 50 5 full 15 88 1 1 
100 20 50 5 full 15 91 1 1 
100 20 50 5 full 16 12 1 1 
100 20 50 5 full 16 16 1 1 
100 20 50 5 full 16 23 1 1 
100 20 50 5 full 16 29 1 1 
100 20 50 5 full 16 45 1 1 
100 20 50 5 full 16 46 1 1 
100 20 50 5 full 16 50 1 1 
100 20 50 5 full 16 95 1 1 
100 20 50 5 full 17 12 1 1 
100 20 50 5 full 17 18 1 1 
100 20 50 5 full 17 19 1 1 
100 20 50 5 full 17 20 1 1 
100 20 50 5 full 17 42 1 1 
100 20 50 5 full 17 63 1 1 
100 20 50 5 full 17 91 1 1 
100 20 50 5 full 17 95 1 1 
100 20 50 5 full 18 4 1 1 
100 20 50 5 full 18 19 1 1 
100 20 50 5 full 18 29 1 1 
100 20 50 5 full 18 31 1 1 
100 20 50 5 full 18 56 1 1 
100 20 50 5 full 18 70 1 1 
100 20 50 5 full 18 74 1 1 
100 20 50 5 full 18 84 1 1 
100 20 50 5 full 19 8 1 1 
100 20 50 5 full 19 17 1 1 
100 20 50 5 full 19 19 1 1 
100 20 50 5 full 19 27 1 1 
100 20 50 5 full 19 34 1 1 
100 20 50 5 full 19 62 1 1 
100 20 50 5 full 19 74 1 1 
100 20 50 5 full 19 97 1 1 
100 20 50 5 full 20 23 1 1 
100 20 50 5 full 20 41 1 1 
100 20 50 5 full 20 46 1 1 
100 20 50 5 full 20 52 1 1 
100 20 50 5 full 20 59 1 1 
100 20 50 5 full 20 72 1 1 
100 20 50 5 full 20 78 1 1 
100 20 50 5 full 20 84 1 1 
100 20 50 5 full 21 1 1 1 
100 20 50 5 full 21 15 1 1 
100 20 50 5 full 21 25 1 1 
100 20 50 5 full 21 39 1 1 
100 20 50 5 full 21 76 1 1 
100 20 50 5 full 21 82 1 1 
100 20 50 5 full 21 85 1 1 
100 20 50 5 full 21 89 1 1 
100 20 50 5 full 22 37 1 1 
100 20 50 5 full 22 40 1 1 
100 20 50 5 full 22 44 1 1 
100 20 50 5 full 22 81 1 1 
100 20 50 5 full 22 84 1 1 
100 20 50 5 full 22 86 1 1 
100 20 50 5 full 22 88 1 1 
100 20 50 5 full 22 96 1 1 
100 20 50 5 full 23 3 1 1 
100 20 50 5 full 23 8 1 1 
100 20 50 5 full 23 10 1 1 
100 20 50 5 full 23 11 1 1 
100 20 50 5 full 23 14 1 1 
100 20 50 5 full 23 41 1 1 
100 20 50 5 full 23 42 1 1 
100 20 50 5 full 23 57 1 1 
100 20 50 5 full 24 27 1 1 
100 20 50 5 full 24 37 1 1 
100 20 50 5 full 24 40 1 1 
100 20 50 5 full 24 42 1 1 
100 20 50 5 full 24 51 1 1 
100 20 50 5 full 24 67 1 1 
100 20 50 5 full 24 77 1 1 
100 20 50 5 full 24 78 1 1 
100 20 50 5 full 25 1 1 1 
100 20 50 5 full 25 19 1 1 
100 20 50 5 full 25 41 1 1 
100 20 50 5 full 25 59 1 1 
100 20 50 5 full 25 61 1 1 
100 20 50 5 full 25 68 1 1 
100 20 50 5 full 25 81 1 1 
100 20 50 5 full 25 82 1 1 
100 20 50 5 full 26 8 1 1 
100 20 50 5 full 26 13 1 1 
100 20 50 5 full 26 22 1 1 
100 20 50 5 full 26 24 1 1 
100 20 50 5 full 26 52 1 1 
100 20 50 5 full 26 55 1 1 
100 20 50 5 full 26 69 1 1 
100 20 50 5 full 26 91 1 1 
100 20 50 5 full 27 2 1 1 
100 20 50 5 full 27 16 1 1 
100 20 50 5 full 27 20 1 1 
100 20 50 5 full 27 26 1 1 
100 20 50 5 full 27 27 1 1 
100 20 50 5 full 27 38 1 1 
100 20 50 5 full 27 79 1 1 
100 20 50 5 full 27 95 1 1 
100 20 50 5 full 28 6 1 1 
100 20 50 5 full 28 23 1 1 
100 20 50 5 full 28 53 1 1 
100 20 50 5 full 28 65 1 1 
100 20 50 5 full 28 69 1 1 
100 20 50 5 full 28 70 1 1 
100 20 50 5 full 28 73 1 1 
100 20 50 5 full 28 91 1 1 
100 20 50 5 full 29 5 1 1 
100 20 50 5 full 29 18 1 1 
100 20 50 5 full 29 22 1 1 
100 20 50 5 full 29 30 1 1 
100 20 50 5 full 29 54 1 1 
100 20 50 5 full 29 71 1 1 
100 20 50 5 full 29 94 1 1 
100 20 50 5 full 29 97 1 1 
100 20 50 5 full 30 2 1 1 
100 20 50 5 full 30 21 1 1 
100 20 50 5 full 30 26 1 1 
100 20 50 5 full 30 35 1 1 
100 20 50 5 full 30 50 1 1 
100 20 50 5 full 30 55 1 1 
100 20 50 5 full 30 58 1 1 
100 20 50 5 full 30 94 1 1 
100 20 50 5 full 31 11 1 1 
100 20 50 5 full 31 17 1 1 
100 20 50 5 full 31 54 1 1 
100 20 50 5 full 31 64 1 1 
100 20 50 5 full 31 65 1 1 
100 20 50 5 full 31 66 1 1 
100 20 50 5 full 31 73 1 1 
100 20 50 5 full 31 97 1 1 
100 20 50 5 full 32 6 1 1 
100 20 50 5 full 32 22 1 1 
100 20 50 5 full 32 37 1 1 
100 20 50 5 full 32 50 1 1 
100 20 50 5 full 32 63 1 1 
100 20 50 5 full 32 68 1 1 
100 20 50 5 full 32 71 1 1 
100 20 50 5 full 32 84 1 1 
100 20 50 5 full 33 11 1 1 
100 20 50 5 full 33 14 1 1 
100 20 50 5 full 33 31 1 1 
100 20 50 5 full 33 34 1 1 
100 20 50 5 full 33 43 1 1 
100 20 50 5 full 33 45 1 1 
100 20 50 5 full 33 65 1 1 
100 20 50 5 full 33 86 1 1 
100 20 50 5 full 34 4 1 1 
100 20 50 5 full 34 29 1 1 
100 20 50 5 full 34 30 1 1 
100 20 50 5 full 34 67 1 1 
100 20 50 5 full 34 78 1 1 
100 20 50 5 full 34 80 1 1 
100 20 50 5 full 34 83 1 1 
100 20 50 5 full 34 90 1 1 
100 20 50 5 full 35 3 1 1 
100 20 50 5 full 35 18 1 1 
100 20 50 5 full 35 29 1 1 
100 20 50 5 full 35 49 1 1 
100 20 50 5 full 35 51 1 1 
100 20 50 5 full 35 87 1 1 
100 20 50 5 full 35 91 1 1 
100 20 50 5 full 35 94 1 1 
100 20 50 5 full 36 23 1 1 
100 20 50 5 full 36 24 1 1 
100 20 50 5 full 36 25 1 1 
100 20 50 5 full 36 29 1 1 
100 20 50 5 full 36 41 1 1 
100 20 50 5 full 36 53 1 1 
100 20 50 5 full 36 71 1 1 
100 20 50 5 full 36 92 1 1 
100 20 50 5 full 37 50 1 1 
100 20 50 5 full 37 52 1 1 
100 20 50 5 full 37 64 1 1 
100 20 50 5 full 37 68 1 1 
100 20 50 5 full 37 73 1 1 
100 20 50 5 full 37 76 1 1 
100 20 50 5 full 37 78 1 1 
100 20 50 5 full 37 100 1 1 
100 20 50 5 full 38 32 1 1 
100 20 50 5 full 38 35 1 1 
100 20 50 5 full 38 48 1 1 
100 20 50 5 full 38 58 1 1 
100 20 50 5 full 38 70 1 1 
100 20 50 5 full 38 75 1 1 
100 20 50 5 full 38 77 1 1 
100 20 50 5 full 38 88 1 1 
100 20 50 5 full 39 22 1 1 
100 20 50 5 full 39 29 1 1 
100 20 50 5 full 39 55 1 1 
100 20 50 5 full 39 78 1 1 
100 20 50 5 full 39 80 1 1 
100 20 50 5 full 39 88 1 1 
100 20 50 5 full 39 90 1 1 
100 20 50 5 full 39 94 1 1 
100 20 50 5 full 40 17 1 1 
100 20 50 5 full 40 22 1 1 
100 20 50 5 full 40 23 1 1 
100 20 50 5 full 40 32 1 1 
100 20 50 5 full 40 40 1 1 
100 20 50 5 full 40 42 1 1 
100 20 50 5 full 40 56 1 1 
100 20 50 5 full 40 75 1 1 
100 20 50 5 full 41 23 1 1 
100 20 50 5 full 41 28 1 1 
100 20 50 5 full 41 38 1 1 
100 20 50 5 full 41 42 1 1 
100 20 50 5 full 41 51 1 1 
100 20 50 5 full 41 52 1 1 
100 20 50 5 full 41 69 1 1 
100 20 50 5 full 41 84 1 1 
100 20 50 5 full 42 1 1 1 
100 20 50 5 full 42 32 1 1 
100 20 50 5 full 42 38 1 1 
100 20 50 5 full 42 40 1 1 
100 20 50 5 full 42 42 1 1 
100 20 50 5 full 42 44 1 1 
100 20 50 5 full 42 63 1 1 
100 20 50 5 full 42 71 1 1 
100 20 50 5 full 43 1 1 1 
100 20 50 5 full 43 9 1 1 
100 20 50 5 full 43 10 1 1 
100 20 50 5 full 43 57 1 1 
100 20 50 5 full 43 69 1 1 
100 20 50 5 full 43 80 1 1 
100 20 50 5 full 43 82 1 1 
100 20 50 5 full 43 95 1 1 
100 20 50 5 full 44 37 1 1 
100 20 50 5 full 44 50 1 1 
100 20 50 5 full 44 74 1 1 
100 20 50 5 full 44 76 1 1 
100 20 50 5 full 44 81 1 1 
100 20 50 5 full 44 84 1 1 
100 20 50 5 full 44 89 1 1 
100 20 50 5 full 44 91 1 1 
100 20 50 5 full 45 8 1 1 
100 20 50 5 full 45 13 1 1 
100 20 50 5 full 45 23 1 1 
100 20 50 5 full 45 32 1 1 
100 20 50 5 full 45 35 1 1 
100 20 50 5 full 45 45 1 1 
100 20 50 5 full 45 57 1 1 
100 20 50 5 full 45 74 1 1 
100 20 50 5 full 46 11 1 1 
100 20 50 5 full 46 17 1 1 
100 20 50 5 full 46 45 1 1 
100 20 50 5 full 46 47 1 1 
100 20 50 5 full 46 53 1 1 
100 20 50 5 full 46 80 1 1 
100 20 50 5 full 46 89 1 1 
100 20 50 5 full 46 97 1 1 
100 20 50 5 full 47 11 1 1 
100 20 50 5 full 47 16 1 1 
100 20 50 5 full 47 44 1 1 
100 20 50 5 full 47 65 1 1 
100 20 50 5 full 47 69 1 1 
100 20 50 5 full 47 70 1 1 
100 20 50 5 full 47 78 1 1 
100 20 50 5 full 47 96 1 1 
100 20 50 5 full 48 17 1 1 
100 20 50 5 full 48 24 1 1 
100 20 50 5 full 48 25 1 1 
100 20 50 5 full 48 26 1 1 
100 20 50 5 full 48 43 1 1 
100 20 50 5 full 48 46 1 1 
100 20 50 5 full 48 74 1 1 
100 20 50 5 full 48 85 1 1 
100 20 50 5 full 49 1 1 1 
100 20 50 5 full 49 7 1 1 
100 20 50 5 full 49 18 1 1 
100 20 50 5 full 49 30 1 1 
100 20 50 5 full 49 55 1 1 
100 20 50 5 full 49 78 1 1 
100 20 50 5 full 49 82 1 1 
100 20 50 5 full 49 86 1 1 
100 20 50 5 full 50 6 1 1 
100 20 50 5 full 50 7 1 1 
100 20 50 5 full 50 25 1 1 
100 20 50 5 full 50 29 1 1 
100 20 50 5 full 50 45 1 1 
100 20 50 5 full 50 51 1 1 
100 20 50 5 full 50 70 1 1 
100 20 50 5 full 50 100 1 1 
