20 8 50 2 full 1 1 1 1 
20 8 50 2 full 1 4 2 1 
20 8 50 2 full 1 6 1 1 
20 8 50 2 full 1 13 1 1 
20 8 50 2 full 1 16 1 1 
20 8 50 2 full 1 20 1 1 
20 8 50 2 full 2 4 1 1 
20 8 50 2 full 2 7 1 1 
20 8 50 2 full 2 9 1 1 
20 8 50 2 full 2 13 1 1 
20 8 50 2 full 2 14 1 1 
20 8 50 2 full 2 15 1 1 
20 8 50 2 full 2 16 1 1 
20 8 50 2 full 3 3 1 1 
20 8 50 2 full 3 10 1 1 
20 8 50 2 full 4 1 1 1 
20 8 50 2 full 4 5 2 1 
20 8 50 2 full 4 10 1 1 
20 8 50 2 full 4 19 1 1 
20 8 50 2 full 4 20 1 1 
20 8 50 2 full 5 3 1 1 
20 8 50 2 full 5 6 1 1 
20 8 50 2 full 5 9 1 1 
20 8 50 2 full 5 14 1 1 
20 8 50 2 full 5 19 1 1 
20 8 50 2 full 6 12 1 1 
20 8 50 2 full 6 18 1 1 
20 8 50 2 full 6 19 1 1 
20 8 50 2 full 7 3 2 1 
20 8 50 2 full 7 5 2 1 
20 8 50 2 full 7 12 1 1 
20 8 50 2 full 7 16 1 1 
20 8 50 2 full 8 1 1 1 
20 8 50 2 full 8 3 1 1 
20 8 50 2 full 8 19 1 1 
20 8 50 2 full 8 20 1 1 
20 8 50 2 full 9 4 2 1 
20 8 50 2 full 9 6 2 1 
20 8 50 2 full 9 7 1 1 
20 8 50 2 full 9 11 1 1 
20 8 50 2 full 9 13 1 1 
20 8 50 2 full 10 2 1 1 
20 8 50 2 full 10 3 1 1 
20 8 50 2 full 10 5 2 1 
20 8 50 2 full 10 20 2 1 
20 8 50 2 full 11 2 1 1 
20 8 50 2 full 11 6 1 1 
20 8 50 2 full 11 7 2 1 
20 8 50 2 full 11 8 1 1 
20 8 50 2 full 11 9 1 1 
20 8 50 2 full 11 11 1 1 
20 8 50 2 full 11 15 1 1 
20 8 50 2 full 12 3 2 1 
20 8 50 2 full 12 7 1 1 
20 8 50 2 full 12 15 1 1 
20 8 50 2 full 12 18 1 1 
20 8 50 2 full 12 19 2 1 
20 8 50 2 full 13 4 1 1 
20 8 50 2 full 13 6 1 1 
20 8 50 2 full 13 12 1 1 
20 8 50 2 full 13 14 1 1 
20 8 50 2 full 13 16 1 1 
20 8 50 2 full 13 19 1 1 
20 8 50 2 full 14 3 1 1 
20 8 50 2 full 14 4 1 1 
20 8 50 2 full 14 6 1 1 
20 8 50 2 full 14 12 1 1 
20 8 50 2 full 15 1 1 1 
20 8 50 2 full 15 2 1 1 
20 8 50 2 full 15 4 1 1 
20 8 50 2 full 15 5 1 1 
20 8 50 2 full 16 14 1 1 
20 8 50 2 full 16 15 2 1 
20 8 50 2 full 16 18 1 1 
20 8 50 2 full 17 2 1 1 
20 8 50 2 full 17 6 1 1 
20 8 50 2 full 17 8 2 1 
20 8 50 2 full 17 11 1 1 
20 8 50 2 full 17 12 1 1 
20 8 50 2 full 17 20 1 1 
20 8 50 2 full 18 8 1 1 
20 8 50 2 full 18 12 1 1 
20 8 50 2 full 18 14 1 1 
20 8 50 2 full 18 19 1 1 
20 8 50 2 full 19 7 1 1 
20 8 50 2 full 19 10 2 1 
20 8 50 2 full 19 14 1 1 
20 8 50 2 full 19 15 1 1 
20 8 50 2 full 20 2 2 1 
20 8 50 2 full 20 3 2 1 
20 8 50 2 full 20 11 1 1 
20 8 50 2 full 20 15 2 1 
20 8 50 2 full 20 18 1 1 
20 8 50 2 full 21 15 1 1 
20 8 50 2 full 21 17 1 1 
20 8 50 2 full 21 19 2 1 
20 8 50 2 full 22 1 1 1 
20 8 50 2 full 22 10 1 1 
20 8 50 2 full 22 13 1 1 
20 8 50 2 full 22 17 1 1 
20 8 50 2 full 23 1 1 1 
20 8 50 2 full 23 14 1 1 
20 8 50 2 full 23 18 1 1 
20 8 50 2 full 23 19 1 1 
20 8 50 2 full 24 10 2 1 
20 8 50 2 full 24 12 1 1 
20 8 50 2 full 25 1 1 1 
20 8 50 2 full 25 9 1 1 
20 8 50 2 full 25 12 2 1 
20 8 50 2 full 25 16 1 1 
20 8 50 2 full 25 19 1 1 
20 8 50 2 full 26 2 1 1 
20 8 50 2 full 26 5 1 1 
20 8 50 2 full 26 9 1 1 
20 8 50 2 full 26 18 1 1 
20 8 50 2 full 27 19 2 1 
20 8 50 2 full 28 6 1 1 
20 8 50 2 full 28 14 1 1 
20 8 50 2 full 28 16 1 1 
20 8 50 2 full 28 18 2 1 
20 8 50 2 full 28 19 2 1 
20 8 50 2 full 29 5 1 1 
20 8 50 2 full 29 8 1 1 
20 8 50 2 full 29 10 1 1 
20 8 50 2 full 29 16 1 1 
20 8 50 2 full 29 18 1 1 
20 8 50 2 full 29 20 2 1 
20 8 50 2 full 30 7 1 1 
20 8 50 2 full 30 8 2 1 
20 8 50 2 full 30 9 1 1 
20 8 50 2 full 30 10 2 1 
20 8 50 2 full 30 19 1 1 
20 8 50 2 full 31 8 1 1 
20 8 50 2 full 31 11 1 1 
20 8 50 2 full 31 12 1 1 
20 8 50 2 full 31 13 1 1 
20 8 50 2 full 31 15 1 1 
20 8 50 2 full 31 16 1 1 
20 8 50 2 full 31 17 1 1 
20 8 50 2 full 31 18 1 1 
20 8 50 2 full 32 4 2 1 
20 8 50 2 full 32 5 2 1 
20 8 50 2 full 32 13 2 1 
20 8 50 2 full 33 8 1 1 
20 8 50 2 full 33 10 1 1 
20 8 50 2 full 34 6 1 1 
20 8 50 2 full 34 8 1 1 
20 8 50 2 full 34 11 1 1 
20 8 50 2 full 34 15 2 1 
20 8 50 2 full 34 19 1 1 
20 8 50 2 full 35 1 1 1 
20 8 50 2 full 35 6 2 1 
20 8 50 2 full 35 13 1 1 
20 8 50 2 full 35 17 1 1 
20 8 50 2 full 35 19 1 1 
20 8 50 2 full 36 4 1 1 
20 8 50 2 full 36 18 1 1 
20 8 50 2 full 37 7 1 1 
20 8 50 2 full 38 1 2 1 
20 8 50 2 full 38 3 1 1 
20 8 50 2 full 38 12 1 1 
20 8 50 2 full 38 14 1 1 
20 8 50 2 full 38 16 2 1 
20 8 50 2 full 39 1 1 1 
20 8 50 2 full 39 3 2 1 
20 8 50 2 full 39 6 1 1 
20 8 50 2 full 39 7 1 1 
20 8 50 2 full 39 17 1 1 
20 8 50 2 full 40 2 1 1 
20 8 50 2 full 40 6 1 1 
20 8 50 2 full 40 7 2 1 
20 8 50 2 full 40 10 2 1 
20 8 50 2 full 40 19 2 1 
20 8 50 2 full 41 6 1 1 
20 8 50 2 full 41 11 1 1 
20 8 50 2 full 41 15 2 1 
20 8 50 2 full 41 20 1 1 
20 8 50 2 full 42 6 3 1 
20 8 50 2 full 42 8 1 1 
20 8 50 2 full 42 11 1 1 
20 8 50 2 full 42 19 1 1 
20 8 50 2 full 43 1 1 1 
20 8 50 2 full 43 14 1 1 
20 8 50 2 full 43 20 1 1 
20 8 50 2 full 44 3 1 1 
20 8 50 2 full 44 11 1 1 
20 8 50 2 full 44 15 1 1 
20 8 50 2 full 45 4 1 1 
20 8 50 2 full 45 5 1 1 
20 8 50 2 full 45 9 1 1 
20 8 50 2 full 45 18 1 1 
20 8 50 2 full 45 20 1 1 
20 8 50 2 full 46 2 1 1 
20 8 50 2 full 46 3 2 1 
20 8 50 2 full 46 4 1 1 
20 8 50 2 full 46 16 1 1 
20 8 50 2 full 47 1 1 1 
20 8 50 2 full 47 8 3 1 
20 8 50 2 full 47 13 2 1 
20 8 50 2 full 48 3 1 1 
20 8 50 2 full 48 5 1 1 
20 8 50 2 full 48 6 1 1 
20 8 50 2 full 48 13 1 1 
20 8 50 2 full 48 16 1 1 
20 8 50 2 full 48 20 1 1 
20 8 50 2 full 49 4 1 1 
20 8 50 2 full 49 6 1 1 
20 8 50 2 full 49 7 1 1 
20 8 50 2 full 49 10 1 1 
20 8 50 2 full 49 19 1 1 
20 8 50 2 full 50 4 1 1 
20 8 50 2 full 50 5 1 1 
20 8 50 2 full 50 15 1 1 
20 8 50 2 full 50 17 1 1 
20 8 50 2 full 50 20 1 1 
