20 8 5 3 full 1 2 2 1 
20 8 5 3 full 1 6 1 1 
20 8 5 3 full 1 12 2 1 
20 8 5 3 full 1 13 1 1 
20 8 5 3 full 2 4 1 1 
20 8 5 3 full 2 7 1 1 
20 8 5 3 full 2 9 1 1 
20 8 5 3 full 2 13 2 1 
20 8 5 3 full 3 6 1 1 
20 8 5 3 full 3 14 2 1 
20 8 5 3 full 3 17 1 1 
20 8 5 3 full 3 19 1 1 
20 8 5 3 full 4 1 1 1 
20 8 5 3 full 4 3 1 1 
20 8 5 3 full 4 4 1 1 
20 8 5 3 full 4 13 1 1 
20 8 5 3 full 4 14 1 1 
20 8 5 3 full 4 17 1 1 
20 8 5 3 full 5 1 1 1 
20 8 5 3 full 5 3 1 1 
20 8 5 3 full 5 12 1 1 
20 8 5 3 full 5 13 1 1 
20 8 5 3 full 5 14 2 1 
20 8 5 3 full 5 16 2 1 
