100 20 5 1 full 1 8 1 1 
100 20 5 1 full 1 28 1 1 
100 20 5 1 full 1 54 1 1 
100 20 5 1 full 1 62 1 1 
100 20 5 1 full 1 69 1 1 
100 20 5 1 full 1 75 1 1 
100 20 5 1 full 1 86 1 1 
100 20 5 1 full 1 96 1 1 
100 20 5 1 full 2 10 1 1 
100 20 5 1 full 2 13 1 1 
100 20 5 1 full 2 42 1 1 
100 20 5 1 full 2 58 1 1 
100 20 5 1 full 2 73 1 1 
100 20 5 1 full 2 75 1 1 
100 20 5 1 full 2 89 1 1 
100 20 5 1 full 2 93 1 1 
100 20 5 1 full 3 18 1 1 
100 20 5 1 full 3 20 1 1 
100 20 5 1 full 3 21 1 1 
100 20 5 1 full 3 28 1 1 
100 20 5 1 full 3 29 1 1 
100 20 5 1 full 3 51 1 1 
100 20 5 1 full 3 82 1 1 
100 20 5 1 full 3 88 1 1 
100 20 5 1 full 4 1 1 1 
100 20 5 1 full 4 11 1 1 
100 20 5 1 full 4 15 1 1 
100 20 5 1 full 4 32 1 1 
100 20 5 1 full 4 62 1 1 
100 20 5 1 full 4 82 1 1 
100 20 5 1 full 4 95 1 1 
100 20 5 1 full 4 96 1 1 
100 20 5 1 full 5 3 1 1 
100 20 5 1 full 5 24 1 1 
100 20 5 1 full 5 52 1 1 
100 20 5 1 full 5 67 1 1 
100 20 5 1 full 5 86 1 1 
100 20 5 1 full 5 87 1 1 
100 20 5 1 full 5 93 1 1 
100 20 5 1 full 5 96 1 1 
