50 8 20 5 full 1 26 1 1 
50 8 20 5 full 1 30 1 1 
50 8 20 5 full 1 39 1 1 
50 8 20 5 full 1 41 1 1 
50 8 20 5 full 1 47 1 1 
50 8 20 5 full 1 48 1 1 
50 8 20 5 full 1 49 1 1 
50 8 20 5 full 1 50 1 1 
50 8 20 5 full 2 5 1 1 
50 8 20 5 full 2 19 1 1 
50 8 20 5 full 2 27 1 1 
50 8 20 5 full 2 41 1 1 
50 8 20 5 full 2 45 1 1 
50 8 20 5 full 2 46 1 1 
50 8 20 5 full 2 49 1 1 
50 8 20 5 full 2 50 1 1 
50 8 20 5 full 3 3 1 1 
50 8 20 5 full 3 27 1 1 
50 8 20 5 full 3 29 1 1 
50 8 20 5 full 3 35 1 1 
50 8 20 5 full 3 36 1 1 
50 8 20 5 full 4 12 1 1 
50 8 20 5 full 4 13 1 1 
50 8 20 5 full 4 27 1 1 
50 8 20 5 full 4 47 1 1 
50 8 20 5 full 5 6 1 1 
50 8 20 5 full 5 22 1 1 
50 8 20 5 full 5 27 1 1 
50 8 20 5 full 5 35 1 1 
50 8 20 5 full 5 36 1 1 
50 8 20 5 full 5 37 1 1 
50 8 20 5 full 5 40 1 1 
50 8 20 5 full 5 44 1 1 
50 8 20 5 full 6 9 1 1 
50 8 20 5 full 6 12 1 1 
50 8 20 5 full 6 21 1 1 
50 8 20 5 full 6 24 1 1 
50 8 20 5 full 6 25 1 1 
50 8 20 5 full 6 37 1 1 
50 8 20 5 full 6 38 1 1 
50 8 20 5 full 7 19 1 1 
50 8 20 5 full 7 21 1 1 
50 8 20 5 full 7 22 1 1 
50 8 20 5 full 7 25 1 1 
50 8 20 5 full 7 29 1 1 
50 8 20 5 full 7 34 1 1 
50 8 20 5 full 7 35 1 1 
50 8 20 5 full 7 44 1 1 
50 8 20 5 full 8 2 1 1 
50 8 20 5 full 8 5 1 1 
50 8 20 5 full 8 6 1 1 
50 8 20 5 full 8 10 1 1 
50 8 20 5 full 8 13 1 1 
50 8 20 5 full 8 39 1 1 
50 8 20 5 full 8 41 1 1 
50 8 20 5 full 9 8 1 1 
50 8 20 5 full 9 14 1 1 
50 8 20 5 full 9 21 1 1 
50 8 20 5 full 9 27 1 1 
50 8 20 5 full 9 29 1 1 
50 8 20 5 full 10 4 1 1 
50 8 20 5 full 10 6 1 1 
50 8 20 5 full 10 18 1 1 
50 8 20 5 full 10 21 1 1 
50 8 20 5 full 10 30 1 1 
50 8 20 5 full 10 41 1 1 
50 8 20 5 full 10 42 1 1 
50 8 20 5 full 10 44 1 1 
50 8 20 5 full 11 2 1 1 
50 8 20 5 full 11 9 1 1 
50 8 20 5 full 11 11 1 1 
50 8 20 5 full 11 42 1 1 
50 8 20 5 full 11 43 1 1 
50 8 20 5 full 11 48 1 1 
50 8 20 5 full 12 2 1 1 
50 8 20 5 full 12 11 1 1 
50 8 20 5 full 12 18 1 1 
50 8 20 5 full 12 26 1 1 
50 8 20 5 full 12 28 1 1 
50 8 20 5 full 12 34 1 1 
50 8 20 5 full 12 46 1 1 
50 8 20 5 full 13 1 1 1 
50 8 20 5 full 13 7 1 1 
50 8 20 5 full 13 9 1 1 
50 8 20 5 full 13 15 1 1 
50 8 20 5 full 13 16 1 1 
50 8 20 5 full 13 30 1 1 
50 8 20 5 full 13 40 1 1 
50 8 20 5 full 13 42 1 1 
50 8 20 5 full 14 1 1 1 
50 8 20 5 full 14 17 1 1 
50 8 20 5 full 14 22 1 1 
50 8 20 5 full 14 41 1 1 
50 8 20 5 full 14 50 1 1 
50 8 20 5 full 15 1 1 1 
50 8 20 5 full 15 16 1 1 
50 8 20 5 full 15 19 1 1 
50 8 20 5 full 15 25 1 1 
50 8 20 5 full 15 33 1 1 
50 8 20 5 full 15 35 1 1 
50 8 20 5 full 16 16 1 1 
50 8 20 5 full 16 22 1 1 
50 8 20 5 full 16 25 2 1 
50 8 20 5 full 16 34 1 1 
50 8 20 5 full 16 46 1 1 
50 8 20 5 full 17 1 1 1 
50 8 20 5 full 17 7 1 1 
50 8 20 5 full 17 16 1 1 
50 8 20 5 full 17 19 1 1 
50 8 20 5 full 17 27 1 1 
50 8 20 5 full 17 37 1 1 
50 8 20 5 full 17 38 1 1 
50 8 20 5 full 17 45 1 1 
50 8 20 5 full 18 2 1 1 
50 8 20 5 full 18 6 1 1 
50 8 20 5 full 18 7 1 1 
50 8 20 5 full 18 17 1 1 
50 8 20 5 full 18 24 1 1 
50 8 20 5 full 18 39 1 1 
50 8 20 5 full 18 41 1 1 
50 8 20 5 full 19 7 1 1 
50 8 20 5 full 19 16 1 1 
50 8 20 5 full 19 24 1 1 
50 8 20 5 full 19 26 1 1 
50 8 20 5 full 19 36 1 1 
50 8 20 5 full 20 4 1 1 
50 8 20 5 full 20 16 1 1 
50 8 20 5 full 20 19 1 1 
50 8 20 5 full 20 29 1 1 
50 8 20 5 full 20 31 1 1 
50 8 20 5 full 20 33 1 1 
50 8 20 5 full 20 44 1 1 
50 8 20 5 full 20 48 1 1 
