20 8 50 5 full 1 8 1 1 
20 8 50 5 full 1 12 1 1 
20 8 50 5 full 1 18 2 1 
20 8 50 5 full 1 19 1 1 
20 8 50 5 full 2 1 1 1 
20 8 50 5 full 2 14 1 1 
20 8 50 5 full 2 18 1 1 
20 8 50 5 full 3 2 1 1 
20 8 50 5 full 3 4 2 1 
20 8 50 5 full 3 6 1 1 
20 8 50 5 full 3 7 1 1 
20 8 50 5 full 3 11 1 1 
20 8 50 5 full 3 20 1 1 
20 8 50 5 full 5 7 1 1 
20 8 50 5 full 5 8 2 1 
20 8 50 5 full 5 13 1 1 
20 8 50 5 full 5 17 1 1 
20 8 50 5 full 5 18 1 1 
20 8 50 5 full 6 5 2 1 
20 8 50 5 full 6 12 1 1 
20 8 50 5 full 6 15 2 1 
20 8 50 5 full 6 20 1 1 
20 8 50 5 full 7 8 1 1 
20 8 50 5 full 7 9 1 1 
20 8 50 5 full 7 12 1 1 
20 8 50 5 full 7 13 3 1 
20 8 50 5 full 8 9 1 1 
20 8 50 5 full 8 10 1 1 
20 8 50 5 full 8 17 1 1 
20 8 50 5 full 8 19 1 1 
20 8 50 5 full 9 5 1 1 
20 8 50 5 full 9 13 2 1 
20 8 50 5 full 9 15 2 1 
20 8 50 5 full 10 2 1 1 
20 8 50 5 full 10 7 1 1 
20 8 50 5 full 10 8 1 1 
20 8 50 5 full 10 10 1 1 
20 8 50 5 full 10 11 1 1 
20 8 50 5 full 10 12 2 1 
20 8 50 5 full 11 5 1 1 
20 8 50 5 full 11 10 1 1 
20 8 50 5 full 11 11 1 1 
20 8 50 5 full 11 16 1 1 
20 8 50 5 full 11 20 2 1 
20 8 50 5 full 12 1 1 1 
20 8 50 5 full 12 6 1 1 
20 8 50 5 full 12 11 1 1 
20 8 50 5 full 12 14 1 1 
20 8 50 5 full 12 17 1 1 
20 8 50 5 full 12 18 1 1 
20 8 50 5 full 13 1 2 1 
20 8 50 5 full 13 4 1 1 
20 8 50 5 full 13 5 1 1 
20 8 50 5 full 13 9 1 1 
20 8 50 5 full 13 11 1 1 
20 8 50 5 full 13 13 1 1 
20 8 50 5 full 13 14 1 1 
20 8 50 5 full 14 4 1 1 
20 8 50 5 full 14 6 1 1 
20 8 50 5 full 14 8 1 1 
20 8 50 5 full 14 14 1 1 
20 8 50 5 full 15 2 1 1 
20 8 50 5 full 15 4 1 1 
20 8 50 5 full 15 15 1 1 
20 8 50 5 full 15 18 3 1 
20 8 50 5 full 15 19 1 1 
20 8 50 5 full 16 2 1 1 
20 8 50 5 full 16 3 1 1 
20 8 50 5 full 16 8 1 1 
20 8 50 5 full 16 18 1 1 
20 8 50 5 full 16 20 1 1 
20 8 50 5 full 17 7 1 1 
20 8 50 5 full 17 9 1 1 
20 8 50 5 full 17 11 1 1 
20 8 50 5 full 17 15 2 1 
20 8 50 5 full 18 13 3 1 
20 8 50 5 full 18 15 1 1 
20 8 50 5 full 18 17 1 1 
20 8 50 5 full 19 3 1 1 
20 8 50 5 full 19 4 1 1 
20 8 50 5 full 19 7 1 1 
20 8 50 5 full 19 9 2 1 
20 8 50 5 full 19 12 1 1 
20 8 50 5 full 19 18 1 1 
20 8 50 5 full 19 20 1 1 
20 8 50 5 full 20 7 1 1 
20 8 50 5 full 20 8 1 1 
20 8 50 5 full 20 12 3 1 
20 8 50 5 full 20 13 1 1 
20 8 50 5 full 20 15 1 1 
20 8 50 5 full 20 16 1 1 
20 8 50 5 full 21 3 1 1 
20 8 50 5 full 21 5 2 1 
20 8 50 5 full 21 7 1 1 
20 8 50 5 full 21 9 1 1 
20 8 50 5 full 21 11 1 1 
20 8 50 5 full 22 3 2 1 
20 8 50 5 full 22 4 1 1 
20 8 50 5 full 22 7 1 1 
20 8 50 5 full 22 8 1 1 
20 8 50 5 full 22 11 1 1 
20 8 50 5 full 22 16 1 1 
20 8 50 5 full 23 2 1 1 
20 8 50 5 full 23 9 1 1 
20 8 50 5 full 23 10 1 1 
20 8 50 5 full 23 11 1 1 
20 8 50 5 full 23 12 1 1 
20 8 50 5 full 23 19 1 1 
20 8 50 5 full 23 20 2 1 
20 8 50 5 full 24 6 1 1 
20 8 50 5 full 24 18 3 1 
20 8 50 5 full 25 5 1 1 
20 8 50 5 full 25 6 2 1 
20 8 50 5 full 25 9 1 1 
20 8 50 5 full 25 15 1 1 
20 8 50 5 full 26 1 2 1 
20 8 50 5 full 26 3 1 1 
20 8 50 5 full 26 7 1 1 
20 8 50 5 full 26 10 1 1 
20 8 50 5 full 26 14 1 1 
20 8 50 5 full 27 2 1 1 
20 8 50 5 full 27 5 1 1 
20 8 50 5 full 27 9 1 1 
20 8 50 5 full 27 16 3 1 
20 8 50 5 full 28 11 1 1 
20 8 50 5 full 28 12 1 1 
20 8 50 5 full 28 16 2 1 
20 8 50 5 full 28 19 2 1 
20 8 50 5 full 29 4 1 1 
20 8 50 5 full 29 8 2 1 
20 8 50 5 full 29 9 1 1 
20 8 50 5 full 29 10 1 1 
20 8 50 5 full 29 14 1 1 
20 8 50 5 full 29 18 1 1 
20 8 50 5 full 30 9 1 1 
20 8 50 5 full 30 13 1 1 
20 8 50 5 full 30 17 1 1 
20 8 50 5 full 30 19 1 1 
20 8 50 5 full 31 2 1 1 
20 8 50 5 full 31 3 2 1 
20 8 50 5 full 31 4 1 1 
20 8 50 5 full 31 11 1 1 
20 8 50 5 full 31 12 1 1 
20 8 50 5 full 31 16 1 1 
20 8 50 5 full 31 18 1 1 
20 8 50 5 full 32 3 2 1 
20 8 50 5 full 32 5 1 1 
20 8 50 5 full 32 7 1 1 
20 8 50 5 full 32 19 1 1 
20 8 50 5 full 33 1 1 1 
20 8 50 5 full 33 9 1 1 
20 8 50 5 full 33 11 3 1 
20 8 50 5 full 33 12 1 1 
20 8 50 5 full 33 17 1 1 
20 8 50 5 full 34 1 1 1 
20 8 50 5 full 34 13 1 1 
20 8 50 5 full 35 2 1 1 
20 8 50 5 full 35 3 2 1 
20 8 50 5 full 35 11 1 1 
20 8 50 5 full 35 12 2 1 
20 8 50 5 full 35 15 1 1 
20 8 50 5 full 36 2 1 1 
20 8 50 5 full 36 5 1 1 
20 8 50 5 full 36 11 1 1 
20 8 50 5 full 36 13 1 1 
20 8 50 5 full 36 16 2 1 
20 8 50 5 full 36 17 1 1 
20 8 50 5 full 37 4 1 1 
20 8 50 5 full 37 6 1 1 
20 8 50 5 full 37 7 1 1 
20 8 50 5 full 37 17 1 1 
20 8 50 5 full 37 20 1 1 
20 8 50 5 full 38 3 2 1 
20 8 50 5 full 38 9 1 1 
20 8 50 5 full 38 12 2 1 
20 8 50 5 full 38 14 1 1 
20 8 50 5 full 39 1 1 1 
20 8 50 5 full 39 3 1 1 
20 8 50 5 full 39 9 1 1 
20 8 50 5 full 39 11 1 1 
20 8 50 5 full 39 20 1 1 
20 8 50 5 full 40 1 1 1 
20 8 50 5 full 40 6 1 1 
20 8 50 5 full 40 15 1 1 
20 8 50 5 full 40 16 1 1 
20 8 50 5 full 40 18 1 1 
20 8 50 5 full 40 20 1 1 
20 8 50 5 full 41 8 2 1 
20 8 50 5 full 41 9 1 1 
20 8 50 5 full 41 13 1 1 
20 8 50 5 full 41 16 1 1 
20 8 50 5 full 42 3 3 1 
20 8 50 5 full 42 11 1 1 
20 8 50 5 full 42 12 2 1 
20 8 50 5 full 42 16 2 1 
20 8 50 5 full 43 7 1 1 
20 8 50 5 full 43 11 1 1 
20 8 50 5 full 43 13 1 1 
20 8 50 5 full 44 3 1 1 
20 8 50 5 full 44 6 1 1 
20 8 50 5 full 44 8 1 1 
20 8 50 5 full 44 10 1 1 
20 8 50 5 full 44 11 1 1 
20 8 50 5 full 44 17 1 1 
20 8 50 5 full 45 1 2 1 
20 8 50 5 full 45 8 1 1 
20 8 50 5 full 45 10 2 1 
20 8 50 5 full 45 16 1 1 
20 8 50 5 full 45 18 1 1 
20 8 50 5 full 46 6 1 1 
20 8 50 5 full 46 10 1 1 
20 8 50 5 full 46 11 1 1 
20 8 50 5 full 47 2 1 1 
20 8 50 5 full 47 4 1 1 
20 8 50 5 full 47 6 1 1 
20 8 50 5 full 47 10 2 1 
20 8 50 5 full 47 11 1 1 
20 8 50 5 full 47 14 1 1 
20 8 50 5 full 48 5 1 1 
20 8 50 5 full 48 6 1 1 
20 8 50 5 full 48 7 1 1 
20 8 50 5 full 48 11 1 1 
20 8 50 5 full 49 4 1 1 
20 8 50 5 full 49 5 1 1 
20 8 50 5 full 49 11 1 1 
20 8 50 5 full 49 12 1 1 
20 8 50 5 full 49 17 1 1 
20 8 50 5 full 49 18 1 1 
20 8 50 5 full 50 7 2 1 
20 8 50 5 full 50 12 2 1 
20 8 50 5 full 50 17 1 1 
20 8 50 5 full 50 18 1 1 
