100 40 20 2 full 1 23 1 1 
100 40 20 2 full 1 24 1 1 
100 40 20 2 full 1 72 1 1 
100 40 20 2 full 1 78 1 1 
100 40 20 2 full 1 79 1 1 
100 40 20 2 full 1 82 1 1 
100 40 20 2 full 1 90 1 1 
100 40 20 2 full 1 98 1 1 
100 40 20 2 full 2 9 1 1 
100 40 20 2 full 2 13 1 1 
100 40 20 2 full 2 37 1 1 
100 40 20 2 full 2 71 1 1 
100 40 20 2 full 2 75 1 1 
100 40 20 2 full 2 80 1 1 
100 40 20 2 full 2 89 1 1 
100 40 20 2 full 2 90 1 1 
100 40 20 2 full 3 2 1 1 
100 40 20 2 full 3 19 1 1 
100 40 20 2 full 3 56 1 1 
100 40 20 2 full 3 65 1 1 
100 40 20 2 full 3 73 1 1 
100 40 20 2 full 3 89 1 1 
100 40 20 2 full 3 93 1 1 
100 40 20 2 full 3 95 1 1 
100 40 20 2 full 4 1 1 1 
100 40 20 2 full 4 9 1 1 
100 40 20 2 full 4 15 1 1 
100 40 20 2 full 4 68 1 1 
100 40 20 2 full 4 82 1 1 
100 40 20 2 full 4 84 1 1 
100 40 20 2 full 4 88 1 1 
100 40 20 2 full 4 99 1 1 
100 40 20 2 full 5 2 1 1 
100 40 20 2 full 5 28 1 1 
100 40 20 2 full 5 43 1 1 
100 40 20 2 full 5 72 1 1 
100 40 20 2 full 5 73 1 1 
100 40 20 2 full 5 96 1 1 
100 40 20 2 full 5 97 1 1 
100 40 20 2 full 5 99 1 1 
100 40 20 2 full 6 6 1 1 
100 40 20 2 full 6 26 1 1 
100 40 20 2 full 6 31 1 1 
100 40 20 2 full 6 45 1 1 
100 40 20 2 full 6 54 1 1 
100 40 20 2 full 6 55 1 1 
100 40 20 2 full 6 80 1 1 
100 40 20 2 full 6 81 1 1 
100 40 20 2 full 7 1 1 1 
100 40 20 2 full 7 22 1 1 
100 40 20 2 full 7 37 1 1 
100 40 20 2 full 7 47 1 1 
100 40 20 2 full 7 52 1 1 
100 40 20 2 full 7 90 1 1 
100 40 20 2 full 7 92 1 1 
100 40 20 2 full 7 97 1 1 
100 40 20 2 full 8 10 1 1 
100 40 20 2 full 8 31 1 1 
100 40 20 2 full 8 36 1 1 
100 40 20 2 full 8 46 1 1 
100 40 20 2 full 8 56 1 1 
100 40 20 2 full 8 62 1 1 
100 40 20 2 full 8 78 1 1 
100 40 20 2 full 8 88 1 1 
100 40 20 2 full 9 14 1 1 
100 40 20 2 full 9 27 1 1 
100 40 20 2 full 9 48 1 1 
100 40 20 2 full 9 54 1 1 
100 40 20 2 full 9 76 1 1 
100 40 20 2 full 9 83 1 1 
100 40 20 2 full 9 86 1 1 
100 40 20 2 full 9 87 1 1 
100 40 20 2 full 10 19 1 1 
100 40 20 2 full 10 20 1 1 
100 40 20 2 full 10 29 1 1 
100 40 20 2 full 10 41 1 1 
100 40 20 2 full 10 45 1 1 
100 40 20 2 full 10 60 1 1 
100 40 20 2 full 10 88 1 1 
100 40 20 2 full 10 100 1 1 
100 40 20 2 full 11 13 1 1 
100 40 20 2 full 11 17 1 1 
100 40 20 2 full 11 20 1 1 
100 40 20 2 full 11 29 1 1 
100 40 20 2 full 11 39 1 1 
100 40 20 2 full 11 49 1 1 
100 40 20 2 full 11 69 1 1 
100 40 20 2 full 11 88 1 1 
100 40 20 2 full 12 1 1 1 
100 40 20 2 full 12 10 1 1 
100 40 20 2 full 12 30 1 1 
100 40 20 2 full 12 34 1 1 
100 40 20 2 full 12 35 1 1 
100 40 20 2 full 12 78 1 1 
100 40 20 2 full 12 80 1 1 
100 40 20 2 full 12 84 1 1 
100 40 20 2 full 13 11 1 1 
100 40 20 2 full 13 13 1 1 
100 40 20 2 full 13 21 1 1 
100 40 20 2 full 13 30 1 1 
100 40 20 2 full 13 33 1 1 
100 40 20 2 full 13 53 1 1 
100 40 20 2 full 13 54 1 1 
100 40 20 2 full 13 70 1 1 
100 40 20 2 full 14 49 1 1 
100 40 20 2 full 14 54 1 1 
100 40 20 2 full 14 55 1 1 
100 40 20 2 full 14 67 1 1 
100 40 20 2 full 14 73 1 1 
100 40 20 2 full 14 75 1 1 
100 40 20 2 full 14 88 1 1 
100 40 20 2 full 14 92 1 1 
100 40 20 2 full 15 6 1 1 
100 40 20 2 full 15 8 1 1 
100 40 20 2 full 15 12 1 1 
100 40 20 2 full 15 39 1 1 
100 40 20 2 full 15 45 1 1 
100 40 20 2 full 15 52 1 1 
100 40 20 2 full 15 78 1 1 
100 40 20 2 full 15 83 1 1 
100 40 20 2 full 16 2 1 1 
100 40 20 2 full 16 13 1 1 
100 40 20 2 full 16 16 1 1 
100 40 20 2 full 16 17 1 1 
100 40 20 2 full 16 55 1 1 
100 40 20 2 full 16 68 1 1 
100 40 20 2 full 16 75 1 1 
100 40 20 2 full 16 100 1 1 
100 40 20 2 full 17 11 1 1 
100 40 20 2 full 17 24 1 1 
100 40 20 2 full 17 34 1 1 
100 40 20 2 full 17 69 1 1 
100 40 20 2 full 17 81 1 1 
100 40 20 2 full 17 86 1 1 
100 40 20 2 full 17 97 1 1 
100 40 20 2 full 17 100 1 1 
100 40 20 2 full 18 8 1 1 
100 40 20 2 full 18 67 1 1 
100 40 20 2 full 18 86 1 1 
100 40 20 2 full 18 88 1 1 
100 40 20 2 full 18 90 1 1 
100 40 20 2 full 18 95 1 1 
100 40 20 2 full 18 96 1 1 
100 40 20 2 full 18 100 1 1 
100 40 20 2 full 19 12 1 1 
100 40 20 2 full 19 46 1 1 
100 40 20 2 full 19 51 1 1 
100 40 20 2 full 19 52 1 1 
100 40 20 2 full 19 64 1 1 
100 40 20 2 full 19 72 1 1 
100 40 20 2 full 19 93 1 1 
100 40 20 2 full 19 95 1 1 
100 40 20 2 full 20 8 1 1 
100 40 20 2 full 20 9 1 1 
100 40 20 2 full 20 20 1 1 
100 40 20 2 full 20 21 1 1 
100 40 20 2 full 20 58 1 1 
100 40 20 2 full 20 71 1 1 
100 40 20 2 full 20 74 1 1 
100 40 20 2 full 20 97 1 1 
