100 40 20 5 full 1 12 1 1 
100 40 20 5 full 1 41 1 1 
100 40 20 5 full 1 46 1 1 
100 40 20 5 full 1 47 1 1 
100 40 20 5 full 1 60 1 1 
100 40 20 5 full 1 77 1 1 
100 40 20 5 full 1 93 1 1 
100 40 20 5 full 1 99 1 1 
100 40 20 5 full 2 19 1 1 
100 40 20 5 full 2 24 1 1 
100 40 20 5 full 2 25 1 1 
100 40 20 5 full 2 29 1 1 
100 40 20 5 full 2 37 1 1 
100 40 20 5 full 2 47 1 1 
100 40 20 5 full 2 64 1 1 
100 40 20 5 full 2 93 1 1 
100 40 20 5 full 3 19 1 1 
100 40 20 5 full 3 39 1 1 
100 40 20 5 full 3 41 1 1 
100 40 20 5 full 3 52 1 1 
100 40 20 5 full 3 55 1 1 
100 40 20 5 full 3 77 1 1 
100 40 20 5 full 3 81 1 1 
100 40 20 5 full 3 90 1 1 
100 40 20 5 full 4 14 1 1 
100 40 20 5 full 4 21 1 1 
100 40 20 5 full 4 49 1 1 
100 40 20 5 full 4 51 1 1 
100 40 20 5 full 4 56 1 1 
100 40 20 5 full 4 72 1 1 
100 40 20 5 full 4 87 1 1 
100 40 20 5 full 4 90 1 1 
100 40 20 5 full 5 11 1 1 
100 40 20 5 full 5 15 1 1 
100 40 20 5 full 5 24 1 1 
100 40 20 5 full 5 36 1 1 
100 40 20 5 full 5 42 1 1 
100 40 20 5 full 5 48 1 1 
100 40 20 5 full 5 96 1 1 
100 40 20 5 full 5 99 1 1 
100 40 20 5 full 6 4 1 1 
100 40 20 5 full 6 32 1 1 
100 40 20 5 full 6 48 1 1 
100 40 20 5 full 6 52 1 1 
100 40 20 5 full 6 56 1 1 
100 40 20 5 full 6 69 1 1 
100 40 20 5 full 6 88 1 1 
100 40 20 5 full 6 97 1 1 
100 40 20 5 full 7 1 1 1 
100 40 20 5 full 7 17 1 1 
100 40 20 5 full 7 26 1 1 
100 40 20 5 full 7 30 1 1 
100 40 20 5 full 7 76 1 1 
100 40 20 5 full 7 89 1 1 
100 40 20 5 full 7 92 1 1 
100 40 20 5 full 7 100 1 1 
100 40 20 5 full 8 8 1 1 
100 40 20 5 full 8 18 1 1 
100 40 20 5 full 8 26 1 1 
100 40 20 5 full 8 34 1 1 
100 40 20 5 full 8 43 1 1 
100 40 20 5 full 8 57 1 1 
100 40 20 5 full 8 74 1 1 
100 40 20 5 full 8 75 1 1 
100 40 20 5 full 9 5 1 1 
100 40 20 5 full 9 7 1 1 
100 40 20 5 full 9 18 1 1 
100 40 20 5 full 9 23 1 1 
100 40 20 5 full 9 45 1 1 
100 40 20 5 full 9 55 1 1 
100 40 20 5 full 9 68 1 1 
100 40 20 5 full 9 80 1 1 
100 40 20 5 full 10 12 1 1 
100 40 20 5 full 10 22 1 1 
100 40 20 5 full 10 40 1 1 
100 40 20 5 full 10 41 1 1 
100 40 20 5 full 10 43 1 1 
100 40 20 5 full 10 56 1 1 
100 40 20 5 full 10 66 1 1 
100 40 20 5 full 10 77 1 1 
100 40 20 5 full 11 32 1 1 
100 40 20 5 full 11 42 1 1 
100 40 20 5 full 11 43 1 1 
100 40 20 5 full 11 63 1 1 
100 40 20 5 full 11 78 1 1 
100 40 20 5 full 11 79 1 1 
100 40 20 5 full 11 95 1 1 
100 40 20 5 full 11 98 1 1 
100 40 20 5 full 12 6 1 1 
100 40 20 5 full 12 13 1 1 
100 40 20 5 full 12 50 1 1 
100 40 20 5 full 12 60 1 1 
100 40 20 5 full 12 70 1 1 
100 40 20 5 full 12 85 1 1 
100 40 20 5 full 12 98 1 1 
100 40 20 5 full 12 100 1 1 
100 40 20 5 full 13 1 1 1 
100 40 20 5 full 13 12 1 1 
100 40 20 5 full 13 24 1 1 
100 40 20 5 full 13 40 1 1 
100 40 20 5 full 13 43 1 1 
100 40 20 5 full 13 51 1 1 
100 40 20 5 full 13 78 1 1 
100 40 20 5 full 13 96 1 1 
100 40 20 5 full 14 5 1 1 
100 40 20 5 full 14 22 1 1 
100 40 20 5 full 14 34 1 1 
100 40 20 5 full 14 39 1 1 
100 40 20 5 full 14 48 1 1 
100 40 20 5 full 14 60 1 1 
100 40 20 5 full 14 74 1 1 
100 40 20 5 full 14 87 1 1 
100 40 20 5 full 15 6 1 1 
100 40 20 5 full 15 28 1 1 
100 40 20 5 full 15 32 1 1 
100 40 20 5 full 15 49 1 1 
100 40 20 5 full 15 53 1 1 
100 40 20 5 full 15 59 1 1 
100 40 20 5 full 15 63 1 1 
100 40 20 5 full 15 83 1 1 
100 40 20 5 full 16 4 1 1 
100 40 20 5 full 16 32 1 1 
100 40 20 5 full 16 38 1 1 
100 40 20 5 full 16 50 1 1 
100 40 20 5 full 16 61 1 1 
100 40 20 5 full 16 63 1 1 
100 40 20 5 full 16 64 1 1 
100 40 20 5 full 16 67 1 1 
100 40 20 5 full 17 3 1 1 
100 40 20 5 full 17 29 1 1 
100 40 20 5 full 17 38 1 1 
100 40 20 5 full 17 43 1 1 
100 40 20 5 full 17 45 1 1 
100 40 20 5 full 17 55 1 1 
100 40 20 5 full 17 84 1 1 
100 40 20 5 full 17 87 1 1 
100 40 20 5 full 18 10 1 1 
100 40 20 5 full 18 29 1 1 
100 40 20 5 full 18 56 1 1 
100 40 20 5 full 18 61 1 1 
100 40 20 5 full 18 71 1 1 
100 40 20 5 full 18 80 1 1 
100 40 20 5 full 18 83 1 1 
100 40 20 5 full 18 94 1 1 
100 40 20 5 full 19 30 1 1 
100 40 20 5 full 19 48 1 1 
100 40 20 5 full 19 52 1 1 
100 40 20 5 full 19 65 1 1 
100 40 20 5 full 19 66 1 1 
100 40 20 5 full 19 71 1 1 
100 40 20 5 full 19 74 1 1 
100 40 20 5 full 19 88 1 1 
100 40 20 5 full 20 7 1 1 
100 40 20 5 full 20 28 1 1 
100 40 20 5 full 20 29 1 1 
100 40 20 5 full 20 57 1 1 
100 40 20 5 full 20 60 1 1 
100 40 20 5 full 20 71 1 1 
100 40 20 5 full 20 73 1 1 
100 40 20 5 full 20 94 1 1 
