100 40 50 2 full 1 8 1 1 
100 40 50 2 full 1 12 1 1 
100 40 50 2 full 1 19 1 1 
100 40 50 2 full 1 30 1 1 
100 40 50 2 full 1 37 1 1 
100 40 50 2 full 1 79 1 1 
100 40 50 2 full 1 80 1 1 
100 40 50 2 full 1 90 1 1 
100 40 50 2 full 2 21 1 1 
100 40 50 2 full 2 22 1 1 
100 40 50 2 full 2 32 1 1 
100 40 50 2 full 2 38 1 1 
100 40 50 2 full 2 48 1 1 
100 40 50 2 full 2 60 1 1 
100 40 50 2 full 2 62 1 1 
100 40 50 2 full 2 85 1 1 
100 40 50 2 full 3 3 1 1 
100 40 50 2 full 3 8 1 1 
100 40 50 2 full 3 29 1 1 
100 40 50 2 full 3 35 1 1 
100 40 50 2 full 3 48 1 1 
100 40 50 2 full 3 53 1 1 
100 40 50 2 full 3 58 1 1 
100 40 50 2 full 3 80 1 1 
100 40 50 2 full 4 8 1 1 
100 40 50 2 full 4 54 1 1 
100 40 50 2 full 4 56 1 1 
100 40 50 2 full 4 66 1 1 
100 40 50 2 full 4 69 1 1 
100 40 50 2 full 4 71 1 1 
100 40 50 2 full 4 79 1 1 
100 40 50 2 full 4 92 1 1 
100 40 50 2 full 5 7 1 1 
100 40 50 2 full 5 25 1 1 
100 40 50 2 full 5 29 1 1 
100 40 50 2 full 5 33 1 1 
100 40 50 2 full 5 55 1 1 
100 40 50 2 full 5 58 1 1 
100 40 50 2 full 5 59 1 1 
100 40 50 2 full 5 83 1 1 
100 40 50 2 full 6 8 1 1 
100 40 50 2 full 6 10 1 1 
100 40 50 2 full 6 31 1 1 
100 40 50 2 full 6 34 1 1 
100 40 50 2 full 6 44 1 1 
100 40 50 2 full 6 58 1 1 
100 40 50 2 full 6 93 1 1 
100 40 50 2 full 6 100 1 1 
100 40 50 2 full 7 7 1 1 
100 40 50 2 full 7 27 1 1 
100 40 50 2 full 7 41 1 1 
100 40 50 2 full 7 54 1 1 
100 40 50 2 full 7 57 1 1 
100 40 50 2 full 7 60 1 1 
100 40 50 2 full 7 91 1 1 
100 40 50 2 full 7 94 1 1 
100 40 50 2 full 8 27 1 1 
100 40 50 2 full 8 46 1 1 
100 40 50 2 full 8 51 1 1 
100 40 50 2 full 8 57 1 1 
100 40 50 2 full 8 58 1 1 
100 40 50 2 full 8 66 1 1 
100 40 50 2 full 8 85 1 1 
100 40 50 2 full 8 99 1 1 
100 40 50 2 full 9 10 1 1 
100 40 50 2 full 9 13 1 1 
100 40 50 2 full 9 43 1 1 
100 40 50 2 full 9 48 1 1 
100 40 50 2 full 9 69 1 1 
100 40 50 2 full 9 70 1 1 
100 40 50 2 full 9 80 1 1 
100 40 50 2 full 9 96 1 1 
100 40 50 2 full 10 23 1 1 
100 40 50 2 full 10 35 1 1 
100 40 50 2 full 10 38 1 1 
100 40 50 2 full 10 48 1 1 
100 40 50 2 full 10 53 1 1 
100 40 50 2 full 10 63 1 1 
100 40 50 2 full 10 79 1 1 
100 40 50 2 full 10 80 1 1 
100 40 50 2 full 11 25 1 1 
100 40 50 2 full 11 29 1 1 
100 40 50 2 full 11 42 1 1 
100 40 50 2 full 11 60 1 1 
100 40 50 2 full 11 61 1 1 
100 40 50 2 full 11 62 1 1 
100 40 50 2 full 11 68 1 1 
100 40 50 2 full 11 74 1 1 
100 40 50 2 full 12 10 1 1 
100 40 50 2 full 12 24 1 1 
100 40 50 2 full 12 31 1 1 
100 40 50 2 full 12 38 1 1 
100 40 50 2 full 12 49 1 1 
100 40 50 2 full 12 53 1 1 
100 40 50 2 full 12 93 1 1 
100 40 50 2 full 12 100 1 1 
100 40 50 2 full 13 1 1 1 
100 40 50 2 full 13 3 1 1 
100 40 50 2 full 13 36 1 1 
100 40 50 2 full 13 42 1 1 
100 40 50 2 full 13 55 1 1 
100 40 50 2 full 13 57 1 1 
100 40 50 2 full 13 66 1 1 
100 40 50 2 full 13 72 1 1 
100 40 50 2 full 14 8 1 1 
100 40 50 2 full 14 25 1 1 
100 40 50 2 full 14 34 1 1 
100 40 50 2 full 14 52 1 1 
100 40 50 2 full 14 57 1 1 
100 40 50 2 full 14 62 1 1 
100 40 50 2 full 14 72 1 1 
100 40 50 2 full 14 92 1 1 
100 40 50 2 full 15 4 1 1 
100 40 50 2 full 15 14 1 1 
100 40 50 2 full 15 42 1 1 
100 40 50 2 full 15 64 1 1 
100 40 50 2 full 15 69 1 1 
100 40 50 2 full 15 72 1 1 
100 40 50 2 full 15 84 1 1 
100 40 50 2 full 15 85 1 1 
100 40 50 2 full 16 9 1 1 
100 40 50 2 full 16 17 1 1 
100 40 50 2 full 16 23 1 1 
100 40 50 2 full 16 24 1 1 
100 40 50 2 full 16 38 1 1 
100 40 50 2 full 16 51 1 1 
100 40 50 2 full 16 76 1 1 
100 40 50 2 full 16 80 1 1 
100 40 50 2 full 17 2 1 1 
100 40 50 2 full 17 5 1 1 
100 40 50 2 full 17 10 1 1 
100 40 50 2 full 17 44 1 1 
100 40 50 2 full 17 50 1 1 
100 40 50 2 full 17 77 1 1 
100 40 50 2 full 17 91 1 1 
100 40 50 2 full 17 93 1 1 
100 40 50 2 full 18 11 1 1 
100 40 50 2 full 18 13 1 1 
100 40 50 2 full 18 30 1 1 
100 40 50 2 full 18 44 1 1 
100 40 50 2 full 18 55 1 1 
100 40 50 2 full 18 62 1 1 
100 40 50 2 full 18 75 1 1 
100 40 50 2 full 18 80 1 1 
100 40 50 2 full 19 19 1 1 
100 40 50 2 full 19 35 1 1 
100 40 50 2 full 19 50 1 1 
100 40 50 2 full 19 70 1 1 
100 40 50 2 full 19 85 1 1 
100 40 50 2 full 19 87 1 1 
100 40 50 2 full 19 94 1 1 
100 40 50 2 full 19 100 1 1 
100 40 50 2 full 20 6 1 1 
100 40 50 2 full 20 17 1 1 
100 40 50 2 full 20 20 1 1 
100 40 50 2 full 20 34 1 1 
100 40 50 2 full 20 36 1 1 
100 40 50 2 full 20 52 1 1 
100 40 50 2 full 20 55 1 1 
100 40 50 2 full 20 65 1 1 
100 40 50 2 full 21 15 1 1 
100 40 50 2 full 21 25 1 1 
100 40 50 2 full 21 53 1 1 
100 40 50 2 full 21 60 1 1 
100 40 50 2 full 21 72 1 1 
100 40 50 2 full 21 77 1 1 
100 40 50 2 full 21 96 1 1 
100 40 50 2 full 21 100 1 1 
100 40 50 2 full 22 6 1 1 
100 40 50 2 full 22 20 1 1 
100 40 50 2 full 22 30 1 1 
100 40 50 2 full 22 72 1 1 
100 40 50 2 full 22 73 1 1 
100 40 50 2 full 22 80 1 1 
100 40 50 2 full 22 89 1 1 
100 40 50 2 full 22 98 1 1 
100 40 50 2 full 23 25 1 1 
100 40 50 2 full 23 40 1 1 
100 40 50 2 full 23 42 1 1 
100 40 50 2 full 23 54 1 1 
100 40 50 2 full 23 61 1 1 
100 40 50 2 full 23 73 1 1 
100 40 50 2 full 23 82 1 1 
100 40 50 2 full 23 87 1 1 
100 40 50 2 full 24 5 1 1 
100 40 50 2 full 24 32 1 1 
100 40 50 2 full 24 40 1 1 
100 40 50 2 full 24 59 1 1 
100 40 50 2 full 24 85 1 1 
100 40 50 2 full 24 93 1 1 
100 40 50 2 full 24 95 1 1 
100 40 50 2 full 24 96 1 1 
100 40 50 2 full 25 19 1 1 
100 40 50 2 full 25 27 1 1 
100 40 50 2 full 25 37 1 1 
100 40 50 2 full 25 55 1 1 
100 40 50 2 full 25 57 1 1 
100 40 50 2 full 25 73 1 1 
100 40 50 2 full 25 94 1 1 
100 40 50 2 full 25 95 1 1 
100 40 50 2 full 26 11 1 1 
100 40 50 2 full 26 13 1 1 
100 40 50 2 full 26 21 1 1 
100 40 50 2 full 26 24 1 1 
100 40 50 2 full 26 27 1 1 
100 40 50 2 full 26 32 1 1 
100 40 50 2 full 26 36 1 1 
100 40 50 2 full 26 98 1 1 
100 40 50 2 full 27 9 1 1 
100 40 50 2 full 27 23 1 1 
100 40 50 2 full 27 26 1 1 
100 40 50 2 full 27 36 1 1 
100 40 50 2 full 27 48 1 1 
100 40 50 2 full 27 70 1 1 
100 40 50 2 full 27 71 1 1 
100 40 50 2 full 27 72 1 1 
100 40 50 2 full 28 4 1 1 
100 40 50 2 full 28 5 1 1 
100 40 50 2 full 28 30 1 1 
100 40 50 2 full 28 56 1 1 
100 40 50 2 full 28 60 1 1 
100 40 50 2 full 28 62 1 1 
100 40 50 2 full 28 66 1 1 
100 40 50 2 full 28 72 1 1 
100 40 50 2 full 29 25 1 1 
100 40 50 2 full 29 40 1 1 
100 40 50 2 full 29 43 1 1 
100 40 50 2 full 29 54 1 1 
100 40 50 2 full 29 63 1 1 
100 40 50 2 full 29 72 1 1 
100 40 50 2 full 29 77 1 1 
100 40 50 2 full 29 81 1 1 
100 40 50 2 full 30 8 1 1 
100 40 50 2 full 30 16 1 1 
100 40 50 2 full 30 26 1 1 
100 40 50 2 full 30 41 1 1 
100 40 50 2 full 30 48 1 1 
100 40 50 2 full 30 57 1 1 
100 40 50 2 full 30 82 1 1 
100 40 50 2 full 30 85 1 1 
100 40 50 2 full 31 1 1 1 
100 40 50 2 full 31 5 1 1 
100 40 50 2 full 31 16 1 1 
100 40 50 2 full 31 26 1 1 
100 40 50 2 full 31 58 1 1 
100 40 50 2 full 31 61 1 1 
100 40 50 2 full 31 64 1 1 
100 40 50 2 full 31 73 1 1 
100 40 50 2 full 32 8 1 1 
100 40 50 2 full 32 34 1 1 
100 40 50 2 full 32 36 1 1 
100 40 50 2 full 32 47 1 1 
100 40 50 2 full 32 49 1 1 
100 40 50 2 full 32 76 1 1 
100 40 50 2 full 32 81 1 1 
100 40 50 2 full 32 95 1 1 
100 40 50 2 full 33 10 1 1 
100 40 50 2 full 33 20 1 1 
100 40 50 2 full 33 35 1 1 
100 40 50 2 full 33 38 1 1 
100 40 50 2 full 33 54 1 1 
100 40 50 2 full 33 85 1 1 
100 40 50 2 full 33 90 1 1 
100 40 50 2 full 33 97 1 1 
100 40 50 2 full 34 17 1 1 
100 40 50 2 full 34 23 1 1 
100 40 50 2 full 34 28 1 1 
100 40 50 2 full 34 45 1 1 
100 40 50 2 full 34 54 1 1 
100 40 50 2 full 34 59 1 1 
100 40 50 2 full 34 60 1 1 
100 40 50 2 full 34 96 1 1 
100 40 50 2 full 35 30 1 1 
100 40 50 2 full 35 32 1 1 
100 40 50 2 full 35 34 1 1 
100 40 50 2 full 35 36 1 1 
100 40 50 2 full 35 44 1 1 
100 40 50 2 full 35 79 1 1 
100 40 50 2 full 35 97 1 1 
100 40 50 2 full 35 100 1 1 
100 40 50 2 full 36 2 1 1 
100 40 50 2 full 36 4 1 1 
100 40 50 2 full 36 24 1 1 
100 40 50 2 full 36 44 1 1 
100 40 50 2 full 36 52 1 1 
100 40 50 2 full 36 53 1 1 
100 40 50 2 full 36 54 1 1 
100 40 50 2 full 36 90 1 1 
100 40 50 2 full 37 36 1 1 
100 40 50 2 full 37 44 1 1 
100 40 50 2 full 37 58 1 1 
100 40 50 2 full 37 63 1 1 
100 40 50 2 full 37 73 1 1 
100 40 50 2 full 37 77 1 1 
100 40 50 2 full 37 79 1 1 
100 40 50 2 full 37 80 1 1 
100 40 50 2 full 38 5 1 1 
100 40 50 2 full 38 30 1 1 
100 40 50 2 full 38 38 1 1 
100 40 50 2 full 38 57 1 1 
100 40 50 2 full 38 62 1 1 
100 40 50 2 full 38 78 1 1 
100 40 50 2 full 38 81 1 1 
100 40 50 2 full 38 98 1 1 
100 40 50 2 full 39 9 1 1 
100 40 50 2 full 39 20 1 1 
100 40 50 2 full 39 47 1 1 
100 40 50 2 full 39 56 1 1 
100 40 50 2 full 39 69 1 1 
100 40 50 2 full 39 89 1 1 
100 40 50 2 full 39 94 1 1 
100 40 50 2 full 39 98 1 1 
100 40 50 2 full 40 24 1 1 
100 40 50 2 full 40 37 1 1 
100 40 50 2 full 40 55 1 1 
100 40 50 2 full 40 58 1 1 
100 40 50 2 full 40 78 1 1 
100 40 50 2 full 40 84 1 1 
100 40 50 2 full 40 85 1 1 
100 40 50 2 full 40 96 1 1 
100 40 50 2 full 41 21 1 1 
100 40 50 2 full 41 28 1 1 
100 40 50 2 full 41 41 1 1 
100 40 50 2 full 41 49 1 1 
100 40 50 2 full 41 50 1 1 
100 40 50 2 full 41 91 1 1 
100 40 50 2 full 41 97 1 1 
100 40 50 2 full 41 100 1 1 
100 40 50 2 full 42 15 1 1 
100 40 50 2 full 42 17 1 1 
100 40 50 2 full 42 21 1 1 
100 40 50 2 full 42 60 1 1 
100 40 50 2 full 42 80 1 1 
100 40 50 2 full 42 83 1 1 
100 40 50 2 full 42 88 1 1 
100 40 50 2 full 42 93 1 1 
100 40 50 2 full 43 4 1 1 
100 40 50 2 full 43 18 1 1 
100 40 50 2 full 43 26 1 1 
100 40 50 2 full 43 27 1 1 
100 40 50 2 full 43 36 1 1 
100 40 50 2 full 43 67 1 1 
100 40 50 2 full 43 82 1 1 
100 40 50 2 full 43 91 1 1 
100 40 50 2 full 44 36 1 1 
100 40 50 2 full 44 52 1 1 
100 40 50 2 full 44 55 1 1 
100 40 50 2 full 44 56 1 1 
100 40 50 2 full 44 63 1 1 
100 40 50 2 full 44 79 1 1 
100 40 50 2 full 44 88 1 1 
100 40 50 2 full 44 90 1 1 
100 40 50 2 full 45 2 1 1 
100 40 50 2 full 45 35 1 1 
100 40 50 2 full 45 57 1 1 
100 40 50 2 full 45 66 1 1 
100 40 50 2 full 45 71 1 1 
100 40 50 2 full 45 72 1 1 
100 40 50 2 full 45 78 1 1 
100 40 50 2 full 45 87 1 1 
100 40 50 2 full 46 6 1 1 
100 40 50 2 full 46 12 1 1 
100 40 50 2 full 46 17 1 1 
100 40 50 2 full 46 27 1 1 
100 40 50 2 full 46 35 1 1 
100 40 50 2 full 46 68 1 1 
100 40 50 2 full 46 71 1 1 
100 40 50 2 full 46 91 1 1 
100 40 50 2 full 47 22 1 1 
100 40 50 2 full 47 23 1 1 
100 40 50 2 full 47 28 1 1 
100 40 50 2 full 47 44 1 1 
100 40 50 2 full 47 61 1 1 
100 40 50 2 full 47 80 1 1 
100 40 50 2 full 47 83 1 1 
100 40 50 2 full 47 97 1 1 
100 40 50 2 full 48 2 1 1 
100 40 50 2 full 48 4 1 1 
100 40 50 2 full 48 12 1 1 
100 40 50 2 full 48 31 1 1 
100 40 50 2 full 48 55 1 1 
100 40 50 2 full 48 77 1 1 
100 40 50 2 full 48 91 1 1 
100 40 50 2 full 48 93 1 1 
100 40 50 2 full 49 15 1 1 
100 40 50 2 full 49 24 1 1 
100 40 50 2 full 49 40 1 1 
100 40 50 2 full 49 42 1 1 
100 40 50 2 full 49 45 1 1 
100 40 50 2 full 49 51 1 1 
100 40 50 2 full 49 86 1 1 
100 40 50 2 full 49 95 1 1 
100 40 50 2 full 50 6 1 1 
100 40 50 2 full 50 15 1 1 
100 40 50 2 full 50 20 1 1 
100 40 50 2 full 50 31 1 1 
100 40 50 2 full 50 59 1 1 
100 40 50 2 full 50 73 1 1 
100 40 50 2 full 50 79 1 1 
100 40 50 2 full 50 96 1 1 
