100 40 20 1 full 1 24 1 1 
100 40 20 1 full 1 25 1 1 
100 40 20 1 full 1 28 1 1 
100 40 20 1 full 1 37 1 1 
100 40 20 1 full 1 38 1 1 
100 40 20 1 full 1 61 1 1 
100 40 20 1 full 1 90 1 1 
100 40 20 1 full 1 91 1 1 
100 40 20 1 full 2 14 1 1 
100 40 20 1 full 2 16 1 1 
100 40 20 1 full 2 39 1 1 
100 40 20 1 full 2 40 1 1 
100 40 20 1 full 2 59 1 1 
100 40 20 1 full 2 81 1 1 
100 40 20 1 full 2 89 1 1 
100 40 20 1 full 2 99 1 1 
100 40 20 1 full 3 20 1 1 
100 40 20 1 full 3 41 1 1 
100 40 20 1 full 3 48 1 1 
100 40 20 1 full 3 67 1 1 
100 40 20 1 full 3 69 1 1 
100 40 20 1 full 3 72 1 1 
100 40 20 1 full 3 82 1 1 
100 40 20 1 full 3 95 1 1 
100 40 20 1 full 4 14 1 1 
100 40 20 1 full 4 41 1 1 
100 40 20 1 full 4 58 1 1 
100 40 20 1 full 4 60 1 1 
100 40 20 1 full 4 63 1 1 
100 40 20 1 full 4 65 1 1 
100 40 20 1 full 4 68 1 1 
100 40 20 1 full 4 81 1 1 
100 40 20 1 full 5 27 1 1 
100 40 20 1 full 5 30 1 1 
100 40 20 1 full 5 34 1 1 
100 40 20 1 full 5 35 1 1 
100 40 20 1 full 5 39 1 1 
100 40 20 1 full 5 57 1 1 
100 40 20 1 full 5 79 1 1 
100 40 20 1 full 5 93 1 1 
100 40 20 1 full 6 29 1 1 
100 40 20 1 full 6 39 1 1 
100 40 20 1 full 6 40 1 1 
100 40 20 1 full 6 57 1 1 
100 40 20 1 full 6 65 1 1 
100 40 20 1 full 6 67 1 1 
100 40 20 1 full 6 68 1 1 
100 40 20 1 full 6 70 1 1 
100 40 20 1 full 7 5 1 1 
100 40 20 1 full 7 24 1 1 
100 40 20 1 full 7 42 1 1 
100 40 20 1 full 7 43 1 1 
100 40 20 1 full 7 51 1 1 
100 40 20 1 full 7 58 1 1 
100 40 20 1 full 7 59 1 1 
100 40 20 1 full 7 89 1 1 
100 40 20 1 full 8 1 1 1 
100 40 20 1 full 8 9 1 1 
100 40 20 1 full 8 14 1 1 
100 40 20 1 full 8 16 1 1 
100 40 20 1 full 8 22 1 1 
100 40 20 1 full 8 44 1 1 
100 40 20 1 full 8 47 1 1 
100 40 20 1 full 8 85 1 1 
100 40 20 1 full 9 1 1 1 
100 40 20 1 full 9 4 1 1 
100 40 20 1 full 9 18 1 1 
100 40 20 1 full 9 39 1 1 
100 40 20 1 full 9 43 1 1 
100 40 20 1 full 9 48 1 1 
100 40 20 1 full 9 52 1 1 
100 40 20 1 full 9 63 1 1 
100 40 20 1 full 10 33 1 1 
100 40 20 1 full 10 40 1 1 
100 40 20 1 full 10 48 1 1 
100 40 20 1 full 10 72 1 1 
100 40 20 1 full 10 79 1 1 
100 40 20 1 full 10 93 1 1 
100 40 20 1 full 10 95 1 1 
100 40 20 1 full 10 99 1 1 
100 40 20 1 full 11 27 1 1 
100 40 20 1 full 11 32 1 1 
100 40 20 1 full 11 43 1 1 
100 40 20 1 full 11 54 1 1 
100 40 20 1 full 11 70 1 1 
100 40 20 1 full 11 90 1 1 
100 40 20 1 full 11 97 1 1 
100 40 20 1 full 11 98 1 1 
100 40 20 1 full 12 7 1 1 
100 40 20 1 full 12 24 1 1 
100 40 20 1 full 12 29 1 1 
100 40 20 1 full 12 33 1 1 
100 40 20 1 full 12 36 1 1 
100 40 20 1 full 12 41 1 1 
100 40 20 1 full 12 59 1 1 
100 40 20 1 full 12 61 1 1 
100 40 20 1 full 13 5 1 1 
100 40 20 1 full 13 7 1 1 
100 40 20 1 full 13 40 1 1 
100 40 20 1 full 13 41 1 1 
100 40 20 1 full 13 43 1 1 
100 40 20 1 full 13 59 1 1 
100 40 20 1 full 13 79 1 1 
100 40 20 1 full 13 81 1 1 
100 40 20 1 full 14 9 1 1 
100 40 20 1 full 14 16 1 1 
100 40 20 1 full 14 20 1 1 
100 40 20 1 full 14 37 1 1 
100 40 20 1 full 14 47 1 1 
100 40 20 1 full 14 80 1 1 
100 40 20 1 full 14 87 1 1 
100 40 20 1 full 14 89 1 1 
100 40 20 1 full 15 1 1 1 
100 40 20 1 full 15 5 1 1 
100 40 20 1 full 15 16 1 1 
100 40 20 1 full 15 20 1 1 
100 40 20 1 full 15 65 1 1 
100 40 20 1 full 15 74 1 1 
100 40 20 1 full 15 77 1 1 
100 40 20 1 full 15 94 1 1 
100 40 20 1 full 16 18 1 1 
100 40 20 1 full 16 22 1 1 
100 40 20 1 full 16 28 1 1 
100 40 20 1 full 16 31 1 1 
100 40 20 1 full 16 34 1 1 
100 40 20 1 full 16 40 1 1 
100 40 20 1 full 16 67 1 1 
100 40 20 1 full 16 83 1 1 
100 40 20 1 full 17 9 1 1 
100 40 20 1 full 17 31 1 1 
100 40 20 1 full 17 50 1 1 
100 40 20 1 full 17 57 1 1 
100 40 20 1 full 17 60 1 1 
100 40 20 1 full 17 61 1 1 
100 40 20 1 full 17 81 1 1 
100 40 20 1 full 17 83 1 1 
100 40 20 1 full 18 11 1 1 
100 40 20 1 full 18 18 1 1 
100 40 20 1 full 18 42 1 1 
100 40 20 1 full 18 48 1 1 
100 40 20 1 full 18 54 1 1 
100 40 20 1 full 18 61 1 1 
100 40 20 1 full 18 68 1 1 
100 40 20 1 full 18 94 1 1 
100 40 20 1 full 19 11 1 1 
100 40 20 1 full 19 50 1 1 
100 40 20 1 full 19 63 1 1 
100 40 20 1 full 19 64 1 1 
100 40 20 1 full 19 67 1 1 
100 40 20 1 full 19 71 1 1 
100 40 20 1 full 19 87 1 1 
100 40 20 1 full 19 98 1 1 
100 40 20 1 full 20 9 1 1 
100 40 20 1 full 20 40 1 1 
100 40 20 1 full 20 41 1 1 
100 40 20 1 full 20 60 1 1 
100 40 20 1 full 20 72 1 1 
100 40 20 1 full 20 79 1 1 
100 40 20 1 full 20 81 1 1 
100 40 20 1 full 20 98 1 1 
