100 8 20 4 full 1 18 1 1 
100 8 20 4 full 1 42 1 1 
100 8 20 4 full 1 57 1 1 
100 8 20 4 full 1 72 1 1 
100 8 20 4 full 1 74 1 1 
100 8 20 4 full 1 78 1 1 
100 8 20 4 full 1 82 1 1 
100 8 20 4 full 1 86 1 1 
100 8 20 4 full 2 4 1 1 
100 8 20 4 full 2 17 1 1 
100 8 20 4 full 2 21 1 1 
100 8 20 4 full 2 29 1 1 
100 8 20 4 full 2 31 1 1 
100 8 20 4 full 2 43 1 1 
100 8 20 4 full 2 52 1 1 
100 8 20 4 full 2 98 1 1 
100 8 20 4 full 3 16 1 1 
100 8 20 4 full 3 21 1 1 
100 8 20 4 full 3 25 1 1 
100 8 20 4 full 3 32 1 1 
100 8 20 4 full 3 47 1 1 
100 8 20 4 full 3 57 1 1 
100 8 20 4 full 3 65 1 1 
100 8 20 4 full 3 72 1 1 
100 8 20 4 full 4 15 1 1 
100 8 20 4 full 4 16 1 1 
100 8 20 4 full 4 21 1 1 
100 8 20 4 full 4 35 1 1 
100 8 20 4 full 4 44 1 1 
100 8 20 4 full 4 45 1 1 
100 8 20 4 full 4 61 1 1 
100 8 20 4 full 4 100 1 1 
100 8 20 4 full 5 6 1 1 
100 8 20 4 full 5 12 1 1 
100 8 20 4 full 5 24 1 1 
100 8 20 4 full 5 28 1 1 
100 8 20 4 full 5 50 1 1 
100 8 20 4 full 5 67 1 1 
100 8 20 4 full 5 76 1 1 
100 8 20 4 full 5 77 1 1 
100 8 20 4 full 6 2 1 1 
100 8 20 4 full 6 4 1 1 
100 8 20 4 full 6 7 1 1 
100 8 20 4 full 6 18 1 1 
100 8 20 4 full 6 22 1 1 
100 8 20 4 full 6 52 1 1 
100 8 20 4 full 6 55 1 1 
100 8 20 4 full 6 60 1 1 
100 8 20 4 full 7 14 1 1 
100 8 20 4 full 7 24 1 1 
100 8 20 4 full 7 25 1 1 
100 8 20 4 full 7 40 1 1 
100 8 20 4 full 7 41 1 1 
100 8 20 4 full 7 61 1 1 
100 8 20 4 full 7 84 1 1 
100 8 20 4 full 7 90 1 1 
100 8 20 4 full 8 23 1 1 
100 8 20 4 full 8 35 1 1 
100 8 20 4 full 8 53 1 1 
100 8 20 4 full 8 54 1 1 
100 8 20 4 full 8 57 1 1 
100 8 20 4 full 8 71 1 1 
100 8 20 4 full 8 78 1 1 
100 8 20 4 full 8 91 1 1 
100 8 20 4 full 9 3 1 1 
100 8 20 4 full 9 31 1 1 
100 8 20 4 full 9 65 1 1 
100 8 20 4 full 9 68 1 1 
100 8 20 4 full 9 78 1 1 
100 8 20 4 full 9 86 1 1 
100 8 20 4 full 9 88 1 1 
100 8 20 4 full 9 97 1 1 
100 8 20 4 full 10 9 1 1 
100 8 20 4 full 10 22 1 1 
100 8 20 4 full 10 24 1 1 
100 8 20 4 full 10 30 1 1 
100 8 20 4 full 10 35 1 1 
100 8 20 4 full 10 80 1 1 
100 8 20 4 full 10 85 1 1 
100 8 20 4 full 10 86 1 1 
100 8 20 4 full 11 18 1 1 
100 8 20 4 full 11 21 1 1 
100 8 20 4 full 11 28 1 1 
100 8 20 4 full 11 29 1 1 
100 8 20 4 full 11 48 1 1 
100 8 20 4 full 11 82 1 1 
100 8 20 4 full 11 84 1 1 
100 8 20 4 full 11 87 1 1 
100 8 20 4 full 12 1 1 1 
100 8 20 4 full 12 5 1 1 
100 8 20 4 full 12 13 1 1 
100 8 20 4 full 12 26 1 1 
100 8 20 4 full 12 65 1 1 
100 8 20 4 full 12 77 1 1 
100 8 20 4 full 12 81 1 1 
100 8 20 4 full 12 87 1 1 
100 8 20 4 full 13 35 1 1 
100 8 20 4 full 13 43 1 1 
100 8 20 4 full 13 53 1 1 
100 8 20 4 full 13 54 1 1 
100 8 20 4 full 13 59 1 1 
100 8 20 4 full 13 78 1 1 
100 8 20 4 full 13 82 1 1 
100 8 20 4 full 13 96 1 1 
100 8 20 4 full 14 7 1 1 
100 8 20 4 full 14 11 1 1 
100 8 20 4 full 14 17 1 1 
100 8 20 4 full 14 20 1 1 
100 8 20 4 full 14 51 1 1 
100 8 20 4 full 14 61 1 1 
100 8 20 4 full 14 90 1 1 
100 8 20 4 full 14 97 1 1 
100 8 20 4 full 15 17 1 1 
100 8 20 4 full 15 18 1 1 
100 8 20 4 full 15 23 1 1 
100 8 20 4 full 15 27 1 1 
100 8 20 4 full 15 75 1 1 
100 8 20 4 full 15 82 1 1 
100 8 20 4 full 15 84 1 1 
100 8 20 4 full 15 98 1 1 
100 8 20 4 full 16 18 1 1 
100 8 20 4 full 16 27 1 1 
100 8 20 4 full 16 40 1 1 
100 8 20 4 full 16 41 1 1 
100 8 20 4 full 16 70 1 1 
100 8 20 4 full 16 73 1 1 
100 8 20 4 full 16 75 1 1 
100 8 20 4 full 16 80 1 1 
100 8 20 4 full 17 7 1 1 
100 8 20 4 full 17 17 1 1 
100 8 20 4 full 17 24 1 1 
100 8 20 4 full 17 50 1 1 
100 8 20 4 full 17 55 1 1 
100 8 20 4 full 17 59 1 1 
100 8 20 4 full 17 79 1 1 
100 8 20 4 full 17 83 1 1 
100 8 20 4 full 18 2 1 1 
100 8 20 4 full 18 7 1 1 
100 8 20 4 full 18 9 1 1 
100 8 20 4 full 18 24 1 1 
100 8 20 4 full 18 46 1 1 
100 8 20 4 full 18 50 1 1 
100 8 20 4 full 18 80 1 1 
100 8 20 4 full 18 90 1 1 
100 8 20 4 full 19 7 1 1 
100 8 20 4 full 19 9 1 1 
100 8 20 4 full 19 13 1 1 
100 8 20 4 full 19 22 1 1 
100 8 20 4 full 19 26 1 1 
100 8 20 4 full 19 72 1 1 
100 8 20 4 full 19 81 1 1 
100 8 20 4 full 19 88 1 1 
100 8 20 4 full 20 28 1 1 
100 8 20 4 full 20 39 1 1 
100 8 20 4 full 20 40 1 1 
100 8 20 4 full 20 48 1 1 
100 8 20 4 full 20 52 1 1 
100 8 20 4 full 20 58 1 1 
100 8 20 4 full 20 71 1 1 
100 8 20 4 full 20 86 1 1 
