20 40 5 1 full 1 4 1 1 
20 40 5 1 full 1 5 3 1 
20 40 5 1 full 2 2 1 1 
20 40 5 1 full 2 3 1 1 
20 40 5 1 full 2 10 1 1 
20 40 5 1 full 2 15 1 1 
20 40 5 1 full 2 17 1 1 
20 40 5 1 full 2 19 1 1 
20 40 5 1 full 3 8 1 1 
20 40 5 1 full 3 9 1 1 
20 40 5 1 full 3 10 2 1 
20 40 5 1 full 3 13 1 1 
20 40 5 1 full 3 15 1 1 
20 40 5 1 full 3 20 1 1 
20 40 5 1 full 4 1 1 1 
20 40 5 1 full 4 4 1 1 
20 40 5 1 full 4 12 1 1 
20 40 5 1 full 4 16 1 1 
20 40 5 1 full 4 17 1 1 
20 40 5 1 full 4 19 2 1 
20 40 5 1 full 5 10 2 1 
20 40 5 1 full 5 14 2 1 
20 40 5 1 full 5 15 1 1 
