20 20 50 4 full 1 1 1 1 
20 20 50 4 full 1 6 2 1 
20 20 50 4 full 1 10 1 1 
20 20 50 4 full 1 20 1 1 
20 20 50 4 full 2 5 1 1 
20 20 50 4 full 2 6 1 1 
20 20 50 4 full 2 7 1 1 
20 20 50 4 full 2 10 1 1 
20 20 50 4 full 2 16 1 1 
20 20 50 4 full 3 1 2 1 
20 20 50 4 full 3 14 1 1 
20 20 50 4 full 3 16 1 1 
20 20 50 4 full 4 3 1 1 
20 20 50 4 full 4 13 1 1 
20 20 50 4 full 5 7 1 1 
20 20 50 4 full 5 15 1 1 
20 20 50 4 full 5 16 1 1 
20 20 50 4 full 6 8 1 1 
20 20 50 4 full 6 9 1 1 
20 20 50 4 full 6 11 1 1 
20 20 50 4 full 6 12 1 1 
20 20 50 4 full 6 13 1 1 
20 20 50 4 full 6 14 1 1 
20 20 50 4 full 6 16 1 1 
20 20 50 4 full 6 19 1 1 
20 20 50 4 full 7 5 1 1 
20 20 50 4 full 7 7 1 1 
20 20 50 4 full 7 13 1 1 
20 20 50 4 full 7 14 1 1 
20 20 50 4 full 7 16 1 1 
20 20 50 4 full 7 19 1 1 
20 20 50 4 full 8 2 1 1 
20 20 50 4 full 8 3 2 1 
20 20 50 4 full 8 7 1 1 
20 20 50 4 full 8 14 1 1 
20 20 50 4 full 8 20 2 1 
20 20 50 4 full 9 5 1 1 
20 20 50 4 full 9 6 2 1 
20 20 50 4 full 9 9 1 1 
20 20 50 4 full 9 17 1 1 
20 20 50 4 full 9 18 2 1 
20 20 50 4 full 10 1 2 1 
20 20 50 4 full 10 7 1 1 
20 20 50 4 full 10 8 2 1 
20 20 50 4 full 10 17 1 1 
20 20 50 4 full 10 20 1 1 
20 20 50 4 full 11 2 1 1 
20 20 50 4 full 11 5 1 1 
20 20 50 4 full 11 7 1 1 
20 20 50 4 full 11 10 2 1 
20 20 50 4 full 11 20 1 1 
20 20 50 4 full 12 9 3 1 
20 20 50 4 full 12 11 1 1 
20 20 50 4 full 12 14 1 1 
20 20 50 4 full 12 16 1 1 
20 20 50 4 full 13 3 1 1 
20 20 50 4 full 13 7 1 1 
20 20 50 4 full 13 15 3 1 
20 20 50 4 full 13 16 3 1 
20 20 50 4 full 14 2 1 1 
20 20 50 4 full 14 7 1 1 
20 20 50 4 full 14 13 1 1 
20 20 50 4 full 14 15 1 1 
20 20 50 4 full 14 17 1 1 
20 20 50 4 full 15 8 1 1 
20 20 50 4 full 15 9 1 1 
20 20 50 4 full 15 11 1 1 
20 20 50 4 full 15 15 2 1 
20 20 50 4 full 15 19 2 1 
20 20 50 4 full 16 1 1 1 
20 20 50 4 full 16 9 1 1 
20 20 50 4 full 16 16 1 1 
20 20 50 4 full 16 17 1 1 
20 20 50 4 full 16 19 1 1 
20 20 50 4 full 16 20 1 1 
20 20 50 4 full 17 4 1 1 
20 20 50 4 full 17 9 1 1 
20 20 50 4 full 17 11 1 1 
20 20 50 4 full 17 13 2 1 
20 20 50 4 full 17 15 1 1 
20 20 50 4 full 17 17 1 1 
20 20 50 4 full 18 2 2 1 
20 20 50 4 full 18 12 1 1 
20 20 50 4 full 19 16 2 1 
20 20 50 4 full 19 18 2 1 
20 20 50 4 full 20 7 1 1 
20 20 50 4 full 20 8 1 1 
20 20 50 4 full 20 15 2 1 
20 20 50 4 full 20 19 1 1 
20 20 50 4 full 20 20 2 1 
20 20 50 4 full 21 1 2 1 
20 20 50 4 full 21 8 2 1 
20 20 50 4 full 21 15 1 1 
20 20 50 4 full 22 12 2 1 
20 20 50 4 full 22 15 2 1 
20 20 50 4 full 22 19 2 1 
20 20 50 4 full 23 1 3 1 
20 20 50 4 full 23 5 1 1 
20 20 50 4 full 23 7 1 1 
20 20 50 4 full 23 17 1 1 
20 20 50 4 full 23 19 1 1 
20 20 50 4 full 24 2 1 1 
20 20 50 4 full 24 9 1 1 
20 20 50 4 full 24 13 2 1 
20 20 50 4 full 24 20 1 1 
20 20 50 4 full 25 2 1 1 
20 20 50 4 full 25 4 1 1 
20 20 50 4 full 25 9 1 1 
20 20 50 4 full 25 14 2 1 
20 20 50 4 full 25 15 1 1 
20 20 50 4 full 25 18 1 1 
20 20 50 4 full 26 3 1 1 
20 20 50 4 full 26 4 2 1 
20 20 50 4 full 26 6 1 1 
20 20 50 4 full 26 10 1 1 
20 20 50 4 full 26 18 1 1 
20 20 50 4 full 27 2 1 1 
20 20 50 4 full 27 3 1 1 
20 20 50 4 full 27 6 1 1 
20 20 50 4 full 27 15 1 1 
20 20 50 4 full 27 18 1 1 
20 20 50 4 full 28 9 2 1 
20 20 50 4 full 28 12 1 1 
20 20 50 4 full 29 1 2 1 
20 20 50 4 full 29 9 1 1 
20 20 50 4 full 29 10 1 1 
20 20 50 4 full 29 12 2 1 
20 20 50 4 full 29 18 1 1 
20 20 50 4 full 30 3 1 1 
20 20 50 4 full 30 11 1 1 
20 20 50 4 full 30 15 1 1 
20 20 50 4 full 30 17 1 1 
20 20 50 4 full 31 6 1 1 
20 20 50 4 full 31 8 1 1 
20 20 50 4 full 31 9 1 1 
20 20 50 4 full 31 13 1 1 
20 20 50 4 full 31 17 1 1 
20 20 50 4 full 31 19 1 1 
20 20 50 4 full 32 5 1 1 
20 20 50 4 full 32 12 1 1 
20 20 50 4 full 32 14 1 1 
20 20 50 4 full 32 17 2 1 
20 20 50 4 full 32 19 1 1 
20 20 50 4 full 32 20 1 1 
20 20 50 4 full 33 3 1 1 
20 20 50 4 full 33 11 1 1 
20 20 50 4 full 33 15 2 1 
20 20 50 4 full 34 5 1 1 
20 20 50 4 full 34 6 1 1 
20 20 50 4 full 34 9 1 1 
20 20 50 4 full 34 12 1 1 
20 20 50 4 full 34 13 1 1 
20 20 50 4 full 34 20 2 1 
20 20 50 4 full 35 2 1 1 
20 20 50 4 full 35 10 1 1 
20 20 50 4 full 35 11 1 1 
20 20 50 4 full 36 3 1 1 
20 20 50 4 full 36 10 1 1 
20 20 50 4 full 36 14 1 1 
20 20 50 4 full 36 19 1 1 
20 20 50 4 full 37 9 1 1 
20 20 50 4 full 37 13 1 1 
20 20 50 4 full 37 16 2 1 
20 20 50 4 full 37 18 1 1 
20 20 50 4 full 37 20 1 1 
20 20 50 4 full 38 7 1 1 
20 20 50 4 full 38 8 1 1 
20 20 50 4 full 38 12 1 1 
20 20 50 4 full 38 15 1 1 
20 20 50 4 full 38 16 1 1 
20 20 50 4 full 38 19 1 1 
20 20 50 4 full 38 20 1 1 
20 20 50 4 full 39 12 1 1 
20 20 50 4 full 39 14 1 1 
20 20 50 4 full 39 16 1 1 
20 20 50 4 full 39 18 1 1 
20 20 50 4 full 40 6 1 1 
20 20 50 4 full 40 14 1 1 
20 20 50 4 full 40 16 1 1 
20 20 50 4 full 40 17 1 1 
20 20 50 4 full 40 18 3 1 
20 20 50 4 full 41 7 1 1 
20 20 50 4 full 41 11 1 1 
20 20 50 4 full 41 16 2 1 
20 20 50 4 full 41 18 1 1 
20 20 50 4 full 42 3 2 1 
20 20 50 4 full 42 9 1 1 
20 20 50 4 full 42 13 2 1 
20 20 50 4 full 43 6 1 1 
20 20 50 4 full 43 7 1 1 
20 20 50 4 full 43 11 1 1 
20 20 50 4 full 43 16 1 1 
20 20 50 4 full 43 17 2 1 
20 20 50 4 full 43 20 1 1 
20 20 50 4 full 44 4 1 1 
20 20 50 4 full 45 3 1 1 
20 20 50 4 full 45 5 1 1 
20 20 50 4 full 45 8 1 1 
20 20 50 4 full 45 11 1 1 
20 20 50 4 full 45 14 1 1 
20 20 50 4 full 46 13 2 1 
20 20 50 4 full 46 14 1 1 
20 20 50 4 full 46 17 2 1 
20 20 50 4 full 47 1 2 1 
20 20 50 4 full 47 5 2 1 
20 20 50 4 full 47 7 1 1 
20 20 50 4 full 47 15 2 1 
20 20 50 4 full 48 12 1 1 
20 20 50 4 full 48 14 1 1 
20 20 50 4 full 48 16 1 1 
20 20 50 4 full 48 18 1 1 
20 20 50 4 full 48 20 1 1 
20 20 50 4 full 49 1 1 1 
20 20 50 4 full 49 3 1 1 
20 20 50 4 full 49 4 1 1 
20 20 50 4 full 49 10 2 1 
20 20 50 4 full 50 4 1 1 
20 20 50 4 full 50 6 2 1 
20 20 50 4 full 50 13 1 1 
20 20 50 4 full 50 17 1 1 
