100
8
2
3
20
1
1 2 3 4 5 6 7 8 9 10 11 12 13 14 15 16 17 18 19 20 21 22 23 24 25 26 27 28 29 30 31 32 33 34 35 36 37 38 39 40 41 42 43 44 45 46 47 48 49 50 51 52 53 54 55 56 57 58 59 60 61 62 63 64 65 66 67 68 69 70 71 72 73 74 75 76 77 78 79 80 81 82 83 84 85 86 87 88 89 90 91 92 93 94 95 96 97 98 99 100 
1 2 3 4 5 6 7 8 
4
3 7 2 5 
6
2 5 1 7 3 6 
1 2 
1 2 3 
0 2 0 0 3 0 0 0 0 1 3 1 0 0 0 0 0 1 0 0 0 0 0 1 2 0 0 0 0 0 0 0 0 2 0 0 0 0 0 0 1 0 0 0 0 0 1 2 0 0 2 0 0 0 0 0 0 1 0 0 0 0 0 0 0 0 0 0 1 0 0 0 0 0 0 0 1 1 0 0 0 1 2 0 0 0 0 0 0 1 0 0 0 0 1 0 0 0 0 0 
2 0 0 0 0 0 0 0 0 1 0 2 0 0 0 0 0 0 0 0 0 1 0 0 0 2 0 1 0 0 2 0 1 0 0 0 0 0 1 1 0 1 0 0 0 0 0 0 0 0 2 2 1 0 0 0 0 1 0 1 1 0 0 0 0 3 0 0 0 0 0 2 0 0 1 0 0 2 1 1 0 0 0 1 0 0 0 2 0 0 0 0 0 0 0 0 0 1 2 0 
0 0 1 0 0 2 2 0 1 0 0 1 0 0 0 0 0 0 2 0 0 0 2 0 0 0 0 1 0 0 0 1 0 0 0 0 0 0 0 1 1 2 0 0 0 1 0 0 0 0 0 0 2 0 0 0 0 0 0 0 1 0 0 2 0 1 3 0 1 0 0 0 0 2 0 1 0 0 0 0 0 0 0 0 1 0 0 1 0 0 0 2 2 1 0 0 1 3 0 0 
1 0 0 1 0 0 0 0 0 0 0 0 1 0 0 0 0 0 0 0 2 0 0 1 0 0 3 2 0 0 0 0 0 1 0 0 1 0 0 0 0 0 0 1 0 2 0 0 0 0 2 1 0 0 2 1 2 0 0 0 0 0 1 0 0 1 0 0 0 0 0 0 0 0 3 1 0 0 0 2 1 0 0 0 2 0 2 0 0 1 0 0 2 0 1 1 0 0 0 1 
0 0 0 0 0 0 0 0 0 2 1 0 0 0 0 0 0 0 0 0 1 0 0 0 2 2 0 1 0 0 0 2 0 1 3 0 0 2 0 0 0 0 0 0 0 0 0 0 0 1 0 3 0 0 0 0 0 0 0 2 0 0 0 0 0 1 0 0 0 0 0 0 0 1 0 0 3 1 0 0 0 0 0 0 2 0 1 1 1 0 2 0 1 0 1 0 0 0 0 0 
0 0 0 1 1 0 1 0 0 3 0 0 0 0 0 0 0 0 0 2 0 0 0 0 0 0 1 0 0 1 0 0 0 0 1 0 0 0 2 1 0 1 3 2 0 0 0 0 0 0 0 0 1 0 1 0 0 0 3 0 0 0 0 0 0 0 1 2 0 1 0 1 0 0 0 0 1 2 1 0 0 0 0 0 0 0 0 0 1 0 1 0 1 2 0 0 0 0 1 0 
0 1 0 0 0 0 0 0 0 0 0 1 0 1 1 1 0 0 0 0 0 0 0 0 0 0 1 0 0 1 1 0 0 1 0 0 0 0 0 0 0 2 0 0 0 0 0 0 2 0 0 0 0 0 0 0 0 0 0 0 0 0 0 0 0 1 0 0 0 0 0 0 0 0 1 0 0 0 0 0 0 1 0 0 1 1 0 0 0 2 0 0 0 0 0 0 1 1 0 0 
1 0 0 1 1 0 0 1 0 0 1 1 0 0 2 1 0 0 2 0 0 0 1 0 3 2 0 0 1 0 1 0 0 1 0 0 0 0 0 0 0 0 0 0 0 0 0 0 0 0 0 1 2 2 0 0 0 2 2 0 0 0 0 0 0 0 0 1 0 0 0 0 0 0 1 0 2 1 0 1 1 0 0 0 0 0 1 0 0 0 0 0 0 0 0 0 0 1 0 0 
0 0 0 1 0 0 0 0 0 1 0 0 1 0 1 0 0 2 0 1 0 1 0 0 0 0 0 0 0 0 1 0 0 0 0 0 0 0 0 2 1 1 0 0 0 0 1 0 0 0 0 1 0 0 0 0 0 0 0 0 0 1 1 2 1 0 2 2 0 0 0 2 1 0 0 0 0 0 0 0 0 0 1 0 0 0 0 0 0 0 1 0 2 0 0 0 0 0 0 0 
0 0 0 1 0 2 0 2 0 0 2 0 0 0 0 1 0 0 0 0 0 0 0 0 0 0 0 0 0 0 1 0 0 0 0 0 0 0 0 0 0 0 0 0 1 2 0 1 0 0 0 0 0 0 1 0 2 1 0 2 1 0 0 0 0 0 0 2 2 1 0 0 0 0 0 0 1 0 1 1 0 0 0 0 0 0 0 1 1 0 1 0 0 1 0 0 0 1 0 0 
0 1 0 0 0 0 0 0 0 0 2 0 0 1 1 0 1 0 0 0 3 0 0 0 0 0 0 0 0 0 0 0 0 0 2 0 0 0 0 1 0 0 1 0 1 0 1 0 0 0 0 0 1 0 0 0 0 0 1 0 2 1 0 0 0 1 0 0 2 0 0 0 0 1 0 0 0 0 0 0 0 0 1 0 0 2 2 0 0 0 1 1 0 0 0 0 0 0 0 0 
0 1 0 0 0 2 0 0 1 0 0 0 0 0 0 0 0 0 0 0 0 0 1 0 0 0 0 0 0 0 1 2 1 0 0 0 0 0 0 0 0 0 0 0 0 0 0 0 1 1 0 0 1 2 0 0 0 1 0 1 0 0 0 0 0 0 0 0 1 0 0 0 0 1 0 0 0 0 0 3 0 0 2 0 1 0 1 0 0 0 0 0 1 0 0 1 1 0 0 0 
0 2 1 1 2 0 0 0 0 0 1 0 0 0 0 0 0 0 0 0 1 0 2 0 0 2 0 0 1 0 1 0 0 0 0 3 0 1 2 1 0 0 0 2 2 0 0 0 0 0 0 0 1 0 0 0 1 2 0 0 0 0 0 0 0 1 0 1 3 0 2 0 0 0 0 0 2 0 0 3 0 2 0 0 0 0 0 0 0 1 2 0 0 0 0 0 1 0 0 0 
0 1 0 2 2 0 2 0 0 0 0 0 0 0 0 0 0 0 0 0 0 0 0 0 1 1 0 0 0 0 1 0 0 0 0 0 0 3 0 0 1 0 2 0 0 0 0 0 0 0 2 0 0 2 0 0 0 1 1 1 0 0 0 0 0 0 0 0 0 1 0 0 0 0 0 0 0 0 0 3 1 0 0 0 0 0 0 0 0 2 0 0 0 0 0 0 0 0 0 1 
0 2 0 0 0 0 0 2 0 0 0 0 1 0 0 1 0 0 1 0 0 0 0 0 0 0 0 0 0 2 0 0 0 0 1 0 0 0 0 1 1 0 0 0 0 0 0 1 1 1 1 2 1 0 1 0 0 0 0 0 0 0 0 0 0 0 0 0 0 0 3 0 0 0 0 0 0 0 0 0 0 0 0 1 0 0 0 0 2 0 0 0 0 0 0 0 2 0 0 0 
1 0 0 0 0 0 0 0 0 0 0 0 0 0 0 1 0 0 1 2 0 0 1 0 0 1 0 0 0 0 1 0 0 1 1 0 0 0 1 0 1 1 0 0 3 1 2 0 0 0 0 1 0 2 0 1 0 1 0 0 0 2 1 1 0 0 0 1 0 0 0 0 0 0 0 0 0 1 0 0 1 0 0 0 0 1 0 0 0 0 1 0 0 0 0 1 0 0 1 0 
0 0 0 0 0 1 0 0 0 0 0 0 0 0 1 0 1 0 2 1 0 1 0 2 0 1 0 0 0 0 1 0 0 0 0 0 0 0 0 0 0 0 0 0 0 0 3 2 0 2 1 0 0 0 0 0 0 0 0 3 0 0 0 0 0 0 0 0 0 0 0 0 0 0 0 0 0 0 2 0 0 0 0 0 0 0 1 1 2 0 0 0 0 2 0 2 0 0 0 1 
0 0 2 1 1 1 0 1 0 0 0 0 0 0 0 0 1 0 0 0 0 0 0 0 0 1 0 1 0 1 0 2 0 0 0 0 0 0 1 0 2 0 0 0 1 0 0 0 0 0 0 3 0 0 0 1 1 0 0 1 1 0 0 0 0 0 0 2 1 1 1 0 0 0 0 0 1 0 0 0 1 0 2 2 0 0 1 0 0 2 1 0 0 0 0 0 0 0 0 0 
2 0 0 0 0 0 0 0 1 0 0 0 0 0 0 0 1 0 0 1 0 0 1 0 1 0 0 0 0 0 0 0 3 0 2 0 0 0 0 0 0 2 1 1 0 0 0 0 0 0 2 0 0 0 0 1 1 0 0 1 0 0 0 1 0 0 0 0 1 0 2 1 1 0 0 0 0 0 0 0 0 0 0 1 1 1 0 0 1 2 0 0 0 1 0 1 0 0 0 0 
0 0 0 1 0 0 2 0 0 0 0 0 0 0 0 0 1 0 0 0 0 0 0 0 0 0 2 0 0 0 0 0 0 0 0 0 0 0 0 0 2 2 0 1 1 0 0 0 0 0 3 0 0 2 0 0 1 1 0 2 2 1 0 0 1 0 0 1 0 0 0 0 0 0 0 0 0 0 0 0 0 0 1 0 0 0 0 0 0 1 1 0 0 0 1 0 0 1 0 0 
1000 1000 1000 1000 1000 1000 1000 1000 1000 1000 1000 1000 1000 1000 1000 1000 1000 1000 1000 1000 1000 1000 1000 1000 1000 1000 1000 1000 1000 1000 1000 1000 1000 1000 1000 1000 1000 1000 1000 1000 1000 1000 1000 1000 1000 1000 1000 1000 1000 1000 1000 1000 1000 1000 1000 1000 1000 1000 1000 1000 1000 1000 1000 1000 1000 1000 1000 1000 1000 1000 1000 1000 1000 1000 1000 1000 1000 1000 1000 1000 1000 1000 1000 1000 1000 1000 1000 1000 1000 1000 1000 1000 1000 1000 1000 1000 1000 1000 1000 1000 
32 16 29 29 44 12 16 9 22 18 21 34 22 24 12 17 45 38 33 14 30 14 16 16 37 20 42 14 45 24 37 13 36 43 35 45 30 33 40 37 14 21 33 26 29 35 27 22 42 39 35 27 32 39 14 12 26 43 16 30 38 18 9 10 29 26 40 9 11 32 25 35 45 32 22 29 40 11 35 27 37 37 24 27 27 24 21 20 43 42 21 42 33 15 14 12 36 24 40 26 
18 17 31 28 40 9 9 42 17 21 16 41 21 23 36 12 11 17 29 29 10 22 37 44 13 14 41 16 13 10 44 23 13 31 25 31 38 42 30 17 36 45 27 18 24 16 44 42 32 30 31 13 34 45 16 27 17 35 42 36 29 24 22 28 20 40 36 33 27 11 35 41 17 22 29 35 23 10 11 17 21 33 9 39 13 24 17 43 41 12 12 21 19 28 11 22 26 45 40 19 
1000 1000 1000 1000 1000 1000 1000 1000 1000 1000 1000 1000 1000 1000 1000 1000 1000 1000 1000 1000 1000 1000 1000 1000 1000 1000 1000 1000 1000 1000 1000 1000 1000 1000 1000 1000 1000 1000 1000 1000 1000 1000 1000 1000 1000 1000 1000 1000 1000 1000 1000 1000 1000 1000 1000 1000 1000 1000 1000 1000 1000 1000 1000 1000 1000 1000 1000 1000 1000 1000 1000 1000 1000 1000 1000 1000 1000 1000 1000 1000 1000 1000 1000 1000 1000 1000 1000 1000 1000 1000 1000 1000 1000 1000 1000 1000 1000 1000 1000 1000 
37 32 39 35 19 34 33 9 38 19 11 10 30 42 45 14 33 38 21 20 45 19 19 37 29 10 18 28 17 39 29 26 41 39 12 41 32 42 39 45 9 12 13 16 18 12 19 41 24 11 16 30 12 10 36 27 23 13 36 37 31 22 20 45 21 36 45 13 31 43 11 24 36 44 20 22 38 38 32 25 20 13 24 14 24 9 36 18 41 41 40 16 37 36 39 38 28 29 19 23 
1000 1000 1000 1000 1000 1000 1000 1000 1000 1000 1000 1000 1000 1000 1000 1000 1000 1000 1000 1000 1000 1000 1000 1000 1000 1000 1000 1000 1000 1000 1000 1000 1000 1000 1000 1000 1000 1000 1000 1000 1000 1000 1000 1000 1000 1000 1000 1000 1000 1000 1000 1000 1000 1000 1000 1000 1000 1000 1000 1000 1000 1000 1000 1000 1000 1000 1000 1000 1000 1000 1000 1000 1000 1000 1000 1000 1000 1000 1000 1000 1000 1000 1000 1000 1000 1000 1000 1000 1000 1000 1000 1000 1000 1000 1000 1000 1000 1000 1000 1000 
36 17 26 34 34 30 13 40 45 27 25 33 22 12 33 28 10 22 21 29 25 23 23 39 18 37 23 14 33 11 23 39 25 20 26 23 26 23 14 36 26 40 36 10 29 45 21 35 32 16 18 37 10 15 34 45 14 36 35 24 38 9 37 31 15 19 37 25 13 45 26 25 10 44 43 9 25 16 20 32 9 29 24 12 39 21 33 11 38 39 28 37 35 12 23 14 22 18 13 36 
1000 1000 1000 1000 1000 1000 1000 1000 1000 1000 1000 1000 1000 1000 1000 1000 1000 1000 1000 1000 1000 1000 1000 1000 1000 1000 1000 1000 1000 1000 1000 1000 1000 1000 1000 1000 1000 1000 1000 1000 1000 1000 1000 1000 1000 1000 1000 1000 1000 1000 1000 1000 1000 1000 1000 1000 1000 1000 1000 1000 1000 1000 1000 1000 1000 1000 1000 1000 1000 1000 1000 1000 1000 1000 1000 1000 1000 1000 1000 1000 1000 1000 1000 1000 1000 1000 1000 1000 1000 1000 1000 1000 1000 1000 1000 1000 1000 1000 1000 1000 
20 26 33 19 15 32 15 21 28 32 19 29 29 21 23 22 33 27 24 32 19 35 20 26 32 30 15 32 18 32 33 23 30 35 28 33 16 16 35 28 29 27 34 31 20 31 19 22 26 21 26 28 24 22 18 18 23 19 23 29 28 25 28 18 17 24 29 31 35 16 15 32 16 16 26 32 34 30 34 15 27 16 16 25 19 20 34 30 27 32 27 29 35 27 31 34 18 31 34 15 
30 22 22 17 28 26 25 32 31 29 34 18 15 21 18 26 35 21 28 34 23 28 29 33 32 26 31 29 17 35 27 21 33 30 19 31 15 35 29 21 34 32 16 15 33 19 17 18 25 28 17 35 29 16 35 27 31 15 30 23 22 17 30 25 35 30 16 20 28 23 30 25 33 27 34 21 34 21 15 35 16 23 27 17 26 19 19 27 16 26 22 31 28 19 21 24 31 33 22 17 
16 20 20 26 15 35 30 34 31 35 28 15 26 19 22 32 17 17 20 35 31 24 19 18 22 33 20 31 25 35 34 35 26 17 27 30 26 31 18 28 34 21 24 22 19 28 33 25 28 19 26 33 25 23 32 31 25 15 23 31 24 24 34 20 35 32 28 19 31 15 20 25 32 33 24 30 16 18 27 16 31 19 30 32 21 29 18 19 15 17 29 27 35 28 26 29 21 23 23 24 
1000 1000 1000 1000 1000 1000 1000 1000 1000 1000 1000 1000 1000 1000 1000 1000 1000 1000 1000 1000 1000 1000 1000 1000 1000 1000 1000 1000 1000 1000 1000 1000 1000 1000 1000 1000 1000 1000 1000 1000 1000 1000 1000 1000 1000 1000 1000 1000 1000 1000 1000 1000 1000 1000 1000 1000 1000 1000 1000 1000 1000 1000 1000 1000 1000 1000 1000 1000 1000 1000 1000 1000 1000 1000 1000 1000 1000 1000 1000 1000 1000 1000 1000 1000 1000 1000 1000 1000 1000 1000 1000 1000 1000 1000 1000 1000 1000 1000 1000 1000 
19 18 16 17 27 20 19 34 34 22 20 20 17 35 32 29 34 26 19 15 25 30 15 19 24 17 28 26 25 35 16 19 22 19 17 24 15 29 35 23 21 23 15 35 32 27 27 22 32 17 18 20 24 30 32 22 21 33 21 30 19 28 19 29 25 28 25 26 23 27 17 32 30 18 30 25 16 22 21 31 19 29 20 34 33 35 34 18 21 28 20 27 26 23 20 20 34 15 16 20 
27 23 26 22 22 23 28 29 31 26 27 26 33 28 35 28 33 23 17 16 19 22 22 24 26 19 35 21 34 23 21 31 33 21 20 33 31 20 23 34 34 20 25 23 15 24 35 30 24 15 20 33 19 31 28 17 21 25 18 33 18 15 29 31 27 27 17 22 33 32 30 25 33 19 27 15 18 26 25 18 26 15 15 32 16 26 16 26 30 34 29 26 33 34 18 20 27 19 24 22 
27 25 35 16 22 29 21 18 20 30 16 21 32 33 24 18 22 26 34 30 35 15 22 15 26 20 18 28 24 33 34 19 23 34 25 33 20 27 35 20 15 33 24 33 22 26 26 15 35 16 25 24 22 23 17 35 32 33 17 22 33 17 16 33 18 31 33 32 19 35 25 20 15 29 20 25 19 26 22 20 24 26 20 28 26 32 23 16 29 34 17 31 23 34 15 30 24 20 19 15 
1000 1000 1000 1000 1000 1000 1000 1000 1000 1000 1000 1000 1000 1000 1000 1000 1000 1000 1000 1000 1000 1000 1000 1000 1000 1000 1000 1000 1000 1000 1000 1000 1000 1000 1000 1000 1000 1000 1000 1000 1000 1000 1000 1000 1000 1000 1000 1000 1000 1000 1000 1000 1000 1000 1000 1000 1000 1000 1000 1000 1000 1000 1000 1000 1000 1000 1000 1000 1000 1000 1000 1000 1000 1000 1000 1000 1000 1000 1000 1000 1000 1000 1000 1000 1000 1000 1000 1000 1000 1000 1000 1000 1000 1000 1000 1000 1000 1000 1000 1000 
