50 40 20 4 null 1 7 1 1 
50 40 20 4 null 1 10 2 1 
50 40 20 4 null 1 21 2 1 
50 40 20 4 null 1 27 2 1 
50 40 20 4 null 1 29 2 1 
50 40 20 4 null 1 41 1 1 
50 40 20 4 null 1 43 1 1 
50 40 20 4 null 1 45 2 1 
50 40 20 4 null 1 46 1 1 
50 40 20 4 null 3 5 2 1 
50 40 20 4 null 3 13 2 1 
50 40 20 4 null 3 46 2 1 
50 40 20 4 null 4 2 2 1 
50 40 20 4 null 4 7 3 1 
50 40 20 4 null 4 23 2 1 
50 40 20 4 null 4 39 2 1 
50 40 20 4 null 4 43 2 1 
50 40 20 4 null 5 6 1 1 
50 40 20 4 null 5 13 1 1 
50 40 20 4 null 5 33 1 1 
50 40 20 4 null 5 37 1 1 
50 40 20 4 null 6 7 2 1 
50 40 20 4 null 6 12 3 1 
50 40 20 4 null 6 16 2 1 
50 40 20 4 null 6 20 2 1 
50 40 20 4 null 6 22 2 1 
50 40 20 4 null 6 25 2 1 
50 40 20 4 null 6 34 2 1 
50 40 20 4 null 6 40 2 1 
50 40 20 4 null 6 41 2 1 
50 40 20 4 null 7 17 3 1 
50 40 20 4 null 7 23 2 1 
50 40 20 4 null 7 31 2 1 
50 40 20 4 null 7 42 1 1 
50 40 20 4 null 7 48 2 1 
50 40 20 4 null 8 1 2 1 
50 40 20 4 null 8 13 2 1 
50 40 20 4 null 8 19 1 1 
50 40 20 4 null 8 23 2 1 
50 40 20 4 null 8 27 2 1 
50 40 20 4 null 8 28 2 1 
50 40 20 4 null 8 29 2 1 
50 40 20 4 null 8 44 2 1 
50 40 20 4 null 8 47 1 1 
50 40 20 4 null 9 1 2 1 
50 40 20 4 null 9 2 2 1 
50 40 20 4 null 9 4 2 1 
50 40 20 4 null 9 8 2 1 
50 40 20 4 null 9 19 2 1 
50 40 20 4 null 9 20 1 1 
50 40 20 4 null 9 46 2 1 
50 40 20 4 null 10 22 3 1 
50 40 20 4 null 10 31 3 1 
50 40 20 4 null 11 8 2 1 
50 40 20 4 null 11 30 1 1 
50 40 20 4 null 11 35 1 1 
50 40 20 4 null 11 40 2 1 
50 40 20 4 null 11 45 2 1 
50 40 20 4 null 11 48 2 1 
50 40 20 4 null 11 49 1 1 
50 40 20 4 null 12 7 2 1 
50 40 20 4 null 12 12 1 1 
50 40 20 4 null 12 17 1 1 
50 40 20 4 null 12 22 2 1 
50 40 20 4 null 12 27 1 1 
50 40 20 4 null 12 29 2 1 
50 40 20 4 null 12 39 2 1 
50 40 20 4 null 13 6 2 1 
50 40 20 4 null 13 27 2 1 
50 40 20 4 null 13 35 3 1 
50 40 20 4 null 13 44 3 1 
50 40 20 4 null 13 50 3 1 
50 40 20 4 null 14 11 2 1 
50 40 20 4 null 14 34 3 1 
50 40 20 4 null 14 40 2 1 
50 40 20 4 null 14 47 2 1 
50 40 20 4 null 15 46 2 1 
50 40 20 4 null 15 47 2 1 
50 40 20 4 null 15 49 2 1 
50 40 20 4 null 16 28 2 1 
50 40 20 4 null 16 36 1 1 
50 40 20 4 null 16 37 3 1 
50 40 20 4 null 16 39 1 1 
50 40 20 4 null 16 41 1 1 
50 40 20 4 null 16 43 3 1 
50 40 20 4 null 16 44 1 1 
50 40 20 4 null 16 49 2 1 
50 40 20 4 null 17 2 2 1 
50 40 20 4 null 17 8 1 1 
50 40 20 4 null 17 18 2 1 
50 40 20 4 null 17 22 1 1 
50 40 20 4 null 17 42 1 1 
50 40 20 4 null 17 43 1 1 
50 40 20 4 null 17 46 2 1 
50 40 20 4 null 19 1 2 1 
50 40 20 4 null 19 16 1 1 
50 40 20 4 null 19 26 2 1 
50 40 20 4 null 19 33 1 1 
50 40 20 4 null 19 45 2 1 
50 40 20 4 null 20 20 3 1 
