100 40 50 1 null 1 5 3 1 
100 40 50 1 null 1 12 2 1 
100 40 50 1 null 1 13 1 1 
100 40 50 1 null 1 15 1 1 
100 40 50 1 null 1 38 1 1 
100 40 50 1 null 1 39 2 1 
100 40 50 1 null 1 62 1 1 
100 40 50 1 null 1 68 2 1 
100 40 50 1 null 1 79 1 1 
100 40 50 1 null 1 84 1 1 
100 40 50 1 null 2 2 1 1 
100 40 50 1 null 2 7 1 1 
100 40 50 1 null 2 9 2 1 
100 40 50 1 null 2 11 1 1 
100 40 50 1 null 2 15 2 1 
100 40 50 1 null 2 24 1 1 
100 40 50 1 null 2 28 2 1 
100 40 50 1 null 2 30 3 1 
100 40 50 1 null 2 39 1 1 
100 40 50 1 null 2 44 1 1 
100 40 50 1 null 2 48 3 1 
100 40 50 1 null 2 50 2 1 
100 40 50 1 null 2 57 2 1 
100 40 50 1 null 2 69 2 1 
100 40 50 1 null 2 70 1 1 
100 40 50 1 null 2 76 2 1 
100 40 50 1 null 2 83 3 1 
100 40 50 1 null 2 87 2 1 
100 40 50 1 null 2 90 1 1 
100 40 50 1 null 2 99 2 1 
100 40 50 1 null 2 100 1 1 
100 40 50 1 null 3 6 2 1 
100 40 50 1 null 3 7 1 1 
100 40 50 1 null 3 16 1 1 
100 40 50 1 null 3 22 2 1 
100 40 50 1 null 3 34 2 1 
100 40 50 1 null 3 38 1 1 
100 40 50 1 null 3 53 3 1 
100 40 50 1 null 3 55 1 1 
100 40 50 1 null 3 59 1 1 
100 40 50 1 null 3 65 3 1 
100 40 50 1 null 3 66 1 1 
100 40 50 1 null 3 69 2 1 
100 40 50 1 null 3 76 1 1 
100 40 50 1 null 3 77 2 1 
100 40 50 1 null 3 84 1 1 
100 40 50 1 null 3 85 1 1 
100 40 50 1 null 3 88 2 1 
100 40 50 1 null 3 89 2 1 
100 40 50 1 null 3 90 1 1 
100 40 50 1 null 3 93 1 1 
100 40 50 1 null 4 7 1 1 
100 40 50 1 null 4 13 2 1 
100 40 50 1 null 4 21 1 1 
100 40 50 1 null 4 23 1 1 
100 40 50 1 null 4 25 1 1 
100 40 50 1 null 4 28 1 1 
100 40 50 1 null 4 29 1 1 
100 40 50 1 null 4 30 2 1 
100 40 50 1 null 4 34 2 1 
100 40 50 1 null 4 35 2 1 
100 40 50 1 null 4 37 2 1 
100 40 50 1 null 4 38 1 1 
100 40 50 1 null 4 41 3 1 
100 40 50 1 null 4 57 2 1 
100 40 50 1 null 4 68 3 1 
100 40 50 1 null 4 79 1 1 
100 40 50 1 null 4 94 3 1 
100 40 50 1 null 4 97 2 1 
100 40 50 1 null 5 6 2 1 
100 40 50 1 null 5 11 1 1 
100 40 50 1 null 5 20 2 1 
100 40 50 1 null 5 23 2 1 
100 40 50 1 null 5 25 1 1 
100 40 50 1 null 5 26 1 1 
100 40 50 1 null 5 29 1 1 
100 40 50 1 null 5 35 1 1 
100 40 50 1 null 5 36 1 1 
100 40 50 1 null 5 37 1 1 
100 40 50 1 null 5 38 2 1 
100 40 50 1 null 5 39 3 1 
100 40 50 1 null 5 46 3 1 
100 40 50 1 null 5 52 1 1 
100 40 50 1 null 5 58 2 1 
100 40 50 1 null 5 60 1 1 
100 40 50 1 null 5 61 1 1 
100 40 50 1 null 5 63 3 1 
100 40 50 1 null 5 79 2 1 
100 40 50 1 null 5 87 1 1 
100 40 50 1 null 5 93 2 1 
100 40 50 1 null 5 94 1 1 
100 40 50 1 null 5 97 1 1 
100 40 50 1 null 6 3 1 1 
100 40 50 1 null 6 16 1 1 
100 40 50 1 null 6 21 3 1 
100 40 50 1 null 6 22 2 1 
100 40 50 1 null 6 29 2 1 
100 40 50 1 null 6 37 1 1 
100 40 50 1 null 6 39 1 1 
100 40 50 1 null 6 40 2 1 
100 40 50 1 null 6 45 1 1 
100 40 50 1 null 6 49 1 1 
100 40 50 1 null 6 57 2 1 
100 40 50 1 null 6 58 3 1 
100 40 50 1 null 6 66 1 1 
100 40 50 1 null 6 67 2 1 
100 40 50 1 null 6 69 3 1 
100 40 50 1 null 6 73 1 1 
100 40 50 1 null 6 74 1 1 
100 40 50 1 null 6 83 1 1 
100 40 50 1 null 6 85 1 1 
100 40 50 1 null 6 87 2 1 
100 40 50 1 null 6 96 2 1 
100 40 50 1 null 7 7 1 1 
100 40 50 1 null 7 17 1 1 
100 40 50 1 null 7 27 1 1 
100 40 50 1 null 7 33 2 1 
100 40 50 1 null 7 39 1 1 
100 40 50 1 null 7 41 1 1 
100 40 50 1 null 7 45 1 1 
100 40 50 1 null 7 46 3 1 
100 40 50 1 null 7 51 2 1 
100 40 50 1 null 7 55 3 1 
100 40 50 1 null 7 59 1 1 
100 40 50 1 null 7 64 2 1 
100 40 50 1 null 7 65 1 1 
100 40 50 1 null 7 77 1 1 
100 40 50 1 null 7 78 2 1 
100 40 50 1 null 7 83 3 1 
100 40 50 1 null 7 84 2 1 
100 40 50 1 null 7 91 2 1 
100 40 50 1 null 7 95 1 1 
100 40 50 1 null 7 97 1 1 
100 40 50 1 null 7 99 1 1 
100 40 50 1 null 8 15 1 1 
100 40 50 1 null 8 22 1 1 
100 40 50 1 null 8 24 2 1 
100 40 50 1 null 8 31 1 1 
100 40 50 1 null 8 37 2 1 
100 40 50 1 null 8 42 2 1 
100 40 50 1 null 8 45 1 1 
100 40 50 1 null 8 53 3 1 
100 40 50 1 null 8 55 1 1 
100 40 50 1 null 8 57 2 1 
100 40 50 1 null 8 64 2 1 
100 40 50 1 null 8 67 1 1 
100 40 50 1 null 8 75 1 1 
100 40 50 1 null 8 79 3 1 
100 40 50 1 null 8 84 2 1 
100 40 50 1 null 8 85 2 1 
100 40 50 1 null 8 86 2 1 
100 40 50 1 null 8 89 2 1 
100 40 50 1 null 8 93 2 1 
100 40 50 1 null 8 100 1 1 
100 40 50 1 null 9 1 1 1 
100 40 50 1 null 9 5 1 1 
100 40 50 1 null 9 12 1 1 
100 40 50 1 null 9 15 1 1 
100 40 50 1 null 9 16 1 1 
100 40 50 1 null 9 19 2 1 
100 40 50 1 null 9 30 2 1 
100 40 50 1 null 9 33 1 1 
100 40 50 1 null 9 36 1 1 
100 40 50 1 null 9 40 2 1 
100 40 50 1 null 9 47 1 1 
100 40 50 1 null 9 51 1 1 
100 40 50 1 null 9 53 2 1 
100 40 50 1 null 9 58 2 1 
100 40 50 1 null 9 62 1 1 
100 40 50 1 null 9 64 1 1 
100 40 50 1 null 9 65 1 1 
100 40 50 1 null 9 72 2 1 
100 40 50 1 null 9 75 2 1 
100 40 50 1 null 9 78 1 1 
100 40 50 1 null 9 85 3 1 
100 40 50 1 null 9 92 1 1 
100 40 50 1 null 9 98 2 1 
100 40 50 1 null 10 3 2 1 
100 40 50 1 null 10 8 1 1 
100 40 50 1 null 10 11 2 1 
100 40 50 1 null 10 12 1 1 
100 40 50 1 null 10 14 2 1 
100 40 50 1 null 10 15 1 1 
100 40 50 1 null 10 17 1 1 
100 40 50 1 null 10 19 3 1 
100 40 50 1 null 10 28 3 1 
100 40 50 1 null 10 38 2 1 
100 40 50 1 null 10 41 2 1 
100 40 50 1 null 10 53 1 1 
100 40 50 1 null 10 56 3 1 
100 40 50 1 null 10 57 1 1 
100 40 50 1 null 10 67 1 1 
100 40 50 1 null 10 73 3 1 
100 40 50 1 null 10 79 1 1 
100 40 50 1 null 10 85 1 1 
100 40 50 1 null 10 88 2 1 
100 40 50 1 null 10 91 2 1 
100 40 50 1 null 10 94 1 1 
100 40 50 1 null 10 98 2 1 
100 40 50 1 null 10 100 2 1 
100 40 50 1 null 11 10 2 1 
100 40 50 1 null 11 44 1 1 
100 40 50 1 null 11 45 2 1 
100 40 50 1 null 11 52 2 1 
100 40 50 1 null 11 82 2 1 
100 40 50 1 null 11 85 2 1 
100 40 50 1 null 11 86 2 1 
100 40 50 1 null 11 97 1 1 
100 40 50 1 null 11 98 1 1 
100 40 50 1 null 11 100 2 1 
100 40 50 1 null 12 1 3 1 
100 40 50 1 null 12 15 2 1 
100 40 50 1 null 12 30 1 1 
100 40 50 1 null 12 32 3 1 
100 40 50 1 null 12 36 1 1 
100 40 50 1 null 12 38 2 1 
100 40 50 1 null 12 45 1 1 
100 40 50 1 null 12 52 2 1 
100 40 50 1 null 12 71 1 1 
100 40 50 1 null 12 75 1 1 
100 40 50 1 null 12 89 1 1 
100 40 50 1 null 12 96 2 1 
100 40 50 1 null 12 98 1 1 
100 40 50 1 null 12 99 1 1 
100 40 50 1 null 13 12 1 1 
100 40 50 1 null 13 20 2 1 
100 40 50 1 null 13 43 1 1 
100 40 50 1 null 13 47 2 1 
100 40 50 1 null 13 55 2 1 
100 40 50 1 null 13 59 2 1 
100 40 50 1 null 13 70 1 1 
100 40 50 1 null 13 77 2 1 
100 40 50 1 null 13 82 1 1 
100 40 50 1 null 13 83 2 1 
100 40 50 1 null 13 86 2 1 
100 40 50 1 null 13 88 1 1 
100 40 50 1 null 13 91 1 1 
100 40 50 1 null 13 93 3 1 
100 40 50 1 null 14 1 2 1 
100 40 50 1 null 14 3 1 1 
100 40 50 1 null 14 4 2 1 
100 40 50 1 null 14 7 2 1 
100 40 50 1 null 14 12 3 1 
100 40 50 1 null 14 21 2 1 
100 40 50 1 null 14 24 2 1 
100 40 50 1 null 14 25 2 1 
100 40 50 1 null 14 31 2 1 
100 40 50 1 null 14 32 2 1 
100 40 50 1 null 14 39 2 1 
100 40 50 1 null 14 43 2 1 
100 40 50 1 null 14 45 2 1 
100 40 50 1 null 14 51 2 1 
100 40 50 1 null 14 58 3 1 
100 40 50 1 null 14 62 2 1 
100 40 50 1 null 14 73 2 1 
100 40 50 1 null 14 74 1 1 
100 40 50 1 null 14 100 1 1 
100 40 50 1 null 15 5 1 1 
100 40 50 1 null 15 13 2 1 
100 40 50 1 null 15 15 1 1 
100 40 50 1 null 15 18 2 1 
100 40 50 1 null 15 23 1 1 
100 40 50 1 null 15 24 1 1 
100 40 50 1 null 15 26 2 1 
100 40 50 1 null 15 32 1 1 
100 40 50 1 null 15 35 1 1 
100 40 50 1 null 15 43 1 1 
100 40 50 1 null 15 48 1 1 
100 40 50 1 null 15 51 2 1 
100 40 50 1 null 15 53 1 1 
100 40 50 1 null 15 58 1 1 
100 40 50 1 null 15 77 1 1 
100 40 50 1 null 15 81 2 1 
100 40 50 1 null 15 90 3 1 
100 40 50 1 null 15 92 1 1 
100 40 50 1 null 16 1 2 1 
100 40 50 1 null 16 2 1 1 
100 40 50 1 null 16 8 1 1 
100 40 50 1 null 16 22 2 1 
100 40 50 1 null 16 24 2 1 
100 40 50 1 null 16 46 1 1 
100 40 50 1 null 16 51 1 1 
100 40 50 1 null 16 54 1 1 
100 40 50 1 null 16 61 2 1 
100 40 50 1 null 16 64 1 1 
100 40 50 1 null 16 65 2 1 
100 40 50 1 null 16 66 2 1 
100 40 50 1 null 16 67 2 1 
100 40 50 1 null 16 70 1 1 
100 40 50 1 null 16 81 3 1 
100 40 50 1 null 16 83 2 1 
100 40 50 1 null 16 85 2 1 
100 40 50 1 null 16 86 1 1 
100 40 50 1 null 16 93 3 1 
100 40 50 1 null 16 98 1 1 
100 40 50 1 null 16 100 1 1 
100 40 50 1 null 17 9 1 1 
100 40 50 1 null 17 14 1 1 
100 40 50 1 null 17 16 1 1 
100 40 50 1 null 17 20 1 1 
100 40 50 1 null 17 28 1 1 
100 40 50 1 null 17 37 1 1 
100 40 50 1 null 17 38 2 1 
100 40 50 1 null 17 47 1 1 
100 40 50 1 null 17 49 1 1 
100 40 50 1 null 17 51 2 1 
100 40 50 1 null 17 53 1 1 
100 40 50 1 null 17 55 1 1 
100 40 50 1 null 17 62 2 1 
100 40 50 1 null 17 64 1 1 
100 40 50 1 null 17 69 1 1 
100 40 50 1 null 17 71 2 1 
100 40 50 1 null 17 74 1 1 
100 40 50 1 null 17 89 1 1 
100 40 50 1 null 17 90 1 1 
100 40 50 1 null 18 6 3 1 
100 40 50 1 null 18 16 2 1 
100 40 50 1 null 18 23 2 1 
100 40 50 1 null 18 38 1 1 
100 40 50 1 null 18 41 2 1 
100 40 50 1 null 18 43 1 1 
100 40 50 1 null 18 51 1 1 
100 40 50 1 null 18 67 3 1 
100 40 50 1 null 18 70 1 1 
100 40 50 1 null 18 75 2 1 
100 40 50 1 null 18 76 1 1 
100 40 50 1 null 18 92 2 1 
100 40 50 1 null 18 95 2 1 
100 40 50 1 null 19 3 1 1 
100 40 50 1 null 19 4 3 1 
100 40 50 1 null 19 5 2 1 
100 40 50 1 null 19 15 2 1 
100 40 50 1 null 19 19 3 1 
100 40 50 1 null 19 28 1 1 
100 40 50 1 null 19 47 1 1 
100 40 50 1 null 19 59 3 1 
100 40 50 1 null 19 64 1 1 
100 40 50 1 null 19 65 2 1 
100 40 50 1 null 19 86 2 1 
100 40 50 1 null 19 93 2 1 
100 40 50 1 null 19 97 1 1 
100 40 50 1 null 19 100 2 1 
100 40 50 1 null 20 5 1 1 
100 40 50 1 null 20 10 2 1 
100 40 50 1 null 20 11 1 1 
100 40 50 1 null 20 14 1 1 
100 40 50 1 null 20 17 3 1 
100 40 50 1 null 20 36 1 1 
100 40 50 1 null 20 38 1 1 
100 40 50 1 null 20 43 1 1 
100 40 50 1 null 20 44 1 1 
100 40 50 1 null 20 52 2 1 
100 40 50 1 null 20 60 2 1 
100 40 50 1 null 20 61 1 1 
100 40 50 1 null 20 68 2 1 
100 40 50 1 null 20 69 3 1 
100 40 50 1 null 20 70 3 1 
100 40 50 1 null 20 75 1 1 
100 40 50 1 null 20 78 1 1 
100 40 50 1 null 20 94 2 1 
100 40 50 1 null 20 96 2 1 
100 40 50 1 null 20 99 1 1 
100 40 50 1 null 21 10 2 1 
100 40 50 1 null 21 11 1 1 
100 40 50 1 null 21 15 3 1 
100 40 50 1 null 21 23 2 1 
100 40 50 1 null 21 28 1 1 
100 40 50 1 null 21 35 1 1 
100 40 50 1 null 21 40 3 1 
100 40 50 1 null 21 45 1 1 
100 40 50 1 null 21 48 2 1 
100 40 50 1 null 21 53 1 1 
100 40 50 1 null 21 69 2 1 
100 40 50 1 null 21 70 1 1 
100 40 50 1 null 21 73 1 1 
100 40 50 1 null 21 78 1 1 
100 40 50 1 null 21 89 2 1 
100 40 50 1 null 21 90 1 1 
100 40 50 1 null 21 96 1 1 
100 40 50 1 null 21 99 1 1 
100 40 50 1 null 22 3 1 1 
100 40 50 1 null 22 20 2 1 
100 40 50 1 null 22 22 1 1 
100 40 50 1 null 22 25 1 1 
100 40 50 1 null 22 34 2 1 
100 40 50 1 null 22 40 1 1 
100 40 50 1 null 22 65 1 1 
100 40 50 1 null 22 66 2 1 
100 40 50 1 null 22 68 2 1 
100 40 50 1 null 22 69 1 1 
100 40 50 1 null 22 71 1 1 
100 40 50 1 null 22 75 2 1 
100 40 50 1 null 22 81 2 1 
100 40 50 1 null 22 84 1 1 
100 40 50 1 null 22 87 1 1 
100 40 50 1 null 22 91 2 1 
100 40 50 1 null 22 99 1 1 
100 40 50 1 null 23 3 2 1 
100 40 50 1 null 23 13 1 1 
100 40 50 1 null 23 42 1 1 
100 40 50 1 null 23 44 1 1 
100 40 50 1 null 23 50 2 1 
100 40 50 1 null 23 57 2 1 
100 40 50 1 null 23 60 1 1 
100 40 50 1 null 23 65 1 1 
100 40 50 1 null 23 66 1 1 
100 40 50 1 null 23 76 2 1 
100 40 50 1 null 23 81 1 1 
100 40 50 1 null 23 82 1 1 
100 40 50 1 null 23 85 1 1 
100 40 50 1 null 23 99 1 1 
100 40 50 1 null 24 4 1 1 
100 40 50 1 null 24 5 2 1 
100 40 50 1 null 24 7 1 1 
100 40 50 1 null 24 8 1 1 
100 40 50 1 null 24 14 1 1 
100 40 50 1 null 24 15 2 1 
100 40 50 1 null 24 23 3 1 
100 40 50 1 null 24 34 3 1 
100 40 50 1 null 24 37 2 1 
100 40 50 1 null 24 60 2 1 
100 40 50 1 null 24 71 2 1 
100 40 50 1 null 24 87 1 1 
100 40 50 1 null 24 94 2 1 
100 40 50 1 null 24 99 2 1 
100 40 50 1 null 25 8 2 1 
100 40 50 1 null 25 14 1 1 
100 40 50 1 null 25 28 2 1 
100 40 50 1 null 25 38 2 1 
100 40 50 1 null 25 44 1 1 
100 40 50 1 null 25 48 1 1 
100 40 50 1 null 25 55 3 1 
100 40 50 1 null 25 59 3 1 
100 40 50 1 null 25 66 2 1 
100 40 50 1 null 25 69 1 1 
100 40 50 1 null 25 79 2 1 
100 40 50 1 null 25 85 2 1 
100 40 50 1 null 25 88 1 1 
100 40 50 1 null 25 96 1 1 
100 40 50 1 null 25 100 2 1 
100 40 50 1 null 26 1 1 1 
100 40 50 1 null 26 6 3 1 
100 40 50 1 null 26 9 1 1 
100 40 50 1 null 26 30 1 1 
100 40 50 1 null 26 32 1 1 
100 40 50 1 null 26 34 2 1 
100 40 50 1 null 26 49 1 1 
100 40 50 1 null 26 51 3 1 
100 40 50 1 null 26 52 2 1 
100 40 50 1 null 26 65 1 1 
100 40 50 1 null 26 69 2 1 
100 40 50 1 null 26 73 1 1 
100 40 50 1 null 26 76 1 1 
100 40 50 1 null 26 79 3 1 
100 40 50 1 null 26 84 1 1 
100 40 50 1 null 26 86 1 1 
100 40 50 1 null 26 87 2 1 
100 40 50 1 null 26 100 1 1 
100 40 50 1 null 27 7 1 1 
100 40 50 1 null 27 9 2 1 
100 40 50 1 null 27 13 2 1 
100 40 50 1 null 27 15 1 1 
100 40 50 1 null 27 23 2 1 
100 40 50 1 null 27 33 3 1 
100 40 50 1 null 27 35 2 1 
100 40 50 1 null 27 42 3 1 
100 40 50 1 null 27 53 1 1 
100 40 50 1 null 27 55 2 1 
100 40 50 1 null 27 56 3 1 
100 40 50 1 null 27 59 3 1 
100 40 50 1 null 27 66 1 1 
100 40 50 1 null 27 78 2 1 
100 40 50 1 null 27 80 2 1 
100 40 50 1 null 27 81 1 1 
100 40 50 1 null 27 82 1 1 
100 40 50 1 null 27 84 1 1 
100 40 50 1 null 27 91 1 1 
100 40 50 1 null 28 2 1 1 
100 40 50 1 null 28 5 1 1 
100 40 50 1 null 28 7 1 1 
100 40 50 1 null 28 8 1 1 
100 40 50 1 null 28 13 2 1 
100 40 50 1 null 28 33 1 1 
100 40 50 1 null 28 42 1 1 
100 40 50 1 null 28 44 2 1 
100 40 50 1 null 28 51 2 1 
100 40 50 1 null 28 54 2 1 
100 40 50 1 null 28 76 1 1 
100 40 50 1 null 28 78 2 1 
100 40 50 1 null 28 84 1 1 
100 40 50 1 null 28 95 2 1 
100 40 50 1 null 29 5 1 1 
100 40 50 1 null 29 8 1 1 
100 40 50 1 null 29 14 2 1 
100 40 50 1 null 29 25 1 1 
100 40 50 1 null 29 31 1 1 
100 40 50 1 null 29 42 3 1 
100 40 50 1 null 29 43 1 1 
100 40 50 1 null 29 57 2 1 
100 40 50 1 null 29 61 2 1 
100 40 50 1 null 29 62 1 1 
100 40 50 1 null 29 70 1 1 
100 40 50 1 null 29 82 1 1 
100 40 50 1 null 29 85 2 1 
100 40 50 1 null 29 91 1 1 
100 40 50 1 null 29 95 1 1 
100 40 50 1 null 29 98 2 1 
100 40 50 1 null 30 5 1 1 
100 40 50 1 null 30 7 2 1 
100 40 50 1 null 30 8 3 1 
100 40 50 1 null 30 13 2 1 
100 40 50 1 null 30 14 1 1 
100 40 50 1 null 30 18 2 1 
100 40 50 1 null 30 23 3 1 
100 40 50 1 null 30 36 2 1 
100 40 50 1 null 30 49 2 1 
100 40 50 1 null 30 64 2 1 
100 40 50 1 null 30 66 3 1 
100 40 50 1 null 30 69 2 1 
100 40 50 1 null 30 73 1 1 
100 40 50 1 null 30 88 2 1 
100 40 50 1 null 30 100 2 1 
100 40 50 1 null 31 2 2 1 
100 40 50 1 null 31 6 1 1 
100 40 50 1 null 31 36 1 1 
100 40 50 1 null 31 39 2 1 
100 40 50 1 null 31 40 1 1 
100 40 50 1 null 31 41 1 1 
100 40 50 1 null 31 51 1 1 
100 40 50 1 null 31 69 2 1 
100 40 50 1 null 31 76 2 1 
100 40 50 1 null 31 88 1 1 
100 40 50 1 null 31 89 3 1 
100 40 50 1 null 31 96 2 1 
100 40 50 1 null 32 1 2 1 
100 40 50 1 null 32 7 2 1 
100 40 50 1 null 32 12 2 1 
100 40 50 1 null 32 15 2 1 
100 40 50 1 null 32 16 1 1 
100 40 50 1 null 32 22 2 1 
100 40 50 1 null 32 24 2 1 
100 40 50 1 null 32 26 1 1 
100 40 50 1 null 32 32 1 1 
100 40 50 1 null 32 35 1 1 
100 40 50 1 null 32 37 2 1 
100 40 50 1 null 32 38 1 1 
100 40 50 1 null 32 44 2 1 
100 40 50 1 null 32 46 2 1 
100 40 50 1 null 32 50 2 1 
100 40 50 1 null 32 55 3 1 
100 40 50 1 null 32 68 1 1 
100 40 50 1 null 32 70 1 1 
100 40 50 1 null 32 86 1 1 
100 40 50 1 null 32 91 1 1 
100 40 50 1 null 33 1 3 1 
100 40 50 1 null 33 3 2 1 
100 40 50 1 null 33 4 1 1 
100 40 50 1 null 33 5 2 1 
100 40 50 1 null 33 6 2 1 
100 40 50 1 null 33 16 2 1 
100 40 50 1 null 33 20 3 1 
100 40 50 1 null 33 22 3 1 
100 40 50 1 null 33 32 2 1 
100 40 50 1 null 33 33 2 1 
100 40 50 1 null 33 38 1 1 
100 40 50 1 null 33 39 2 1 
100 40 50 1 null 33 41 1 1 
100 40 50 1 null 33 47 1 1 
100 40 50 1 null 33 51 2 1 
100 40 50 1 null 33 53 1 1 
100 40 50 1 null 33 56 2 1 
100 40 50 1 null 33 57 1 1 
100 40 50 1 null 33 61 3 1 
100 40 50 1 null 33 67 3 1 
100 40 50 1 null 33 76 2 1 
100 40 50 1 null 33 83 2 1 
100 40 50 1 null 33 86 2 1 
100 40 50 1 null 33 93 2 1 
100 40 50 1 null 33 96 2 1 
100 40 50 1 null 34 1 2 1 
100 40 50 1 null 34 7 1 1 
100 40 50 1 null 34 8 1 1 
100 40 50 1 null 34 9 1 1 
100 40 50 1 null 34 16 2 1 
100 40 50 1 null 34 18 2 1 
100 40 50 1 null 34 31 1 1 
100 40 50 1 null 34 36 1 1 
100 40 50 1 null 34 42 2 1 
100 40 50 1 null 34 51 1 1 
100 40 50 1 null 34 59 2 1 
100 40 50 1 null 34 61 2 1 
100 40 50 1 null 34 63 2 1 
100 40 50 1 null 34 99 1 1 
100 40 50 1 null 35 5 2 1 
100 40 50 1 null 35 14 3 1 
100 40 50 1 null 35 15 1 1 
100 40 50 1 null 35 17 3 1 
100 40 50 1 null 35 18 1 1 
100 40 50 1 null 35 32 3 1 
100 40 50 1 null 35 36 1 1 
100 40 50 1 null 35 44 1 1 
100 40 50 1 null 35 49 1 1 
100 40 50 1 null 35 50 1 1 
100 40 50 1 null 35 53 3 1 
100 40 50 1 null 35 57 2 1 
100 40 50 1 null 35 58 2 1 
100 40 50 1 null 35 71 2 1 
100 40 50 1 null 35 83 2 1 
100 40 50 1 null 35 84 1 1 
100 40 50 1 null 35 85 1 1 
100 40 50 1 null 35 86 2 1 
100 40 50 1 null 35 97 1 1 
100 40 50 1 null 35 98 1 1 
100 40 50 1 null 35 99 2 1 
100 40 50 1 null 35 100 2 1 
100 40 50 1 null 36 4 1 1 
100 40 50 1 null 36 6 1 1 
100 40 50 1 null 36 7 2 1 
100 40 50 1 null 36 12 1 1 
100 40 50 1 null 36 23 1 1 
100 40 50 1 null 36 30 1 1 
100 40 50 1 null 36 31 2 1 
100 40 50 1 null 36 32 2 1 
100 40 50 1 null 36 39 1 1 
100 40 50 1 null 36 40 2 1 
100 40 50 1 null 36 41 3 1 
100 40 50 1 null 36 46 1 1 
100 40 50 1 null 36 47 3 1 
100 40 50 1 null 36 48 2 1 
100 40 50 1 null 36 57 1 1 
100 40 50 1 null 36 58 1 1 
100 40 50 1 null 36 72 1 1 
100 40 50 1 null 36 79 2 1 
100 40 50 1 null 36 83 1 1 
100 40 50 1 null 36 86 3 1 
100 40 50 1 null 36 88 1 1 
100 40 50 1 null 36 92 1 1 
100 40 50 1 null 36 96 1 1 
100 40 50 1 null 36 99 1 1 
100 40 50 1 null 37 2 2 1 
100 40 50 1 null 37 4 1 1 
100 40 50 1 null 37 16 1 1 
100 40 50 1 null 37 18 2 1 
100 40 50 1 null 37 19 1 1 
100 40 50 1 null 37 21 1 1 
100 40 50 1 null 37 25 3 1 
100 40 50 1 null 37 41 1 1 
100 40 50 1 null 37 50 1 1 
100 40 50 1 null 37 54 3 1 
100 40 50 1 null 37 58 1 1 
100 40 50 1 null 37 59 3 1 
100 40 50 1 null 37 62 1 1 
100 40 50 1 null 37 68 1 1 
100 40 50 1 null 37 74 2 1 
100 40 50 1 null 37 76 1 1 
100 40 50 1 null 37 86 3 1 
100 40 50 1 null 37 87 2 1 
100 40 50 1 null 37 89 3 1 
100 40 50 1 null 37 93 1 1 
100 40 50 1 null 37 95 1 1 
100 40 50 1 null 37 98 2 1 
100 40 50 1 null 38 4 1 1 
100 40 50 1 null 38 8 2 1 
100 40 50 1 null 38 14 1 1 
100 40 50 1 null 38 21 1 1 
100 40 50 1 null 38 25 2 1 
100 40 50 1 null 38 26 2 1 
100 40 50 1 null 38 35 2 1 
100 40 50 1 null 38 47 1 1 
100 40 50 1 null 38 48 1 1 
100 40 50 1 null 38 49 2 1 
100 40 50 1 null 38 53 1 1 
100 40 50 1 null 38 56 2 1 
100 40 50 1 null 38 64 1 1 
100 40 50 1 null 38 69 1 1 
100 40 50 1 null 38 75 2 1 
100 40 50 1 null 38 85 2 1 
100 40 50 1 null 38 97 1 1 
100 40 50 1 null 38 98 2 1 
100 40 50 1 null 39 3 1 1 
100 40 50 1 null 39 7 3 1 
100 40 50 1 null 39 11 1 1 
100 40 50 1 null 39 15 2 1 
100 40 50 1 null 39 16 2 1 
100 40 50 1 null 39 19 2 1 
100 40 50 1 null 39 23 1 1 
100 40 50 1 null 39 31 1 1 
100 40 50 1 null 39 37 2 1 
100 40 50 1 null 39 52 2 1 
100 40 50 1 null 39 62 2 1 
100 40 50 1 null 39 64 2 1 
100 40 50 1 null 39 67 2 1 
100 40 50 1 null 39 70 3 1 
100 40 50 1 null 39 74 3 1 
100 40 50 1 null 39 78 1 1 
100 40 50 1 null 39 79 1 1 
100 40 50 1 null 39 93 2 1 
100 40 50 1 null 39 94 3 1 
100 40 50 1 null 39 97 2 1 
100 40 50 1 null 40 3 2 1 
100 40 50 1 null 40 5 1 1 
100 40 50 1 null 40 6 2 1 
100 40 50 1 null 40 7 2 1 
100 40 50 1 null 40 13 2 1 
100 40 50 1 null 40 14 2 1 
100 40 50 1 null 40 21 1 1 
100 40 50 1 null 40 23 1 1 
100 40 50 1 null 40 25 1 1 
100 40 50 1 null 40 26 3 1 
100 40 50 1 null 40 53 1 1 
100 40 50 1 null 40 59 3 1 
100 40 50 1 null 40 73 3 1 
100 40 50 1 null 40 75 2 1 
100 40 50 1 null 40 77 2 1 
100 40 50 1 null 40 86 1 1 
100 40 50 1 null 40 89 2 1 
100 40 50 1 null 40 92 1 1 
100 40 50 1 null 40 98 1 1 
100 40 50 1 null 40 99 1 1 
100 40 50 1 null 41 3 1 1 
100 40 50 1 null 41 7 1 1 
100 40 50 1 null 41 9 1 1 
100 40 50 1 null 41 10 3 1 
100 40 50 1 null 41 15 1 1 
100 40 50 1 null 41 33 2 1 
100 40 50 1 null 41 36 2 1 
100 40 50 1 null 41 42 2 1 
100 40 50 1 null 41 52 1 1 
100 40 50 1 null 41 57 1 1 
100 40 50 1 null 41 67 1 1 
100 40 50 1 null 41 69 1 1 
100 40 50 1 null 41 70 1 1 
100 40 50 1 null 41 71 3 1 
100 40 50 1 null 41 73 2 1 
100 40 50 1 null 41 80 2 1 
100 40 50 1 null 41 81 1 1 
100 40 50 1 null 41 91 3 1 
100 40 50 1 null 41 95 2 1 
100 40 50 1 null 41 98 1 1 
100 40 50 1 null 41 99 2 1 
100 40 50 1 null 42 18 1 1 
100 40 50 1 null 42 22 1 1 
100 40 50 1 null 42 27 2 1 
100 40 50 1 null 42 34 1 1 
100 40 50 1 null 42 41 1 1 
100 40 50 1 null 42 47 2 1 
100 40 50 1 null 42 48 1 1 
100 40 50 1 null 42 49 2 1 
100 40 50 1 null 42 50 1 1 
100 40 50 1 null 42 59 1 1 
100 40 50 1 null 42 60 1 1 
100 40 50 1 null 42 69 3 1 
100 40 50 1 null 42 70 1 1 
100 40 50 1 null 42 72 2 1 
100 40 50 1 null 43 3 2 1 
100 40 50 1 null 43 8 1 1 
100 40 50 1 null 43 9 1 1 
100 40 50 1 null 43 10 1 1 
100 40 50 1 null 43 13 1 1 
100 40 50 1 null 43 20 1 1 
100 40 50 1 null 43 21 2 1 
100 40 50 1 null 43 24 2 1 
100 40 50 1 null 43 36 1 1 
100 40 50 1 null 43 38 1 1 
100 40 50 1 null 43 40 1 1 
100 40 50 1 null 43 43 1 1 
100 40 50 1 null 43 48 2 1 
100 40 50 1 null 43 50 2 1 
100 40 50 1 null 43 51 2 1 
100 40 50 1 null 43 55 2 1 
100 40 50 1 null 43 56 1 1 
100 40 50 1 null 43 60 2 1 
100 40 50 1 null 43 65 1 1 
100 40 50 1 null 43 81 1 1 
100 40 50 1 null 43 86 1 1 
100 40 50 1 null 43 90 2 1 
100 40 50 1 null 43 94 1 1 
100 40 50 1 null 44 2 2 1 
100 40 50 1 null 44 5 2 1 
100 40 50 1 null 44 15 2 1 
100 40 50 1 null 44 22 1 1 
100 40 50 1 null 44 27 2 1 
100 40 50 1 null 44 28 2 1 
100 40 50 1 null 44 33 2 1 
100 40 50 1 null 44 42 1 1 
100 40 50 1 null 44 45 2 1 
100 40 50 1 null 44 62 2 1 
100 40 50 1 null 44 70 1 1 
100 40 50 1 null 44 76 1 1 
100 40 50 1 null 44 77 1 1 
100 40 50 1 null 44 81 3 1 
100 40 50 1 null 44 92 2 1 
100 40 50 1 null 45 1 1 1 
100 40 50 1 null 45 3 1 1 
100 40 50 1 null 45 6 2 1 
100 40 50 1 null 45 27 1 1 
100 40 50 1 null 45 30 2 1 
100 40 50 1 null 45 34 2 1 
100 40 50 1 null 45 47 1 1 
100 40 50 1 null 45 49 1 1 
100 40 50 1 null 45 54 1 1 
100 40 50 1 null 45 56 3 1 
100 40 50 1 null 45 64 2 1 
100 40 50 1 null 45 81 2 1 
100 40 50 1 null 45 85 2 1 
100 40 50 1 null 45 96 1 1 
100 40 50 1 null 46 5 1 1 
100 40 50 1 null 46 11 2 1 
100 40 50 1 null 46 12 1 1 
100 40 50 1 null 46 13 1 1 
100 40 50 1 null 46 14 3 1 
100 40 50 1 null 46 18 1 1 
100 40 50 1 null 46 19 3 1 
100 40 50 1 null 46 21 2 1 
100 40 50 1 null 46 24 2 1 
100 40 50 1 null 46 27 1 1 
100 40 50 1 null 46 29 3 1 
100 40 50 1 null 46 30 2 1 
100 40 50 1 null 46 33 2 1 
100 40 50 1 null 46 51 1 1 
100 40 50 1 null 46 53 1 1 
100 40 50 1 null 46 67 1 1 
100 40 50 1 null 46 68 2 1 
100 40 50 1 null 46 80 1 1 
100 40 50 1 null 46 81 2 1 
100 40 50 1 null 46 83 1 1 
100 40 50 1 null 46 89 1 1 
100 40 50 1 null 46 94 2 1 
100 40 50 1 null 46 97 2 1 
100 40 50 1 null 47 6 2 1 
100 40 50 1 null 47 15 1 1 
100 40 50 1 null 47 17 2 1 
100 40 50 1 null 47 27 2 1 
100 40 50 1 null 47 34 1 1 
100 40 50 1 null 47 37 1 1 
100 40 50 1 null 47 40 2 1 
100 40 50 1 null 47 43 2 1 
100 40 50 1 null 47 51 2 1 
100 40 50 1 null 47 57 2 1 
100 40 50 1 null 47 70 2 1 
100 40 50 1 null 47 73 1 1 
100 40 50 1 null 47 77 1 1 
100 40 50 1 null 47 78 1 1 
100 40 50 1 null 47 82 3 1 
100 40 50 1 null 47 98 2 1 
100 40 50 1 null 48 3 1 1 
100 40 50 1 null 48 11 2 1 
100 40 50 1 null 48 12 3 1 
100 40 50 1 null 48 16 1 1 
100 40 50 1 null 48 21 2 1 
100 40 50 1 null 48 26 1 1 
100 40 50 1 null 48 27 1 1 
100 40 50 1 null 48 28 3 1 
100 40 50 1 null 48 38 2 1 
100 40 50 1 null 48 40 1 1 
100 40 50 1 null 48 42 1 1 
100 40 50 1 null 48 53 2 1 
100 40 50 1 null 48 57 2 1 
100 40 50 1 null 48 58 3 1 
100 40 50 1 null 48 59 1 1 
100 40 50 1 null 48 61 2 1 
100 40 50 1 null 48 67 1 1 
100 40 50 1 null 48 70 1 1 
100 40 50 1 null 48 72 1 1 
100 40 50 1 null 48 75 1 1 
100 40 50 1 null 48 79 1 1 
100 40 50 1 null 48 85 1 1 
100 40 50 1 null 48 91 1 1 
100 40 50 1 null 48 92 1 1 
100 40 50 1 null 48 93 2 1 
100 40 50 1 null 49 10 2 1 
100 40 50 1 null 49 15 1 1 
100 40 50 1 null 49 41 1 1 
100 40 50 1 null 49 44 1 1 
100 40 50 1 null 49 46 1 1 
100 40 50 1 null 49 53 1 1 
100 40 50 1 null 49 65 1 1 
100 40 50 1 null 49 74 1 1 
100 40 50 1 null 49 84 1 1 
100 40 50 1 null 49 86 2 1 
100 40 50 1 null 49 94 1 1 
100 40 50 1 null 50 7 2 1 
100 40 50 1 null 50 11 2 1 
100 40 50 1 null 50 25 2 1 
100 40 50 1 null 50 43 2 1 
100 40 50 1 null 50 51 3 1 
100 40 50 1 null 50 55 1 1 
100 40 50 1 null 50 60 2 1 
100 40 50 1 null 50 66 2 1 
100 40 50 1 null 50 71 1 1 
100 40 50 1 null 50 97 2 1 
