100 40 50 2 null 1 1 1 1 
100 40 50 2 null 1 2 1 1 
100 40 50 2 null 1 3 1 1 
100 40 50 2 null 1 7 3 1 
100 40 50 2 null 1 45 1 1 
100 40 50 2 null 1 53 2 1 
100 40 50 2 null 1 67 1 1 
100 40 50 2 null 1 68 1 1 
100 40 50 2 null 1 75 2 1 
100 40 50 2 null 1 89 3 1 
100 40 50 2 null 1 96 1 1 
100 40 50 2 null 2 3 1 1 
100 40 50 2 null 2 10 3 1 
100 40 50 2 null 2 19 2 1 
100 40 50 2 null 2 23 1 1 
100 40 50 2 null 2 26 3 1 
100 40 50 2 null 2 33 3 1 
100 40 50 2 null 2 39 3 1 
100 40 50 2 null 2 47 1 1 
100 40 50 2 null 2 49 2 1 
100 40 50 2 null 2 67 1 1 
100 40 50 2 null 2 80 2 1 
100 40 50 2 null 2 92 2 1 
100 40 50 2 null 2 95 1 1 
100 40 50 2 null 2 100 2 1 
100 40 50 2 null 3 10 1 1 
100 40 50 2 null 3 11 3 1 
100 40 50 2 null 3 15 1 1 
100 40 50 2 null 3 16 2 1 
100 40 50 2 null 3 18 2 1 
100 40 50 2 null 3 20 3 1 
100 40 50 2 null 3 22 1 1 
100 40 50 2 null 3 25 1 1 
100 40 50 2 null 3 34 1 1 
100 40 50 2 null 3 42 2 1 
100 40 50 2 null 3 44 1 1 
100 40 50 2 null 3 68 2 1 
100 40 50 2 null 3 78 1 1 
100 40 50 2 null 3 79 1 1 
100 40 50 2 null 3 81 1 1 
100 40 50 2 null 3 83 1 1 
100 40 50 2 null 3 87 1 1 
100 40 50 2 null 3 89 2 1 
100 40 50 2 null 3 91 1 1 
100 40 50 2 null 3 98 1 1 
100 40 50 2 null 3 100 1 1 
100 40 50 2 null 4 7 2 1 
100 40 50 2 null 4 17 1 1 
100 40 50 2 null 4 20 1 1 
100 40 50 2 null 4 24 2 1 
100 40 50 2 null 4 28 1 1 
100 40 50 2 null 4 34 1 1 
100 40 50 2 null 4 40 2 1 
100 40 50 2 null 4 48 2 1 
100 40 50 2 null 4 50 2 1 
100 40 50 2 null 4 52 1 1 
100 40 50 2 null 4 61 1 1 
100 40 50 2 null 4 62 1 1 
100 40 50 2 null 4 67 1 1 
100 40 50 2 null 4 83 1 1 
100 40 50 2 null 5 4 1 1 
100 40 50 2 null 5 10 1 1 
100 40 50 2 null 5 19 1 1 
100 40 50 2 null 5 24 1 1 
100 40 50 2 null 5 26 1 1 
100 40 50 2 null 5 49 1 1 
100 40 50 2 null 5 50 2 1 
100 40 50 2 null 5 56 1 1 
100 40 50 2 null 5 62 2 1 
100 40 50 2 null 5 63 2 1 
100 40 50 2 null 5 76 2 1 
100 40 50 2 null 5 78 2 1 
100 40 50 2 null 5 80 2 1 
100 40 50 2 null 5 81 3 1 
100 40 50 2 null 5 82 1 1 
100 40 50 2 null 5 88 1 1 
100 40 50 2 null 5 92 2 1 
100 40 50 2 null 5 94 1 1 
100 40 50 2 null 6 2 2 1 
100 40 50 2 null 6 5 1 1 
100 40 50 2 null 6 7 1 1 
100 40 50 2 null 6 15 2 1 
100 40 50 2 null 6 16 3 1 
100 40 50 2 null 6 17 2 1 
100 40 50 2 null 6 18 2 1 
100 40 50 2 null 6 22 1 1 
100 40 50 2 null 6 26 3 1 
100 40 50 2 null 6 30 1 1 
100 40 50 2 null 6 42 2 1 
100 40 50 2 null 6 43 1 1 
100 40 50 2 null 6 57 1 1 
100 40 50 2 null 6 59 2 1 
100 40 50 2 null 6 60 3 1 
100 40 50 2 null 6 84 2 1 
100 40 50 2 null 6 97 2 1 
100 40 50 2 null 7 1 1 1 
100 40 50 2 null 7 6 1 1 
100 40 50 2 null 7 9 1 1 
100 40 50 2 null 7 11 1 1 
100 40 50 2 null 7 14 1 1 
100 40 50 2 null 7 17 1 1 
100 40 50 2 null 7 25 2 1 
100 40 50 2 null 7 28 1 1 
100 40 50 2 null 7 47 1 1 
100 40 50 2 null 7 50 1 1 
100 40 50 2 null 7 63 2 1 
100 40 50 2 null 7 64 1 1 
100 40 50 2 null 7 68 2 1 
100 40 50 2 null 7 71 3 1 
100 40 50 2 null 7 73 1 1 
100 40 50 2 null 7 74 1 1 
100 40 50 2 null 7 87 1 1 
100 40 50 2 null 8 2 3 1 
100 40 50 2 null 8 4 1 1 
100 40 50 2 null 8 5 2 1 
100 40 50 2 null 8 32 1 1 
100 40 50 2 null 8 33 2 1 
100 40 50 2 null 8 34 1 1 
100 40 50 2 null 8 37 2 1 
100 40 50 2 null 8 50 3 1 
100 40 50 2 null 8 53 2 1 
100 40 50 2 null 8 55 2 1 
100 40 50 2 null 8 61 1 1 
100 40 50 2 null 8 63 1 1 
100 40 50 2 null 8 65 2 1 
100 40 50 2 null 8 78 3 1 
100 40 50 2 null 8 79 2 1 
100 40 50 2 null 8 87 2 1 
100 40 50 2 null 8 89 1 1 
100 40 50 2 null 8 94 2 1 
100 40 50 2 null 9 8 1 1 
100 40 50 2 null 9 11 1 1 
100 40 50 2 null 9 22 1 1 
100 40 50 2 null 9 30 1 1 
100 40 50 2 null 9 31 1 1 
100 40 50 2 null 9 32 1 1 
100 40 50 2 null 9 33 1 1 
100 40 50 2 null 9 34 2 1 
100 40 50 2 null 9 38 1 1 
100 40 50 2 null 9 41 1 1 
100 40 50 2 null 9 45 1 1 
100 40 50 2 null 9 47 3 1 
100 40 50 2 null 9 53 2 1 
100 40 50 2 null 9 57 1 1 
100 40 50 2 null 9 62 1 1 
100 40 50 2 null 9 64 1 1 
100 40 50 2 null 9 72 2 1 
100 40 50 2 null 9 74 1 1 
100 40 50 2 null 9 78 1 1 
100 40 50 2 null 9 82 2 1 
100 40 50 2 null 9 87 1 1 
100 40 50 2 null 9 92 1 1 
100 40 50 2 null 9 98 2 1 
100 40 50 2 null 10 4 3 1 
100 40 50 2 null 10 7 2 1 
100 40 50 2 null 10 8 1 1 
100 40 50 2 null 10 18 1 1 
100 40 50 2 null 10 25 1 1 
100 40 50 2 null 10 36 2 1 
100 40 50 2 null 10 41 2 1 
100 40 50 2 null 10 43 2 1 
100 40 50 2 null 10 44 2 1 
100 40 50 2 null 10 57 2 1 
100 40 50 2 null 10 58 1 1 
100 40 50 2 null 10 60 2 1 
100 40 50 2 null 10 81 2 1 
100 40 50 2 null 10 87 3 1 
100 40 50 2 null 10 88 2 1 
100 40 50 2 null 10 96 2 1 
100 40 50 2 null 10 99 2 1 
100 40 50 2 null 11 1 1 1 
100 40 50 2 null 11 5 2 1 
100 40 50 2 null 11 7 2 1 
100 40 50 2 null 11 12 1 1 
100 40 50 2 null 11 15 1 1 
100 40 50 2 null 11 20 2 1 
100 40 50 2 null 11 40 3 1 
100 40 50 2 null 11 43 2 1 
100 40 50 2 null 11 45 2 1 
100 40 50 2 null 11 48 1 1 
100 40 50 2 null 11 90 2 1 
100 40 50 2 null 11 92 2 1 
100 40 50 2 null 11 95 3 1 
100 40 50 2 null 11 98 1 1 
100 40 50 2 null 12 11 2 1 
100 40 50 2 null 12 15 1 1 
100 40 50 2 null 12 16 2 1 
100 40 50 2 null 12 18 1 1 
100 40 50 2 null 12 22 1 1 
100 40 50 2 null 12 56 3 1 
100 40 50 2 null 12 57 1 1 
100 40 50 2 null 12 65 2 1 
100 40 50 2 null 12 68 2 1 
100 40 50 2 null 12 89 1 1 
100 40 50 2 null 12 91 1 1 
100 40 50 2 null 12 95 1 1 
100 40 50 2 null 13 4 1 1 
100 40 50 2 null 13 6 2 1 
100 40 50 2 null 13 17 2 1 
100 40 50 2 null 13 25 3 1 
100 40 50 2 null 13 29 1 1 
100 40 50 2 null 13 33 2 1 
100 40 50 2 null 13 46 1 1 
100 40 50 2 null 13 47 2 1 
100 40 50 2 null 13 54 2 1 
100 40 50 2 null 13 58 2 1 
100 40 50 2 null 13 59 1 1 
100 40 50 2 null 13 62 1 1 
100 40 50 2 null 13 63 2 1 
100 40 50 2 null 13 71 2 1 
100 40 50 2 null 13 77 2 1 
100 40 50 2 null 13 94 1 1 
100 40 50 2 null 13 96 2 1 
100 40 50 2 null 14 11 1 1 
100 40 50 2 null 14 24 1 1 
100 40 50 2 null 14 31 2 1 
100 40 50 2 null 14 42 3 1 
100 40 50 2 null 14 51 2 1 
100 40 50 2 null 14 53 2 1 
100 40 50 2 null 14 59 1 1 
100 40 50 2 null 14 63 2 1 
100 40 50 2 null 14 66 2 1 
100 40 50 2 null 14 86 2 1 
100 40 50 2 null 14 88 1 1 
100 40 50 2 null 14 94 1 1 
100 40 50 2 null 14 96 2 1 
100 40 50 2 null 15 3 2 1 
100 40 50 2 null 15 5 2 1 
100 40 50 2 null 15 6 2 1 
100 40 50 2 null 15 9 1 1 
100 40 50 2 null 15 12 2 1 
100 40 50 2 null 15 26 2 1 
100 40 50 2 null 15 30 2 1 
100 40 50 2 null 15 33 2 1 
100 40 50 2 null 15 35 2 1 
100 40 50 2 null 15 37 2 1 
100 40 50 2 null 15 50 1 1 
100 40 50 2 null 15 51 1 1 
100 40 50 2 null 15 52 2 1 
100 40 50 2 null 15 61 1 1 
100 40 50 2 null 15 63 1 1 
100 40 50 2 null 15 67 2 1 
100 40 50 2 null 15 75 3 1 
100 40 50 2 null 15 98 2 1 
100 40 50 2 null 16 6 1 1 
100 40 50 2 null 16 19 2 1 
100 40 50 2 null 16 20 2 1 
100 40 50 2 null 16 26 1 1 
100 40 50 2 null 16 28 3 1 
100 40 50 2 null 16 31 2 1 
100 40 50 2 null 16 45 2 1 
100 40 50 2 null 16 48 1 1 
100 40 50 2 null 16 61 3 1 
100 40 50 2 null 16 72 3 1 
100 40 50 2 null 16 74 2 1 
100 40 50 2 null 16 77 1 1 
100 40 50 2 null 16 83 2 1 
100 40 50 2 null 16 97 1 1 
100 40 50 2 null 16 100 2 1 
100 40 50 2 null 17 3 1 1 
100 40 50 2 null 17 8 1 1 
100 40 50 2 null 17 11 1 1 
100 40 50 2 null 17 15 1 1 
100 40 50 2 null 17 18 2 1 
100 40 50 2 null 17 19 3 1 
100 40 50 2 null 17 20 1 1 
100 40 50 2 null 17 21 2 1 
100 40 50 2 null 17 23 2 1 
100 40 50 2 null 17 33 3 1 
100 40 50 2 null 17 38 1 1 
100 40 50 2 null 17 40 1 1 
100 40 50 2 null 17 72 2 1 
100 40 50 2 null 17 80 1 1 
100 40 50 2 null 17 81 1 1 
100 40 50 2 null 17 82 1 1 
100 40 50 2 null 17 96 3 1 
100 40 50 2 null 18 19 1 1 
100 40 50 2 null 18 22 2 1 
100 40 50 2 null 18 26 1 1 
100 40 50 2 null 18 31 1 1 
100 40 50 2 null 18 33 3 1 
100 40 50 2 null 18 37 2 1 
100 40 50 2 null 18 40 2 1 
100 40 50 2 null 18 49 3 1 
100 40 50 2 null 18 54 2 1 
100 40 50 2 null 18 56 2 1 
100 40 50 2 null 18 63 1 1 
100 40 50 2 null 18 70 2 1 
100 40 50 2 null 18 76 2 1 
100 40 50 2 null 18 77 2 1 
100 40 50 2 null 18 86 2 1 
100 40 50 2 null 18 88 1 1 
100 40 50 2 null 18 90 1 1 
100 40 50 2 null 18 94 2 1 
100 40 50 2 null 18 96 1 1 
100 40 50 2 null 18 97 2 1 
100 40 50 2 null 19 8 2 1 
100 40 50 2 null 19 9 2 1 
100 40 50 2 null 19 16 1 1 
100 40 50 2 null 19 17 1 1 
100 40 50 2 null 19 21 1 1 
100 40 50 2 null 19 24 2 1 
100 40 50 2 null 19 28 1 1 
100 40 50 2 null 19 32 2 1 
100 40 50 2 null 19 34 2 1 
100 40 50 2 null 19 46 1 1 
100 40 50 2 null 19 47 2 1 
100 40 50 2 null 19 51 2 1 
100 40 50 2 null 19 56 2 1 
100 40 50 2 null 19 69 2 1 
100 40 50 2 null 19 71 2 1 
100 40 50 2 null 19 77 2 1 
100 40 50 2 null 19 83 1 1 
100 40 50 2 null 20 14 2 1 
100 40 50 2 null 20 27 2 1 
100 40 50 2 null 20 31 2 1 
100 40 50 2 null 20 38 2 1 
100 40 50 2 null 20 43 2 1 
100 40 50 2 null 20 53 2 1 
100 40 50 2 null 20 54 3 1 
100 40 50 2 null 20 59 2 1 
100 40 50 2 null 20 60 2 1 
100 40 50 2 null 20 61 2 1 
100 40 50 2 null 20 62 2 1 
100 40 50 2 null 20 67 2 1 
100 40 50 2 null 20 79 2 1 
100 40 50 2 null 20 90 2 1 
100 40 50 2 null 20 91 2 1 
100 40 50 2 null 20 99 3 1 
100 40 50 2 null 21 3 2 1 
100 40 50 2 null 21 4 1 1 
100 40 50 2 null 21 5 1 1 
100 40 50 2 null 21 6 1 1 
100 40 50 2 null 21 18 1 1 
100 40 50 2 null 21 19 2 1 
100 40 50 2 null 21 20 3 1 
100 40 50 2 null 21 22 1 1 
100 40 50 2 null 21 26 2 1 
100 40 50 2 null 21 27 1 1 
100 40 50 2 null 21 28 3 1 
100 40 50 2 null 21 30 1 1 
100 40 50 2 null 21 33 1 1 
100 40 50 2 null 21 42 2 1 
100 40 50 2 null 21 56 2 1 
100 40 50 2 null 21 74 1 1 
100 40 50 2 null 21 78 1 1 
100 40 50 2 null 21 79 2 1 
100 40 50 2 null 21 82 1 1 
100 40 50 2 null 21 85 1 1 
100 40 50 2 null 21 91 1 1 
100 40 50 2 null 21 98 3 1 
100 40 50 2 null 22 4 2 1 
100 40 50 2 null 22 8 1 1 
100 40 50 2 null 22 10 2 1 
100 40 50 2 null 22 17 1 1 
100 40 50 2 null 22 26 1 1 
100 40 50 2 null 22 29 1 1 
100 40 50 2 null 22 34 3 1 
100 40 50 2 null 22 35 3 1 
100 40 50 2 null 22 39 1 1 
100 40 50 2 null 22 48 3 1 
100 40 50 2 null 22 54 3 1 
100 40 50 2 null 22 55 2 1 
100 40 50 2 null 22 60 2 1 
100 40 50 2 null 22 62 2 1 
100 40 50 2 null 22 79 1 1 
100 40 50 2 null 22 90 2 1 
100 40 50 2 null 22 93 2 1 
100 40 50 2 null 22 95 1 1 
100 40 50 2 null 22 97 2 1 
100 40 50 2 null 23 2 2 1 
100 40 50 2 null 23 3 1 1 
100 40 50 2 null 23 4 1 1 
100 40 50 2 null 23 5 2 1 
100 40 50 2 null 23 8 2 1 
100 40 50 2 null 23 11 2 1 
100 40 50 2 null 23 22 1 1 
100 40 50 2 null 23 23 3 1 
100 40 50 2 null 23 27 1 1 
100 40 50 2 null 23 28 2 1 
100 40 50 2 null 23 36 1 1 
100 40 50 2 null 23 43 1 1 
100 40 50 2 null 23 44 2 1 
100 40 50 2 null 23 46 2 1 
100 40 50 2 null 23 50 2 1 
100 40 50 2 null 23 53 1 1 
100 40 50 2 null 23 58 2 1 
100 40 50 2 null 23 81 1 1 
100 40 50 2 null 23 91 1 1 
100 40 50 2 null 23 92 1 1 
100 40 50 2 null 23 93 1 1 
100 40 50 2 null 23 95 1 1 
100 40 50 2 null 23 97 1 1 
100 40 50 2 null 24 9 1 1 
100 40 50 2 null 24 14 1 1 
100 40 50 2 null 24 28 2 1 
100 40 50 2 null 24 33 2 1 
100 40 50 2 null 24 47 1 1 
100 40 50 2 null 24 51 1 1 
100 40 50 2 null 24 52 2 1 
100 40 50 2 null 24 54 1 1 
100 40 50 2 null 24 57 2 1 
100 40 50 2 null 24 58 1 1 
100 40 50 2 null 24 64 2 1 
100 40 50 2 null 24 67 2 1 
100 40 50 2 null 24 73 1 1 
100 40 50 2 null 24 74 3 1 
100 40 50 2 null 24 75 1 1 
100 40 50 2 null 24 78 2 1 
100 40 50 2 null 24 98 1 1 
100 40 50 2 null 25 1 3 1 
100 40 50 2 null 25 17 2 1 
100 40 50 2 null 25 20 1 1 
100 40 50 2 null 25 25 2 1 
100 40 50 2 null 25 30 2 1 
100 40 50 2 null 25 31 1 1 
100 40 50 2 null 25 43 1 1 
100 40 50 2 null 25 44 3 1 
100 40 50 2 null 25 56 1 1 
100 40 50 2 null 25 62 1 1 
100 40 50 2 null 25 70 2 1 
100 40 50 2 null 25 80 1 1 
100 40 50 2 null 25 86 2 1 
100 40 50 2 null 25 90 2 1 
100 40 50 2 null 26 3 1 1 
100 40 50 2 null 26 10 2 1 
100 40 50 2 null 26 12 1 1 
100 40 50 2 null 26 17 2 1 
100 40 50 2 null 26 26 1 1 
100 40 50 2 null 26 28 1 1 
100 40 50 2 null 26 30 2 1 
100 40 50 2 null 26 34 1 1 
100 40 50 2 null 26 35 2 1 
100 40 50 2 null 26 39 3 1 
100 40 50 2 null 26 40 2 1 
100 40 50 2 null 26 47 2 1 
100 40 50 2 null 26 51 2 1 
100 40 50 2 null 26 53 2 1 
100 40 50 2 null 26 67 1 1 
100 40 50 2 null 26 76 1 1 
100 40 50 2 null 26 77 2 1 
100 40 50 2 null 26 80 3 1 
100 40 50 2 null 26 83 1 1 
100 40 50 2 null 26 84 1 1 
100 40 50 2 null 26 88 1 1 
100 40 50 2 null 26 90 1 1 
100 40 50 2 null 26 96 1 1 
100 40 50 2 null 26 100 2 1 
100 40 50 2 null 27 3 2 1 
100 40 50 2 null 27 10 1 1 
100 40 50 2 null 27 16 1 1 
100 40 50 2 null 27 25 1 1 
100 40 50 2 null 27 39 2 1 
100 40 50 2 null 27 41 2 1 
100 40 50 2 null 27 56 1 1 
100 40 50 2 null 27 59 1 1 
100 40 50 2 null 27 60 2 1 
100 40 50 2 null 27 78 1 1 
100 40 50 2 null 27 87 2 1 
100 40 50 2 null 27 88 1 1 
100 40 50 2 null 28 7 1 1 
100 40 50 2 null 28 9 1 1 
100 40 50 2 null 28 10 2 1 
100 40 50 2 null 28 15 2 1 
100 40 50 2 null 28 19 1 1 
100 40 50 2 null 28 31 3 1 
100 40 50 2 null 28 34 2 1 
100 40 50 2 null 28 38 2 1 
100 40 50 2 null 28 39 1 1 
100 40 50 2 null 28 40 1 1 
100 40 50 2 null 28 41 2 1 
100 40 50 2 null 28 45 2 1 
100 40 50 2 null 28 49 1 1 
100 40 50 2 null 28 51 1 1 
100 40 50 2 null 28 54 2 1 
100 40 50 2 null 28 73 1 1 
100 40 50 2 null 28 74 1 1 
100 40 50 2 null 28 78 3 1 
100 40 50 2 null 28 81 1 1 
100 40 50 2 null 28 84 1 1 
100 40 50 2 null 28 88 1 1 
100 40 50 2 null 28 92 1 1 
100 40 50 2 null 28 98 1 1 
100 40 50 2 null 29 5 1 1 
100 40 50 2 null 29 10 1 1 
100 40 50 2 null 29 12 3 1 
100 40 50 2 null 29 18 3 1 
100 40 50 2 null 29 27 1 1 
100 40 50 2 null 29 28 1 1 
100 40 50 2 null 29 32 3 1 
100 40 50 2 null 29 36 2 1 
100 40 50 2 null 29 88 2 1 
100 40 50 2 null 29 89 2 1 
100 40 50 2 null 30 6 1 1 
100 40 50 2 null 30 13 1 1 
100 40 50 2 null 30 15 1 1 
100 40 50 2 null 30 19 2 1 
100 40 50 2 null 30 25 1 1 
100 40 50 2 null 30 29 2 1 
100 40 50 2 null 30 32 1 1 
100 40 50 2 null 30 33 2 1 
100 40 50 2 null 30 36 1 1 
100 40 50 2 null 30 46 2 1 
100 40 50 2 null 30 49 1 1 
100 40 50 2 null 30 51 3 1 
100 40 50 2 null 30 53 1 1 
100 40 50 2 null 30 56 1 1 
100 40 50 2 null 30 68 1 1 
100 40 50 2 null 30 80 1 1 
100 40 50 2 null 30 88 1 1 
100 40 50 2 null 30 91 1 1 
100 40 50 2 null 30 92 2 1 
100 40 50 2 null 30 94 1 1 
100 40 50 2 null 30 95 3 1 
100 40 50 2 null 30 99 1 1 
100 40 50 2 null 31 14 2 1 
100 40 50 2 null 31 17 2 1 
100 40 50 2 null 31 24 2 1 
100 40 50 2 null 31 29 1 1 
100 40 50 2 null 31 31 1 1 
100 40 50 2 null 31 35 1 1 
100 40 50 2 null 31 39 1 1 
100 40 50 2 null 31 49 2 1 
100 40 50 2 null 31 63 2 1 
100 40 50 2 null 31 66 1 1 
100 40 50 2 null 31 69 2 1 
100 40 50 2 null 31 72 2 1 
100 40 50 2 null 31 98 3 1 
100 40 50 2 null 31 100 1 1 
100 40 50 2 null 32 2 2 1 
100 40 50 2 null 32 3 3 1 
100 40 50 2 null 32 7 1 1 
100 40 50 2 null 32 15 2 1 
100 40 50 2 null 32 19 3 1 
100 40 50 2 null 32 22 1 1 
100 40 50 2 null 32 27 1 1 
100 40 50 2 null 32 29 1 1 
100 40 50 2 null 32 33 1 1 
100 40 50 2 null 32 45 2 1 
100 40 50 2 null 32 62 2 1 
100 40 50 2 null 32 66 2 1 
100 40 50 2 null 32 73 1 1 
100 40 50 2 null 32 89 2 1 
100 40 50 2 null 32 93 2 1 
100 40 50 2 null 32 94 1 1 
100 40 50 2 null 32 100 2 1 
100 40 50 2 null 33 2 3 1 
100 40 50 2 null 33 15 2 1 
100 40 50 2 null 33 24 3 1 
100 40 50 2 null 33 26 2 1 
100 40 50 2 null 33 29 2 1 
100 40 50 2 null 33 34 1 1 
100 40 50 2 null 33 36 1 1 
100 40 50 2 null 33 39 3 1 
100 40 50 2 null 33 45 2 1 
100 40 50 2 null 33 49 2 1 
100 40 50 2 null 33 51 1 1 
100 40 50 2 null 33 60 1 1 
100 40 50 2 null 33 65 2 1 
100 40 50 2 null 33 70 2 1 
100 40 50 2 null 33 73 2 1 
100 40 50 2 null 33 75 1 1 
100 40 50 2 null 33 79 2 1 
100 40 50 2 null 33 87 2 1 
100 40 50 2 null 34 10 2 1 
100 40 50 2 null 34 11 2 1 
100 40 50 2 null 34 14 2 1 
100 40 50 2 null 34 22 1 1 
100 40 50 2 null 34 25 2 1 
100 40 50 2 null 34 26 1 1 
100 40 50 2 null 34 38 3 1 
100 40 50 2 null 34 49 2 1 
100 40 50 2 null 34 50 2 1 
100 40 50 2 null 34 52 2 1 
100 40 50 2 null 34 69 1 1 
100 40 50 2 null 34 72 1 1 
100 40 50 2 null 34 78 1 1 
100 40 50 2 null 34 84 1 1 
100 40 50 2 null 34 89 2 1 
100 40 50 2 null 34 90 2 1 
100 40 50 2 null 35 3 2 1 
100 40 50 2 null 35 9 1 1 
100 40 50 2 null 35 13 1 1 
100 40 50 2 null 35 14 1 1 
100 40 50 2 null 35 16 1 1 
100 40 50 2 null 35 22 2 1 
100 40 50 2 null 35 23 2 1 
100 40 50 2 null 35 28 2 1 
100 40 50 2 null 35 29 2 1 
100 40 50 2 null 35 37 2 1 
100 40 50 2 null 35 40 2 1 
100 40 50 2 null 35 41 2 1 
100 40 50 2 null 35 43 1 1 
100 40 50 2 null 35 46 2 1 
100 40 50 2 null 35 48 3 1 
100 40 50 2 null 35 52 2 1 
100 40 50 2 null 35 59 2 1 
100 40 50 2 null 35 61 1 1 
100 40 50 2 null 35 68 1 1 
100 40 50 2 null 35 72 1 1 
100 40 50 2 null 35 75 3 1 
100 40 50 2 null 35 84 3 1 
100 40 50 2 null 35 86 3 1 
100 40 50 2 null 35 91 2 1 
100 40 50 2 null 35 94 2 1 
100 40 50 2 null 35 98 1 1 
100 40 50 2 null 36 15 1 1 
100 40 50 2 null 36 18 3 1 
100 40 50 2 null 36 23 1 1 
100 40 50 2 null 36 28 2 1 
100 40 50 2 null 36 34 1 1 
100 40 50 2 null 36 37 2 1 
100 40 50 2 null 36 40 1 1 
100 40 50 2 null 36 42 2 1 
100 40 50 2 null 36 48 2 1 
100 40 50 2 null 36 65 1 1 
100 40 50 2 null 36 83 1 1 
100 40 50 2 null 36 87 2 1 
100 40 50 2 null 36 95 1 1 
100 40 50 2 null 36 99 2 1 
100 40 50 2 null 37 4 2 1 
100 40 50 2 null 37 8 1 1 
100 40 50 2 null 37 14 1 1 
100 40 50 2 null 37 17 1 1 
100 40 50 2 null 37 19 2 1 
100 40 50 2 null 37 23 2 1 
100 40 50 2 null 37 35 1 1 
100 40 50 2 null 37 39 1 1 
100 40 50 2 null 37 46 2 1 
100 40 50 2 null 37 48 3 1 
100 40 50 2 null 37 59 1 1 
100 40 50 2 null 37 64 2 1 
100 40 50 2 null 37 68 2 1 
100 40 50 2 null 37 71 2 1 
100 40 50 2 null 37 83 1 1 
100 40 50 2 null 37 90 2 1 
100 40 50 2 null 38 6 2 1 
100 40 50 2 null 38 11 1 1 
100 40 50 2 null 38 19 2 1 
100 40 50 2 null 38 22 3 1 
100 40 50 2 null 38 27 2 1 
100 40 50 2 null 38 41 1 1 
100 40 50 2 null 38 42 2 1 
100 40 50 2 null 38 53 2 1 
100 40 50 2 null 38 61 2 1 
100 40 50 2 null 38 68 1 1 
100 40 50 2 null 38 70 3 1 
100 40 50 2 null 38 71 2 1 
100 40 50 2 null 38 76 2 1 
100 40 50 2 null 38 89 1 1 
100 40 50 2 null 38 95 2 1 
100 40 50 2 null 39 11 3 1 
100 40 50 2 null 39 18 2 1 
100 40 50 2 null 39 24 2 1 
100 40 50 2 null 39 32 2 1 
100 40 50 2 null 39 40 3 1 
100 40 50 2 null 39 72 2 1 
100 40 50 2 null 39 84 2 1 
100 40 50 2 null 39 90 3 1 
100 40 50 2 null 39 92 2 1 
100 40 50 2 null 39 95 2 1 
100 40 50 2 null 40 3 2 1 
100 40 50 2 null 40 5 2 1 
100 40 50 2 null 40 14 1 1 
100 40 50 2 null 40 15 1 1 
100 40 50 2 null 40 19 1 1 
100 40 50 2 null 40 30 2 1 
100 40 50 2 null 40 31 1 1 
100 40 50 2 null 40 40 2 1 
100 40 50 2 null 40 41 3 1 
100 40 50 2 null 40 48 2 1 
100 40 50 2 null 40 49 2 1 
100 40 50 2 null 40 71 2 1 
100 40 50 2 null 40 82 1 1 
100 40 50 2 null 40 86 1 1 
100 40 50 2 null 41 4 1 1 
100 40 50 2 null 41 7 1 1 
100 40 50 2 null 41 24 2 1 
100 40 50 2 null 41 37 2 1 
100 40 50 2 null 41 38 1 1 
100 40 50 2 null 41 53 1 1 
100 40 50 2 null 41 57 1 1 
100 40 50 2 null 41 60 3 1 
100 40 50 2 null 41 63 1 1 
100 40 50 2 null 41 70 2 1 
100 40 50 2 null 41 77 2 1 
100 40 50 2 null 41 84 2 1 
100 40 50 2 null 41 87 1 1 
100 40 50 2 null 41 88 1 1 
100 40 50 2 null 41 89 1 1 
100 40 50 2 null 41 94 2 1 
100 40 50 2 null 41 96 2 1 
100 40 50 2 null 42 1 1 1 
100 40 50 2 null 42 24 1 1 
100 40 50 2 null 42 27 1 1 
100 40 50 2 null 42 34 3 1 
100 40 50 2 null 42 38 2 1 
100 40 50 2 null 42 42 3 1 
100 40 50 2 null 42 46 2 1 
100 40 50 2 null 42 52 1 1 
100 40 50 2 null 42 58 2 1 
100 40 50 2 null 42 62 2 1 
100 40 50 2 null 42 72 2 1 
100 40 50 2 null 42 75 1 1 
100 40 50 2 null 42 77 2 1 
100 40 50 2 null 42 96 2 1 
100 40 50 2 null 43 14 1 1 
100 40 50 2 null 43 19 2 1 
100 40 50 2 null 43 23 1 1 
100 40 50 2 null 43 49 2 1 
100 40 50 2 null 43 52 2 1 
100 40 50 2 null 43 53 3 1 
100 40 50 2 null 43 56 3 1 
100 40 50 2 null 43 60 2 1 
100 40 50 2 null 43 70 2 1 
100 40 50 2 null 43 78 2 1 
100 40 50 2 null 43 81 1 1 
100 40 50 2 null 43 92 3 1 
100 40 50 2 null 43 94 2 1 
100 40 50 2 null 43 97 2 1 
100 40 50 2 null 44 2 1 1 
100 40 50 2 null 44 7 2 1 
100 40 50 2 null 44 22 2 1 
100 40 50 2 null 44 25 1 1 
100 40 50 2 null 44 26 2 1 
100 40 50 2 null 44 31 1 1 
100 40 50 2 null 44 37 1 1 
100 40 50 2 null 44 51 1 1 
100 40 50 2 null 44 58 1 1 
100 40 50 2 null 44 61 2 1 
100 40 50 2 null 44 68 1 1 
100 40 50 2 null 44 69 1 1 
100 40 50 2 null 44 73 1 1 
100 40 50 2 null 44 76 1 1 
100 40 50 2 null 44 77 1 1 
100 40 50 2 null 44 83 2 1 
100 40 50 2 null 44 84 2 1 
100 40 50 2 null 44 98 2 1 
100 40 50 2 null 45 11 2 1 
100 40 50 2 null 45 12 1 1 
100 40 50 2 null 45 15 1 1 
100 40 50 2 null 45 24 1 1 
100 40 50 2 null 45 27 1 1 
100 40 50 2 null 45 33 1 1 
100 40 50 2 null 45 34 2 1 
100 40 50 2 null 45 54 3 1 
100 40 50 2 null 45 61 1 1 
100 40 50 2 null 45 63 2 1 
100 40 50 2 null 45 69 1 1 
100 40 50 2 null 45 82 3 1 
100 40 50 2 null 45 85 2 1 
100 40 50 2 null 45 90 2 1 
100 40 50 2 null 45 95 3 1 
100 40 50 2 null 45 96 2 1 
100 40 50 2 null 46 1 1 1 
100 40 50 2 null 46 2 1 1 
100 40 50 2 null 46 29 2 1 
100 40 50 2 null 46 30 2 1 
100 40 50 2 null 46 34 1 1 
100 40 50 2 null 46 36 2 1 
100 40 50 2 null 46 59 3 1 
100 40 50 2 null 46 60 2 1 
100 40 50 2 null 46 65 1 1 
100 40 50 2 null 46 74 2 1 
100 40 50 2 null 46 76 2 1 
100 40 50 2 null 46 86 1 1 
100 40 50 2 null 46 87 1 1 
100 40 50 2 null 46 97 1 1 
100 40 50 2 null 47 6 2 1 
100 40 50 2 null 47 17 1 1 
100 40 50 2 null 47 27 2 1 
100 40 50 2 null 47 31 1 1 
100 40 50 2 null 47 38 2 1 
100 40 50 2 null 47 46 1 1 
100 40 50 2 null 47 49 3 1 
100 40 50 2 null 47 50 1 1 
100 40 50 2 null 47 59 1 1 
100 40 50 2 null 47 71 2 1 
100 40 50 2 null 47 82 2 1 
100 40 50 2 null 47 89 2 1 
100 40 50 2 null 47 90 2 1 
100 40 50 2 null 48 18 2 1 
100 40 50 2 null 48 20 1 1 
100 40 50 2 null 48 26 2 1 
100 40 50 2 null 48 30 1 1 
100 40 50 2 null 48 34 1 1 
100 40 50 2 null 48 76 2 1 
100 40 50 2 null 48 80 2 1 
100 40 50 2 null 48 94 2 1 
100 40 50 2 null 48 99 3 1 
100 40 50 2 null 49 3 1 1 
100 40 50 2 null 49 6 2 1 
100 40 50 2 null 49 17 1 1 
100 40 50 2 null 49 27 1 1 
100 40 50 2 null 49 49 3 1 
100 40 50 2 null 49 53 2 1 
100 40 50 2 null 49 61 3 1 
100 40 50 2 null 49 62 2 1 
100 40 50 2 null 49 66 1 1 
100 40 50 2 null 49 73 2 1 
100 40 50 2 null 49 74 2 1 
100 40 50 2 null 49 76 2 1 
100 40 50 2 null 49 81 2 1 
100 40 50 2 null 49 82 1 1 
100 40 50 2 null 49 90 1 1 
100 40 50 2 null 49 93 1 1 
100 40 50 2 null 49 97 1 1 
100 40 50 2 null 49 100 3 1 
100 40 50 2 null 50 4 2 1 
100 40 50 2 null 50 7 1 1 
100 40 50 2 null 50 8 2 1 
100 40 50 2 null 50 10 1 1 
100 40 50 2 null 50 11 2 1 
100 40 50 2 null 50 12 2 1 
100 40 50 2 null 50 22 1 1 
100 40 50 2 null 50 30 1 1 
100 40 50 2 null 50 37 3 1 
100 40 50 2 null 50 41 2 1 
100 40 50 2 null 50 44 2 1 
100 40 50 2 null 50 45 2 1 
100 40 50 2 null 50 57 1 1 
100 40 50 2 null 50 62 1 1 
100 40 50 2 null 50 63 1 1 
100 40 50 2 null 50 64 1 1 
100 40 50 2 null 50 65 1 1 
100 40 50 2 null 50 67 2 1 
100 40 50 2 null 50 70 2 1 
100 40 50 2 null 50 75 3 1 
100 40 50 2 null 50 91 1 1 
100 40 50 2 null 50 98 1 1 
