100 8 20 4 null 1 5 1 1 
100 8 20 4 null 1 24 1 1 
100 8 20 4 null 1 28 2 1 
100 8 20 4 null 1 34 3 1 
100 8 20 4 null 1 36 1 1 
100 8 20 4 null 1 39 1 1 
100 8 20 4 null 1 43 2 1 
100 8 20 4 null 1 49 1 1 
100 8 20 4 null 1 55 1 1 
100 8 20 4 null 1 59 1 1 
100 8 20 4 null 1 65 1 1 
100 8 20 4 null 1 66 3 1 
100 8 20 4 null 1 73 2 1 
100 8 20 4 null 1 75 1 1 
100 8 20 4 null 1 89 1 1 
100 8 20 4 null 1 91 2 1 
100 8 20 4 null 1 98 3 1 
100 8 20 4 null 2 1 1 1 
100 8 20 4 null 2 3 3 1 
100 8 20 4 null 2 10 1 1 
100 8 20 4 null 2 14 1 1 
100 8 20 4 null 2 25 1 1 
100 8 20 4 null 2 27 1 1 
100 8 20 4 null 2 30 2 1 
100 8 20 4 null 2 34 2 1 
100 8 20 4 null 2 42 1 1 
100 8 20 4 null 2 47 1 1 
100 8 20 4 null 2 49 3 1 
100 8 20 4 null 2 53 1 1 
100 8 20 4 null 2 56 1 1 
100 8 20 4 null 2 60 2 1 
100 8 20 4 null 2 78 1 1 
100 8 20 4 null 2 89 2 1 
100 8 20 4 null 2 92 1 1 
100 8 20 4 null 3 2 1 1 
100 8 20 4 null 3 3 3 1 
100 8 20 4 null 3 15 2 1 
100 8 20 4 null 3 27 2 1 
100 8 20 4 null 3 30 3 1 
100 8 20 4 null 3 38 2 1 
100 8 20 4 null 3 39 3 1 
100 8 20 4 null 3 40 1 1 
100 8 20 4 null 3 49 2 1 
100 8 20 4 null 3 52 1 1 
100 8 20 4 null 3 62 2 1 
100 8 20 4 null 3 66 1 1 
100 8 20 4 null 3 70 2 1 
100 8 20 4 null 3 73 1 1 
100 8 20 4 null 3 76 2 1 
100 8 20 4 null 3 83 2 1 
100 8 20 4 null 3 85 2 1 
100 8 20 4 null 4 6 2 1 
100 8 20 4 null 4 9 2 1 
100 8 20 4 null 4 11 2 1 
100 8 20 4 null 4 24 1 1 
100 8 20 4 null 4 25 1 1 
100 8 20 4 null 4 28 1 1 
100 8 20 4 null 4 31 3 1 
100 8 20 4 null 4 33 2 1 
100 8 20 4 null 4 49 1 1 
100 8 20 4 null 4 50 1 1 
100 8 20 4 null 4 51 2 1 
100 8 20 4 null 4 62 2 1 
100 8 20 4 null 4 65 1 1 
100 8 20 4 null 4 80 1 1 
100 8 20 4 null 4 91 1 1 
100 8 20 4 null 4 97 2 1 
100 8 20 4 null 5 4 1 1 
100 8 20 4 null 5 34 1 1 
100 8 20 4 null 5 36 2 1 
100 8 20 4 null 5 41 1 1 
100 8 20 4 null 5 43 2 1 
100 8 20 4 null 5 46 1 1 
100 8 20 4 null 5 55 1 1 
100 8 20 4 null 5 66 1 1 
100 8 20 4 null 5 69 2 1 
100 8 20 4 null 5 74 1 1 
100 8 20 4 null 5 81 1 1 
100 8 20 4 null 5 90 1 1 
100 8 20 4 null 5 92 1 1 
100 8 20 4 null 5 94 2 1 
100 8 20 4 null 5 95 1 1 
100 8 20 4 null 5 98 1 1 
100 8 20 4 null 6 23 1 1 
100 8 20 4 null 6 32 2 1 
100 8 20 4 null 6 37 2 1 
100 8 20 4 null 6 49 1 1 
100 8 20 4 null 6 56 1 1 
100 8 20 4 null 6 61 1 1 
100 8 20 4 null 6 66 2 1 
100 8 20 4 null 6 72 1 1 
100 8 20 4 null 6 84 3 1 
100 8 20 4 null 6 85 3 1 
100 8 20 4 null 6 88 1 1 
100 8 20 4 null 7 10 2 1 
100 8 20 4 null 7 18 2 1 
100 8 20 4 null 7 19 1 1 
100 8 20 4 null 7 20 1 1 
100 8 20 4 null 7 22 1 1 
100 8 20 4 null 7 23 1 1 
100 8 20 4 null 7 28 2 1 
100 8 20 4 null 7 31 1 1 
100 8 20 4 null 7 34 1 1 
100 8 20 4 null 7 36 1 1 
100 8 20 4 null 7 44 2 1 
100 8 20 4 null 7 50 1 1 
100 8 20 4 null 7 56 3 1 
100 8 20 4 null 7 59 1 1 
100 8 20 4 null 7 69 1 1 
100 8 20 4 null 7 73 2 1 
100 8 20 4 null 7 74 1 1 
100 8 20 4 null 7 75 1 1 
100 8 20 4 null 7 76 1 1 
100 8 20 4 null 7 78 2 1 
100 8 20 4 null 7 81 2 1 
100 8 20 4 null 7 83 2 1 
100 8 20 4 null 7 92 2 1 
100 8 20 4 null 7 94 2 1 
100 8 20 4 null 8 1 3 1 
100 8 20 4 null 8 5 2 1 
100 8 20 4 null 8 6 2 1 
100 8 20 4 null 8 11 1 1 
100 8 20 4 null 8 21 1 1 
100 8 20 4 null 8 31 1 1 
100 8 20 4 null 8 32 1 1 
100 8 20 4 null 8 36 1 1 
100 8 20 4 null 8 37 2 1 
100 8 20 4 null 8 39 1 1 
100 8 20 4 null 8 40 1 1 
100 8 20 4 null 8 42 1 1 
100 8 20 4 null 8 43 1 1 
100 8 20 4 null 8 44 3 1 
100 8 20 4 null 8 46 1 1 
100 8 20 4 null 8 55 1 1 
100 8 20 4 null 8 60 2 1 
100 8 20 4 null 8 62 1 1 
100 8 20 4 null 8 69 3 1 
100 8 20 4 null 8 74 1 1 
100 8 20 4 null 8 76 3 1 
100 8 20 4 null 8 89 1 1 
100 8 20 4 null 8 92 2 1 
100 8 20 4 null 8 99 1 1 
100 8 20 4 null 9 12 1 1 
100 8 20 4 null 9 13 2 1 
100 8 20 4 null 9 16 1 1 
100 8 20 4 null 9 37 2 1 
100 8 20 4 null 9 45 2 1 
100 8 20 4 null 9 47 2 1 
100 8 20 4 null 9 54 1 1 
100 8 20 4 null 9 57 2 1 
100 8 20 4 null 9 60 1 1 
100 8 20 4 null 9 61 2 1 
100 8 20 4 null 9 66 2 1 
100 8 20 4 null 9 73 1 1 
100 8 20 4 null 9 75 3 1 
100 8 20 4 null 9 77 2 1 
100 8 20 4 null 9 82 2 1 
100 8 20 4 null 10 1 3 1 
100 8 20 4 null 10 4 1 1 
100 8 20 4 null 10 8 1 1 
100 8 20 4 null 10 10 1 1 
100 8 20 4 null 10 19 1 1 
100 8 20 4 null 10 37 1 1 
100 8 20 4 null 10 64 1 1 
100 8 20 4 null 10 82 2 1 
100 8 20 4 null 10 87 3 1 
100 8 20 4 null 10 90 2 1 
100 8 20 4 null 10 95 2 1 
100 8 20 4 null 10 96 1 1 
100 8 20 4 null 11 5 3 1 
100 8 20 4 null 11 9 3 1 
100 8 20 4 null 11 22 2 1 
100 8 20 4 null 11 24 1 1 
100 8 20 4 null 11 27 2 1 
100 8 20 4 null 11 41 2 1 
100 8 20 4 null 11 43 1 1 
100 8 20 4 null 11 50 1 1 
100 8 20 4 null 11 53 1 1 
100 8 20 4 null 11 55 1 1 
100 8 20 4 null 11 56 1 1 
100 8 20 4 null 11 58 2 1 
100 8 20 4 null 11 69 1 1 
100 8 20 4 null 11 80 2 1 
100 8 20 4 null 11 89 2 1 
100 8 20 4 null 11 91 2 1 
100 8 20 4 null 11 99 1 1 
100 8 20 4 null 12 12 2 1 
100 8 20 4 null 12 32 1 1 
100 8 20 4 null 12 39 1 1 
100 8 20 4 null 12 41 2 1 
100 8 20 4 null 12 43 1 1 
100 8 20 4 null 12 45 2 1 
100 8 20 4 null 12 52 1 1 
100 8 20 4 null 12 58 2 1 
100 8 20 4 null 12 60 1 1 
100 8 20 4 null 12 75 1 1 
100 8 20 4 null 12 76 2 1 
100 8 20 4 null 12 79 1 1 
100 8 20 4 null 12 83 2 1 
100 8 20 4 null 12 86 1 1 
100 8 20 4 null 12 90 1 1 
100 8 20 4 null 12 92 1 1 
100 8 20 4 null 12 99 1 1 
100 8 20 4 null 13 4 1 1 
100 8 20 4 null 13 7 1 1 
100 8 20 4 null 13 15 1 1 
100 8 20 4 null 13 21 3 1 
100 8 20 4 null 13 25 1 1 
100 8 20 4 null 13 30 1 1 
100 8 20 4 null 13 32 1 1 
100 8 20 4 null 13 34 1 1 
100 8 20 4 null 13 50 2 1 
100 8 20 4 null 13 51 2 1 
100 8 20 4 null 13 52 1 1 
100 8 20 4 null 13 57 2 1 
100 8 20 4 null 13 63 3 1 
100 8 20 4 null 13 70 2 1 
100 8 20 4 null 13 73 3 1 
100 8 20 4 null 13 84 3 1 
100 8 20 4 null 13 90 1 1 
100 8 20 4 null 13 97 2 1 
100 8 20 4 null 14 3 2 1 
100 8 20 4 null 14 5 2 1 
100 8 20 4 null 14 9 2 1 
100 8 20 4 null 14 10 1 1 
100 8 20 4 null 14 18 1 1 
100 8 20 4 null 14 21 1 1 
100 8 20 4 null 14 37 1 1 
100 8 20 4 null 14 38 1 1 
100 8 20 4 null 14 42 1 1 
100 8 20 4 null 14 47 2 1 
100 8 20 4 null 14 52 2 1 
100 8 20 4 null 14 65 1 1 
100 8 20 4 null 14 68 2 1 
100 8 20 4 null 14 73 1 1 
100 8 20 4 null 14 75 2 1 
100 8 20 4 null 14 85 1 1 
100 8 20 4 null 14 86 2 1 
100 8 20 4 null 14 92 2 1 
100 8 20 4 null 15 3 2 1 
100 8 20 4 null 15 10 2 1 
100 8 20 4 null 15 11 1 1 
100 8 20 4 null 15 16 1 1 
100 8 20 4 null 15 31 1 1 
100 8 20 4 null 15 39 1 1 
100 8 20 4 null 15 41 1 1 
100 8 20 4 null 15 58 1 1 
100 8 20 4 null 15 61 1 1 
100 8 20 4 null 15 88 2 1 
100 8 20 4 null 15 90 2 1 
100 8 20 4 null 15 91 2 1 
100 8 20 4 null 15 93 3 1 
100 8 20 4 null 15 96 2 1 
100 8 20 4 null 15 97 1 1 
100 8 20 4 null 16 3 2 1 
100 8 20 4 null 16 12 1 1 
100 8 20 4 null 16 31 2 1 
100 8 20 4 null 16 42 3 1 
100 8 20 4 null 16 58 1 1 
100 8 20 4 null 16 61 2 1 
100 8 20 4 null 16 72 2 1 
100 8 20 4 null 16 82 1 1 
100 8 20 4 null 17 6 2 1 
100 8 20 4 null 17 11 1 1 
100 8 20 4 null 17 13 2 1 
100 8 20 4 null 17 37 2 1 
100 8 20 4 null 17 38 3 1 
100 8 20 4 null 17 40 1 1 
100 8 20 4 null 17 42 2 1 
100 8 20 4 null 17 61 2 1 
100 8 20 4 null 17 68 1 1 
100 8 20 4 null 17 71 1 1 
100 8 20 4 null 17 76 3 1 
100 8 20 4 null 17 82 2 1 
100 8 20 4 null 17 94 1 1 
100 8 20 4 null 17 95 2 1 
100 8 20 4 null 18 14 2 1 
100 8 20 4 null 18 16 2 1 
100 8 20 4 null 18 22 2 1 
100 8 20 4 null 18 42 2 1 
100 8 20 4 null 18 52 2 1 
100 8 20 4 null 18 55 2 1 
100 8 20 4 null 18 56 1 1 
100 8 20 4 null 18 72 3 1 
100 8 20 4 null 18 87 2 1 
100 8 20 4 null 19 25 2 1 
100 8 20 4 null 19 28 2 1 
100 8 20 4 null 19 31 1 1 
100 8 20 4 null 19 39 1 1 
100 8 20 4 null 19 46 2 1 
100 8 20 4 null 19 52 1 1 
100 8 20 4 null 19 56 1 1 
100 8 20 4 null 19 58 1 1 
100 8 20 4 null 19 61 3 1 
100 8 20 4 null 19 63 2 1 
100 8 20 4 null 19 76 2 1 
100 8 20 4 null 19 84 1 1 
100 8 20 4 null 19 92 1 1 
100 8 20 4 null 19 93 2 1 
100 8 20 4 null 20 6 1 1 
100 8 20 4 null 20 23 2 1 
100 8 20 4 null 20 27 2 1 
100 8 20 4 null 20 31 1 1 
100 8 20 4 null 20 33 3 1 
100 8 20 4 null 20 34 2 1 
100 8 20 4 null 20 41 2 1 
100 8 20 4 null 20 42 3 1 
100 8 20 4 null 20 49 1 1 
100 8 20 4 null 20 51 1 1 
100 8 20 4 null 20 64 3 1 
100 8 20 4 null 20 68 2 1 
100 8 20 4 null 20 91 1 1 
100 8 20 4 null 20 100 3 1 
