100 8 50 1 null 1 4 2 1 
100 8 50 1 null 1 5 2 1 
100 8 50 1 null 1 8 2 1 
100 8 50 1 null 1 13 1 1 
100 8 50 1 null 1 16 1 1 
100 8 50 1 null 1 20 1 1 
100 8 50 1 null 1 22 2 1 
100 8 50 1 null 1 24 2 1 
100 8 50 1 null 1 34 2 1 
100 8 50 1 null 1 37 1 1 
100 8 50 1 null 1 38 2 1 
100 8 50 1 null 1 58 2 1 
100 8 50 1 null 1 68 2 1 
100 8 50 1 null 1 70 1 1 
100 8 50 1 null 1 82 1 1 
100 8 50 1 null 1 87 1 1 
100 8 50 1 null 1 92 1 1 
100 8 50 1 null 1 97 1 1 
100 8 50 1 null 1 99 1 1 
100 8 50 1 null 2 4 2 1 
100 8 50 1 null 2 8 1 1 
100 8 50 1 null 2 9 2 1 
100 8 50 1 null 2 31 2 1 
100 8 50 1 null 2 36 1 1 
100 8 50 1 null 2 37 2 1 
100 8 50 1 null 2 41 2 1 
100 8 50 1 null 2 48 1 1 
100 8 50 1 null 2 49 1 1 
100 8 50 1 null 2 51 2 1 
100 8 50 1 null 2 63 1 1 
100 8 50 1 null 2 64 2 1 
100 8 50 1 null 2 65 3 1 
100 8 50 1 null 2 68 1 1 
100 8 50 1 null 2 69 3 1 
100 8 50 1 null 2 76 1 1 
100 8 50 1 null 2 77 2 1 
100 8 50 1 null 2 86 2 1 
100 8 50 1 null 2 97 2 1 
100 8 50 1 null 3 10 1 1 
100 8 50 1 null 3 11 2 1 
100 8 50 1 null 3 20 1 1 
100 8 50 1 null 3 24 2 1 
100 8 50 1 null 3 28 2 1 
100 8 50 1 null 3 37 2 1 
100 8 50 1 null 3 41 1 1 
100 8 50 1 null 3 48 1 1 
100 8 50 1 null 3 53 2 1 
100 8 50 1 null 3 56 2 1 
100 8 50 1 null 3 57 2 1 
100 8 50 1 null 3 60 1 1 
100 8 50 1 null 3 67 1 1 
100 8 50 1 null 3 72 1 1 
100 8 50 1 null 3 83 1 1 
100 8 50 1 null 3 94 2 1 
100 8 50 1 null 3 97 1 1 
100 8 50 1 null 4 12 1 1 
100 8 50 1 null 4 17 1 1 
100 8 50 1 null 4 18 1 1 
100 8 50 1 null 4 24 1 1 
100 8 50 1 null 4 26 1 1 
100 8 50 1 null 4 29 2 1 
100 8 50 1 null 4 30 1 1 
100 8 50 1 null 4 37 1 1 
100 8 50 1 null 4 38 2 1 
100 8 50 1 null 4 40 2 1 
100 8 50 1 null 4 45 2 1 
100 8 50 1 null 4 50 2 1 
100 8 50 1 null 4 54 1 1 
100 8 50 1 null 4 61 2 1 
100 8 50 1 null 4 65 1 1 
100 8 50 1 null 4 68 1 1 
100 8 50 1 null 4 70 1 1 
100 8 50 1 null 4 71 2 1 
100 8 50 1 null 4 72 1 1 
100 8 50 1 null 4 73 1 1 
100 8 50 1 null 4 75 1 1 
100 8 50 1 null 4 83 1 1 
100 8 50 1 null 4 85 1 1 
100 8 50 1 null 4 100 1 1 
100 8 50 1 null 5 3 2 1 
100 8 50 1 null 5 10 2 1 
100 8 50 1 null 5 15 1 1 
100 8 50 1 null 5 21 2 1 
100 8 50 1 null 5 36 1 1 
100 8 50 1 null 5 41 2 1 
100 8 50 1 null 5 47 2 1 
100 8 50 1 null 5 69 2 1 
100 8 50 1 null 5 71 1 1 
100 8 50 1 null 5 72 1 1 
100 8 50 1 null 5 74 1 1 
100 8 50 1 null 5 75 2 1 
100 8 50 1 null 5 85 2 1 
100 8 50 1 null 5 93 1 1 
100 8 50 1 null 5 98 2 1 
100 8 50 1 null 6 1 2 1 
100 8 50 1 null 6 6 2 1 
100 8 50 1 null 6 33 1 1 
100 8 50 1 null 6 39 1 1 
100 8 50 1 null 6 43 1 1 
100 8 50 1 null 6 52 2 1 
100 8 50 1 null 6 61 2 1 
100 8 50 1 null 6 62 2 1 
100 8 50 1 null 6 72 1 1 
100 8 50 1 null 6 73 2 1 
100 8 50 1 null 6 74 2 1 
100 8 50 1 null 6 78 2 1 
100 8 50 1 null 6 81 1 1 
100 8 50 1 null 6 92 2 1 
100 8 50 1 null 6 98 1 1 
100 8 50 1 null 7 6 2 1 
100 8 50 1 null 7 17 1 1 
100 8 50 1 null 7 19 2 1 
100 8 50 1 null 7 26 2 1 
100 8 50 1 null 7 27 1 1 
100 8 50 1 null 7 43 2 1 
100 8 50 1 null 7 56 2 1 
100 8 50 1 null 7 62 2 1 
100 8 50 1 null 7 63 2 1 
100 8 50 1 null 7 72 2 1 
100 8 50 1 null 7 74 2 1 
100 8 50 1 null 7 82 1 1 
100 8 50 1 null 7 83 2 1 
100 8 50 1 null 8 5 1 1 
100 8 50 1 null 8 6 3 1 
100 8 50 1 null 8 21 1 1 
100 8 50 1 null 8 23 2 1 
100 8 50 1 null 8 25 2 1 
100 8 50 1 null 8 52 1 1 
100 8 50 1 null 8 57 1 1 
100 8 50 1 null 8 62 1 1 
100 8 50 1 null 8 63 2 1 
100 8 50 1 null 8 65 1 1 
100 8 50 1 null 8 66 2 1 
100 8 50 1 null 8 67 3 1 
100 8 50 1 null 8 71 1 1 
100 8 50 1 null 8 92 1 1 
100 8 50 1 null 8 96 2 1 
100 8 50 1 null 9 3 1 1 
100 8 50 1 null 9 8 2 1 
100 8 50 1 null 9 13 2 1 
100 8 50 1 null 9 16 1 1 
100 8 50 1 null 9 25 1 1 
100 8 50 1 null 9 31 2 1 
100 8 50 1 null 9 32 2 1 
100 8 50 1 null 9 33 1 1 
100 8 50 1 null 9 34 2 1 
100 8 50 1 null 9 35 2 1 
100 8 50 1 null 9 38 1 1 
100 8 50 1 null 9 44 1 1 
100 8 50 1 null 9 49 1 1 
100 8 50 1 null 9 65 1 1 
100 8 50 1 null 9 70 2 1 
100 8 50 1 null 9 95 1 1 
100 8 50 1 null 9 97 1 1 
100 8 50 1 null 10 5 2 1 
100 8 50 1 null 10 6 1 1 
100 8 50 1 null 10 10 1 1 
100 8 50 1 null 10 27 2 1 
100 8 50 1 null 10 44 2 1 
100 8 50 1 null 10 46 2 1 
100 8 50 1 null 10 47 2 1 
100 8 50 1 null 10 49 2 1 
100 8 50 1 null 10 50 1 1 
100 8 50 1 null 10 51 2 1 
100 8 50 1 null 10 56 1 1 
100 8 50 1 null 10 57 1 1 
100 8 50 1 null 10 69 1 1 
100 8 50 1 null 10 86 2 1 
100 8 50 1 null 10 92 1 1 
100 8 50 1 null 10 95 1 1 
100 8 50 1 null 10 96 3 1 
100 8 50 1 null 10 97 2 1 
100 8 50 1 null 11 5 1 1 
100 8 50 1 null 11 20 2 1 
100 8 50 1 null 11 23 1 1 
100 8 50 1 null 11 31 2 1 
100 8 50 1 null 11 36 1 1 
100 8 50 1 null 11 44 3 1 
100 8 50 1 null 11 59 1 1 
100 8 50 1 null 11 60 1 1 
100 8 50 1 null 11 64 1 1 
100 8 50 1 null 11 73 2 1 
100 8 50 1 null 11 74 1 1 
100 8 50 1 null 11 79 2 1 
100 8 50 1 null 11 95 1 1 
100 8 50 1 null 11 97 1 1 
100 8 50 1 null 11 100 2 1 
100 8 50 1 null 12 1 2 1 
100 8 50 1 null 12 3 2 1 
100 8 50 1 null 12 6 1 1 
100 8 50 1 null 12 7 1 1 
100 8 50 1 null 12 10 2 1 
100 8 50 1 null 12 13 2 1 
100 8 50 1 null 12 17 1 1 
100 8 50 1 null 12 25 1 1 
100 8 50 1 null 12 26 1 1 
100 8 50 1 null 12 27 2 1 
100 8 50 1 null 12 28 1 1 
100 8 50 1 null 12 33 1 1 
100 8 50 1 null 12 53 1 1 
100 8 50 1 null 12 54 1 1 
100 8 50 1 null 12 56 2 1 
100 8 50 1 null 12 60 2 1 
100 8 50 1 null 12 70 1 1 
100 8 50 1 null 12 71 2 1 
100 8 50 1 null 12 77 2 1 
100 8 50 1 null 12 80 1 1 
100 8 50 1 null 12 82 1 1 
100 8 50 1 null 12 88 1 1 
100 8 50 1 null 12 91 2 1 
100 8 50 1 null 12 96 1 1 
100 8 50 1 null 12 99 2 1 
100 8 50 1 null 13 3 1 1 
100 8 50 1 null 13 6 1 1 
100 8 50 1 null 13 9 2 1 
100 8 50 1 null 13 26 1 1 
100 8 50 1 null 13 30 1 1 
100 8 50 1 null 13 42 1 1 
100 8 50 1 null 13 43 1 1 
100 8 50 1 null 13 51 1 1 
100 8 50 1 null 13 52 2 1 
100 8 50 1 null 13 56 1 1 
100 8 50 1 null 13 62 2 1 
100 8 50 1 null 13 64 3 1 
100 8 50 1 null 13 73 1 1 
100 8 50 1 null 13 94 1 1 
100 8 50 1 null 13 96 3 1 
100 8 50 1 null 13 97 1 1 
100 8 50 1 null 14 1 2 1 
100 8 50 1 null 14 2 1 1 
100 8 50 1 null 14 10 1 1 
100 8 50 1 null 14 14 1 1 
100 8 50 1 null 14 16 1 1 
100 8 50 1 null 14 26 2 1 
100 8 50 1 null 14 31 1 1 
100 8 50 1 null 14 33 1 1 
100 8 50 1 null 14 40 1 1 
100 8 50 1 null 14 42 2 1 
100 8 50 1 null 14 47 3 1 
100 8 50 1 null 14 48 1 1 
100 8 50 1 null 14 54 1 1 
100 8 50 1 null 14 55 1 1 
100 8 50 1 null 14 61 1 1 
100 8 50 1 null 14 62 2 1 
100 8 50 1 null 14 79 1 1 
100 8 50 1 null 14 84 1 1 
100 8 50 1 null 14 92 1 1 
100 8 50 1 null 14 95 2 1 
100 8 50 1 null 14 96 2 1 
100 8 50 1 null 15 26 2 1 
100 8 50 1 null 15 29 2 1 
100 8 50 1 null 15 32 1 1 
100 8 50 1 null 15 33 1 1 
100 8 50 1 null 15 34 1 1 
100 8 50 1 null 15 37 2 1 
100 8 50 1 null 15 48 2 1 
100 8 50 1 null 15 55 3 1 
100 8 50 1 null 15 60 3 1 
100 8 50 1 null 15 76 1 1 
100 8 50 1 null 15 77 1 1 
100 8 50 1 null 15 85 2 1 
100 8 50 1 null 16 3 1 1 
100 8 50 1 null 16 25 2 1 
100 8 50 1 null 16 29 1 1 
100 8 50 1 null 16 31 2 1 
100 8 50 1 null 16 34 1 1 
100 8 50 1 null 16 37 1 1 
100 8 50 1 null 16 45 2 1 
100 8 50 1 null 16 48 2 1 
100 8 50 1 null 16 55 3 1 
100 8 50 1 null 16 65 1 1 
100 8 50 1 null 16 72 1 1 
100 8 50 1 null 16 75 1 1 
100 8 50 1 null 16 76 2 1 
100 8 50 1 null 16 89 1 1 
100 8 50 1 null 16 90 2 1 
100 8 50 1 null 16 96 3 1 
100 8 50 1 null 16 97 2 1 
100 8 50 1 null 17 3 1 1 
100 8 50 1 null 17 7 1 1 
100 8 50 1 null 17 13 2 1 
100 8 50 1 null 17 21 1 1 
100 8 50 1 null 17 22 2 1 
100 8 50 1 null 17 23 2 1 
100 8 50 1 null 17 25 3 1 
100 8 50 1 null 17 40 2 1 
100 8 50 1 null 17 77 2 1 
100 8 50 1 null 17 90 1 1 
100 8 50 1 null 17 98 2 1 
100 8 50 1 null 18 1 2 1 
100 8 50 1 null 18 4 2 1 
100 8 50 1 null 18 6 1 1 
100 8 50 1 null 18 15 1 1 
100 8 50 1 null 18 35 2 1 
100 8 50 1 null 18 40 2 1 
100 8 50 1 null 18 43 1 1 
100 8 50 1 null 18 47 2 1 
100 8 50 1 null 18 57 1 1 
100 8 50 1 null 18 59 2 1 
100 8 50 1 null 18 70 2 1 
100 8 50 1 null 18 71 2 1 
100 8 50 1 null 18 83 1 1 
100 8 50 1 null 18 84 2 1 
100 8 50 1 null 18 89 2 1 
100 8 50 1 null 18 99 3 1 
100 8 50 1 null 19 6 1 1 
100 8 50 1 null 19 9 1 1 
100 8 50 1 null 19 14 1 1 
100 8 50 1 null 19 15 2 1 
100 8 50 1 null 19 16 2 1 
100 8 50 1 null 19 18 2 1 
100 8 50 1 null 19 34 1 1 
100 8 50 1 null 19 52 2 1 
100 8 50 1 null 19 72 1 1 
100 8 50 1 null 19 75 2 1 
100 8 50 1 null 19 81 1 1 
100 8 50 1 null 19 86 1 1 
100 8 50 1 null 19 88 1 1 
100 8 50 1 null 19 92 1 1 
100 8 50 1 null 20 4 2 1 
100 8 50 1 null 20 15 1 1 
100 8 50 1 null 20 28 1 1 
100 8 50 1 null 20 34 1 1 
100 8 50 1 null 20 39 2 1 
100 8 50 1 null 20 40 2 1 
100 8 50 1 null 20 46 1 1 
100 8 50 1 null 20 50 1 1 
100 8 50 1 null 20 54 1 1 
100 8 50 1 null 20 60 2 1 
100 8 50 1 null 20 61 1 1 
100 8 50 1 null 20 62 1 1 
100 8 50 1 null 20 63 2 1 
100 8 50 1 null 20 83 1 1 
100 8 50 1 null 20 84 3 1 
100 8 50 1 null 20 95 1 1 
100 8 50 1 null 21 3 3 1 
100 8 50 1 null 21 9 2 1 
100 8 50 1 null 21 11 3 1 
100 8 50 1 null 21 16 2 1 
100 8 50 1 null 21 27 2 1 
100 8 50 1 null 21 46 2 1 
100 8 50 1 null 21 49 1 1 
100 8 50 1 null 21 60 1 1 
100 8 50 1 null 21 63 3 1 
100 8 50 1 null 21 65 2 1 
100 8 50 1 null 22 10 2 1 
100 8 50 1 null 22 17 1 1 
100 8 50 1 null 22 21 1 1 
100 8 50 1 null 22 34 1 1 
100 8 50 1 null 22 36 1 1 
100 8 50 1 null 22 47 1 1 
100 8 50 1 null 22 59 2 1 
100 8 50 1 null 22 66 2 1 
100 8 50 1 null 22 72 2 1 
100 8 50 1 null 22 77 2 1 
100 8 50 1 null 22 82 2 1 
100 8 50 1 null 22 85 2 1 
100 8 50 1 null 22 86 1 1 
100 8 50 1 null 22 100 1 1 
100 8 50 1 null 23 3 1 1 
100 8 50 1 null 23 4 1 1 
100 8 50 1 null 23 5 1 1 
100 8 50 1 null 23 12 2 1 
100 8 50 1 null 23 19 2 1 
100 8 50 1 null 23 21 1 1 
100 8 50 1 null 23 28 2 1 
100 8 50 1 null 23 29 2 1 
100 8 50 1 null 23 30 1 1 
100 8 50 1 null 23 40 2 1 
100 8 50 1 null 23 44 1 1 
100 8 50 1 null 23 47 2 1 
100 8 50 1 null 23 50 2 1 
100 8 50 1 null 23 66 2 1 
100 8 50 1 null 23 70 2 1 
100 8 50 1 null 23 73 1 1 
100 8 50 1 null 23 74 1 1 
100 8 50 1 null 23 83 1 1 
100 8 50 1 null 23 87 1 1 
100 8 50 1 null 23 93 1 1 
100 8 50 1 null 23 97 1 1 
100 8 50 1 null 23 100 2 1 
100 8 50 1 null 24 4 1 1 
100 8 50 1 null 24 5 2 1 
100 8 50 1 null 24 7 2 1 
100 8 50 1 null 24 23 1 1 
100 8 50 1 null 24 31 1 1 
100 8 50 1 null 24 39 2 1 
100 8 50 1 null 24 42 1 1 
100 8 50 1 null 24 44 2 1 
100 8 50 1 null 24 47 2 1 
100 8 50 1 null 24 58 1 1 
100 8 50 1 null 24 63 1 1 
100 8 50 1 null 24 65 2 1 
100 8 50 1 null 24 67 1 1 
100 8 50 1 null 24 75 1 1 
100 8 50 1 null 24 92 1 1 
100 8 50 1 null 24 93 2 1 
100 8 50 1 null 24 95 2 1 
100 8 50 1 null 25 16 1 1 
100 8 50 1 null 25 25 2 1 
100 8 50 1 null 25 32 2 1 
100 8 50 1 null 25 33 1 1 
100 8 50 1 null 25 37 1 1 
100 8 50 1 null 25 38 2 1 
100 8 50 1 null 25 50 1 1 
100 8 50 1 null 25 66 1 1 
100 8 50 1 null 25 72 3 1 
100 8 50 1 null 25 84 1 1 
100 8 50 1 null 25 88 1 1 
100 8 50 1 null 26 13 2 1 
100 8 50 1 null 26 15 3 1 
100 8 50 1 null 26 18 1 1 
100 8 50 1 null 26 28 1 1 
100 8 50 1 null 26 39 1 1 
100 8 50 1 null 26 51 1 1 
100 8 50 1 null 26 61 1 1 
100 8 50 1 null 26 62 2 1 
100 8 50 1 null 26 64 1 1 
100 8 50 1 null 26 66 2 1 
100 8 50 1 null 26 73 2 1 
100 8 50 1 null 26 74 3 1 
100 8 50 1 null 26 81 1 1 
100 8 50 1 null 26 82 1 1 
100 8 50 1 null 26 91 2 1 
100 8 50 1 null 26 93 2 1 
100 8 50 1 null 26 94 1 1 
100 8 50 1 null 27 14 1 1 
100 8 50 1 null 27 16 1 1 
100 8 50 1 null 27 25 1 1 
100 8 50 1 null 27 35 1 1 
100 8 50 1 null 27 41 2 1 
100 8 50 1 null 27 43 1 1 
100 8 50 1 null 27 50 2 1 
100 8 50 1 null 27 51 2 1 
100 8 50 1 null 27 61 1 1 
100 8 50 1 null 27 65 2 1 
100 8 50 1 null 27 73 2 1 
100 8 50 1 null 27 81 2 1 
100 8 50 1 null 27 90 2 1 
100 8 50 1 null 27 99 1 1 
100 8 50 1 null 27 100 1 1 
100 8 50 1 null 28 13 3 1 
100 8 50 1 null 28 15 2 1 
100 8 50 1 null 28 17 2 1 
100 8 50 1 null 28 21 1 1 
100 8 50 1 null 28 24 2 1 
100 8 50 1 null 28 34 1 1 
100 8 50 1 null 28 39 2 1 
100 8 50 1 null 28 44 1 1 
100 8 50 1 null 28 46 2 1 
100 8 50 1 null 28 48 3 1 
100 8 50 1 null 28 50 1 1 
100 8 50 1 null 28 51 1 1 
100 8 50 1 null 28 53 1 1 
100 8 50 1 null 28 54 1 1 
100 8 50 1 null 28 56 3 1 
100 8 50 1 null 28 57 1 1 
100 8 50 1 null 28 58 1 1 
100 8 50 1 null 28 68 3 1 
100 8 50 1 null 28 73 1 1 
100 8 50 1 null 28 79 1 1 
100 8 50 1 null 28 97 1 1 
100 8 50 1 null 28 98 2 1 
100 8 50 1 null 29 18 2 1 
100 8 50 1 null 29 24 3 1 
100 8 50 1 null 29 27 1 1 
100 8 50 1 null 29 32 2 1 
100 8 50 1 null 29 42 2 1 
100 8 50 1 null 29 57 1 1 
100 8 50 1 null 29 63 1 1 
100 8 50 1 null 29 64 2 1 
100 8 50 1 null 29 91 1 1 
100 8 50 1 null 29 97 1 1 
100 8 50 1 null 30 13 1 1 
100 8 50 1 null 30 27 2 1 
100 8 50 1 null 30 30 1 1 
100 8 50 1 null 30 33 1 1 
100 8 50 1 null 30 34 1 1 
100 8 50 1 null 30 55 1 1 
100 8 50 1 null 30 57 1 1 
100 8 50 1 null 30 73 1 1 
100 8 50 1 null 30 79 1 1 
100 8 50 1 null 30 80 3 1 
100 8 50 1 null 30 96 2 1 
100 8 50 1 null 30 97 3 1 
100 8 50 1 null 31 12 3 1 
100 8 50 1 null 31 13 2 1 
100 8 50 1 null 31 27 2 1 
100 8 50 1 null 31 29 2 1 
100 8 50 1 null 31 31 3 1 
100 8 50 1 null 31 33 1 1 
100 8 50 1 null 31 36 1 1 
100 8 50 1 null 31 41 2 1 
100 8 50 1 null 31 46 1 1 
100 8 50 1 null 31 48 2 1 
100 8 50 1 null 31 51 1 1 
100 8 50 1 null 31 60 3 1 
100 8 50 1 null 31 61 1 1 
100 8 50 1 null 31 62 3 1 
100 8 50 1 null 31 66 1 1 
100 8 50 1 null 31 70 2 1 
100 8 50 1 null 31 77 1 1 
100 8 50 1 null 31 90 1 1 
100 8 50 1 null 31 98 3 1 
100 8 50 1 null 32 8 1 1 
100 8 50 1 null 32 26 1 1 
100 8 50 1 null 32 28 1 1 
100 8 50 1 null 32 36 2 1 
100 8 50 1 null 32 44 1 1 
100 8 50 1 null 32 52 1 1 
100 8 50 1 null 32 60 2 1 
100 8 50 1 null 32 74 2 1 
100 8 50 1 null 32 77 1 1 
100 8 50 1 null 32 82 1 1 
100 8 50 1 null 32 86 2 1 
100 8 50 1 null 32 92 3 1 
100 8 50 1 null 32 93 2 1 
100 8 50 1 null 32 98 2 1 
100 8 50 1 null 33 7 1 1 
100 8 50 1 null 33 11 2 1 
100 8 50 1 null 33 17 1 1 
100 8 50 1 null 33 20 2 1 
100 8 50 1 null 33 21 1 1 
100 8 50 1 null 33 24 2 1 
100 8 50 1 null 33 33 1 1 
100 8 50 1 null 33 37 1 1 
100 8 50 1 null 33 39 1 1 
100 8 50 1 null 33 40 2 1 
100 8 50 1 null 33 42 2 1 
100 8 50 1 null 33 43 1 1 
100 8 50 1 null 33 45 2 1 
100 8 50 1 null 33 46 1 1 
100 8 50 1 null 33 52 2 1 
100 8 50 1 null 33 55 2 1 
100 8 50 1 null 33 76 2 1 
100 8 50 1 null 33 78 2 1 
100 8 50 1 null 33 79 2 1 
100 8 50 1 null 33 89 1 1 
100 8 50 1 null 33 96 2 1 
100 8 50 1 null 34 10 1 1 
100 8 50 1 null 34 19 2 1 
100 8 50 1 null 34 25 2 1 
100 8 50 1 null 34 29 3 1 
100 8 50 1 null 34 36 1 1 
100 8 50 1 null 34 42 1 1 
100 8 50 1 null 34 45 1 1 
100 8 50 1 null 34 51 1 1 
100 8 50 1 null 34 55 1 1 
100 8 50 1 null 34 57 1 1 
100 8 50 1 null 34 60 1 1 
100 8 50 1 null 34 64 3 1 
100 8 50 1 null 34 66 2 1 
100 8 50 1 null 34 67 1 1 
100 8 50 1 null 34 74 1 1 
100 8 50 1 null 34 77 1 1 
100 8 50 1 null 34 79 2 1 
100 8 50 1 null 34 82 1 1 
100 8 50 1 null 34 94 1 1 
100 8 50 1 null 34 99 1 1 
100 8 50 1 null 35 4 1 1 
100 8 50 1 null 35 8 1 1 
100 8 50 1 null 35 11 2 1 
100 8 50 1 null 35 25 2 1 
100 8 50 1 null 35 28 2 1 
100 8 50 1 null 35 36 1 1 
100 8 50 1 null 35 39 2 1 
100 8 50 1 null 35 42 2 1 
100 8 50 1 null 35 45 1 1 
100 8 50 1 null 35 58 2 1 
100 8 50 1 null 35 59 1 1 
100 8 50 1 null 35 60 1 1 
100 8 50 1 null 35 62 1 1 
100 8 50 1 null 35 65 1 1 
100 8 50 1 null 35 66 1 1 
100 8 50 1 null 35 67 1 1 
100 8 50 1 null 35 70 3 1 
100 8 50 1 null 35 86 2 1 
100 8 50 1 null 35 91 1 1 
100 8 50 1 null 36 9 2 1 
100 8 50 1 null 36 11 2 1 
100 8 50 1 null 36 13 2 1 
100 8 50 1 null 36 18 1 1 
100 8 50 1 null 36 25 1 1 
100 8 50 1 null 36 26 2 1 
100 8 50 1 null 36 35 3 1 
100 8 50 1 null 36 36 1 1 
100 8 50 1 null 36 39 1 1 
100 8 50 1 null 36 41 2 1 
100 8 50 1 null 36 47 2 1 
100 8 50 1 null 36 48 2 1 
100 8 50 1 null 36 64 2 1 
100 8 50 1 null 36 71 2 1 
100 8 50 1 null 36 79 1 1 
100 8 50 1 null 36 90 1 1 
100 8 50 1 null 36 91 2 1 
100 8 50 1 null 36 96 2 1 
100 8 50 1 null 36 97 1 1 
100 8 50 1 null 37 3 2 1 
100 8 50 1 null 37 4 1 1 
100 8 50 1 null 37 11 3 1 
100 8 50 1 null 37 22 3 1 
100 8 50 1 null 37 26 1 1 
100 8 50 1 null 37 27 1 1 
100 8 50 1 null 37 31 2 1 
100 8 50 1 null 37 37 1 1 
100 8 50 1 null 37 45 3 1 
100 8 50 1 null 37 50 1 1 
100 8 50 1 null 37 55 2 1 
100 8 50 1 null 37 56 2 1 
100 8 50 1 null 37 66 1 1 
100 8 50 1 null 37 70 2 1 
100 8 50 1 null 37 71 2 1 
100 8 50 1 null 37 80 1 1 
100 8 50 1 null 37 88 1 1 
100 8 50 1 null 37 90 3 1 
100 8 50 1 null 38 2 2 1 
100 8 50 1 null 38 18 2 1 
100 8 50 1 null 38 19 1 1 
100 8 50 1 null 38 29 2 1 
100 8 50 1 null 38 30 1 1 
100 8 50 1 null 38 33 3 1 
100 8 50 1 null 38 42 1 1 
100 8 50 1 null 38 45 1 1 
100 8 50 1 null 38 47 1 1 
100 8 50 1 null 38 51 2 1 
100 8 50 1 null 38 54 2 1 
100 8 50 1 null 38 61 2 1 
100 8 50 1 null 38 63 2 1 
100 8 50 1 null 38 65 1 1 
100 8 50 1 null 38 82 2 1 
100 8 50 1 null 38 83 2 1 
100 8 50 1 null 38 87 2 1 
100 8 50 1 null 38 92 1 1 
100 8 50 1 null 38 98 1 1 
100 8 50 1 null 39 1 3 1 
100 8 50 1 null 39 5 1 1 
100 8 50 1 null 39 10 3 1 
100 8 50 1 null 39 15 1 1 
100 8 50 1 null 39 24 1 1 
100 8 50 1 null 39 39 3 1 
100 8 50 1 null 39 44 1 1 
100 8 50 1 null 39 47 1 1 
100 8 50 1 null 39 51 2 1 
100 8 50 1 null 39 62 1 1 
100 8 50 1 null 39 67 1 1 
100 8 50 1 null 39 75 1 1 
100 8 50 1 null 39 79 2 1 
100 8 50 1 null 39 81 1 1 
100 8 50 1 null 39 84 1 1 
100 8 50 1 null 39 92 1 1 
100 8 50 1 null 39 97 2 1 
100 8 50 1 null 39 100 1 1 
100 8 50 1 null 40 23 1 1 
100 8 50 1 null 40 31 1 1 
100 8 50 1 null 40 34 1 1 
100 8 50 1 null 40 40 1 1 
100 8 50 1 null 40 56 1 1 
100 8 50 1 null 40 67 1 1 
100 8 50 1 null 40 68 1 1 
100 8 50 1 null 40 71 3 1 
100 8 50 1 null 40 81 1 1 
100 8 50 1 null 40 82 3 1 
100 8 50 1 null 40 92 2 1 
100 8 50 1 null 40 93 3 1 
100 8 50 1 null 41 9 3 1 
100 8 50 1 null 41 15 1 1 
100 8 50 1 null 41 18 1 1 
100 8 50 1 null 41 29 1 1 
100 8 50 1 null 41 46 1 1 
100 8 50 1 null 41 50 2 1 
100 8 50 1 null 41 51 2 1 
100 8 50 1 null 41 57 2 1 
100 8 50 1 null 41 58 2 1 
100 8 50 1 null 41 64 1 1 
100 8 50 1 null 41 67 1 1 
100 8 50 1 null 41 68 1 1 
100 8 50 1 null 41 70 2 1 
100 8 50 1 null 41 74 1 1 
100 8 50 1 null 41 93 1 1 
100 8 50 1 null 41 94 2 1 
100 8 50 1 null 41 95 3 1 
100 8 50 1 null 42 31 1 1 
100 8 50 1 null 42 37 2 1 
100 8 50 1 null 42 53 2 1 
100 8 50 1 null 42 56 2 1 
100 8 50 1 null 42 63 2 1 
100 8 50 1 null 42 71 1 1 
100 8 50 1 null 42 73 2 1 
100 8 50 1 null 42 82 1 1 
100 8 50 1 null 42 88 2 1 
100 8 50 1 null 42 91 2 1 
100 8 50 1 null 42 92 2 1 
100 8 50 1 null 43 2 2 1 
100 8 50 1 null 43 4 2 1 
100 8 50 1 null 43 10 1 1 
100 8 50 1 null 43 12 2 1 
100 8 50 1 null 43 14 2 1 
100 8 50 1 null 43 17 1 1 
100 8 50 1 null 43 21 1 1 
100 8 50 1 null 43 22 1 1 
100 8 50 1 null 43 28 2 1 
100 8 50 1 null 43 35 3 1 
100 8 50 1 null 43 36 1 1 
100 8 50 1 null 43 40 1 1 
100 8 50 1 null 43 49 1 1 
100 8 50 1 null 43 51 2 1 
100 8 50 1 null 43 60 2 1 
100 8 50 1 null 43 63 2 1 
100 8 50 1 null 43 66 1 1 
100 8 50 1 null 43 68 2 1 
100 8 50 1 null 43 74 1 1 
100 8 50 1 null 43 89 1 1 
100 8 50 1 null 43 96 2 1 
100 8 50 1 null 43 98 3 1 
100 8 50 1 null 44 1 1 1 
100 8 50 1 null 44 4 2 1 
100 8 50 1 null 44 9 3 1 
100 8 50 1 null 44 25 2 1 
100 8 50 1 null 44 29 1 1 
100 8 50 1 null 44 31 1 1 
100 8 50 1 null 44 40 2 1 
100 8 50 1 null 44 42 1 1 
100 8 50 1 null 44 43 2 1 
100 8 50 1 null 44 49 3 1 
100 8 50 1 null 44 58 1 1 
100 8 50 1 null 44 65 2 1 
100 8 50 1 null 44 68 1 1 
100 8 50 1 null 44 76 2 1 
100 8 50 1 null 44 80 1 1 
100 8 50 1 null 44 95 2 1 
100 8 50 1 null 44 97 2 1 
100 8 50 1 null 45 13 2 1 
100 8 50 1 null 45 14 2 1 
100 8 50 1 null 45 36 2 1 
100 8 50 1 null 45 37 2 1 
100 8 50 1 null 45 42 2 1 
100 8 50 1 null 45 60 2 1 
100 8 50 1 null 45 73 3 1 
100 8 50 1 null 45 88 2 1 
100 8 50 1 null 45 90 2 1 
100 8 50 1 null 46 6 2 1 
100 8 50 1 null 46 14 1 1 
100 8 50 1 null 46 28 1 1 
100 8 50 1 null 46 31 2 1 
100 8 50 1 null 46 43 1 1 
100 8 50 1 null 46 52 1 1 
100 8 50 1 null 46 53 1 1 
100 8 50 1 null 46 57 3 1 
100 8 50 1 null 46 61 2 1 
100 8 50 1 null 46 62 2 1 
100 8 50 1 null 46 68 2 1 
100 8 50 1 null 46 81 1 1 
100 8 50 1 null 46 94 2 1 
100 8 50 1 null 46 96 1 1 
100 8 50 1 null 47 6 1 1 
100 8 50 1 null 47 17 3 1 
100 8 50 1 null 47 20 1 1 
100 8 50 1 null 47 22 2 1 
100 8 50 1 null 47 26 2 1 
100 8 50 1 null 47 35 2 1 
100 8 50 1 null 47 38 3 1 
100 8 50 1 null 47 41 1 1 
100 8 50 1 null 47 43 2 1 
100 8 50 1 null 47 49 1 1 
100 8 50 1 null 47 55 1 1 
100 8 50 1 null 47 64 1 1 
100 8 50 1 null 47 66 1 1 
100 8 50 1 null 47 67 3 1 
100 8 50 1 null 47 89 1 1 
100 8 50 1 null 47 94 1 1 
100 8 50 1 null 47 95 1 1 
100 8 50 1 null 47 97 1 1 
100 8 50 1 null 48 3 1 1 
100 8 50 1 null 48 4 1 1 
100 8 50 1 null 48 21 1 1 
100 8 50 1 null 48 28 2 1 
100 8 50 1 null 48 36 1 1 
100 8 50 1 null 48 38 1 1 
100 8 50 1 null 48 58 2 1 
100 8 50 1 null 48 59 2 1 
100 8 50 1 null 48 62 2 1 
100 8 50 1 null 48 80 1 1 
100 8 50 1 null 48 81 2 1 
100 8 50 1 null 48 85 1 1 
100 8 50 1 null 48 89 2 1 
100 8 50 1 null 48 90 1 1 
100 8 50 1 null 49 8 2 1 
100 8 50 1 null 49 15 2 1 
100 8 50 1 null 49 19 2 1 
100 8 50 1 null 49 35 2 1 
100 8 50 1 null 49 50 2 1 
100 8 50 1 null 49 65 1 1 
100 8 50 1 null 49 68 2 1 
100 8 50 1 null 49 71 2 1 
100 8 50 1 null 50 14 2 1 
100 8 50 1 null 50 16 1 1 
100 8 50 1 null 50 25 3 1 
100 8 50 1 null 50 27 1 1 
100 8 50 1 null 50 28 1 1 
100 8 50 1 null 50 31 1 1 
100 8 50 1 null 50 47 1 1 
100 8 50 1 null 50 48 1 1 
100 8 50 1 null 50 50 1 1 
100 8 50 1 null 50 55 1 1 
100 8 50 1 null 50 59 1 1 
100 8 50 1 null 50 84 1 1 
100 8 50 1 null 50 95 1 1 
100 8 50 1 null 50 97 1 1 
