100 8 20 3 null 1 2 2 1 
100 8 20 3 null 1 6 2 1 
100 8 20 3 null 1 9 2 1 
100 8 20 3 null 1 29 2 1 
100 8 20 3 null 1 35 2 1 
100 8 20 3 null 1 41 2 1 
100 8 20 3 null 1 42 1 1 
100 8 20 3 null 1 44 1 1 
100 8 20 3 null 1 46 2 1 
100 8 20 3 null 1 66 1 1 
100 8 20 3 null 1 80 3 1 
100 8 20 3 null 1 93 1 1 
100 8 20 3 null 2 1 3 1 
100 8 20 3 null 2 21 2 1 
100 8 20 3 null 2 25 1 1 
100 8 20 3 null 2 28 1 1 
100 8 20 3 null 2 31 2 1 
100 8 20 3 null 2 38 2 1 
100 8 20 3 null 2 42 2 1 
100 8 20 3 null 2 47 2 1 
100 8 20 3 null 2 48 3 1 
100 8 20 3 null 2 52 1 1 
100 8 20 3 null 2 53 3 1 
100 8 20 3 null 2 56 2 1 
100 8 20 3 null 2 72 1 1 
100 8 20 3 null 2 74 2 1 
100 8 20 3 null 2 81 1 1 
100 8 20 3 null 2 85 1 1 
100 8 20 3 null 2 90 1 1 
100 8 20 3 null 3 3 2 1 
100 8 20 3 null 3 8 2 1 
100 8 20 3 null 3 16 1 1 
100 8 20 3 null 3 18 1 1 
100 8 20 3 null 3 19 1 1 
100 8 20 3 null 3 22 2 1 
100 8 20 3 null 3 26 1 1 
100 8 20 3 null 3 27 1 1 
100 8 20 3 null 3 31 1 1 
100 8 20 3 null 3 46 3 1 
100 8 20 3 null 3 49 2 1 
100 8 20 3 null 3 52 2 1 
100 8 20 3 null 3 53 1 1 
100 8 20 3 null 3 54 3 1 
100 8 20 3 null 3 66 1 1 
100 8 20 3 null 3 70 1 1 
100 8 20 3 null 3 71 2 1 
100 8 20 3 null 3 72 1 1 
100 8 20 3 null 3 74 1 1 
100 8 20 3 null 3 75 1 1 
100 8 20 3 null 3 78 1 1 
100 8 20 3 null 3 79 1 1 
100 8 20 3 null 3 80 2 1 
100 8 20 3 null 3 87 2 1 
100 8 20 3 null 3 95 1 1 
100 8 20 3 null 3 97 3 1 
100 8 20 3 null 4 3 2 1 
100 8 20 3 null 4 4 1 1 
100 8 20 3 null 4 5 2 1 
100 8 20 3 null 4 8 1 1 
100 8 20 3 null 4 9 2 1 
100 8 20 3 null 4 26 2 1 
100 8 20 3 null 4 34 1 1 
100 8 20 3 null 4 47 1 1 
100 8 20 3 null 4 56 2 1 
100 8 20 3 null 4 58 1 1 
100 8 20 3 null 4 72 1 1 
100 8 20 3 null 4 73 1 1 
100 8 20 3 null 4 76 2 1 
100 8 20 3 null 4 85 2 1 
100 8 20 3 null 4 89 1 1 
100 8 20 3 null 4 92 2 1 
100 8 20 3 null 5 5 1 1 
100 8 20 3 null 5 13 1 1 
100 8 20 3 null 5 18 2 1 
100 8 20 3 null 5 22 2 1 
100 8 20 3 null 5 23 3 1 
100 8 20 3 null 5 31 1 1 
100 8 20 3 null 5 37 1 1 
100 8 20 3 null 5 54 2 1 
100 8 20 3 null 5 69 1 1 
100 8 20 3 null 5 70 1 1 
100 8 20 3 null 5 73 1 1 
100 8 20 3 null 5 86 1 1 
100 8 20 3 null 5 92 1 1 
100 8 20 3 null 5 98 1 1 
100 8 20 3 null 6 16 1 1 
100 8 20 3 null 6 26 1 1 
100 8 20 3 null 6 29 3 1 
100 8 20 3 null 6 30 2 1 
100 8 20 3 null 6 32 3 1 
100 8 20 3 null 6 33 1 1 
100 8 20 3 null 6 37 2 1 
100 8 20 3 null 6 43 1 1 
100 8 20 3 null 6 50 1 1 
100 8 20 3 null 6 54 2 1 
100 8 20 3 null 6 65 1 1 
100 8 20 3 null 6 70 1 1 
100 8 20 3 null 6 71 2 1 
100 8 20 3 null 6 87 3 1 
100 8 20 3 null 6 99 2 1 
100 8 20 3 null 6 100 1 1 
100 8 20 3 null 7 1 1 1 
100 8 20 3 null 7 12 1 1 
100 8 20 3 null 7 22 1 1 
100 8 20 3 null 7 23 1 1 
100 8 20 3 null 7 24 2 1 
100 8 20 3 null 7 29 2 1 
100 8 20 3 null 7 36 2 1 
100 8 20 3 null 7 40 1 1 
100 8 20 3 null 7 42 2 1 
100 8 20 3 null 7 43 1 1 
100 8 20 3 null 7 49 3 1 
100 8 20 3 null 7 55 1 1 
100 8 20 3 null 7 61 1 1 
100 8 20 3 null 7 63 1 1 
100 8 20 3 null 7 65 2 1 
100 8 20 3 null 7 66 1 1 
100 8 20 3 null 7 67 1 1 
100 8 20 3 null 7 72 1 1 
100 8 20 3 null 7 75 1 1 
100 8 20 3 null 7 84 1 1 
100 8 20 3 null 7 87 1 1 
100 8 20 3 null 8 14 2 1 
100 8 20 3 null 8 22 2 1 
100 8 20 3 null 8 27 2 1 
100 8 20 3 null 8 31 1 1 
100 8 20 3 null 8 53 2 1 
100 8 20 3 null 8 58 1 1 
100 8 20 3 null 8 77 3 1 
100 8 20 3 null 8 78 1 1 
100 8 20 3 null 8 80 3 1 
100 8 20 3 null 9 6 2 1 
100 8 20 3 null 9 19 1 1 
100 8 20 3 null 9 24 1 1 
100 8 20 3 null 9 28 2 1 
100 8 20 3 null 9 35 1 1 
100 8 20 3 null 9 39 2 1 
100 8 20 3 null 9 48 2 1 
100 8 20 3 null 9 56 1 1 
100 8 20 3 null 9 58 1 1 
100 8 20 3 null 9 65 1 1 
100 8 20 3 null 9 67 1 1 
100 8 20 3 null 9 68 3 1 
100 8 20 3 null 9 76 1 1 
100 8 20 3 null 9 93 1 1 
100 8 20 3 null 9 97 1 1 
100 8 20 3 null 10 3 1 1 
100 8 20 3 null 10 6 2 1 
100 8 20 3 null 10 8 1 1 
100 8 20 3 null 10 15 1 1 
100 8 20 3 null 10 22 1 1 
100 8 20 3 null 10 24 1 1 
100 8 20 3 null 10 27 1 1 
100 8 20 3 null 10 29 2 1 
100 8 20 3 null 10 34 2 1 
100 8 20 3 null 10 38 1 1 
100 8 20 3 null 10 41 2 1 
100 8 20 3 null 10 43 2 1 
100 8 20 3 null 10 54 1 1 
100 8 20 3 null 10 58 2 1 
100 8 20 3 null 10 61 2 1 
100 8 20 3 null 10 68 1 1 
100 8 20 3 null 10 71 2 1 
100 8 20 3 null 10 92 1 1 
100 8 20 3 null 11 7 1 1 
100 8 20 3 null 11 8 2 1 
100 8 20 3 null 11 12 1 1 
100 8 20 3 null 11 20 1 1 
100 8 20 3 null 11 39 2 1 
100 8 20 3 null 11 42 1 1 
100 8 20 3 null 11 44 2 1 
100 8 20 3 null 11 46 2 1 
100 8 20 3 null 11 48 1 1 
100 8 20 3 null 11 55 1 1 
100 8 20 3 null 11 57 3 1 
100 8 20 3 null 11 64 1 1 
100 8 20 3 null 11 71 2 1 
100 8 20 3 null 11 75 1 1 
100 8 20 3 null 11 79 2 1 
100 8 20 3 null 11 80 1 1 
100 8 20 3 null 11 81 2 1 
100 8 20 3 null 11 84 1 1 
100 8 20 3 null 11 85 1 1 
100 8 20 3 null 11 88 1 1 
100 8 20 3 null 11 90 1 1 
100 8 20 3 null 11 96 1 1 
100 8 20 3 null 11 98 2 1 
100 8 20 3 null 11 100 1 1 
100 8 20 3 null 12 1 2 1 
100 8 20 3 null 12 3 1 1 
100 8 20 3 null 12 15 1 1 
100 8 20 3 null 12 22 1 1 
100 8 20 3 null 12 34 2 1 
100 8 20 3 null 12 62 2 1 
100 8 20 3 null 12 77 2 1 
100 8 20 3 null 12 87 2 1 
100 8 20 3 null 12 91 2 1 
100 8 20 3 null 12 97 2 1 
100 8 20 3 null 13 1 3 1 
100 8 20 3 null 13 4 2 1 
100 8 20 3 null 13 9 1 1 
100 8 20 3 null 13 11 3 1 
100 8 20 3 null 13 12 1 1 
100 8 20 3 null 13 17 1 1 
100 8 20 3 null 13 26 1 1 
100 8 20 3 null 13 37 1 1 
100 8 20 3 null 13 39 2 1 
100 8 20 3 null 13 41 3 1 
100 8 20 3 null 13 46 1 1 
100 8 20 3 null 13 53 3 1 
100 8 20 3 null 13 56 1 1 
100 8 20 3 null 13 60 1 1 
100 8 20 3 null 13 62 2 1 
100 8 20 3 null 13 70 1 1 
100 8 20 3 null 13 77 1 1 
100 8 20 3 null 13 79 1 1 
100 8 20 3 null 14 9 1 1 
100 8 20 3 null 14 13 1 1 
100 8 20 3 null 14 14 1 1 
100 8 20 3 null 14 18 1 1 
100 8 20 3 null 14 24 1 1 
100 8 20 3 null 14 32 1 1 
100 8 20 3 null 14 44 2 1 
100 8 20 3 null 14 55 2 1 
100 8 20 3 null 14 64 1 1 
100 8 20 3 null 14 68 3 1 
100 8 20 3 null 14 70 1 1 
100 8 20 3 null 14 71 1 1 
100 8 20 3 null 14 72 1 1 
100 8 20 3 null 14 74 1 1 
100 8 20 3 null 14 77 2 1 
100 8 20 3 null 14 80 2 1 
100 8 20 3 null 14 82 2 1 
100 8 20 3 null 14 84 1 1 
100 8 20 3 null 14 89 1 1 
100 8 20 3 null 14 90 2 1 
100 8 20 3 null 14 92 1 1 
100 8 20 3 null 14 98 1 1 
100 8 20 3 null 14 100 1 1 
100 8 20 3 null 15 14 2 1 
100 8 20 3 null 15 23 1 1 
100 8 20 3 null 15 30 1 1 
100 8 20 3 null 15 37 2 1 
100 8 20 3 null 15 45 1 1 
100 8 20 3 null 15 47 2 1 
100 8 20 3 null 15 52 2 1 
100 8 20 3 null 15 58 1 1 
100 8 20 3 null 15 83 2 1 
100 8 20 3 null 15 84 1 1 
100 8 20 3 null 15 86 2 1 
100 8 20 3 null 15 91 2 1 
100 8 20 3 null 15 95 2 1 
100 8 20 3 null 15 97 2 1 
100 8 20 3 null 16 7 1 1 
100 8 20 3 null 16 11 1 1 
100 8 20 3 null 16 25 1 1 
100 8 20 3 null 16 29 2 1 
100 8 20 3 null 16 31 1 1 
100 8 20 3 null 16 46 1 1 
100 8 20 3 null 16 52 1 1 
100 8 20 3 null 16 57 2 1 
100 8 20 3 null 16 61 2 1 
100 8 20 3 null 16 62 1 1 
100 8 20 3 null 16 70 3 1 
100 8 20 3 null 16 71 1 1 
100 8 20 3 null 16 75 1 1 
100 8 20 3 null 16 78 2 1 
100 8 20 3 null 16 82 2 1 
100 8 20 3 null 16 85 2 1 
100 8 20 3 null 16 87 3 1 
100 8 20 3 null 16 98 1 1 
100 8 20 3 null 17 5 3 1 
100 8 20 3 null 17 6 1 1 
100 8 20 3 null 17 10 2 1 
100 8 20 3 null 17 23 1 1 
100 8 20 3 null 17 24 3 1 
100 8 20 3 null 17 34 1 1 
100 8 20 3 null 17 49 1 1 
100 8 20 3 null 17 51 3 1 
100 8 20 3 null 17 58 1 1 
100 8 20 3 null 17 59 1 1 
100 8 20 3 null 17 70 3 1 
100 8 20 3 null 17 82 1 1 
100 8 20 3 null 17 90 2 1 
100 8 20 3 null 17 91 2 1 
100 8 20 3 null 17 94 2 1 
100 8 20 3 null 18 5 1 1 
100 8 20 3 null 18 6 1 1 
100 8 20 3 null 18 7 2 1 
100 8 20 3 null 18 14 2 1 
100 8 20 3 null 18 16 1 1 
100 8 20 3 null 18 28 1 1 
100 8 20 3 null 18 33 1 1 
100 8 20 3 null 18 35 1 1 
100 8 20 3 null 18 36 2 1 
100 8 20 3 null 18 37 2 1 
100 8 20 3 null 18 38 2 1 
100 8 20 3 null 18 41 1 1 
100 8 20 3 null 18 46 1 1 
100 8 20 3 null 18 47 1 1 
100 8 20 3 null 18 49 1 1 
100 8 20 3 null 18 53 1 1 
100 8 20 3 null 18 57 1 1 
100 8 20 3 null 18 60 1 1 
100 8 20 3 null 18 63 2 1 
100 8 20 3 null 18 66 2 1 
100 8 20 3 null 18 67 1 1 
100 8 20 3 null 18 76 1 1 
100 8 20 3 null 18 83 2 1 
100 8 20 3 null 18 89 2 1 
100 8 20 3 null 18 91 2 1 
100 8 20 3 null 18 92 2 1 
100 8 20 3 null 18 94 3 1 
100 8 20 3 null 18 95 1 1 
100 8 20 3 null 18 99 1 1 
100 8 20 3 null 19 1 1 1 
100 8 20 3 null 19 8 2 1 
100 8 20 3 null 19 11 2 1 
100 8 20 3 null 19 14 1 1 
100 8 20 3 null 19 36 1 1 
100 8 20 3 null 19 42 2 1 
100 8 20 3 null 19 46 2 1 
100 8 20 3 null 19 59 2 1 
100 8 20 3 null 19 60 2 1 
100 8 20 3 null 19 61 2 1 
100 8 20 3 null 19 65 2 1 
100 8 20 3 null 19 71 1 1 
100 8 20 3 null 19 75 2 1 
100 8 20 3 null 19 80 1 1 
100 8 20 3 null 19 90 3 1 
100 8 20 3 null 20 5 2 1 
100 8 20 3 null 20 13 3 1 
100 8 20 3 null 20 17 2 1 
100 8 20 3 null 20 36 1 1 
100 8 20 3 null 20 38 3 1 
100 8 20 3 null 20 41 1 1 
100 8 20 3 null 20 51 1 1 
100 8 20 3 null 20 52 2 1 
100 8 20 3 null 20 75 2 1 
100 8 20 3 null 20 81 1 1 
100 8 20 3 null 20 91 1 1 
100 8 20 3 null 20 93 1 1 
100 8 20 3 null 20 94 2 1 
