100 20 20 5 null 1 6 1 1 
100 20 20 5 null 1 11 2 1 
100 20 20 5 null 1 12 1 1 
100 20 20 5 null 1 13 1 1 
100 20 20 5 null 1 15 1 1 
100 20 20 5 null 1 20 1 1 
100 20 20 5 null 1 23 2 1 
100 20 20 5 null 1 26 2 1 
100 20 20 5 null 1 29 2 1 
100 20 20 5 null 1 33 1 1 
100 20 20 5 null 1 36 3 1 
100 20 20 5 null 1 48 1 1 
100 20 20 5 null 1 54 1 1 
100 20 20 5 null 1 59 1 1 
100 20 20 5 null 1 60 1 1 
100 20 20 5 null 1 67 1 1 
100 20 20 5 null 1 69 1 1 
100 20 20 5 null 1 70 1 1 
100 20 20 5 null 1 78 1 1 
100 20 20 5 null 2 1 1 1 
100 20 20 5 null 2 4 2 1 
100 20 20 5 null 2 10 2 1 
100 20 20 5 null 2 14 2 1 
100 20 20 5 null 2 20 1 1 
100 20 20 5 null 2 27 3 1 
100 20 20 5 null 2 36 2 1 
100 20 20 5 null 2 37 1 1 
100 20 20 5 null 2 43 3 1 
100 20 20 5 null 2 64 1 1 
100 20 20 5 null 2 75 2 1 
100 20 20 5 null 2 78 1 1 
100 20 20 5 null 2 81 1 1 
100 20 20 5 null 2 82 1 1 
100 20 20 5 null 2 85 1 1 
100 20 20 5 null 2 90 3 1 
100 20 20 5 null 2 96 2 1 
100 20 20 5 null 3 10 1 1 
100 20 20 5 null 3 11 1 1 
100 20 20 5 null 3 12 2 1 
100 20 20 5 null 3 17 2 1 
100 20 20 5 null 3 19 2 1 
100 20 20 5 null 3 41 1 1 
100 20 20 5 null 3 45 1 1 
100 20 20 5 null 3 63 1 1 
100 20 20 5 null 3 64 3 1 
100 20 20 5 null 3 69 2 1 
100 20 20 5 null 3 93 1 1 
100 20 20 5 null 3 96 1 1 
100 20 20 5 null 3 99 1 1 
100 20 20 5 null 3 100 1 1 
100 20 20 5 null 4 4 2 1 
100 20 20 5 null 4 7 1 1 
100 20 20 5 null 4 16 3 1 
100 20 20 5 null 4 20 1 1 
100 20 20 5 null 4 26 2 1 
100 20 20 5 null 4 30 2 1 
100 20 20 5 null 4 53 1 1 
100 20 20 5 null 4 55 2 1 
100 20 20 5 null 4 58 2 1 
100 20 20 5 null 4 64 1 1 
100 20 20 5 null 4 94 1 1 
100 20 20 5 null 5 2 2 1 
100 20 20 5 null 5 11 1 1 
100 20 20 5 null 5 17 2 1 
100 20 20 5 null 5 19 1 1 
100 20 20 5 null 5 23 2 1 
100 20 20 5 null 5 27 2 1 
100 20 20 5 null 5 29 2 1 
100 20 20 5 null 5 37 2 1 
100 20 20 5 null 5 39 2 1 
100 20 20 5 null 5 40 2 1 
100 20 20 5 null 5 53 2 1 
100 20 20 5 null 5 64 1 1 
100 20 20 5 null 5 67 2 1 
100 20 20 5 null 5 74 2 1 
100 20 20 5 null 6 1 1 1 
100 20 20 5 null 6 8 2 1 
100 20 20 5 null 6 28 1 1 
100 20 20 5 null 6 29 2 1 
100 20 20 5 null 6 34 3 1 
100 20 20 5 null 6 47 2 1 
100 20 20 5 null 6 50 1 1 
100 20 20 5 null 6 54 1 1 
100 20 20 5 null 6 59 1 1 
100 20 20 5 null 6 62 1 1 
100 20 20 5 null 6 78 2 1 
100 20 20 5 null 6 80 2 1 
100 20 20 5 null 6 96 1 1 
100 20 20 5 null 6 97 3 1 
100 20 20 5 null 6 98 3 1 
100 20 20 5 null 6 100 1 1 
100 20 20 5 null 7 2 2 1 
100 20 20 5 null 7 3 2 1 
100 20 20 5 null 7 14 2 1 
100 20 20 5 null 7 16 1 1 
100 20 20 5 null 7 27 2 1 
100 20 20 5 null 7 28 2 1 
100 20 20 5 null 7 41 2 1 
100 20 20 5 null 7 44 3 1 
100 20 20 5 null 7 50 1 1 
100 20 20 5 null 7 61 2 1 
100 20 20 5 null 7 82 3 1 
100 20 20 5 null 8 3 3 1 
100 20 20 5 null 8 8 2 1 
100 20 20 5 null 8 11 2 1 
100 20 20 5 null 8 20 2 1 
100 20 20 5 null 8 24 2 1 
100 20 20 5 null 8 26 1 1 
100 20 20 5 null 8 27 1 1 
100 20 20 5 null 8 33 1 1 
100 20 20 5 null 8 36 3 1 
100 20 20 5 null 8 55 2 1 
100 20 20 5 null 8 58 1 1 
100 20 20 5 null 8 61 2 1 
100 20 20 5 null 8 65 2 1 
100 20 20 5 null 8 67 1 1 
100 20 20 5 null 8 71 2 1 
100 20 20 5 null 8 81 1 1 
100 20 20 5 null 9 1 1 1 
100 20 20 5 null 9 11 2 1 
100 20 20 5 null 9 18 2 1 
100 20 20 5 null 9 21 2 1 
100 20 20 5 null 9 36 1 1 
100 20 20 5 null 9 42 1 1 
100 20 20 5 null 9 50 1 1 
100 20 20 5 null 9 55 2 1 
100 20 20 5 null 9 57 1 1 
100 20 20 5 null 9 77 2 1 
100 20 20 5 null 9 79 2 1 
100 20 20 5 null 9 85 1 1 
100 20 20 5 null 9 87 1 1 
100 20 20 5 null 9 90 2 1 
100 20 20 5 null 10 13 1 1 
100 20 20 5 null 10 19 2 1 
100 20 20 5 null 10 24 1 1 
100 20 20 5 null 10 30 2 1 
100 20 20 5 null 10 31 2 1 
100 20 20 5 null 10 35 1 1 
100 20 20 5 null 10 41 2 1 
100 20 20 5 null 10 49 1 1 
100 20 20 5 null 10 55 1 1 
100 20 20 5 null 10 66 1 1 
100 20 20 5 null 10 72 1 1 
100 20 20 5 null 10 73 3 1 
100 20 20 5 null 10 76 1 1 
100 20 20 5 null 10 80 2 1 
100 20 20 5 null 10 83 1 1 
100 20 20 5 null 10 92 2 1 
100 20 20 5 null 10 99 1 1 
100 20 20 5 null 10 100 1 1 
100 20 20 5 null 11 3 1 1 
100 20 20 5 null 11 6 1 1 
100 20 20 5 null 11 7 3 1 
100 20 20 5 null 11 9 1 1 
100 20 20 5 null 11 12 2 1 
100 20 20 5 null 11 20 1 1 
100 20 20 5 null 11 26 2 1 
100 20 20 5 null 11 29 1 1 
100 20 20 5 null 11 30 3 1 
100 20 20 5 null 11 32 2 1 
100 20 20 5 null 11 34 1 1 
100 20 20 5 null 11 39 1 1 
100 20 20 5 null 11 40 1 1 
100 20 20 5 null 11 42 2 1 
100 20 20 5 null 11 43 1 1 
100 20 20 5 null 11 53 1 1 
100 20 20 5 null 11 62 2 1 
100 20 20 5 null 11 65 1 1 
100 20 20 5 null 11 67 2 1 
100 20 20 5 null 11 68 3 1 
100 20 20 5 null 11 73 1 1 
100 20 20 5 null 11 79 1 1 
100 20 20 5 null 11 81 1 1 
100 20 20 5 null 11 86 1 1 
100 20 20 5 null 11 88 1 1 
100 20 20 5 null 11 94 1 1 
100 20 20 5 null 11 95 2 1 
100 20 20 5 null 11 99 2 1 
100 20 20 5 null 12 4 1 1 
100 20 20 5 null 12 5 1 1 
100 20 20 5 null 12 23 1 1 
100 20 20 5 null 12 32 1 1 
100 20 20 5 null 12 40 1 1 
100 20 20 5 null 12 57 2 1 
100 20 20 5 null 12 73 3 1 
100 20 20 5 null 12 74 1 1 
100 20 20 5 null 12 82 1 1 
100 20 20 5 null 12 89 1 1 
100 20 20 5 null 12 92 2 1 
100 20 20 5 null 13 2 1 1 
100 20 20 5 null 13 11 2 1 
100 20 20 5 null 13 15 1 1 
100 20 20 5 null 13 16 2 1 
100 20 20 5 null 13 25 1 1 
100 20 20 5 null 13 28 1 1 
100 20 20 5 null 13 36 1 1 
100 20 20 5 null 13 45 3 1 
100 20 20 5 null 13 47 2 1 
100 20 20 5 null 13 48 2 1 
100 20 20 5 null 13 49 2 1 
100 20 20 5 null 13 65 3 1 
100 20 20 5 null 13 75 2 1 
100 20 20 5 null 13 81 1 1 
100 20 20 5 null 13 84 2 1 
100 20 20 5 null 13 89 3 1 
100 20 20 5 null 13 90 3 1 
100 20 20 5 null 13 91 2 1 
100 20 20 5 null 13 95 1 1 
100 20 20 5 null 14 1 1 1 
100 20 20 5 null 14 3 1 1 
100 20 20 5 null 14 4 3 1 
100 20 20 5 null 14 10 1 1 
100 20 20 5 null 14 13 1 1 
100 20 20 5 null 14 27 2 1 
100 20 20 5 null 14 29 1 1 
100 20 20 5 null 14 36 1 1 
100 20 20 5 null 14 39 1 1 
100 20 20 5 null 14 40 1 1 
100 20 20 5 null 14 43 1 1 
100 20 20 5 null 14 54 2 1 
100 20 20 5 null 14 58 1 1 
100 20 20 5 null 14 65 1 1 
100 20 20 5 null 14 69 1 1 
100 20 20 5 null 14 75 1 1 
100 20 20 5 null 14 76 2 1 
100 20 20 5 null 14 83 1 1 
100 20 20 5 null 14 88 1 1 
100 20 20 5 null 14 89 1 1 
100 20 20 5 null 14 100 2 1 
100 20 20 5 null 15 12 2 1 
100 20 20 5 null 15 22 1 1 
100 20 20 5 null 15 32 2 1 
100 20 20 5 null 15 38 1 1 
100 20 20 5 null 15 45 2 1 
100 20 20 5 null 15 50 1 1 
100 20 20 5 null 15 60 2 1 
100 20 20 5 null 15 64 3 1 
100 20 20 5 null 15 66 2 1 
100 20 20 5 null 15 67 1 1 
100 20 20 5 null 15 68 3 1 
100 20 20 5 null 15 70 1 1 
100 20 20 5 null 15 83 2 1 
100 20 20 5 null 15 85 1 1 
100 20 20 5 null 15 86 1 1 
100 20 20 5 null 15 91 2 1 
100 20 20 5 null 15 92 2 1 
100 20 20 5 null 15 99 1 1 
100 20 20 5 null 15 100 1 1 
100 20 20 5 null 16 1 1 1 
100 20 20 5 null 16 14 1 1 
100 20 20 5 null 16 22 1 1 
100 20 20 5 null 16 29 3 1 
100 20 20 5 null 16 36 1 1 
100 20 20 5 null 16 41 1 1 
100 20 20 5 null 16 43 2 1 
100 20 20 5 null 16 44 2 1 
100 20 20 5 null 16 48 2 1 
100 20 20 5 null 16 59 2 1 
100 20 20 5 null 16 71 1 1 
100 20 20 5 null 16 73 1 1 
100 20 20 5 null 16 74 3 1 
100 20 20 5 null 16 81 1 1 
100 20 20 5 null 16 96 1 1 
100 20 20 5 null 17 1 1 1 
100 20 20 5 null 17 4 1 1 
100 20 20 5 null 17 5 1 1 
100 20 20 5 null 17 12 1 1 
100 20 20 5 null 17 14 3 1 
100 20 20 5 null 17 15 1 1 
100 20 20 5 null 17 21 2 1 
100 20 20 5 null 17 24 1 1 
100 20 20 5 null 17 41 2 1 
100 20 20 5 null 17 48 2 1 
100 20 20 5 null 17 53 2 1 
100 20 20 5 null 17 65 2 1 
100 20 20 5 null 17 76 2 1 
100 20 20 5 null 17 79 1 1 
100 20 20 5 null 17 80 2 1 
100 20 20 5 null 17 83 1 1 
100 20 20 5 null 17 96 1 1 
100 20 20 5 null 18 5 1 1 
100 20 20 5 null 18 10 1 1 
100 20 20 5 null 18 11 2 1 
100 20 20 5 null 18 17 1 1 
100 20 20 5 null 18 18 1 1 
100 20 20 5 null 18 20 1 1 
100 20 20 5 null 18 35 1 1 
100 20 20 5 null 18 36 3 1 
100 20 20 5 null 18 50 1 1 
100 20 20 5 null 18 53 1 1 
100 20 20 5 null 18 58 3 1 
100 20 20 5 null 18 59 1 1 
100 20 20 5 null 18 72 2 1 
100 20 20 5 null 18 74 2 1 
100 20 20 5 null 18 76 1 1 
100 20 20 5 null 18 78 3 1 
100 20 20 5 null 18 84 3 1 
100 20 20 5 null 18 86 2 1 
100 20 20 5 null 18 93 1 1 
100 20 20 5 null 18 99 1 1 
100 20 20 5 null 19 1 2 1 
100 20 20 5 null 19 38 2 1 
100 20 20 5 null 19 43 1 1 
100 20 20 5 null 19 46 1 1 
100 20 20 5 null 19 49 2 1 
100 20 20 5 null 19 60 1 1 
100 20 20 5 null 19 62 2 1 
100 20 20 5 null 19 65 1 1 
100 20 20 5 null 19 76 3 1 
100 20 20 5 null 19 83 3 1 
100 20 20 5 null 19 86 1 1 
100 20 20 5 null 19 87 2 1 
100 20 20 5 null 19 100 2 1 
100 20 20 5 null 20 12 1 1 
100 20 20 5 null 20 16 2 1 
100 20 20 5 null 20 19 1 1 
100 20 20 5 null 20 32 1 1 
100 20 20 5 null 20 41 3 1 
100 20 20 5 null 20 61 1 1 
100 20 20 5 null 20 67 3 1 
100 20 20 5 null 20 79 1 1 
100 20 20 5 null 20 98 1 1 
