100 8 50 4 null 1 1 1 1 
100 8 50 4 null 1 2 1 1 
100 8 50 4 null 1 3 1 1 
100 8 50 4 null 1 4 1 1 
100 8 50 4 null 1 8 1 1 
100 8 50 4 null 1 16 3 1 
100 8 50 4 null 1 17 2 1 
100 8 50 4 null 1 18 1 1 
100 8 50 4 null 1 20 2 1 
100 8 50 4 null 1 21 1 1 
100 8 50 4 null 1 23 2 1 
100 8 50 4 null 1 27 1 1 
100 8 50 4 null 1 31 1 1 
100 8 50 4 null 1 35 3 1 
100 8 50 4 null 1 39 3 1 
100 8 50 4 null 1 41 1 1 
100 8 50 4 null 1 45 1 1 
100 8 50 4 null 1 49 2 1 
100 8 50 4 null 1 55 1 1 
100 8 50 4 null 1 64 1 1 
100 8 50 4 null 1 65 3 1 
100 8 50 4 null 1 66 1 1 
100 8 50 4 null 1 72 2 1 
100 8 50 4 null 1 82 2 1 
100 8 50 4 null 1 83 2 1 
100 8 50 4 null 1 85 1 1 
100 8 50 4 null 1 97 1 1 
100 8 50 4 null 2 4 1 1 
100 8 50 4 null 2 9 2 1 
100 8 50 4 null 2 29 1 1 
100 8 50 4 null 2 31 2 1 
100 8 50 4 null 2 37 3 1 
100 8 50 4 null 2 38 2 1 
100 8 50 4 null 2 43 1 1 
100 8 50 4 null 2 46 3 1 
100 8 50 4 null 2 50 2 1 
100 8 50 4 null 2 54 1 1 
100 8 50 4 null 2 59 1 1 
100 8 50 4 null 2 61 2 1 
100 8 50 4 null 2 68 2 1 
100 8 50 4 null 2 80 2 1 
100 8 50 4 null 2 82 1 1 
100 8 50 4 null 2 87 2 1 
100 8 50 4 null 2 89 1 1 
100 8 50 4 null 2 94 2 1 
100 8 50 4 null 2 96 3 1 
100 8 50 4 null 3 5 1 1 
100 8 50 4 null 3 7 3 1 
100 8 50 4 null 3 8 2 1 
100 8 50 4 null 3 10 1 1 
100 8 50 4 null 3 30 2 1 
100 8 50 4 null 3 47 2 1 
100 8 50 4 null 3 58 1 1 
100 8 50 4 null 3 59 1 1 
100 8 50 4 null 3 63 1 1 
100 8 50 4 null 3 64 3 1 
100 8 50 4 null 3 71 1 1 
100 8 50 4 null 3 88 2 1 
100 8 50 4 null 3 90 1 1 
100 8 50 4 null 3 91 2 1 
100 8 50 4 null 3 92 1 1 
100 8 50 4 null 4 1 2 1 
100 8 50 4 null 4 2 1 1 
100 8 50 4 null 4 12 1 1 
100 8 50 4 null 4 15 1 1 
100 8 50 4 null 4 20 1 1 
100 8 50 4 null 4 25 2 1 
100 8 50 4 null 4 28 1 1 
100 8 50 4 null 4 36 2 1 
100 8 50 4 null 4 49 1 1 
100 8 50 4 null 4 55 1 1 
100 8 50 4 null 4 72 1 1 
100 8 50 4 null 4 76 1 1 
100 8 50 4 null 4 82 1 1 
100 8 50 4 null 4 85 2 1 
100 8 50 4 null 4 86 2 1 
100 8 50 4 null 4 98 2 1 
100 8 50 4 null 5 5 1 1 
100 8 50 4 null 5 10 1 1 
100 8 50 4 null 5 11 3 1 
100 8 50 4 null 5 14 1 1 
100 8 50 4 null 5 22 1 1 
100 8 50 4 null 5 28 1 1 
100 8 50 4 null 5 30 2 1 
100 8 50 4 null 5 50 1 1 
100 8 50 4 null 5 54 1 1 
100 8 50 4 null 5 56 2 1 
100 8 50 4 null 5 57 1 1 
100 8 50 4 null 5 58 3 1 
100 8 50 4 null 5 65 2 1 
100 8 50 4 null 5 66 1 1 
100 8 50 4 null 5 67 2 1 
100 8 50 4 null 5 69 1 1 
100 8 50 4 null 5 70 1 1 
100 8 50 4 null 5 72 1 1 
100 8 50 4 null 5 80 1 1 
100 8 50 4 null 5 82 1 1 
100 8 50 4 null 5 90 1 1 
100 8 50 4 null 5 94 1 1 
100 8 50 4 null 5 96 2 1 
100 8 50 4 null 6 6 2 1 
100 8 50 4 null 6 15 1 1 
100 8 50 4 null 6 16 2 1 
100 8 50 4 null 6 19 2 1 
100 8 50 4 null 6 22 2 1 
100 8 50 4 null 6 31 1 1 
100 8 50 4 null 6 32 2 1 
100 8 50 4 null 6 36 2 1 
100 8 50 4 null 6 38 1 1 
100 8 50 4 null 6 40 2 1 
100 8 50 4 null 6 42 2 1 
100 8 50 4 null 6 44 1 1 
100 8 50 4 null 6 55 3 1 
100 8 50 4 null 6 61 3 1 
100 8 50 4 null 6 84 1 1 
100 8 50 4 null 6 85 1 1 
100 8 50 4 null 7 12 1 1 
100 8 50 4 null 7 19 1 1 
100 8 50 4 null 7 30 3 1 
100 8 50 4 null 7 33 1 1 
100 8 50 4 null 7 38 1 1 
100 8 50 4 null 7 46 2 1 
100 8 50 4 null 7 55 1 1 
100 8 50 4 null 7 60 1 1 
100 8 50 4 null 7 65 1 1 
100 8 50 4 null 7 71 1 1 
100 8 50 4 null 7 78 1 1 
100 8 50 4 null 7 86 1 1 
100 8 50 4 null 8 5 1 1 
100 8 50 4 null 8 29 2 1 
100 8 50 4 null 8 34 3 1 
100 8 50 4 null 8 39 2 1 
100 8 50 4 null 8 43 1 1 
100 8 50 4 null 8 50 2 1 
100 8 50 4 null 8 57 2 1 
100 8 50 4 null 8 70 2 1 
100 8 50 4 null 8 83 2 1 
100 8 50 4 null 8 89 1 1 
100 8 50 4 null 9 1 1 1 
100 8 50 4 null 9 11 3 1 
100 8 50 4 null 9 17 2 1 
100 8 50 4 null 9 21 1 1 
100 8 50 4 null 9 29 1 1 
100 8 50 4 null 9 37 3 1 
100 8 50 4 null 9 38 1 1 
100 8 50 4 null 9 61 2 1 
100 8 50 4 null 9 79 1 1 
100 8 50 4 null 9 80 1 1 
100 8 50 4 null 9 92 1 1 
100 8 50 4 null 10 2 1 1 
100 8 50 4 null 10 4 3 1 
100 8 50 4 null 10 19 2 1 
100 8 50 4 null 10 30 1 1 
100 8 50 4 null 10 32 1 1 
100 8 50 4 null 10 35 1 1 
100 8 50 4 null 10 38 1 1 
100 8 50 4 null 10 53 2 1 
100 8 50 4 null 10 55 2 1 
100 8 50 4 null 10 65 2 1 
100 8 50 4 null 10 66 1 1 
100 8 50 4 null 10 67 1 1 
100 8 50 4 null 10 72 1 1 
100 8 50 4 null 10 77 2 1 
100 8 50 4 null 10 81 1 1 
100 8 50 4 null 10 98 3 1 
100 8 50 4 null 11 11 2 1 
100 8 50 4 null 11 27 1 1 
100 8 50 4 null 11 29 1 1 
100 8 50 4 null 11 33 1 1 
100 8 50 4 null 11 39 1 1 
100 8 50 4 null 11 45 3 1 
100 8 50 4 null 11 64 2 1 
100 8 50 4 null 11 71 1 1 
100 8 50 4 null 11 73 1 1 
100 8 50 4 null 11 74 1 1 
100 8 50 4 null 11 75 2 1 
100 8 50 4 null 11 84 1 1 
100 8 50 4 null 11 87 2 1 
100 8 50 4 null 11 98 1 1 
100 8 50 4 null 12 1 1 1 
100 8 50 4 null 12 5 1 1 
100 8 50 4 null 12 7 1 1 
100 8 50 4 null 12 8 2 1 
100 8 50 4 null 12 9 2 1 
100 8 50 4 null 12 15 1 1 
100 8 50 4 null 12 18 2 1 
100 8 50 4 null 12 35 1 1 
100 8 50 4 null 12 37 1 1 
100 8 50 4 null 12 47 1 1 
100 8 50 4 null 12 54 2 1 
100 8 50 4 null 12 68 3 1 
100 8 50 4 null 12 80 1 1 
100 8 50 4 null 12 81 1 1 
100 8 50 4 null 12 83 1 1 
100 8 50 4 null 12 86 2 1 
100 8 50 4 null 12 97 1 1 
100 8 50 4 null 13 1 1 1 
100 8 50 4 null 13 5 1 1 
100 8 50 4 null 13 13 1 1 
100 8 50 4 null 13 14 2 1 
100 8 50 4 null 13 15 2 1 
100 8 50 4 null 13 18 2 1 
100 8 50 4 null 13 20 2 1 
100 8 50 4 null 13 28 2 1 
100 8 50 4 null 13 35 1 1 
100 8 50 4 null 13 38 2 1 
100 8 50 4 null 13 44 1 1 
100 8 50 4 null 13 54 3 1 
100 8 50 4 null 13 59 3 1 
100 8 50 4 null 13 67 2 1 
100 8 50 4 null 13 70 2 1 
100 8 50 4 null 13 74 1 1 
100 8 50 4 null 13 81 3 1 
100 8 50 4 null 13 90 2 1 
100 8 50 4 null 14 9 1 1 
100 8 50 4 null 14 15 1 1 
100 8 50 4 null 14 21 2 1 
100 8 50 4 null 14 23 1 1 
100 8 50 4 null 14 33 3 1 
100 8 50 4 null 14 45 2 1 
100 8 50 4 null 14 46 2 1 
100 8 50 4 null 14 48 1 1 
100 8 50 4 null 14 52 1 1 
100 8 50 4 null 14 63 2 1 
100 8 50 4 null 14 66 1 1 
100 8 50 4 null 15 5 1 1 
100 8 50 4 null 15 15 1 1 
100 8 50 4 null 15 18 2 1 
100 8 50 4 null 15 26 1 1 
100 8 50 4 null 15 49 3 1 
100 8 50 4 null 15 63 3 1 
100 8 50 4 null 15 71 1 1 
100 8 50 4 null 15 84 2 1 
100 8 50 4 null 15 86 2 1 
100 8 50 4 null 15 96 2 1 
100 8 50 4 null 16 7 1 1 
100 8 50 4 null 16 11 1 1 
100 8 50 4 null 16 18 2 1 
100 8 50 4 null 16 35 1 1 
100 8 50 4 null 16 41 1 1 
100 8 50 4 null 16 42 3 1 
100 8 50 4 null 16 45 1 1 
100 8 50 4 null 16 48 1 1 
100 8 50 4 null 16 51 2 1 
100 8 50 4 null 16 52 1 1 
100 8 50 4 null 16 63 2 1 
100 8 50 4 null 16 72 2 1 
100 8 50 4 null 16 80 2 1 
100 8 50 4 null 16 83 1 1 
100 8 50 4 null 16 86 1 1 
100 8 50 4 null 16 92 3 1 
100 8 50 4 null 16 93 3 1 
100 8 50 4 null 16 94 1 1 
100 8 50 4 null 16 96 1 1 
100 8 50 4 null 16 97 1 1 
100 8 50 4 null 17 4 1 1 
100 8 50 4 null 17 6 1 1 
100 8 50 4 null 17 7 2 1 
100 8 50 4 null 17 24 1 1 
100 8 50 4 null 17 30 1 1 
100 8 50 4 null 17 32 3 1 
100 8 50 4 null 17 36 1 1 
100 8 50 4 null 17 39 1 1 
100 8 50 4 null 17 52 2 1 
100 8 50 4 null 17 59 1 1 
100 8 50 4 null 17 64 1 1 
100 8 50 4 null 17 68 1 1 
100 8 50 4 null 17 76 2 1 
100 8 50 4 null 17 84 3 1 
100 8 50 4 null 17 85 1 1 
100 8 50 4 null 18 3 1 1 
100 8 50 4 null 18 8 1 1 
100 8 50 4 null 18 11 1 1 
100 8 50 4 null 18 17 1 1 
100 8 50 4 null 18 18 1 1 
100 8 50 4 null 18 23 1 1 
100 8 50 4 null 18 25 2 1 
100 8 50 4 null 18 33 1 1 
100 8 50 4 null 18 35 2 1 
100 8 50 4 null 18 39 2 1 
100 8 50 4 null 18 41 1 1 
100 8 50 4 null 18 44 1 1 
100 8 50 4 null 18 45 2 1 
100 8 50 4 null 18 48 2 1 
100 8 50 4 null 18 56 2 1 
100 8 50 4 null 18 71 1 1 
100 8 50 4 null 18 74 2 1 
100 8 50 4 null 18 77 1 1 
100 8 50 4 null 18 82 1 1 
100 8 50 4 null 18 83 1 1 
100 8 50 4 null 18 87 2 1 
100 8 50 4 null 18 89 1 1 
100 8 50 4 null 18 100 1 1 
100 8 50 4 null 19 2 1 1 
100 8 50 4 null 19 3 1 1 
100 8 50 4 null 19 9 2 1 
100 8 50 4 null 19 16 1 1 
100 8 50 4 null 19 17 3 1 
100 8 50 4 null 19 24 1 1 
100 8 50 4 null 19 28 2 1 
100 8 50 4 null 19 37 2 1 
100 8 50 4 null 19 39 1 1 
100 8 50 4 null 19 43 1 1 
100 8 50 4 null 19 53 1 1 
100 8 50 4 null 19 65 1 1 
100 8 50 4 null 19 74 1 1 
100 8 50 4 null 19 75 1 1 
100 8 50 4 null 19 81 3 1 
100 8 50 4 null 19 91 2 1 
100 8 50 4 null 19 96 1 1 
100 8 50 4 null 19 100 1 1 
100 8 50 4 null 20 1 2 1 
100 8 50 4 null 20 2 2 1 
100 8 50 4 null 20 13 2 1 
100 8 50 4 null 20 35 1 1 
100 8 50 4 null 20 39 1 1 
100 8 50 4 null 20 43 2 1 
100 8 50 4 null 20 49 1 1 
100 8 50 4 null 20 50 1 1 
100 8 50 4 null 20 53 1 1 
100 8 50 4 null 20 54 2 1 
100 8 50 4 null 20 55 1 1 
100 8 50 4 null 20 60 1 1 
100 8 50 4 null 20 63 1 1 
100 8 50 4 null 20 65 1 1 
100 8 50 4 null 20 68 2 1 
100 8 50 4 null 20 69 2 1 
100 8 50 4 null 20 71 3 1 
100 8 50 4 null 20 72 3 1 
100 8 50 4 null 20 85 1 1 
100 8 50 4 null 20 100 1 1 
100 8 50 4 null 21 4 3 1 
100 8 50 4 null 21 8 2 1 
100 8 50 4 null 21 12 1 1 
100 8 50 4 null 21 16 3 1 
100 8 50 4 null 21 25 2 1 
100 8 50 4 null 21 29 2 1 
100 8 50 4 null 21 32 2 1 
100 8 50 4 null 21 39 1 1 
100 8 50 4 null 21 42 2 1 
100 8 50 4 null 21 53 2 1 
100 8 50 4 null 21 60 1 1 
100 8 50 4 null 21 62 1 1 
100 8 50 4 null 21 63 1 1 
100 8 50 4 null 21 70 1 1 
100 8 50 4 null 21 76 2 1 
100 8 50 4 null 21 85 2 1 
100 8 50 4 null 21 88 2 1 
100 8 50 4 null 21 89 1 1 
100 8 50 4 null 22 2 1 1 
100 8 50 4 null 22 5 1 1 
100 8 50 4 null 22 10 1 1 
100 8 50 4 null 22 12 2 1 
100 8 50 4 null 22 18 1 1 
100 8 50 4 null 22 21 2 1 
100 8 50 4 null 22 30 1 1 
100 8 50 4 null 22 34 2 1 
100 8 50 4 null 22 36 1 1 
100 8 50 4 null 22 39 1 1 
100 8 50 4 null 22 48 1 1 
100 8 50 4 null 22 63 1 1 
100 8 50 4 null 22 78 1 1 
100 8 50 4 null 22 84 2 1 
100 8 50 4 null 22 96 1 1 
100 8 50 4 null 22 99 1 1 
100 8 50 4 null 23 9 2 1 
100 8 50 4 null 23 17 2 1 
100 8 50 4 null 23 22 2 1 
100 8 50 4 null 23 31 2 1 
100 8 50 4 null 23 33 2 1 
100 8 50 4 null 23 36 1 1 
100 8 50 4 null 23 40 2 1 
100 8 50 4 null 23 48 2 1 
100 8 50 4 null 23 49 1 1 
100 8 50 4 null 23 54 2 1 
100 8 50 4 null 23 55 1 1 
100 8 50 4 null 23 66 2 1 
100 8 50 4 null 23 70 1 1 
100 8 50 4 null 23 72 1 1 
100 8 50 4 null 23 77 1 1 
100 8 50 4 null 23 90 1 1 
100 8 50 4 null 23 95 2 1 
100 8 50 4 null 23 96 2 1 
100 8 50 4 null 23 98 2 1 
100 8 50 4 null 24 1 1 1 
100 8 50 4 null 24 4 1 1 
100 8 50 4 null 24 8 1 1 
100 8 50 4 null 24 11 2 1 
100 8 50 4 null 24 14 2 1 
100 8 50 4 null 24 24 1 1 
100 8 50 4 null 24 33 3 1 
100 8 50 4 null 24 34 2 1 
100 8 50 4 null 24 58 2 1 
100 8 50 4 null 24 64 1 1 
100 8 50 4 null 24 67 1 1 
100 8 50 4 null 24 72 2 1 
100 8 50 4 null 24 90 2 1 
100 8 50 4 null 24 97 2 1 
100 8 50 4 null 24 100 1 1 
100 8 50 4 null 25 12 1 1 
100 8 50 4 null 25 27 1 1 
100 8 50 4 null 25 28 2 1 
100 8 50 4 null 25 31 2 1 
100 8 50 4 null 25 37 3 1 
100 8 50 4 null 25 39 1 1 
100 8 50 4 null 25 41 2 1 
100 8 50 4 null 25 53 2 1 
100 8 50 4 null 25 56 1 1 
100 8 50 4 null 25 58 2 1 
100 8 50 4 null 25 63 2 1 
100 8 50 4 null 25 67 1 1 
100 8 50 4 null 25 72 1 1 
100 8 50 4 null 25 81 3 1 
100 8 50 4 null 25 87 2 1 
100 8 50 4 null 25 89 2 1 
100 8 50 4 null 25 97 1 1 
100 8 50 4 null 26 7 1 1 
100 8 50 4 null 26 11 1 1 
100 8 50 4 null 26 12 1 1 
100 8 50 4 null 26 14 2 1 
100 8 50 4 null 26 16 1 1 
100 8 50 4 null 26 25 1 1 
100 8 50 4 null 26 27 1 1 
100 8 50 4 null 26 29 2 1 
100 8 50 4 null 26 30 1 1 
100 8 50 4 null 26 38 1 1 
100 8 50 4 null 26 53 2 1 
100 8 50 4 null 26 62 3 1 
100 8 50 4 null 26 73 1 1 
100 8 50 4 null 26 78 3 1 
100 8 50 4 null 26 85 1 1 
100 8 50 4 null 26 92 2 1 
100 8 50 4 null 26 95 2 1 
100 8 50 4 null 26 98 2 1 
100 8 50 4 null 27 13 1 1 
100 8 50 4 null 27 16 2 1 
100 8 50 4 null 27 21 3 1 
100 8 50 4 null 27 28 2 1 
100 8 50 4 null 27 36 3 1 
100 8 50 4 null 27 37 1 1 
100 8 50 4 null 27 43 1 1 
100 8 50 4 null 27 50 1 1 
100 8 50 4 null 27 57 2 1 
100 8 50 4 null 27 59 1 1 
100 8 50 4 null 27 63 3 1 
100 8 50 4 null 27 64 1 1 
100 8 50 4 null 27 72 1 1 
100 8 50 4 null 27 73 3 1 
100 8 50 4 null 27 74 1 1 
100 8 50 4 null 27 78 1 1 
100 8 50 4 null 27 82 2 1 
100 8 50 4 null 28 10 1 1 
100 8 50 4 null 28 17 1 1 
100 8 50 4 null 28 19 3 1 
100 8 50 4 null 28 22 1 1 
100 8 50 4 null 28 39 2 1 
100 8 50 4 null 28 42 3 1 
100 8 50 4 null 28 66 2 1 
100 8 50 4 null 28 70 2 1 
100 8 50 4 null 28 74 1 1 
100 8 50 4 null 28 75 1 1 
100 8 50 4 null 28 80 1 1 
100 8 50 4 null 28 86 1 1 
100 8 50 4 null 28 94 1 1 
100 8 50 4 null 28 95 2 1 
100 8 50 4 null 29 11 1 1 
100 8 50 4 null 29 30 1 1 
100 8 50 4 null 29 39 1 1 
100 8 50 4 null 29 45 2 1 
100 8 50 4 null 29 50 3 1 
100 8 50 4 null 29 55 1 1 
100 8 50 4 null 29 64 2 1 
100 8 50 4 null 29 65 1 1 
100 8 50 4 null 29 69 2 1 
100 8 50 4 null 29 71 2 1 
100 8 50 4 null 29 72 1 1 
100 8 50 4 null 29 76 1 1 
100 8 50 4 null 29 77 2 1 
100 8 50 4 null 29 85 1 1 
100 8 50 4 null 29 96 1 1 
100 8 50 4 null 30 4 2 1 
100 8 50 4 null 30 10 1 1 
100 8 50 4 null 30 12 1 1 
100 8 50 4 null 30 17 3 1 
100 8 50 4 null 30 28 1 1 
100 8 50 4 null 30 29 1 1 
100 8 50 4 null 30 33 1 1 
100 8 50 4 null 30 39 2 1 
100 8 50 4 null 30 45 1 1 
100 8 50 4 null 30 49 2 1 
100 8 50 4 null 30 56 2 1 
100 8 50 4 null 30 57 1 1 
100 8 50 4 null 30 81 1 1 
100 8 50 4 null 30 99 1 1 
100 8 50 4 null 30 100 1 1 
100 8 50 4 null 31 5 2 1 
100 8 50 4 null 31 17 3 1 
100 8 50 4 null 31 20 2 1 
100 8 50 4 null 31 23 1 1 
100 8 50 4 null 31 26 2 1 
100 8 50 4 null 31 40 1 1 
100 8 50 4 null 31 42 2 1 
100 8 50 4 null 31 44 1 1 
100 8 50 4 null 31 46 2 1 
100 8 50 4 null 31 74 2 1 
100 8 50 4 null 31 80 2 1 
100 8 50 4 null 31 81 1 1 
100 8 50 4 null 31 83 1 1 
100 8 50 4 null 31 85 2 1 
100 8 50 4 null 31 91 2 1 
100 8 50 4 null 31 96 2 1 
100 8 50 4 null 31 98 2 1 
100 8 50 4 null 32 1 2 1 
100 8 50 4 null 32 3 1 1 
100 8 50 4 null 32 5 1 1 
100 8 50 4 null 32 9 1 1 
100 8 50 4 null 32 11 1 1 
100 8 50 4 null 32 13 3 1 
100 8 50 4 null 32 20 2 1 
100 8 50 4 null 32 29 1 1 
100 8 50 4 null 32 35 2 1 
100 8 50 4 null 32 51 1 1 
100 8 50 4 null 32 53 1 1 
100 8 50 4 null 32 56 1 1 
100 8 50 4 null 32 59 2 1 
100 8 50 4 null 32 70 1 1 
100 8 50 4 null 32 83 1 1 
100 8 50 4 null 32 87 2 1 
100 8 50 4 null 32 90 1 1 
100 8 50 4 null 32 91 1 1 
100 8 50 4 null 33 1 2 1 
100 8 50 4 null 33 7 1 1 
100 8 50 4 null 33 9 1 1 
100 8 50 4 null 33 29 1 1 
100 8 50 4 null 33 30 1 1 
100 8 50 4 null 33 32 2 1 
100 8 50 4 null 33 38 1 1 
100 8 50 4 null 33 39 1 1 
100 8 50 4 null 33 47 2 1 
100 8 50 4 null 33 49 2 1 
100 8 50 4 null 33 56 3 1 
100 8 50 4 null 33 60 1 1 
100 8 50 4 null 33 79 1 1 
100 8 50 4 null 33 90 1 1 
100 8 50 4 null 33 99 2 1 
100 8 50 4 null 34 1 2 1 
100 8 50 4 null 34 13 1 1 
100 8 50 4 null 34 24 2 1 
100 8 50 4 null 34 25 1 1 
100 8 50 4 null 34 26 1 1 
100 8 50 4 null 34 28 2 1 
100 8 50 4 null 34 35 2 1 
100 8 50 4 null 34 40 2 1 
100 8 50 4 null 34 41 1 1 
100 8 50 4 null 34 44 2 1 
100 8 50 4 null 34 57 2 1 
100 8 50 4 null 34 62 1 1 
100 8 50 4 null 34 67 1 1 
100 8 50 4 null 34 74 1 1 
100 8 50 4 null 34 77 2 1 
100 8 50 4 null 34 78 1 1 
100 8 50 4 null 34 83 2 1 
100 8 50 4 null 34 85 1 1 
100 8 50 4 null 34 89 1 1 
100 8 50 4 null 34 92 2 1 
100 8 50 4 null 35 8 1 1 
100 8 50 4 null 35 14 1 1 
100 8 50 4 null 35 16 2 1 
100 8 50 4 null 35 20 3 1 
100 8 50 4 null 35 27 1 1 
100 8 50 4 null 35 28 2 1 
100 8 50 4 null 35 33 2 1 
100 8 50 4 null 35 36 1 1 
100 8 50 4 null 35 48 1 1 
100 8 50 4 null 35 72 1 1 
100 8 50 4 null 35 74 2 1 
100 8 50 4 null 35 89 1 1 
100 8 50 4 null 35 90 1 1 
100 8 50 4 null 35 98 2 1 
100 8 50 4 null 35 100 1 1 
100 8 50 4 null 36 1 1 1 
100 8 50 4 null 36 7 1 1 
100 8 50 4 null 36 11 2 1 
100 8 50 4 null 36 15 1 1 
100 8 50 4 null 36 27 1 1 
100 8 50 4 null 36 28 2 1 
100 8 50 4 null 36 31 1 1 
100 8 50 4 null 36 32 3 1 
100 8 50 4 null 36 50 2 1 
100 8 50 4 null 36 55 1 1 
100 8 50 4 null 36 59 1 1 
100 8 50 4 null 36 70 2 1 
100 8 50 4 null 36 77 1 1 
100 8 50 4 null 36 79 2 1 
100 8 50 4 null 36 86 1 1 
100 8 50 4 null 36 92 1 1 
100 8 50 4 null 36 93 2 1 
100 8 50 4 null 36 94 1 1 
100 8 50 4 null 37 9 1 1 
100 8 50 4 null 37 13 3 1 
100 8 50 4 null 37 20 1 1 
100 8 50 4 null 37 23 1 1 
100 8 50 4 null 37 24 1 1 
100 8 50 4 null 37 25 2 1 
100 8 50 4 null 37 27 2 1 
100 8 50 4 null 37 28 2 1 
100 8 50 4 null 37 30 1 1 
100 8 50 4 null 37 40 1 1 
100 8 50 4 null 37 41 3 1 
100 8 50 4 null 37 48 1 1 
100 8 50 4 null 37 50 1 1 
100 8 50 4 null 37 64 2 1 
100 8 50 4 null 37 66 1 1 
100 8 50 4 null 37 67 1 1 
100 8 50 4 null 37 70 1 1 
100 8 50 4 null 37 71 2 1 
100 8 50 4 null 37 80 2 1 
100 8 50 4 null 37 83 1 1 
100 8 50 4 null 37 88 1 1 
100 8 50 4 null 37 90 1 1 
100 8 50 4 null 38 1 1 1 
100 8 50 4 null 38 3 2 1 
100 8 50 4 null 38 4 2 1 
100 8 50 4 null 38 7 1 1 
100 8 50 4 null 38 10 3 1 
100 8 50 4 null 38 18 2 1 
100 8 50 4 null 38 31 1 1 
100 8 50 4 null 38 36 2 1 
100 8 50 4 null 38 41 1 1 
100 8 50 4 null 38 52 2 1 
100 8 50 4 null 38 53 2 1 
100 8 50 4 null 38 57 2 1 
100 8 50 4 null 38 61 3 1 
100 8 50 4 null 38 63 3 1 
100 8 50 4 null 38 68 2 1 
100 8 50 4 null 38 86 2 1 
100 8 50 4 null 38 94 2 1 
100 8 50 4 null 38 97 1 1 
100 8 50 4 null 39 9 1 1 
100 8 50 4 null 39 12 3 1 
100 8 50 4 null 39 14 2 1 
100 8 50 4 null 39 16 1 1 
100 8 50 4 null 39 21 1 1 
100 8 50 4 null 39 22 2 1 
100 8 50 4 null 39 29 2 1 
100 8 50 4 null 39 33 2 1 
100 8 50 4 null 39 34 1 1 
100 8 50 4 null 39 46 2 1 
100 8 50 4 null 39 50 1 1 
100 8 50 4 null 39 58 1 1 
100 8 50 4 null 39 65 3 1 
100 8 50 4 null 39 68 1 1 
100 8 50 4 null 39 75 1 1 
100 8 50 4 null 39 80 3 1 
100 8 50 4 null 39 88 1 1 
100 8 50 4 null 39 91 3 1 
100 8 50 4 null 40 21 3 1 
100 8 50 4 null 40 24 2 1 
100 8 50 4 null 40 26 2 1 
100 8 50 4 null 40 27 2 1 
100 8 50 4 null 40 37 3 1 
100 8 50 4 null 40 39 1 1 
100 8 50 4 null 40 51 3 1 
100 8 50 4 null 40 52 2 1 
100 8 50 4 null 40 77 2 1 
100 8 50 4 null 40 86 2 1 
100 8 50 4 null 40 89 1 1 
100 8 50 4 null 40 92 2 1 
100 8 50 4 null 40 93 1 1 
100 8 50 4 null 41 10 1 1 
100 8 50 4 null 41 31 1 1 
100 8 50 4 null 41 41 2 1 
100 8 50 4 null 41 49 3 1 
100 8 50 4 null 41 72 2 1 
100 8 50 4 null 41 85 1 1 
100 8 50 4 null 41 100 1 1 
100 8 50 4 null 42 5 2 1 
100 8 50 4 null 42 10 3 1 
100 8 50 4 null 42 17 1 1 
100 8 50 4 null 42 19 2 1 
100 8 50 4 null 42 23 2 1 
100 8 50 4 null 42 26 2 1 
100 8 50 4 null 42 28 2 1 
100 8 50 4 null 42 32 2 1 
100 8 50 4 null 42 34 1 1 
100 8 50 4 null 42 35 1 1 
100 8 50 4 null 42 40 1 1 
100 8 50 4 null 42 42 1 1 
100 8 50 4 null 42 47 2 1 
100 8 50 4 null 42 56 1 1 
100 8 50 4 null 42 58 1 1 
100 8 50 4 null 42 59 1 1 
100 8 50 4 null 42 60 1 1 
100 8 50 4 null 42 72 3 1 
100 8 50 4 null 42 84 1 1 
100 8 50 4 null 42 86 2 1 
100 8 50 4 null 43 9 1 1 
100 8 50 4 null 43 47 3 1 
100 8 50 4 null 43 64 1 1 
100 8 50 4 null 43 81 2 1 
100 8 50 4 null 43 90 1 1 
100 8 50 4 null 43 94 1 1 
100 8 50 4 null 43 98 2 1 
100 8 50 4 null 43 100 1 1 
100 8 50 4 null 44 2 2 1 
100 8 50 4 null 44 5 1 1 
100 8 50 4 null 44 7 1 1 
100 8 50 4 null 44 14 1 1 
100 8 50 4 null 44 21 1 1 
100 8 50 4 null 44 26 1 1 
100 8 50 4 null 44 27 1 1 
100 8 50 4 null 44 30 1 1 
100 8 50 4 null 44 36 2 1 
100 8 50 4 null 44 38 1 1 
100 8 50 4 null 44 40 1 1 
100 8 50 4 null 44 55 2 1 
100 8 50 4 null 44 67 3 1 
100 8 50 4 null 44 70 1 1 
100 8 50 4 null 44 72 1 1 
100 8 50 4 null 44 76 1 1 
100 8 50 4 null 44 81 2 1 
100 8 50 4 null 44 85 1 1 
100 8 50 4 null 44 93 1 1 
100 8 50 4 null 45 2 1 1 
100 8 50 4 null 45 5 1 1 
100 8 50 4 null 45 15 2 1 
100 8 50 4 null 45 16 1 1 
100 8 50 4 null 45 17 1 1 
100 8 50 4 null 45 18 2 1 
100 8 50 4 null 45 26 3 1 
100 8 50 4 null 45 28 1 1 
100 8 50 4 null 45 46 1 1 
100 8 50 4 null 45 61 2 1 
100 8 50 4 null 45 67 1 1 
100 8 50 4 null 45 69 1 1 
100 8 50 4 null 45 75 2 1 
100 8 50 4 null 45 76 1 1 
100 8 50 4 null 45 78 1 1 
100 8 50 4 null 45 82 3 1 
100 8 50 4 null 45 87 1 1 
100 8 50 4 null 45 90 2 1 
100 8 50 4 null 46 4 1 1 
100 8 50 4 null 46 9 1 1 
100 8 50 4 null 46 11 1 1 
100 8 50 4 null 46 17 1 1 
100 8 50 4 null 46 25 1 1 
100 8 50 4 null 46 26 3 1 
100 8 50 4 null 46 33 1 1 
100 8 50 4 null 46 52 1 1 
100 8 50 4 null 46 60 1 1 
100 8 50 4 null 46 67 1 1 
100 8 50 4 null 46 73 1 1 
100 8 50 4 null 46 81 1 1 
100 8 50 4 null 46 87 2 1 
100 8 50 4 null 46 91 1 1 
100 8 50 4 null 46 97 1 1 
100 8 50 4 null 47 4 2 1 
100 8 50 4 null 47 14 1 1 
100 8 50 4 null 47 18 2 1 
100 8 50 4 null 47 23 1 1 
100 8 50 4 null 47 26 3 1 
100 8 50 4 null 47 29 1 1 
100 8 50 4 null 47 39 1 1 
100 8 50 4 null 47 42 2 1 
100 8 50 4 null 47 45 3 1 
100 8 50 4 null 47 53 1 1 
100 8 50 4 null 47 58 2 1 
100 8 50 4 null 47 64 3 1 
100 8 50 4 null 47 66 1 1 
100 8 50 4 null 47 69 1 1 
100 8 50 4 null 47 75 2 1 
100 8 50 4 null 47 79 2 1 
100 8 50 4 null 47 89 2 1 
100 8 50 4 null 47 93 2 1 
100 8 50 4 null 47 94 1 1 
100 8 50 4 null 48 4 1 1 
100 8 50 4 null 48 5 1 1 
100 8 50 4 null 48 15 1 1 
100 8 50 4 null 48 16 2 1 
100 8 50 4 null 48 23 1 1 
100 8 50 4 null 48 37 2 1 
100 8 50 4 null 48 41 1 1 
100 8 50 4 null 48 44 2 1 
100 8 50 4 null 48 46 2 1 
100 8 50 4 null 48 48 1 1 
100 8 50 4 null 48 55 1 1 
100 8 50 4 null 48 58 2 1 
100 8 50 4 null 48 64 3 1 
100 8 50 4 null 48 71 2 1 
100 8 50 4 null 48 93 2 1 
100 8 50 4 null 48 97 2 1 
100 8 50 4 null 48 98 1 1 
100 8 50 4 null 48 100 2 1 
100 8 50 4 null 49 22 2 1 
100 8 50 4 null 49 23 1 1 
100 8 50 4 null 49 25 2 1 
100 8 50 4 null 49 28 2 1 
100 8 50 4 null 49 33 3 1 
100 8 50 4 null 49 39 1 1 
100 8 50 4 null 49 45 2 1 
100 8 50 4 null 49 47 1 1 
100 8 50 4 null 49 52 3 1 
100 8 50 4 null 49 53 1 1 
100 8 50 4 null 49 55 2 1 
100 8 50 4 null 49 57 1 1 
100 8 50 4 null 49 59 2 1 
100 8 50 4 null 49 64 1 1 
100 8 50 4 null 49 67 2 1 
100 8 50 4 null 49 70 1 1 
100 8 50 4 null 49 74 1 1 
100 8 50 4 null 49 75 2 1 
100 8 50 4 null 49 80 1 1 
100 8 50 4 null 49 98 1 1 
100 8 50 4 null 50 1 1 1 
100 8 50 4 null 50 2 2 1 
100 8 50 4 null 50 11 1 1 
100 8 50 4 null 50 12 1 1 
100 8 50 4 null 50 16 1 1 
100 8 50 4 null 50 19 2 1 
100 8 50 4 null 50 22 1 1 
100 8 50 4 null 50 23 1 1 
100 8 50 4 null 50 25 1 1 
100 8 50 4 null 50 26 2 1 
100 8 50 4 null 50 32 1 1 
100 8 50 4 null 50 34 1 1 
100 8 50 4 null 50 41 1 1 
100 8 50 4 null 50 48 1 1 
100 8 50 4 null 50 49 2 1 
100 8 50 4 null 50 50 3 1 
100 8 50 4 null 50 61 1 1 
100 8 50 4 null 50 65 2 1 
100 8 50 4 null 50 70 2 1 
100 8 50 4 null 50 77 1 1 
100 8 50 4 null 50 82 1 1 
100 8 50 4 null 50 92 2 1 
100 8 50 4 null 50 95 1 1 
