50 8 20 5 null 1 9 2 1 
50 8 20 5 null 1 22 2 1 
50 8 20 5 null 1 38 2 1 
50 8 20 5 null 2 7 1 1 
50 8 20 5 null 2 9 1 1 
50 8 20 5 null 2 17 1 1 
50 8 20 5 null 2 18 1 1 
50 8 20 5 null 2 33 1 1 
50 8 20 5 null 2 37 1 1 
50 8 20 5 null 2 39 2 1 
50 8 20 5 null 5 4 3 1 
50 8 20 5 null 5 7 3 1 
50 8 20 5 null 5 19 2 1 
50 8 20 5 null 5 31 2 1 
50 8 20 5 null 5 39 2 1 
50 8 20 5 null 6 4 2 1 
50 8 20 5 null 6 18 2 1 
50 8 20 5 null 6 27 2 1 
50 8 20 5 null 6 42 3 1 
50 8 20 5 null 6 47 2 1 
50 8 20 5 null 7 2 2 1 
50 8 20 5 null 7 4 2 1 
50 8 20 5 null 7 5 3 1 
50 8 20 5 null 7 23 2 1 
50 8 20 5 null 7 27 2 1 
50 8 20 5 null 8 26 1 1 
50 8 20 5 null 9 7 2 1 
50 8 20 5 null 9 16 3 1 
50 8 20 5 null 9 18 2 1 
50 8 20 5 null 9 28 2 1 
50 8 20 5 null 9 46 2 1 
50 8 20 5 null 10 13 1 1 
50 8 20 5 null 10 26 2 1 
50 8 20 5 null 10 28 2 1 
50 8 20 5 null 10 36 2 1 
50 8 20 5 null 10 43 2 1 
50 8 20 5 null 10 48 3 1 
50 8 20 5 null 12 6 3 1 
50 8 20 5 null 12 8 2 1 
50 8 20 5 null 12 9 2 1 
50 8 20 5 null 12 10 2 1 
50 8 20 5 null 12 20 2 1 
50 8 20 5 null 12 27 2 1 
50 8 20 5 null 12 37 2 1 
50 8 20 5 null 12 38 2 1 
50 8 20 5 null 12 40 2 1 
50 8 20 5 null 12 47 3 1 
50 8 20 5 null 13 8 2 1 
50 8 20 5 null 13 14 3 1 
50 8 20 5 null 13 25 3 1 
50 8 20 5 null 13 26 2 1 
50 8 20 5 null 13 32 2 1 
50 8 20 5 null 13 35 2 1 
50 8 20 5 null 13 43 2 1 
50 8 20 5 null 14 31 3 1 
50 8 20 5 null 14 37 2 1 
50 8 20 5 null 15 5 3 1 
50 8 20 5 null 15 8 2 1 
50 8 20 5 null 15 43 2 1 
50 8 20 5 null 17 11 1 1 
50 8 20 5 null 17 23 2 1 
50 8 20 5 null 17 29 1 1 
50 8 20 5 null 17 34 1 1 
50 8 20 5 null 17 42 3 1 
50 8 20 5 null 17 46 2 1 
50 8 20 5 null 17 48 1 1 
50 8 20 5 null 17 50 2 1 
50 8 20 5 null 18 31 3 1 
50 8 20 5 null 18 48 2 1 
50 8 20 5 null 19 5 2 1 
50 8 20 5 null 19 13 3 1 
50 8 20 5 null 20 12 1 1 
50 8 20 5 null 20 14 2 1 
50 8 20 5 null 20 23 2 1 
50 8 20 5 null 20 28 2 1 
50 8 20 5 null 20 42 2 1 
50 8 20 5 null 20 45 1 1 
