50 20 5 3 null 1 3 2 1 
50 20 5 3 null 1 13 2 1 
50 20 5 3 null 1 15 2 1 
50 20 5 3 null 1 17 2 1 
50 20 5 3 null 1 25 2 1 
50 20 5 3 null 1 29 3 1 
50 20 5 3 null 1 30 2 1 
50 20 5 3 null 1 42 2 1 
50 20 5 3 null 1 44 2 1 
50 20 5 3 null 2 15 2 1 
50 20 5 3 null 2 16 2 1 
50 20 5 3 null 2 26 1 1 
50 20 5 3 null 2 44 3 1 
50 20 5 3 null 3 4 1 1 
50 20 5 3 null 3 15 2 1 
50 20 5 3 null 3 39 1 1 
50 20 5 3 null 3 42 3 1 
50 20 5 3 null 4 4 2 1 
50 20 5 3 null 4 9 2 1 
50 20 5 3 null 4 12 2 1 
50 20 5 3 null 4 13 2 1 
50 20 5 3 null 4 16 2 1 
50 20 5 3 null 4 18 2 1 
50 20 5 3 null 4 22 2 1 
50 20 5 3 null 4 38 1 1 
50 20 5 3 null 4 46 2 1 
50 20 5 3 null 4 48 3 1 
50 20 5 3 null 4 49 2 1 
