100 20 5 1 null 1 12 1 1 
100 20 5 1 null 1 33 2 1 
100 20 5 1 null 1 46 1 1 
100 20 5 1 null 1 52 1 1 
100 20 5 1 null 1 68 2 1 
100 20 5 1 null 1 70 1 1 
100 20 5 1 null 1 88 2 1 
100 20 5 1 null 1 91 1 1 
100 20 5 1 null 1 95 1 1 
100 20 5 1 null 1 98 1 1 
100 20 5 1 null 1 99 1 1 
100 20 5 1 null 2 47 2 1 
100 20 5 1 null 2 49 2 1 
100 20 5 1 null 2 65 3 1 
100 20 5 1 null 2 74 2 1 
100 20 5 1 null 2 92 3 1 
100 20 5 1 null 2 94 2 1 
100 20 5 1 null 2 98 2 1 
100 20 5 1 null 3 4 1 1 
100 20 5 1 null 3 5 2 1 
100 20 5 1 null 3 6 1 1 
100 20 5 1 null 3 13 1 1 
100 20 5 1 null 3 23 2 1 
100 20 5 1 null 3 30 1 1 
100 20 5 1 null 3 31 3 1 
100 20 5 1 null 3 32 1 1 
100 20 5 1 null 3 34 2 1 
100 20 5 1 null 3 38 1 1 
100 20 5 1 null 3 40 1 1 
100 20 5 1 null 3 41 1 1 
100 20 5 1 null 3 48 1 1 
100 20 5 1 null 3 58 1 1 
100 20 5 1 null 3 61 1 1 
100 20 5 1 null 3 65 1 1 
100 20 5 1 null 3 69 2 1 
100 20 5 1 null 3 72 2 1 
100 20 5 1 null 3 74 2 1 
100 20 5 1 null 3 77 1 1 
100 20 5 1 null 3 79 1 1 
100 20 5 1 null 3 81 1 1 
100 20 5 1 null 3 90 1 1 
100 20 5 1 null 4 3 2 1 
100 20 5 1 null 4 10 2 1 
100 20 5 1 null 4 30 2 1 
100 20 5 1 null 4 35 1 1 
100 20 5 1 null 4 37 1 1 
100 20 5 1 null 4 41 1 1 
100 20 5 1 null 4 42 2 1 
100 20 5 1 null 4 44 2 1 
100 20 5 1 null 4 45 1 1 
100 20 5 1 null 4 48 1 1 
100 20 5 1 null 4 50 1 1 
100 20 5 1 null 4 57 1 1 
100 20 5 1 null 4 68 3 1 
100 20 5 1 null 4 84 1 1 
100 20 5 1 null 4 90 2 1 
100 20 5 1 null 4 93 2 1 
100 20 5 1 null 5 4 2 1 
100 20 5 1 null 5 16 1 1 
100 20 5 1 null 5 27 1 1 
100 20 5 1 null 5 30 2 1 
100 20 5 1 null 5 47 3 1 
100 20 5 1 null 5 53 1 1 
100 20 5 1 null 5 54 1 1 
100 20 5 1 null 5 59 3 1 
100 20 5 1 null 5 60 2 1 
100 20 5 1 null 5 85 1 1 
100 20 5 1 null 5 90 2 1 
100 20 5 1 null 5 92 1 1 
100 20 5 1 null 5 100 1 1 
