100 8 5 1 null 1 3 1 1 
100 8 5 1 null 1 12 2 1 
100 8 5 1 null 1 27 3 1 
100 8 5 1 null 1 28 1 1 
100 8 5 1 null 1 37 2 1 
100 8 5 1 null 1 44 1 1 
100 8 5 1 null 1 45 1 1 
100 8 5 1 null 1 49 2 1 
100 8 5 1 null 1 54 2 1 
100 8 5 1 null 1 72 2 1 
100 8 5 1 null 1 75 2 1 
100 8 5 1 null 1 81 1 1 
100 8 5 1 null 1 86 1 1 
100 8 5 1 null 1 87 1 1 
100 8 5 1 null 1 92 2 1 
100 8 5 1 null 2 6 2 1 
100 8 5 1 null 2 18 3 1 
100 8 5 1 null 2 25 1 1 
100 8 5 1 null 2 30 1 1 
100 8 5 1 null 2 31 3 1 
100 8 5 1 null 2 32 2 1 
100 8 5 1 null 2 33 1 1 
100 8 5 1 null 2 37 1 1 
100 8 5 1 null 2 39 2 1 
100 8 5 1 null 2 41 2 1 
100 8 5 1 null 2 58 1 1 
100 8 5 1 null 2 63 1 1 
100 8 5 1 null 2 69 1 1 
100 8 5 1 null 2 72 1 1 
100 8 5 1 null 2 74 1 1 
100 8 5 1 null 2 75 1 1 
100 8 5 1 null 2 83 2 1 
100 8 5 1 null 2 85 1 1 
100 8 5 1 null 3 4 1 1 
100 8 5 1 null 3 11 1 1 
100 8 5 1 null 3 19 2 1 
100 8 5 1 null 3 34 1 1 
100 8 5 1 null 3 70 3 1 
100 8 5 1 null 3 71 1 1 
100 8 5 1 null 3 72 1 1 
100 8 5 1 null 3 73 1 1 
100 8 5 1 null 3 74 2 1 
100 8 5 1 null 3 76 2 1 
100 8 5 1 null 3 80 1 1 
100 8 5 1 null 3 83 1 1 
100 8 5 1 null 3 85 2 1 
100 8 5 1 null 3 89 1 1 
100 8 5 1 null 3 94 2 1 
100 8 5 1 null 3 98 1 1 
100 8 5 1 null 4 4 1 1 
100 8 5 1 null 4 5 1 1 
100 8 5 1 null 4 6 2 1 
100 8 5 1 null 4 12 1 1 
100 8 5 1 null 4 13 2 1 
100 8 5 1 null 4 16 3 1 
100 8 5 1 null 4 19 1 1 
100 8 5 1 null 4 26 3 1 
100 8 5 1 null 4 29 1 1 
100 8 5 1 null 4 30 2 1 
100 8 5 1 null 4 31 2 1 
100 8 5 1 null 4 32 1 1 
100 8 5 1 null 4 41 2 1 
100 8 5 1 null 4 42 1 1 
100 8 5 1 null 4 46 1 1 
100 8 5 1 null 4 49 1 1 
100 8 5 1 null 4 56 1 1 
100 8 5 1 null 4 60 1 1 
100 8 5 1 null 4 63 1 1 
100 8 5 1 null 4 65 1 1 
100 8 5 1 null 4 72 1 1 
100 8 5 1 null 4 77 1 1 
100 8 5 1 null 4 80 1 1 
100 8 5 1 null 4 90 1 1 
100 8 5 1 null 4 91 1 1 
100 8 5 1 null 4 100 3 1 
100 8 5 1 null 5 1 1 1 
100 8 5 1 null 5 9 2 1 
100 8 5 1 null 5 11 2 1 
100 8 5 1 null 5 17 1 1 
100 8 5 1 null 5 23 2 1 
100 8 5 1 null 5 31 1 1 
100 8 5 1 null 5 32 1 1 
100 8 5 1 null 5 50 3 1 
100 8 5 1 null 5 52 2 1 
100 8 5 1 null 5 53 2 1 
100 8 5 1 null 5 57 1 1 
100 8 5 1 null 5 59 1 1 
100 8 5 1 null 5 78 1 1 
100 8 5 1 null 5 90 3 1 
