100 8 50 3 null 1 1 2 1 
100 8 50 3 null 1 7 1 1 
100 8 50 3 null 1 8 1 1 
100 8 50 3 null 1 12 2 1 
100 8 50 3 null 1 20 2 1 
100 8 50 3 null 1 37 1 1 
100 8 50 3 null 1 39 1 1 
100 8 50 3 null 1 40 3 1 
100 8 50 3 null 1 44 1 1 
100 8 50 3 null 1 45 1 1 
100 8 50 3 null 1 49 2 1 
100 8 50 3 null 1 53 2 1 
100 8 50 3 null 1 57 2 1 
100 8 50 3 null 1 60 1 1 
100 8 50 3 null 1 65 2 1 
100 8 50 3 null 1 66 2 1 
100 8 50 3 null 1 76 2 1 
100 8 50 3 null 1 77 2 1 
100 8 50 3 null 1 79 1 1 
100 8 50 3 null 1 82 2 1 
100 8 50 3 null 1 83 2 1 
100 8 50 3 null 1 85 2 1 
100 8 50 3 null 1 94 2 1 
100 8 50 3 null 1 95 1 1 
100 8 50 3 null 1 99 3 1 
100 8 50 3 null 2 1 2 1 
100 8 50 3 null 2 13 2 1 
100 8 50 3 null 2 16 1 1 
100 8 50 3 null 2 18 2 1 
100 8 50 3 null 2 19 2 1 
100 8 50 3 null 2 22 2 1 
100 8 50 3 null 2 36 2 1 
100 8 50 3 null 2 38 1 1 
100 8 50 3 null 2 39 1 1 
100 8 50 3 null 2 42 1 1 
100 8 50 3 null 2 49 1 1 
100 8 50 3 null 2 51 2 1 
100 8 50 3 null 2 53 1 1 
100 8 50 3 null 2 61 1 1 
100 8 50 3 null 2 67 2 1 
100 8 50 3 null 2 68 3 1 
100 8 50 3 null 2 76 3 1 
100 8 50 3 null 2 82 2 1 
100 8 50 3 null 2 91 2 1 
100 8 50 3 null 2 94 1 1 
100 8 50 3 null 2 96 1 1 
100 8 50 3 null 3 2 1 1 
100 8 50 3 null 3 6 2 1 
100 8 50 3 null 3 9 1 1 
100 8 50 3 null 3 11 1 1 
100 8 50 3 null 3 13 2 1 
100 8 50 3 null 3 14 1 1 
100 8 50 3 null 3 17 1 1 
100 8 50 3 null 3 18 2 1 
100 8 50 3 null 3 19 1 1 
100 8 50 3 null 3 20 1 1 
100 8 50 3 null 3 25 2 1 
100 8 50 3 null 3 29 2 1 
100 8 50 3 null 3 34 1 1 
100 8 50 3 null 3 40 1 1 
100 8 50 3 null 3 47 2 1 
100 8 50 3 null 3 64 1 1 
100 8 50 3 null 3 65 2 1 
100 8 50 3 null 3 73 2 1 
100 8 50 3 null 3 80 2 1 
100 8 50 3 null 3 97 1 1 
100 8 50 3 null 3 98 2 1 
100 8 50 3 null 4 5 1 1 
100 8 50 3 null 4 11 1 1 
100 8 50 3 null 4 18 3 1 
100 8 50 3 null 4 21 3 1 
100 8 50 3 null 4 30 1 1 
100 8 50 3 null 4 45 1 1 
100 8 50 3 null 4 53 1 1 
100 8 50 3 null 4 57 3 1 
100 8 50 3 null 4 61 1 1 
100 8 50 3 null 4 62 1 1 
100 8 50 3 null 4 63 1 1 
100 8 50 3 null 4 73 2 1 
100 8 50 3 null 4 77 2 1 
100 8 50 3 null 4 79 1 1 
100 8 50 3 null 4 98 1 1 
100 8 50 3 null 4 99 2 1 
100 8 50 3 null 5 4 2 1 
100 8 50 3 null 5 17 1 1 
100 8 50 3 null 5 21 3 1 
100 8 50 3 null 5 25 2 1 
100 8 50 3 null 5 26 1 1 
100 8 50 3 null 5 33 1 1 
100 8 50 3 null 5 37 1 1 
100 8 50 3 null 5 41 1 1 
100 8 50 3 null 5 43 1 1 
100 8 50 3 null 5 47 1 1 
100 8 50 3 null 5 61 1 1 
100 8 50 3 null 5 63 2 1 
100 8 50 3 null 5 73 1 1 
100 8 50 3 null 5 75 1 1 
100 8 50 3 null 5 80 1 1 
100 8 50 3 null 5 93 1 1 
100 8 50 3 null 6 1 1 1 
100 8 50 3 null 6 9 1 1 
100 8 50 3 null 6 15 2 1 
100 8 50 3 null 6 16 2 1 
100 8 50 3 null 6 63 1 1 
100 8 50 3 null 6 68 2 1 
100 8 50 3 null 6 70 2 1 
100 8 50 3 null 6 72 1 1 
100 8 50 3 null 6 79 1 1 
100 8 50 3 null 6 88 2 1 
100 8 50 3 null 7 2 1 1 
100 8 50 3 null 7 9 1 1 
100 8 50 3 null 7 12 1 1 
100 8 50 3 null 7 26 2 1 
100 8 50 3 null 7 30 1 1 
100 8 50 3 null 7 31 2 1 
100 8 50 3 null 7 32 2 1 
100 8 50 3 null 7 35 2 1 
100 8 50 3 null 7 40 3 1 
100 8 50 3 null 7 41 2 1 
100 8 50 3 null 7 48 1 1 
100 8 50 3 null 7 51 1 1 
100 8 50 3 null 7 52 1 1 
100 8 50 3 null 7 56 1 1 
100 8 50 3 null 7 58 2 1 
100 8 50 3 null 7 64 1 1 
100 8 50 3 null 7 68 1 1 
100 8 50 3 null 7 73 1 1 
100 8 50 3 null 7 74 2 1 
100 8 50 3 null 7 75 3 1 
100 8 50 3 null 7 80 1 1 
100 8 50 3 null 7 86 1 1 
100 8 50 3 null 7 91 2 1 
100 8 50 3 null 7 94 1 1 
100 8 50 3 null 7 96 3 1 
100 8 50 3 null 8 10 1 1 
100 8 50 3 null 8 18 1 1 
100 8 50 3 null 8 35 2 1 
100 8 50 3 null 8 38 1 1 
100 8 50 3 null 8 39 1 1 
100 8 50 3 null 8 44 2 1 
100 8 50 3 null 8 48 1 1 
100 8 50 3 null 8 69 1 1 
100 8 50 3 null 8 72 2 1 
100 8 50 3 null 8 74 1 1 
100 8 50 3 null 8 77 1 1 
100 8 50 3 null 8 80 2 1 
100 8 50 3 null 8 82 1 1 
100 8 50 3 null 8 87 2 1 
100 8 50 3 null 8 94 2 1 
100 8 50 3 null 8 95 1 1 
100 8 50 3 null 8 99 2 1 
100 8 50 3 null 9 4 1 1 
100 8 50 3 null 9 14 1 1 
100 8 50 3 null 9 25 2 1 
100 8 50 3 null 9 28 2 1 
100 8 50 3 null 9 30 1 1 
100 8 50 3 null 9 34 1 1 
100 8 50 3 null 9 35 1 1 
100 8 50 3 null 9 37 1 1 
100 8 50 3 null 9 39 1 1 
100 8 50 3 null 9 40 1 1 
100 8 50 3 null 9 46 1 1 
100 8 50 3 null 9 54 1 1 
100 8 50 3 null 9 63 1 1 
100 8 50 3 null 9 65 1 1 
100 8 50 3 null 9 69 2 1 
100 8 50 3 null 9 70 2 1 
100 8 50 3 null 9 72 2 1 
100 8 50 3 null 9 77 1 1 
100 8 50 3 null 9 84 1 1 
100 8 50 3 null 9 96 1 1 
100 8 50 3 null 9 97 1 1 
100 8 50 3 null 10 6 1 1 
100 8 50 3 null 10 7 3 1 
100 8 50 3 null 10 11 1 1 
100 8 50 3 null 10 13 1 1 
100 8 50 3 null 10 23 1 1 
100 8 50 3 null 10 44 1 1 
100 8 50 3 null 10 57 1 1 
100 8 50 3 null 10 63 2 1 
100 8 50 3 null 10 72 3 1 
100 8 50 3 null 10 78 2 1 
100 8 50 3 null 10 80 2 1 
100 8 50 3 null 10 81 2 1 
100 8 50 3 null 10 99 3 1 
100 8 50 3 null 10 100 2 1 
100 8 50 3 null 11 3 1 1 
100 8 50 3 null 11 11 3 1 
100 8 50 3 null 11 17 1 1 
100 8 50 3 null 11 20 1 1 
100 8 50 3 null 11 21 2 1 
100 8 50 3 null 11 32 1 1 
100 8 50 3 null 11 33 1 1 
100 8 50 3 null 11 34 1 1 
100 8 50 3 null 11 35 2 1 
100 8 50 3 null 11 39 2 1 
100 8 50 3 null 11 43 1 1 
100 8 50 3 null 11 54 1 1 
100 8 50 3 null 11 56 1 1 
100 8 50 3 null 11 59 2 1 
100 8 50 3 null 11 61 1 1 
100 8 50 3 null 11 62 2 1 
100 8 50 3 null 11 67 1 1 
100 8 50 3 null 11 81 1 1 
100 8 50 3 null 11 85 1 1 
100 8 50 3 null 11 93 1 1 
100 8 50 3 null 11 96 3 1 
100 8 50 3 null 11 100 2 1 
100 8 50 3 null 12 13 1 1 
100 8 50 3 null 12 23 1 1 
100 8 50 3 null 12 24 2 1 
100 8 50 3 null 12 41 1 1 
100 8 50 3 null 12 46 1 1 
100 8 50 3 null 12 47 2 1 
100 8 50 3 null 12 52 2 1 
100 8 50 3 null 12 57 2 1 
100 8 50 3 null 12 59 2 1 
100 8 50 3 null 12 60 1 1 
100 8 50 3 null 12 61 2 1 
100 8 50 3 null 12 64 1 1 
100 8 50 3 null 12 65 2 1 
100 8 50 3 null 12 78 2 1 
100 8 50 3 null 12 88 1 1 
100 8 50 3 null 12 91 1 1 
100 8 50 3 null 12 96 1 1 
100 8 50 3 null 13 21 1 1 
100 8 50 3 null 13 25 2 1 
100 8 50 3 null 13 26 2 1 
100 8 50 3 null 13 46 1 1 
100 8 50 3 null 13 53 2 1 
100 8 50 3 null 13 66 1 1 
100 8 50 3 null 13 82 2 1 
100 8 50 3 null 13 89 1 1 
100 8 50 3 null 14 5 2 1 
100 8 50 3 null 14 10 1 1 
100 8 50 3 null 14 12 2 1 
100 8 50 3 null 14 20 1 1 
100 8 50 3 null 14 21 1 1 
100 8 50 3 null 14 24 2 1 
100 8 50 3 null 14 28 2 1 
100 8 50 3 null 14 30 1 1 
100 8 50 3 null 14 40 1 1 
100 8 50 3 null 14 45 1 1 
100 8 50 3 null 14 56 2 1 
100 8 50 3 null 14 59 1 1 
100 8 50 3 null 14 70 2 1 
100 8 50 3 null 14 72 2 1 
100 8 50 3 null 14 76 2 1 
100 8 50 3 null 14 77 3 1 
100 8 50 3 null 14 85 2 1 
100 8 50 3 null 14 91 2 1 
100 8 50 3 null 15 3 2 1 
100 8 50 3 null 15 31 2 1 
100 8 50 3 null 15 39 3 1 
100 8 50 3 null 15 46 1 1 
100 8 50 3 null 15 51 2 1 
100 8 50 3 null 15 57 2 1 
100 8 50 3 null 15 62 3 1 
100 8 50 3 null 15 84 1 1 
100 8 50 3 null 16 5 1 1 
100 8 50 3 null 16 31 1 1 
100 8 50 3 null 16 33 1 1 
100 8 50 3 null 16 34 1 1 
100 8 50 3 null 16 46 2 1 
100 8 50 3 null 16 58 1 1 
100 8 50 3 null 16 77 2 1 
100 8 50 3 null 16 78 1 1 
100 8 50 3 null 16 80 1 1 
100 8 50 3 null 16 81 2 1 
100 8 50 3 null 16 87 1 1 
100 8 50 3 null 16 88 2 1 
100 8 50 3 null 16 92 3 1 
100 8 50 3 null 16 94 3 1 
100 8 50 3 null 17 1 3 1 
100 8 50 3 null 17 25 1 1 
100 8 50 3 null 17 27 2 1 
100 8 50 3 null 17 32 2 1 
100 8 50 3 null 17 51 2 1 
100 8 50 3 null 17 67 1 1 
100 8 50 3 null 17 70 2 1 
100 8 50 3 null 17 75 1 1 
100 8 50 3 null 17 82 2 1 
100 8 50 3 null 17 83 1 1 
100 8 50 3 null 17 92 3 1 
100 8 50 3 null 18 8 2 1 
100 8 50 3 null 18 9 2 1 
100 8 50 3 null 18 12 1 1 
100 8 50 3 null 18 14 3 1 
100 8 50 3 null 18 26 1 1 
100 8 50 3 null 18 30 2 1 
100 8 50 3 null 18 32 1 1 
100 8 50 3 null 18 40 1 1 
100 8 50 3 null 18 41 1 1 
100 8 50 3 null 18 55 1 1 
100 8 50 3 null 18 58 1 1 
100 8 50 3 null 18 59 3 1 
100 8 50 3 null 18 61 2 1 
100 8 50 3 null 18 64 2 1 
100 8 50 3 null 18 65 1 1 
100 8 50 3 null 18 70 2 1 
100 8 50 3 null 18 80 2 1 
100 8 50 3 null 18 82 1 1 
100 8 50 3 null 18 93 1 1 
100 8 50 3 null 18 94 1 1 
100 8 50 3 null 18 99 1 1 
100 8 50 3 null 19 6 1 1 
100 8 50 3 null 19 7 2 1 
100 8 50 3 null 19 12 2 1 
100 8 50 3 null 19 17 2 1 
100 8 50 3 null 19 18 3 1 
100 8 50 3 null 19 27 1 1 
100 8 50 3 null 19 28 2 1 
100 8 50 3 null 19 36 1 1 
100 8 50 3 null 19 47 1 1 
100 8 50 3 null 19 59 1 1 
100 8 50 3 null 19 72 2 1 
100 8 50 3 null 20 1 1 1 
100 8 50 3 null 20 5 2 1 
100 8 50 3 null 20 6 2 1 
100 8 50 3 null 20 16 1 1 
100 8 50 3 null 20 20 1 1 
100 8 50 3 null 20 40 1 1 
100 8 50 3 null 20 41 2 1 
100 8 50 3 null 20 45 1 1 
100 8 50 3 null 20 48 1 1 
100 8 50 3 null 20 53 2 1 
100 8 50 3 null 20 64 1 1 
100 8 50 3 null 20 69 2 1 
100 8 50 3 null 20 82 1 1 
100 8 50 3 null 20 90 1 1 
100 8 50 3 null 20 99 2 1 
100 8 50 3 null 20 100 2 1 
100 8 50 3 null 21 4 1 1 
100 8 50 3 null 21 5 1 1 
100 8 50 3 null 21 11 1 1 
100 8 50 3 null 21 22 1 1 
100 8 50 3 null 21 30 1 1 
100 8 50 3 null 21 42 1 1 
100 8 50 3 null 21 53 1 1 
100 8 50 3 null 21 56 2 1 
100 8 50 3 null 21 67 1 1 
100 8 50 3 null 21 75 1 1 
100 8 50 3 null 21 77 3 1 
100 8 50 3 null 21 84 3 1 
100 8 50 3 null 21 98 2 1 
100 8 50 3 null 22 2 2 1 
100 8 50 3 null 22 9 3 1 
100 8 50 3 null 22 12 1 1 
100 8 50 3 null 22 13 1 1 
100 8 50 3 null 22 19 1 1 
100 8 50 3 null 22 21 1 1 
100 8 50 3 null 22 22 2 1 
100 8 50 3 null 22 29 2 1 
100 8 50 3 null 22 31 1 1 
100 8 50 3 null 22 35 2 1 
100 8 50 3 null 22 42 1 1 
100 8 50 3 null 22 52 1 1 
100 8 50 3 null 22 53 1 1 
100 8 50 3 null 22 54 2 1 
100 8 50 3 null 22 59 2 1 
100 8 50 3 null 22 76 2 1 
100 8 50 3 null 22 81 2 1 
100 8 50 3 null 22 83 2 1 
100 8 50 3 null 22 85 1 1 
100 8 50 3 null 22 87 2 1 
100 8 50 3 null 22 93 1 1 
100 8 50 3 null 23 7 2 1 
100 8 50 3 null 23 18 3 1 
100 8 50 3 null 23 19 1 1 
100 8 50 3 null 23 23 1 1 
100 8 50 3 null 23 27 2 1 
100 8 50 3 null 23 29 1 1 
100 8 50 3 null 23 31 2 1 
100 8 50 3 null 23 33 1 1 
100 8 50 3 null 23 37 2 1 
100 8 50 3 null 23 42 1 1 
100 8 50 3 null 23 48 2 1 
100 8 50 3 null 23 55 3 1 
100 8 50 3 null 23 56 1 1 
100 8 50 3 null 23 60 2 1 
100 8 50 3 null 23 64 2 1 
100 8 50 3 null 23 69 2 1 
100 8 50 3 null 23 70 1 1 
100 8 50 3 null 23 74 1 1 
100 8 50 3 null 23 79 3 1 
100 8 50 3 null 23 83 2 1 
100 8 50 3 null 23 87 2 1 
100 8 50 3 null 24 2 2 1 
100 8 50 3 null 24 12 1 1 
100 8 50 3 null 24 25 3 1 
100 8 50 3 null 24 28 1 1 
100 8 50 3 null 24 48 1 1 
100 8 50 3 null 24 52 2 1 
100 8 50 3 null 24 72 3 1 
100 8 50 3 null 24 74 1 1 
100 8 50 3 null 24 78 1 1 
100 8 50 3 null 24 82 1 1 
100 8 50 3 null 24 83 1 1 
100 8 50 3 null 25 2 1 1 
100 8 50 3 null 25 6 3 1 
100 8 50 3 null 25 9 2 1 
100 8 50 3 null 25 12 1 1 
100 8 50 3 null 25 13 2 1 
100 8 50 3 null 25 17 1 1 
100 8 50 3 null 25 19 1 1 
100 8 50 3 null 25 31 2 1 
100 8 50 3 null 25 39 2 1 
100 8 50 3 null 25 43 2 1 
100 8 50 3 null 25 55 1 1 
100 8 50 3 null 25 57 1 1 
100 8 50 3 null 25 58 1 1 
100 8 50 3 null 25 76 1 1 
100 8 50 3 null 25 82 2 1 
100 8 50 3 null 26 13 1 1 
100 8 50 3 null 26 20 1 1 
100 8 50 3 null 26 22 3 1 
100 8 50 3 null 26 24 1 1 
100 8 50 3 null 26 33 2 1 
100 8 50 3 null 26 41 3 1 
100 8 50 3 null 26 48 1 1 
100 8 50 3 null 26 50 1 1 
100 8 50 3 null 26 51 2 1 
100 8 50 3 null 26 56 3 1 
100 8 50 3 null 26 60 1 1 
100 8 50 3 null 26 69 2 1 
100 8 50 3 null 26 76 3 1 
100 8 50 3 null 26 83 2 1 
100 8 50 3 null 26 85 3 1 
100 8 50 3 null 26 86 1 1 
100 8 50 3 null 26 91 2 1 
100 8 50 3 null 26 94 1 1 
100 8 50 3 null 26 97 1 1 
100 8 50 3 null 27 3 1 1 
100 8 50 3 null 27 12 1 1 
100 8 50 3 null 27 26 3 1 
100 8 50 3 null 27 37 1 1 
100 8 50 3 null 27 42 1 1 
100 8 50 3 null 27 50 3 1 
100 8 50 3 null 27 54 2 1 
100 8 50 3 null 27 67 2 1 
100 8 50 3 null 27 76 2 1 
100 8 50 3 null 27 83 2 1 
100 8 50 3 null 27 96 2 1 
100 8 50 3 null 27 97 1 1 
100 8 50 3 null 27 98 1 1 
100 8 50 3 null 28 5 1 1 
100 8 50 3 null 28 8 1 1 
100 8 50 3 null 28 12 2 1 
100 8 50 3 null 28 20 1 1 
100 8 50 3 null 28 34 2 1 
100 8 50 3 null 28 35 2 1 
100 8 50 3 null 28 36 1 1 
100 8 50 3 null 28 39 2 1 
100 8 50 3 null 28 50 1 1 
100 8 50 3 null 28 57 1 1 
100 8 50 3 null 28 59 2 1 
100 8 50 3 null 28 60 1 1 
100 8 50 3 null 28 66 1 1 
100 8 50 3 null 28 77 1 1 
100 8 50 3 null 28 87 1 1 
100 8 50 3 null 28 89 1 1 
100 8 50 3 null 28 91 2 1 
100 8 50 3 null 28 94 1 1 
100 8 50 3 null 29 8 2 1 
100 8 50 3 null 29 16 3 1 
100 8 50 3 null 29 18 1 1 
100 8 50 3 null 29 27 1 1 
100 8 50 3 null 29 33 2 1 
100 8 50 3 null 29 40 1 1 
100 8 50 3 null 29 46 1 1 
100 8 50 3 null 29 48 2 1 
100 8 50 3 null 29 52 1 1 
100 8 50 3 null 29 65 2 1 
100 8 50 3 null 29 72 3 1 
100 8 50 3 null 29 77 1 1 
100 8 50 3 null 29 78 2 1 
100 8 50 3 null 29 81 1 1 
100 8 50 3 null 29 87 2 1 
100 8 50 3 null 29 88 2 1 
100 8 50 3 null 30 17 1 1 
100 8 50 3 null 30 25 1 1 
100 8 50 3 null 30 29 1 1 
100 8 50 3 null 30 31 1 1 
100 8 50 3 null 30 32 2 1 
100 8 50 3 null 30 34 2 1 
100 8 50 3 null 30 36 1 1 
100 8 50 3 null 30 45 1 1 
100 8 50 3 null 30 46 2 1 
100 8 50 3 null 30 53 3 1 
100 8 50 3 null 30 56 2 1 
100 8 50 3 null 30 61 3 1 
100 8 50 3 null 30 70 3 1 
100 8 50 3 null 30 72 2 1 
100 8 50 3 null 30 77 2 1 
100 8 50 3 null 30 78 1 1 
100 8 50 3 null 30 85 1 1 
100 8 50 3 null 30 89 3 1 
100 8 50 3 null 30 98 2 1 
100 8 50 3 null 31 7 1 1 
100 8 50 3 null 31 8 2 1 
100 8 50 3 null 31 13 3 1 
100 8 50 3 null 31 14 2 1 
100 8 50 3 null 31 18 2 1 
100 8 50 3 null 31 26 1 1 
100 8 50 3 null 31 35 1 1 
100 8 50 3 null 31 70 1 1 
100 8 50 3 null 31 85 1 1 
100 8 50 3 null 31 87 2 1 
100 8 50 3 null 31 100 1 1 
100 8 50 3 null 32 19 1 1 
100 8 50 3 null 32 22 2 1 
100 8 50 3 null 32 26 1 1 
100 8 50 3 null 32 32 2 1 
100 8 50 3 null 32 37 1 1 
100 8 50 3 null 32 42 2 1 
100 8 50 3 null 32 49 1 1 
100 8 50 3 null 32 50 1 1 
100 8 50 3 null 32 53 2 1 
100 8 50 3 null 32 59 1 1 
100 8 50 3 null 32 61 1 1 
100 8 50 3 null 32 66 2 1 
100 8 50 3 null 32 76 1 1 
100 8 50 3 null 32 89 1 1 
100 8 50 3 null 32 93 2 1 
100 8 50 3 null 33 23 1 1 
100 8 50 3 null 33 24 1 1 
100 8 50 3 null 33 26 1 1 
100 8 50 3 null 33 27 2 1 
100 8 50 3 null 33 31 1 1 
100 8 50 3 null 33 37 1 1 
100 8 50 3 null 33 52 1 1 
100 8 50 3 null 33 58 2 1 
100 8 50 3 null 33 59 1 1 
100 8 50 3 null 33 61 1 1 
100 8 50 3 null 33 62 2 1 
100 8 50 3 null 33 65 2 1 
100 8 50 3 null 33 70 3 1 
100 8 50 3 null 33 71 2 1 
100 8 50 3 null 33 76 1 1 
100 8 50 3 null 33 80 2 1 
100 8 50 3 null 33 81 2 1 
100 8 50 3 null 33 87 1 1 
100 8 50 3 null 33 92 1 1 
100 8 50 3 null 33 94 1 1 
100 8 50 3 null 34 3 1 1 
100 8 50 3 null 34 13 2 1 
100 8 50 3 null 34 20 1 1 
100 8 50 3 null 34 51 1 1 
100 8 50 3 null 34 52 2 1 
100 8 50 3 null 34 54 2 1 
100 8 50 3 null 34 56 1 1 
100 8 50 3 null 34 71 2 1 
100 8 50 3 null 34 73 2 1 
100 8 50 3 null 34 74 1 1 
100 8 50 3 null 34 80 2 1 
100 8 50 3 null 34 89 1 1 
100 8 50 3 null 34 92 2 1 
100 8 50 3 null 34 97 1 1 
100 8 50 3 null 34 100 1 1 
100 8 50 3 null 35 7 2 1 
100 8 50 3 null 35 19 2 1 
100 8 50 3 null 35 25 3 1 
100 8 50 3 null 35 26 1 1 
100 8 50 3 null 35 28 1 1 
100 8 50 3 null 35 31 2 1 
100 8 50 3 null 35 33 1 1 
100 8 50 3 null 35 37 2 1 
100 8 50 3 null 35 38 1 1 
100 8 50 3 null 35 40 1 1 
100 8 50 3 null 35 42 2 1 
100 8 50 3 null 35 59 1 1 
100 8 50 3 null 35 61 2 1 
100 8 50 3 null 35 64 1 1 
100 8 50 3 null 35 71 1 1 
100 8 50 3 null 35 80 1 1 
100 8 50 3 null 35 86 3 1 
100 8 50 3 null 35 87 2 1 
100 8 50 3 null 35 88 2 1 
100 8 50 3 null 35 94 3 1 
100 8 50 3 null 35 98 2 1 
100 8 50 3 null 36 4 3 1 
100 8 50 3 null 36 12 1 1 
100 8 50 3 null 36 19 2 1 
100 8 50 3 null 36 22 1 1 
100 8 50 3 null 36 28 1 1 
100 8 50 3 null 36 29 2 1 
100 8 50 3 null 36 40 2 1 
100 8 50 3 null 36 41 2 1 
100 8 50 3 null 36 42 1 1 
100 8 50 3 null 36 48 2 1 
100 8 50 3 null 36 62 1 1 
100 8 50 3 null 36 66 2 1 
100 8 50 3 null 36 73 1 1 
100 8 50 3 null 36 77 1 1 
100 8 50 3 null 36 78 1 1 
100 8 50 3 null 36 89 1 1 
100 8 50 3 null 36 91 2 1 
100 8 50 3 null 36 98 2 1 
100 8 50 3 null 36 100 1 1 
100 8 50 3 null 37 7 2 1 
100 8 50 3 null 37 9 1 1 
100 8 50 3 null 37 19 2 1 
100 8 50 3 null 37 24 1 1 
100 8 50 3 null 37 27 1 1 
100 8 50 3 null 37 29 1 1 
100 8 50 3 null 37 34 1 1 
100 8 50 3 null 37 35 1 1 
100 8 50 3 null 37 40 1 1 
100 8 50 3 null 37 53 1 1 
100 8 50 3 null 37 54 2 1 
100 8 50 3 null 37 65 1 1 
100 8 50 3 null 37 66 1 1 
100 8 50 3 null 37 67 2 1 
100 8 50 3 null 37 70 1 1 
100 8 50 3 null 37 73 2 1 
100 8 50 3 null 37 78 1 1 
100 8 50 3 null 37 80 2 1 
100 8 50 3 null 37 85 3 1 
100 8 50 3 null 37 87 1 1 
100 8 50 3 null 37 91 1 1 
100 8 50 3 null 37 92 3 1 
100 8 50 3 null 38 7 3 1 
100 8 50 3 null 38 20 2 1 
100 8 50 3 null 38 35 1 1 
100 8 50 3 null 38 37 1 1 
100 8 50 3 null 38 42 1 1 
100 8 50 3 null 38 46 2 1 
100 8 50 3 null 38 47 2 1 
100 8 50 3 null 38 51 2 1 
100 8 50 3 null 38 60 1 1 
100 8 50 3 null 38 62 1 1 
100 8 50 3 null 38 67 1 1 
100 8 50 3 null 38 68 3 1 
100 8 50 3 null 38 76 1 1 
100 8 50 3 null 38 78 1 1 
100 8 50 3 null 38 81 1 1 
100 8 50 3 null 38 82 1 1 
100 8 50 3 null 38 84 1 1 
100 8 50 3 null 38 90 3 1 
100 8 50 3 null 39 1 2 1 
100 8 50 3 null 39 6 2 1 
100 8 50 3 null 39 8 1 1 
100 8 50 3 null 39 9 1 1 
100 8 50 3 null 39 12 2 1 
100 8 50 3 null 39 21 1 1 
100 8 50 3 null 39 25 1 1 
100 8 50 3 null 39 42 1 1 
100 8 50 3 null 39 43 2 1 
100 8 50 3 null 39 45 1 1 
100 8 50 3 null 39 55 1 1 
100 8 50 3 null 39 61 1 1 
100 8 50 3 null 39 70 2 1 
100 8 50 3 null 39 73 2 1 
100 8 50 3 null 39 80 2 1 
100 8 50 3 null 39 81 3 1 
100 8 50 3 null 39 82 1 1 
100 8 50 3 null 39 83 2 1 
100 8 50 3 null 39 86 3 1 
100 8 50 3 null 39 87 1 1 
100 8 50 3 null 39 90 1 1 
100 8 50 3 null 39 91 1 1 
100 8 50 3 null 39 97 2 1 
100 8 50 3 null 40 1 2 1 
100 8 50 3 null 40 4 2 1 
100 8 50 3 null 40 11 1 1 
100 8 50 3 null 40 13 2 1 
100 8 50 3 null 40 22 2 1 
100 8 50 3 null 40 26 1 1 
100 8 50 3 null 40 31 1 1 
100 8 50 3 null 40 33 1 1 
100 8 50 3 null 40 39 1 1 
100 8 50 3 null 40 41 2 1 
100 8 50 3 null 40 46 1 1 
100 8 50 3 null 40 50 1 1 
100 8 50 3 null 40 67 1 1 
100 8 50 3 null 40 68 1 1 
100 8 50 3 null 40 75 1 1 
100 8 50 3 null 40 76 2 1 
100 8 50 3 null 40 83 1 1 
100 8 50 3 null 40 86 1 1 
100 8 50 3 null 40 95 2 1 
100 8 50 3 null 41 3 1 1 
100 8 50 3 null 41 14 1 1 
100 8 50 3 null 41 16 1 1 
100 8 50 3 null 41 23 1 1 
100 8 50 3 null 41 31 1 1 
100 8 50 3 null 41 38 3 1 
100 8 50 3 null 41 39 2 1 
100 8 50 3 null 41 41 1 1 
100 8 50 3 null 41 43 2 1 
100 8 50 3 null 41 48 1 1 
100 8 50 3 null 41 50 1 1 
100 8 50 3 null 41 56 1 1 
100 8 50 3 null 41 59 1 1 
100 8 50 3 null 41 65 1 1 
100 8 50 3 null 41 78 1 1 
100 8 50 3 null 41 79 1 1 
100 8 50 3 null 41 90 1 1 
100 8 50 3 null 42 16 1 1 
100 8 50 3 null 42 19 2 1 
100 8 50 3 null 42 29 2 1 
100 8 50 3 null 42 32 1 1 
100 8 50 3 null 42 33 1 1 
100 8 50 3 null 42 38 1 1 
100 8 50 3 null 42 48 2 1 
100 8 50 3 null 42 50 3 1 
100 8 50 3 null 42 52 2 1 
100 8 50 3 null 42 57 1 1 
100 8 50 3 null 42 80 3 1 
100 8 50 3 null 42 87 1 1 
100 8 50 3 null 42 89 1 1 
100 8 50 3 null 42 91 2 1 
100 8 50 3 null 42 96 2 1 
100 8 50 3 null 43 2 3 1 
100 8 50 3 null 43 11 1 1 
100 8 50 3 null 43 14 1 1 
100 8 50 3 null 43 20 2 1 
100 8 50 3 null 43 26 2 1 
100 8 50 3 null 43 30 1 1 
100 8 50 3 null 43 34 1 1 
100 8 50 3 null 43 36 1 1 
100 8 50 3 null 43 51 3 1 
100 8 50 3 null 43 54 3 1 
100 8 50 3 null 43 55 2 1 
100 8 50 3 null 43 58 2 1 
100 8 50 3 null 43 62 1 1 
100 8 50 3 null 43 65 2 1 
100 8 50 3 null 43 66 2 1 
100 8 50 3 null 43 67 1 1 
100 8 50 3 null 43 68 1 1 
100 8 50 3 null 43 81 2 1 
100 8 50 3 null 43 83 2 1 
100 8 50 3 null 43 84 1 1 
100 8 50 3 null 43 99 3 1 
100 8 50 3 null 44 1 1 1 
100 8 50 3 null 44 6 1 1 
100 8 50 3 null 44 29 2 1 
100 8 50 3 null 44 34 3 1 
100 8 50 3 null 44 37 2 1 
100 8 50 3 null 44 43 1 1 
100 8 50 3 null 44 44 3 1 
100 8 50 3 null 44 50 1 1 
100 8 50 3 null 44 53 3 1 
100 8 50 3 null 44 54 2 1 
100 8 50 3 null 44 67 1 1 
100 8 50 3 null 44 69 2 1 
100 8 50 3 null 44 76 2 1 
100 8 50 3 null 44 80 1 1 
100 8 50 3 null 44 81 2 1 
100 8 50 3 null 44 82 2 1 
100 8 50 3 null 44 87 3 1 
100 8 50 3 null 44 89 2 1 
100 8 50 3 null 44 90 1 1 
100 8 50 3 null 44 91 3 1 
100 8 50 3 null 44 97 2 1 
100 8 50 3 null 44 98 1 1 
100 8 50 3 null 44 99 2 1 
100 8 50 3 null 45 2 3 1 
100 8 50 3 null 45 5 1 1 
100 8 50 3 null 45 9 2 1 
100 8 50 3 null 45 15 1 1 
100 8 50 3 null 45 25 2 1 
100 8 50 3 null 45 43 1 1 
100 8 50 3 null 45 48 2 1 
100 8 50 3 null 45 61 3 1 
100 8 50 3 null 45 62 1 1 
100 8 50 3 null 45 72 1 1 
100 8 50 3 null 45 76 2 1 
100 8 50 3 null 45 77 2 1 
100 8 50 3 null 45 83 1 1 
100 8 50 3 null 45 86 1 1 
100 8 50 3 null 45 87 1 1 
100 8 50 3 null 45 91 1 1 
100 8 50 3 null 45 93 2 1 
100 8 50 3 null 45 94 2 1 
100 8 50 3 null 45 98 1 1 
100 8 50 3 null 46 10 2 1 
100 8 50 3 null 46 19 2 1 
100 8 50 3 null 46 24 2 1 
100 8 50 3 null 46 37 1 1 
100 8 50 3 null 46 69 2 1 
100 8 50 3 null 46 73 3 1 
100 8 50 3 null 46 82 2 1 
100 8 50 3 null 46 83 2 1 
100 8 50 3 null 47 3 1 1 
100 8 50 3 null 47 6 1 1 
100 8 50 3 null 47 11 2 1 
100 8 50 3 null 47 18 1 1 
100 8 50 3 null 47 22 1 1 
100 8 50 3 null 47 24 2 1 
100 8 50 3 null 47 37 1 1 
100 8 50 3 null 47 39 1 1 
100 8 50 3 null 47 42 3 1 
100 8 50 3 null 47 45 2 1 
100 8 50 3 null 47 46 2 1 
100 8 50 3 null 47 48 1 1 
100 8 50 3 null 47 67 1 1 
100 8 50 3 null 47 78 1 1 
100 8 50 3 null 47 87 2 1 
100 8 50 3 null 47 88 1 1 
100 8 50 3 null 47 91 2 1 
100 8 50 3 null 47 96 1 1 
100 8 50 3 null 47 97 1 1 
100 8 50 3 null 47 98 1 1 
100 8 50 3 null 48 28 1 1 
100 8 50 3 null 48 31 1 1 
100 8 50 3 null 48 47 1 1 
100 8 50 3 null 48 54 1 1 
100 8 50 3 null 48 64 1 1 
100 8 50 3 null 48 68 2 1 
100 8 50 3 null 48 69 2 1 
100 8 50 3 null 48 76 2 1 
100 8 50 3 null 48 85 2 1 
100 8 50 3 null 48 88 1 1 
100 8 50 3 null 48 90 2 1 
100 8 50 3 null 48 91 1 1 
100 8 50 3 null 48 97 2 1 
100 8 50 3 null 49 3 2 1 
100 8 50 3 null 49 8 1 1 
100 8 50 3 null 49 11 2 1 
100 8 50 3 null 49 37 2 1 
100 8 50 3 null 49 50 2 1 
100 8 50 3 null 49 52 1 1 
100 8 50 3 null 49 61 2 1 
100 8 50 3 null 49 62 1 1 
100 8 50 3 null 49 81 2 1 
100 8 50 3 null 49 91 1 1 
100 8 50 3 null 50 2 3 1 
100 8 50 3 null 50 3 2 1 
100 8 50 3 null 50 4 2 1 
100 8 50 3 null 50 6 2 1 
100 8 50 3 null 50 16 1 1 
100 8 50 3 null 50 23 3 1 
100 8 50 3 null 50 33 2 1 
100 8 50 3 null 50 39 3 1 
100 8 50 3 null 50 42 1 1 
100 8 50 3 null 50 44 1 1 
100 8 50 3 null 50 48 2 1 
100 8 50 3 null 50 49 1 1 
100 8 50 3 null 50 57 3 1 
100 8 50 3 null 50 60 2 1 
100 8 50 3 null 50 64 1 1 
100 8 50 3 null 50 72 2 1 
100 8 50 3 null 50 81 2 1 
100 8 50 3 null 50 87 2 1 
100 8 50 3 null 50 89 1 1 
100 8 50 3 null 50 90 2 1 
100 8 50 3 null 50 91 2 1 
100 8 50 3 null 50 93 1 1 
100 8 50 3 null 50 99 2 1 
