100 40 5 4 null 1 3 1 1 
100 40 5 4 null 1 15 2 1 
100 40 5 4 null 1 19 3 1 
100 40 5 4 null 1 26 2 1 
100 40 5 4 null 1 28 2 1 
100 40 5 4 null 1 36 2 1 
100 40 5 4 null 1 38 1 1 
100 40 5 4 null 1 58 3 1 
100 40 5 4 null 1 61 2 1 
100 40 5 4 null 1 66 2 1 
100 40 5 4 null 1 68 1 1 
100 40 5 4 null 1 88 2 1 
100 40 5 4 null 1 92 1 1 
100 40 5 4 null 2 36 2 1 
100 40 5 4 null 2 72 3 1 
100 40 5 4 null 2 75 2 1 
100 40 5 4 null 2 78 2 1 
100 40 5 4 null 2 79 1 1 
100 40 5 4 null 2 84 2 1 
100 40 5 4 null 2 85 2 1 
100 40 5 4 null 2 91 2 1 
100 40 5 4 null 2 99 1 1 
100 40 5 4 null 3 2 1 1 
100 40 5 4 null 3 7 2 1 
100 40 5 4 null 3 9 1 1 
100 40 5 4 null 3 32 2 1 
100 40 5 4 null 3 33 2 1 
100 40 5 4 null 3 46 1 1 
100 40 5 4 null 3 49 1 1 
100 40 5 4 null 3 53 2 1 
100 40 5 4 null 3 67 2 1 
100 40 5 4 null 3 72 2 1 
100 40 5 4 null 3 77 1 1 
100 40 5 4 null 3 79 1 1 
100 40 5 4 null 3 84 1 1 
100 40 5 4 null 3 86 1 1 
100 40 5 4 null 3 88 1 1 
100 40 5 4 null 3 89 2 1 
100 40 5 4 null 3 93 1 1 
100 40 5 4 null 3 95 1 1 
100 40 5 4 null 3 96 1 1 
100 40 5 4 null 4 2 2 1 
100 40 5 4 null 4 3 1 1 
100 40 5 4 null 4 9 2 1 
100 40 5 4 null 4 17 2 1 
100 40 5 4 null 4 26 2 1 
100 40 5 4 null 4 43 1 1 
100 40 5 4 null 4 44 3 1 
100 40 5 4 null 4 45 3 1 
100 40 5 4 null 4 46 2 1 
100 40 5 4 null 4 48 1 1 
100 40 5 4 null 4 51 1 1 
100 40 5 4 null 4 53 1 1 
100 40 5 4 null 4 56 1 1 
100 40 5 4 null 4 57 2 1 
100 40 5 4 null 4 59 1 1 
100 40 5 4 null 4 61 2 1 
100 40 5 4 null 4 73 1 1 
100 40 5 4 null 4 74 1 1 
100 40 5 4 null 4 77 2 1 
100 40 5 4 null 4 85 2 1 
100 40 5 4 null 4 86 1 1 
100 40 5 4 null 5 13 2 1 
100 40 5 4 null 5 15 2 1 
100 40 5 4 null 5 17 2 1 
100 40 5 4 null 5 30 1 1 
100 40 5 4 null 5 32 1 1 
100 40 5 4 null 5 33 1 1 
100 40 5 4 null 5 44 1 1 
100 40 5 4 null 5 45 1 1 
100 40 5 4 null 5 52 1 1 
100 40 5 4 null 5 53 3 1 
100 40 5 4 null 5 65 1 1 
100 40 5 4 null 5 72 1 1 
100 40 5 4 null 5 83 2 1 
100 40 5 4 null 5 84 3 1 
100 40 5 4 null 5 89 3 1 
100 40 5 4 null 5 97 2 1 
