100 8 50 2 null 1 5 1 1 
100 8 50 2 null 1 8 1 1 
100 8 50 2 null 1 11 1 1 
100 8 50 2 null 1 15 1 1 
100 8 50 2 null 1 22 1 1 
100 8 50 2 null 1 27 1 1 
100 8 50 2 null 1 46 1 1 
100 8 50 2 null 1 53 2 1 
100 8 50 2 null 1 58 1 1 
100 8 50 2 null 1 75 3 1 
100 8 50 2 null 1 80 2 1 
100 8 50 2 null 2 1 2 1 
100 8 50 2 null 2 8 2 1 
100 8 50 2 null 2 19 2 1 
100 8 50 2 null 2 23 1 1 
100 8 50 2 null 2 25 2 1 
100 8 50 2 null 2 34 2 1 
100 8 50 2 null 2 37 1 1 
100 8 50 2 null 2 48 2 1 
100 8 50 2 null 2 53 1 1 
100 8 50 2 null 2 55 1 1 
100 8 50 2 null 2 57 1 1 
100 8 50 2 null 2 62 2 1 
100 8 50 2 null 2 66 2 1 
100 8 50 2 null 2 74 2 1 
100 8 50 2 null 2 87 2 1 
100 8 50 2 null 2 91 2 1 
100 8 50 2 null 2 92 2 1 
100 8 50 2 null 3 10 2 1 
100 8 50 2 null 3 12 3 1 
100 8 50 2 null 3 15 1 1 
100 8 50 2 null 3 21 2 1 
100 8 50 2 null 3 22 1 1 
100 8 50 2 null 3 45 1 1 
100 8 50 2 null 3 50 1 1 
100 8 50 2 null 3 58 1 1 
100 8 50 2 null 3 68 3 1 
100 8 50 2 null 3 77 2 1 
100 8 50 2 null 3 90 1 1 
100 8 50 2 null 3 91 2 1 
100 8 50 2 null 3 92 1 1 
100 8 50 2 null 3 93 2 1 
100 8 50 2 null 4 4 2 1 
100 8 50 2 null 4 8 3 1 
100 8 50 2 null 4 9 1 1 
100 8 50 2 null 4 10 1 1 
100 8 50 2 null 4 11 1 1 
100 8 50 2 null 4 12 2 1 
100 8 50 2 null 4 13 3 1 
100 8 50 2 null 4 30 3 1 
100 8 50 2 null 4 39 3 1 
100 8 50 2 null 4 42 2 1 
100 8 50 2 null 4 44 1 1 
100 8 50 2 null 4 49 2 1 
100 8 50 2 null 4 57 2 1 
100 8 50 2 null 4 65 3 1 
100 8 50 2 null 4 66 1 1 
100 8 50 2 null 4 68 2 1 
100 8 50 2 null 4 69 3 1 
100 8 50 2 null 4 70 1 1 
100 8 50 2 null 4 80 1 1 
100 8 50 2 null 4 92 3 1 
100 8 50 2 null 4 100 2 1 
100 8 50 2 null 5 8 2 1 
100 8 50 2 null 5 13 2 1 
100 8 50 2 null 5 30 3 1 
100 8 50 2 null 5 34 1 1 
100 8 50 2 null 5 35 2 1 
100 8 50 2 null 5 46 2 1 
100 8 50 2 null 5 89 2 1 
100 8 50 2 null 5 94 2 1 
100 8 50 2 null 6 5 2 1 
100 8 50 2 null 6 6 2 1 
100 8 50 2 null 6 11 2 1 
100 8 50 2 null 6 18 1 1 
100 8 50 2 null 6 35 3 1 
100 8 50 2 null 6 42 2 1 
100 8 50 2 null 6 56 2 1 
100 8 50 2 null 6 57 2 1 
100 8 50 2 null 6 59 2 1 
100 8 50 2 null 6 69 2 1 
100 8 50 2 null 6 71 2 1 
100 8 50 2 null 6 73 2 1 
100 8 50 2 null 6 74 1 1 
100 8 50 2 null 6 76 2 1 
100 8 50 2 null 6 79 3 1 
100 8 50 2 null 6 81 1 1 
100 8 50 2 null 6 92 1 1 
100 8 50 2 null 7 9 1 1 
100 8 50 2 null 7 18 1 1 
100 8 50 2 null 7 21 1 1 
100 8 50 2 null 7 35 1 1 
100 8 50 2 null 7 45 2 1 
100 8 50 2 null 7 65 2 1 
100 8 50 2 null 7 67 1 1 
100 8 50 2 null 7 69 3 1 
100 8 50 2 null 7 73 2 1 
100 8 50 2 null 7 74 2 1 
100 8 50 2 null 7 79 2 1 
100 8 50 2 null 7 80 3 1 
100 8 50 2 null 7 85 2 1 
100 8 50 2 null 7 97 3 1 
100 8 50 2 null 7 100 2 1 
100 8 50 2 null 8 6 2 1 
100 8 50 2 null 8 12 1 1 
100 8 50 2 null 8 14 1 1 
100 8 50 2 null 8 25 1 1 
100 8 50 2 null 8 30 2 1 
100 8 50 2 null 8 32 2 1 
100 8 50 2 null 8 34 1 1 
100 8 50 2 null 8 41 3 1 
100 8 50 2 null 8 47 1 1 
100 8 50 2 null 8 48 1 1 
100 8 50 2 null 8 66 1 1 
100 8 50 2 null 8 78 2 1 
100 8 50 2 null 8 83 1 1 
100 8 50 2 null 8 85 2 1 
100 8 50 2 null 8 86 1 1 
100 8 50 2 null 8 90 1 1 
100 8 50 2 null 9 1 1 1 
100 8 50 2 null 9 3 1 1 
100 8 50 2 null 9 4 2 1 
100 8 50 2 null 9 9 2 1 
100 8 50 2 null 9 12 2 1 
100 8 50 2 null 9 20 1 1 
100 8 50 2 null 9 23 1 1 
100 8 50 2 null 9 24 1 1 
100 8 50 2 null 9 27 1 1 
100 8 50 2 null 9 42 1 1 
100 8 50 2 null 9 56 1 1 
100 8 50 2 null 9 68 2 1 
100 8 50 2 null 9 82 1 1 
100 8 50 2 null 9 89 1 1 
100 8 50 2 null 9 95 2 1 
100 8 50 2 null 9 100 2 1 
100 8 50 2 null 10 3 1 1 
100 8 50 2 null 10 6 1 1 
100 8 50 2 null 10 29 1 1 
100 8 50 2 null 10 37 1 1 
100 8 50 2 null 10 48 2 1 
100 8 50 2 null 10 52 1 1 
100 8 50 2 null 10 56 1 1 
100 8 50 2 null 10 59 2 1 
100 8 50 2 null 10 64 1 1 
100 8 50 2 null 10 75 2 1 
100 8 50 2 null 10 87 1 1 
100 8 50 2 null 10 91 3 1 
100 8 50 2 null 10 98 2 1 
100 8 50 2 null 11 1 1 1 
100 8 50 2 null 11 2 2 1 
100 8 50 2 null 11 4 2 1 
100 8 50 2 null 11 11 2 1 
100 8 50 2 null 11 24 2 1 
100 8 50 2 null 11 26 2 1 
100 8 50 2 null 11 33 2 1 
100 8 50 2 null 11 35 1 1 
100 8 50 2 null 11 40 2 1 
100 8 50 2 null 11 41 1 1 
100 8 50 2 null 11 49 1 1 
100 8 50 2 null 11 51 1 1 
100 8 50 2 null 11 61 1 1 
100 8 50 2 null 11 70 1 1 
100 8 50 2 null 11 81 1 1 
100 8 50 2 null 11 82 1 1 
100 8 50 2 null 12 4 1 1 
100 8 50 2 null 12 17 3 1 
100 8 50 2 null 12 31 1 1 
100 8 50 2 null 12 38 2 1 
100 8 50 2 null 12 40 1 1 
100 8 50 2 null 12 44 2 1 
100 8 50 2 null 12 45 2 1 
100 8 50 2 null 12 49 2 1 
100 8 50 2 null 12 66 1 1 
100 8 50 2 null 12 67 3 1 
100 8 50 2 null 12 68 1 1 
100 8 50 2 null 12 70 1 1 
100 8 50 2 null 12 83 1 1 
100 8 50 2 null 12 96 2 1 
100 8 50 2 null 12 99 1 1 
100 8 50 2 null 12 100 2 1 
100 8 50 2 null 13 3 1 1 
100 8 50 2 null 13 6 3 1 
100 8 50 2 null 13 8 2 1 
100 8 50 2 null 13 20 3 1 
100 8 50 2 null 13 36 1 1 
100 8 50 2 null 13 43 2 1 
100 8 50 2 null 13 44 1 1 
100 8 50 2 null 13 48 2 1 
100 8 50 2 null 13 52 2 1 
100 8 50 2 null 13 53 2 1 
100 8 50 2 null 13 66 2 1 
100 8 50 2 null 13 85 1 1 
100 8 50 2 null 13 86 3 1 
100 8 50 2 null 13 89 1 1 
100 8 50 2 null 13 98 2 1 
100 8 50 2 null 13 99 1 1 
100 8 50 2 null 14 4 1 1 
100 8 50 2 null 14 13 3 1 
100 8 50 2 null 14 14 1 1 
100 8 50 2 null 14 17 2 1 
100 8 50 2 null 14 25 1 1 
100 8 50 2 null 14 37 1 1 
100 8 50 2 null 14 53 2 1 
100 8 50 2 null 14 60 1 1 
100 8 50 2 null 14 65 1 1 
100 8 50 2 null 14 68 2 1 
100 8 50 2 null 14 77 1 1 
100 8 50 2 null 14 97 1 1 
100 8 50 2 null 15 6 2 1 
100 8 50 2 null 15 27 2 1 
100 8 50 2 null 15 36 2 1 
100 8 50 2 null 15 39 2 1 
100 8 50 2 null 15 62 3 1 
100 8 50 2 null 15 65 2 1 
100 8 50 2 null 15 80 3 1 
100 8 50 2 null 15 88 2 1 
100 8 50 2 null 16 1 2 1 
100 8 50 2 null 16 10 2 1 
100 8 50 2 null 16 15 2 1 
100 8 50 2 null 16 26 1 1 
100 8 50 2 null 16 36 1 1 
100 8 50 2 null 16 37 2 1 
100 8 50 2 null 16 40 3 1 
100 8 50 2 null 16 43 1 1 
100 8 50 2 null 16 45 1 1 
100 8 50 2 null 16 48 1 1 
100 8 50 2 null 16 61 1 1 
100 8 50 2 null 16 63 1 1 
100 8 50 2 null 16 70 1 1 
100 8 50 2 null 16 71 1 1 
100 8 50 2 null 16 73 1 1 
100 8 50 2 null 16 77 3 1 
100 8 50 2 null 16 84 1 1 
100 8 50 2 null 17 7 1 1 
100 8 50 2 null 17 11 2 1 
100 8 50 2 null 17 12 2 1 
100 8 50 2 null 17 18 1 1 
100 8 50 2 null 17 23 3 1 
100 8 50 2 null 17 24 1 1 
100 8 50 2 null 17 28 1 1 
100 8 50 2 null 17 36 1 1 
100 8 50 2 null 17 39 2 1 
100 8 50 2 null 17 43 1 1 
100 8 50 2 null 17 44 1 1 
100 8 50 2 null 17 48 2 1 
100 8 50 2 null 17 49 1 1 
100 8 50 2 null 17 56 1 1 
100 8 50 2 null 17 58 2 1 
100 8 50 2 null 17 60 3 1 
100 8 50 2 null 17 71 3 1 
100 8 50 2 null 17 72 3 1 
100 8 50 2 null 17 98 3 1 
100 8 50 2 null 18 4 3 1 
100 8 50 2 null 18 5 1 1 
100 8 50 2 null 18 31 1 1 
100 8 50 2 null 18 40 1 1 
100 8 50 2 null 18 53 1 1 
100 8 50 2 null 18 83 2 1 
100 8 50 2 null 18 90 2 1 
100 8 50 2 null 19 4 1 1 
100 8 50 2 null 19 9 1 1 
100 8 50 2 null 19 19 2 1 
100 8 50 2 null 19 20 2 1 
100 8 50 2 null 19 22 1 1 
100 8 50 2 null 19 25 2 1 
100 8 50 2 null 19 33 1 1 
100 8 50 2 null 19 43 2 1 
100 8 50 2 null 19 45 3 1 
100 8 50 2 null 19 46 1 1 
100 8 50 2 null 19 47 2 1 
100 8 50 2 null 19 58 1 1 
100 8 50 2 null 19 61 1 1 
100 8 50 2 null 19 88 1 1 
100 8 50 2 null 19 93 1 1 
100 8 50 2 null 19 96 1 1 
100 8 50 2 null 19 99 2 1 
100 8 50 2 null 20 1 2 1 
100 8 50 2 null 20 4 2 1 
100 8 50 2 null 20 12 1 1 
100 8 50 2 null 20 15 2 1 
100 8 50 2 null 20 17 1 1 
100 8 50 2 null 20 20 2 1 
100 8 50 2 null 20 25 2 1 
100 8 50 2 null 20 30 2 1 
100 8 50 2 null 20 36 2 1 
100 8 50 2 null 20 39 1 1 
100 8 50 2 null 20 43 1 1 
100 8 50 2 null 20 46 2 1 
100 8 50 2 null 20 50 1 1 
100 8 50 2 null 20 51 2 1 
100 8 50 2 null 20 55 2 1 
100 8 50 2 null 20 57 3 1 
100 8 50 2 null 20 60 1 1 
100 8 50 2 null 20 66 1 1 
100 8 50 2 null 20 69 2 1 
100 8 50 2 null 20 70 1 1 
100 8 50 2 null 20 76 1 1 
100 8 50 2 null 20 83 1 1 
100 8 50 2 null 20 84 1 1 
100 8 50 2 null 20 89 3 1 
100 8 50 2 null 20 93 2 1 
100 8 50 2 null 20 99 2 1 
100 8 50 2 null 21 4 1 1 
100 8 50 2 null 21 18 2 1 
100 8 50 2 null 21 28 2 1 
100 8 50 2 null 21 36 1 1 
100 8 50 2 null 21 37 1 1 
100 8 50 2 null 21 60 1 1 
100 8 50 2 null 21 77 2 1 
100 8 50 2 null 21 84 1 1 
100 8 50 2 null 21 88 2 1 
100 8 50 2 null 21 97 2 1 
100 8 50 2 null 22 1 2 1 
100 8 50 2 null 22 6 2 1 
100 8 50 2 null 22 13 3 1 
100 8 50 2 null 22 18 1 1 
100 8 50 2 null 22 32 2 1 
100 8 50 2 null 22 38 1 1 
100 8 50 2 null 22 41 1 1 
100 8 50 2 null 22 42 2 1 
100 8 50 2 null 22 69 1 1 
100 8 50 2 null 22 73 1 1 
100 8 50 2 null 22 74 1 1 
100 8 50 2 null 22 75 2 1 
100 8 50 2 null 22 77 1 1 
100 8 50 2 null 22 81 2 1 
100 8 50 2 null 22 87 1 1 
100 8 50 2 null 22 90 2 1 
100 8 50 2 null 23 5 1 1 
100 8 50 2 null 23 7 1 1 
100 8 50 2 null 23 16 2 1 
100 8 50 2 null 23 20 1 1 
100 8 50 2 null 23 24 2 1 
100 8 50 2 null 23 26 1 1 
100 8 50 2 null 23 30 2 1 
100 8 50 2 null 23 34 2 1 
100 8 50 2 null 23 40 1 1 
100 8 50 2 null 23 43 2 1 
100 8 50 2 null 23 44 1 1 
100 8 50 2 null 23 47 2 1 
100 8 50 2 null 23 54 1 1 
100 8 50 2 null 23 57 2 1 
100 8 50 2 null 23 61 1 1 
100 8 50 2 null 23 65 1 1 
100 8 50 2 null 23 71 1 1 
100 8 50 2 null 23 81 1 1 
100 8 50 2 null 23 82 3 1 
100 8 50 2 null 23 93 3 1 
100 8 50 2 null 23 96 1 1 
100 8 50 2 null 23 98 1 1 
100 8 50 2 null 24 15 1 1 
100 8 50 2 null 24 18 3 1 
100 8 50 2 null 24 19 1 1 
100 8 50 2 null 24 22 3 1 
100 8 50 2 null 24 23 1 1 
100 8 50 2 null 24 24 3 1 
100 8 50 2 null 24 25 1 1 
100 8 50 2 null 24 27 1 1 
100 8 50 2 null 24 33 2 1 
100 8 50 2 null 24 42 1 1 
100 8 50 2 null 24 55 3 1 
100 8 50 2 null 24 67 2 1 
100 8 50 2 null 24 68 1 1 
100 8 50 2 null 24 78 1 1 
100 8 50 2 null 24 81 1 1 
100 8 50 2 null 24 83 1 1 
100 8 50 2 null 24 90 2 1 
100 8 50 2 null 24 91 3 1 
100 8 50 2 null 24 94 1 1 
100 8 50 2 null 24 98 1 1 
100 8 50 2 null 25 3 1 1 
100 8 50 2 null 25 14 2 1 
100 8 50 2 null 25 20 1 1 
100 8 50 2 null 25 41 1 1 
100 8 50 2 null 25 44 1 1 
100 8 50 2 null 25 64 3 1 
100 8 50 2 null 25 73 1 1 
100 8 50 2 null 25 74 2 1 
100 8 50 2 null 25 90 3 1 
100 8 50 2 null 25 91 2 1 
100 8 50 2 null 25 92 1 1 
100 8 50 2 null 26 4 1 1 
100 8 50 2 null 26 11 2 1 
100 8 50 2 null 26 20 2 1 
100 8 50 2 null 26 23 2 1 
100 8 50 2 null 26 26 1 1 
100 8 50 2 null 26 32 2 1 
100 8 50 2 null 26 39 1 1 
100 8 50 2 null 26 50 2 1 
100 8 50 2 null 26 51 1 1 
100 8 50 2 null 26 56 1 1 
100 8 50 2 null 26 57 1 1 
100 8 50 2 null 26 62 2 1 
100 8 50 2 null 26 66 2 1 
100 8 50 2 null 26 68 2 1 
100 8 50 2 null 26 80 2 1 
100 8 50 2 null 26 85 3 1 
100 8 50 2 null 26 91 1 1 
100 8 50 2 null 26 95 1 1 
100 8 50 2 null 26 98 1 1 
100 8 50 2 null 26 99 1 1 
100 8 50 2 null 27 14 1 1 
100 8 50 2 null 27 18 2 1 
100 8 50 2 null 27 19 1 1 
100 8 50 2 null 27 25 1 1 
100 8 50 2 null 27 32 2 1 
100 8 50 2 null 27 39 2 1 
100 8 50 2 null 27 46 1 1 
100 8 50 2 null 27 50 3 1 
100 8 50 2 null 27 55 2 1 
100 8 50 2 null 27 58 2 1 
100 8 50 2 null 27 85 2 1 
100 8 50 2 null 27 86 2 1 
100 8 50 2 null 27 89 1 1 
100 8 50 2 null 27 92 2 1 
100 8 50 2 null 27 93 2 1 
100 8 50 2 null 28 9 1 1 
100 8 50 2 null 28 10 2 1 
100 8 50 2 null 28 11 2 1 
100 8 50 2 null 28 17 3 1 
100 8 50 2 null 28 19 1 1 
100 8 50 2 null 28 20 1 1 
100 8 50 2 null 28 22 1 1 
100 8 50 2 null 28 25 2 1 
100 8 50 2 null 28 26 1 1 
100 8 50 2 null 28 32 1 1 
100 8 50 2 null 28 33 1 1 
100 8 50 2 null 28 48 2 1 
100 8 50 2 null 28 49 1 1 
100 8 50 2 null 28 51 2 1 
100 8 50 2 null 28 54 2 1 
100 8 50 2 null 28 56 1 1 
100 8 50 2 null 28 61 1 1 
100 8 50 2 null 28 83 1 1 
100 8 50 2 null 28 89 1 1 
100 8 50 2 null 28 92 1 1 
100 8 50 2 null 28 96 3 1 
100 8 50 2 null 28 100 1 1 
100 8 50 2 null 29 1 1 1 
100 8 50 2 null 29 13 1 1 
100 8 50 2 null 29 14 2 1 
100 8 50 2 null 29 16 1 1 
100 8 50 2 null 29 17 3 1 
100 8 50 2 null 29 19 1 1 
100 8 50 2 null 29 22 1 1 
100 8 50 2 null 29 25 2 1 
100 8 50 2 null 29 27 2 1 
100 8 50 2 null 29 32 1 1 
100 8 50 2 null 29 34 1 1 
100 8 50 2 null 29 42 1 1 
100 8 50 2 null 29 44 1 1 
100 8 50 2 null 29 45 1 1 
100 8 50 2 null 29 61 1 1 
100 8 50 2 null 29 66 2 1 
100 8 50 2 null 29 74 1 1 
100 8 50 2 null 29 77 1 1 
100 8 50 2 null 29 88 1 1 
100 8 50 2 null 29 92 3 1 
100 8 50 2 null 29 95 3 1 
100 8 50 2 null 30 8 1 1 
100 8 50 2 null 30 10 2 1 
100 8 50 2 null 30 17 3 1 
100 8 50 2 null 30 19 1 1 
100 8 50 2 null 30 21 2 1 
100 8 50 2 null 30 25 1 1 
100 8 50 2 null 30 31 1 1 
100 8 50 2 null 30 34 2 1 
100 8 50 2 null 30 45 2 1 
100 8 50 2 null 30 49 2 1 
100 8 50 2 null 30 53 2 1 
100 8 50 2 null 30 64 2 1 
100 8 50 2 null 30 68 2 1 
100 8 50 2 null 30 75 1 1 
100 8 50 2 null 30 78 2 1 
100 8 50 2 null 30 83 1 1 
100 8 50 2 null 30 92 1 1 
100 8 50 2 null 31 1 2 1 
100 8 50 2 null 31 16 2 1 
100 8 50 2 null 31 17 1 1 
100 8 50 2 null 31 23 1 1 
100 8 50 2 null 31 32 1 1 
100 8 50 2 null 31 34 1 1 
100 8 50 2 null 31 36 1 1 
100 8 50 2 null 31 42 1 1 
100 8 50 2 null 31 47 1 1 
100 8 50 2 null 31 50 2 1 
100 8 50 2 null 31 71 1 1 
100 8 50 2 null 31 73 1 1 
100 8 50 2 null 31 75 2 1 
100 8 50 2 null 31 78 1 1 
100 8 50 2 null 31 82 2 1 
100 8 50 2 null 32 1 2 1 
100 8 50 2 null 32 3 2 1 
100 8 50 2 null 32 15 2 1 
100 8 50 2 null 32 20 3 1 
100 8 50 2 null 32 24 3 1 
100 8 50 2 null 32 32 1 1 
100 8 50 2 null 32 33 2 1 
100 8 50 2 null 32 49 2 1 
100 8 50 2 null 32 50 2 1 
100 8 50 2 null 32 58 1 1 
100 8 50 2 null 32 59 2 1 
100 8 50 2 null 32 74 1 1 
100 8 50 2 null 32 80 1 1 
100 8 50 2 null 32 95 2 1 
100 8 50 2 null 32 100 2 1 
100 8 50 2 null 33 12 3 1 
100 8 50 2 null 33 30 1 1 
100 8 50 2 null 33 34 1 1 
100 8 50 2 null 33 37 2 1 
100 8 50 2 null 33 40 1 1 
100 8 50 2 null 33 44 2 1 
100 8 50 2 null 33 51 2 1 
100 8 50 2 null 33 56 1 1 
100 8 50 2 null 33 58 2 1 
100 8 50 2 null 33 59 1 1 
100 8 50 2 null 33 61 3 1 
100 8 50 2 null 33 72 2 1 
100 8 50 2 null 33 78 2 1 
100 8 50 2 null 33 80 1 1 
100 8 50 2 null 33 100 1 1 
100 8 50 2 null 34 7 3 1 
100 8 50 2 null 34 12 2 1 
100 8 50 2 null 34 15 1 1 
100 8 50 2 null 34 18 1 1 
100 8 50 2 null 34 25 1 1 
100 8 50 2 null 34 28 1 1 
100 8 50 2 null 34 37 1 1 
100 8 50 2 null 34 51 1 1 
100 8 50 2 null 34 66 1 1 
100 8 50 2 null 34 69 1 1 
100 8 50 2 null 34 70 2 1 
100 8 50 2 null 34 72 1 1 
100 8 50 2 null 34 75 1 1 
100 8 50 2 null 34 98 2 1 
100 8 50 2 null 35 14 2 1 
100 8 50 2 null 35 16 2 1 
100 8 50 2 null 35 42 2 1 
100 8 50 2 null 35 44 1 1 
100 8 50 2 null 35 46 1 1 
100 8 50 2 null 35 47 2 1 
100 8 50 2 null 35 49 1 1 
100 8 50 2 null 35 72 1 1 
100 8 50 2 null 35 87 2 1 
100 8 50 2 null 35 93 2 1 
100 8 50 2 null 35 97 1 1 
100 8 50 2 null 36 3 1 1 
100 8 50 2 null 36 10 3 1 
100 8 50 2 null 36 17 1 1 
100 8 50 2 null 36 23 3 1 
100 8 50 2 null 36 33 1 1 
100 8 50 2 null 36 43 2 1 
100 8 50 2 null 36 52 1 1 
100 8 50 2 null 36 63 1 1 
100 8 50 2 null 36 81 2 1 
100 8 50 2 null 36 83 2 1 
100 8 50 2 null 37 2 1 1 
100 8 50 2 null 37 5 1 1 
100 8 50 2 null 37 6 1 1 
100 8 50 2 null 37 8 3 1 
100 8 50 2 null 37 11 3 1 
100 8 50 2 null 37 14 1 1 
100 8 50 2 null 37 16 3 1 
100 8 50 2 null 37 18 2 1 
100 8 50 2 null 37 22 1 1 
100 8 50 2 null 37 28 1 1 
100 8 50 2 null 37 36 1 1 
100 8 50 2 null 37 46 1 1 
100 8 50 2 null 37 49 1 1 
100 8 50 2 null 37 78 2 1 
100 8 50 2 null 38 4 1 1 
100 8 50 2 null 38 21 1 1 
100 8 50 2 null 38 31 3 1 
100 8 50 2 null 38 39 2 1 
100 8 50 2 null 38 40 2 1 
100 8 50 2 null 38 41 2 1 
100 8 50 2 null 38 42 2 1 
100 8 50 2 null 38 46 2 1 
100 8 50 2 null 38 47 1 1 
100 8 50 2 null 38 56 2 1 
100 8 50 2 null 38 84 1 1 
100 8 50 2 null 38 86 2 1 
100 8 50 2 null 38 94 2 1 
100 8 50 2 null 38 97 2 1 
100 8 50 2 null 39 6 1 1 
100 8 50 2 null 39 7 2 1 
100 8 50 2 null 39 18 2 1 
100 8 50 2 null 39 21 2 1 
100 8 50 2 null 39 31 1 1 
100 8 50 2 null 39 36 1 1 
100 8 50 2 null 39 38 2 1 
100 8 50 2 null 39 48 1 1 
100 8 50 2 null 39 55 2 1 
100 8 50 2 null 39 56 1 1 
100 8 50 2 null 39 63 1 1 
100 8 50 2 null 39 66 1 1 
100 8 50 2 null 39 69 2 1 
100 8 50 2 null 39 86 1 1 
100 8 50 2 null 39 92 1 1 
100 8 50 2 null 40 7 1 1 
100 8 50 2 null 40 26 1 1 
100 8 50 2 null 40 35 2 1 
100 8 50 2 null 40 42 1 1 
100 8 50 2 null 40 43 2 1 
100 8 50 2 null 40 46 2 1 
100 8 50 2 null 40 50 2 1 
100 8 50 2 null 40 54 1 1 
100 8 50 2 null 40 62 1 1 
100 8 50 2 null 40 63 2 1 
100 8 50 2 null 40 69 2 1 
100 8 50 2 null 40 72 1 1 
100 8 50 2 null 40 83 1 1 
100 8 50 2 null 40 88 2 1 
100 8 50 2 null 40 95 2 1 
100 8 50 2 null 41 20 2 1 
100 8 50 2 null 41 36 1 1 
100 8 50 2 null 41 52 1 1 
100 8 50 2 null 41 72 1 1 
100 8 50 2 null 41 75 2 1 
100 8 50 2 null 41 76 2 1 
100 8 50 2 null 41 78 3 1 
100 8 50 2 null 41 81 2 1 
100 8 50 2 null 41 87 2 1 
100 8 50 2 null 41 89 2 1 
100 8 50 2 null 42 7 1 1 
100 8 50 2 null 42 10 2 1 
100 8 50 2 null 42 22 3 1 
100 8 50 2 null 42 25 1 1 
100 8 50 2 null 42 26 2 1 
100 8 50 2 null 42 27 1 1 
100 8 50 2 null 42 28 1 1 
100 8 50 2 null 42 33 2 1 
100 8 50 2 null 42 37 2 1 
100 8 50 2 null 42 57 2 1 
100 8 50 2 null 42 65 2 1 
100 8 50 2 null 42 76 1 1 
100 8 50 2 null 42 78 2 1 
100 8 50 2 null 42 79 2 1 
100 8 50 2 null 42 80 2 1 
100 8 50 2 null 42 82 2 1 
100 8 50 2 null 42 86 2 1 
100 8 50 2 null 42 98 2 1 
100 8 50 2 null 43 15 1 1 
100 8 50 2 null 43 22 2 1 
100 8 50 2 null 43 26 2 1 
100 8 50 2 null 43 29 2 1 
100 8 50 2 null 43 34 1 1 
100 8 50 2 null 43 44 2 1 
100 8 50 2 null 43 53 1 1 
100 8 50 2 null 43 54 1 1 
100 8 50 2 null 43 66 1 1 
100 8 50 2 null 43 76 2 1 
100 8 50 2 null 43 77 3 1 
100 8 50 2 null 43 90 1 1 
100 8 50 2 null 44 5 2 1 
100 8 50 2 null 44 13 2 1 
100 8 50 2 null 44 14 3 1 
100 8 50 2 null 44 18 1 1 
100 8 50 2 null 44 27 1 1 
100 8 50 2 null 44 40 3 1 
100 8 50 2 null 44 50 2 1 
100 8 50 2 null 44 51 1 1 
100 8 50 2 null 44 56 2 1 
100 8 50 2 null 44 70 2 1 
100 8 50 2 null 44 77 2 1 
100 8 50 2 null 44 78 1 1 
100 8 50 2 null 44 84 1 1 
100 8 50 2 null 44 94 3 1 
100 8 50 2 null 45 1 1 1 
100 8 50 2 null 45 4 2 1 
100 8 50 2 null 45 10 1 1 
100 8 50 2 null 45 16 1 1 
100 8 50 2 null 45 21 1 1 
100 8 50 2 null 45 27 1 1 
100 8 50 2 null 45 29 2 1 
100 8 50 2 null 45 34 2 1 
100 8 50 2 null 45 35 1 1 
100 8 50 2 null 45 36 1 1 
100 8 50 2 null 45 38 2 1 
100 8 50 2 null 45 42 2 1 
100 8 50 2 null 45 44 1 1 
100 8 50 2 null 45 46 2 1 
100 8 50 2 null 45 53 1 1 
100 8 50 2 null 45 54 2 1 
100 8 50 2 null 45 65 1 1 
100 8 50 2 null 45 67 2 1 
100 8 50 2 null 45 75 2 1 
100 8 50 2 null 45 80 1 1 
100 8 50 2 null 45 85 1 1 
100 8 50 2 null 45 90 1 1 
100 8 50 2 null 45 95 1 1 
100 8 50 2 null 46 2 2 1 
100 8 50 2 null 46 7 2 1 
100 8 50 2 null 46 12 2 1 
100 8 50 2 null 46 25 2 1 
100 8 50 2 null 46 34 1 1 
100 8 50 2 null 46 36 3 1 
100 8 50 2 null 46 40 2 1 
100 8 50 2 null 46 47 1 1 
100 8 50 2 null 46 55 1 1 
100 8 50 2 null 46 56 2 1 
100 8 50 2 null 46 59 1 1 
100 8 50 2 null 46 72 1 1 
100 8 50 2 null 46 76 3 1 
100 8 50 2 null 46 77 2 1 
100 8 50 2 null 46 82 1 1 
100 8 50 2 null 46 87 1 1 
100 8 50 2 null 46 88 1 1 
100 8 50 2 null 46 92 2 1 
100 8 50 2 null 46 96 1 1 
100 8 50 2 null 47 10 2 1 
100 8 50 2 null 47 23 1 1 
100 8 50 2 null 47 30 2 1 
100 8 50 2 null 47 44 2 1 
100 8 50 2 null 47 52 2 1 
100 8 50 2 null 47 57 1 1 
100 8 50 2 null 47 65 1 1 
100 8 50 2 null 47 68 1 1 
100 8 50 2 null 47 79 2 1 
100 8 50 2 null 47 80 2 1 
100 8 50 2 null 47 93 3 1 
100 8 50 2 null 48 20 1 1 
100 8 50 2 null 48 31 2 1 
100 8 50 2 null 48 35 1 1 
100 8 50 2 null 48 36 1 1 
100 8 50 2 null 48 49 1 1 
100 8 50 2 null 48 53 1 1 
100 8 50 2 null 48 58 3 1 
100 8 50 2 null 48 63 1 1 
100 8 50 2 null 48 69 1 1 
100 8 50 2 null 48 79 1 1 
100 8 50 2 null 48 80 1 1 
100 8 50 2 null 48 82 2 1 
100 8 50 2 null 48 86 2 1 
100 8 50 2 null 48 90 3 1 
100 8 50 2 null 48 98 2 1 
100 8 50 2 null 49 2 2 1 
100 8 50 2 null 49 16 2 1 
100 8 50 2 null 49 18 1 1 
100 8 50 2 null 49 19 1 1 
100 8 50 2 null 49 26 3 1 
100 8 50 2 null 49 30 3 1 
100 8 50 2 null 49 42 1 1 
100 8 50 2 null 49 45 1 1 
100 8 50 2 null 49 51 1 1 
100 8 50 2 null 49 59 1 1 
100 8 50 2 null 49 63 1 1 
100 8 50 2 null 49 64 1 1 
100 8 50 2 null 49 65 1 1 
100 8 50 2 null 49 66 2 1 
100 8 50 2 null 49 67 1 1 
100 8 50 2 null 49 69 1 1 
100 8 50 2 null 49 71 2 1 
100 8 50 2 null 49 75 1 1 
100 8 50 2 null 49 76 1 1 
100 8 50 2 null 49 78 2 1 
100 8 50 2 null 49 80 2 1 
100 8 50 2 null 49 82 1 1 
100 8 50 2 null 49 85 2 1 
100 8 50 2 null 49 90 1 1 
100 8 50 2 null 49 94 1 1 
100 8 50 2 null 50 8 3 1 
100 8 50 2 null 50 18 2 1 
100 8 50 2 null 50 35 2 1 
100 8 50 2 null 50 51 2 1 
100 8 50 2 null 50 56 2 1 
100 8 50 2 null 50 58 2 1 
100 8 50 2 null 50 62 2 1 
100 8 50 2 null 50 75 2 1 
100 8 50 2 null 50 79 2 1 
100 8 50 2 null 50 85 2 1 
