100 40 20 4 null 1 7 1 1 
100 40 20 4 null 1 9 1 1 
100 40 20 4 null 1 16 2 1 
100 40 20 4 null 1 17 2 1 
100 40 20 4 null 1 40 3 1 
100 40 20 4 null 1 46 2 1 
100 40 20 4 null 1 50 1 1 
100 40 20 4 null 1 56 3 1 
100 40 20 4 null 1 60 1 1 
100 40 20 4 null 1 63 1 1 
100 40 20 4 null 1 70 1 1 
100 40 20 4 null 1 77 1 1 
100 40 20 4 null 1 79 3 1 
100 40 20 4 null 1 80 1 1 
100 40 20 4 null 1 86 1 1 
100 40 20 4 null 1 98 2 1 
100 40 20 4 null 2 11 2 1 
100 40 20 4 null 2 15 3 1 
100 40 20 4 null 2 17 1 1 
100 40 20 4 null 2 34 1 1 
100 40 20 4 null 2 37 2 1 
100 40 20 4 null 2 57 2 1 
100 40 20 4 null 2 59 1 1 
100 40 20 4 null 2 68 1 1 
100 40 20 4 null 2 70 1 1 
100 40 20 4 null 2 75 1 1 
100 40 20 4 null 2 83 2 1 
100 40 20 4 null 2 84 1 1 
100 40 20 4 null 2 91 1 1 
100 40 20 4 null 2 93 2 1 
100 40 20 4 null 2 96 2 1 
100 40 20 4 null 3 15 1 1 
100 40 20 4 null 3 27 2 1 
100 40 20 4 null 3 28 1 1 
100 40 20 4 null 3 36 1 1 
100 40 20 4 null 3 42 2 1 
100 40 20 4 null 3 63 2 1 
100 40 20 4 null 3 73 1 1 
100 40 20 4 null 3 74 1 1 
100 40 20 4 null 3 77 2 1 
100 40 20 4 null 3 84 1 1 
100 40 20 4 null 3 87 1 1 
100 40 20 4 null 4 4 1 1 
100 40 20 4 null 4 9 1 1 
100 40 20 4 null 4 21 1 1 
100 40 20 4 null 4 34 1 1 
100 40 20 4 null 4 44 2 1 
100 40 20 4 null 4 53 1 1 
100 40 20 4 null 4 57 1 1 
100 40 20 4 null 4 85 1 1 
100 40 20 4 null 4 88 2 1 
100 40 20 4 null 4 91 1 1 
100 40 20 4 null 4 92 1 1 
100 40 20 4 null 4 100 2 1 
100 40 20 4 null 5 2 2 1 
100 40 20 4 null 5 15 1 1 
100 40 20 4 null 5 19 1 1 
100 40 20 4 null 5 26 2 1 
100 40 20 4 null 5 29 1 1 
100 40 20 4 null 5 32 1 1 
100 40 20 4 null 5 33 1 1 
100 40 20 4 null 5 34 1 1 
100 40 20 4 null 5 41 2 1 
100 40 20 4 null 5 42 1 1 
100 40 20 4 null 5 45 1 1 
100 40 20 4 null 5 46 1 1 
100 40 20 4 null 5 52 2 1 
100 40 20 4 null 5 56 1 1 
100 40 20 4 null 5 57 1 1 
100 40 20 4 null 5 68 2 1 
100 40 20 4 null 5 70 1 1 
100 40 20 4 null 5 75 2 1 
100 40 20 4 null 5 78 2 1 
100 40 20 4 null 5 98 1 1 
100 40 20 4 null 6 10 2 1 
100 40 20 4 null 6 12 2 1 
100 40 20 4 null 6 13 1 1 
100 40 20 4 null 6 18 1 1 
100 40 20 4 null 6 27 2 1 
100 40 20 4 null 6 28 2 1 
100 40 20 4 null 6 30 2 1 
100 40 20 4 null 6 32 1 1 
100 40 20 4 null 6 39 2 1 
100 40 20 4 null 6 72 2 1 
100 40 20 4 null 6 78 2 1 
100 40 20 4 null 6 82 1 1 
100 40 20 4 null 6 83 3 1 
100 40 20 4 null 6 88 2 1 
100 40 20 4 null 6 91 1 1 
100 40 20 4 null 6 94 1 1 
100 40 20 4 null 6 100 1 1 
100 40 20 4 null 7 24 1 1 
100 40 20 4 null 7 40 1 1 
100 40 20 4 null 7 48 2 1 
100 40 20 4 null 7 52 2 1 
100 40 20 4 null 7 54 3 1 
100 40 20 4 null 7 87 1 1 
100 40 20 4 null 8 16 2 1 
100 40 20 4 null 8 21 2 1 
100 40 20 4 null 8 23 1 1 
100 40 20 4 null 8 30 1 1 
100 40 20 4 null 8 35 2 1 
100 40 20 4 null 8 58 1 1 
100 40 20 4 null 8 59 1 1 
100 40 20 4 null 8 62 1 1 
100 40 20 4 null 8 64 2 1 
100 40 20 4 null 8 65 3 1 
100 40 20 4 null 8 66 2 1 
100 40 20 4 null 8 83 1 1 
100 40 20 4 null 8 90 1 1 
100 40 20 4 null 8 91 1 1 
100 40 20 4 null 8 99 3 1 
100 40 20 4 null 9 10 1 1 
100 40 20 4 null 9 27 1 1 
100 40 20 4 null 9 42 1 1 
100 40 20 4 null 9 43 1 1 
100 40 20 4 null 9 44 1 1 
100 40 20 4 null 9 45 1 1 
100 40 20 4 null 9 48 1 1 
100 40 20 4 null 9 57 2 1 
100 40 20 4 null 9 61 2 1 
100 40 20 4 null 9 68 2 1 
100 40 20 4 null 9 71 2 1 
100 40 20 4 null 9 77 1 1 
100 40 20 4 null 9 81 1 1 
100 40 20 4 null 9 83 2 1 
100 40 20 4 null 10 2 1 1 
100 40 20 4 null 10 3 2 1 
100 40 20 4 null 10 4 1 1 
100 40 20 4 null 10 9 1 1 
100 40 20 4 null 10 14 1 1 
100 40 20 4 null 10 37 1 1 
100 40 20 4 null 10 38 1 1 
100 40 20 4 null 10 43 2 1 
100 40 20 4 null 10 46 1 1 
100 40 20 4 null 10 47 3 1 
100 40 20 4 null 10 53 1 1 
100 40 20 4 null 10 78 1 1 
100 40 20 4 null 10 81 1 1 
100 40 20 4 null 10 86 1 1 
100 40 20 4 null 10 95 3 1 
100 40 20 4 null 10 98 2 1 
100 40 20 4 null 11 6 2 1 
100 40 20 4 null 11 8 1 1 
100 40 20 4 null 11 10 1 1 
100 40 20 4 null 11 15 2 1 
100 40 20 4 null 11 34 1 1 
100 40 20 4 null 11 35 2 1 
100 40 20 4 null 11 36 2 1 
100 40 20 4 null 11 38 1 1 
100 40 20 4 null 11 46 1 1 
100 40 20 4 null 11 51 2 1 
100 40 20 4 null 11 59 1 1 
100 40 20 4 null 11 62 1 1 
100 40 20 4 null 11 71 1 1 
100 40 20 4 null 11 73 1 1 
100 40 20 4 null 11 83 3 1 
100 40 20 4 null 11 86 3 1 
100 40 20 4 null 11 92 1 1 
100 40 20 4 null 11 93 2 1 
100 40 20 4 null 11 95 2 1 
100 40 20 4 null 12 3 1 1 
100 40 20 4 null 12 7 1 1 
100 40 20 4 null 12 13 1 1 
100 40 20 4 null 12 20 1 1 
100 40 20 4 null 12 31 1 1 
100 40 20 4 null 12 35 1 1 
100 40 20 4 null 12 38 1 1 
100 40 20 4 null 12 42 2 1 
100 40 20 4 null 12 44 2 1 
100 40 20 4 null 12 49 1 1 
100 40 20 4 null 12 52 2 1 
100 40 20 4 null 12 57 3 1 
100 40 20 4 null 12 58 1 1 
100 40 20 4 null 12 66 2 1 
100 40 20 4 null 12 68 1 1 
100 40 20 4 null 12 69 2 1 
100 40 20 4 null 12 73 2 1 
100 40 20 4 null 12 80 2 1 
100 40 20 4 null 12 95 1 1 
100 40 20 4 null 12 98 2 1 
100 40 20 4 null 12 99 1 1 
100 40 20 4 null 13 2 2 1 
100 40 20 4 null 13 22 2 1 
100 40 20 4 null 13 32 2 1 
100 40 20 4 null 13 40 1 1 
100 40 20 4 null 13 59 1 1 
100 40 20 4 null 13 64 1 1 
100 40 20 4 null 13 74 2 1 
100 40 20 4 null 13 76 3 1 
100 40 20 4 null 13 80 1 1 
100 40 20 4 null 13 88 2 1 
100 40 20 4 null 13 91 1 1 
100 40 20 4 null 14 3 2 1 
100 40 20 4 null 14 16 1 1 
100 40 20 4 null 14 35 1 1 
100 40 20 4 null 14 41 2 1 
100 40 20 4 null 14 48 2 1 
100 40 20 4 null 14 52 1 1 
100 40 20 4 null 14 58 2 1 
100 40 20 4 null 14 62 2 1 
100 40 20 4 null 14 73 2 1 
100 40 20 4 null 14 76 1 1 
100 40 20 4 null 14 91 1 1 
100 40 20 4 null 14 95 2 1 
100 40 20 4 null 14 97 1 1 
100 40 20 4 null 15 1 2 1 
100 40 20 4 null 15 5 1 1 
100 40 20 4 null 15 14 3 1 
100 40 20 4 null 15 17 3 1 
100 40 20 4 null 15 29 1 1 
100 40 20 4 null 15 37 1 1 
100 40 20 4 null 15 45 2 1 
100 40 20 4 null 15 53 2 1 
100 40 20 4 null 15 67 1 1 
100 40 20 4 null 15 69 2 1 
100 40 20 4 null 15 71 2 1 
100 40 20 4 null 15 73 1 1 
100 40 20 4 null 15 76 2 1 
100 40 20 4 null 15 80 1 1 
100 40 20 4 null 15 81 3 1 
100 40 20 4 null 15 84 2 1 
100 40 20 4 null 15 94 1 1 
100 40 20 4 null 16 1 1 1 
100 40 20 4 null 16 10 1 1 
100 40 20 4 null 16 11 1 1 
100 40 20 4 null 16 15 1 1 
100 40 20 4 null 16 25 3 1 
100 40 20 4 null 16 26 2 1 
100 40 20 4 null 16 32 2 1 
100 40 20 4 null 16 38 1 1 
100 40 20 4 null 16 40 1 1 
100 40 20 4 null 16 46 1 1 
100 40 20 4 null 16 48 1 1 
100 40 20 4 null 16 50 3 1 
100 40 20 4 null 16 53 2 1 
100 40 20 4 null 16 59 2 1 
100 40 20 4 null 16 66 1 1 
100 40 20 4 null 16 73 1 1 
100 40 20 4 null 16 79 1 1 
100 40 20 4 null 16 81 2 1 
100 40 20 4 null 16 84 2 1 
100 40 20 4 null 16 90 2 1 
100 40 20 4 null 16 96 1 1 
100 40 20 4 null 17 2 2 1 
100 40 20 4 null 17 3 2 1 
100 40 20 4 null 17 5 3 1 
100 40 20 4 null 17 43 1 1 
100 40 20 4 null 17 49 1 1 
100 40 20 4 null 17 69 2 1 
100 40 20 4 null 17 71 2 1 
100 40 20 4 null 17 75 1 1 
100 40 20 4 null 17 93 3 1 
100 40 20 4 null 17 97 2 1 
100 40 20 4 null 17 100 2 1 
100 40 20 4 null 18 3 2 1 
100 40 20 4 null 18 9 3 1 
100 40 20 4 null 18 11 2 1 
100 40 20 4 null 18 15 2 1 
100 40 20 4 null 18 29 3 1 
100 40 20 4 null 18 40 1 1 
100 40 20 4 null 18 43 1 1 
100 40 20 4 null 18 45 1 1 
100 40 20 4 null 18 46 1 1 
100 40 20 4 null 18 59 1 1 
100 40 20 4 null 18 73 1 1 
100 40 20 4 null 18 74 1 1 
100 40 20 4 null 18 75 3 1 
100 40 20 4 null 18 76 2 1 
100 40 20 4 null 18 81 2 1 
100 40 20 4 null 18 96 1 1 
100 40 20 4 null 18 98 1 1 
100 40 20 4 null 19 5 1 1 
100 40 20 4 null 19 8 3 1 
100 40 20 4 null 19 14 2 1 
100 40 20 4 null 19 22 2 1 
100 40 20 4 null 19 27 1 1 
100 40 20 4 null 19 36 2 1 
100 40 20 4 null 19 41 2 1 
100 40 20 4 null 19 42 2 1 
100 40 20 4 null 19 74 2 1 
100 40 20 4 null 19 78 1 1 
100 40 20 4 null 19 82 1 1 
100 40 20 4 null 19 99 3 1 
100 40 20 4 null 20 11 1 1 
100 40 20 4 null 20 13 1 1 
100 40 20 4 null 20 14 1 1 
100 40 20 4 null 20 16 3 1 
100 40 20 4 null 20 20 2 1 
100 40 20 4 null 20 21 1 1 
100 40 20 4 null 20 22 1 1 
100 40 20 4 null 20 26 2 1 
100 40 20 4 null 20 45 1 1 
100 40 20 4 null 20 47 1 1 
100 40 20 4 null 20 59 1 1 
100 40 20 4 null 20 66 1 1 
100 40 20 4 null 20 67 1 1 
100 40 20 4 null 20 73 1 1 
100 40 20 4 null 20 75 1 1 
100 40 20 4 null 20 79 2 1 
100 40 20 4 null 20 88 1 1 
100 40 20 4 null 20 93 2 1 
100 40 20 4 null 20 99 2 1 
