50 8 50 1 null 2 11 2 1 
50 8 50 1 null 2 13 2 1 
50 8 50 1 null 2 14 2 1 
50 8 50 1 null 2 19 2 1 
50 8 50 1 null 2 36 2 1 
50 8 50 1 null 3 6 2 1 
50 8 50 1 null 3 11 1 1 
50 8 50 1 null 3 13 1 1 
50 8 50 1 null 3 14 2 1 
50 8 50 1 null 3 17 2 1 
50 8 50 1 null 3 22 1 1 
50 8 50 1 null 3 28 1 1 
50 8 50 1 null 3 35 1 1 
50 8 50 1 null 4 12 2 1 
50 8 50 1 null 4 15 2 1 
50 8 50 1 null 4 17 2 1 
50 8 50 1 null 4 26 2 1 
50 8 50 1 null 4 30 3 1 
50 8 50 1 null 4 33 2 1 
50 8 50 1 null 5 30 2 1 
50 8 50 1 null 6 18 2 1 
50 8 50 1 null 6 22 2 1 
50 8 50 1 null 6 37 2 1 
50 8 50 1 null 6 46 2 1 
50 8 50 1 null 6 50 2 1 
50 8 50 1 null 7 2 2 1 
50 8 50 1 null 7 20 3 1 
50 8 50 1 null 8 19 3 1 
50 8 50 1 null 8 25 2 1 
50 8 50 1 null 9 8 2 1 
50 8 50 1 null 9 39 3 1 
50 8 50 1 null 9 50 2 1 
50 8 50 1 null 10 6 3 1 
50 8 50 1 null 10 23 2 1 
50 8 50 1 null 10 26 2 1 
50 8 50 1 null 10 32 3 1 
50 8 50 1 null 10 33 3 1 
50 8 50 1 null 11 1 1 1 
50 8 50 1 null 11 11 2 1 
50 8 50 1 null 11 25 1 1 
50 8 50 1 null 11 37 1 1 
50 8 50 1 null 11 43 1 1 
50 8 50 1 null 11 50 1 1 
50 8 50 1 null 12 2 1 1 
50 8 50 1 null 12 5 1 1 
50 8 50 1 null 12 18 2 1 
50 8 50 1 null 12 23 1 1 
50 8 50 1 null 12 28 2 1 
50 8 50 1 null 12 29 3 1 
50 8 50 1 null 12 35 2 1 
50 8 50 1 null 12 38 1 1 
50 8 50 1 null 12 43 3 1 
50 8 50 1 null 12 44 2 1 
50 8 50 1 null 13 7 2 1 
50 8 50 1 null 13 21 2 1 
50 8 50 1 null 13 27 1 1 
50 8 50 1 null 13 43 3 1 
50 8 50 1 null 13 48 2 1 
50 8 50 1 null 14 2 2 1 
50 8 50 1 null 14 7 2 1 
50 8 50 1 null 14 19 3 1 
50 8 50 1 null 14 41 3 1 
50 8 50 1 null 15 2 2 1 
50 8 50 1 null 15 10 2 1 
50 8 50 1 null 15 21 1 1 
50 8 50 1 null 15 31 1 1 
50 8 50 1 null 15 32 3 1 
50 8 50 1 null 15 40 3 1 
50 8 50 1 null 15 41 1 1 
50 8 50 1 null 15 43 1 1 
50 8 50 1 null 15 46 3 1 
50 8 50 1 null 15 47 1 1 
50 8 50 1 null 15 48 1 1 
50 8 50 1 null 16 19 2 1 
50 8 50 1 null 16 28 2 1 
50 8 50 1 null 16 31 3 1 
50 8 50 1 null 16 37 2 1 
50 8 50 1 null 16 49 2 1 
50 8 50 1 null 17 8 2 1 
50 8 50 1 null 17 22 1 1 
50 8 50 1 null 17 32 1 1 
50 8 50 1 null 17 37 1 1 
50 8 50 1 null 17 40 2 1 
50 8 50 1 null 18 2 2 1 
50 8 50 1 null 18 5 2 1 
50 8 50 1 null 18 6 1 1 
50 8 50 1 null 18 35 2 1 
50 8 50 1 null 20 2 3 1 
50 8 50 1 null 20 18 3 1 
50 8 50 1 null 20 35 2 1 
50 8 50 1 null 21 3 2 1 
50 8 50 1 null 21 5 1 1 
50 8 50 1 null 21 6 1 1 
50 8 50 1 null 21 17 1 1 
50 8 50 1 null 21 22 1 1 
50 8 50 1 null 21 35 1 1 
50 8 50 1 null 21 39 1 1 
50 8 50 1 null 21 43 1 1 
50 8 50 1 null 21 49 1 1 
50 8 50 1 null 23 10 2 1 
50 8 50 1 null 23 30 2 1 
50 8 50 1 null 23 35 2 1 
50 8 50 1 null 23 44 2 1 
50 8 50 1 null 23 49 2 1 
50 8 50 1 null 24 6 3 1 
50 8 50 1 null 24 32 2 1 
50 8 50 1 null 24 41 2 1 
50 8 50 1 null 24 49 2 1 
50 8 50 1 null 24 50 2 1 
50 8 50 1 null 25 3 1 1 
50 8 50 1 null 25 6 2 1 
50 8 50 1 null 25 16 1 1 
50 8 50 1 null 25 21 2 1 
50 8 50 1 null 25 37 1 1 
50 8 50 1 null 25 43 2 1 
50 8 50 1 null 26 12 3 1 
50 8 50 1 null 27 1 2 1 
50 8 50 1 null 27 24 1 1 
50 8 50 1 null 27 27 1 1 
50 8 50 1 null 27 34 2 1 
50 8 50 1 null 27 37 1 1 
50 8 50 1 null 28 11 2 1 
50 8 50 1 null 28 18 3 1 
50 8 50 1 null 28 21 1 1 
50 8 50 1 null 28 29 2 1 
50 8 50 1 null 29 1 2 1 
50 8 50 1 null 30 17 2 1 
50 8 50 1 null 30 19 2 1 
50 8 50 1 null 30 20 3 1 
50 8 50 1 null 30 28 2 1 
50 8 50 1 null 30 35 2 1 
50 8 50 1 null 30 46 2 1 
50 8 50 1 null 31 13 3 1 
50 8 50 1 null 31 33 1 1 
50 8 50 1 null 31 34 2 1 
50 8 50 1 null 31 37 2 1 
50 8 50 1 null 31 39 2 1 
50 8 50 1 null 31 45 2 1 
50 8 50 1 null 33 5 1 1 
50 8 50 1 null 33 17 2 1 
50 8 50 1 null 33 19 2 1 
50 8 50 1 null 33 23 3 1 
50 8 50 1 null 33 44 1 1 
50 8 50 1 null 33 50 1 1 
50 8 50 1 null 34 5 1 1 
50 8 50 1 null 34 10 2 1 
50 8 50 1 null 34 16 2 1 
50 8 50 1 null 34 48 2 1 
50 8 50 1 null 35 4 2 1 
50 8 50 1 null 35 16 2 1 
50 8 50 1 null 35 20 3 1 
50 8 50 1 null 35 28 1 1 
50 8 50 1 null 35 33 1 1 
50 8 50 1 null 36 9 2 1 
50 8 50 1 null 36 12 2 1 
50 8 50 1 null 36 35 2 1 
50 8 50 1 null 36 44 2 1 
50 8 50 1 null 37 1 3 1 
50 8 50 1 null 37 33 2 1 
50 8 50 1 null 37 34 3 1 
50 8 50 1 null 37 36 2 1 
50 8 50 1 null 37 42 3 1 
50 8 50 1 null 37 48 2 1 
50 8 50 1 null 38 7 2 1 
50 8 50 1 null 38 11 2 1 
50 8 50 1 null 38 18 2 1 
50 8 50 1 null 38 20 3 1 
50 8 50 1 null 38 46 1 1 
50 8 50 1 null 38 50 1 1 
50 8 50 1 null 39 9 2 1 
50 8 50 1 null 39 15 1 1 
50 8 50 1 null 39 24 1 1 
50 8 50 1 null 39 32 2 1 
50 8 50 1 null 39 42 1 1 
50 8 50 1 null 40 8 3 1 
50 8 50 1 null 40 16 3 1 
50 8 50 1 null 40 23 3 1 
50 8 50 1 null 40 31 2 1 
50 8 50 1 null 40 46 2 1 
50 8 50 1 null 41 10 1 1 
50 8 50 1 null 41 24 2 1 
50 8 50 1 null 41 26 2 1 
50 8 50 1 null 41 42 2 1 
50 8 50 1 null 42 10 2 1 
50 8 50 1 null 42 26 2 1 
50 8 50 1 null 42 42 3 1 
50 8 50 1 null 42 46 2 1 
50 8 50 1 null 43 6 2 1 
50 8 50 1 null 43 7 1 1 
50 8 50 1 null 43 19 3 1 
50 8 50 1 null 43 21 1 1 
50 8 50 1 null 43 22 2 1 
50 8 50 1 null 43 30 1 1 
50 8 50 1 null 43 44 2 1 
50 8 50 1 null 44 4 1 1 
50 8 50 1 null 44 21 1 1 
50 8 50 1 null 44 24 2 1 
50 8 50 1 null 44 35 1 1 
50 8 50 1 null 45 11 2 1 
50 8 50 1 null 45 23 2 1 
50 8 50 1 null 45 32 2 1 
50 8 50 1 null 45 36 2 1 
50 8 50 1 null 45 39 2 1 
50 8 50 1 null 45 45 2 1 
50 8 50 1 null 46 23 3 1 
50 8 50 1 null 46 31 2 1 
50 8 50 1 null 46 44 2 1 
50 8 50 1 null 47 3 1 1 
50 8 50 1 null 47 5 2 1 
50 8 50 1 null 47 21 1 1 
50 8 50 1 null 47 24 3 1 
50 8 50 1 null 47 27 2 1 
50 8 50 1 null 47 45 1 1 
50 8 50 1 null 48 1 2 1 
50 8 50 1 null 48 4 2 1 
50 8 50 1 null 48 5 2 1 
50 8 50 1 null 48 19 2 1 
50 8 50 1 null 48 48 2 1 
50 8 50 1 null 50 15 3 1 
