50 40 5 5 null 1 1 1 1 
50 40 5 5 null 1 4 2 1 
50 40 5 5 null 1 5 1 1 
50 40 5 5 null 1 8 2 1 
50 40 5 5 null 1 35 1 1 
50 40 5 5 null 1 42 2 1 
50 40 5 5 null 2 6 3 1 
50 40 5 5 null 2 7 2 1 
50 40 5 5 null 2 27 3 1 
50 40 5 5 null 3 9 2 1 
50 40 5 5 null 3 12 2 1 
50 40 5 5 null 3 17 1 1 
50 40 5 5 null 3 30 2 1 
50 40 5 5 null 3 33 1 1 
50 40 5 5 null 3 41 2 1 
50 40 5 5 null 3 48 1 1 
50 40 5 5 null 4 1 2 1 
50 40 5 5 null 4 6 2 1 
50 40 5 5 null 4 7 3 1 
50 40 5 5 null 4 15 2 1 
50 40 5 5 null 4 37 2 1 
50 40 5 5 null 5 17 3 1 
50 40 5 5 null 5 24 3 1 
