50 8 50 5 null 1 1 2 1 
50 8 50 5 null 1 20 2 1 
50 8 50 5 null 1 21 2 1 
50 8 50 5 null 1 27 2 1 
50 8 50 5 null 1 28 2 1 
50 8 50 5 null 1 40 2 1 
50 8 50 5 null 1 45 2 1 
50 8 50 5 null 1 49 1 1 
50 8 50 5 null 3 46 2 1 
50 8 50 5 null 4 5 1 1 
50 8 50 5 null 4 11 2 1 
50 8 50 5 null 4 45 2 1 
50 8 50 5 null 5 2 3 1 
50 8 50 5 null 5 7 3 1 
50 8 50 5 null 5 8 1 1 
50 8 50 5 null 5 30 3 1 
50 8 50 5 null 5 36 1 1 
50 8 50 5 null 5 37 2 1 
50 8 50 5 null 5 39 2 1 
50 8 50 5 null 5 44 2 1 
50 8 50 5 null 6 2 2 1 
50 8 50 5 null 6 44 1 1 
50 8 50 5 null 6 45 2 1 
50 8 50 5 null 7 4 1 1 
50 8 50 5 null 7 15 2 1 
50 8 50 5 null 7 27 3 1 
50 8 50 5 null 7 30 1 1 
50 8 50 5 null 7 31 2 1 
50 8 50 5 null 7 41 2 1 
50 8 50 5 null 10 17 2 1 
50 8 50 5 null 10 34 2 1 
50 8 50 5 null 10 45 2 1 
50 8 50 5 null 11 1 2 1 
50 8 50 5 null 11 25 2 1 
50 8 50 5 null 12 5 1 1 
50 8 50 5 null 12 13 1 1 
50 8 50 5 null 12 15 1 1 
50 8 50 5 null 12 29 1 1 
50 8 50 5 null 12 33 1 1 
50 8 50 5 null 12 48 1 1 
50 8 50 5 null 13 40 2 1 
50 8 50 5 null 13 47 3 1 
50 8 50 5 null 14 4 3 1 
50 8 50 5 null 14 5 2 1 
50 8 50 5 null 14 15 2 1 
50 8 50 5 null 14 18 2 1 
50 8 50 5 null 14 26 2 1 
50 8 50 5 null 14 45 2 1 
50 8 50 5 null 14 48 2 1 
50 8 50 5 null 15 6 2 1 
50 8 50 5 null 15 17 2 1 
50 8 50 5 null 15 29 3 1 
50 8 50 5 null 16 10 2 1 
50 8 50 5 null 16 24 1 1 
50 8 50 5 null 16 30 2 1 
50 8 50 5 null 16 34 1 1 
50 8 50 5 null 16 37 1 1 
50 8 50 5 null 16 44 2 1 
50 8 50 5 null 16 47 2 1 
50 8 50 5 null 17 3 2 1 
50 8 50 5 null 17 5 2 1 
50 8 50 5 null 17 7 2 1 
50 8 50 5 null 17 14 1 1 
50 8 50 5 null 17 21 2 1 
50 8 50 5 null 17 25 2 1 
50 8 50 5 null 17 39 3 1 
50 8 50 5 null 18 10 3 1 
50 8 50 5 null 19 3 2 1 
50 8 50 5 null 19 8 2 1 
50 8 50 5 null 19 25 1 1 
50 8 50 5 null 19 27 1 1 
50 8 50 5 null 19 36 2 1 
50 8 50 5 null 19 44 2 1 
50 8 50 5 null 19 46 1 1 
50 8 50 5 null 19 48 2 1 
50 8 50 5 null 19 50 2 1 
50 8 50 5 null 20 34 2 1 
50 8 50 5 null 21 4 1 1 
50 8 50 5 null 21 22 1 1 
50 8 50 5 null 21 27 1 1 
50 8 50 5 null 21 33 3 1 
50 8 50 5 null 21 39 1 1 
50 8 50 5 null 21 41 2 1 
50 8 50 5 null 21 44 1 1 
50 8 50 5 null 21 48 2 1 
50 8 50 5 null 23 26 2 1 
50 8 50 5 null 23 36 3 1 
50 8 50 5 null 24 5 1 1 
50 8 50 5 null 24 9 2 1 
50 8 50 5 null 24 34 2 1 
50 8 50 5 null 24 43 1 1 
50 8 50 5 null 24 48 1 1 
50 8 50 5 null 25 4 3 1 
50 8 50 5 null 25 8 2 1 
50 8 50 5 null 25 15 2 1 
50 8 50 5 null 25 31 2 1 
50 8 50 5 null 25 35 3 1 
50 8 50 5 null 25 39 1 1 
50 8 50 5 null 25 48 2 1 
50 8 50 5 null 25 49 2 1 
50 8 50 5 null 26 25 2 1 
50 8 50 5 null 26 34 2 1 
50 8 50 5 null 27 17 1 1 
50 8 50 5 null 27 20 2 1 
50 8 50 5 null 27 44 1 1 
50 8 50 5 null 28 6 2 1 
50 8 50 5 null 28 9 2 1 
50 8 50 5 null 28 36 2 1 
50 8 50 5 null 28 43 2 1 
50 8 50 5 null 28 46 1 1 
50 8 50 5 null 29 27 2 1 
50 8 50 5 null 30 14 2 1 
50 8 50 5 null 30 20 1 1 
50 8 50 5 null 30 33 3 1 
50 8 50 5 null 31 29 2 1 
50 8 50 5 null 31 35 2 1 
50 8 50 5 null 32 8 2 1 
50 8 50 5 null 32 10 2 1 
50 8 50 5 null 32 13 1 1 
50 8 50 5 null 32 33 2 1 
50 8 50 5 null 32 41 2 1 
50 8 50 5 null 32 49 3 1 
50 8 50 5 null 33 8 1 1 
50 8 50 5 null 33 16 1 1 
50 8 50 5 null 33 20 1 1 
50 8 50 5 null 33 28 2 1 
50 8 50 5 null 33 47 1 1 
50 8 50 5 null 33 48 1 1 
50 8 50 5 null 35 7 2 1 
50 8 50 5 null 35 18 2 1 
50 8 50 5 null 35 25 2 1 
50 8 50 5 null 35 39 2 1 
50 8 50 5 null 35 43 2 1 
50 8 50 5 null 35 45 3 1 
50 8 50 5 null 36 11 2 1 
50 8 50 5 null 37 42 2 1 
50 8 50 5 null 38 1 3 1 
50 8 50 5 null 38 15 2 1 
50 8 50 5 null 38 27 2 1 
50 8 50 5 null 38 28 2 1 
50 8 50 5 null 38 30 1 1 
50 8 50 5 null 38 34 2 1 
50 8 50 5 null 38 38 2 1 
50 8 50 5 null 39 2 2 1 
50 8 50 5 null 39 21 2 1 
50 8 50 5 null 39 22 3 1 
50 8 50 5 null 39 38 2 1 
50 8 50 5 null 39 49 1 1 
50 8 50 5 null 40 6 1 1 
50 8 50 5 null 40 12 1 1 
50 8 50 5 null 40 32 2 1 
50 8 50 5 null 40 35 2 1 
50 8 50 5 null 40 44 2 1 
50 8 50 5 null 40 49 1 1 
50 8 50 5 null 43 2 3 1 
50 8 50 5 null 43 23 2 1 
50 8 50 5 null 43 27 2 1 
50 8 50 5 null 43 31 3 1 
50 8 50 5 null 43 34 3 1 
50 8 50 5 null 43 43 2 1 
50 8 50 5 null 43 49 2 1 
50 8 50 5 null 44 4 2 1 
50 8 50 5 null 44 7 2 1 
50 8 50 5 null 44 8 2 1 
50 8 50 5 null 44 9 2 1 
50 8 50 5 null 44 48 3 1 
50 8 50 5 null 45 8 2 1 
50 8 50 5 null 45 18 2 1 
50 8 50 5 null 45 26 2 1 
50 8 50 5 null 45 32 2 1 
50 8 50 5 null 46 10 3 1 
50 8 50 5 null 46 16 2 1 
50 8 50 5 null 46 18 1 1 
50 8 50 5 null 46 24 2 1 
50 8 50 5 null 46 26 1 1 
50 8 50 5 null 46 44 1 1 
50 8 50 5 null 46 45 2 1 
50 8 50 5 null 47 5 2 1 
50 8 50 5 null 47 17 1 1 
50 8 50 5 null 47 27 2 1 
50 8 50 5 null 47 33 1 1 
50 8 50 5 null 48 5 2 1 
50 8 50 5 null 48 6 2 1 
50 8 50 5 null 48 27 2 1 
50 8 50 5 null 48 46 3 1 
50 8 50 5 null 49 2 1 1 
50 8 50 5 null 49 4 1 1 
50 8 50 5 null 49 17 1 1 
50 8 50 5 null 49 18 1 1 
50 8 50 5 null 49 20 2 1 
50 8 50 5 null 49 22 1 1 
50 8 50 5 null 49 36 2 1 
50 8 50 5 null 49 49 2 1 
