50 40 50 5 null 1 32 2 1 
50 40 50 5 null 1 41 2 1 
50 40 50 5 null 1 50 3 1 
50 40 50 5 null 3 9 2 1 
50 40 50 5 null 3 23 2 1 
50 40 50 5 null 3 37 2 1 
50 40 50 5 null 3 39 2 1 
50 40 50 5 null 3 47 2 1 
50 40 50 5 null 3 48 2 1 
50 40 50 5 null 4 1 3 1 
50 40 50 5 null 4 4 2 1 
50 40 50 5 null 4 6 2 1 
50 40 50 5 null 4 9 2 1 
50 40 50 5 null 4 20 2 1 
50 40 50 5 null 4 26 1 1 
50 40 50 5 null 4 36 2 1 
50 40 50 5 null 5 11 2 1 
50 40 50 5 null 5 16 3 1 
50 40 50 5 null 5 23 2 1 
50 40 50 5 null 5 41 3 1 
50 40 50 5 null 5 47 2 1 
50 40 50 5 null 6 18 2 1 
50 40 50 5 null 6 33 2 1 
50 40 50 5 null 6 34 2 1 
50 40 50 5 null 6 44 2 1 
50 40 50 5 null 7 8 2 1 
50 40 50 5 null 7 10 2 1 
50 40 50 5 null 7 11 1 1 
50 40 50 5 null 7 14 1 1 
50 40 50 5 null 7 24 1 1 
50 40 50 5 null 7 30 1 1 
50 40 50 5 null 7 50 2 1 
50 40 50 5 null 9 27 2 1 
50 40 50 5 null 9 37 2 1 
50 40 50 5 null 10 26 2 1 
50 40 50 5 null 10 28 2 1 
50 40 50 5 null 11 4 2 1 
50 40 50 5 null 11 6 2 1 
50 40 50 5 null 11 9 2 1 
50 40 50 5 null 11 35 3 1 
50 40 50 5 null 13 26 2 1 
50 40 50 5 null 13 35 1 1 
50 40 50 5 null 13 44 1 1 
50 40 50 5 null 13 49 2 1 
50 40 50 5 null 13 50 2 1 
50 40 50 5 null 14 7 2 1 
50 40 50 5 null 14 32 3 1 
50 40 50 5 null 14 35 2 1 
50 40 50 5 null 14 46 2 1 
50 40 50 5 null 14 49 1 1 
50 40 50 5 null 15 1 1 1 
50 40 50 5 null 15 12 1 1 
50 40 50 5 null 15 26 1 1 
50 40 50 5 null 15 30 2 1 
50 40 50 5 null 15 36 1 1 
50 40 50 5 null 15 43 1 1 
50 40 50 5 null 15 48 1 1 
50 40 50 5 null 16 18 2 1 
50 40 50 5 null 16 21 1 1 
50 40 50 5 null 16 29 1 1 
50 40 50 5 null 16 45 2 1 
50 40 50 5 null 17 1 1 1 
50 40 50 5 null 17 3 2 1 
50 40 50 5 null 17 17 2 1 
50 40 50 5 null 17 23 2 1 
50 40 50 5 null 17 31 1 1 
50 40 50 5 null 17 32 1 1 
50 40 50 5 null 17 39 1 1 
50 40 50 5 null 17 49 1 1 
50 40 50 5 null 17 50 2 1 
50 40 50 5 null 18 6 2 1 
50 40 50 5 null 18 16 2 1 
50 40 50 5 null 18 27 1 1 
50 40 50 5 null 18 35 2 1 
50 40 50 5 null 18 48 2 1 
50 40 50 5 null 19 12 3 1 
50 40 50 5 null 19 23 3 1 
50 40 50 5 null 19 26 2 1 
50 40 50 5 null 20 6 1 1 
50 40 50 5 null 20 8 1 1 
50 40 50 5 null 20 17 1 1 
50 40 50 5 null 20 20 2 1 
50 40 50 5 null 20 23 2 1 
50 40 50 5 null 20 30 1 1 
50 40 50 5 null 20 36 1 1 
50 40 50 5 null 20 46 2 1 
50 40 50 5 null 21 7 1 1 
50 40 50 5 null 21 11 2 1 
50 40 50 5 null 21 20 2 1 
50 40 50 5 null 21 26 1 1 
50 40 50 5 null 22 14 2 1 
50 40 50 5 null 22 26 3 1 
50 40 50 5 null 22 31 2 1 
50 40 50 5 null 22 33 3 1 
50 40 50 5 null 22 47 3 1 
50 40 50 5 null 23 9 2 1 
50 40 50 5 null 23 12 2 1 
50 40 50 5 null 23 13 3 1 
50 40 50 5 null 23 15 2 1 
50 40 50 5 null 23 35 2 1 
50 40 50 5 null 23 40 1 1 
50 40 50 5 null 23 43 2 1 
50 40 50 5 null 24 1 2 1 
50 40 50 5 null 24 28 2 1 
50 40 50 5 null 24 37 2 1 
50 40 50 5 null 24 48 2 1 
50 40 50 5 null 24 50 2 1 
50 40 50 5 null 25 15 2 1 
50 40 50 5 null 25 36 3 1 
50 40 50 5 null 25 37 3 1 
50 40 50 5 null 26 3 2 1 
50 40 50 5 null 26 14 1 1 
50 40 50 5 null 26 21 2 1 
50 40 50 5 null 26 23 2 1 
50 40 50 5 null 26 25 2 1 
50 40 50 5 null 26 40 2 1 
50 40 50 5 null 26 43 1 1 
50 40 50 5 null 27 1 3 1 
50 40 50 5 null 28 6 2 1 
50 40 50 5 null 28 17 1 1 
50 40 50 5 null 28 18 2 1 
50 40 50 5 null 28 23 1 1 
50 40 50 5 null 28 24 1 1 
50 40 50 5 null 28 25 1 1 
50 40 50 5 null 28 26 2 1 
50 40 50 5 null 28 36 1 1 
50 40 50 5 null 28 39 1 1 
50 40 50 5 null 28 48 2 1 
50 40 50 5 null 28 49 2 1 
50 40 50 5 null 29 13 1 1 
50 40 50 5 null 29 37 2 1 
50 40 50 5 null 29 50 2 1 
50 40 50 5 null 30 4 3 1 
50 40 50 5 null 30 6 2 1 
50 40 50 5 null 30 14 3 1 
50 40 50 5 null 30 17 2 1 
50 40 50 5 null 31 3 2 1 
50 40 50 5 null 31 36 2 1 
50 40 50 5 null 32 29 2 1 
50 40 50 5 null 33 17 2 1 
50 40 50 5 null 33 18 2 1 
50 40 50 5 null 33 30 2 1 
50 40 50 5 null 33 48 2 1 
50 40 50 5 null 34 2 2 1 
50 40 50 5 null 34 5 2 1 
50 40 50 5 null 34 26 3 1 
50 40 50 5 null 34 27 2 1 
50 40 50 5 null 35 26 2 1 
50 40 50 5 null 35 29 3 1 
50 40 50 5 null 35 43 3 1 
50 40 50 5 null 37 14 1 1 
50 40 50 5 null 37 28 2 1 
50 40 50 5 null 37 36 1 1 
50 40 50 5 null 37 40 3 1 
50 40 50 5 null 37 45 2 1 
50 40 50 5 null 38 6 1 1 
50 40 50 5 null 38 13 2 1 
50 40 50 5 null 38 20 2 1 
50 40 50 5 null 38 38 2 1 
50 40 50 5 null 38 42 1 1 
50 40 50 5 null 39 37 3 1 
50 40 50 5 null 39 43 2 1 
50 40 50 5 null 39 45 3 1 
50 40 50 5 null 40 8 2 1 
50 40 50 5 null 40 10 2 1 
50 40 50 5 null 40 25 2 1 
50 40 50 5 null 43 45 3 1 
50 40 50 5 null 44 3 2 1 
50 40 50 5 null 44 8 1 1 
50 40 50 5 null 44 11 2 1 
50 40 50 5 null 44 15 2 1 
50 40 50 5 null 44 25 1 1 
50 40 50 5 null 44 29 2 1 
50 40 50 5 null 44 40 1 1 
50 40 50 5 null 44 46 3 1 
50 40 50 5 null 45 7 2 1 
50 40 50 5 null 45 8 1 1 
50 40 50 5 null 45 28 2 1 
50 40 50 5 null 45 31 2 1 
50 40 50 5 null 45 34 1 1 
50 40 50 5 null 46 3 2 1 
50 40 50 5 null 46 12 2 1 
50 40 50 5 null 46 16 1 1 
50 40 50 5 null 46 26 1 1 
50 40 50 5 null 46 45 2 1 
50 40 50 5 null 46 48 2 1 
50 40 50 5 null 47 3 3 1 
50 40 50 5 null 47 7 1 1 
50 40 50 5 null 47 31 2 1 
50 40 50 5 null 47 32 2 1 
50 40 50 5 null 47 35 3 1 
50 40 50 5 null 47 49 3 1 
50 40 50 5 null 48 4 1 1 
50 40 50 5 null 48 7 1 1 
50 40 50 5 null 48 11 3 1 
50 40 50 5 null 48 31 2 1 
50 40 50 5 null 48 44 3 1 
50 40 50 5 null 49 4 2 1 
50 40 50 5 null 49 15 2 1 
50 40 50 5 null 49 17 3 1 
50 40 50 5 null 49 21 1 1 
50 40 50 5 null 49 33 2 1 
50 40 50 5 null 49 43 1 1 
50 40 50 5 null 49 47 2 1 
50 40 50 5 null 49 50 2 1 
50 40 50 5 null 50 19 2 1 
50 40 50 5 null 50 34 3 1 
50 40 50 5 null 50 46 3 1 
50 40 50 5 null 50 50 2 1 
