50 20 20 4 null 1 5 3 1 
50 20 20 4 null 1 9 2 1 
50 20 20 4 null 1 30 1 1 
50 20 20 4 null 1 42 2 1 
50 20 20 4 null 2 6 2 1 
50 20 20 4 null 2 9 2 1 
50 20 20 4 null 2 13 2 1 
50 20 20 4 null 2 34 3 1 
50 20 20 4 null 2 39 2 1 
50 20 20 4 null 2 40 2 1 
50 20 20 4 null 3 20 3 1 
50 20 20 4 null 3 49 2 1 
50 20 20 4 null 5 41 3 1 
50 20 20 4 null 6 14 3 1 
50 20 20 4 null 6 21 2 1 
50 20 20 4 null 6 35 2 1 
50 20 20 4 null 6 46 2 1 
50 20 20 4 null 6 49 3 1 
50 20 20 4 null 6 50 3 1 
50 20 20 4 null 7 26 2 1 
50 20 20 4 null 7 30 2 1 
50 20 20 4 null 7 40 1 1 
50 20 20 4 null 7 41 1 1 
50 20 20 4 null 7 48 2 1 
50 20 20 4 null 8 10 3 1 
50 20 20 4 null 8 21 2 1 
50 20 20 4 null 8 24 2 1 
50 20 20 4 null 9 32 2 1 
50 20 20 4 null 12 8 3 1 
50 20 20 4 null 12 21 2 1 
50 20 20 4 null 12 40 2 1 
50 20 20 4 null 13 10 1 1 
50 20 20 4 null 13 25 2 1 
50 20 20 4 null 13 26 3 1 
50 20 20 4 null 13 35 3 1 
50 20 20 4 null 13 45 1 1 
50 20 20 4 null 13 46 2 1 
50 20 20 4 null 14 1 1 1 
50 20 20 4 null 14 9 1 1 
50 20 20 4 null 14 10 1 1 
50 20 20 4 null 14 11 1 1 
50 20 20 4 null 14 39 3 1 
50 20 20 4 null 14 50 1 1 
50 20 20 4 null 15 2 2 1 
50 20 20 4 null 15 4 2 1 
50 20 20 4 null 15 8 2 1 
50 20 20 4 null 15 12 2 1 
50 20 20 4 null 15 22 2 1 
50 20 20 4 null 15 42 3 1 
50 20 20 4 null 16 13 2 1 
50 20 20 4 null 16 14 2 1 
50 20 20 4 null 16 27 2 1 
50 20 20 4 null 16 50 3 1 
50 20 20 4 null 17 8 2 1 
50 20 20 4 null 17 15 2 1 
50 20 20 4 null 17 26 1 1 
50 20 20 4 null 17 39 1 1 
50 20 20 4 null 17 50 3 1 
50 20 20 4 null 18 6 2 1 
50 20 20 4 null 18 19 2 1 
50 20 20 4 null 18 39 2 1 
50 20 20 4 null 20 46 3 1 
50 20 20 4 null 20 50 2 1 
