80
40
40
0 1 0 0 0 0 1 0 1 0 0 0 0 0 0 0 0 0 0 0 0 0 0 0 0 0 0 0 0 0 0 0 0 0 0 0 0 1 1 0 0 0 0 0 0 0 0 0 2 0 0 0 0 0 0 0 0 1 0 0 0 0 0 0 0 0 0 0 0 0 0 0 0 1 0 0 0 0 0 0 0 0 1 0 1 0 1 0 0 0 0 0 0 0 0 0 0 2 0 1 0 0 0 0 0 0 0 0 1 1 0 0 0 0 0 0 1 0 0 0 0 1 0 0 0 1 0 0 0 0 1 1 0 2 1 0 0 0 0 0 0 1 0 0 0 0 0 1 0 0 0 1 0 0 1 1 1 0 0 0
0 0 1 0 0 0 0 0 0 0 0 0 0 1 1 0 0 0 0 1 1 0 0 1 0 0 0 0 1 0 0 0 0 0 0 0 0 0 0 0 0 0 0 0 0 0 0 1 0 0 0 0 0 0 0 0 0 1 0 2 0 0 0 0 0 0 0 1 0 0 0 0 0 0 0 0 0 0 0 0 0 1 1 0 0 0 1 0 0 0 0 0 0 1 0 0 0 0 0 0 0 0 1 0 0 0 1 0 1 0 0 0 0 0 0 0 0 0 0 0 1 1 0 0 0 0 1 1 2 0 0 0 0 1 0 0 0 0 0 0 0 0 0 0 0 0 0 0 1 0 1 0 0 0 1 0 2 0 0 0
0 0 0 0 0 0 0 0 0 0 0 0 0 0 1 0 0 0 0 0 0 1 0 1 0 0 0 0 0 2 0 0 1 1 0 1 0 1 0 0 1 0 0 0 0 0 0 1 1 0 0 0 0 0 0 0 0 0 0 0 0 0 0 0 0 0 0 0 0 0 0 0 0 0 0 0 0 0 0 0 0 0 0 1 1 1 0 0 1 0 0 1 0 0 0 0 0 1 0 0 0 0 0 0 0 0 1 0 0 0 1 0 0 0 0 1 0 0 0 0 0 0 1 0 0 0 0 0 0 0 0 0 1 1 1 1 0 1 1 0 0 0 0 0 0 0 0 0 0 0 1 1 1 0 0 0 0 0 0 0
0 1 0 0 0 0 1 0 0 0 0 0 0 0 0 0 0 1 1 0 0 0 0 0 0 0 0 0 0 1 1 0 0 0 0 0 0 0 0 0 0 0 0 0 0 1 0 1 0 0 0 0 1 0 0 0 0 0 1 0 1 0 0 0 0 0 0 0 1 0 0 0 0 0 2 0 0 1 0 0 1 0 0 0 0 0 0 0 0 0 0 0 0 0 0 0 0 0 0 0 0 1 0 0 0 1 1 0 0 0 0 0 0 0 0 0 0 0 0 0 1 0 1 0 1 0 0 0 1 0 0 1 0 0 0 0 0 0 0 0 0 0 0 0 0 0 0 0 0 0 0 0 0 0 0 0 0 0 1 1
0 0 1 0 0 0 1 0 0 0 0 0 0 0 0 0 1 1 0 0 0 0 0 0 0 0 0 0 1 1 0 1 0 1 1 0 0 0 0 0 0 0 1 0 0 0 2 0 1 1 0 0 0 0 0 0 0 0 0 0 0 0 0 0 0 1 0 0 0 1 0 0 0 0 1 0 0 0 0 0 1 0 0 0 0 0 0 0 1 0 1 0 0 1 0 0 0 0 0 0 0 0 0 0 0 0 0 0 0 1 0 0 0 0 0 0 2 0 1 0 0 0 0 0 0 1 0 0 0 0 0 0 0 0 0 1 0 0 0 0 0 0 0 0 0 1 0 0 0 0 0 0 1 0 0 0 0 0 0 0
0 0 1 0 0 0 0 0 0 1 1 1 0 0 0 0 0 0 0 1 0 1 0 0 1 0 0 0 1 1 1 0 0 1 0 0 0 1 0 0 0 0 0 0 0 0 0 0 1 1 0 0 1 0 0 0 0 1 1 0 0 0 0 0 0 0 0 0 0 0 0 0 0 0 0 0 0 1 0 0 0 0 0 0 0 0 0 0 0 0 0 0 1 0 0 0 0 0 0 0 1 0 1 0 0 0 2 0 0 1 0 0 0 0 0 0 0 2 0 0 0 0 0 0 0 1 0 0 0 0 1 0 1 0 0 0 0 0 0 0 1 1 0 0 0 0 0 0 0 0 2 0 0 1 0 0 0 0 1 0
0 0 0 0 0 0 0 0 0 0 1 0 0 1 0 1 0 0 0 0 0 0 1 0 0 0 0 0 0 0 0 0 0 0 0 0 0 2 1 0 0 0 1 0 0 0 0 0 0 1 1 1 0 1 0 0 0 1 2 1 0 0 0 0 0 0 0 0 2 0 0 0 0 0 0 0 1 0 0 0 1 1 0 0 0 0 0 0 1 0 1 0 0 0 0 0 0 0 0 1 0 0 0 0 0 0 0 1 0 0 0 1 0 0 0 1 0 0 0 0 0 1 0 0 0 0 1 0 1 0 0 0 0 0 0 0 0 0 1 0 0 0 0 0 0 0 0 0 1 0 0 0 0 0 0 0 0 1 0 0
1 0 0 0 0 0 0 1 0 0 0 0 0 0 0 0 0 0 1 0 1 0 0 0 1 0 0 0 1 0 0 1 0 0 1 0 0 0 0 0 0 0 0 0 0 0 1 0 0 0 0 0 0 0 1 0 0 0 0 0 0 1 0 0 0 0 0 0 0 0 0 0 1 1 0 0 0 0 0 0 0 0 0 0 0 1 0 0 0 0 0 1 0 0 0 2 0 0 0 1 0 0 1 0 0 0 1 0 0 0 1 0 0 0 0 0 0 0 0 0 0 0 0 0 0 0 0 0 0 0 1 0 1 0 0 1 1 0 0 1 0 0 0 0 0 0 0 0 0 1 0 0 0 1 0 1 0 0 0 1
0 0 0 0 1 0 0 0 0 0 0 0 0 0 0 0 0 0 1 0 1 0 0 0 0 1 0 2 1 1 0 0 0 0 1 0 0 0 0 1 0 2 0 0 0 1 0 0 0 0 0 0 0 0 0 1 0 0 1 0 0 1 1 0 0 0 0 0 0 0 0 1 1 0 1 0 0 0 0 1 0 0 0 0 0 0 0 1 0 0 0 0 0 0 0 1 1 0 0 0 0 0 0 0 0 1 0 1 1 0 0 0 1 0 0 0 0 0 0 0 0 0 0 0 0 0 0 0 0 1 0 0 0 0 1 0 0 0 0 0 0 0 0 0 1 0 1 1 0 0 0 0 0 0 1 0 0 1 1 1
1 0 1 0 0 0 0 0 0 0 1 1 0 0 0 0 1 0 0 0 0 0 0 1 0 0 0 1 0 1 0 0 1 0 0 1 0 0 0 0 1 1 0 0 0 0 0 0 0 0 0 0 0 0 0 0 0 0 0 0 1 0 0 0 0 0 0 0 0 0 0 0 0 1 0 1 0 0 0 0 0 0 0 0 0 1 0 0 0 0 0 0 0 1 0 0 0 0 0 0 0 0 1 0 0 1 2 0 0 0 0 0 0 0 0 0 0 0 0 0 0 1 0 0 1 0 0 0 0 0 0 0 0 2 0 0 0 0 0 0 0 0 1 0 0 1 0 1 0 0 1 0 0 1 0 0 0 0 0 0
0 0 1 0 1 0 0 0 0 0 1 0 0 0 0 0 1 0 0 0 0 1 0 1 0 0 0 0 0 1 0 0 0 0 0 0 0 1 0 0 1 0 0 1 0 0 0 0 0 0 0 0 0 1 0 0 0 0 0 0 0 0 1 0 0 0 0 1 0 0 0 0 0 0 1 1 0 0 0 1 0 1 2 0 0 0 0 1 0 1 0 0 0 0 0 0 0 0 0 0 0 0 0 1 0 0 0 1 1 0 0 0 0 1 1 1 0 0 0 1 0 1 0 1 0 0 0 1 0 0 1 0 0 0 0 0 0 0 1 0 1 0 0 0 0 0 0 0 0 1 0 0 0 0 0 0 0 0 1 0
0 1 0 0 0 0 0 0 0 0 0 0 0 0 0 0 0 0 1 0 2 0 0 0 2 0 0 0 0 0 2 0 0 0 0 0 0 1 0 0 1 0 0 1 0 0 0 0 0 0 0 0 0 0 1 1 0 0 1 0 0 1 0 0 0 0 1 0 0 0 0 0 0 0 0 0 0 0 0 0 1 0 0 0 1 0 0 0 1 0 0 0 0 0 0 0 0 0 0 0 0 0 0 0 0 0 0 1 0 0 0 0 0 0 0 1 0 1 0 0 0 0 0 0 0 0 1 0 0 1 0 0 1 1 0 0 0 0 0 0 1 0 0 2 1 0 0 0 1 0 0 1 1 0 0 0 1 0 0 0
1 0 0 0 1 1 0 0 0 0 0 0 1 0 0 0 0 0 0 0 0 0 0 0 0 0 0 1 1 1 0 0 0 0 0 0 0 1 0 0 1 0 1 0 0 0 0 1 0 0 2 2 1 0 0 1 0 0 0 0 0 0 1 1 0 0 1 1 1 1 0 0 1 0 0 0 0 1 0 0 0 0 0 1 0 0 0 0 0 0 0 0 0 0 0 0 0 1 0 0 0 0 0 0 0 0 0 0 0 0 0 0 1 0 1 1 0 0 0 2 0 0 0 0 0 0 1 0 0 0 0 0 0 0 0 0 1 0 0 1 0 0 0 0 0 0 1 0 0 0 0 0 0 1 0 1 0 0 0 0
0 0 1 0 0 0 0 1 1 1 0 1 1 0 0 0 1 1 0 0 1 0 0 1 0 0 0 0 0 0 0 0 1 0 1 0 0 0 0 0 0 0 0 0 0 0 0 1 1 1 0 0 0 0 1 0 0 0 0 0 0 0 1 1 0 1 1 0 1 0 1 0 0 0 0 1 0 0 0 1 1 0 0 0 0 0 0 0 0 0 0 0 0 0 0 0 0 0 1 0 0 0 1 0 1 0 0 0 0 1 1 1 0 0 0 0 0 0 0 0 0 0 0 0 0 1 0 0 0 0 0 0 0 0 1 0 0 0 0 1 0 0 0 0 1 0 1 0 1 0 0 0 0 0 0 0 0 1 0 0
0 0 1 0 0 1 0 0 1 0 0 0 0 0 0 1 0 0 2 0 0 0 0 1 0 0 1 0 0 0 0 0 0 1 0 1 0 0 1 0 0 0 0 0 0 0 0 0 1 0 0 0 0 1 0 0 0 0 0 0 0 1 1 0 0 0 0 0 1 0 1 0 1 0 0 0 0 0 0 0 0 0 1 0 0 0 1 0 0 0 0 0 1 0 0 0 0 0 0 0 0 0 0 0 0 0 0 0 0 1 0 0 0 1 0 1 0 0 0 1 0 0 0 0 0 0 0 0 0 0 0 1 0 0 1 1 0 0 0 1 0 1 0 0 0 0 1 1 0 1 1 0 0 0 0 1 1 1 0 0
0 1 0 0 0 0 0 0 0 0 0 0 0 1 0 0 0 0 0 1 0 0 0 0 0 0 0 0 0 0 0 0 0 0 0 0 0 0 1 0 1 0 0 0 0 0 1 0 0 0 0 0 0 0 1 0 1 0 0 0 0 0 0 1 0 1 0 0 0 0 0 0 0 0 0 0 0 0 0 0 0 1 0 1 0 0 0 0 0 0 0 0 0 0 0 0 0 0 0 1 1 1 0 1 0 0 0 0 0 1 0 0 1 1 0 0 0 0 0 0 0 0 0 0 0 0 0 0 0 0 0 0 1 1 0 0 0 0 0 0 0 0 0 0 0 0 0 0 1 0 0 0 0 0 0 0 0 1 0 0
1 0 0 0 0 0 1 0 0 0 0 0 1 0 0 1 0 0 0 0 0 0 0 1 0 0 0 0 0 0 0 0 0 0 0 0 0 0 0 0 0 0 1 2 0 0 0 1 1 0 0 0 0 0 0 0 0 0 0 0 0 0 0 0 0 0 0 0 0 0 0 0 0 2 1 0 0 0 0 0 0 0 0 0 0 0 1 1 0 0 0 0 0 0 1 0 1 0 0 0 1 0 0 0 0 0 0 0 0 0 0 0 0 1 0 0 1 1 0 0 0 0 0 0 0 0 0 1 0 1 0 0 0 0 0 0 0 0 1 1 0 0 0 0 1 0 0 0 0 0 0 0 0 0 0 0 0 0 0 0
1 0 1 0 0 0 0 0 0 0 0 0 0 0 1 0 0 0 0 0 0 0 0 0 0 0 0 0 0 1 1 0 0 0 0 0 0 0 0 0 0 0 0 0 0 0 1 0 0 0 0 0 0 0 0 0 0 0 0 0 0 1 0 0 1 0 0 1 0 0 0 0 0 1 0 0 0 0 0 1 0 0 0 0 0 0 0 0 0 0 0 0 0 2 0 0 0 0 0 0 1 0 0 1 1 0 0 0 0 1 0 1 0 0 1 0 0 0 0 0 1 0 0 0 0 0 0 0 0 1 1 0 0 2 0 1 0 1 0 0 0 1 1 0 1 0 0 0 0 0 0 0 0 0 0 0 0 0 0 0
0 0 0 0 0 0 1 0 1 1 0 0 0 0 0 0 0 0 0 1 1 0 0 0 0 1 0 0 0 0 0 1 0 0 2 0 0 0 0 0 0 2 0 1 0 1 0 0 0 0 0 0 0 0 0 0 0 0 0 0 0 0 1 0 0 0 0 0 0 0 0 0 0 0 0 0 0 0 0 0 0 0 0 1 0 0 0 0 0 0 0 0 0 0 0 1 0 0 0 0 0 0 0 0 0 0 0 0 0 1 0 0 0 0 1 0 0 0 0 0 0 0 0 0 0 1 0 0 1 0 0 0 0 1 0 0 0 0 2 0 0 0 0 0 0 0 1 0 0 0 0 0 0 0 0 1 0 0 0 1
0 1 0 0 0 0 0 0 0 0 0 0 1 0 0 0 0 0 0 0 0 0 0 0 1 0 0 0 0 0 0 0 0 0 0 0 0 0 0 0 1 0 0 1 0 0 0 0 0 0 0 1 0 0 1 0 1 0 0 0 1 0 0 1 0 0 0 0 0 0 0 0 0 0 1 0 1 1 1 1 0 1 1 1 0 0 0 0 0 0 0 1 0 0 0 0 0 0 0 0 1 0 0 0 0 0 0 0 0 0 1 0 0 0 0 0 0 0 0 0 1 0 0 1 0 0 0 0 0 0 0 0 0 0 0 0 0 0 0 1 0 1 0 0 1 0 0 0 0 0 0 1 0 0 0 0 0 1 0 1
0 0 0 0 0 0 0 0 0 0 0 0 0 1 0 1 0 2 0 0 0 0 0 1 0 0 1 0 0 0 0 1 0 0 0 1 0 0 0 0 1 0 0 0 0 0 1 0 0 0 0 0 0 0 1 0 0 1 0 0 0 0 0 0 0 0 0 0 1 0 0 1 0 0 0 0 0 0 0 0 1 1 0 1 0 1 0 0 0 0 0 1 0 0 0 0 0 0 0 0 0 1 1 0 0 1 0 1 0 1 0 0 0 0 0 0 1 1 0 1 0 0 0 0 0 0 1 0 1 0 0 0 0 0 0 1 0 0 1 0 1 0 0 0 0 0 0 0 0 1 0 0 0 0 0 0 0 0 0 0
0 0 0 0 0 0 1 0 0 0 0 0 0 0 1 0 0 0 0 0 0 0 0 0 1 0 0 2 0 0 0 1 0 2 0 0 0 1 0 0 0 0 0 0 0 0 0 0 0 1 0 0 1 0 1 0 0 0 0 0 0 1 0 0 0 1 1 1 1 1 0 0 0 0 0 0 0 0 0 0 0 1 0 0 0 0 0 1 0 1 1 0 0 0 0 1 0 1 0 0 0 0 0 0 1 0 0 2 0 0 0 1 0 0 1 0 0 0 1 1 0 0 1 0 0 0 0 1 0 0 1 0 0 0 1 1 1 0 1 0 0 0 0 0 0 1 1 0 1 0 0 0 0 0 0 0 0 0 1 0
0 0 1 0 1 0 0 0 0 0 0 0 1 0 0 0 0 1 0 0 0 0 0 1 0 0 0 0 0 0 1 0 0 0 0 0 0 0 0 1 0 0 0 0 0 0 0 0 0 0 0 1 0 0 0 0 0 0 0 0 0 0 0 0 0 2 0 1 0 1 0 0 1 0 1 0 0 1 0 0 1 0 0 1 1 1 1 0 0 0 1 1 1 1 0 0 0 0 0 1 0 0 0 0 0 0 0 0 0 0 0 1 0 0 1 0 1 0 0 0 1 0 0 0 0 0 0 0 0 0 0 0 1 0 0 0 0 0 0 0 1 0 0 0 0 1 0 1 1 0 1 1 0 0 0 0 0 0 0 0
0 0 1 0 1 1 0 0 0 0 1 0 0 0 0 0 0 0 1 1 0 0 1 0 0 0 0 0 0 0 0 0 0 0 0 0 0 0 0 0 0 0 0 0 0 0 1 0 1 0 0 0 0 1 0 0 0 0 1 0 1 1 0 0 0 0 1 0 0 0 0 0 0 0 0 1 0 0 0 1 0 0 0 0 0 0 1 0 1 0 0 0 0 0 0 0 0 0 0 0 0 0 0 0 1 1 2 0 0 0 0 0 0 0 0 0 0 0 1 0 1 0 0 0 0 0 0 0 0 1 0 0 0 0 0 0 0 0 0 0 0 1 1 0 0 0 0 0 0 0 0 0 1 0 0 1 1 0 1 1
0 0 0 0 0 0 0 0 1 0 0 0 0 0 1 0 0 0 0 1 0 0 0 0 0 1 0 0 0 1 0 0 0 1 0 0 0 0 0 0 0 0 0 0 0 0 0 0 0 0 0 0 0 0 0 1 0 0 0 0 1 1 0 0 0 1 0 0 0 1 0 1 0 0 0 0 0 0 0 0 0 0 0 1 0 0 1 0 0 0 0 0 1 1 0 1 0 0 1 0 0 0 1 0 1 0 1 0 0 0 0 1 0 0 0 0 0 0 0 1 1 1 0 0 1 0 0 1 0 0 0 1 1 0 0 1 0 0 0 0 0 1 2 0 1 0 0 0 1 0 0 0 1 0 0 0 0 0 0 0
0 0 0 0 1 0 0 0 1 0 0 1 0 0 0 0 1 0 1 1 0 0 0 1 0 0 0 0 0 0 0 0 0 0 0 1 0 0 0 2 1 0 0 0 0 0 1 0 0 0 0 0 1 0 0 1 0 0 0 2 0 0 0 0 1 0 0 0 0 0 1 0 0 0 0 0 0 0 0 0 1 0 0 0 0 0 1 0 0 0 0 0 0 1 0 0 0 0 0 0 0 0 0 0 0 0 0 1 0 0 0 0 0 0 0 0 0 0 0 0 0 0 0 1 0 1 0 1 0 0 0 0 1 0 1 0 1 0 0 0 1 0 1 1 1 0 1 0 0 0 0 0 0 0 0 0 0 0 0 1
0 1 0 0 0 0 0 1 1 0 0 0 0 0 0 0 1 0 0 0 1 0 0 0 1 0 0 0 0 0 0 0 1 1 1 0 0 0 1 0 0 1 1 0 0 2 0 0 0 0 0 1 0 0 0 0 0 0 0 0 0 0 0 0 1 0 1 0 0 0 0 1 0 0 2 0 0 0 0 0 0 0 0 0 0 0 0 0 0 0 0 1 0 1 1 0 1 0 0 1 0 0 0 0 0 0 0 1 0 1 0 0 0 0 0 0 0 0 0 0 1 1 0 0 1 1 0 0 0 0 0 0 1 0 1 0 0 0 0 0 0 0 0 0 0 1 1 0 0 0 0 0 1 0 0 0 0 0 0 1
0 0 0 0 0 0 0 0 1 0 0 0 0 1 0 0 0 0 1 1 0 0 0 0 0 0 1 0 0 0 0 1 0 0 0 0 0 0 1 0 0 0 0 0 0 0 0 0 0 0 0 0 0 0 1 0 0 0 0 0 0 0 1 0 0 1 1 0 0 0 0 0 0 0 0 0 0 1 0 0 0 0 0 2 1 0 0 1 0 1 0 0 0 0 0 0 1 0 1 0 0 1 0 0 0 1 0 0 0 0 0 0 0 0 0 0 0 0 0 0 1 0 0 0 0 0 0 1 0 2 2 0 0 0 0 0 1 0 0 0 0 0 0 0 0 0 1 0 0 0 0 1 1 0 0 0 0 0 0 0
1 1 0 0 0 0 0 0 0 0 0 0 0 0 0 1 0 0 0 2 0 0 0 1 0 1 0 1 0 1 0 0 0 0 1 0 0 0 0 1 0 0 0 1 0 1 0 0 0 1 0 0 0 0 1 0 0 0 0 1 0 0 0 0 0 0 1 0 0 0 0 0 0 0 0 0 1 0 0 0 2 0 0 0 0 0 0 0 0 0 0 1 0 0 0 0 0 0 0 0 0 1 0 0 0 0 1 0 0 1 0 0 0 0 0 1 0 0 0 1 0 0 0 0 0 0 0 0 0 0 0 0 0 1 0 0 0 0 0 0 1 0 0 0 0 0 0 0 0 0 1 0 1 0 0 0 1 0 0 0
0 0 1 1 0 0 0 0 1 0 0 0 0 0 0 0 0 1 0 0 0 0 0 0 0 0 0 0 0 0 0 0 1 0 0 1 0 0 0 0 0 0 0 0 0 0 0 0 0 0 0 0 1 0 0 0 0 0 0 1 0 0 0 0 0 1 0 0 0 0 0 0 1 0 0 0 0 1 0 0 0 0 0 0 0 0 0 0 0 0 0 0 0 1 0 0 0 0 0 0 0 0 1 0 0 0 0 1 0 0 0 0 0 0 0 0 0 0 1 0 0 0 0 0 0 0 1 0 0 0 0 0 0 0 1 0 0 0 0 0 1 1 0 0 0 0 1 1 0 0 0 0 0 0 0 0 0 1 0 0
0 1 0 0 0 1 0 0 0 0 1 0 1 0 0 1 0 0 1 0 0 0 1 1 0 0 1 0 0 0 1 0 0 0 0 0 2 0 1 0 1 0 0 1 0 0 1 0 1 0 0 0 0 2 0 0 1 0 0 0 0 0 0 0 2 0 0 1 0 0 0 0 0 0 0 0 0 0 0 0 0 1 1 0 0 0 0 0 0 0 1 0 0 0 0 0 0 1 1 0 0 0 0 2 0 0 1 2 0 0 0 0 1 0 0 0 0 2 0 0 0 0 1 0 0 0 0 0 0 0 0 0 0 1 0 0 0 0 1 0 0 0 0 1 1 1 0 0 0 1 0 0 0 1 0 0 0 0 0 0
0 0 0 1 0 0 1 0 1 0 0 0 0 0 1 0 0 1 0 0 0 2 0 0 0 1 0 0 0 0 0 0 1 1 1 0 0 0 0 0 0 0 0 0 0 0 1 0 0 0 0 0 1 0 1 0 0 0 1 0 0 0 0 0 0 1 0 0 0 0 0 0 0 0 0 0 0 1 0 0 0 0 1 0 0 0 0 1 0 1 0 0 0 0 0 0 1 0 0 0 2 0 0 0 0 0 0 1 0 0 0 1 0 0 0 0 0 0 0 0 0 0 0 1 1 0 0 1 0 0 1 1 1 1 0 0 0 0 0 0 0 0 1 0 0 1 0 0 0 0 0 0 0 0 0 0 0 0 0 0
0 0 0 0 0 1 0 0 0 1 0 0 0 0 0 0 1 0 0 0 0 0 0 0 0 1 0 1 0 0 0 0 0 0 0 0 0 1 0 0 0 0 0 0 0 0 0 1 0 1 0 0 1 0 0 0 0 0 0 0 0 0 0 0 0 0 1 0 1 0 0 0 0 0 1 0 0 1 0 0 0 0 0 0 0 0 0 0 0 0 0 0 0 0 1 0 0 0 0 1 0 1 0 1 0 1 0 0 0 0 0 0 0 0 1 0 0 0 0 0 0 0 0 0 1 0 2 0 0 0 0 0 0 0 0 0 0 0 0 0 0 0 0 0 0 0 0 0 0 0 0 0 0 0 0 0 0 0 1 2
0 0 0 1 0 0 0 1 0 0 0 0 0 0 0 0 0 0 0 0 0 0 0 0 0 1 0 1 0 1 1 0 0 0 0 0 0 0 0 0 0 0 1 0 0 0 0 0 0 0 0 0 0 1 0 0 0 1 0 0 0 1 0 0 0 0 1 0 0 0 0 0 2 0 0 0 0 0 1 1 0 0 0 0 0 1 0 0 1 0 0 0 0 1 1 0 1 0 0 1 0 0 0 0 0 0 0 1 0 0 0 0 0 0 0 0 1 0 0 0 1 0 1 0 1 0 0 0 0 0 0 1 0 0 0 0 0 0 0 0 0 0 0 0 0 0 0 0 0 0 1 0 0 0 0 0 1 1 0 0
0 0 0 0 0 1 0 1 1 0 0 1 0 0 0 0 0 0 0 0 0 0 1 0 0 0 2 0 2 0 0 0 0 0 0 0 1 0 0 0 0 0 0 0 0 0 0 1 1 0 0 1 0 1 0 0 0 1 0 0 0 0 0 0 0 1 1 0 1 0 0 0 0 0 0 0 0 0 0 0 0 0 0 0 0 0 0 0 0 0 0 0 0 0 1 0 0 0 0 1 0 0 0 0 1 1 1 0 0 0 0 0 0 1 1 0 0 0 0 0 0 0 0 1 0 0 0 0 0 0 0 0 0 1 0 0 0 0 0 0 0 0 0 1 0 0 0 0 0 0 0 0 0 0 0 0 1 0 0 0
0 0 0 0 2 0 0 1 2 0 0 0 0 1 0 0 1 0 0 0 0 0 0 1 0 0 0 0 1 0 0 0 0 0 1 0 0 0 0 0 0 0 0 0 0 1 0 0 0 0 0 0 0 0 1 0 1 0 0 1 0 1 0 0 0 2 0 0 0 0 0 1 0 0 0 0 1 0 0 1 1 1 0 0 0 0 0 0 0 0 0 0 0 0 0 0 0 0 0 0 0 1 0 1 0 0 1 1 0 0 0 0 0 0 2 1 0 0 0 0 0 0 0 0 0 0 1 0 0 1 0 0 0 1 0 0 0 0 0 0 0 0 0 0 0 1 0 0 0 0 1 0 1 0 1 0 0 0 0 1
0 0 0 0 0 0 0 0 1 1 0 0 0 1 1 0 1 0 0 0 0 0 0 0 0 0 0 0 2 1 1 0 0 0 0 0 0 0 0 0 0 0 0 1 0 0 0 0 1 1 0 0 0 1 0 0 0 0 0 0 0 0 0 0 0 1 0 0 0 0 1 1 0 0 1 0 0 0 0 0 0 0 0 1 0 0 0 1 1 0 0 0 0 0 0 0 1 0 0 0 0 0 0 0 1 0 0 0 0 0 1 0 0 0 0 0 0 0 0 0 0 0 0 0 0 1 0 1 0 0 0 0 1 0 0 1 0 0 0 0 0 1 0 1 0 0 0 0 0 1 0 0 1 1 0 0 0 0 0 0
1 1 0 0 0 0 1 0 0 0 0 1 0 0 0 0 0 0 0 0 0 0 1 1 0 1 0 0 0 0 0 1 0 0 0 0 1 0 1 0 0 0 0 1 1 0 1 1 0 1 0 0 0 0 0 0 1 0 0 1 1 0 0 0 0 0 0 0 0 0 0 0 0 0 0 0 0 0 0 0 0 0 0 0 0 0 1 0 0 0 0 0 0 0 0 0 1 0 1 2 0 0 0 0 0 0 1 0 0 0 1 0 0 0 0 0 0 0 0 1 0 0 0 0 0 1 0 0 1 0 0 0 0 0 0 0 1 0 1 1 1 0 0 0 0 0 0 0 0 0 0 0 0 0 0 0 1 0 0 0
0 1 0 0 0 0 0 0 1 2 0 0 0 0 0 0 1 0 1 0 0 0 0 0 0 0 0 0 1 1 0 0 0 0 0 0 0 0 1 0 0 0 0 0 0 0 0 0 0 0 0 1 1 0 0 0 1 0 2 0 0 0 0 0 0 0 0 1 0 0 0 0 1 0 0 0 1 0 0 0 0 0 0 0 0 0 0 0 0 0 1 0 1 1 0 0 0 0 0 1 0 0 0 0 0 0 0 0 0 0 0 0 0 0 0 0 0 0 0 0 0 0 0 1 1 0 1 1 0 0 1 0 0 0 1 0 0 0 0 0 0 0 0 0 0 0 0 0 1 0 1 0 0 1 0 1 1 0 0 0
1 0 0 0 1 0 0 0 0 1 1 1 1 0 0 0 0 0 0 0 1 0 0 0 0 0 1 0 0 0 0 2 0 0 1 0 0 0 0 0 0 1 0 0 0 0 0 0 0 0 0 0 1 1 0 0 0 0 0 0 0 0 0 1 0 0 0 0 1 0 0 0 0 0 0 1 0 0 2 0 0 0 0 1 0 0 0 0 0 0 1 0 0 1 0 1 0 1 0 1 0 0 1 0 0 0 0 0 0 0 0 0 0 0 0 0 0 0 0 0 0 0 0 0 0 0 0 0 1 0 0 1 0 0 0 0 0 1 1 0 0 0 0 0 0 0 0 1 0 0 0 0 0 0 0 0 0 0 0 0
14 15 16 19 15 13 16 9 22 11 15 15 20 12 19 22 10 22 13 17 12 16 12 17 17 26 14 17 16 24 11 17 17 22 11 18 19 16 16 19 16 20 19 9 13 20 16 16 15 11 17 12 13 9 25 15 19 10 13 14 11 21 14 19 16 12 21 11 25 14 13 12 18 16 21 17 14 14 20 18
17 12 13 11 13 14 19 15 14 17 21 23 14 22 11 9 19 17 21 17 19 13 21 12 16 12 17 15 16 11 15 19 13 13 11 15 12 19 15 26 8 18 17 30 11 25 12 13 23 15 19 20 19 20 21 26 15 15 16 12 28 14 10 16 21 24 14 16 17 15 15 14 17 15 13 23 21 11 14 21
11 13 13 21 14 8 16 28 21 15 20 13 25 23 16 13 7 22 12 14 23 17 25 14 15 19 19 24 13 14 15 16 20 18 12 16 24 17 14 13 22 19 16 14 19 10 17 21 30 17 19 10 14 17 12 11 15 17 21 14 13 27 19 27 19 18 12 8 14 20 26 16 13 11 14 23 11 13 9 12
14 15 23 15 24 16 15 18 10 17 23 22 20 16 18 21 25 14 18 12 16 20 15 15 15 12 16 24 14 12 22 16 10 22 10 12 16 15 9 11 17 14 16 15 18 13 18 21 16 14 11 21 17 18 11 18 12 19 12 14 22 18 9 12 20 20 6 19 10 20 13 16 11 8 15 9 22 14 22 11
10 12 19 19 13 12 17 20 18 17 16 17 11 17 13 16 16 13 15 27 17 18 17 18 16 17 18 18 15 16 20 13 11 16 21 17 8 13 12 16 16 12 18 15 11 18 8 14 11 18 21 18 18 9 17 18 12 13 17 19 14 21 20 14 17 17 28 23 16 12 22 13 19 17 8 17 12 22 20 23
29 30 23 21 27 13 13 22 26 14 15 23 19 7 19 25 17 13 25 18 10 23 12 10 24 10 18 17 18 24 19 10 17 24 11 17 19 11 21 11 19 25 24 14 17 17 8 14 18 15 10 24 22 17 19 16 10 15 17 17 30 11 13 14 20 15 15 20 10 17 15 25 30 17 17 20 19 15 9 15
25 20 18 15 14 17 21 11 16 9 18 15 12 13 13 13 10 14 19 24 13 8 16 14 12 13 11 15 22 18 12 11 13 10 11 11 13 16 17 20 9 24 13 20 18 19 22 15 17 21 19 17 12 13 24 18 19 19 13 10 13 15 19 14 21 22 10 13 18 15 16 28 24 11 16 11 11 20 19 19
14 18 13 19 11 13 23 22 14 25 13 14 14 13 11 23 17 24 17 13 11 11 27 14 12 16 11 12 20 23 19 17 15 15 14 13 12 17 15 25 11 26 19 22 12 10 15 14 24 14 20 14 7 18 31 15 15 10 15 21 16 14 19 18 16 20 17 15 20 13 13 13 12 22 18 16 22 16 10 16
14 13 17 27 24 15 16 15 19 14 15 16 13 17 17 21 10 19 13 13 25 19 8 7 19 17 13 16 19 16 15 16 14 26 20 17 21 20 16 10 14 16 16 15 8 23 19 11 17 14 13 9 18 19 18 13 16 17 15 28 24 21 14 28 14 6 19 27 20 19 16 11 15 14 17 20 18 19 24 11
15 17 21 15 13 22 7 12 23 14 23 17 13 14 16 9 22 10 19 10 15 25 8 16 14 19 16 19 12 10 28 14 17 16 14 12 15 15 16 7 13 20 13 14 19 17 15 16 16 14 16 13 14 9 10 13 18 17 9 19 13 21 23 12 17 11 15 17 12 19 22 13 25 18 15 24 10 9 20 17
13 15 17 15 14 14 19 9 19 12 9 18 13 15 16 22 7 15 23 12 14 13 12 16 24 16 9 15 17 17 20 16 10 8 16 21 19 23 18 22 16 19 14 11 23 13 16 14 18 9 15 12 20 25 23 12 12 27 18 15 10 6 11 18 17 14 12 20 15 17 9 12 18 20 24 20 20 10 20 19
16 18 12 16 15 19 21 14 19 19 19 22 12 13 22 19 20 10 19 18 16 22 13 14 19 14 20 18 16 14 12 14 14 22 18 14 20 20 13 16 16 18 18 12 16 16 17 23 8 14 14 18 12 16 19 15 18 17 13 21 13 19 13 18 20 19 14 15 25 13 11 21 13 20 15 12 11 14 13 15
14 11 17 10 15 18 12 23 14 24 16 15 11 12 23 16 10 13 19 8 11 17 8 14 21 12 12 14 18 20 26 19 15 14 26 16 16 12 12 14 8 9 18 22 7 9 18 18 14 11 18 21 13 18 20 12 13 9 16 18 22 14 17 10 13 19 8 18 18 9 19 17 27 20 17 9 23 17 22 14
10 12 18 7 19 8 17 9 22 12 15 9 16 9 11 20 16 9 19 12 11 12 15 14 15 10 16 9 17 15 12 21 18 17 13 8 20 26 25 17 12 22 19 24 12 31 16 24 17 12 13 14 17 14 19 9 17 11 8 16 15 15 11 11 13 11 10 17 14 31 13 25 23 22 17 17 10 20 20 22
10 27 16 19 15 12 16 15 24 20 28 18 16 12 12 18 20 17 22 15 16 16 9 21 22 15 15 11 13 11 12 12 10 16 15 23 18 18 21 25 17 22 19 24 16 14 13 14 17 17 12 9 12 14 12 16 13 19 12 18 16 17 9 20 24 17 16 19 13 15 18 18 14 24 19 10 11 32 13 15
16 9 18 21 21 15 15 12 16 14 14 12 11 18 21 17 18 18 22 9 16 14 18 15 26 11 21 18 17 13 14 21 9 19 17 14 10 13 19 15 13 19 19 12 18 20 11 13 13 12 8 17 16 16 31 19 21 10 29 15 22 17 17 13 17 12 19 17 20 15 20 29 9 15 23 17 19 12 14 22
17 14 11 15 27 21 19 20 10 37 22 15 16 14 21 13 23 17 11 8 16 15 12 15 14 18 17 14 21 16 9 16 13 17 18 10 16 11 17 17 13 21 12 18 12 16 15 17 12 16 27 25 7 19 17 18 16 14 14 22 20 10 19 18 17 24 18 12 14 15 16 13 32 12 19 26 20 11 18 17
17 12 20 19 15 10 19 17 20 21 19 12 17 19 17 21 14 22 18 12 12 18 19 15 13 14 12 11 17 28 23 15 11 12 14 18 13 12 12 14 14 12 20 20 11 17 20 18 16 17 23 15 22 10 13 9 15 16 21 22 26 14 25 15 18 13 20 14 21 14 23 14 12 24 22 15 19 13 18 20
14 11 11 15 14 12 20 14 19 11 13 14 17 28 10 27 27 14 16 24 24 16 13 23 14 10 11 24 14 14 10 10 17 23 17 16 15 15 15 20 15 21 14 12 23 13 11 18 15 11 16 21 11 18 20 17 13 20 7 20 10 22 10 11 17 14 12 17 16 16 17 18 18 17 15 19 24 11 15 14
9 13 21 23 11 14 18 16 17 24 12 20 12 22 15 12 15 19 12 14 15 17 8 18 14 14 22 26 15 16 12 12 19 30 16 17 13 21 23 16 18 17 10 13 16 14 11 21 11 21 17 11 19 14 22 11 17 16 14 13 8 13 19 13 15 12 12 11 16 11 20 10 14 21 17 24 17 11 21 10
9 9 23 13 14 10 11 22 15 14 30 24 25 14 12 15 19 15 18 13 19 17 16 15 13 15 17 16 9 23 25 15 16 15 20 17 12 15 18 17 15 15 16 11 20 19 22 15 12 19 17 16 16 19 16 12 14 17 16 24 16 24 13 17 16 17 20 21 26 16 15 23 18 15 17 12 14 13 19 20
16 16 15 24 11 18 15 19 13 30 13 17 14 18 22 18 13 12 17 17 21 12 12 19 22 17 25 25 15 12 12 9 17 18 14 18 21 14 13 13 22 14 11 21 16 12 14 17 22 23 18 15 18 14 20 12 20 16 15 11 15 14 13 13 23 16 22 10 13 12 21 20 24 21 10 17 10 21 23 14
18 13 19 18 20 21 13 14 19 15 11 13 14 12 11 11 13 19 17 17 12 15 10 19 18 19 15 16 21 19 15 12 17 26 19 17 17 17 15 20 23 25 28 15 16 16 17 18 16 15 19 11 12 19 11 13 12 20 14 20 18 16 13 20 34 19 16 15 18 13 17 16 17 10 19 10 15 16 24 13
21 20 11 12 14 23 11 17 14 15 23 12 21 9 20 18 12 15 20 12 18 16 18 17 7 14 13 16 18 16 14 12 9 10 21 15 19 16 21 13 8 13 17 10 20 19 16 12 19 17 18 11 16 21 14 16 14 10 17 21 25 9 12 13 26 13 14 12 23 17 26 25 18 21 13 22 18 15 26 15
17 17 24 22 9 23 12 13 20 23 19 9 18 12 26 15 13 19 22 13 16 9 14 15 21 13 16 16 11 12 15 7 20 15 13 9 18 16 20 25 21 13 13 13 16 11 16 16 20 12 19 11 13 15 17 18 14 15 17 12 17 24 5 9 16 15 18 8 20 11 23 18 17 14 10 18 12 20 17 13
10 8 18 17 17 10 16 14 25 13 11 19 19 20 14 10 21 18 26 14 21 16 15 23 13 11 19 20 22 25 13 22 17 16 13 20 9 16 14 16 18 13 21 16 13 11 16 21 11 20 18 9 12 10 11 19 17 14 12 17 33 16 20 11 15 11 14 10 12 19 20 15 14 19 11 21 8 17 19 14
10 11 22 15 12 18 15 17 11 22 17 16 25 10 13 20 12 18 18 11 18 19 14 12 22 11 12 8 20 21 8 16 10 13 17 23 12 17 13 17 15 14 12 15 18 17 14 15 18 18 11 8 15 17 17 12 16 16 11 21 19 12 15 24 14 15 16 15 16 18 17 24 9 18 17 7 21 12 14 21
18 12 14 11 13 26 16 12 16 14 13 13 15 17 15 18 22 18 12 23 11 20 26 14 12 18 15 15 12 15 23 15 18 14 15 19 16 14 25 22 18 12 14 19 15 19 15 17 16 21 18 14 15 12 19 17 16 12 11 16 22 11 19 15 11 11 20 13 8 27 22 12 15 24 14 21 17 19 19 11
14 17 10 15 21 15 13 10 15 22 18 19 18 15 18 12 21 14 24 17 9 25 13 13 19 16 13 20 18 12 13 24 12 16 23 18 12 16 21 19 20 23 11 13 16 15 23 15 12 15 18 12 19 18 28 12 16 20 15 17 14 14 14 21 9 17 22 15 20 12 16 23 12 15 15 12 20 13 14 23
21 21 16 19 17 15 18 20 12 8 15 12 17 12 21 10 16 24 18 10 20 16 19 17 11 16 15 24 13 11 12 18 19 7 11 18 14 16 12 25 8 23 20 14 9 21 13 21 22 18 19 18 15 14 13 13 16 12 15 20 14 20 7 15 19 19 16 16 13 16 25 15 10 17 14 9 16 14 19 11
15 12 20 11 15 12 19 14 15 6 15 18 28 11 12 17 19 11 18 13 20 12 24 11 20 11 21 20 24 16 15 18 15 21 18 12 29 21 26 14 14 18 18 17 20 15 26 16 12 15 16 16 22 17 10 8 23 20 11 12 18 16 13 19 19 15 14 14 20 22 15 17 18 12 21 11 16 19 13 23
21 21 18 18 19 17 7 19 18 15 13 15 23 14 16 19 15 17 7 9 11 11 9 19 21 18 18 20 18 19 14 25 14 14 14 10 10 22 10 18 12 14 15 19 13 13 12 17 12 14 14 26 15 18 12 10 11 12 14 16 14 17 12 17 13 17 17 22 29 19 21 15 21 14 15 17 24 14 23 23
14 17 21 23 13 19 21 10 24 11 14 19 14 15 25 14 13 14 13 27 8 11 6 18 20 12 20 14 20 14 23 27 13 17 15 19 16 11 13 17 13 23 15 10 19 15 10 22 13 20 22 16 12 24 16 17 15 16 16 14 15 9 17 14 30 19 14 16 14 21 18 10 20 18 19 33 12 17 15 18
19 21 13 16 22 15 15 19 18 14 20 19 17 25 10 23 8 17 14 26 22 25 13 19 14 9 11 15 25 11 17 17 13 13 19 14 11 12 18 23 15 10 22 10 16 12 17 14 21 19 16 11 13 18 15 16 22 13 15 13 14 20 17 9 24 17 20 19 16 17 12 5 11 12 13 10 22 10 17 20
10 12 16 18 11 18 16 20 12 16 15 11 16 16 13 10 12 19 19 18 23 18 20 18 18 12 16 21 13 16 18 13 10 15 18 15 19 19 12 17 11 17 17 15 26 17 14 9 22 12 16 20 17 15 11 25 13 9 20 7 22 21 9 16 13 15 17 24 20 13 15 22 14 16 16 15 19 14 12 25
15 10 15 14 16 20 15 13 13 12 16 14 13 19 18 8 26 18 25 11 14 11 16 20 21 12 20 20 16 23 8 19 17 17 10 17 24 18 13 10 12 14 22 9 12 13 18 26 16 14 13 19 17 7 19 15 18 17 12 12 17 15 21 14 16 19 17 14 27 13 13 19 14 17 16 18 24 16 20 21
12 22 25 17 24 14 16 11 17 15 18 10 13 20 15 17 16 13 17 27 8 11 21 16 16 19 11 21 27 13 12 11 17 18 20 17 32 14 20 11 24 11 8 7 15 23 14 14 25 13 15 15 19 20 14 18 19 8 13 20 15 26 17 15 13 12 20 19 12 11 20 16 23 14 19 9 17 17 17 11
12 9 21 32 20 9 12 17 24 21 16 11 9 13 20 21 19 18 10 12 17 13 13 25 23 14 32 16 19 12 15 18 16 8 14 19 17 14 23 21 17 22 19 13 16 20 17 16 19 18 8 14 22 14 13 21 16 14 18 16 15 22 12 14 18 13 17 11 17 12 22 12 25 19 17 19 18 17 16 18
21 19 17 18 19 15 13 18 12 12 13 24 8 20 13 14 11 10 14 15 8 14 6 24 13 10 16 10 16 13 16 17 12 18 14 17 16 11 17 18 14 17 10 17 14 12 11 15 19 7 15 9 16 15 15 16 21 20 17 21 11 18 16 16 17 15 23 10 22 14 31 13 16 26 15 14 19 17 16 21
18 14 15 15 17 17 21 17 14 19 19 17 13 12 17 12 19 16 15 21 12 10 23 11 11 11 15 20 16 14 25 15 22 12 12 12 13 17 23 12 13 11 23 23 19 18 23 14 25 18 20 31 12 18 12 15 17 16 19 27 17 13 14 18 21 14 10 12 18 13 12 18 23 21 13 25 14 13 19 16
0.6875 0.625 0.5625 0.375 0.625 0.75 0.5625 1 0.1875 0.875 0.625 0.625 0.3125 0.8125 0.375 0.1875 0.9375 0.1875 0.75 0.5 0.8125 0.5625 0.8125 0.5 0.5 0 0.6875 0.5 0.5625 0.0625 0.875 0.5 0.5 0.1875 0.875 0.4375 0.375 0.5625 0.5625 0.375 0.5625 0.3125 0.375 1 0.75 0.3125 0.5625 0.5625 0.625 0.875 0.5 0.8125 0.75 1 0 0.625 0.375 0.9375 0.75 0.6875 0.875 0.25 0.6875 0.375 0.5625 0.8125 0.25 0.875 0 0.6875 0.75 0.8125 0.4375 0.5625 0.25 0.5 0.6875 0.6875 0.3125 0.4375
0.5 0.8125 0.75 0.875 0.75 0.6875 0.375 0.625 0.6875 0.5 0.25 0.125 0.6875 0.1875 0.875 1 0.375 0.5 0.25 0.5 0.375 0.75 0.25 0.8125 0.5625 0.8125 0.5 0.625 0.5625 0.875 0.625 0.375 0.75 0.75 0.875 0.625 0.8125 0.375 0.625 0 1 0.4375 0.5 0 0.875 0 0.8125 0.75 0.125 0.625 0.375 0.3125 0.375 0.3125 0.25 0 0.625 0.625 0.5625 0.8125 0 0.6875 0.9375 0.5625 0.25 0.0625 0.6875 0.5625 0.5 0.625 0.625 0.6875 0.5 0.625 0.75 0.125 0.25 0.875 0.6875 0.25
0.875 0.75 0.75 0.25 0.6875 1 0.5625 0 0.25 0.625 0.3125 0.75 0 0.125 0.5625 0.75 1 0.1875 0.8125 0.6875 0.125 0.5 0 0.6875 0.625 0.375 0.375 0.0625 0.75 0.6875 0.625 0.5625 0.3125 0.4375 0.8125 0.5625 0.0625 0.5 0.6875 0.75 0.1875 0.375 0.5625 0.6875 0.375 0.9375 0.5 0.25 0 0.5 0.375 0.9375 0.6875 0.5 0.8125 0.875 0.625 0.5 0.25 0.6875 0.75 0 0.375 0 0.375 0.4375 0.8125 1 0.6875 0.3125 0 0.5625 0.75 0.875 0.6875 0.125 0.875 0.75 1 0.8125
0.6875 0.625 0.125 0.625 0.0625 0.5625 0.625 0.4375 0.9375 0.5 0.125 0.1875 0.3125 0.5625 0.4375 0.25 0 0.6875 0.4375 0.8125 0.5625 0.3125 0.625 0.625 0.625 0.8125 0.5625 0.0625 0.6875 0.8125 0.1875 0.5625 0.9375 0.1875 0.9375 0.8125 0.5625 0.625 1 0.875 0.5 0.6875 0.5625 0.625 0.4375 0.75 0.4375 0.25 0.5625 0.6875 0.875 0.25 0.5 0.4375 0.875 0.4375 0.8125 0.375 0.8125 0.6875 0.1875 0.4375 1 0.8125 0.3125 0.3125 1 0.375 0.9375 0.3125 0.75 0.5625 0.875 1 0.625 1 0.1875 0.6875 0.1875 0.875
0.9375 0.8125 0.375 0.375 0.75 0.8125 0.5 0.3125 0.4375 0.5 0.5625 0.5 0.875 0.5 0.75 0.5625 0.5625 0.75 0.625 0 0.5 0.4375 0.5 0.4375 0.5625 0.5 0.4375 0.4375 0.625 0.5625 0.3125 0.75 0.875 0.5625 0.25 0.5 1 0.75 0.8125 0.5625 0.5625 0.8125 0.4375 0.625 0.875 0.4375 1 0.6875 0.875 0.4375 0.25 0.4375 0.4375 1 0.5 0.4375 0.8125 0.75 0.5 0.375 0.6875 0.25 0.3125 0.6875 0.5 0.5 0 0.125 0.5625 0.8125 0.1875 0.75 0.375 0.5 1 0.5 0.8125 0.1875 0.3125 0.125
0 0 0.125 0.25 0 0.75 0.75 0.1875 0 0.6875 0.625 0.125 0.375 1 0.375 0 0.5 0.75 0 0.4375 0.9375 0.125 0.8125 0.9375 0.0625 0.9375 0.4375 0.5 0.4375 0.0625 0.375 0.9375 0.5 0.0625 0.875 0.5 0.375 0.875 0.25 0.875 0.375 0 0.0625 0.6875 0.5 0.5 1 0.6875 0.4375 0.625 0.9375 0.0625 0.1875 0.5 0.375 0.5625 0.9375 0.625 0.5 0.5 0 0.875 0.75 0.6875 0.3125 0.625 0.625 0.3125 0.9375 0.5 0.625 0 0 0.5 0.5 0.3125 0.375 0.625 1 0.625
0 0.3125 0.4375 0.625 0.6875 0.5 0.25 0.875 0.5625 1 0.4375 0.625 0.8125 0.75 0.75 0.75 0.9375 0.6875 0.375 0.0625 0.75 1 0.5625 0.6875 0.8125 0.75 0.875 0.625 0.1875 0.4375 0.8125 0.875 0.75 0.9375 0.875 0.875 0.75 0.5625 0.5 0.3125 1 0.0625 0.75 0.3125 0.4375 0.375 0.1875 0.625 0.5 0.25 0.375 0.5 0.8125 0.75 0.0625 0.4375 0.375 0.375 0.75 0.9375 0.75 0.625 0.375 0.6875 0.25 0.1875 0.9375 0.75 0.4375 0.625 0.5625 0 0.0625 0.875 0.5625 0.875 0.875 0.3125 0.375 0.375
0.6875 0.4375 0.75 0.375 0.875 0.75 0.125 0.1875 0.6875 0 0.75 0.6875 0.6875 0.75 0.875 0.125 0.5 0.0625 0.5 0.75 0.875 0.875 0 0.6875 0.8125 0.5625 0.875 0.8125 0.3125 0.125 0.375 0.5 0.625 0.625 0.6875 0.75 0.8125 0.5 0.625 0 0.875 0 0.375 0.1875 0.8125 0.9375 0.625 0.6875 0.0625 0.6875 0.3125 0.6875 1 0.4375 0 0.625 0.625 0.9375 0.625 0.25 0.5625 0.6875 0.375 0.4375 0.5625 0.3125 0.5 0.625 0.3125 0.75 0.75 0.75 0.8125 0.1875 0.4375 0.5625 0.1875 0.5625 0.9375 0.5625
0.6875 0.75 0.5 0 0.0625 0.625 0.5625 0.625 0.375 0.6875 0.625 0.5625 0.75 0.5 0.5 0.25 0.9375 0.375 0.75 0.75 0 0.375 1 1 0.375 0.5 0.75 0.5625 0.375 0.5625 0.625 0.5625 0.6875 0 0.3125 0.5 0.25 0.3125 0.5625 0.9375 0.6875 0.5625 0.5625 0.625 1 0.125 0.375 0.875 0.5 0.6875 0.75 1 0.4375 0.375 0.4375 0.75 0.5625 0.5 0.625 0 0.0625 0.25 0.6875 0 0.6875 1 0.375 0 0.3125 0.375 0.5625 0.875 0.625 0.6875 0.5 0.3125 0.4375 0.375 0.0625 0.875
0.625 0.5 0.25 0.625 0.75 0.1875 1 0.8125 0.125 0.6875 0.125 0.5 0.75 0.6875 0.5625 1 0.1875 0.9375 0.375 0.9375 0.625 0 1 0.5625 0.6875 0.375 0.5625 0.375 0.8125 0.9375 0 0.6875 0.5 0.5625 0.6875 0.8125 0.625 0.625 0.5625 1 0.75 0.3125 0.75 0.6875 0.375 0.5 0.625 0.5625 0.5625 0.6875 0.5625 0.75 0.6875 1 0.9375 0.75 0.4375 0.5 1 0.375 0.75 0.25 0.125 0.8125 0.5 0.875 0.625 0.5 0.8125 0.375 0.1875 0.75 0 0.4375 0.625 0.0625 0.9375 1 0.3125 0.5
0.75 0.625 0.5 0.625 0.6875 0.6875 0.375 1 0.375 0.8125 1 0.4375 0.75 0.625 0.5625 0.1875 1 0.625 0.125 0.8125 0.6875 0.75 0.8125 0.5625 0.0625 0.5625 1 0.625 0.5 0.5 0.3125 0.5625 0.9375 1 0.5625 0.25 0.375 0.125 0.4375 0.1875 0.5625 0.375 0.6875 0.875 0.125 0.75 0.5625 0.6875 0.4375 1 0.625 0.8125 0.3125 0 0.125 0.8125 0.8125 0 0.4375 0.625 0.9375 1 0.875 0.4375 0.5 0.6875 0.8125 0.3125 0.625 0.5 1 0.8125 0.4375 0.3125 0.0625 0.3125 0.3125 0.9375 0.3125 0.375
0.5625 0.4375 0.8125 0.5625 0.625 0.375 0.25 0.6875 0.375 0.375 0.375 0.1875 0.8125 0.75 0.1875 0.375 0.3125 0.9375 0.375 0.4375 0.5625 0.1875 0.75 0.6875 0.375 0.6875 0.3125 0.4375 0.5625 0.6875 0.8125 0.6875 0.6875 0.1875 0.4375 0.6875 0.3125 0.3125 0.75 0.5625 0.5625 0.4375 0.4375 0.8125 0.5625 0.5625 0.5 0.125 1 0.6875 0.6875 0.4375 0.8125 0.5625 0.375 0.625 0.4375 0.5 0.75 0.25 0.75 0.375 0.75 0.4375 0.3125 0.375 0.6875 0.625 0 0.75 0.875 0.25 0.75 0.3125 0.625 0.8125 0.875 0.6875 0.75 0.625
0.6875 0.875 0.5 0.9375 0.625 0.4375 0.8125 0.125 0.6875 0.0625 0.5625 0.625 0.875 0.8125 0.125 0.5625 0.9375 0.75 0.375 1 0.875 0.5 1 0.6875 0.25 0.8125 0.8125 0.6875 0.4375 0.3125 0 0.375 0.625 0.6875 0 0.5625 0.5625 0.8125 0.8125 0.6875 1 1 0.4375 0.1875 1 1 0.4375 0.4375 0.6875 0.875 0.4375 0.25 0.75 0.4375 0.3125 0.8125 0.75 1 0.5625 0.4375 0.1875 0.6875 0.5 0.9375 0.75 0.375 1 0.4375 0.4375 1 0.375 0.5 0 0.3125 0.5 1 0.125 0.5 0.1875 0.6875
0.9375 0.8125 0.4375 1 0.375 1 0.5 1 0.1875 0.8125 0.625 1 0.5625 1 0.875 0.3125 0.5625 1 0.375 0.8125 0.875 0.8125 0.625 0.6875 0.625 0.9375 0.5625 1 0.5 0.625 0.8125 0.25 0.4375 0.5 0.75 1 0.3125 0 0 0.5 0.8125 0.1875 0.375 0.0625 0.8125 0 0.5625 0.0625 0.5 0.8125 0.75 0.6875 0.5 0.6875 0.375 1 0.5 0.875 1 0.5625 0.625 0.625 0.875 0.875 0.75 0.875 0.9375 0.5 0.6875 0 0.75 0 0.125 0.1875 0.5 0.5 0.9375 0.3125 0.3125 0.1875
0.9375 0 0.5625 0.375 0.625 0.8125 0.5625 0.625 0.0625 0.3125 0 0.4375 0.5625 0.8125 0.8125 0.4375 0.3125 0.5 0.1875 0.625 0.5625 0.5625 1 0.25 0.1875 0.625 0.625 0.875 0.75 0.875 0.8125 0.8125 0.9375 0.5625 0.625 0.125 0.4375 0.4375 0.25 0 0.5 0.1875 0.375 0.0625 0.5625 0.6875 0.75 0.6875 0.5 0.5 0.8125 1 0.8125 0.6875 0.8125 0.5625 0.75 0.375 0.8125 0.4375 0.5625 0.5 1 0.3125 0.0625 0.5 0.5625 0.375 0.75 0.625 0.4375 0.4375 0.6875 0.0625 0.375 0.9375 0.875 0 0.75 0.625
0.5625 1 0.4375 0.25 0.25 0.625 0.625 0.8125 0.5625 0.6875 0.6875 0.8125 0.875 0.4375 0.25 0.5 0.4375 0.4375 0.1875 1 0.5625 0.6875 0.4375 0.625 0 0.875 0.25 0.4375 0.5 0.75 0.6875 0.25 1 0.375 0.5 0.6875 0.9375 0.75 0.375 0.625 0.75 0.375 0.375 0.8125 0.4375 0.3125 0.875 0.75 0.75 0.8125 1 0.5 0.5625 0.5625 0 0.375 0.25 0.9375 0 0.625 0.1875 0.5 0.5 0.75 0.5 0.8125 0.375 0.5 0.3125 0.625 0.3125 0 1 0.625 0.125 0.5 0.375 0.8125 0.6875 0.1875
0.5 0.6875 0.875 0.625 0 0.25 0.375 0.3125 0.9375 0 0.1875 0.625 0.5625 0.6875 0.25 0.75 0.125 0.5 0.875 1 0.5625 0.625 0.8125 0.625 0.6875 0.4375 0.5 0.6875 0.25 0.5625 1 0.5625 0.75 0.5 0.4375 0.9375 0.5625 0.875 0.5 0.5 0.75 0.25 0.8125 0.4375 0.8125 0.5625 0.625 0.5 0.8125 0.5625 0 0 1 0.375 0.5 0.4375 0.5625 0.6875 0.6875 0.1875 0.3125 0.9375 0.375 0.4375 0.5 0.0625 0.4375 0.8125 0.6875 0.625 0.5625 0.75 0 0.8125 0.375 0 0.3125 0.875 0.4375 0.5
0.5 0.8125 0.3125 0.375 0.625 0.9375 0.375 0.5 0.3125 0.25 0.375 0.8125 0.5 0.375 0.5 0.25 0.6875 0.1875 0.4375 0.8125 0.8125 0.4375 0.375 0.625 0.75 0.6875 0.8125 0.875 0.5 0 0.125 0.625 0.875 0.8125 0.6875 0.4375 0.75 0.8125 0.8125 0.6875 0.6875 0.8125 0.3125 0.3125 0.875 0.5 0.3125 0.4375 0.5625 0.5 0.125 0.625 0.1875 0.9375 0.75 1 0.625 0.5625 0.25 0.1875 0 0.6875 0 0.625 0.4375 0.75 0.3125 0.6875 0.25 0.6875 0.125 0.6875 0.8125 0.0625 0.1875 0.625 0.375 0.75 0.4375 0.3125
0.6875 0.875 0.875 0.625 0.6875 0.8125 0.3125 0.6875 0.375 0.875 0.75 0.6875 0.5 0 0.9375 0 0 0.6875 0.5625 0.0625 0.0625 0.5625 0.75 0.125 0.6875 0.9375 0.875 0.0625 0.6875 0.6875 0.9375 0.9375 0.5 0.125 0.5 0.5625 0.625 0.625 0.625 0.3125 0.625 0.25 0.6875 0.8125 0.125 0.75 0.875 0.4375 0.625 0.875 0.5625 0.25 0.875 0.4375 0.3125 0.5 0.75 0.3125 1 0.3125 0.9375 0.1875 0.9375 0.875 0.5 0.6875 0.8125 0.5 0.5625 0.5625 0.5 0.4375 0.4375 0.5 0.625 0.375 0.0625 0.875 0.625 0.6875
1 0.75 0.25 0.125 0.875 0.6875 0.4375 0.5625 0.5 0.0625 0.8125 0.3125 0.8125 0.1875 0.625 0.8125 0.625 0.375 0.8125 0.6875 0.625 0.5 1 0.4375 0.6875 0.6875 0.1875 0 0.625 0.5625 0.8125 0.8125 0.375 0 0.5625 0.5 0.75 0.25 0.125 0.5625 0.4375 0.5 0.9375 0.75 0.5625 0.6875 0.875 0.25 0.875 0.25 0.5 0.875 0.375 0.6875 0.1875 0.875 0.5 0.5625 0.6875 0.75 1 0.75 0.375 0.75 0.625 0.8125 0.8125 0.875 0.5625 0.875 0.3125 0.9375 0.6875 0.25 0.5 0.0625 0.5 0.875 0.25 0.9375
1 1 0.125 0.75 0.6875 0.9375 0.875 0.1875 0.625 0.6875 0 0.0625 0 0.6875 0.8125 0.625 0.375 0.625 0.4375 0.75 0.375 0.5 0.5625 0.625 0.75 0.625 0.5 0.5625 1 0.125 0 0.625 0.5625 0.625 0.3125 0.5 0.8125 0.625 0.4375 0.5 0.625 0.625 0.5625 0.875 0.3125 0.375 0.1875 0.625 0.8125 0.375 0.5 0.5625 0.5625 0.375 0.5625 0.8125 0.6875 0.5 0.5625 0.0625 0.5625 0.0625 0.75 0.5 0.5625 0.5 0.3125 0.25 0 0.5625 0.625 0.125 0.4375 0.625 0.5 0.8125 0.6875 0.75 0.375 0.3125
0.5625 0.5625 0.625 0.0625 0.875 0.4375 0.625 0.375 0.75 0 0.75 0.5 0.6875 0.4375 0.1875 0.4375 0.75 0.8125 0.5 0.5 0.25 0.8125 0.8125 0.375 0.1875 0.5 0 0 0.625 0.8125 0.8125 1 0.5 0.4375 0.6875 0.4375 0.25 0.6875 0.75 0.75 0.1875 0.6875 0.875 0.25 0.5625 0.8125 0.6875 0.5 0.1875 0.125 0.4375 0.625 0.4375 0.6875 0.3125 0.8125 0.3125 0.5625 0.625 0.875 0.625 0.6875 0.75 0.75 0.125 0.5625 0.1875 0.9375 0.75 0.8125 0.25 0.3125 0.0625 0.25 0.9375 0.5 0.9375 0.25 0.125 0.6875
0.4375 0.75 0.375 0.4375 0.3125 0.25 0.75 0.6875 0.375 0.625 0.875 0.75 0.6875 0.8125 0.875 0.875 0.75 0.375 0.5 0.5 0.8125 0.625 0.9375 0.375 0.4375 0.375 0.625 0.5625 0.25 0.375 0.625 0.8125 0.5 0 0.375 0.5 0.5 0.5 0.625 0.3125 0.125 0 0 0.625 0.5625 0.5625 0.5 0.4375 0.5625 0.625 0.375 0.875 0.8125 0.375 0.875 0.75 0.8125 0.3125 0.6875 0.3125 0.4375 0.5625 0.75 0.3125 0 0.375 0.5625 0.625 0.4375 0.75 0.5 0.5625 0.5 0.9375 0.375 0.9375 0.625 0.5625 0.0625 0.75
0.25 0.3125 0.875 0.8125 0.6875 0.125 0.875 0.5 0.6875 0.625 0.125 0.8125 0.25 1 0.3125 0.4375 0.8125 0.625 0.3125 0.8125 0.4375 0.5625 0.4375 0.5 1 0.6875 0.75 0.5625 0.4375 0.5625 0.6875 0.8125 1 0.9375 0.25 0.625 0.375 0.5625 0.25 0.75 1 0.75 0.5 0.9375 0.3125 0.375 0.5625 0.8125 0.375 0.5 0.4375 0.875 0.5625 0.25 0.6875 0.5625 0.6875 0.9375 0.5 0.25 0 1 0.8125 0.75 0 0.75 0.6875 0.8125 0.125 0.5 0 0 0.4375 0.25 0.75 0.1875 0.4375 0.625 0 0.625
0.5 0.5 0.0625 0.1875 1 0.125 0.8125 0.75 0.3125 0.125 0.375 1 0.4375 0.8125 0 0.625 0.75 0.375 0.1875 0.75 0.5625 1 0.6875 0.625 0.25 0.75 0.5625 0.5625 0.875 0.8125 0.625 1 0.3125 0.625 0.75 1 0.4375 0.5625 0.3125 0 0.25 0.75 0.75 0.75 0.5625 0.875 0.5625 0.5625 0.3125 0.8125 0.375 0.875 0.75 0.625 0.5 0.4375 0.6875 0.625 0.5 0.8125 0.5 0.0625 1 1 0.5625 0.625 0.4375 1 0.3125 0.875 0.125 0.4375 0.5 0.6875 0.9375 0.4375 0.8125 0.3125 0.5 0.75
0.9375 1 0.4375 0.5 0.5 0.9375 0.5625 0.6875 0 0.75 0.875 0.375 0.375 0.3125 0.6875 0.9375 0.25 0.4375 0 0.6875 0.25 0.5625 0.625 0.125 0.75 0.875 0.375 0.3125 0.1875 0 0.75 0.1875 0.5 0.5625 0.75 0.3125 1 0.5625 0.6875 0.5625 0.4375 0.75 0.25 0.5625 0.75 0.875 0.5625 0.25 0.875 0.3125 0.4375 1 0.8125 0.9375 0.875 0.375 0.5 0.6875 0.8125 0.5 0 0.5625 0.3125 0.875 0.625 0.875 0.6875 0.9375 0.8125 0.375 0.3125 0.625 0.6875 0.375 0.875 0.25 1 0.5 0.375 0.6875
0.9375 0.875 0.1875 0.625 0.8125 0.4375 0.625 0.5 0.875 0.1875 0.5 0.5625 0 0.9375 0.75 0.3125 0.8125 0.4375 0.4375 0.875 0.4375 0.375 0.6875 0.8125 0.1875 0.875 0.8125 1 0.3125 0.25 1 0.5625 0.9375 0.75 0.5 0.125 0.8125 0.5 0.75 0.5 0.625 0.6875 0.8125 0.625 0.4375 0.5 0.6875 0.625 0.4375 0.4375 0.875 1 0.625 0.5 0.5 0.8125 0.5625 0.5625 0.875 0.25 0.375 0.8125 0.625 0.0625 0.6875 0.625 0.5625 0.625 0.5625 0.4375 0.5 0.0625 1 0.4375 0.5 1 0.25 0.8125 0.6875 0.25
0.4375 0.8125 0.6875 0.875 0.75 0 0.5625 0.8125 0.5625 0.6875 0.75 0.75 0.625 0.5 0.625 0.4375 0.1875 0.4375 0.8125 0.125 0.875 0.3125 0 0.6875 0.8125 0.4375 0.625 0.625 0.8125 0.625 0.125 0.625 0.4375 0.6875 0.625 0.375 0.5625 0.6875 0 0.1875 0.4375 0.8125 0.6875 0.375 0.625 0.375 0.625 0.5 0.5625 0.25 0.4375 0.6875 0.625 0.8125 0.375 0.5 0.5625 0.8125 0.875 0.5625 0.1875 0.875 0.375 0.625 0.875 0.875 0.3125 0.75 1 0 0.1875 0.8125 0.625 0.0625 0.6875 0.25 0.5 0.375 0.375 0.875
0.6875 0.5 0.9375 0.625 0.25 0.625 0.75 0.9375 0.625 0.1875 0.4375 0.375 0.4375 0.625 0.4375 0.8125 0.25 0.6875 0.0625 0.5 1 0 0.75 0.75 0.375 0.5625 0.75 0.3125 0.4375 0.8125 0.75 0.0625 0.8125 0.5625 0.125 0.4375 0.8125 0.5625 0.25 0.375 0.3125 0.125 0.875 0.75 0.5625 0.625 0.125 0.625 0.8125 0.625 0.4375 0.8125 0.375 0.4375 0 0.8125 0.5625 0.3125 0.625 0.5 0.6875 0.6875 0.6875 0.25 1 0.5 0.1875 0.625 0.3125 0.8125 0.5625 0.125 0.8125 0.625 0.625 0.8125 0.3125 0.75 0.6875 0.125
0.25 0.25 0.5625 0.375 0.5 0.625 0.4375 0.3125 0.8125 1 0.625 0.8125 0.5 0.8125 0.25 0.9375 0.5625 0.0625 0.4375 0.9375 0.3125 0.5625 0.375 0.5 0.875 0.5625 0.625 0.0625 0.75 0.875 0.8125 0.4375 0.375 1 0.875 0.4375 0.6875 0.5625 0.8125 0 1 0.125 0.3125 0.6875 1 0.25 0.75 0.25 0.1875 0.4375 0.375 0.4375 0.625 0.6875 0.75 0.75 0.5625 0.8125 0.625 0.3125 0.6875 0.3125 1 0.625 0.375 0.375 0.5625 0.5625 0.75 0.5625 0 0.625 0.9375 0.5 0.6875 1 0.5625 0.6875 0.375 0.875
0.625 0.8125 0.3125 0.875 0.625 0.8125 0.375 0.6875 0.625 1 0.625 0.4375 0 0.875 0.8125 0.5 0.375 0.875 0.4375 0.75 0.3125 0.8125 0.0625 0.875 0.3125 0.875 0.25 0.3125 0.0625 0.5625 0.625 0.4375 0.625 0.25 0.4375 0.8125 0 0.25 0 0.6875 0.6875 0.4375 0.4375 0.5 0.3125 0.625 0 0.5625 0.8125 0.625 0.5625 0.5625 0.1875 0.5 0.9375 1 0.125 0.3125 0.875 0.8125 0.4375 0.5625 0.75 0.375 0.375 0.625 0.6875 0.6875 0.3125 0.1875 0.625 0.5 0.4375 0.8125 0.25 0.875 0.5625 0.375 0.75 0.125
0.25 0.25 0.4375 0.4375 0.375 0.5 1 0.375 0.4375 0.625 0.75 0.625 0.125 0.6875 0.5625 0.375 0.625 0.5 1 1 0.875 0.875 1 0.375 0.25 0.4375 0.4375 0.3125 0.4375 0.375 0.6875 0 0.6875 0.6875 0.6875 0.9375 0.9375 0.1875 0.9375 0.4375 0.8125 0.6875 0.625 0.375 0.75 0.75 0.8125 0.5 0.8125 0.6875 0.6875 0 0.625 0.4375 0.8125 0.9375 0.875 0.8125 0.6875 0.5625 0.6875 0.5 0.8125 0.5 0.75 0.5 0.5 0.1875 0 0.375 0.25 0.625 0.25 0.6875 0.625 0.5 0.0625 0.6875 0.125 0.125
0.6875 0.5 0.25 0.125 0.75 0.375 0.25 0.9375 0.0625 0.875 0.6875 0.375 0.6875 0.625 0 0.6875 0.75 0.6875 0.75 0 1 0.875 1 0.4375 0.3125 0.8125 0.3125 0.6875 0.3125 0.6875 0.125 0 0.75 0.5 0.625 0.375 0.5625 0.875 0.75 0.5 0.75 0.125 0.625 0.9375 0.375 0.625 0.9375 0.1875 0.75 0.3125 0.1875 0.5625 0.8125 0.0625 0.5625 0.5 0.625 0.5625 0.5625 0.6875 0.625 1 0.5 0.6875 0 0.375 0.6875 0.5625 0.6875 0.25 0.4375 0.9375 0.3125 0.4375 0.375 0 0.8125 0.5 0.625 0.4375
0.375 0.25 0.75 0.5625 0.1875 0.625 0.625 0.375 0.4375 0.6875 0.3125 0.375 0.5 0 0.9375 0.125 1 0.5 0.6875 0 0.1875 0 0.75 0.375 0.6875 1 0.875 0.625 0 0.875 0.5 0.5 0.75 0.75 0.375 0.6875 0.875 0.8125 0.4375 0.125 0.625 0.9375 0.1875 0.9375 0.5625 0.8125 0.5 0.6875 0.25 0.375 0.5625 0.875 0.75 0.4375 0.625 0.5625 0.1875 0.75 0.625 0.75 0.6875 0.3125 0.5 1 0.0625 0.5 0.3125 0.375 0.5625 0.5 0.8125 1 0.875 0.8125 0.75 0.9375 0.1875 0.9375 0.5 0.3125
0.9375 0.8125 0.5625 0.4375 0.875 0.4375 0.5625 0.3125 0.8125 0.5625 0.625 0.875 0.5625 0.5625 0.75 0.9375 0.8125 0.375 0.375 0.4375 0.125 0.4375 0.3125 0.4375 0.4375 0.8125 0.5625 0.25 0.75 0.5625 0.4375 0.75 0.9375 0.625 0.4375 0.625 0.375 0.375 0.8125 0.5 0.875 0.5 0.5 0.625 0 0.5 0.6875 1 0.1875 0.8125 0.5625 0.3125 0.5 0.625 0.875 0 0.75 1 0.3125 1 0.1875 0.25 1 0.5625 0.75 0.625 0.5 0.0625 0.3125 0.75 0.625 0.1875 0.6875 0.5625 0.5625 0.625 0.375 0.6875 0.8125 0
0.625 0.9375 0.625 0.6875 0.5625 0.3125 0.625 0.75 0.75 0.8125 0.5625 0.6875 0.75 0.375 0.4375 1 0 0.4375 0 0.875 0.6875 0.875 0.5625 0.3125 0.25 0.8125 0.3125 0.3125 0.5625 0.125 1 0.375 0.5 0.5 0.9375 0.5 0.0625 0.4375 0.75 0.9375 0.8125 0.6875 0.1875 1 0.8125 0.75 0.4375 0 0.5625 0.6875 0.75 0.375 0.5 1 0.375 0.625 0.4375 0.5 0.8125 0.8125 0.5 0.625 0.25 0.6875 0.5625 0.375 0.5 0.6875 0 0.75 0.75 0.375 0.6875 0.5 0.5625 0.4375 0.0625 0.5625 0.3125 0.25
0.8125 0.1875 0 0.5 0.0625 0.6875 0.5625 0.875 0.5 0.625 0.4375 0.9375 0.75 0.3125 0.625 0.5 0.5625 0.75 0.5 0 1 0.875 0.25 0.5625 0.5625 0.375 0.875 0.25 0 0.75 0.8125 0.875 0.5 0.4375 0.3125 0.5 0 0.6875 0.3125 0.875 0.0625 0.875 1 1 0.625 0.125 0.6875 0.6875 0 0.75 0.625 0.625 0.375 0.3125 0.6875 0.4375 0.375 1 0.75 0.3125 0.625 0 0.5 0.625 0.75 0.8125 0.3125 0.375 0.8125 0.875 0.3125 0.5625 0.125 0.6875 0.375 1 0.5 0.5 0.5 0.875
0.8125 1 0.25 0 0.3125 1 0.8125 0.5 0.0625 0.25 0.5625 0.875 1 0.75 0.3125 0.25 0.375 0.4375 0.9375 0.8125 0.5 0.75 0.75 0 0.125 0.6875 0 0.5625 0.375 0.8125 0.625 0.4375 0.5625 1 0.6875 0.375 0.5 0.6875 0.125 0.25 0.5 0.1875 0.375 0.75 0.5625 0.3125 0.5 0.5625 0.375 0.4375 1 0.6875 0.1875 0.6875 0.75 0.25 0.5625 0.6875 0.4375 0.5625 0.625 0.1875 0.8125 0.6875 0.4375 0.75 0.5 0.875 0.5 0.8125 0.1875 0.8125 0 0.375 0.5 0.375 0.4375 0.5 0.5625 0.4375
0.25 0.375 0.5 0.4375 0.375 0.625 0.75 0.4375 0.8125 0.8125 0.75 0.0625 1 0.3125 0.75 0.6875 0.875 0.9375 0.6875 0.625 1 0.6875 1 0.0625 0.75 0.9375 0.5625 0.9375 0.5625 0.75 0.5625 0.5 0.8125 0.4375 0.6875 0.5 0.5625 0.875 0.5 0.4375 0.6875 0.5 0.9375 0.5 0.6875 0.8125 0.875 0.625 0.375 1 0.625 1 0.5625 0.625 0.625 0.5625 0.25 0.3125 0.5 0.25 0.875 0.4375 0.5625 0.5625 0.5 0.625 0.125 0.9375 0.1875 0.6875 0 0.75 0.5625 0 0.625 0.6875 0.375 0.5 0.5625 0.25
0.4375 0.6875 0.625 0.625 0.5 0.5 0.25 0.5 0.6875 0.375 0.375 0.5 0.75 0.8125 0.5 0.8125 0.375 0.5625 0.625 0.25 0.8125 0.9375 0.125 0.875 0.875 0.875 0.625 0.3125 0.5625 0.6875 0 0.625 0.1875 0.8125 0.8125 0.8125 0.75 0.5 0.125 0.8125 0.75 0.875 0.125 0.125 0.375 0.4375 0.125 0.6875 0 0.4375 0.3125 0 0.8125 0.4375 0.8125 0.625 0.5 0.5625 0.375 0 0.5 0.75 0.6875 0.4375 0.25 0.6875 0.9375 0.8125 0.4375 0.75 0.8125 0.4375 0.125 0.25 0.75 0 0.6875 0.75 0.375 0.5625
