20
70
12
0 0 0 0 0 0 1 0 0 1 0 0 1 0 0 0 0 0 0 0 1 0 1 0 0 0 0 0 0 0 0 0 0 0 0 0 0 1 0 0
0 1 0 0 0 0 0 0 1 0 0 0 0 0 0 0 0 0 1 0 0 1 0 0 0 1 0 1 0 0 0 0 0 1 0 1 0 0 0 0
0 0 0 0 0 0 1 0 0 0 1 0 0 0 0 0 0 0 0 0 0 1 0 0 0 0 0 0 1 0 1 0 0 0 1 0 0 0 0 0
0 0 0 1 0 1 0 0 0 0 0 1 1 1 0 0 0 0 0 0 0 0 0 0 0 0 0 0 0 0 1 0 0 0 0 0 0 0 0 0
1 0 1 0 0 0 1 0 0 0 0 0 1 0 0 0 0 1 0 0 1 0 1 1 0 0 0 1 0 0 0 1 0 0 0 0 0 0 0 0
0 0 0 0 0 0 0 0 0 0 1 0 0 0 0 0 0 0 1 0 0 0 0 0 1 0 0 0 0 0 0 0 0 0 0 0 0 1 0 0
0 0 1 0 0 0 1 0 0 0 0 0 0 0 0 0 0 0 0 0 0 0 1 0 0 2 1 0 0 0 0 0 0 0 0 0 0 0 0 0
0 0 0 0 0 1 0 0 0 0 0 0 0 2 1 1 0 0 1 0 0 0 0 0 1 0 0 0 0 0 1 0 0 0 0 0 0 0 0 0
0 0 0 0 0 0 0 1 0 0 0 0 0 0 1 0 0 0 0 0 0 0 0 0 0 0 0 0 0 1 1 0 0 0 0 0 0 0 0 0
1 0 0 0 0 0 1 0 0 1 1 0 0 0 0 0 0 0 0 0 1 1 1 1 0 0 0 1 0 1 0 0 0 1 0 0 0 0 0 0
0 0 0 1 0 0 1 1 0 0 0 0 1 0 0 0 0 0 0 0 0 0 0 0 1 0 1 0 0 0 1 0 0 0 0 0 0 0 1 0
0 0 0 0 0 0 0 1 0 0 0 1 0 0 0 2 0 1 0 0 0 0 0 0 0 0 0 1 0 0 0 0 1 0 0 1 0 0 0 1
15 17 26 12 16 13 13 15 22 10 17 16 18 22 17 15 13 16 17 14
9 14 20 12 19 20 13 17 9 11 17 13 15 16 14 24 22 19 17 7
10 23 12 14 13 12 13 17 17 19 22 12 16 19 14 17 13 12 21 13
21 17 16 12 30 15 14 9 11 12 23 17 8 10 16 21 14 13 25 10
16 16 19 16 19 12 12 13 20 18 13 23 15 16 13 21 12 19 15 16
16 17 19 14 12 16 15 19 15 16 21 25 19 17 17 22 22 13 11 22
21 13 16 27 13 14 14 9 11 23 23 14 8 18 27 16 13 21 18 17
15 18 11 15 19 15 14 23 13 22 24 14 20 22 13 21 14 17 13 22
17 14 17 16 19 13 20 15 18 17 19 16 15 19 25 14 26 17 12 11
13 13 14 13 13 7 17 12 16 14 15 9 14 20 13 14 8 26 11 17
22 14 13 21 16 21 12 11 23 18 18 14 14 13 13 12 17 20 12 13
26 17 22 10 20 28 14 12 12 14 23 12 18 21 15 12 13 17 28 10
14 7 22 15 28 17 20 20 18 13 22 18 15 17 11 16 16 22 24 14
13 17 18 18 17 13 15 20 24 9 20 19 15 17 17 18 21 12 19 10
13 16 12 13 17 21 21 21 14 10 10 16 20 11 18 14 12 7 11 12
17 15 16 27 20 14 20 30 16 15 20 29 16 14 19 18 17 17 14 10
15 15 17 20 17 10 15 15 23 21 14 19 18 12 19 14 19 13 18 24
9 19 16 14 24 26 19 22 16 25 18 20 14 21 14 22 19 9 8 18
21 11 16 11 10 18 22 18 16 10 14 18 13 17 16 16 12 12 21 20
17 17 16 20 27 16 17 16 14 18 12 34 12 11 18 24 19 20 15 14
16 18 11 18 20 12 16 16 19 13 14 15 18 19 28 15 16 12 15 16
17 17 12 11 11 16 15 18 14 22 23 16 13 11 10 9 13 12 11 7
16 14 16 16 20 23 18 13 17 15 20 8 11 14 21 14 15 18 19 21
19 15 21 16 12 16 19 22 14 23 24 13 16 14 24 13 19 13 16 9
14 18 13 26 25 23 18 20 29 8 9 19 18 19 14 16 24 20 16 15
17 19 17 19 18 22 17 15 17 8 20 14 18 8 8 9 13 22 24 25
9 19 13 19 21 16 12 17 11 15 17 16 13 16 17 10 10 19 12 16
14 12 11 18 7 23 24 17 12 25 22 9 12 16 23 23 21 12 10 24
19 14 16 16 16 12 14 17 12 17 19 14 16 11 19 11 15 13 17 8
22 12 13 12 24 15 26 23 16 18 12 23 20 13 15 19 19 12 14 16
24 11 19 20 12 14 10 15 13 16 10 18 13 16 14 19 23 16 28 12
16 19 10 15 15 7 20 15 15 14 16 10 11 16 17 21 25 11 18 19
9 20 11 18 16 17 22 20 21 16 19 13 12 19 13 20 12 34 22 18
12 13 20 15 22 17 10 17 15 12 21 15 15 14 19 10 13 15 19 18
20 14 12 16 16 17 15 13 12 14 17 19 16 15 15 16 24 11 17 12
15 23 12 14 17 12 17 13 9 23 17 16 20 14 19 15 11 17 8 26
14 16 17 12 17 11 21 21 15 17 16 11 13 12 14 22 31 10 23 10
23 18 20 16 28 13 12 8 20 19 11 20 11 20 21 22 21 15 18 13
17 14 15 17 17 22 13 13 10 15 16 8 13 16 18 17 9 19 22 11
11 19 13 17 24 18 15 12 24 15 11 21 10 17 17 21 12 12 16 20
23 8 13 15 15 25 14 15 11 14 7 23 18 19 23 12 19 13 12 12
18 9 9 13 17 14 19 14 15 11 21 16 13 11 14 15 19 21 21 13
18 26 26 15 24 8 18 14 21 13 13 18 9 15 22 13 25 14 13 11
9 16 32 16 15 10 22 12 16 13 14 18 18 19 12 17 9 25 21 14
14 13 13 18 20 22 8 23 11 15 8 8 12 14 20 15 21 19 22 20
15 13 13 29 9 19 13 27 19 16 16 21 16 12 13 12 24 19 14 15
15 15 24 12 11 13 16 13 13 17 10 17 12 11 22 18 10 21 12 16
15 21 18 16 22 13 17 11 20 23 13 19 11 15 13 18 18 13 16 16
35 18 18 14 12 20 19 13 12 23 14 9 15 15 20 19 14 22 18 19
6 17 17 11 21 20 14 15 14 10 16 22 16 21 22 14 15 15 18 13
22 8 16 11 23 14 15 23 14 12 14 14 25 22 13 14 13 13 19 24
11 17 8 19 18 15 15 18 16 9 12 22 14 11 16 23 16 18 9 19
18 14 14 13 22 21 26 16 10 17 26 15 20 23 8 18 11 29 19 17
21 11 20 9 17 19 21 15 8 19 12 27 28 11 20 18 11 18 10 22
13 23 17 21 22 18 21 14 15 11 18 10 16 15 14 11 12 21 16 16
9 15 10 17 11 25 14 17 13 17 21 12 21 12 13 11 23 18 21 28
20 23 14 13 16 19 16 19 12 20 17 17 16 14 22 16 23 16 18 11
10 17 14 16 23 12 16 19 9 15 9 10 24 15 17 18 15 14 14 17
22 20 10 14 18 14 17 19 12 17 22 12 16 10 15 15 11 23 16 18
12 19 10 14 18 12 15 22 12 17 26 13 22 11 22 16 14 17 14 30
13 21 8 23 12 17 12 19 17 20 17 14 18 15 12 18 11 23 17 18
20 17 23 14 14 13 14 12 22 17 14 23 16 19 15 19 13 11 20 15
26 13 6 16 22 17 12 15 13 11 14 17 17 16 20 21 16 14 15 16
11 15 13 6 18 15 8 20 16 15 16 13 10 18 14 12 14 15 13 9
19 13 10 15 18 16 15 23 17 16 13 22 13 17 17 21 11 25 19 15
22 11 13 16 13 17 14 17 16 12 13 11 12 10 10 20 13 18 21 12
15 11 20 12 9 12 16 13 14 12 15 15 17 18 24 15 15 20 8 15
14 12 16 16 24 11 21 26 16 15 13 20 15 19 12 18 17 20 22 7
12 12 14 14 22 19 23 20 18 9 12 10 17 19 21 22 14 12 12 10
16 17 17 21 12 20 20 15 19 22 21 8 25 11 20 18 14 11 16 11
0.625 0.5 0 0.8125 0.5625 0.75 0.75 0.625 0.1875 0.9375 0.5 0.5625 0.4375 0.1875 0.5 0.625 0.75 0.5625 0.5 0.6875
1 0.6875 0.3125 0.8125 0.375 0.3125 0.75 0.5 1 0.875 0.5 0.75 0.625 0.5625 0.6875 0.0625 0.1875 0.375 0.5 1
0.9375 0.125 0.8125 0.6875 0.75 0.8125 0.75 0.5 0.5 0.375 0.1875 0.8125 0.5625 0.375 0.6875 0.5 0.75 0.8125 0.25 0.75
0.25 0.5 0.5625 0.8125 0 0.625 0.6875 1 0.875 0.8125 0.125 0.5 1 0.9375 0.5625 0.25 0.6875 0.75 0 0.9375
0.5625 0.5625 0.375 0.5625 0.375 0.8125 0.8125 0.75 0.3125 0.4375 0.75 0.125 0.625 0.5625 0.75 0.25 0.8125 0.375 0.625 0.5625
0.5625 0.5 0.375 0.6875 0.8125 0.5625 0.625 0.375 0.625 0.5625 0.25 0 0.375 0.5 0.5 0.1875 0.1875 0.75 0.875 0.1875
0.25 0.75 0.5625 0 0.75 0.6875 0.6875 1 0.875 0.125 0.125 0.6875 1 0.4375 0 0.5625 0.75 0.25 0.4375 0.5
0.625 0.4375 0.875 0.625 0.375 0.625 0.6875 0.125 0.75 0.1875 0.0625 0.6875 0.3125 0.1875 0.75 0.25 0.6875 0.5 0.75 0.1875
0.5 0.6875 0.5 0.5625 0.375 0.75 0.3125 0.625 0.4375 0.5 0.375 0.5625 0.625 0.375 0 0.6875 0 0.5 0.8125 0.875
0.75 0.75 0.6875 0.75 0.75 1 0.5 0.8125 0.5625 0.6875 0.625 1 0.6875 0.3125 0.75 0.6875 1 0 0.875 0.5
0.1875 0.6875 0.75 0.25 0.5625 0.25 0.8125 0.875 0.125 0.4375 0.4375 0.6875 0.6875 0.75 0.75 0.8125 0.5 0.3125 0.8125 0.75
0 0.5 0.1875 0.9375 0.3125 0 0.6875 0.8125 0.8125 0.6875 0.125 0.8125 0.4375 0.25 0.625 0.8125 0.75 0.5 0 0.9375
0.6875 1 0.1875 0.625 0 0.5 0.3125 0.3125 0.4375 0.75 0.1875 0.4375 0.625 0.5 0.875 0.5625 0.5625 0.1875 0.0625 0.6875
0.75 0.5 0.4375 0.4375 0.5 0.75 0.625 0.3125 0.0625 1 0.3125 0.375 0.625 0.5 0.5 0.4375 0.25 0.8125 0.375 0.9375
0.75 0.5625 0.8125 0.75 0.5 0.25 0.25 0.25 0.6875 0.9375 0.9375 0.5625 0.3125 0.875 0.4375 0.6875 0.8125 1 0.875 0.8125
0.5 0.625 0.5625 0 0.3125 0.6875 0.3125 0 0.5625 0.625 0.3125 0 0.5625 0.6875 0.375 0.4375 0.5 0.5 0.6875 0.9375
0.625 0.625 0.5 0.3125 0.5 0.9375 0.625 0.625 0.125 0.25 0.6875 0.375 0.4375 0.8125 0.375 0.6875 0.375 0.75 0.4375 0.0625
1 0.375 0.5625 0.6875 0.0625 0 0.375 0.1875 0.5625 0 0.4375 0.3125 0.6875 0.25 0.6875 0.1875 0.375 1 1 0.4375
0.25 0.875 0.5625 0.875 0.9375 0.4375 0.1875 0.4375 0.5625 0.9375 0.6875 0.4375 0.75 0.5 0.5625 0.5625 0.8125 0.8125 0.25 0.3125
0.5 0.5 0.5625 0.3125 0 0.5625 0.5 0.5625 0.6875 0.4375 0.8125 0 0.8125 0.875 0.4375 0.0625 0.375 0.3125 0.625 0.6875
0.5625 0.4375 0.875 0.4375 0.3125 0.8125 0.5625 0.5625 0.375 0.75 0.6875 0.625 0.4375 0.375 0 0.625 0.5625 0.8125 0.625 0.5625
0.5 0.5 0.8125 0.875 0.875 0.5625 0.625 0.4375 0.6875 0.1875 0.125 0.5625 0.75 0.875 0.9375 1 0.75 0.8125 0.875 1
0.5625 0.6875 0.5625 0.5625 0.3125 0.125 0.4375 0.75 0.5 0.625 0.3125 1 0.875 0.6875 0.25 0.6875 0.625 0.4375 0.375 0.25
0.375 0.625 0.25 0.5625 0.8125 0.5625 0.375 0.1875 0.6875 0.125 0.0625 0.75 0.5625 0.6875 0.0625 0.75 0.375 0.75 0.5625 1
0.6875 0.4375 0.75 0 0 0.125 0.4375 0.3125 0 1 1 0.375 0.4375 0.375 0.6875 0.5625 0.0625 0.3125 0.5625 0.625
0.5 0.375 0.5 0.375 0.4375 0.1875 0.5 0.625 0.5 1 0.3125 0.6875 0.4375 1 1 1 0.75 0.1875 0.0625 0
1 0.375 0.75 0.375 0.25 0.5625 0.8125 0.5 0.875 0.625 0.5 0.5625 0.75 0.5625 0.5 0.9375 0.9375 0.375 0.8125 0.5625
0.6875 0.8125 0.875 0.4375 1 0.125 0.0625 0.5 0.8125 0 0.1875 1 0.8125 0.5625 0.125 0.125 0.25 0.8125 0.9375 0.0625
0.375 0.6875 0.5625 0.5625 0.5625 0.8125 0.6875 0.5 0.8125 0.5 0.375 0.6875 0.5625 0.875 0.375 0.875 0.625 0.75 0.5 1
0.1875 0.8125 0.75 0.8125 0.0625 0.625 0 0.125 0.5625 0.4375 0.8125 0.125 0.3125 0.75 0.625 0.375 0.375 0.8125 0.6875 0.5625
0.0625 0.875 0.375 0.3125 0.8125 0.6875 0.9375 0.625 0.75 0.5625 0.9375 0.4375 0.75 0.5625 0.6875 0.375 0.125 0.5625 0 0.8125
0.5625 0.375 0.9375 0.625 0.625 1 0.3125 0.625 0.625 0.6875 0.5625 0.9375 0.875 0.5625 0.5 0.25 0 0.875 0.4375 0.375
1 0.3125 0.875 0.4375 0.5625 0.5 0.1875 0.3125 0.25 0.5625 0.375 0.75 0.8125 0.375 0.75 0.3125 0.8125 0 0.1875 0.4375
0.8125 0.75 0.3125 0.625 0.1875 0.5 0.9375 0.5 0.625 0.8125 0.25 0.625 0.625 0.6875 0.375 0.9375 0.75 0.625 0.375 0.4375
0.3125 0.6875 0.8125 0.5625 0.5625 0.5 0.625 0.75 0.8125 0.6875 0.5 0.375 0.5625 0.625 0.625 0.5625 0.0625 0.875 0.5 0.8125
0.625 0.125 0.8125 0.6875 0.5 0.8125 0.5 0.75 1 0.125 0.5 0.5625 0.3125 0.6875 0.375 0.625 0.875 0.5 1 0
0.6875 0.5625 0.5 0.8125 0.5 0.875 0.25 0.25 0.625 0.5 0.5625 0.875 0.75 0.8125 0.6875 0.1875 0 0.9375 0.125 0.9375
0.125 0.4375 0.3125 0.5625 0 0.75 0.8125 1 0.3125 0.375 0.875 0.3125 0.875 0.3125 0.25 0.1875 0.25 0.625 0.4375 0.75
0.5 0.6875 0.625 0.5 0.5 0.1875 0.75 0.75 0.9375 0.625 0.5625 1 0.75 0.5625 0.4375 0.5 1 0.375 0.1875 0.875
0.875 0.375 0.75 0.5 0.0625 0.4375 0.625 0.8125 0.0625 0.625 0.875 0.25 0.9375 0.5 0.5 0.25 0.8125 0.8125 0.5625 0.3125
0.125 1 0.75 0.625 0.625 0 0.6875 0.625 0.875 0.6875 1 0.125 0.4375 0.375 0.125 0.8125 0.375 0.75 0.8125 0.8125
0.4375 1 1 0.75 0.5 0.6875 0.375 0.6875 0.625 0.875 0.25 0.5625 0.75 0.875 0.6875 0.625 0.375 0.25 0.25 0.75
0.4375 0 0 0.625 0.0625 1 0.4375 0.6875 0.25 0.75 0.75 0.4375 1 0.625 0.1875 0.75 0 0.6875 0.75 0.875
1 0.5625 0 0.5625 0.625 0.9375 0.1875 0.8125 0.5625 0.75 0.6875 0.4375 0.4375 0.375 0.8125 0.5 1 0 0.25 0.6875
0.6875 0.75 0.75 0.4375 0.3125 0.1875 1 0.125 0.875 0.625 1 1 0.8125 0.6875 0.3125 0.625 0.25 0.375 0.1875 0.3125
0.625 0.75 0.75 0 1 0.375 0.75 0 0.375 0.5625 0.5625 0.25 0.5625 0.8125 0.75 0.8125 0.0625 0.375 0.6875 0.625
0.625 0.625 0.0625 0.8125 0.875 0.75 0.5625 0.75 0.75 0.5 0.9375 0.5 0.8125 0.875 0.1875 0.4375 0.9375 0.25 0.8125 0.5625
0.625 0.25 0.4375 0.5625 0.1875 0.75 0.5 0.875 0.3125 0.125 0.75 0.375 0.875 0.625 0.75 0.4375 0.4375 0.75 0.5625 0.5625
0 0.4375 0.4375 0.6875 0.8125 0.3125 0.375 0.75 0.8125 0.125 0.6875 1 0.625 0.625 0.3125 0.375 0.6875 0.1875 0.4375 0.375
1 0.5 0.5 0.875 0.25 0.3125 0.6875 0.625 0.6875 0.9375 0.5625 0.1875 0.5625 0.25 0.1875 0.6875 0.625 0.625 0.4375 0.75
0.1875 1 0.5625 0.875 0.125 0.6875 0.625 0.125 0.6875 0.8125 0.6875 0.6875 0 0.1875 0.75 0.6875 0.75 0.75 0.375 0.0625
0.875 0.5 1 0.375 0.4375 0.625 0.625 0.4375 0.5625 1 0.8125 0.1875 0.6875 0.875 0.5625 0.125 0.5625 0.4375 1 0.375
0.4375 0.6875 0.6875 0.75 0.1875 0.25 0 0.5625 0.9375 0.5 0 0.625 0.3125 0.125 1 0.4375 0.875 0 0.375 0.5
0.25 0.875 0.3125 1 0.5 0.375 0.25 0.625 1 0.375 0.8125 0 0 0.875 0.3125 0.4375 0.875 0.4375 0.9375 0.1875
0.75 0.125 0.5 0.25 0.1875 0.4375 0.25 0.6875 0.625 0.875 0.4375 0.9375 0.5625 0.625 0.6875 0.875 0.8125 0.25 0.5625 0.5625
1 0.625 0.9375 0.5 0.875 0 0.6875 0.5 0.75 0.5 0.25 0.8125 0.25 0.8125 0.75 0.875 0.125 0.4375 0.25 0
0.3125 0.125 0.6875 0.75 0.5625 0.375 0.5625 0.375 0.8125 0.3125 0.5 0.5 0.5625 0.6875 0.1875 0.5625 0.125 0.5625 0.4375 0.875
0.9375 0.5 0.6875 0.5625 0.125 0.8125 0.5625 0.375 1 0.625 1 0.9375 0.0625 0.625 0.5 0.4375 0.625 0.6875 0.6875 0.5
0.1875 0.3125 0.9375 0.6875 0.4375 0.6875 0.5 0.375 0.8125 0.5 0.1875 0.8125 0.5625 0.9375 0.625 0.625 0.875 0.125 0.5625 0.4375
0.8125 0.375 0.9375 0.6875 0.4375 0.8125 0.625 0.1875 0.8125 0.5 0 0.75 0.1875 0.875 0.1875 0.5625 0.6875 0.5 0.6875 0
0.75 0.25 1 0.125 0.8125 0.5 0.8125 0.375 0.5 0.3125 0.5 0.6875 0.4375 0.625 0.8125 0.4375 0.875 0.125 0.5 0.4375
0.3125 0.5 0.125 0.6875 0.6875 0.75 0.6875 0.8125 0.1875 0.5 0.6875 0.125 0.5625 0.375 0.625 0.375 0.75 0.875 0.3125 0.625
0 0.75 1 0.5625 0.1875 0.5 0.8125 0.625 0.75 0.875 0.6875 0.5 0.5 0.5625 0.3125 0.25 0.5625 0.6875 0.625 0.5625
0.875 0.625 0.75 1 0.4375 0.625 1 0.3125 0.5625 0.625 0.5625 0.75 0.9375 0.4375 0.6875 0.8125 0.6875 0.625 0.75 1
0.375 0.75 0.9375 0.625 0.4375 0.5625 0.625 0.125 0.5 0.5625 0.75 0.1875 0.75 0.5 0.5 0.25 0.875 0 0.375 0.625
0.1875 0.875 0.75 0.5625 0.75 0.5 0.6875 0.5 0.5625 0.8125 0.75 0.875 0.8125 0.9375 0.9375 0.3125 0.75 0.4375 0.25 0.8125
0.625 0.875 0.3125 0.8125 1 0.8125 0.5625 0.75 0.6875 0.8125 0.625 0.625 0.5 0.4375 0.0625 0.625 0.625 0.3125 1 0.625
0.6875 0.8125 0.5625 0.5625 0.0625 0.875 0.25 0 0.5625 0.625 0.75 0.3125 0.625 0.375 0.8125 0.4375 0.5 0.3125 0.1875 1
0.8125 0.8125 0.6875 0.6875 0.1875 0.375 0.125 0.3125 0.4375 1 0.8125 0.9375 0.5 0.375 0.25 0.1875 0.6875 0.8125 0.8125 0.9375
0.5625 0.5 0.5 0.25 0.8125 0.3125 0.3125 0.625 0.375 0.1875 0.25 1 0 0.875 0.3125 0.4375 0.6875 0.875 0.5625 0.875
