20
50
12
0 0 0 0 0 0 0 0 0 0 0 0 0 0 1 0 0 0 0 1 0 0 0 0 0 0 0 1 0 0 0 1 0 1 0 1 0 0 0 1
0 0 0 0 0 1 0 0 0 0 0 0 0 0 0 1 0 0 0 0 2 0 0 0 0 0 0 0 0 1 1 1 0 0 1 0 0 0 1 0
0 1 0 1 0 0 0 0 1 0 0 0 1 0 0 0 0 1 0 0 0 0 0 0 0 0 1 0 0 0 0 0 1 0 0 0 0 0 0 0
0 0 0 0 0 0 1 0 0 0 0 0 0 0 1 0 0 0 0 0 0 0 0 0 0 1 0 1 0 0 0 0 0 0 1 0 0 0 0 0
0 0 0 0 0 0 0 0 2 0 0 0 1 0 0 0 0 0 0 0 0 0 0 0 0 0 0 1 0 0 1 0 1 0 0 0 0 0 0 0
0 0 0 0 0 0 0 0 0 0 0 0 0 0 0 0 1 0 0 1 0 0 1 1 0 0 0 0 0 0 1 0 0 0 1 0 0 0 0 0
0 0 0 0 0 0 1 1 1 0 0 0 0 0 0 0 0 0 0 0 0 0 0 1 1 0 0 0 0 0 0 0 0 0 0 0 0 0 0 0
0 0 0 0 1 0 0 1 1 0 0 0 0 1 0 0 0 0 0 0 0 0 0 2 0 0 0 1 0 0 0 0 0 1 0 0 0 1 0 1
0 0 0 0 1 1 0 0 0 0 0 1 0 0 0 0 1 1 1 0 0 0 0 0 0 0 0 0 0 0 0 0 0 0 0 0 0 0 0 0
1 0 1 0 0 0 0 0 0 0 0 0 0 0 0 0 0 0 0 0 0 0 0 0 0 0 0 0 0 0 0 0 0 0 0 0 0 0 0 0
0 1 0 0 0 0 1 0 0 1 0 0 0 0 1 0 1 0 0 0 0 0 0 1 0 0 1 0 0 0 0 0 0 0 0 0 1 2 0 1
1 0 0 0 0 0 0 0 0 1 0 0 0 0 0 0 0 0 0 0 0 0 0 0 1 0 1 1 1 0 0 0 0 0 0 0 0 0 0 0
27 16 17 8 19 28 10 16 17 17 16 23 18 14 13 21 17 13 15 17
24 16 17 18 19 18 11 12 14 25 15 15 10 12 16 17 13 9 13 19
18 19 24 21 13 15 18 14 15 15 16 21 19 17 16 25 16 13 15 14
13 10 16 10 15 12 10 13 19 15 14 21 20 9 13 24 18 13 18 8
11 10 20 12 13 13 10 12 17 15 16 16 15 12 12 19 11 12 24 24
20 12 16 9 25 16 11 20 10 14 18 14 17 19 13 22 18 13 18 12
12 18 18 16 22 12 14 20 19 7 22 16 16 9 23 19 17 9 14 13
21 9 14 16 14 13 18 20 11 18 20 18 14 21 13 15 18 14 15 24
28 19 17 10 12 19 10 17 10 23 13 14 20 34 18 11 11 20 19 23
10 23 16 17 13 18 17 15 14 10 11 13 21 15 15 16 15 18 16 11
17 17 21 13 12 14 15 9 21 18 10 14 11 19 13 13 24 8 21 22
16 18 9 15 19 18 17 12 18 19 18 16 13 16 20 15 14 30 14 13
11 21 14 19 22 14 18 19 12 12 20 14 26 20 14 21 11 8 21 15
18 19 15 13 17 13 14 16 15 17 16 9 11 13 22 18 15 10 17 27
12 17 21 26 10 16 16 13 13 12 13 19 15 15 18 18 14 10 19 20
16 23 8 17 16 13 16 21 11 15 19 14 21 21 19 17 15 13 9 13
18 11 19 13 10 19 14 22 19 21 22 21 12 9 18 15 15 17 22 13
23 16 16 16 13 14 9 13 28 10 18 15 13 15 8 13 20 21 13 15
16 15 15 28 19 11 17 20 12 17 17 19 14 12 12 12 13 20 13 14
19 16 13 17 12 19 8 16 16 16 18 8 9 24 17 23 14 12 18 17
17 17 15 16 17 23 17 20 29 10 10 17 15 18 8 17 14 15 15 16
17 20 12 12 18 11 14 16 12 12 29 12 7 16 12 17 13 19 16 13
19 18 17 17 24 14 12 11 11 15 16 11 15 17 13 16 17 19 11 19
12 20 14 21 17 18 17 10 21 15 21 21 13 11 15 18 20 19 13 9
18 12 24 13 20 15 17 13 7 14 13 12 19 16 15 14 17 20 20 19
16 15 17 19 16 18 19 17 13 24 14 15 18 13 13 14 20 14 25 19
10 19 8 15 14 18 20 16 13 16 13 10 17 11 16 22 16 16 17 22
12 21 18 28 14 12 23 20 15 15 16 13 18 25 24 19 19 15 19 15
14 19 25 15 17 16 17 17 17 14 16 16 18 21 14 23 22 15 16 13
20 14 13 15 33 11 18 16 11 21 12 20 21 18 16 16 15 28 22 13
15 15 23 12 25 20 12 21 11 19 10 11 15 20 21 13 17 15 19 24
14 13 10 12 24 16 14 11 12 15 16 10 15 10 14 10 21 17 17 24
15 28 15 15 17 19 26 13 10 9 14 12 18 18 20 16 15 10 20 12
15 10 24 20 12 19 14 13 19 12 17 19 13 17 10 14 11 10 11 19
11 20 16 13 20 15 17 27 11 14 12 24 16 17 18 21 14 22 26 14
22 17 17 16 21 19 18 21 14 18 23 12 15 18 18 20 11 22 12 8
20 16 13 18 21 14 16 15 12 9 17 16 16 14 14 20 18 30 24 20
10 18 12 21 19 15 12 18 16 15 21 19 10 18 16 17 20 12 17 17
15 15 21 21 17 14 18 16 14 14 25 16 15 13 23 8 11 12 7 20
13 14 18 17 20 8 12 20 10 14 25 13 11 21 19 16 23 12 13 15
11 25 19 18 15 16 17 20 23 22 17 20 12 15 26 17 8 6 12 15
13 14 16 14 16 15 13 17 16 13 17 9 9 24 21 13 19 21 19 23
19 15 13 10 12 20 11 12 14 19 12 24 11 15 13 16 14 13 12 14
18 16 16 9 18 17 7 20 22 16 19 14 17 20 18 13 14 15 14 17
28 12 11 15 10 12 12 19 14 22 24 15 11 19 12 23 24 13 22 12
16 27 16 12 12 16 15 13 14 24 16 11 14 21 17 14 28 17 18 15
13 21 19 17 18 8 15 10 15 15 15 17 19 15 14 7 15 26 16 18
20 12 21 18 10 15 10 21 13 8 21 11 18 14 14 7 12 24 20 13
13 24 11 15 8 31 17 22 20 12 18 15 9 14 17 12 14 23 13 16
12 16 11 17 11 17 15 24 16 11 17 16 17 23 15 16 16 22 12 24
0 0.5625 0.5 1 0.375 0 0.9375 0.5625 0.5 0.5 0.5625 0.125 0.4375 0.6875 0.75 0.25 0.5 0.75 0.625 0.5
0.0625 0.5625 0.5 0.4375 0.375 0.4375 0.875 0.8125 0.6875 0 0.625 0.625 0.9375 0.8125 0.5625 0.5 0.75 1 0.75 0.375
0.4375 0.375 0.0625 0.25 0.75 0.625 0.4375 0.6875 0.625 0.625 0.5625 0.25 0.375 0.5 0.5625 0 0.5625 0.75 0.625 0.6875
0.75 0.9375 0.5625 0.9375 0.625 0.8125 0.9375 0.75 0.375 0.625 0.6875 0.25 0.3125 1 0.75 0.0625 0.4375 0.75 0.4375 1
0.875 0.9375 0.3125 0.8125 0.75 0.75 0.9375 0.8125 0.5 0.625 0.5625 0.5625 0.625 0.8125 0.8125 0.375 0.875 0.8125 0.0625 0.0625
0.3125 0.8125 0.5625 1 0 0.5625 0.875 0.3125 0.9375 0.6875 0.4375 0.6875 0.5 0.375 0.75 0.1875 0.4375 0.75 0.4375 0.8125
0.8125 0.4375 0.4375 0.5625 0.1875 0.8125 0.6875 0.3125 0.375 1 0.1875 0.5625 0.5625 1 0.125 0.375 0.5 1 0.6875 0.75
0.25 1 0.6875 0.5625 0.6875 0.75 0.4375 0.3125 0.875 0.4375 0.3125 0.4375 0.6875 0.25 0.75 0.625 0.4375 0.6875 0.625 0.0625
0 0.375 0.5 0.9375 0.8125 0.375 0.9375 0.5 0.9375 0.125 0.75 0.6875 0.3125 0 0.4375 0.875 0.875 0.3125 0.375 0.125
0.9375 0.125 0.5625 0.5 0.75 0.4375 0.5 0.625 0.6875 0.9375 0.875 0.75 0.25 0.625 0.625 0.5625 0.625 0.4375 0.5625 0.875
0.5 0.5 0.25 0.75 0.8125 0.6875 0.625 1 0.25 0.4375 0.9375 0.6875 0.875 0.375 0.75 0.75 0.0625 1 0.25 0.1875
0.5625 0.4375 1 0.625 0.375 0.4375 0.5 0.8125 0.4375 0.375 0.4375 0.5625 0.75 0.5625 0.3125 0.625 0.6875 0 0.6875 0.75
0.875 0.25 0.6875 0.375 0.1875 0.6875 0.4375 0.375 0.8125 0.8125 0.3125 0.6875 0 0.3125 0.6875 0.25 0.875 1 0.25 0.625
0.4375 0.375 0.625 0.75 0.5 0.75 0.6875 0.5625 0.625 0.5 0.5625 1 0.875 0.75 0.1875 0.4375 0.625 0.9375 0.5 0
0.8125 0.5 0.25 0 0.9375 0.5625 0.5625 0.75 0.75 0.8125 0.75 0.375 0.625 0.625 0.4375 0.4375 0.6875 0.9375 0.375 0.3125
0.5625 0.125 1 0.5 0.5625 0.75 0.5625 0.25 0.875 0.625 0.375 0.6875 0.25 0.25 0.375 0.5 0.625 0.75 1 0.75
0.4375 0.875 0.375 0.75 0.9375 0.375 0.6875 0.1875 0.375 0.25 0.1875 0.25 0.8125 1 0.4375 0.625 0.625 0.5 0.1875 0.75
0.125 0.5625 0.5625 0.5625 0.75 0.6875 1 0.75 0 0.9375 0.4375 0.625 0.75 0.625 1 0.75 0.3125 0.25 0.75 0.625
0.5625 0.625 0.625 0 0.375 0.875 0.5 0.3125 0.8125 0.5 0.5 0.375 0.6875 0.8125 0.8125 0.8125 0.75 0.3125 0.75 0.6875
0.375 0.5625 0.75 0.5 0.8125 0.375 1 0.5625 0.5625 0.5625 0.4375 1 1 0.0625 0.5 0.125 0.6875 0.8125 0.4375 0.5
0.5 0.5 0.625 0.5625 0.5 0.125 0.5 0.3125 0 0.9375 0.9375 0.5 0.625 0.4375 1 0.5 0.6875 0.625 0.625 0.5625
0.5 0.3125 0.8125 0.8125 0.4375 0.875 0.6875 0.5625 0.8125 0.8125 0 0.8125 1 0.5625 0.8125 0.5 0.75 0.375 0.5625 0.75
0.375 0.4375 0.5 0.5 0.0625 0.6875 0.8125 0.875 0.875 0.625 0.5625 0.875 0.625 0.5 0.75 0.5625 0.5 0.375 0.875 0.375
0.8125 0.3125 0.6875 0.25 0.5 0.4375 0.5 0.9375 0.25 0.625 0.25 0.25 0.75 0.875 0.625 0.4375 0.3125 0.375 0.75 1
0.4375 0.8125 0.0625 0.75 0.3125 0.625 0.5 0.75 1 0.6875 0.75 0.8125 0.375 0.5625 0.625 0.6875 0.5 0.3125 0.3125 0.375
0.5625 0.625 0.5 0.375 0.5625 0.4375 0.375 0.5 0.75 0.0625 0.6875 0.625 0.4375 0.75 0.75 0.6875 0.3125 0.6875 0 0.375
0.9375 0.375 1 0.625 0.6875 0.4375 0.3125 0.5625 0.75 0.5625 0.75 0.9375 0.5 0.875 0.5625 0.1875 0.5625 0.5625 0.5 0.1875
0.8125 0.25 0.4375 0 0.6875 0.8125 0.125 0.3125 0.625 0.625 0.5625 0.75 0.4375 0 0.0625 0.375 0.375 0.625 0.375 0.625
0.6875 0.375 0 0.625 0.5 0.5625 0.5 0.5 0.5 0.6875 0.5625 0.5625 0.4375 0.25 0.6875 0.125 0.1875 0.625 0.5625 0.75
0.3125 0.6875 0.75 0.625 0 0.875 0.4375 0.5625 0.875 0.25 0.8125 0.3125 0.25 0.4375 0.5625 0.5625 0.625 0 0.1875 0.75
0.625 0.625 0.125 0.8125 0 0.3125 0.8125 0.25 0.875 0.375 0.9375 0.875 0.625 0.3125 0.25 0.75 0.5 0.625 0.375 0.0625
0.6875 0.75 0.9375 0.8125 0.0625 0.5625 0.6875 0.875 0.8125 0.625 0.5625 0.9375 0.625 0.9375 0.6875 0.9375 0.25 0.5 0.5 0.0625
0.625 0 0.625 0.625 0.5 0.375 0 0.75 0.9375 1 0.6875 0.8125 0.4375 0.4375 0.3125 0.5625 0.625 0.9375 0.3125 0.8125
0.625 0.9375 0.0625 0.3125 0.8125 0.375 0.6875 0.75 0.375 0.8125 0.5 0.375 0.75 0.5 0.9375 0.6875 0.875 0.9375 0.875 0.375
0.875 0.3125 0.5625 0.75 0.3125 0.625 0.5 0 0.875 0.6875 0.8125 0.0625 0.5625 0.5 0.4375 0.25 0.6875 0.1875 0 0.6875
0.1875 0.5 0.5 0.5625 0.25 0.375 0.4375 0.25 0.6875 0.4375 0.125 0.8125 0.625 0.4375 0.4375 0.3125 0.875 0.1875 0.8125 1
0.3125 0.5625 0.75 0.4375 0.25 0.6875 0.5625 0.625 0.8125 1 0.5 0.5625 0.5625 0.6875 0.6875 0.3125 0.4375 0 0.0625 0.3125
0.9375 0.4375 0.8125 0.25 0.375 0.625 0.8125 0.4375 0.5625 0.625 0.25 0.375 0.9375 0.4375 0.5625 0.5 0.3125 0.8125 0.5 0.5
0.625 0.625 0.25 0.25 0.5 0.6875 0.4375 0.5625 0.6875 0.6875 0 0.5625 0.625 0.75 0.125 1 0.875 0.8125 1 0.3125
0.75 0.6875 0.4375 0.5 0.3125 1 0.8125 0.3125 0.9375 0.6875 0 0.75 0.875 0.25 0.375 0.5625 0.125 0.8125 0.75 0.625
0.875 0 0.375 0.4375 0.625 0.5625 0.5 0.3125 0.125 0.1875 0.5 0.3125 0.8125 0.625 0 0.5 1 1 0.8125 0.625
0.75 0.6875 0.5625 0.6875 0.5625 0.625 0.75 0.5 0.5625 0.75 0.5 1 1 0.0625 0.25 0.75 0.375 0.25 0.375 0.125
0.375 0.625 0.75 0.9375 0.8125 0.3125 0.875 0.8125 0.6875 0.375 0.8125 0.0625 0.875 0.625 0.75 0.5625 0.6875 0.75 0.8125 0.6875
0.4375 0.5625 0.5625 1 0.4375 0.5 1 0.3125 0.1875 0.5625 0.375 0.6875 0.5 0.3125 0.4375 0.75 0.6875 0.625 0.6875 0.5
0 0.8125 0.875 0.625 0.9375 0.8125 0.8125 0.375 0.6875 0.1875 0.0625 0.625 0.875 0.375 0.8125 0.125 0.0625 0.75 0.1875 0.8125
0.5625 0 0.5625 0.8125 0.8125 0.5625 0.625 0.75 0.6875 0.0625 0.5625 0.875 0.6875 0.25 0.5 0.6875 0 0.5 0.4375 0.625
0.75 0.25 0.375 0.5 0.4375 1 0.625 0.9375 0.625 0.625 0.625 0.5 0.375 0.625 0.6875 1 0.625 0 0.5625 0.4375
0.3125 0.8125 0.25 0.4375 0.9375 0.625 0.9375 0.25 0.75 1 0.25 0.875 0.4375 0.6875 0.6875 1 0.8125 0.0625 0.3125 0.75
0.75 0.0625 0.875 0.625 1 0 0.5 0.1875 0.3125 0.8125 0.4375 0.625 1 0.6875 0.5 0.8125 0.6875 0.125 0.75 0.5625
0.8125 0.5625 0.875 0.5 0.875 0.5 0.625 0.0625 0.5625 0.875 0.5 0.5625 0.5 0.125 0.625 0.5625 0.5625 0.1875 0.8125 0.0625
