80
40
30
0 0 1 0 0 1 0 0 0 0 0 0 0 0 0 0 1 0 0 1 0 1 0 0 0 0 0 0 0 0 1 0 0 1 0 1 1 0 0 0 0 0 0 1 0 1 0 0 0 0 0 0 0 1 1 0 0 0 1 0 0 0 0 0 0 0 1 0 0 0 0 1 0 0 1 0 0 0 0 0 0 1 0 1 0 0 0 0 1 1 0 0 0 1 0 0 1 0 0 0 0 0 0 0 0 0 0 1 0 0 0 0 0 0 0 0 1 1 0 0 0 0 0 0 0 0 1 0 1 0 1 0 0 0 0 0 1 0 1 0 0 0 0 0 0 0 0 0 0 0 0 0 0 0 0 0 0 0 1 1
0 0 0 1 0 0 1 1 0 1 0 0 0 0 0 1 0 0 0 1 0 0 0 0 0 0 0 0 0 0 0 0 0 0 0 0 1 0 1 0 0 0 0 0 1 0 0 0 0 0 0 1 1 0 0 0 0 0 0 0 0 1 0 0 0 1 1 0 1 0 0 0 1 0 0 1 0 1 0 0 1 0 1 0 0 0 0 1 1 0 0 1 0 1 0 0 0 0 0 0 1 1 0 0 0 0 0 0 0 0 0 0 0 0 0 0 0 0 1 0 0 0 0 0 0 2 0 0 0 0 0 0 0 0 1 0 0 0 0 0 0 0 0 0 0 1 0 0 0 0 0 0 1 0 1 0 1 0 0 0
0 0 0 0 0 0 0 0 0 0 0 0 0 0 0 0 0 0 0 1 0 0 0 0 1 0 1 1 0 0 0 0 0 1 0 0 1 0 0 0 0 0 1 1 1 0 0 1 0 1 0 0 0 1 1 0 0 0 0 0 0 0 1 0 0 2 0 0 1 2 0 0 0 0 0 0 0 0 1 0 0 1 0 1 1 0 0 0 0 0 0 0 0 0 0 0 0 0 0 0 0 1 0 0 0 0 0 0 0 0 0 1 1 0 0 0 0 0 0 0 0 0 0 0 1 0 0 0 0 0 0 0 0 0 0 0 0 0 0 0 0 0 0 0 0 0 0 2 0 0 0 0 0 0 1 0 0 0 0 0
1 1 0 0 0 0 1 0 0 1 0 0 0 0 0 0 0 0 0 0 0 1 1 1 0 0 0 0 0 0 0 0 0 0 1 0 0 0 1 1 0 1 0 0 0 1 0 0 0 1 0 0 0 0 1 0 0 1 0 0 0 0 0 0 0 0 0 0 1 1 0 0 0 0 0 0 0 0 0 0 0 1 0 0 0 1 0 0 0 0 0 0 0 0 1 0 0 0 0 1 0 0 0 1 0 0 0 0 0 1 0 0 0 0 0 0 0 0 0 1 0 0 0 0 0 0 0 1 1 0 0 0 1 0 0 0 0 1 1 0 0 1 0 0 1 0 0 0 1 0 0 0 0 0 0 0 1 0 0 0
0 0 0 0 0 0 1 0 0 0 0 0 0 0 0 0 0 0 0 0 0 0 0 0 0 0 1 0 0 0 0 0 0 0 0 1 0 0 0 1 0 0 0 0 0 0 1 0 0 0 0 0 0 0 0 1 1 0 1 0 0 0 0 0 0 0 0 0 1 0 1 0 0 0 0 0 0 0 0 0 1 1 0 0 1 0 2 0 0 0 1 0 1 0 0 0 0 0 0 0 0 0 0 0 0 0 0 1 1 0 1 0 0 1 0 0 0 0 0 0 0 0 0 0 0 0 0 0 0 1 0 0 0 0 0 0 0 0 0 0 0 0 0 0 0 0 0 0 1 0 2 0 0 0 0 0 0 0 0 1
0 0 0 0 0 1 0 0 0 0 0 0 1 0 0 0 0 1 0 0 0 0 0 0 1 0 1 1 0 0 0 0 1 1 0 0 1 1 0 0 0 0 0 1 0 1 0 0 0 0 0 0 1 0 0 2 0 1 0 0 0 1 1 0 0 0 0 0 0 0 0 0 0 0 0 0 0 1 0 0 0 0 0 1 0 0 1 0 0 0 0 0 0 0 0 0 0 1 0 0 0 0 2 0 0 0 0 0 0 0 0 0 1 0 0 1 0 0 0 0 0 0 1 0 0 0 0 0 1 0 1 0 0 0 0 0 1 0 0 2 0 0 0 0 0 0 0 0 0 1 0 1 0 0 0 0 0 0 1 0
0 0 0 1 0 0 0 0 0 0 0 1 0 0 0 0 0 0 0 0 0 0 1 0 0 0 0 0 0 0 0 0 1 0 2 0 0 0 1 1 1 0 0 0 0 0 0 0 0 1 0 0 0 1 0 0 0 0 0 0 1 0 0 0 0 0 0 0 1 0 0 0 0 0 0 0 0 0 0 0 0 0 0 0 0 1 0 1 0 0 1 0 0 0 0 0 0 0 0 0 1 2 0 0 0 0 0 0 0 0 0 0 0 0 1 0 1 0 0 1 0 0 1 0 0 0 0 0 0 0 1 0 0 0 0 0 0 0 0 0 0 0 0 0 1 0 0 1 0 0 0 0 0 0 0 0 0 0 1 0
0 0 0 0 0 0 0 0 0 0 0 0 0 0 0 0 0 0 0 1 0 0 1 0 0 0 0 0 0 0 0 0 0 0 0 0 0 1 0 1 0 1 0 0 0 0 0 0 1 0 0 0 0 1 0 0 1 0 0 0 0 1 0 0 0 1 1 1 0 0 0 0 0 1 1 0 0 0 0 0 0 1 0 1 0 0 0 0 0 0 1 1 0 0 0 0 0 1 0 0 0 0 0 0 0 0 0 0 0 0 0 0 1 0 0 0 0 0 0 1 0 0 0 1 0 0 0 0 0 0 0 0 1 0 0 0 1 0 0 0 1 0 0 0 0 0 0 0 0 0 0 1 0 0 1 0 0 0 0 0
0 0 0 0 0 0 0 1 0 0 0 1 0 0 1 1 0 0 0 0 0 0 1 0 0 0 0 0 0 0 0 0 0 0 0 0 0 0 0 1 0 0 0 1 0 0 0 0 0 1 0 0 0 0 0 0 1 0 0 0 0 0 0 0 0 1 0 0 1 0 0 0 0 0 0 0 0 0 0 1 0 0 0 0 1 0 0 0 0 1 1 0 0 0 0 1 0 0 0 0 0 0 0 0 0 0 0 0 0 1 0 1 0 0 0 0 0 0 0 0 0 0 0 0 1 0 0 0 0 0 0 0 0 1 0 0 0 1 1 1 1 1 0 0 1 0 0 0 1 0 0 1 0 0 0 0 0 0 0 0
0 0 0 0 0 0 0 0 0 1 0 0 1 0 0 0 0 0 0 0 0 0 0 1 0 0 0 0 0 0 0 0 0 0 0 0 0 0 0 0 0 0 0 0 0 0 0 0 0 0 0 0 0 0 0 0 0 1 0 0 0 0 0 0 1 0 0 0 0 1 0 0 0 2 0 0 0 0 0 1 0 0 0 1 0 0 0 0 1 0 1 0 0 0 0 0 0 0 1 0 1 0 0 0 1 1 0 2 0 0 0 0 0 1 1 0 0 0 0 0 0 1 0 0 0 0 0 0 0 0 0 0 1 0 0 0 0 1 0 0 0 1 1 1 0 0 0 0 0 0 0 0 1 0 0 1 0 0 0 0
0 0 0 0 1 0 0 0 0 0 0 1 0 0 0 0 0 0 0 0 0 0 0 0 0 0 1 0 0 0 0 0 0 0 0 0 0 0 1 0 0 1 0 0 0 0 0 0 0 1 1 0 0 0 0 0 0 0 0 1 0 0 0 1 0 0 0 0 1 0 0 0 0 0 0 0 0 0 0 0 0 0 0 1 0 0 0 0 0 0 0 0 0 0 0 0 0 1 0 0 0 0 0 0 0 1 0 0 0 0 0 1 0 0 0 0 0 0 0 1 0 0 0 0 1 0 1 0 0 0 0 0 0 1 1 0 0 0 0 1 0 1 1 0 1 1 0 1 1 0 0 0 0 0 0 0 0 1 0 0
0 0 0 0 1 0 0 1 0 0 1 0 0 0 0 0 0 0 0 0 0 0 0 1 0 0 2 0 0 0 0 0 1 0 0 0 0 0 0 0 0 0 0 0 0 0 0 0 0 0 0 0 0 1 0 0 0 0 0 0 0 0 0 0 0 0 0 2 0 1 0 0 0 1 0 0 0 0 0 0 0 0 0 0 0 0 0 0 0 0 0 0 0 0 0 1 0 1 0 0 0 1 0 0 0 0 0 0 0 0 0 0 0 0 0 0 1 0 0 0 1 0 0 0 1 0 0 0 0 1 0 0 0 1 0 1 0 0 0 0 0 0 0 0 0 1 0 0 0 0 0 0 1 0 0 0 0 0 0 1
0 0 0 0 1 0 0 0 0 0 0 0 1 1 0 1 0 0 0 0 1 0 0 0 0 0 0 0 0 0 1 0 0 0 1 1 1 0 0 0 0 1 0 0 0 0 0 1 0 1 0 0 0 0 1 0 0 0 0 0 0 0 0 1 0 0 0 0 0 0 1 0 1 2 0 0 0 0 0 0 0 0 0 0 0 0 1 0 0 0 0 0 0 0 0 0 0 1 0 0 0 0 0 0 0 0 0 0 1 0 0 0 0 0 0 0 0 1 0 0 0 0 0 1 1 0 0 0 0 0 0 0 0 0 0 1 0 0 1 0 1 0 0 1 1 1 0 1 1 0 0 0 0 0 0 0 0 0 2 0
0 0 0 0 0 0 0 0 0 0 0 0 1 1 0 0 0 0 1 0 0 0 0 0 0 1 0 0 1 0 0 0 0 1 0 0 0 0 0 1 0 0 0 1 0 0 0 0 1 0 1 0 1 0 0 1 0 0 1 1 0 0 0 0 0 0 0 0 0 0 0 0 0 1 0 0 0 1 0 0 0 0 0 0 0 0 0 0 0 0 0 0 0 0 0 1 0 0 0 0 0 1 0 1 2 1 0 1 0 0 0 1 1 0 0 1 0 0 0 1 1 0 1 0 0 0 0 0 1 0 0 0 0 1 0 0 1 0 0 0 0 1 0 1 0 0 0 0 0 0 0 0 0 0 1 0 0 0 0 0
1 0 0 0 0 0 0 0 0 1 0 0 0 0 0 1 1 0 0 0 1 0 0 1 0 0 0 0 0 0 0 0 1 0 0 1 1 0 1 0 0 0 0 0 0 0 0 1 0 0 1 0 0 0 0 0 1 0 0 0 0 0 0 0 0 0 0 0 0 0 0 1 1 0 0 0 0 0 0 0 1 0 0 0 0 0 1 0 0 0 0 0 0 0 0 0 0 0 0 0 0 0 0 0 0 0 0 0 1 1 0 0 0 0 0 0 1 1 1 0 1 0 1 0 0 0 0 0 1 2 0 0 0 0 0 0 0 0 0 0 0 0 0 0 0 0 0 0 0 0 0 0 0 0 0 1 0 0 0 0
0 0 0 0 0 1 0 0 0 1 0 2 1 1 0 0 1 0 0 0 0 1 0 1 0 0 2 0 0 1 0 0 1 0 0 0 0 0 0 0 0 1 0 0 1 0 0 1 0 0 0 0 0 0 1 0 0 0 0 0 0 1 1 0 1 0 0 0 0 0 0 0 0 0 1 0 0 0 0 0 0 0 0 1 0 0 0 0 1 0 1 0 1 1 0 0 0 0 2 0 2 0 1 0 0 0 0 1 0 0 1 0 0 0 1 0 0 0 0 0 0 0 0 0 0 0 0 0 1 0 1 0 0 0 0 0 0 0 0 0 0 0 0 1 0 1 1 0 0 0 0 1 0 0 1 0 0 0 0 0
0 0 0 0 0 0 0 0 1 0 0 0 0 0 0 1 0 0 1 0 1 0 0 0 0 0 0 1 1 0 0 0 0 0 0 0 0 0 1 0 0 0 1 0 1 0 0 0 0 0 0 0 1 0 1 0 0 0 0 0 0 0 1 0 0 0 1 1 0 0 0 0 0 1 0 0 0 1 0 0 0 1 0 0 0 0 0 0 1 1 0 0 0 0 0 0 1 1 1 0 0 0 1 1 0 0 1 0 0 1 0 1 0 1 0 0 0 0 0 0 1 0 0 0 0 0 0 0 0 0 1 1 0 0 0 0 1 0 0 0 0 0 0 0 0 0 0 1 0 0 0 1 1 0 0 0 0 0 0 1
1 1 0 0 0 0 0 1 1 0 0 0 0 0 0 0 0 1 0 0 0 0 1 0 0 0 0 0 1 0 0 0 0 0 0 0 1 0 0 0 1 0 0 0 0 0 0 0 0 0 0 0 0 0 0 0 1 0 0 0 0 1 0 0 0 0 0 0 1 0 0 0 0 0 0 0 0 0 0 0 0 0 1 0 0 1 0 0 0 0 0 1 0 1 0 0 0 0 0 0 0 0 0 0 0 0 0 1 0 0 1 0 0 1 0 0 1 0 0 0 1 1 0 0 0 0 0 0 0 1 0 0 1 0 0 0 0 0 0 0 0 0 0 0 1 0 1 0 1 1 0 0 1 1 0 0 0 0 0 1
0 0 0 0 1 0 0 0 0 1 0 0 0 0 0 0 0 0 0 0 0 0 0 0 0 0 0 0 0 1 0 0 0 1 0 0 1 0 0 0 0 0 0 1 1 0 0 0 0 0 0 0 0 0 0 0 1 1 0 0 0 0 0 0 1 0 0 0 0 0 0 1 0 0 0 0 0 0 0 0 0 1 0 0 0 0 0 0 0 0 0 1 0 1 0 0 0 1 0 0 0 0 0 0 0 0 0 0 0 0 1 1 0 0 0 0 0 1 0 0 1 0 0 0 0 1 0 0 0 1 0 0 0 0 0 0 0 0 0 1 0 0 0 0 0 0 0 0 1 0 0 1 0 0 0 0 0 1 0 0
1 0 0 0 0 0 0 0 0 1 0 0 0 0 0 0 1 0 0 1 0 0 0 0 0 0 0 0 0 0 0 0 0 0 0 0 0 0 0 0 1 0 0 0 0 0 0 0 0 0 0 1 0 0 0 0 0 0 1 0 0 0 0 0 0 1 0 1 0 0 0 0 0 0 0 0 0 0 0 0 0 0 0 0 0 0 0 2 0 0 0 1 0 0 0 2 0 0 0 0 0 0 0 0 0 0 0 0 1 0 0 0 1 1 0 1 0 1 0 0 0 0 2 0 1 0 0 0 0 0 0 0 1 1 0 0 1 0 0 0 1 1 1 0 1 1 0 1 0 0 0 1 1 0 0 0 0 0 0 0
0 0 0 0 0 0 1 0 0 1 0 0 0 0 0 0 0 0 0 0 1 0 0 1 0 0 0 0 0 0 0 0 0 0 0 0 0 0 0 0 0 0 0 0 1 0 0 0 0 0 0 1 1 0 0 0 0 0 0 1 0 1 0 0 0 0 0 0 0 0 0 0 0 0 0 0 1 0 0 0 1 0 1 0 0 1 0 0 0 0 0 1 0 1 0 0 0 0 0 1 0 0 1 1 0 0 1 1 1 0 0 0 0 0 0 0 0 0 0 0 0 0 1 0 0 0 0 0 1 0 1 0 1 0 0 0 1 0 0 0 0 1 0 1 0 0 0 0 0 1 0 0 0 0 0 0 0 0 0 0
0 0 0 1 0 1 1 0 1 0 0 2 0 0 0 0 0 0 0 0 0 1 0 0 0 2 0 1 1 0 0 1 0 0 0 0 0 0 0 0 1 0 0 0 0 1 0 0 0 1 1 0 0 0 0 0 0 0 1 0 0 0 0 0 0 1 1 0 0 0 0 0 0 1 0 0 0 0 0 0 0 1 1 0 0 0 0 1 0 0 0 0 0 0 0 0 1 0 0 1 0 1 0 0 0 0 0 0 1 0 0 0 1 0 0 0 0 0 0 0 0 0 0 0 0 0 1 0 1 0 0 1 1 1 0 0 0 0 0 0 0 0 0 0 0 1 0 0 0 0 0 0 1 0 0 0 0 0 1 0
1 1 0 0 0 0 1 0 0 1 0 0 0 0 0 1 0 0 0 1 0 0 0 1 0 1 0 0 0 0 1 1 0 0 1 0 0 0 0 0 0 0 0 0 0 0 0 0 0 0 0 0 0 0 0 0 0 0 0 0 0 1 1 0 1 1 0 0 0 0 1 1 0 0 0 0 0 0 1 0 0 0 0 0 0 1 0 0 1 1 0 1 0 0 1 0 1 0 0 0 0 0 2 0 0 0 0 1 0 0 0 0 0 0 0 0 0 1 0 0 0 0 0 0 1 0 1 1 0 1 0 0 0 0 0 0 0 0 0 0 0 1 0 0 0 0 0 1 1 0 0 0 0 1 0 0 0 0 0 0
1 0 1 1 0 1 0 0 0 0 0 0 0 0 1 0 0 0 1 0 0 0 1 0 0 0 0 0 1 0 0 0 0 0 1 0 0 0 0 0 0 0 0 0 0 0 0 1 0 0 0 0 1 2 0 0 0 0 0 0 0 0 1 0 0 0 0 0 1 0 0 0 0 0 1 0 0 0 0 0 0 0 0 1 1 0 0 1 1 0 0 0 0 1 0 0 0 0 0 0 0 0 0 1 0 0 0 0 0 0 0 0 1 0 0 0 0 0 0 0 0 0 1 0 0 0 1 0 0 1 0 0 0 0 0 1 1 0 0 0 0 0 0 1 0 0 0 0 0 1 0 0 0 0 0 1 0 0 1 1
0 0 0 0 0 0 0 0 0 0 0 0 0 0 0 0 0 0 0 0 0 0 0 0 0 1 0 0 1 1 0 0 0 0 0 0 0 0 0 0 0 0 0 0 0 0 0 0 0 0 0 0 0 2 0 0 0 0 0 0 0 0 0 1 0 0 2 0 1 0 0 0 0 1 0 0 1 2 1 0 0 1 0 0 0 0 1 0 0 0 0 0 1 0 0 0 0 0 0 0 1 0 0 0 1 0 2 0 1 0 0 1 0 0 1 0 0 0 0 0 1 0 0 0 0 0 0 0 0 0 0 0 0 1 0 0 1 1 0 0 0 1 0 0 0 1 0 0 0 0 0 0 0 0 0 0 1 0 0 1
1 1 0 0 0 1 1 0 0 1 1 0 0 0 0 0 2 0 1 0 0 0 0 0 1 1 2 0 0 0 0 0 1 0 0 0 0 0 1 0 1 0 0 0 0 0 0 1 0 0 0 0 0 0 0 0 0 0 0 0 1 1 0 0 0 0 0 0 0 0 0 0 0 0 0 0 1 0 0 2 0 0 0 0 0 0 0 0 0 1 0 1 1 0 0 0 0 0 0 0 0 0 1 0 0 1 1 1 0 0 1 1 0 1 0 0 0 0 1 0 0 0 0 0 0 0 0 0 0 0 0 1 0 1 0 0 0 0 0 0 0 0 0 0 1 0 0 0 0 0 0 0 0 1 0 0 0 1 1 0
0 0 0 0 0 0 0 0 0 1 0 0 0 2 0 0 1 0 0 2 0 0 0 0 0 0 0 1 0 0 0 0 0 1 0 0 0 0 0 1 1 0 0 0 0 1 0 0 1 0 1 0 0 1 0 0 1 0 0 0 0 0 0 0 0 0 0 0 0 0 0 0 0 0 0 0 0 0 0 0 1 0 0 1 0 0 0 0 0 0 0 0 0 0 0 0 0 0 0 1 1 0 0 1 0 0 0 0 0 0 1 0 0 0 0 0 0 0 0 0 0 0 0 0 0 0 0 0 0 0 0 0 0 0 1 0 0 0 0 0 0 0 0 0 0 0 1 0 0 0 0 1 0 0 0 0 0 0 0 0
0 0 1 0 0 0 1 0 0 0 1 0 0 0 1 0 0 0 1 0 0 0 1 0 0 0 1 0 0 0 0 1 0 0 0 0 0 0 0 1 1 0 0 2 0 0 1 1 0 0 0 1 0 0 0 0 0 0 0 0 0 0 1 0 0 0 0 0 0 1 0 0 0 0 0 0 0 0 0 0 1 0 1 0 0 0 0 1 1 0 0 0 1 0 0 0 0 0 0 0 0 0 1 1 0 0 0 0 0 1 0 1 0 0 1 0 0 0 0 0 0 0 0 1 0 0 0 0 0 0 2 1 0 0 0 0 0 0 0 0 0 1 0 0 0 0 0 1 0 0 0 0 0 1 0 0 0 0 1 0
0 1 0 0 1 0 0 0 0 1 0 0 0 1 0 0 0 0 0 0 0 0 0 0 1 0 0 0 1 0 1 0 0 0 0 0 0 0 0 1 0 1 0 0 0 1 1 0 0 0 0 0 0 0 0 0 1 0 0 0 0 0 0 0 0 0 1 1 0 0 0 0 0 0 0 0 0 0 0 0 1 0 0 0 0 0 0 1 0 0 0 1 0 0 0 0 0 0 0 0 0 1 0 0 0 0 0 0 0 0 0 0 0 0 0 1 0 0 0 0 0 0 0 2 0 0 0 1 0 0 2 0 0 0 1 0 0 0 0 0 0 0 1 0 1 0 0 0 0 0 1 0 0 0 1 0 0 1 1 0
0 0 1 0 0 1 1 0 0 1 0 1 0 1 1 0 0 0 0 0 0 0 0 0 1 0 0 1 0 1 0 0 0 1 0 0 0 0 0 0 0 0 0 0 0 0 1 0 0 0 0 0 0 0 0 0 0 0 0 1 0 0 0 0 0 0 0 1 0 0 0 0 0 0 0 0 0 1 0 0 0 0 0 0 0 0 0 0 1 0 0 0 1 0 0 0 0 0 0 0 0 1 0 0 0 0 0 0 0 1 2 0 0 1 0 0 0 0 0 0 0 0 0 0 1 0 0 1 1 0 0 0 0 0 0 0 2 0 0 1 0 0 0 0 0 0 0 1 0 0 0 1 0 0 0 0 0 0 1 0
10 12 17 9 17 12 16 10 10 22 15 12 18 12 11 18 19 12 13 7 19 15 12 19 18 8 17 14 9 20 13 16 19 19 19 16 12 27 10 13 18 14 15 15 18 17 16 15 15 11 15 15 15 17 12 16 24 14 28 8 14 21 13 15 12 20 12 17 11 12 15 21 12 16 12 11 12 18 21 12
16 19 16 18 13 16 15 14 12 7 12 17 14 20 16 13 18 10 15 16 15 10 14 16 15 16 18 13 16 13 18 18 13 19 18 20 10 15 12 15 10 18 14 18 7 22 17 23 16 13 16 11 24 17 15 13 11 12 20 14 14 12 9 10 17 17 14 17 22 17 13 14 11 11 18 17 12 15 30 20
18 18 17 24 21 13 10 10 15 15 22 19 20 14 15 16 14 13 20 19 17 17 18 13 10 16 16 14 16 22 18 19 12 20 17 15 20 16 14 6 23 21 25 17 9 20 16 18 9 12 14 18 10 14 17 14 14 17 11 12 29 12 14 13 14 27 18 12 16 10 19 20 18 15 15 27 10 22 23 19
18 16 18 19 22 14 13 13 19 19 18 26 14 19 17 23 16 16 9 10 14 17 10 20 15 20 18 15 18 14 17 10 14 19 15 13 20 15 20 19 20 22 15 18 15 16 14 15 16 17 14 14 16 18 13 12 18 13 15 19 23 15 13 13 9 21 26 14 12 14 21 17 13 10 31 22 10 14 17 12
10 9 19 12 12 16 13 17 13 17 17 17 16 15 32 20 16 15 15 24 21 17 21 20 22 11 16 20 6 23 23 16 15 18 24 12 13 18 17 26 15 21 15 19 16 8 14 18 15 18 19 14 13 19 9 21 12 26 11 23 21 14 14 20 13 10 15 27 19 18 17 18 20 27 20 14 22 11 16 20
13 15 13 27 14 17 15 20 12 12 14 13 14 15 16 15 21 19 21 19 18 17 13 15 26 13 20 18 13 13 12 10 12 14 20 18 15 21 18 9 19 9 19 17 23 18 27 10 19 12 22 11 17 12 20 11 12 13 10 15 22 18 19 18 20 20 16 14 13 16 24 19 13 20 12 11 12 14 13 17
15 8 14 18 23 16 20 16 19 13 21 14 12 23 19 14 23 15 18 19 13 17 15 18 25 21 18 16 11 17 12 12 11 19 9 18 16 17 13 18 20 17 19 11 14 22 15 9 13 20 11 20 13 14 18 16 18 15 17 14 16 14 18 13 20 20 17 13 16 12 10 22 20 10 27 25 20 14 11 16
18 15 20 16 21 18 10 14 20 12 17 31 21 18 8 12 15 16 14 20 15 10 10 4 28 18 15 26 15 10 16 20 15 14 19 21 12 16 10 18 11 15 22 14 12 19 25 19 11 18 14 16 25 21 12 14 13 15 13 22 14 11 20 17 11 14 22 18 16 20 15 11 12 18 19 16 18 16 16 20
13 12 16 25 13 25 14 19 24 16 23 10 9 23 19 17 15 19 15 25 14 24 18 17 14 25 13 20 13 10 18 16 8 12 20 16 13 19 17 28 12 15 11 15 10 17 10 14 19 7 10 16 14 11 9 19 10 11 15 20 14 10 14 15 22 9 16 8 14 14 8 17 20 16 16 10 18 17 15 16
9 16 28 24 16 18 14 16 14 16 16 14 22 14 16 18 20 11 15 14 13 16 16 17 10 14 19 21 13 16 27 16 17 24 19 27 16 12 22 13 14 17 11 14 11 21 15 23 20 12 21 10 10 19 19 14 25 33 20 17 17 14 22 15 16 25 9 11 24 29 13 16 10 15 19 14 19 23 18 15
25 14 16 18 10 17 15 24 12 22 17 12 11 12 17 19 16 16 10 17 21 14 19 10 9 20 7 17 16 16 18 23 12 12 25 15 13 23 20 20 25 10 21 15 17 16 11 20 10 10 11 16 10 21 12 14 15 14 24 14 15 15 21 13 7 22 9 18 13 19 20 21 18 19 14 15 10 15 14 23
22 23 12 16 16 16 13 12 18 15 26 15 23 12 11 18 14 27 12 10 12 17 19 19 16 20 21 17 17 14 11 12 14 17 19 14 14 16 18 9 23 14 20 13 23 16 15 14 14 15 11 14 17 15 11 18 20 19 23 24 14 18 18 21 16 18 12 32 11 16 15 18 16 15 18 18 19 10 20 16
16 19 14 22 19 18 15 9 18 21 15 10 19 12 20 17 19 10 17 21 15 14 21 20 15 22 20 14 17 11 18 16 18 20 19 20 14 12 16 10 22 13 22 25 13 21 18 8 19 14 19 16 29 15 18 10 19 9 8 17 16 20 24 15 19 12 19 28 16 11 17 16 12 19 22 33 13 11 7 21
9 16 12 17 13 11 25 11 25 20 25 14 14 8 13 19 16 8 11 7 23 14 14 17 16 14 10 14 14 16 25 15 21 23 12 16 23 18 18 14 20 10 18 17 16 9 22 20 12 13 23 27 20 19 17 14 15 11 17 14 22 16 14 20 19 20 15 11 23 14 8 10 15 9 22 13 11 15 16 14
16 10 14 23 14 12 16 25 13 23 19 17 25 17 31 20 18 20 15 14 20 16 17 23 20 24 17 10 11 15 16 22 15 18 9 10 15 17 22 21 15 13 13 16 10 10 20 14 18 16 12 15 11 15 12 17 20 20 17 13 13 12 14 21 14 14 11 16 14 16 18 12 17 15 21 14 17 15 17 17
23 10 16 19 16 11 12 15 13 8 10 17 31 16 10 25 17 14 10 15 16 9 11 11 13 15 5 15 11 18 9 15 25 11 22 14 17 15 18 15 16 17 14 23 21 12 11 14 23 17 16 21 17 12 14 10 13 15 24 15 18 13 13 19 16 13 19 27 12 12 15 16 19 18 17 12 12 9 13 14
14 9 21 23 17 16 12 17 14 17 17 14 17 17 14 21 22 17 19 19 14 31 13 26 19 17 17 18 9 8 14 17 17 17 19 11 14 18 23 18 18 17 22 16 14 13 14 13 19 15 21 10 21 15 17 25 14 21 17 9 17 20 17 16 14 12 15 15 13 20 17 18 15 24 16 21 16 13 23 10
18 15 20 17 24 18 11 25 15 12 19 15 7 18 13 19 14 15 20 8 20 13 22 13 14 12 15 21 19 17 15 13 16 16 13 14 17 26 18 18 7 16 16 10 19 14 13 19 16 15 21 14 21 9 18 20 19 17 17 16 20 18 20 19 17 23 15 18 20 15 10 12 15 10 16 17 18 15 16 12
14 15 21 21 17 14 13 11 9 15 17 15 15 17 13 19 16 12 11 16 20 19 19 13 13 13 13 15 14 6 18 10 21 14 14 16 13 13 12 8 16 20 6 20 19 14 11 17 17 24 29 11 12 24 17 20 13 15 13 17 25 9 18 16 15 14 12 14 15 28 17 14 11 16 17 13 12 11 22 8
19 15 14 19 14 11 22 12 24 15 14 17 18 18 15 17 23 10 14 16 17 16 15 22 22 15 6 10 26 11 17 19 15 19 16 11 13 22 16 9 14 21 22 21 23 23 21 15 10 15 17 11 9 16 20 14 18 11 20 18 27 15 19 16 17 15 18 10 15 11 16 17 23 13 24 19 14 20 10 17
16 23 13 20 12 9 12 28 18 13 12 11 22 19 12 14 9 26 18 15 17 17 14 20 16 10 19 15 14 17 14 14 18 16 16 10 12 19 11 13 22 11 14 17 18 11 19 18 20 15 17 16 20 15 18 17 26 18 14 15 18 30 17 18 22 15 11 20 25 16 16 11 18 19 11 14 16 15 14 19
11 25 15 22 10 16 17 15 15 9 17 15 8 14 20 15 14 16 9 21 10 24 11 13 15 14 14 18 14 17 21 18 13 20 21 14 10 13 12 11 17 12 6 29 15 12 21 21 17 11 14 17 13 16 8 5 23 13 14 30 21 11 12 10 24 24 18 14 18 12 14 22 13 18 11 16 17 18 21 18
16 17 15 18 14 21 21 17 21 11 10 14 17 8 11 13 17 8 13 20 17 25 23 14 24 20 18 16 16 16 16 19 8 23 15 17 13 15 12 17 14 23 15 14 18 17 16 13 9 9 22 21 13 18 11 17 17 17 27 20 18 16 19 9 13 17 22 14 16 17 12 15 17 17 22 15 15 14 17 19
24 21 22 16 17 21 22 17 22 18 19 12 23 10 17 16 13 20 11 19 13 22 19 14 9 17 21 7 15 14 23 19 17 17 10 20 12 20 20 14 17 20 14 15 18 9 9 14 16 16 18 22 16 10 15 20 10 19 21 14 17 14 15 13 11 15 14 14 14 12 12 18 10 14 14 13 22 15 19 13
16 12 11 17 17 19 12 10 9 12 16 21 26 14 21 27 13 20 20 21 21 16 21 26 18 11 16 13 13 20 17 15 17 10 23 14 17 16 8 14 10 12 9 20 13 16 14 20 10 15 14 17 15 18 12 20 20 18 18 22 13 18 15 16 12 17 13 16 15 13 17 13 20 20 19 16 17 21 19 11
11 9 15 16 20 25 18 20 13 18 18 14 11 15 15 13 12 15 11 11 17 20 17 26 20 17 19 17 19 17 13 16 28 17 20 12 34 16 16 18 27 17 11 14 15 12 16 11 17 28 9 14 17 11 14 19 20 14 17 7 13 10 8 14 18 16 17 17 19 14 9 12 16 18 14 9 16 17 24 14
16 9 11 13 21 20 13 14 17 18 20 19 10 14 21 22 16 18 21 18 16 26 22 16 18 20 9 20 23 21 15 18 15 23 18 14 11 13 20 12 13 9 16 17 14 9 15 14 15 11 20 16 16 17 9 12 13 22 12 15 18 23 15 15 23 24 19 17 21 20 17 14 21 14 11 15 10 25 18 14
11 17 20 14 12 15 13 20 14 17 25 21 22 18 10 19 19 12 15 11 23 20 15 16 20 17 12 11 16 18 24 21 14 13 19 14 13 13 21 13 21 22 14 17 15 26 14 24 16 20 31 12 24 22 31 7 8 12 13 13 17 17 14 17 11 10 15 15 19 25 14 18 15 19 15 15 17 12 22 13
19 22 14 19 19 21 10 14 24 16 17 14 16 14 15 19 13 17 15 15 13 13 17 8 18 29 19 16 14 13 17 17 9 15 18 17 21 16 15 19 15 19 10 14 20 13 10 16 16 16 12 21 15 15 18 13 16 17 12 13 12 11 14 6 18 16 16 10 11 17 15 15 13 19 20 16 16 11 12 12
18 22 10 19 18 15 20 13 18 12 23 18 19 8 16 15 15 16 12 18 19 22 22 23 21 18 24 12 13 14 18 13 14 13 20 18 9 17 18 24 16 17 21 17 31 25 18 18 11 14 15 18 9 8 14 23 23 12 13 26 25 18 13 16 12 16 11 16 11 24 12 24 17 11 11 25 14 16 15 14
17 24 11 11 16 21 15 17 14 11 22 10 29 21 22 24 11 12 23 16 16 8 20 21 20 15 24 18 18 18 12 11 15 13 22 24 13 10 14 6 22 23 12 15 19 16 13 10 11 25 16 17 26 23 19 21 18 14 9 15 17 11 14 20 21 19 16 18 16 14 11 18 10 11 17 16 14 15 6 25
16 13 14 7 13 19 11 21 17 14 12 9 16 16 34 23 17 16 11 17 17 17 13 21 10 10 18 15 12 17 16 9 21 17 20 16 17 12 14 13 28 9 23 9 17 24 24 18 14 14 14 16 10 16 20 17 21 21 15 26 26 19 12 15 14 24 16 13 12 8 22 19 22 19 21 8 19 17 12 9
12 13 19 21 21 12 9 19 13 21 18 18 13 20 24 14 14 11 24 17 15 25 15 12 19 20 17 15 13 12 19 19 17 22 16 12 18 22 17 14 16 8 20 15 17 12 17 14 17 7 10 14 14 19 14 8 10 25 18 13 9 11 18 16 20 16 20 20 12 25 20 8 13 24 17 6 10 14 21 17
20 19 17 14 15 18 23 20 16 23 24 12 21 17 13 13 23 23 18 16 15 17 18 24 12 20 21 18 12 16 13 17 16 18 15 9 14 14 23 13 12 11 26 15 18 14 27 15 23 15 20 14 26 9 17 22 11 19 15 22 16 12 14 16 15 17 16 14 25 9 16 13 18 17 15 18 15 19 14 13
18 17 17 13 11 14 16 17 11 13 15 16 17 13 20 14 21 17 10 22 15 15 17 25 16 17 14 12 16 16 19 15 13 18 18 11 16 14 18 15 9 17 16 32 18 17 15 17 11 19 13 15 16 13 20 18 13 16 16 12 20 13 17 18 15 13 13 11 12 13 20 10 14 15 13 11 14 14 17 22
19 15 17 11 10 15 24 21 18 24 11 11 20 17 19 11 22 10 23 10 12 12 8 20 23 20 20 22 20 15 18 17 12 14 17 8 17 15 15 12 14 20 14 22 17 8 18 16 8 14 25 19 8 12 14 23 13 17 9 19 10 11 13 11 23 13 16 15 12 10 10 14 13 23 20 19 13 13 13 25
14 16 11 16 14 11 20 14 8 10 18 15 15 13 15 17 15 12 20 24 13 18 15 19 11 10 12 10 17 16 17 17 14 15 9 11 16 12 22 11 14 24 15 32 24 14 11 11 17 18 18 17 17 16 16 12 13 10 26 16 16 21 26 17 14 18 22 26 23 10 13 11 13 21 17 12 27 17 16 11
18 8 9 25 18 16 15 18 20 19 18 11 6 15 15 12 17 17 24 11 17 17 13 20 24 22 13 14 15 14 13 18 12 12 10 7 15 16 18 20 21 13 14 11 14 16 23 20 17 23 10 20 19 22 14 10 10 13 12 17 17 16 15 14 13 13 9 9 14 21 20 12 23 16 15 17 20 15 11 14
12 20 12 17 14 12 8 15 11 15 15 19 19 13 13 14 14 17 14 19 9 10 17 23 14 33 10 11 19 21 10 15 15 9 16 13 11 16 17 15 21 23 25 16 12 15 17 10 23 12 23 16 23 17 13 25 20 14 14 18 16 8 18 20 12 10 18 18 14 16 29 21 26 10 12 16 15 30 15 11
12 16 20 12 11 14 19 11 10 10 24 21 17 16 24 19 31 16 18 18 17 13 14 19 18 20 16 21 17 19 16 12 21 16 11 17 19 22 11 15 11 18 15 19 15 14 14 15 15 19 11 24 14 13 19 22 24 11 22 12 12 21 14 14 15 7 15 16 25 14 19 15 17 23 11 9 14 13 14 19
0.9375 0.8125 0.5 1 0.5 0.8125 0.5625 0.9375 0.9375 0.1875 0.625 0.8125 0.4375 0.8125 0.875 0.4375 0.375 0.8125 0.75 1 0.375 0.625 0.8125 0.375 0.4375 1 0.5 0.6875 1 0.3125 0.75 0.5625 0.375 0.375 0.375 0.5625 0.8125 0 0.9375 0.75 0.4375 0.6875 0.625 0.625 0.4375 0.5 0.5625 0.625 0.625 0.875 0.625 0.625 0.625 0.5 0.8125 0.5625 0.0625 0.6875 0 1 0.6875 0.25 0.75 0.625 0.8125 0.3125 0.8125 0.5 0.875 0.8125 0.625 0.25 0.8125 0.5625 0.8125 0.875 0.8125 0.4375 0.25 0.8125
0.5625 0.375 0.5625 0.4375 0.75 0.5625 0.625 0.6875 0.8125 1 0.8125 0.5 0.6875 0.3125 0.5625 0.75 0.4375 0.9375 0.625 0.5625 0.625 0.9375 0.6875 0.5625 0.625 0.5625 0.4375 0.75 0.5625 0.75 0.4375 0.4375 0.75 0.375 0.4375 0.3125 0.9375 0.625 0.8125 0.625 0.9375 0.4375 0.6875 0.4375 1 0.1875 0.5 0.125 0.5625 0.75 0.5625 0.875 0.0625 0.5 0.625 0.75 0.875 0.8125 0.3125 0.6875 0.6875 0.8125 1 0.9375 0.5 0.5 0.6875 0.5 0.1875 0.5 0.75 0.6875 0.875 0.875 0.4375 0.5 0.8125 0.625 0 0.3125
0.4375 0.4375 0.5 0.0625 0.25 0.75 0.9375 0.9375 0.625 0.625 0.1875 0.375 0.3125 0.6875 0.625 0.5625 0.6875 0.75 0.3125 0.375 0.5 0.5 0.4375 0.75 0.9375 0.5625 0.5625 0.6875 0.5625 0.1875 0.4375 0.375 0.8125 0.3125 0.5 0.625 0.3125 0.5625 0.6875 1 0.125 0.25 0 0.5 1 0.3125 0.5625 0.4375 1 0.8125 0.6875 0.4375 0.9375 0.6875 0.5 0.6875 0.6875 0.5 0.875 0.8125 0 0.8125 0.6875 0.75 0.6875 0 0.4375 0.8125 0.5625 0.9375 0.375 0.3125 0.4375 0.625 0.625 0 0.9375 0.1875 0.125 0.375
0.4375 0.5625 0.4375 0.375 0.1875 0.6875 0.75 0.75 0.375 0.375 0.4375 0 0.6875 0.375 0.5 0.125 0.5625 0.5625 1 0.9375 0.6875 0.5 0.9375 0.3125 0.625 0.3125 0.4375 0.625 0.4375 0.6875 0.5 0.9375 0.6875 0.375 0.625 0.75 0.3125 0.625 0.3125 0.375 0.3125 0.1875 0.625 0.4375 0.625 0.5625 0.6875 0.625 0.5625 0.5 0.6875 0.6875 0.5625 0.4375 0.75 0.8125 0.4375 0.75 0.625 0.375 0.125 0.625 0.75 0.75 1 0.25 0 0.6875 0.8125 0.6875 0.25 0.5 0.75 0.9375 0 0.1875 0.9375 0.6875 0.5 0.8125
0.9375 1 0.375 0.8125 0.8125 0.5625 0.75 0.5 0.75 0.5 0.5 0.5 0.5625 0.625 0 0.3125 0.5625 0.625 0.625 0.0625 0.25 0.5 0.25 0.3125 0.1875 0.875 0.5625 0.3125 1 0.125 0.125 0.5625 0.625 0.4375 0.0625 0.8125 0.75 0.4375 0.5 0 0.625 0.25 0.625 0.375 0.5625 1 0.6875 0.4375 0.625 0.4375 0.375 0.6875 0.75 0.375 1 0.25 0.8125 0 0.875 0.125 0.25 0.6875 0.6875 0.3125 0.75 0.9375 0.625 0 0.375 0.4375 0.5 0.4375 0.3125 0 0.3125 0.6875 0.1875 0.875 0.5625 0.3125
0.75 0.625 0.75 0 0.6875 0.5 0.625 0.3125 0.8125 0.8125 0.6875 0.75 0.6875 0.625 0.5625 0.625 0.25 0.375 0.25 0.375 0.4375 0.5 0.75 0.625 0 0.75 0.3125 0.4375 0.75 0.75 0.8125 0.9375 0.8125 0.6875 0.3125 0.4375 0.625 0.25 0.4375 1 0.375 1 0.375 0.5 0.125 0.4375 0 0.9375 0.375 0.8125 0.1875 0.875 0.5 0.8125 0.3125 0.875 0.8125 0.75 0.9375 0.625 0.1875 0.4375 0.375 0.4375 0.3125 0.3125 0.5625 0.6875 0.75 0.5625 0.0625 0.375 0.75 0.3125 0.8125 0.875 0.8125 0.6875 0.75 0.5
0.625 1 0.6875 0.4375 0.125 0.5625 0.3125 0.5625 0.375 0.75 0.25 0.6875 0.8125 0.125 0.375 0.6875 0.125 0.625 0.4375 0.375 0.75 0.5 0.625 0.4375 0 0.25 0.4375 0.5625 0.875 0.5 0.8125 0.8125 0.875 0.375 1 0.4375 0.5625 0.5 0.75 0.4375 0.3125 0.5 0.375 0.875 0.6875 0.1875 0.625 1 0.75 0.3125 0.875 0.3125 0.75 0.6875 0.4375 0.5625 0.4375 0.625 0.5 0.6875 0.5625 0.6875 0.4375 0.75 0.3125 0.3125 0.5 0.75 0.5625 0.8125 0.9375 0.1875 0.3125 0.9375 0 0 0.3125 0.6875 0.875 0.5625
0.4375 0.625 0.3125 0.5625 0.25 0.4375 0.9375 0.6875 0.3125 0.8125 0.5 0 0.25 0.4375 1 0.8125 0.625 0.5625 0.6875 0.3125 0.625 0.9375 0.9375 1 0 0.4375 0.625 0 0.625 0.9375 0.5625 0.3125 0.625 0.6875 0.375 0.25 0.8125 0.5625 0.9375 0.4375 0.875 0.625 0.1875 0.6875 0.8125 0.375 0 0.375 0.875 0.4375 0.6875 0.5625 0 0.25 0.8125 0.6875 0.75 0.625 0.75 0.1875 0.6875 0.875 0.3125 0.5 0.875 0.6875 0.1875 0.4375 0.5625 0.3125 0.625 0.875 0.8125 0.4375 0.375 0.5625 0.4375 0.5625 0.5625 0.3125
0.75 0.8125 0.5625 0 0.75 0 0.6875 0.375 0.0625 0.5625 0.125 0.9375 1 0.125 0.375 0.5 0.625 0.375 0.625 0 0.6875 0.0625 0.4375 0.5 0.6875 0 0.75 0.3125 0.75 0.9375 0.4375 0.5625 1 0.8125 0.3125 0.5625 0.75 0.375 0.5 0 0.8125 0.625 0.875 0.625 0.9375 0.5 0.9375 0.6875 0.375 1 0.9375 0.5625 0.6875 0.875 1 0.375 0.9375 0.875 0.625 0.3125 0.6875 0.9375 0.6875 0.625 0.1875 1 0.5625 1 0.6875 0.6875 1 0.5 0.3125 0.5625 0.5625 0.9375 0.4375 0.5 0.625 0.5625
1 0.5625 0 0.0625 0.5625 0.4375 0.6875 0.5625 0.6875 0.5625 0.5625 0.6875 0.1875 0.6875 0.5625 0.4375 0.3125 0.875 0.625 0.6875 0.75 0.5625 0.5625 0.5 0.9375 0.6875 0.375 0.25 0.75 0.5625 0 0.5625 0.5 0.0625 0.375 0 0.5625 0.8125 0.1875 0.75 0.6875 0.5 0.875 0.6875 0.875 0.25 0.625 0.125 0.3125 0.8125 0.25 0.9375 0.9375 0.375 0.375 0.6875 0 0 0.3125 0.5 0.5 0.6875 0.1875 0.625 0.5625 0 1 0.875 0.0625 0 0.75 0.5625 0.9375 0.625 0.375 0.6875 0.375 0.125 0.4375 0.625
0 0.6875 0.5625 0.4375 0.9375 0.5 0.625 0.0625 0.8125 0.1875 0.5 0.8125 0.875 0.8125 0.5 0.375 0.5625 0.5625 0.9375 0.5 0.25 0.6875 0.375 0.9375 1 0.3125 1 0.5 0.5625 0.5625 0.4375 0.125 0.8125 0.8125 0 0.625 0.75 0.125 0.3125 0.3125 0 0.9375 0.25 0.625 0.5 0.5625 0.875 0.3125 0.9375 0.9375 0.875 0.5625 0.9375 0.25 0.8125 0.6875 0.625 0.6875 0.0625 0.6875 0.625 0.625 0.25 0.75 1 0.1875 1 0.4375 0.75 0.375 0.3125 0.25 0.4375 0.375 0.6875 0.625 0.9375 0.625 0.6875 0.125
0.1875 0.125 0.8125 0.5625 0.5625 0.5625 0.75 0.8125 0.4375 0.625 0 0.625 0.125 0.8125 0.875 0.4375 0.6875 0 0.8125 0.9375 0.8125 0.5 0.375 0.375 0.5625 0.3125 0.25 0.5 0.5 0.6875 0.875 0.8125 0.6875 0.5 0.375 0.6875 0.6875 0.5625 0.4375 1 0.125 0.6875 0.3125 0.75 0.125 0.5625 0.625 0.6875 0.6875 0.625 0.875 0.6875 0.5 0.625 0.875 0.4375 0.3125 0.375 0.125 0.0625 0.6875 0.4375 0.4375 0.25 0.5625 0.4375 0.8125 0 0.875 0.5625 0.625 0.4375 0.5625 0.625 0.4375 0.4375 0.375 0.9375 0.3125 0.5625
0.5625 0.375 0.6875 0.1875 0.375 0.4375 0.625 1 0.4375 0.25 0.625 0.9375 0.375 0.8125 0.3125 0.5 0.375 0.9375 0.5 0.25 0.625 0.6875 0.25 0.3125 0.625 0.1875 0.3125 0.6875 0.5 0.875 0.4375 0.5625 0.4375 0.3125 0.375 0.3125 0.6875 0.8125 0.5625 0.9375 0.1875 0.75 0.1875 0 0.75 0.25 0.4375 1 0.375 0.6875 0.375 0.5625 0 0.625 0.4375 0.9375 0.375 1 1 0.5 0.5625 0.3125 0.0625 0.625 0.375 0.8125 0.375 0 0.5625 0.875 0.5 0.5625 0.8125 0.375 0.1875 0 0.75 0.875 1 0.25
1 0.5625 0.8125 0.5 0.75 0.875 0 0.875 0 0.3125 0 0.6875 0.6875 1 0.75 0.375 0.5625 1 0.875 1 0.125 0.6875 0.6875 0.5 0.5625 0.6875 0.9375 0.6875 0.6875 0.5625 0 0.625 0.25 0.125 0.8125 0.5625 0.125 0.4375 0.4375 0.6875 0.3125 0.9375 0.4375 0.5 0.5625 1 0.1875 0.3125 0.8125 0.75 0.125 0 0.3125 0.375 0.5 0.6875 0.625 0.875 0.5 0.6875 0.1875 0.5625 0.6875 0.3125 0.375 0.3125 0.625 0.875 0.125 0.6875 1 0.9375 0.625 1 0.1875 0.75 0.875 0.625 0.5625 0.6875
0.5625 0.9375 0.6875 0.125 0.6875 0.8125 0.5625 0 0.75 0.125 0.375 0.5 0 0.5 0 0.3125 0.4375 0.3125 0.625 0.6875 0.3125 0.5625 0.5 0.125 0.3125 0.0625 0.5 0.9375 0.875 0.625 0.5625 0.1875 0.625 0.4375 1 0.9375 0.625 0.5 0.1875 0.25 0.625 0.75 0.75 0.5625 0.9375 0.9375 0.3125 0.6875 0.4375 0.5625 0.8125 0.625 0.875 0.625 0.8125 0.5 0.3125 0.3125 0.5 0.75 0.75 0.8125 0.6875 0.25 0.6875 0.6875 0.875 0.5625 0.6875 0.5625 0.4375 0.8125 0.5 0.625 0.25 0.6875 0.5 0.625 0.5 0.5
0.125 0.9375 0.5625 0.375 0.5625 0.875 0.8125 0.625 0.75 1 0.9375 0.5 0 0.5625 0.9375 0 0.5 0.6875 0.9375 0.625 0.5625 1 0.875 0.875 0.75 0.625 1 0.625 0.875 0.4375 1 0.625 0 0.875 0.1875 0.6875 0.5 0.625 0.4375 0.625 0.5625 0.5 0.6875 0.125 0.25 0.8125 0.875 0.6875 0.125 0.5 0.5625 0.25 0.5 0.8125 0.6875 0.9375 0.75 0.625 0.0625 0.625 0.4375 0.75 0.75 0.375 0.5625 0.75 0.375 0 0.8125 0.8125 0.625 0.5625 0.375 0.4375 0.5 0.8125 0.8125 1 0.75 0.6875
0.6875 1 0.25 0.125 0.5 0.5625 0.8125 0.5 0.6875 0.5 0.5 0.6875 0.5 0.5 0.6875 0.25 0.1875 0.5 0.375 0.375 0.6875 0 0.75 0 0.375 0.5 0.5 0.4375 1 1 0.6875 0.5 0.5 0.5 0.375 0.875 0.6875 0.4375 0.125 0.4375 0.4375 0.5 0.1875 0.5625 0.6875 0.75 0.6875 0.75 0.375 0.625 0.25 0.9375 0.25 0.625 0.5 0 0.6875 0.25 0.5 1 0.5 0.3125 0.5 0.5625 0.6875 0.8125 0.625 0.625 0.75 0.3125 0.5 0.4375 0.625 0.0625 0.5625 0.25 0.5625 0.75 0.125 0.9375
0.4375 0.625 0.3125 0.5 0.0625 0.4375 0.875 0 0.625 0.8125 0.375 0.625 1 0.4375 0.75 0.375 0.6875 0.625 0.3125 1 0.3125 0.75 0.1875 0.75 0.6875 0.8125 0.625 0.25 0.375 0.5 0.625 0.75 0.5625 0.5625 0.75 0.6875 0.5 0 0.4375 0.4375 1 0.5625 0.5625 0.9375 0.375 0.6875 0.75 0.375 0.5625 0.625 0.25 0.6875 0.25 1 0.4375 0.3125 0.375 0.5 0.5 0.5625 0.3125 0.4375 0.3125 0.375 0.5 0.125 0.625 0.4375 0.3125 0.625 0.9375 0.8125 0.625 0.9375 0.5625 0.5 0.4375 0.625 0.5625 0.8125
0.6875 0.625 0.25 0.25 0.5 0.6875 0.75 0.875 1 0.625 0.5 0.625 0.625 0.5 0.75 0.375 0.5625 0.8125 0.875 0.5625 0.3125 0.375 0.375 0.75 0.75 0.75 0.75 0.625 0.6875 1 0.4375 0.9375 0.25 0.6875 0.6875 0.5625 0.75 0.75 0.8125 1 0.5625 0.3125 1 0.3125 0.375 0.6875 0.875 0.5 0.5 0.0625 0 0.875 0.8125 0.0625 0.5 0.3125 0.75 0.625 0.75 0.5 0 1 0.4375 0.5625 0.625 0.6875 0.8125 0.6875 0.625 0 0.5 0.6875 0.875 0.5625 0.5 0.75 0.8125 0.875 0.1875 1
0.375 0.625 0.6875 0.375 0.6875 0.875 0.1875 0.8125 0.0625 0.625 0.6875 0.5 0.4375 0.4375 0.625 0.5 0.125 0.9375 0.6875 0.5625 0.5 0.5625 0.625 0.1875 0.1875 0.625 1 0.9375 0 0.875 0.5 0.375 0.625 0.375 0.5625 0.875 0.75 0.1875 0.5625 1 0.6875 0.25 0.1875 0.25 0.125 0.125 0.25 0.625 0.9375 0.625 0.5 0.875 1 0.5625 0.3125 0.6875 0.4375 0.875 0.3125 0.4375 0 0.625 0.375 0.5625 0.5 0.625 0.4375 0.9375 0.625 0.875 0.5625 0.5 0.125 0.75 0.0625 0.375 0.6875 0.3125 0.9375 0.5
0.5625 0.125 0.75 0.3125 0.8125 1 0.8125 0 0.4375 0.75 0.8125 0.875 0.1875 0.375 0.8125 0.6875 1 0 0.4375 0.625 0.5 0.5 0.6875 0.3125 0.5625 0.9375 0.375 0.625 0.6875 0.5 0.6875 0.6875 0.4375 0.5625 0.5625 0.9375 0.8125 0.375 0.875 0.75 0.1875 0.875 0.6875 0.5 0.4375 0.875 0.375 0.4375 0.3125 0.625 0.5 0.5625 0.3125 0.625 0.4375 0.5 0 0.4375 0.6875 0.625 0.4375 0 0.5 0.4375 0.1875 0.625 0.875 0.3125 0 0.5625 0.5625 0.875 0.4375 0.375 0.875 0.6875 0.5625 0.625 0.6875 0.375
0.875 0 0.625 0.1875 0.9375 0.5625 0.5 0.625 0.625 1 0.5 0.625 1 0.6875 0.3125 0.625 0.6875 0.5625 1 0.25 0.9375 0.0625 0.875 0.75 0.625 0.6875 0.6875 0.4375 0.6875 0.5 0.25 0.4375 0.75 0.3125 0.25 0.6875 0.9375 0.75 0.8125 0.875 0.5 0.8125 1 0 0.625 0.8125 0.25 0.25 0.5 0.875 0.6875 0.5 0.75 0.5625 1 1 0.125 0.75 0.6875 0 0.25 0.875 0.8125 0.9375 0.0625 0.0625 0.4375 0.6875 0.4375 0.8125 0.6875 0.1875 0.75 0.4375 0.875 0.5625 0.5 0.4375 0.25 0.4375
0.5625 0.5 0.625 0.4375 0.6875 0.25 0.25 0.5 0.25 0.875 0.9375 0.6875 0.5 1 0.875 0.75 0.5 1 0.75 0.3125 0.5 0 0.125 0.6875 0.0625 0.3125 0.4375 0.5625 0.5625 0.5625 0.5625 0.375 1 0.125 0.625 0.5 0.75 0.625 0.8125 0.5 0.6875 0.125 0.625 0.6875 0.4375 0.5 0.5625 0.75 1 1 0.1875 0.25 0.75 0.4375 0.875 0.5 0.5 0.5 0 0.3125 0.4375 0.5625 0.375 1 0.75 0.5 0.1875 0.6875 0.5625 0.5 0.8125 0.625 0.5 0.5 0.1875 0.625 0.625 0.6875 0.5 0.375
0.0625 0.25 0.1875 0.5625 0.5 0.25 0.1875 0.5 0.1875 0.4375 0.375 0.8125 0.125 0.9375 0.5 0.5625 0.75 0.3125 0.875 0.375 0.75 0.1875 0.375 0.6875 1 0.5 0.25 1 0.625 0.6875 0.125 0.375 0.5 0.5 0.9375 0.3125 0.8125 0.3125 0.3125 0.6875 0.5 0.3125 0.6875 0.625 0.4375 1 1 0.6875 0.5625 0.5625 0.4375 0.1875 0.5625 0.9375 0.625 0.3125 0.9375 0.375 0.25 0.6875 0.5 0.6875 0.625 0.75 0.875 0.625 0.6875 0.6875 0.6875 0.8125 0.8125 0.4375 0.9375 0.6875 0.6875 0.75 0.1875 0.625 0.375 0.75
0.5625 0.8125 0.875 0.5 0.5 0.375 0.8125 0.9375 1 0.8125 0.5625 0.25 0 0.6875 0.25 0 0.75 0.3125 0.3125 0.25 0.25 0.5625 0.25 0 0.4375 0.875 0.5625 0.75 0.75 0.3125 0.5 0.625 0.5 0.9375 0.125 0.6875 0.5 0.5625 1 0.6875 0.9375 0.8125 1 0.3125 0.75 0.5625 0.6875 0.3125 0.9375 0.625 0.6875 0.5 0.625 0.4375 0.8125 0.3125 0.3125 0.4375 0.4375 0.1875 0.75 0.4375 0.625 0.5625 0.8125 0.5 0.75 0.5625 0.625 0.75 0.5 0.75 0.3125 0.3125 0.375 0.5625 0.5 0.25 0.375 0.875
0.875 1 0.625 0.5625 0.3125 0 0.4375 0.3125 0.75 0.4375 0.4375 0.6875 0.875 0.625 0.625 0.75 0.8125 0.625 0.875 0.875 0.5 0.3125 0.5 0 0.3125 0.5 0.375 0.5 0.375 0.5 0.75 0.5625 0 0.5 0.3125 0.8125 0 0.5625 0.5625 0.4375 0 0.5 0.875 0.6875 0.625 0.8125 0.5625 0.875 0.5 0 1 0.6875 0.5 0.875 0.6875 0.375 0.3125 0.6875 0.5 1 0.75 0.9375 1 0.6875 0.4375 0.5625 0.5 0.5 0.375 0.6875 1 0.8125 0.5625 0.4375 0.6875 1 0.5625 0.5 0.0625 0.6875
0.5625 1 0.875 0.75 0.25 0.3125 0.75 0.6875 0.5 0.4375 0.3125 0.375 0.9375 0.6875 0.25 0.1875 0.5625 0.4375 0.25 0.4375 0.5625 0 0.1875 0.5625 0.4375 0.3125 1 0.3125 0.125 0.25 0.625 0.4375 0.625 0.125 0.4375 0.6875 0.875 0.75 0.3125 0.8125 0.75 1 0.5625 0.5 0.6875 1 0.625 0.6875 0.625 0.875 0.3125 0.5625 0.5625 0.5 1 0.8125 0.75 0.1875 0.8125 0.625 0.4375 0.125 0.625 0.625 0.125 0.0625 0.375 0.5 0.25 0.3125 0.5 0.6875 0.25 0.6875 0.875 0.625 0.9375 0 0.4375 0.6875
0.875 0.5 0.3125 0.6875 0.8125 0.625 0.75 0.3125 0.6875 0.5 0 0.25 0.1875 0.4375 0.9375 0.375 0.375 0.8125 0.625 0.875 0.125 0.3125 0.625 0.5625 0.3125 0.5 0.8125 0.875 0.5625 0.4375 0.0625 0.25 0.6875 0.75 0.375 0.6875 0.75 0.75 0.25 0.75 0.25 0.1875 0.6875 0.5 0.625 0 0.6875 0.0625 0.5625 0.3125 0 0.8125 0.0625 0.1875 0 1 1 0.8125 0.75 0.75 0.5 0.5 0.6875 0.5 0.875 0.9375 0.625 0.625 0.375 0 0.6875 0.4375 0.625 0.375 0.625 0.625 0.5 0.8125 0.1875 0.75
0.375 0.1875 0.6875 0.375 0.375 0.25 0.9375 0.6875 0.0625 0.5625 0.5 0.6875 0.5625 0.6875 0.625 0.375 0.75 0.5 0.625 0.625 0.75 0.75 0.5 1 0.4375 0 0.375 0.5625 0.6875 0.75 0.5 0.5 1 0.625 0.4375 0.5 0.25 0.5625 0.625 0.375 0.625 0.375 0.9375 0.6875 0.3125 0.75 0.9375 0.5625 0.5625 0.5625 0.8125 0.25 0.625 0.625 0.4375 0.75 0.5625 0.5 0.8125 0.75 0.8125 0.875 0.6875 1 0.4375 0.5625 0.5625 0.9375 0.875 0.5 0.625 0.625 0.75 0.375 0.3125 0.5625 0.5625 0.875 0.8125 0.8125
0.4375 0.1875 0.9375 0.375 0.4375 0.625 0.3125 0.75 0.4375 0.8125 0.125 0.4375 0.375 1 0.5625 0.625 0.625 0.5625 0.8125 0.4375 0.375 0.1875 0.1875 0.125 0.25 0.4375 0.0625 0.8125 0.75 0.6875 0.4375 0.75 0.6875 0.75 0.3125 0.4375 1 0.5 0.4375 0.0625 0.5625 0.5 0.25 0.5 0 0 0.4375 0.4375 0.875 0.6875 0.625 0.4375 1 1 0.6875 0.125 0.125 0.8125 0.75 0 0 0.4375 0.75 0.5625 0.8125 0.5625 0.875 0.5625 0.875 0.0625 0.8125 0.0625 0.5 0.875 0.875 0 0.6875 0.5625 0.625 0.6875
0.5 0.0625 0.875 0.875 0.5625 0.25 0.625 0.5 0.6875 0.875 0.1875 0.9375 0 0.25 0.1875 0.0625 0.875 0.8125 0.125 0.5625 0.5625 1 0.3125 0.25 0.3125 0.625 0.0625 0.4375 0.4375 0.4375 0.8125 0.875 0.625 0.75 0.1875 0.0625 0.75 0.9375 0.6875 1 0.1875 0.125 0.8125 0.625 0.375 0.5625 0.75 0.9375 0.875 0 0.5625 0.5 0 0.125 0.375 0.25 0.4375 0.6875 1 0.625 0.5 0.875 0.6875 0.3125 0.25 0.375 0.5625 0.4375 0.5625 0.6875 0.875 0.4375 0.9375 0.875 0.5 0.5625 0.6875 0.625 1 0
0.5625 0.75 0.6875 1 0.75 0.375 0.875 0.25 0.5 0.6875 0.8125 1 0.5625 0.5625 0 0.125 0.5 0.5625 0.875 0.5 0.5 0.5 0.75 0.25 0.9375 0.9375 0.4375 0.625 0.8125 0.5 0.5625 1 0.25 0.5 0.3125 0.5625 0.5 0.8125 0.6875 0.75 0 1 0.125 1 0.5 0.0625 0.0625 0.4375 0.6875 0.6875 0.6875 0.5625 0.9375 0.5625 0.3125 0.5 0.25 0.25 0.625 0 0 0.375 0.8125 0.625 0.6875 0.0625 0.5625 0.75 0.8125 1 0.1875 0.375 0.1875 0.375 0.25 1 0.375 0.5 0.8125 1
0.8125 0.75 0.375 0.25 0.25 0.8125 1 0.375 0.75 0.25 0.4375 0.4375 0.75 0.3125 0.0625 0.6875 0.6875 0.875 0.0625 0.5 0.625 0 0.625 0.8125 0.375 0.3125 0.5 0.625 0.75 0.8125 0.375 0.375 0.5 0.1875 0.5625 0.8125 0.4375 0.1875 0.5 0.6875 0.5625 1 0.3125 0.625 0.5 0.8125 0.5 0.6875 0.5 1 0.9375 0.6875 0.6875 0.375 0.6875 1 0.9375 0 0.4375 0.75 1 0.875 0.4375 0.5625 0.3125 0.5625 0.3125 0.3125 0.8125 0 0.3125 1 0.75 0.0625 0.5 1 0.9375 0.6875 0.25 0.5
0.3125 0.375 0.5 0.6875 0.625 0.4375 0.125 0.3125 0.5625 0.125 0.0625 0.8125 0.25 0.5 0.75 0.75 0.125 0.125 0.4375 0.5625 0.625 0.5 0.4375 0.0625 0.8125 0.3125 0.25 0.4375 0.8125 0.5625 0.75 0.5 0.5625 0.4375 0.625 1 0.6875 0.6875 0.125 0.75 0.8125 0.875 0 0.625 0.4375 0.6875 0 0.625 0.125 0.625 0.3125 0.6875 0 1 0.5 0.1875 0.875 0.375 0.625 0.1875 0.5625 0.8125 0.6875 0.5625 0.625 0.5 0.5625 0.6875 0 1 0.5625 0.75 0.4375 0.5 0.625 0.4375 0.625 0.375 0.6875 0.75
0.4375 0.5 0.5 0.75 0.875 0.6875 0.5625 0.5 0.875 0.75 0.625 0.5625 0.5 0.75 0.3125 0.6875 0.25 0.5 0.9375 0.1875 0.625 0.625 0.5 0 0.5625 0.5 0.6875 0.8125 0.5625 0.5625 0.375 0.625 0.75 0.4375 0.4375 0.875 0.5625 0.6875 0.4375 0.625 1 0.5 0.5625 0 0.4375 0.5 0.625 0.5 0.875 0.375 0.75 0.625 0.5625 0.75 0.3125 0.4375 0.75 0.5625 0.5625 0.8125 0.3125 0.75 0.5 0.4375 0.625 0.75 0.75 0.875 0.8125 0.75 0.3125 0.9375 0.6875 0.625 0.75 0.875 0.6875 0.6875 0.5 0.1875
0.375 0.625 0.5 0.875 0.9375 0.625 0.0625 0.25 0.4375 0.0625 0.875 0.875 0.3125 0.5 0.375 0.875 0.1875 0.9375 0.125 0.9375 0.8125 0.8125 1 0.3125 0.125 0.3125 0.3125 0.1875 0.3125 0.625 0.4375 0.5 0.8125 0.6875 0.5 1 0.5 0.625 0.625 0.8125 0.6875 0.3125 0.6875 0.1875 0.5 1 0.4375 0.5625 1 0.6875 0 0.375 1 0.8125 0.6875 0.125 0.75 0.5 1 0.375 0.9375 0.875 0.75 0.875 0.125 0.75 0.5625 0.625 0.8125 0.9375 0.9375 0.6875 0.75 0.125 0.3125 0.375 0.75 0.75 0.75 0
0.6875 0.5625 0.875 0.5625 0.6875 0.875 0.3125 0.6875 1 0.9375 0.4375 0.625 0.625 0.75 0.625 0.5 0.625 0.8125 0.3125 0.0625 0.75 0.4375 0.625 0.375 0.875 0.9375 0.8125 0.9375 0.5 0.5625 0.5 0.5 0.6875 0.625 1 0.875 0.5625 0.8125 0.1875 0.875 0.6875 0.0625 0.625 0 0.0625 0.6875 0.875 0.875 0.5 0.4375 0.4375 0.5 0.5 0.5625 0.5625 0.8125 0.75 0.9375 0 0.5625 0.5625 0.25 0 0.5 0.6875 0.4375 0.1875 0 0.125 0.9375 0.75 0.875 0.75 0.25 0.5 0.8125 0 0.5 0.5625 0.875
0.4375 1 1 0 0.4375 0.5625 0.625 0.4375 0.3125 0.375 0.4375 0.875 1 0.625 0.625 0.8125 0.5 0.5 0.0625 0.875 0.5 0.5 0.75 0.3125 0.0625 0.1875 0.75 0.6875 0.625 0.6875 0.75 0.4375 0.8125 0.8125 0.9375 1 0.625 0.5625 0.4375 0.3125 0.25 0.75 0.6875 0.875 0.6875 0.5625 0.125 0.3125 0.5 0.125 0.9375 0.3125 0.375 0.1875 0.6875 0.9375 0.9375 0.75 0.8125 0.5 0.5 0.5625 0.625 0.6875 0.75 0.75 1 1 0.6875 0.25 0.3125 0.8125 0.125 0.5625 0.625 0.5 0.3125 0.625 0.875 0.6875
0.8125 0.3125 0.8125 0.5 0.6875 0.8125 1 0.625 0.875 0.625 0.625 0.375 0.375 0.75 0.75 0.6875 0.6875 0.5 0.6875 0.375 1 0.9375 0.5 0.125 0.6875 0 0.9375 0.875 0.375 0.25 0.9375 0.625 0.625 1 0.5625 0.75 0.875 0.5625 0.5 0.625 0.25 0.125 0 0.5625 0.8125 0.625 0.5 0.9375 0.125 0.8125 0.125 0.5625 0.125 0.5 0.75 0 0.3125 0.6875 0.6875 0.4375 0.5625 1 0.4375 0.3125 0.8125 0.9375 0.4375 0.4375 0.6875 0.5625 0 0.25 0 0.9375 0.8125 0.5625 0.625 0 0.625 0.875
0.8125 0.5625 0.3125 0.8125 0.875 0.6875 0.375 0.875 0.9375 0.9375 0.0625 0.25 0.5 0.5625 0.0625 0.375 0 0.5625 0.4375 0.4375 0.5 0.75 0.6875 0.375 0.4375 0.3125 0.5625 0.25 0.5 0.375 0.5625 0.8125 0.25 0.5625 0.875 0.5 0.375 0.1875 0.875 0.625 0.875 0.4375 0.625 0.375 0.625 0.6875 0.6875 0.625 0.625 0.375 0.875 0.0625 0.6875 0.75 0.375 0.1875 0.0625 0.875 0.1875 0.8125 0.8125 0.25 0.6875 0.6875 0.625 1 0.625 0.5625 0 0.6875 0.375 0.625 0.5 0.125 0.875 1 0.6875 0.75 0.6875 0.375
