10
40
2
3
12
1 2 3 4 5 6 7 8 9 10 
1 2 3 4 5 6 7 8 9 10 11 12 13 14 15 16 17 18 19 20 21 22 23 24 25 26 27 28 29 30 31 32 33 34 35 36 37 38 39 40 
22
26 8 30 12 24 20 2 21 4 28 27 17 31 18 10 40 11 13 35 38 39 37 
34
13 22 10 25 14 34 37 15 28 9 12 17 31 26 11 23 1 19 5 32 2 4 20 18 21 40 16 38 7 27 24 3 8 36 
1 2 
1 2 3 
0 0 0 0 0 0 0 0 1 0 0 0 0 0 3 2 0 0 0 0 
1 0 0 1 0 0 0 0 0 0 0 2 0 0 0 0 2 0 0 0 
1 0 0 1 1 0 1 0 0 0 0 0 0 0 0 0 0 0 0 0 
0 0 0 0 0 0 0 0 1 0 2 2 1 0 0 0 0 0 0 0 
0 0 0 0 1 0 0 0 0 0 0 3 0 1 0 0 0 1 0 0 
0 2 1 2 0 0 0 0 0 1 0 0 0 0 0 2 0 0 0 0 
0 0 1 0 0 0 0 0 1 0 0 0 0 0 0 0 0 0 0 0 
0 0 0 1 1 3 1 0 0 0 0 2 0 0 0 0 1 0 0 0 
0 0 0 0 2 1 0 0 1 1 0 0 0 2 0 0 0 0 1 1 
0 0 1 0 0 0 0 1 0 0 0 0 1 0 2 0 0 0 0 1 
0 2 1 0 2 2 1 1 2 0 0 0 0 0 0 0 0 2 1 0 
0 0 0 0 2 3 1 0 1 0 0 0 0 1 1 0 0 0 0 0 
1000 1000 1000 1000 1000 1000 1000 1000 1000 1000 
10 23 26 41 45 25 22 35 21 22 
1000 1000 1000 1000 1000 1000 1000 1000 1000 1000 
31 41 30 25 45 36 23 29 23 40 
1000 1000 1000 1000 1000 1000 1000 1000 1000 1000 
1000 1000 1000 1000 1000 1000 1000 1000 1000 1000 
1000 1000 1000 1000 1000 1000 1000 1000 1000 1000 
25 32 27 14 36 36 13 21 24 34 
1000 1000 1000 1000 1000 1000 1000 1000 1000 1000 
13 26 44 27 17 14 13 32 26 31 
11 34 22 39 33 14 13 18 13 18 
21 45 41 20 13 39 13 14 42 45 
24 15 27 29 21 39 30 14 16 26 
1000 1000 1000 1000 1000 1000 1000 1000 1000 1000 
1000 1000 1000 1000 1000 1000 1000 1000 1000 1000 
1000 1000 1000 1000 1000 1000 1000 1000 1000 1000 
13 21 41 13 16 30 30 33 39 27 
10 30 43 22 23 14 24 33 42 32 
1000 1000 1000 1000 1000 1000 1000 1000 1000 1000 
9 38 16 44 20 11 23 21 22 26 
15 30 20 30 32 18 14 28 18 22 
1000 1000 1000 1000 1000 1000 1000 1000 1000 1000 
1000 1000 1000 1000 1000 1000 1000 1000 1000 1000 
11 33 30 21 13 27 35 12 26 20 
1000 1000 1000 1000 1000 1000 1000 1000 1000 1000 
25 35 41 45 14 37 10 27 39 24 
10 15 18 37 24 40 27 23 24 26 
28 28 32 16 36 34 37 15 12 44 
1000 1000 1000 1000 1000 1000 1000 1000 1000 1000 
31 32 36 22 37 42 45 35 38 38 
24 44 40 20 43 18 15 41 34 37 
1000 1000 1000 1000 1000 1000 1000 1000 1000 1000 
1000 1000 1000 1000 1000 1000 1000 1000 1000 1000 
1000 1000 1000 1000 1000 1000 1000 1000 1000 1000 
27 19 21 24 19 45 12 24 32 13 
1000 1000 1000 1000 1000 1000 1000 1000 1000 1000 
32 9 28 18 36 18 36 44 26 12 
12 31 29 43 24 32 9 38 29 38 
11 16 17 21 15 20 39 18 12 11 
13 18 31 29 35 30 43 33 27 35 
15 17 22 23 30 29 19 27 30 25 
22 33 23 25 34 15 28 16 29 21 
31 20 22 30 35 33 19 26 30 24 
33 17 23 20 21 24 31 28 17 33 
34 24 27 24 32 19 32 26 22 30 
1000 1000 1000 1000 1000 1000 1000 1000 1000 1000 
35 35 30 15 30 24 17 19 28 21 
35 32 25 23 26 27 22 17 23 25 
16 20 21 30 29 20 31 35 29 33 
25 24 16 16 29 33 30 29 35 24 
24 15 30 21 24 29 22 20 34 25 
23 23 18 19 20 32 30 32 26 35 
27 24 34 24 29 31 20 15 32 33 
34 16 24 31 30 21 29 24 25 22 
20 15 33 23 19 33 23 19 20 26 
15 16 31 26 19 25 35 23 23 34 
17 35 25 26 30 31 25 35 33 24 
32 23 18 25 19 28 28 32 28 25 
16 29 23 16 28 32 17 27 23 23 
23 16 20 21 24 16 30 30 33 29 
34 30 19 29 19 35 29 34 31 31 
26 31 17 17 31 20 24 19 25 25 
15 19 19 24 29 17 34 28 31 32 
20 23 25 28 30 21 34 20 31 16 
27 27 35 26 34 35 29 24 22 31 
19 15 26 20 29 25 17 17 19 24 
24 15 29 24 21 16 16 30 34 19 
33 31 22 15 23 32 19 21 28 19 
1000 1000 1000 1000 1000 1000 1000 1000 1000 1000 
1000 1000 1000 1000 1000 1000 1000 1000 1000 1000 
29 20 33 30 23 26 22 24 23 17 
26 26 16 30 20 23 35 34 21 35 
1000 1000 1000 1000 1000 1000 1000 1000 1000 1000 
27 21 17 31 34 31 33 32 18 27 
1000 1000 1000 1000 1000 1000 1000 1000 1000 1000 
30 21 33 21 24 31 33 28 20 17 
19 20 22 35 34 20 29 26 16 25 
17 23 22 30 27 20 19 20 18 16 
1000 1000 1000 1000 1000 1000 1000 1000 1000 1000 
34 34 27 16 35 20 23 15 28 19 
0 0 0 0 0 0 0 0 0 0 
1 0.1333333333333333 0 0 0 0 0.19999999999999996 0 0.2666666666666667 0.19999999999999996 
0 0 0 0 0 0 0 0 0 0 
0 0 0 0 0 0 0.1333333333333333 0 0.1333333333333333 0 
0 0 0 0 0 0 0 0 0 0 
0 0 0 0 0 0 0 0 0 0 
0 0 0 0 0 0 0 0 0 0 
0 0 0 0.7333333333333334 0 0 0.8 0.2666666666666667 0.06666666666666665 0 
0 0 0 0 0 0 0 0 0 0 
0.8 0 0 0 0.5333333333333333 0.7333333333333334 0.8 0 0 0 
0.9333333333333333 0 0.19999999999999996 0 0 0.7333333333333334 0.8 0.4666666666666667 0.8 0.4666666666666667 
0.2666666666666667 0 0 0.33333333333333337 0.8 0 0.8 0.7333333333333334 0 0 
0.06666666666666665 0.6666666666666667 0 0 0.2666666666666667 0 0 0.7333333333333334 0.6 0 
0 0 0 0 0 0 0 0 0 0 
0 0 0 0 0 0 0 0 0 0 
0 0 0 0 0 0 0 0 0 0 
0.8 0.2666666666666667 0 0.8 0.6 0 0 0 0 0 
1 0 0 0.19999999999999996 0.1333333333333333 0.7333333333333334 0.06666666666666665 0 0 0 
0 0 0 0 0 0 0 0 0 0 
1 0 0.6 0 0.33333333333333337 0.9333333333333333 0.1333333333333333 0.2666666666666667 0.19999999999999996 0 
0.6666666666666667 0 0.33333333333333337 0 0 0.4666666666666667 0.7333333333333334 0 0.4666666666666667 0.19999999999999996 
0 0 0 0 0 0 0 0 0 0 
0 0 0 0 0 0 0 0 0 0 
0.9333333333333333 0 0 0.2666666666666667 0.8 0 0 0.8666666666666667 0 0.33333333333333337 
0 0 0 0 0 0 0 0 0 0 
0 0 0 0 0.7333333333333334 0 1 0 0 0.06666666666666665 
1 0.6666666666666667 0.4666666666666667 0 0.06666666666666665 0 0 0.1333333333333333 0.06666666666666665 0 
0 0 0 0.6 0 0 0 0.6666666666666667 0.8666666666666667 0 
0 0 0 0 0 0 0 0 0 0 
0 0 0 0.19999999999999996 0 0 0 0 0 0 
0.06666666666666665 0 0 0.33333333333333337 0 0.4666666666666667 0.6666666666666667 0 0 0 
0 0 0 0 0 0 0 0 0 0 
0 0 0 0 0 0 0 0 0 0 
0 0 0 0 0 0 0 0 0 0 
0 0.4 0.2666666666666667 0.06666666666666665 0.4 0 0.8666666666666667 0.06666666666666665 0 0.8 
0 0 0 0 0 0 0 0 0 0 
0 1 0 0.4666666666666667 0 0.4666666666666667 0 0 0 0.8666666666666667 
0.8666666666666667 0 0 0 0.06666666666666665 0 1 0 0 0 
0.9333333333333333 0.6 0.5333333333333333 0.2666666666666667 0.6666666666666667 0.33333333333333337 0 0.4666666666666667 0.8666666666666667 0.9333333333333333 
0.8 0.4666666666666667 0 0 0 0 0 0 0 0 
