20
25
2
3
3
1 2 3 4 5 6 7 8 9 10 11 12 13 14 15 16 17 18 19 20 
1 2 3 4 5 6 7 8 9 10 11 12 13 14 15 16 17 18 19 20 21 22 23 24 25 
13
24 5 14 10 1 16 22 12 8 15 13 6 3 
21
19 12 11 18 24 15 17 16 4 14 1 23 20 7 21 9 8 3 2 25 13 
1 2 
1 2 3 
0 0 0 1 0 1 0 0 0 1 0 0 0 0 0 0 0 1 0 1 0 0 0 0 0 0 0 0 0 0 1 1 0 0 0 0 0 1 0 2 
3 1 0 0 0 0 2 0 0 0 1 0 1 0 0 2 2 0 0 0 0 2 0 0 1 0 0 2 1 0 0 0 0 0 2 0 0 1 0 3 
0 0 0 0 1 0 2 2 1 0 1 0 2 2 1 0 0 0 1 0 0 0 0 0 0 0 0 0 0 0 0 0 0 0 0 1 0 0 0 0 
38 31 18 9 34 14 15 19 26 38 39 32 13 16 23 18 34 38 32 45 
1000 1000 1000 1000 1000 1000 1000 1000 1000 1000 1000 1000 1000 1000 1000 1000 1000 1000 1000 1000 
26 35 37 27 33 43 9 13 23 23 37 42 20 17 34 39 13 45 45 35 
1000 1000 1000 1000 1000 1000 1000 1000 1000 1000 1000 1000 1000 1000 1000 1000 1000 1000 1000 1000 
13 19 14 19 27 20 42 20 42 40 28 15 13 11 15 15 16 19 12 18 
17 11 36 31 36 17 40 17 25 19 40 12 28 27 34 9 23 37 32 43 
1000 1000 1000 1000 1000 1000 1000 1000 1000 1000 1000 1000 1000 1000 1000 1000 1000 1000 1000 1000 
33 9 26 44 35 44 13 42 30 38 21 40 40 38 16 27 11 27 12 9 
1000 1000 1000 1000 1000 1000 1000 1000 1000 1000 1000 1000 1000 1000 1000 1000 1000 1000 1000 1000 
15 39 16 31 29 11 39 43 24 31 9 32 25 34 24 39 38 36 38 29 
1000 1000 1000 1000 1000 1000 1000 1000 1000 1000 1000 1000 1000 1000 1000 1000 1000 1000 1000 1000 
29 10 9 14 28 34 39 42 19 27 40 13 29 10 35 11 31 36 25 12 
20 13 45 34 16 21 15 15 16 30 31 31 22 32 14 25 38 28 28 38 
10 10 23 30 42 36 17 37 18 31 9 42 39 29 27 41 40 20 31 30 
40 33 25 36 28 32 21 31 39 19 13 28 41 19 23 41 22 10 21 40 
20 18 27 11 23 21 22 13 34 28 43 35 26 12 20 40 33 21 36 20 
1000 1000 1000 1000 1000 1000 1000 1000 1000 1000 1000 1000 1000 1000 1000 1000 1000 1000 1000 1000 
1000 1000 1000 1000 1000 1000 1000 1000 1000 1000 1000 1000 1000 1000 1000 1000 1000 1000 1000 1000 
1000 1000 1000 1000 1000 1000 1000 1000 1000 1000 1000 1000 1000 1000 1000 1000 1000 1000 1000 1000 
1000 1000 1000 1000 1000 1000 1000 1000 1000 1000 1000 1000 1000 1000 1000 1000 1000 1000 1000 1000 
1000 1000 1000 1000 1000 1000 1000 1000 1000 1000 1000 1000 1000 1000 1000 1000 1000 1000 1000 1000 
22 31 13 14 14 42 18 30 42 12 36 25 21 37 19 11 25 34 22 30 
1000 1000 1000 1000 1000 1000 1000 1000 1000 1000 1000 1000 1000 1000 1000 1000 1000 1000 1000 1000 
18 18 37 22 16 10 13 16 39 14 9 44 44 44 43 43 11 45 42 24 
1000 1000 1000 1000 1000 1000 1000 1000 1000 1000 1000 1000 1000 1000 1000 1000 1000 1000 1000 1000 
22 34 15 22 29 27 24 35 16 34 26 34 24 24 17 35 21 25 35 27 
32 31 27 21 35 35 25 32 35 31 24 21 25 30 23 18 15 21 20 24 
22 33 28 28 29 19 34 33 17 28 33 21 31 16 20 15 35 34 16 18 
22 33 30 32 27 27 31 32 35 20 29 15 28 30 17 28 31 29 22 31 
1000 1000 1000 1000 1000 1000 1000 1000 1000 1000 1000 1000 1000 1000 1000 1000 1000 1000 1000 1000 
1000 1000 1000 1000 1000 1000 1000 1000 1000 1000 1000 1000 1000 1000 1000 1000 1000 1000 1000 1000 
16 25 15 20 27 25 17 31 15 24 32 27 29 35 26 35 29 34 24 20 
22 32 23 27 23 27 35 32 16 35 21 31 20 32 22 32 24 31 32 24 
32 34 22 16 19 29 29 15 28 29 27 25 35 19 32 34 27 32 34 31 
1000 1000 1000 1000 1000 1000 1000 1000 1000 1000 1000 1000 1000 1000 1000 1000 1000 1000 1000 1000 
26 31 18 34 15 19 28 28 20 27 18 23 19 32 18 19 34 18 23 15 
31 17 35 33 18 24 31 20 22 34 20 21 35 28 19 22 30 18 25 17 
31 32 19 17 17 35 33 29 27 17 19 25 19 21 34 20 18 32 18 33 
16 16 18 35 26 32 21 19 24 29 16 16 20 27 29 29 16 25 18 24 
30 35 16 18 28 26 21 24 30 35 24 22 33 24 29 18 34 27 26 30 
20 28 35 24 30 23 18 28 34 33 31 22 34 32 32 18 20 31 21 17 
20 31 16 20 22 34 35 33 24 32 15 31 20 18 23 34 35 33 20 21 
35 20 31 28 22 35 19 23 19 34 33 31 33 30 32 34 24 29 35 35 
28 20 29 33 26 35 29 23 25 23 19 33 20 23 15 28 27 24 20 23 
29 28 17 20 29 24 25 23 24 19 28 25 17 19 28 24 15 23 28 29 
17 18 34 33 26 34 17 26 22 20 25 35 23 17 35 20 34 32 34 30 
1000 1000 1000 1000 1000 1000 1000 1000 1000 1000 1000 1000 1000 1000 1000 1000 1000 1000 1000 1000 
31 23 29 15 20 16 32 23 29 34 18 27 29 26 28 28 20 33 17 35 
33 18 26 31 26 26 33 26 31 18 29 30 28 27 34 27 16 15 33 21 
27 26 26 19 25 19 32 30 24 30 25 34 30 20 33 32 19 33 18 26 
0.6444444444444445 0 0.37777777777777777 0 0.08888888888888889 0.17777777777777778 0 0.5333333333333333 0 0.13333333333333333 0 0.4444444444444444 0.24444444444444444 0.022222222222222223 0.6888888888888889 0.24444444444444444 0 0 0 0 0 0.28888888888888886 0 0.2 0 
0.4888888888888889 0 0.5777777777777777 0 0.2222222222222222 0.044444444444444446 0 0.0 0 0.6666666666666666 0 0.022222222222222223 0.08888888888888889 0.022222222222222223 0.5333333333333333 0.2 0 0 0 0 0 0.4888888888888889 0 0.2 0 
0.2 0 0.6222222222222222 0 0.1111111111111111 0.6 0 0.37777777777777777 0 0.15555555555555556 0 0.0 0.8 0.3111111111111111 0.35555555555555557 0.4 0 0 0 0 0 0.08888888888888889 0 0.6222222222222222 0 
0.0 0 0.4 0 0.2222222222222222 0.4888888888888889 0 0.7777777777777778 0 0.4888888888888889 0 0.1111111111111111 0.5555555555555556 0.4666666666666667 0.6 0.044444444444444446 0 0 0 0 0 0.1111111111111111 0 0.28888888888888886 0 
0.5555555555555556 0 0.5333333333333333 0 0.4 0.6 0 0.5777777777777777 0 0.4444444444444444 0 0.4222222222222222 0.15555555555555556 0.7333333333333333 0.4222222222222222 0.3111111111111111 0 0 0 0 0 0.1111111111111111 0 0.15555555555555556 0 
0.1111111111111111 0 0.7555555555555555 0 0.24444444444444444 0.17777777777777778 0 0.7777777777777778 0 0.044444444444444446 0 0.5555555555555556 0.26666666666666666 0.6 0.5111111111111111 0.26666666666666666 0 0 0 0 0 0.7333333333333333 0 0.022222222222222223 0 
0.13333333333333333 0 0.0 0 0.7333333333333333 0.6888888888888889 0 0.08888888888888889 0 0.6666666666666666 0 0.6666666666666666 0.13333333333333333 0.17777777777777778 0.26666666666666666 0.28888888888888886 0 0 0 0 0 0.2 0 0.08888888888888889 0 
0.2222222222222222 0 0.08888888888888889 0 0.24444444444444444 0.17777777777777778 0 0.7333333333333333 0 0.7555555555555555 0 0.7333333333333333 0.13333333333333333 0.6222222222222222 0.4888888888888889 0.08888888888888889 0 0 0 0 0 0.4666666666666667 0 0.15555555555555556 0 
0.37777777777777777 0 0.3111111111111111 0 0.7333333333333333 0.35555555555555557 0 0.4666666666666667 0 0.3333333333333333 0 0.2222222222222222 0.15555555555555556 0.2 0.6666666666666666 0.5555555555555556 0 0 0 0 0 0.7333333333333333 0 0.6666666666666666 0 
0.6444444444444445 0 0.3111111111111111 0 0.6888888888888889 0.2222222222222222 0 0.6444444444444445 0 0.4888888888888889 0 0.4 0.4666666666666667 0.4888888888888889 0.2222222222222222 0.4222222222222222 0 0 0 0 0 0.06666666666666667 0 0.1111111111111111 0 
0.6666666666666666 0 0.6222222222222222 0 0.4222222222222222 0.6888888888888889 0 0.26666666666666666 0 0.0 0 0.6888888888888889 0.4888888888888889 0.0 0.08888888888888889 0.7555555555555555 0 0 0 0 0 0.6 0 0.0 0 
0.5111111111111111 0 0.7333333333333333 0 0.13333333333333333 0.06666666666666667 0 0.6888888888888889 0 0.5111111111111111 0 0.08888888888888889 0.4888888888888889 0.7333333333333333 0.4222222222222222 0.5777777777777777 0 0 0 0 0 0.35555555555555557 0 0.7777777777777778 0 
0.08888888888888889 0 0.24444444444444444 0 0.08888888888888889 0.4222222222222222 0 0.6888888888888889 0 0.35555555555555557 0 0.4444444444444444 0.28888888888888886 0.6666666666666666 0.7111111111111111 0.37777777777777777 0 0 0 0 0 0.26666666666666666 0 0.7777777777777778 0 
0.15555555555555556 0 0.17777777777777778 0 0.044444444444444446 0.4 0 0.6444444444444445 0 0.5555555555555556 0 0.022222222222222223 0.5111111111111111 0.4444444444444444 0.2222222222222222 0.06666666666666667 0 0 0 0 0 0.6222222222222222 0 0.7777777777777778 0 
0.3111111111111111 0 0.5555555555555556 0 0.13333333333333333 0.5555555555555556 0 0.15555555555555556 0 0.3333333333333333 0 0.5777777777777777 0.1111111111111111 0.4 0.3111111111111111 0.24444444444444444 0 0 0 0 0 0.2222222222222222 0 0.7555555555555555 0 
0.2 0 0.6666666666666666 0 0.13333333333333333 0.0 0 0.4 0 0.6666666666666666 0 0.044444444444444446 0.35555555555555557 0.7111111111111111 0.7111111111111111 0.6888888888888889 0 0 0 0 0 0.044444444444444446 0 0.7555555555555555 0 
0.5555555555555556 0 0.08888888888888889 0 0.15555555555555556 0.3111111111111111 0 0.044444444444444446 0 0.6444444444444445 0 0.4888888888888889 0.6444444444444445 0.6888888888888889 0.28888888888888886 0.5333333333333333 0 0 0 0 0 0.35555555555555557 0 0.044444444444444446 0 
0.6444444444444445 0 0.8 0 0.2222222222222222 0.6222222222222222 0 0.4 0 0.6 0 0.6 0.4222222222222222 0.24444444444444444 0.022222222222222223 0.26666666666666666 0 0 0 0 0 0.5555555555555556 0 0.8 0 
0.5111111111111111 0 0.8 0 0.06666666666666667 0.5111111111111111 0 0.06666666666666667 0 0.6444444444444445 0 0.35555555555555557 0.4222222222222222 0.4888888888888889 0.26666666666666666 0.6 0 0 0 0 0 0.28888888888888886 0 0.7333333333333333 0 
0.8 0 0.5777777777777777 0 0.2 0.7555555555555555 0 0.0 0 0.4444444444444444 0 0.06666666666666667 0.6444444444444445 0.4666666666666667 0.6888888888888889 0.24444444444444444 0 0 0 0 0 0.4666666666666667 0 0.3333333333333333 0 
