10
40
2
3
7
1 2 3 4 5 6 7 8 9 10 
1 2 3 4 5 6 7 8 9 10 11 12 13 14 15 16 17 18 19 20 21 22 23 24 25 26 27 28 29 30 31 32 33 34 35 36 37 38 39 40 
22
6 37 22 18 11 10 17 1 16 27 2 12 14 25 36 5 35 29 30 33 31 34 
34
22 3 40 12 7 23 19 39 36 37 6 29 20 32 34 21 31 14 2 24 15 10 28 1 9 8 33 11 18 35 30 4 27 5 
1 2 
1 2 3 
0 0 0 0 2 1 0 0 1 0 0 0 0 1 0 0 0 0 0 0 
1 1 0 1 0 0 0 0 1 1 0 0 0 0 0 0 0 1 0 0 
0 0 0 0 0 1 3 2 0 0 0 0 0 0 0 0 1 1 0 0 
1 1 0 0 0 2 0 0 0 0 2 0 1 0 0 2 1 0 0 0 
0 0 0 0 0 1 0 0 0 0 0 0 1 0 0 0 0 0 0 0 
0 0 0 0 1 0 0 0 0 0 0 0 1 0 0 0 0 0 3 0 
0 0 0 0 0 0 0 1 1 1 2 2 0 0 2 0 0 0 0 0 
36 31 25 18 16 41 13 38 24 17 
31 44 28 13 37 21 30 43 14 42 
1000 1000 1000 1000 1000 1000 1000 1000 1000 1000 
1000 1000 1000 1000 1000 1000 1000 1000 1000 1000 
24 44 43 18 12 20 35 28 30 29 
20 17 30 39 15 16 34 40 19 22 
1000 1000 1000 1000 1000 1000 1000 1000 1000 1000 
1000 1000 1000 1000 1000 1000 1000 1000 1000 1000 
1000 1000 1000 1000 1000 1000 1000 1000 1000 1000 
26 13 43 37 35 37 16 10 43 15 
35 44 26 23 15 24 31 10 14 20 
25 33 41 36 45 24 14 31 20 24 
1000 1000 1000 1000 1000 1000 1000 1000 1000 1000 
31 42 18 11 11 12 26 28 25 14 
1000 1000 1000 1000 1000 1000 1000 1000 1000 1000 
25 45 38 29 41 33 42 22 41 28 
30 27 22 39 29 38 27 27 16 14 
13 15 23 13 23 45 11 25 34 26 
1000 1000 1000 1000 1000 1000 1000 1000 1000 1000 
1000 1000 1000 1000 1000 1000 1000 1000 1000 1000 
1000 1000 1000 1000 1000 1000 1000 1000 1000 1000 
12 45 26 42 29 20 23 14 44 20 
1000 1000 1000 1000 1000 1000 1000 1000 1000 1000 
1000 1000 1000 1000 1000 1000 1000 1000 1000 1000 
23 30 10 11 40 14 11 42 9 10 
1000 1000 1000 1000 1000 1000 1000 1000 1000 1000 
18 32 13 32 33 41 23 43 45 14 
1000 1000 1000 1000 1000 1000 1000 1000 1000 1000 
15 16 36 30 31 30 30 43 41 20 
34 9 23 12 14 28 41 22 39 16 
20 28 11 45 10 25 40 19 24 32 
1000 1000 1000 1000 1000 1000 1000 1000 1000 1000 
35 26 12 11 42 30 22 12 43 26 
33 19 43 45 32 41 27 40 16 16 
22 27 17 9 11 33 15 38 17 26 
30 26 42 28 41 26 44 26 19 44 
45 34 40 23 33 24 32 23 11 18 
1000 1000 1000 1000 1000 1000 1000 1000 1000 1000 
1000 1000 1000 1000 1000 1000 1000 1000 1000 1000 
1000 1000 1000 1000 1000 1000 1000 1000 1000 1000 
35 17 21 18 27 30 17 30 25 28 
18 20 19 30 22 23 20 33 28 18 
26 33 29 20 32 20 25 19 19 33 
23 18 15 22 32 18 21 19 32 20 
20 27 30 34 35 17 26 28 30 27 
27 24 22 28 34 23 30 35 21 24 
27 26 30 19 24 32 20 18 16 32 
27 29 28 22 18 21 28 32 15 25 
15 23 35 28 18 35 35 22 19 34 
35 15 22 20 34 35 27 29 26 25 
29 33 31 28 30 24 20 20 18 34 
31 28 35 22 35 24 26 17 28 26 
1000 1000 1000 1000 1000 1000 1000 1000 1000 1000 
21 22 35 16 21 30 17 24 27 15 
25 35 26 16 19 15 30 19 26 22 
1000 1000 1000 1000 1000 1000 1000 1000 1000 1000 
1000 1000 1000 1000 1000 1000 1000 1000 1000 1000 
32 35 28 17 16 28 32 23 27 30 
18 19 23 18 34 32 15 31 30 20 
19 15 34 33 21 22 17 25 27 27 
18 26 28 35 15 23 24 35 24 31 
35 25 21 24 17 30 34 31 33 23 
20 23 27 19 24 21 18 27 33 19 
34 29 17 35 30 25 32 34 32 28 
1000 1000 1000 1000 1000 1000 1000 1000 1000 1000 
1000 1000 1000 1000 1000 1000 1000 1000 1000 1000 
21 18 21 15 28 35 26 16 34 16 
17 17 21 19 29 27 33 23 25 16 
35 21 31 16 26 19 26 19 19 30 
24 34 24 35 25 32 25 26 26 28 
35 27 31 16 33 26 21 18 32 21 
18 24 20 15 33 15 31 20 17 29 
29 25 34 21 21 17 26 20 15 33 
32 21 28 21 19 15 31 21 26 18 
16 20 31 16 17 24 15 16 34 22 
34 26 33 32 20 27 24 20 22 29 
32 31 29 35 26 15 23 17 30 25 
1000 1000 1000 1000 1000 1000 1000 1000 1000 1000 
18 18 25 16 22 35 27 17 34 32 
23 33 18 19 17 28 17 32 23 19 
0.6 0.4888888888888889 0 0 0.3333333333333333 0.24444444444444444 0 0 0 0.37777777777777777 0.5777777777777777 0.35555555555555557 0 0.4888888888888889 0 0.35555555555555557 0.4666666666666667 0.08888888888888889 0 0 0 0.06666666666666667 0 0 0.3111111111111111 0 0.2 0 0.13333333333333333 0.5555555555555556 0.24444444444444444 0 0.5777777777777777 0.5333333333333333 0.28888888888888886 0.4666666666666667 0.8 0 0 0 
0.4888888888888889 0.7777777777777778 0 0 0.7777777777777778 0.17777777777777778 0 0 0 0.08888888888888889 0.7777777777777778 0.5333333333333333 0 0.7333333333333333 0 0.8 0.4 0.13333333333333333 0 0 0 0.8 0 0 0.4666666666666667 0 0.5111111111111111 0 0.15555555555555556 0.0 0.4222222222222222 0 0.37777777777777777 0.2222222222222222 0.4 0.37777777777777777 0.5555555555555556 0 0 0 
0.35555555555555557 0.4222222222222222 0 0 0.7555555555555555 0.4666666666666667 0 0 0 0.7555555555555555 0.37777777777777777 0.7111111111111111 0 0.2 0 0.6444444444444445 0.28888888888888886 0.3111111111111111 0 0 0 0.37777777777777777 0 0 0.022222222222222223 0 0.08888888888888889 0 0.6 0.3111111111111111 0.044444444444444446 0 0.06666666666666667 0.7555555555555555 0.17777777777777778 0.7333333333333333 0.6888888888888889 0 0 0 
0.2 0.08888888888888889 0 0 0.2 0.6666666666666666 0 0 0 0.6222222222222222 0.3111111111111111 0.6 0 0.044444444444444446 0 0.4444444444444444 0.6666666666666666 0.08888888888888889 0 0 0 0.7333333333333333 0 0 0.044444444444444446 0 0.5111111111111111 0 0.4666666666666667 0.06666666666666667 0.8 0 0.044444444444444446 0.8 0.0 0.4222222222222222 0.3111111111111111 0 0 0 
0.15555555555555556 0.6222222222222222 0 0 0.06666666666666667 0.13333333333333333 0 0 0 0.5777777777777777 0.13333333333333333 0.8 0 0.044444444444444446 0 0.7111111111111111 0.4444444444444444 0.3111111111111111 0 0 0 0.4444444444444444 0 0 0.6888888888888889 0 0.5333333333333333 0 0.4888888888888889 0.1111111111111111 0.022222222222222223 0 0.7333333333333333 0.5111111111111111 0.044444444444444446 0.7111111111111111 0.5333333333333333 0 0 0 
0.7111111111111111 0.26666666666666666 0 0 0.24444444444444444 0.15555555555555556 0 0 0 0.6222222222222222 0.3333333333333333 0.3333333333333333 0 0.06666666666666667 0 0.5333333333333333 0.6444444444444445 0.8 0 0 0 0.24444444444444444 0 0 0.1111111111111111 0 0.7111111111111111 0 0.4666666666666667 0.4222222222222222 0.35555555555555557 0 0.4666666666666667 0.7111111111111111 0.5333333333333333 0.37777777777777777 0.3333333333333333 0 0 0 
0.08888888888888889 0.4666666666666667 0 0 0.5777777777777777 0.5555555555555556 0 0 0 0.15555555555555556 0.4888888888888889 0.1111111111111111 0 0.37777777777777777 0 0.7333333333333333 0.4 0.044444444444444446 0 0 0 0.3111111111111111 0 0 0.044444444444444446 0 0.3111111111111111 0 0.4666666666666667 0.7111111111111111 0.6888888888888889 0 0.28888888888888886 0.4 0.13333333333333333 0.7777777777777778 0.5111111111111111 0 0 0 
0.6444444444444445 0.7555555555555555 0 0 0.4222222222222222 0.6888888888888889 0 0 0 0.022222222222222223 0.022222222222222223 0.4888888888888889 0 0.4222222222222222 0 0.28888888888888886 0.4 0.35555555555555557 0 0 0 0.1111111111111111 0 0 0.7333333333333333 0 0.7555555555555555 0 0.7555555555555555 0.28888888888888886 0.2222222222222222 0 0.06666666666666667 0.6888888888888889 0.6444444444444445 0.37777777777777777 0.3111111111111111 0 0 0 
0.3333333333333333 0.1111111111111111 0 0 0.4666666666666667 0.2222222222222222 0 0 0 0.7555555555555555 0.1111111111111111 0.24444444444444444 0 0.35555555555555557 0 0.7111111111111111 0.15555555555555556 0.5555555555555556 0 0 0 0.7777777777777778 0 0 0.0 0 0.8 0 0.7111111111111111 0.6666666666666666 0.3333333333333333 0 0.7555555555555555 0.15555555555555556 0.17777777777777778 0.2222222222222222 0.044444444444444446 0 0 0 
0.17777777777777778 0.7333333333333333 0 0 0.4444444444444444 0.28888888888888886 0 0 0 0.13333333333333333 0.24444444444444444 0.3333333333333333 0 0.1111111111111111 0 0.4222222222222222 0.1111111111111111 0.37777777777777777 0 0 0 0.24444444444444444 0 0 0.022222222222222223 0 0.1111111111111111 0 0.24444444444444444 0.15555555555555556 0.5111111111111111 0 0.37777777777777777 0.15555555555555556 0.37777777777777777 0.7777777777777778 0.2 0 0 0 
