5
40
2
3
3
1 2 3 4 5 
1 2 3 4 5 6 7 8 9 10 11 12 13 14 15 16 17 18 19 20 21 22 23 24 25 26 27 28 29 30 31 32 33 34 35 36 37 38 39 40 
22
2 14 18 31 15 22 29 4 17 6 30 36 24 12 1 25 10 35 27 38 13 39 
34
23 25 18 34 20 36 27 33 39 5 29 32 3 37 22 19 38 17 40 31 15 35 7 26 13 10 24 2 11 1 8 9 6 16 
1 2 
1 2 3 
0 0 0 1 2 0 0 0 1 0 
1 0 0 0 0 0 1 0 0 0 
0 0 0 1 0 1 0 1 2 0 
15 37 43 29 27 
25 13 24 38 9 
1000 1000 1000 1000 1000 
12 11 18 17 38 
1000 1000 1000 1000 1000 
39 25 42 29 22 
1000 1000 1000 1000 1000 
1000 1000 1000 1000 1000 
1000 1000 1000 1000 1000 
44 34 29 35 9 
1000 1000 1000 1000 1000 
13 26 33 40 26 
33 45 38 15 26 
43 35 34 40 37 
20 33 40 37 19 
1000 1000 1000 1000 1000 
15 29 22 41 11 
28 41 37 37 41 
1000 1000 1000 1000 1000 
1000 1000 1000 1000 1000 
1000 1000 1000 1000 1000 
10 26 14 31 34 
1000 1000 1000 1000 1000 
10 13 44 36 35 
15 17 24 35 41 
1000 1000 1000 1000 1000 
16 38 41 39 37 
1000 1000 1000 1000 1000 
10 34 18 19 25 
29 45 16 17 10 
30 11 39 25 38 
1000 1000 1000 1000 1000 
1000 1000 1000 1000 1000 
1000 1000 1000 1000 1000 
17 27 20 21 38 
17 12 10 43 15 
1000 1000 1000 1000 1000 
13 29 44 11 38 
18 43 25 43 39 
1000 1000 1000 1000 1000 
34 27 31 26 21 
34 22 35 26 17 
35 32 19 28 19 
1000 1000 1000 1000 1000 
26 34 30 29 30 
23 34 29 17 30 
28 18 18 20 30 
15 31 31 15 19 
19 16 25 26 25 
32 25 20 29 19 
15 33 27 22 21 
1000 1000 1000 1000 1000 
22 17 30 35 17 
1000 1000 1000 1000 1000 
30 18 17 23 28 
15 34 30 20 32 
35 31 35 26 16 
34 15 26 27 19 
34 31 23 26 23 
22 27 29 21 22 
1000 1000 1000 1000 1000 
15 21 33 35 26 
35 28 25 35 16 
31 27 31 26 17 
35 29 25 30 25 
25 24 27 29 21 
35 32 17 26 28 
1000 1000 1000 1000 1000 
32 22 17 28 22 
1000 1000 1000 1000 1000 
21 31 35 24 28 
16 23 22 28 20 
31 25 31 17 16 
32 22 27 32 18 
34 33 16 17 20 
26 24 28 21 26 
33 19 23 17 16 
21 33 32 23 31 
29 18 31 22 33 
20 15 21 16 21 
0.13333333333333333 0.35555555555555557 0 0.06666666666666667 0 0.6666666666666666 0 0 0 0.7777777777777778 0 0.08888888888888889 0.5333333333333333 0.7555555555555555 0.24444444444444444 0 0.13333333333333333 0.4222222222222222 0 0 0 0.022222222222222223 0 0.022222222222222223 0.13333333333333333 0 0.15555555555555556 0 0.022222222222222223 0.4444444444444444 0.4666666666666667 0 0 0 0.17777777777777778 0.17777777777777778 0 0.08888888888888889 0.2 0 
0.6222222222222222 0.08888888888888889 0 0.044444444444444446 0 0.35555555555555557 0 0 0 0.5555555555555556 0 0.37777777777777777 0.8 0.5777777777777777 0.5333333333333333 0 0.4444444444444444 0.7111111111111111 0 0 0 0.37777777777777777 0 0.08888888888888889 0.17777777777777778 0 0.6444444444444445 0 0.5555555555555556 0.8 0.044444444444444446 0 0 0 0.4 0.06666666666666667 0 0.4444444444444444 0.7555555555555555 0 
0.7555555555555555 0.3333333333333333 0 0.2 0 0.7333333333333333 0 0 0 0.4444444444444444 0 0.5333333333333333 0.6444444444444445 0.5555555555555556 0.6888888888888889 0 0.28888888888888886 0.6222222222222222 0 0 0 0.1111111111111111 0 0.7777777777777778 0.3333333333333333 0 0.7111111111111111 0 0.2 0.15555555555555556 0.6666666666666666 0 0 0 0.24444444444444444 0.022222222222222223 0 0.7777777777777778 0.35555555555555557 0 
0.4444444444444444 0.6444444444444445 0 0.17777777777777778 0 0.4444444444444444 0 0 0 0.5777777777777777 0 0.6888888888888889 0.13333333333333333 0.6888888888888889 0.6222222222222222 0 0.7111111111111111 0.6222222222222222 0 0 0 0.4888888888888889 0 0.6 0.5777777777777777 0 0.6666666666666666 0 0.2222222222222222 0.17777777777777778 0.35555555555555557 0 0 0 0.26666666666666666 0.7555555555555555 0 0.044444444444444446 0.7555555555555555 0 
0.4 0.0 0 0.6444444444444445 0 0.28888888888888886 0 0 0 0.0 0 0.37777777777777777 0.37777777777777777 0.6222222222222222 0.2222222222222222 0 0.044444444444444446 0.7111111111111111 0 0 0 0.5555555555555556 0 0.5777777777777777 0.7111111111111111 0 0.6222222222222222 0 0.35555555555555557 0.022222222222222223 0.6444444444444445 0 0 0 0.6444444444444445 0.13333333333333333 0 0.6444444444444445 0.6666666666666666 0 
