10
10
2
3
3
1 2 3 4 5 6 7 8 9 10 
1 2 3 4 5 6 7 8 9 10 
5
10 4 6 1 5 
8
5 1 9 6 3 2 10 4 
1 2 
1 2 3 
0 0 0 0 0 0 0 0 0 0 0 0 0 0 0 0 0 0 0 0 
1 3 0 0 0 0 0 1 0 0 0 0 0 2 0 0 3 1 0 0 
1 0 0 0 0 0 0 0 0 0 0 1 0 0 0 0 0 0 3 0 
20 36 32 38 25 33 18 36 42 31 
1000 1000 1000 1000 1000 1000 1000 1000 1000 1000 
1000 1000 1000 1000 1000 1000 1000 1000 1000 1000 
37 39 35 37 22 14 33 25 24 35 
18 38 32 29 19 13 29 35 10 42 
10 18 21 45 37 21 22 30 38 10 
1000 1000 1000 1000 1000 1000 1000 1000 1000 1000 
1000 1000 1000 1000 1000 1000 1000 1000 1000 1000 
1000 1000 1000 1000 1000 1000 1000 1000 1000 1000 
32 36 35 31 22 10 18 45 36 20 
28 19 29 31 17 30 19 16 20 17 
26 16 19 22 26 15 22 20 23 25 
32 28 16 15 28 26 28 28 27 18 
34 33 35 30 22 22 29 29 22 35 
28 24 26 28 32 15 35 31 35 24 
35 15 16 29 15 19 32 25 25 17 
1000 1000 1000 1000 1000 1000 1000 1000 1000 1000 
1000 1000 1000 1000 1000 1000 1000 1000 1000 1000 
29 20 29 19 34 26 23 17 25 20 
26 32 26 33 30 29 35 22 28 23 
0.24444444444444444 0 0 0.6222222222222222 0.2 0.022222222222222223 0 0 0 0.5111111111111111 
0.6 0 0 0.6666666666666666 0.6444444444444445 0.2 0 0 0 0.6 
0.5111111111111111 0 0 0.5777777777777777 0.5111111111111111 0.26666666666666666 0 0 0 0.5777777777777777 
0.6444444444444445 0 0 0.6222222222222222 0.4444444444444444 0.8 0 0 0 0.4888888888888889 
0.35555555555555557 0 0 0.28888888888888886 0.2222222222222222 0.6222222222222222 0 0 0 0.28888888888888886 
0.5333333333333333 0 0 0.1111111111111111 0.08888888888888889 0.26666666666666666 0 0 0 0.022222222222222223 
0.2 0 0 0.5333333333333333 0.4444444444444444 0.28888888888888886 0 0 0 0.2 
0.6 0 0 0.35555555555555557 0.5777777777777777 0.4666666666666667 0 0 0 0.8 
0.7333333333333333 0 0 0.3333333333333333 0.022222222222222223 0.6444444444444445 0 0 0 0.6 
0.4888888888888889 0 0 0.5777777777777777 0.7333333333333333 0.022222222222222223 0 0 0 0.24444444444444444 
