20
10
2
3
12
1 2 3 4 5 6 7 8 9 10 11 12 13 14 15 16 17 18 19 20 
1 2 3 4 5 6 7 8 9 10 
5
8 3 10 6 5 
8
8 4 9 5 3 10 7 2 
1 2 
1 2 3 
3 0 0 0 1 0 0 0 0 3 1 0 1 0 0 0 0 0 0 0 0 1 0 1 0 0 0 0 0 0 0 0 0 1 0 0 0 0 3 0 
0 0 0 1 1 0 2 0 0 0 0 0 0 0 0 0 0 1 2 0 2 1 0 0 0 0 1 2 0 0 0 0 0 0 0 0 0 0 1 0 
0 0 0 0 0 0 0 0 0 0 1 1 0 0 0 1 0 0 0 0 1 0 1 0 1 0 0 0 1 0 2 0 1 0 1 1 0 0 0 0 
0 0 0 0 0 0 0 1 0 2 2 0 0 3 1 0 1 0 0 2 0 1 0 0 0 0 0 1 2 0 1 0 0 0 0 1 0 0 1 0 
0 1 0 2 0 2 1 1 0 0 2 0 0 1 1 1 0 0 0 0 0 1 2 0 0 0 0 0 1 0 0 2 0 1 0 0 0 0 1 2 
0 0 0 0 0 0 0 2 0 0 0 0 0 0 0 0 0 0 1 0 0 0 0 0 0 0 2 1 0 0 0 1 0 0 0 2 0 0 1 0 
0 2 0 0 0 0 0 2 0 0 0 1 0 0 0 1 1 1 0 0 2 0 0 2 0 0 0 0 0 0 0 0 0 2 0 0 1 3 0 0 
1 2 0 0 0 0 1 1 0 0 0 0 0 0 2 0 0 0 0 0 0 0 0 1 0 0 0 0 0 0 3 0 0 0 0 1 0 0 0 0 
0 0 0 0 0 0 0 0 0 0 0 0 2 1 0 0 2 0 0 1 0 0 0 0 1 0 2 1 0 0 0 0 0 1 0 0 0 0 0 0 
0 0 0 0 0 0 0 0 0 0 0 0 0 0 0 1 0 0 2 0 1 0 1 0 0 1 0 0 0 0 0 0 1 0 1 0 0 0 0 0 
0 0 0 0 0 0 1 1 0 1 0 0 0 0 0 0 0 0 0 0 0 0 1 0 0 0 0 1 1 2 0 0 0 0 0 1 0 0 0 0 
0 0 0 0 2 0 0 0 2 0 2 0 0 0 0 0 0 1 2 1 0 0 0 0 1 1 0 1 2 0 0 0 0 1 0 0 0 1 0 0 
1000 1000 1000 1000 1000 1000 1000 1000 1000 1000 1000 1000 1000 1000 1000 1000 1000 1000 1000 1000 
1000 1000 1000 1000 1000 1000 1000 1000 1000 1000 1000 1000 1000 1000 1000 1000 1000 1000 1000 1000 
40 39 25 26 23 36 42 16 35 39 30 13 15 26 40 42 42 36 40 31 
1000 1000 1000 1000 1000 1000 1000 1000 1000 1000 1000 1000 1000 1000 1000 1000 1000 1000 1000 1000 
17 20 13 37 18 44 19 17 44 29 25 42 32 10 25 20 20 30 11 15 
28 11 21 13 29 32 13 45 21 25 13 30 24 9 33 33 22 35 13 40 
1000 1000 1000 1000 1000 1000 1000 1000 1000 1000 1000 1000 1000 1000 1000 1000 1000 1000 1000 1000 
28 42 23 25 31 37 15 21 18 40 23 41 25 39 26 11 11 40 28 27 
1000 1000 1000 1000 1000 1000 1000 1000 1000 1000 1000 1000 1000 1000 1000 1000 1000 1000 1000 1000 
30 10 16 27 26 32 9 26 15 18 28 43 37 21 35 33 9 19 27 9 
1000 1000 1000 1000 1000 1000 1000 1000 1000 1000 1000 1000 1000 1000 1000 1000 1000 1000 1000 1000 
35 19 15 26 25 25 30 18 25 19 30 20 16 34 25 34 31 32 34 31 
24 35 30 17 20 35 26 18 17 33 27 18 18 22 35 15 33 19 19 17 
18 22 26 17 20 21 26 33 19 21 31 22 22 18 29 15 20 27 30 16 
27 34 22 35 32 29 33 35 20 19 16 30 29 23 27 21 18 27 22 32 
1000 1000 1000 1000 1000 1000 1000 1000 1000 1000 1000 1000 1000 1000 1000 1000 1000 1000 1000 1000 
18 19 18 17 30 25 22 24 25 16 27 22 21 35 21 30 27 27 24 23 
22 30 26 35 25 23 35 34 29 22 25 28 30 33 19 20 29 22 20 28 
31 18 24 25 21 23 25 16 33 17 20 24 25 32 23 17 27 18 30 24 
27 23 15 25 27 26 26 18 20 19 16 26 24 15 18 23 27 18 27 22 
0 0 0.6888888888888889 0 0.17777777777777778 0.4222222222222222 0 0.4222222222222222 0 0.4666666666666667 
0 0 0.6666666666666666 0 0.24444444444444444 0.044444444444444446 0 0.7333333333333333 0 0.022222222222222223 
0 0 0.35555555555555557 0 0.08888888888888889 0.26666666666666666 0 0.3111111111111111 0 0.15555555555555556 
0 0 0.37777777777777777 0 0.6222222222222222 0.08888888888888889 0 0.35555555555555557 0 0.4 
0 0 0.3111111111111111 0 0.2 0.4444444444444444 0 0.4888888888888889 0 0.37777777777777777 
0 0 0.6 0 0.7777777777777778 0.5111111111111111 0 0.6222222222222222 0 0.5111111111111111 
0 0 0.7333333333333333 0 0.2222222222222222 0.08888888888888889 0 0.13333333333333333 0 0.0 
0 0 0.15555555555555556 0 0.17777777777777778 0.8 0 0.26666666666666666 0 0.37777777777777777 
0 0 0.5777777777777777 0 0.7777777777777778 0.26666666666666666 0 0.2 0 0.13333333333333333 
0 0 0.6666666666666666 0 0.4444444444444444 0.35555555555555557 0 0.6888888888888889 0 0.2 
0 0 0.4666666666666667 0 0.35555555555555557 0.08888888888888889 0 0.3111111111111111 0 0.4222222222222222 
0 0 0.08888888888888889 0 0.7333333333333333 0.4666666666666667 0 0.7111111111111111 0 0.7555555555555555 
0 0 0.13333333333333333 0 0.5111111111111111 0.3333333333333333 0 0.35555555555555557 0 0.6222222222222222 
0 0 0.37777777777777777 0 0.022222222222222223 0.0 0 0.6666666666666666 0 0.26666666666666666 
0 0 0.6888888888888889 0 0.35555555555555557 0.5333333333333333 0 0.37777777777777777 0 0.5777777777777777 
0 0 0.7333333333333333 0 0.24444444444444444 0.5333333333333333 0 0.044444444444444446 0 0.5333333333333333 
0 0 0.7333333333333333 0 0.24444444444444444 0.28888888888888886 0 0.044444444444444446 0 0.0 
0 0 0.6 0 0.4666666666666667 0.5777777777777777 0 0.6888888888888889 0 0.2222222222222222 
0 0 0.6888888888888889 0 0.044444444444444446 0.08888888888888889 0 0.4222222222222222 0 0.4 
0 0 0.4888888888888889 0 0.13333333333333333 0.6888888888888889 0 0.4 0 0.0 
