1 Delayed_1 14 1 452 1
1 Delayed_1 22 1 557 1
3 Delayed_3 2 1 826 1
3 Delayed_3 4 1 581 1
4 Delayed_4 13 1 103 1
4 Delayed_4 16 1 410 1
4 Delayed_4 27 1 103 1
6 Delayed_6 8 1 148 1
6 Delayed_6 17 1 148 1
6 Delayed_6 19 1 148 1
11 Delayed_11 14 1 442 1
11 Delayed_11 21 1 374 1
11 Delayed_11 22 1 568 1
12 Delayed_12 20 1 103 1
12 Delayed_12 25 1 564 1
12 Delayed_12 29 1 629 1
13 Delayed_13 20 1 121 1
14 Delayed_14 21 1 105 1
15 Delayed_15 13 1 126 1
15 Delayed_15 22 1 126 1
16 Delayed_16 1 1 75 1
16 Delayed_16 12 1 75 1
16 Delayed_16 22 1 75 1
16 Delayed_16 25 1 483 1
17 Delayed_17 4 1 481 1
17 Delayed_17 14 1 671 1
17 Delayed_17 21 1 336 1
17 Delayed_17 22 1 495 1
18 Delayed_18 7 1 98 1
19 Delayed_19 14 1 510 1
19 Delayed_19 22 1 529 1
20 Delayed_20 25 1 484 1
21 Delayed_21 19 1 111 1
22 Delayed_22 1 1 164 1
22 Delayed_22 15 1 865 1
23 Delayed_23 20 1 547 1
25 Delayed_25 22 1 338 1
26 Delayed_26 7 1 73 1
26 Delayed_26 17 1 73 1
27 Delayed_27 2 1 189 1
27 Delayed_27 14 1 499 1
27 Delayed_27 15 1 640 1
28 Delayed_28 26 1 337 1
28 Delayed_28 28 1 656 1
29 Delayed_29 2 1 680 1
29 Delayed_29 29 1 550 1
30 Delayed_30 2 1 117 1
30 Delayed_30 17 1 117 1
31 Delayed_31 12 1 583 1
32 Delayed_32 27 1 576 1
32 Delayed_32 29 1 508 1
33 Delayed_33 12 1 115 1
34 Delayed_34 20 1 665 1
35 Delayed_35 14 1 366 1
35 Delayed_35 15 1 100 1
35 Delayed_35 29 1 100 1
37 Delayed_37 4 1 660 1
37 Delayed_37 12 1 513 1
39 Delayed_39 12 1 228 1
39 Delayed_39 16 1 188 1
39 Delayed_39 20 1 545 1
39 Delayed_39 22 1 94 1
40 Delayed_40 8 1 186 1
41 Delayed_41 27 1 116 1
41 Delayed_41 29 1 116 1
42 Delayed_42 26 1 218 1
42 Delayed_42 29 1 195 1
43 Delayed_43 27 1 204 1
43 Delayed_43 29 1 204 1
44 Delayed_44 4 1 68 1
44 Delayed_44 15 1 461 1
44 Delayed_44 16 1 68 1
46 Delayed_46 20 1 459 1
49 Delayed_49 2 1 94 1
50 Delayed_50 14 1 519 1
50 Delayed_50 29 1 559 1
51 Delayed_51 15 1 83 1
52 Delayed_52 15 1 91 1
52 Delayed_52 19 1 91 1
53 Delayed_53 7 1 202 1
53 Delayed_53 26 1 202 1
54 Delayed_54 16 1 383 1
55 Delayed_55 16 1 178 1
55 Delayed_55 28 1 537 1
56 Delayed_56 14 1 76 1
57 Delayed_57 25 1 496 1
58 Delayed_58 20 1 122 1
58 Delayed_58 21 1 301 1
59 Delayed_59 14 1 71 1
59 Delayed_59 21 1 279 1
61 Delayed_61 27 1 203 1
62 Delayed_62 7 1 535 1
62 Delayed_62 8 1 232 1
62 Delayed_62 12 1 565 1
62 Delayed_62 16 1 599 1
62 Delayed_62 17 1 441 1
62 Delayed_62 19 1 432 1
62 Delayed_62 21 1 599 1
63 Delayed_63 12 1 76 1
63 Delayed_63 19 1 76 1
65 Delayed_65 20 1 351 1
66 Delayed_66 12 1 102 1
67 Delayed_67 12 1 129 1
67 Delayed_67 29 1 129 1
68 Delayed_68 4 1 188 1
69 Delayed_69 19 1 325 1
70 Delayed_70 2 1 105 1
70 Delayed_70 7 1 105 1
72 Delayed_72 14 1 137 1
72 Delayed_72 16 1 137 1
72 Delayed_72 22 1 137 1
73 Delayed_73 7 1 536 1
73 Delayed_73 8 1 93 1
75 Delayed_75 29 1 79 1
76 Delayed_76 20 1 599 1
77 Delayed_77 14 1 233 1
78 Delayed_78 15 1 72 1
78 Delayed_78 20 1 550 1
78 Delayed_78 21 1 409 1
78 Delayed_78 22 1 72 1
79 Delayed_79 2 1 488 1
79 Delayed_79 8 1 309 1
79 Delayed_79 27 1 545 1
80 Delayed_80 15 1 115 1
81 Delayed_81 15 1 437 1
81 Delayed_81 17 1 345 1
84 Delayed_84 8 1 90 1
84 Delayed_84 29 1 90 1
85 Delayed_85 15 1 454 1
85 Delayed_85 21 1 604 1
85 Delayed_85 25 1 547 1
86 Delayed_86 15 1 543 1
88 Delayed_88 16 1 189 1
92 Delayed_92 4 1 354 1
92 Delayed_92 15 1 617 1
92 Delayed_92 16 1 531 1
93 Delayed_93 15 1 401 1
93 Delayed_93 21 1 636 1
94 Delayed_94 15 1 90 1
94 Delayed_94 28 1 90 1
95 Delayed_95 2 1 99 1
95 Delayed_95 19 1 99 1
96 Delayed_96 1 1 80 1
96 Delayed_96 7 1 80 1
96 Delayed_96 12 1 80 1
97 Delayed_97 21 1 588 1
97 Delayed_97 25 1 169 1
98 Delayed_98 21 1 175 1
99 Delayed_99 28 1 113 1
100 Delayed_100 14 1 283 1
100 Delayed_100 22 1 205 1
101 Delayed_101 15 1 720 1
102 Delayed_102 2 1 143 1
102 Delayed_102 19 1 143 1
103 Delayed_103 13 1 190 1
105 Delayed_105 2 1 252 1
105 Delayed_105 17 1 112 1
106 Delayed_106 13 1 152 1
107 Delayed_107 29 1 834 1
108 Delayed_108 21 1 102 1
109 Delayed_109 13 1 108 1
109 Delayed_109 17 1 108 1
111 Delayed_111 12 1 98 1
111 Delayed_111 15 1 537 1
111 Delayed_111 27 1 576 1
112 Delayed_112 16 1 398 1
112 Delayed_112 20 1 589 1
112 Delayed_112 22 1 529 1
113 Delayed_113 12 1 344 1
113 Delayed_113 29 1 195 1
114 Delayed_114 4 1 65 1
114 Delayed_114 12 1 507 1
114 Delayed_114 13 1 628 1
114 Delayed_114 22 1 65 1
115 Delayed_115 16 1 172 1
115 Delayed_115 26 1 172 1
116 Delayed_116 17 1 692 1
116 Delayed_116 20 1 715 1
117 Delayed_117 16 1 561 1
118 Delayed_118 27 1 332 1
120 Delayed_120 8 1 122 1
120 Delayed_120 15 1 276 1
122 Delayed_122 25 1 127 1
123 Delayed_123 4 1 79 1
123 Delayed_123 17 1 79 1
125 Delayed_125 19 1 125 1
126 Delayed_126 14 1 454 1
126 Delayed_126 15 1 212 1
126 Delayed_126 16 1 571 1
126 Delayed_126 22 1 336 1
126 Delayed_126 26 1 226 1
128 Delayed_128 20 1 93 1
128 Delayed_128 29 1 93 1
129 Delayed_129 15 1 422 1
129 Delayed_129 17 1 724 1
129 Delayed_129 21 1 125 1
129 Delayed_129 22 1 725 1
130 Delayed_130 8 1 82 1
131 Delayed_131 14 1 459 1
131 Delayed_131 15 1 239 1
131 Delayed_131 25 1 181 1
133 Delayed_133 4 1 196 1
133 Delayed_133 19 1 196 1
134 Delayed_134 26 1 90 1
135 Delayed_135 8 1 74 1
136 Delayed_136 14 1 126 1
138 Delayed_138 8 1 112 1
138 Delayed_138 15 1 265 1
138 Delayed_138 19 1 373 1
139 Delayed_139 7 1 174 1
141 Delayed_141 4 1 99 1
141 Delayed_141 22 1 99 1
142 Delayed_142 12 1 565 1
142 Delayed_142 14 1 573 1
142 Delayed_142 21 1 599 1
143 Delayed_143 21 1 75 1
144 Delayed_144 4 1 77 1
145 Delayed_145 4 1 98 1
146 Delayed_146 29 1 484 1
149 Delayed_149 22 1 78 1
151 Delayed_151 14 1 195 1
151 Delayed_151 25 1 195 1
152 Delayed_152 2 1 128 1
152 Delayed_152 21 1 128 1
152 Delayed_152 22 1 128 1
153 Delayed_153 1 1 442 1
153 Delayed_153 4 1 366 1
153 Delayed_153 15 1 338 1
153 Delayed_153 19 1 447 1
153 Delayed_153 20 1 374 1
154 Delayed_154 4 1 513 1
154 Delayed_154 12 1 608 1
154 Delayed_154 16 1 540 1
158 Delayed_158 4 1 339 1
158 Delayed_158 16 1 412 1
158 Delayed_158 17 1 177 1
158 Delayed_158 20 1 722 1
158 Delayed_158 21 1 270 1
159 Delayed_159 12 1 117 1
159 Delayed_159 14 1 117 1
160 Delayed_160 22 1 660 1
162 Delayed_162 20 1 147 1
164 Delayed_164 13 1 694 1
164 Delayed_164 19 1 300 1
164 Delayed_164 28 1 669 1
165 Delayed_165 8 1 68 1
165 Delayed_165 26 1 68 1
166 Delayed_166 29 1 506 1
167 Delayed_167 14 1 519 1
167 Delayed_167 20 1 519 1
170 Delayed_170 7 1 705 1
171 Delayed_171 29 1 222 1
173 Delayed_173 2 1 121 1
174 Delayed_174 2 1 91 1
174 Delayed_174 17 1 91 1
176 Delayed_176 14 1 109 1
176 Delayed_176 29 1 109 1
178 Delayed_178 8 1 85 1
179 Delayed_179 19 1 162 1
179 Delayed_179 29 1 393 1
180 Delayed_180 19 1 351 1
181 Delayed_181 16 1 527 1
184 Delayed_184 2 1 344 1
184 Delayed_184 8 1 163 1
184 Delayed_184 20 1 451 1
185 Delayed_185 15 1 207 1
185 Delayed_185 22 1 641 1
186 Delayed_186 8 1 104 1
186 Delayed_186 13 1 104 1
186 Delayed_186 29 1 529 1
188 Delayed_188 12 1 636 1
189 Delayed_189 12 1 506 1
189 Delayed_189 14 1 239 1
190 Delayed_190 2 1 611 1
191 Delayed_191 28 1 637 1
193 Delayed_193 14 1 143 1
193 Delayed_193 15 1 143 1
193 Delayed_193 25 1 143 1
193 Delayed_193 28 1 143 1
194 Delayed_194 20 1 102 1
195 Delayed_195 21 1 107 1
196 Delayed_196 21 1 634 1
198 Delayed_198 27 1 185 1
199 Delayed_199 29 1 149 1
200 Delayed_200 12 1 116 1
