1 Delayed_1 25 1 125 1
2 Delayed_2 19 1 289 1
3 Delayed_3 26 1 182 1
4 Delayed_4 9 1 124 1
4 Delayed_4 23 1 124 1
4 Delayed_4 26 1 296 1
5 Delayed_5 6 1 262 1
5 Delayed_5 14 1 71 1
5 Delayed_5 16 1 71 1
5 Delayed_5 19 1 206 1
5 Delayed_5 24 1 206 1
5 Delayed_5 25 1 262 1
6 Delayed_6 12 1 85 1
6 Delayed_6 16 1 208 1
6 Delayed_6 20 1 208 1
7 Delayed_7 14 1 155 1
7 Delayed_7 21 1 262 1
8 Delayed_8 12 1 85 1
8 Delayed_8 17 1 393 1
8 Delayed_8 24 1 393 1
8 Delayed_8 26 1 122 1
9 Delayed_9 6 1 296 1
10 Delayed_10 9 1 208 1
10 Delayed_10 21 1 357 1
12 Delayed_12 19 1 208 1
13 Delayed_13 6 1 94 1
13 Delayed_13 7 1 252 1
13 Delayed_13 19 1 289 1
14 Delayed_14 7 1 296 1
14 Delayed_14 9 1 201 1
14 Delayed_14 18 1 124 1
14 Delayed_14 20 1 187 1
14 Delayed_14 25 1 201 1
16 Delayed_16 6 1 104 1
16 Delayed_16 9 1 301 1
16 Delayed_16 14 1 170 1
16 Delayed_16 19 1 158 1
17 Delayed_17 23 1 219 1
19 Delayed_19 19 1 314 1
19 Delayed_19 23 1 124 1
19 Delayed_19 26 1 314 1
20 Delayed_20 25 1 272 1
21 Delayed_21 14 1 289 1
21 Delayed_21 23 1 250 1
22 Delayed_22 6 1 226 1
22 Delayed_22 18 1 283 1
22 Delayed_22 19 1 283 1
23 Delayed_23 26 1 334 1
24 Delayed_24 7 1 124 1
24 Delayed_24 17 1 365 1
24 Delayed_24 21 1 172 1
24 Delayed_24 26 1 124 1
25 Delayed_25 9 1 259 1
26 Delayed_26 16 1 123 1
26 Delayed_26 21 1 123 1
26 Delayed_26 27 1 123 1
27 Delayed_27 20 1 259 1
27 Delayed_27 23 1 260 1
27 Delayed_27 25 1 301 1
27 Delayed_27 26 1 134 1
27 Delayed_27 27 1 260 1
28 Delayed_28 12 1 260 1
28 Delayed_28 25 1 215 1
28 Delayed_28 26 1 106 1
29 Delayed_29 18 1 339 1
29 Delayed_29 21 1 172 1
30 Delayed_30 13 1 58 1
30 Delayed_30 20 1 250 1
30 Delayed_30 25 1 206 1
30 Delayed_30 26 1 182 1
31 Delayed_31 6 1 332 1
31 Delayed_31 26 1 341 1
33 Delayed_33 7 1 249 1
33 Delayed_33 28 1 402 1
35 Delayed_35 16 1 307 1
35 Delayed_35 21 1 307 1
36 Delayed_36 7 1 226 1
36 Delayed_36 19 1 236 1
37 Delayed_37 23 1 398 1
38 Delayed_38 11 1 170 1
39 Delayed_39 16 1 85 1
39 Delayed_39 24 1 85 1
40 Delayed_40 23 1 187 1
40 Delayed_40 26 1 182 1
41 Delayed_41 18 1 348 1
41 Delayed_41 24 1 283 1
42 Delayed_42 9 1 280 1
42 Delayed_42 18 1 216 1
42 Delayed_42 19 1 216 1
42 Delayed_42 21 1 216 1
42 Delayed_42 26 1 126 1
43 Delayed_43 7 1 187 1
43 Delayed_43 19 1 123 1
43 Delayed_43 25 1 236 1
45 Delayed_45 18 1 310 1
45 Delayed_45 23 1 280 1
46 Delayed_46 25 1 280 1
47 Delayed_47 7 1 378 1
47 Delayed_47 9 1 259 1
47 Delayed_47 10 1 226 1
47 Delayed_47 14 1 259 1
47 Delayed_47 19 1 226 1
47 Delayed_47 20 1 296 1
47 Delayed_47 23 1 236 1
47 Delayed_47 24 1 226 1
47 Delayed_47 28 1 259 1
48 Delayed_48 6 1 310 1
48 Delayed_48 17 1 303 1
48 Delayed_48 24 1 303 1
48 Delayed_48 26 1 278 1
49 Delayed_49 7 1 259 1
49 Delayed_49 23 1 111 1
50 Delayed_50 9 1 134 1
50 Delayed_50 19 1 260 1
51 Delayed_51 17 1 260 1
51 Delayed_51 21 1 247 1
53 Delayed_53 6 1 332 1
53 Delayed_53 10 1 215 1
53 Delayed_53 16 1 332 1
54 Delayed_54 7 1 128 1
54 Delayed_54 10 1 110 1
55 Delayed_55 7 1 260 1
55 Delayed_55 20 1 260 1
56 Delayed_56 27 1 283 1
57 Delayed_57 6 1 378 1
57 Delayed_57 21 1 289 1
57 Delayed_57 23 1 289 1
58 Delayed_58 19 1 122 1
59 Delayed_59 20 1 262 1
59 Delayed_59 26 1 289 1
60 Delayed_60 19 1 122 1
62 Delayed_62 10 1 272 1
62 Delayed_62 18 1 170 1
62 Delayed_62 26 1 272 1
63 Delayed_63 20 1 277 1
63 Delayed_63 23 1 333 1
64 Delayed_64 7 1 289 1
64 Delayed_64 18 1 188 1
65 Delayed_65 6 1 128 1
65 Delayed_65 10 1 249 1
65 Delayed_65 20 1 417 1
65 Delayed_65 28 1 249 1
67 Delayed_67 7 1 217 1
67 Delayed_67 18 1 365 1
68 Delayed_68 10 1 380 1
68 Delayed_68 24 1 208 1
69 Delayed_69 9 1 289 1
69 Delayed_69 24 1 126 1
70 Delayed_70 7 1 283 1
70 Delayed_70 16 1 65 1
70 Delayed_70 20 1 65 1
71 Delayed_71 13 1 452 1
71 Delayed_71 23 1 452 1
71 Delayed_71 28 1 236 1
72 Delayed_72 19 1 134 1
73 Delayed_73 6 1 314 1
73 Delayed_73 16 1 119 1
73 Delayed_73 26 1 314 1
74 Delayed_74 6 1 52 1
74 Delayed_74 9 1 260 1
74 Delayed_74 11 1 250 1
74 Delayed_74 18 1 262 1
74 Delayed_74 20 1 250 1
74 Delayed_74 21 1 260 1
75 Delayed_75 6 1 219 1
75 Delayed_75 11 1 53 1
75 Delayed_75 12 1 53 1
75 Delayed_75 20 1 215 1
75 Delayed_75 21 1 215 1
75 Delayed_75 24 1 215 1
78 Delayed_78 23 1 307 1
79 Delayed_79 21 1 81 1
80 Delayed_80 20 1 208 1
83 Delayed_83 25 1 172 1
84 Delayed_84 13 1 301 1
85 Delayed_85 7 1 332 1
85 Delayed_85 20 1 314 1
86 Delayed_86 18 1 152 1
88 Delayed_88 18 1 297 1
89 Delayed_89 9 1 343 1
91 Delayed_91 6 1 334 1
91 Delayed_91 27 1 334 1
92 Delayed_92 28 1 452 1
94 Delayed_94 6 1 111 1
94 Delayed_94 16 1 111 1
94 Delayed_94 21 1 303 1
95 Delayed_95 20 1 252 1
96 Delayed_96 9 1 247 1
96 Delayed_96 14 1 289 1
96 Delayed_96 17 1 296 1
96 Delayed_96 24 1 303 1
96 Delayed_96 26 1 303 1
97 Delayed_97 9 1 297 1
97 Delayed_97 16 1 391 1
97 Delayed_97 20 1 310 1
97 Delayed_97 23 1 226 1
97 Delayed_97 26 1 391 1
98 Delayed_98 17 1 260 1
98 Delayed_98 20 1 236 1
99 Delayed_99 7 1 111 1
99 Delayed_99 18 1 111 1
99 Delayed_99 21 1 111 1
99 Delayed_99 28 1 277 1
100 Delayed_100 16 1 310 1
100 Delayed_100 21 1 391 1
100 Delayed_100 23 1 187 1
100 Delayed_100 24 1 310 1
101 Delayed_101 10 1 357 1
102 Delayed_102 6 1 402 1
103 Delayed_103 6 1 391 1
104 Delayed_104 16 1 125 1
104 Delayed_104 24 1 125 1
105 Delayed_105 27 1 247 1
107 Delayed_107 9 1 262 1
107 Delayed_107 24 1 208 1
108 Delayed_108 7 1 90 1
108 Delayed_108 13 1 90 1
108 Delayed_108 16 1 283 1
108 Delayed_108 17 1 90 1
109 Delayed_109 21 1 278 1
110 Delayed_110 20 1 307 1
110 Delayed_110 24 1 314 1
111 Delayed_111 7 1 122 1
111 Delayed_111 24 1 158 1
112 Delayed_112 9 1 236 1
112 Delayed_112 12 1 339 1
112 Delayed_112 23 1 236 1
113 Delayed_113 12 1 123 1
113 Delayed_113 16 1 244 1
113 Delayed_113 18 1 123 1
113 Delayed_113 24 1 244 1
113 Delayed_113 25 1 444 1
113 Delayed_113 27 1 444 1
114 Delayed_114 18 1 310 1
114 Delayed_114 19 1 187 1
114 Delayed_114 23 1 111 1
114 Delayed_114 24 1 188 1
115 Delayed_115 6 1 123 1
115 Delayed_115 18 1 398 1
116 Delayed_116 7 1 172 1
116 Delayed_116 17 1 260 1
116 Delayed_116 26 1 219 1
117 Delayed_117 6 1 247 1
117 Delayed_117 11 1 365 1
117 Delayed_117 13 1 247 1
118 Delayed_118 6 1 461 1
118 Delayed_118 7 1 341 1
118 Delayed_118 18 1 461 1
118 Delayed_118 21 1 208 1
118 Delayed_118 25 1 461 1
118 Delayed_118 28 1 247 1
120 Delayed_120 6 1 170 1
120 Delayed_120 14 1 280 1
120 Delayed_120 26 1 152 1
121 Delayed_121 12 1 289 1
121 Delayed_121 25 1 249 1
121 Delayed_121 27 1 249 1
121 Delayed_121 28 1 289 1
122 Delayed_122 7 1 380 1
122 Delayed_122 9 1 126 1
122 Delayed_122 19 1 380 1
122 Delayed_122 25 1 247 1
123 Delayed_123 17 1 310 1
123 Delayed_123 26 1 314 1
124 Delayed_124 9 1 128 1
124 Delayed_124 19 1 119 1
124 Delayed_124 23 1 475 1
124 Delayed_124 25 1 475 1
124 Delayed_124 26 1 119 1
124 Delayed_124 28 1 128 1
125 Delayed_125 7 1 247 1
125 Delayed_125 18 1 262 1
126 Delayed_126 7 1 152 1
126 Delayed_126 18 1 152 1
127 Delayed_127 9 1 124 1
127 Delayed_127 23 1 124 1
128 Delayed_128 9 1 182 1
128 Delayed_128 24 1 314 1
129 Delayed_129 13 1 289 1
130 Delayed_130 18 1 262 1
130 Delayed_130 21 1 383 1
131 Delayed_131 21 1 280 1
133 Delayed_133 13 1 247 1
133 Delayed_133 17 1 152 1
134 Delayed_134 18 1 236 1
134 Delayed_134 19 1 307 1
135 Delayed_135 10 1 260 1
135 Delayed_135 13 1 95 1
135 Delayed_135 19 1 260 1
135 Delayed_135 25 1 301 1
136 Delayed_136 19 1 289 1
136 Delayed_136 20 1 188 1
139 Delayed_139 17 1 172 1
139 Delayed_139 24 1 226 1
139 Delayed_139 25 1 134 1
140 Delayed_140 6 1 217 1
140 Delayed_140 16 1 297 1
140 Delayed_140 25 1 297 1
141 Delayed_141 13 1 280 1
141 Delayed_141 18 1 247 1
141 Delayed_141 20 1 280 1
141 Delayed_141 21 1 247 1
142 Delayed_142 24 1 110 1
143 Delayed_143 26 1 427 1
144 Delayed_144 16 1 247 1
145 Delayed_145 6 1 172 1
145 Delayed_145 7 1 249 1
145 Delayed_145 14 1 187 1
145 Delayed_145 17 1 90 1
145 Delayed_145 23 1 216 1
146 Delayed_146 16 1 301 1
147 Delayed_147 6 1 378 1
147 Delayed_147 18 1 122 1
147 Delayed_147 23 1 250 1
147 Delayed_147 24 1 250 1
147 Delayed_147 26 1 188 1
147 Delayed_147 27 1 378 1
148 Delayed_148 18 1 128 1
149 Delayed_149 21 1 310 1
149 Delayed_149 25 1 106 1
150 Delayed_150 23 1 393 1
151 Delayed_151 9 1 296 1
152 Delayed_152 12 1 343 1
152 Delayed_152 23 1 249 1
152 Delayed_152 26 1 365 1
153 Delayed_153 7 1 128 1
153 Delayed_153 21 1 128 1
153 Delayed_153 24 1 314 1
154 Delayed_154 6 1 383 1
154 Delayed_154 10 1 65 1
154 Delayed_154 18 1 122 1
154 Delayed_154 23 1 122 1
156 Delayed_156 6 1 262 1
156 Delayed_156 9 1 427 1
156 Delayed_156 18 1 310 1
157 Delayed_157 7 1 250 1
157 Delayed_157 9 1 259 1
158 Delayed_158 26 1 333 1
159 Delayed_159 17 1 187 1
161 Delayed_161 25 1 249 1
162 Delayed_162 16 1 95 1
162 Delayed_162 18 1 303 1
162 Delayed_162 21 1 87 1
162 Delayed_162 23 1 188 1
163 Delayed_163 10 1 125 1
163 Delayed_163 18 1 303 1
164 Delayed_164 7 1 219 1
164 Delayed_164 19 1 272 1
164 Delayed_164 21 1 272 1
164 Delayed_164 23 1 134 1
164 Delayed_164 25 1 417 1
165 Delayed_165 9 1 277 1
165 Delayed_165 10 1 155 1
165 Delayed_165 12 1 277 1
165 Delayed_165 17 1 155 1
166 Delayed_166 16 1 461 1
166 Delayed_166 19 1 310 1
167 Delayed_167 13 1 208 1
167 Delayed_167 16 1 208 1
167 Delayed_167 19 1 272 1
168 Delayed_168 11 1 301 1
168 Delayed_168 18 1 301 1
168 Delayed_168 20 1 289 1
168 Delayed_168 25 1 280 1
168 Delayed_168 27 1 280 1
169 Delayed_169 13 1 110 1
169 Delayed_169 23 1 106 1
171 Delayed_171 9 1 252 1
171 Delayed_171 13 1 158 1
171 Delayed_171 21 1 170 1
171 Delayed_171 26 1 71 1
172 Delayed_172 7 1 128 1
172 Delayed_172 18 1 128 1
173 Delayed_173 14 1 104 1
173 Delayed_173 17 1 104 1
173 Delayed_173 19 1 277 1
174 Delayed_174 6 1 278 1
174 Delayed_174 10 1 277 1
174 Delayed_174 16 1 278 1
174 Delayed_174 17 1 252 1
174 Delayed_174 20 1 155 1
174 Delayed_174 21 1 252 1
175 Delayed_175 6 1 126 1
175 Delayed_175 7 1 343 1
175 Delayed_175 17 1 155 1
176 Delayed_176 12 1 182 1
176 Delayed_176 20 1 182 1
177 Delayed_177 9 1 236 1
178 Delayed_178 6 1 122 1
178 Delayed_178 9 1 206 1
178 Delayed_178 11 1 259 1
178 Delayed_178 16 1 259 1
178 Delayed_178 18 1 277 1
178 Delayed_178 20 1 206 1
178 Delayed_178 21 1 206 1
178 Delayed_178 23 1 262 1
178 Delayed_178 24 1 262 1
178 Delayed_178 26 1 122 1
179 Delayed_179 7 1 296 1
179 Delayed_179 9 1 296 1
179 Delayed_179 16 1 278 1
179 Delayed_179 18 1 110 1
179 Delayed_179 23 1 152 1
179 Delayed_179 24 1 152 1
181 Delayed_181 11 1 357 1
181 Delayed_181 12 1 303 1
181 Delayed_181 23 1 277 1
181 Delayed_181 26 1 215 1
181 Delayed_181 27 1 297 1
182 Delayed_182 20 1 201 1
182 Delayed_182 24 1 236 1
183 Delayed_183 23 1 310 1
184 Delayed_184 20 1 260 1
185 Delayed_185 7 1 134 1
185 Delayed_185 23 1 152 1
186 Delayed_186 7 1 208 1
186 Delayed_186 12 1 297 1
186 Delayed_186 16 1 297 1
186 Delayed_186 19 1 252 1
186 Delayed_186 24 1 58 1
186 Delayed_186 25 1 215 1
187 Delayed_187 7 1 289 1
188 Delayed_188 17 1 95 1
188 Delayed_188 18 1 332 1
188 Delayed_188 19 1 95 1
189 Delayed_189 18 1 289 1
189 Delayed_189 26 1 334 1
190 Delayed_190 24 1 111 1
191 Delayed_191 23 1 277 1
192 Delayed_192 9 1 310 1
192 Delayed_192 27 1 296 1
193 Delayed_193 20 1 122 1
193 Delayed_193 21 1 341 1
193 Delayed_193 25 1 170 1
193 Delayed_193 26 1 170 1
194 Delayed_194 9 1 272 1
194 Delayed_194 12 1 206 1
194 Delayed_194 16 1 206 1
194 Delayed_194 24 1 303 1
195 Delayed_195 19 1 90 1
195 Delayed_195 26 1 250 1
196 Delayed_196 19 1 380 1
196 Delayed_196 20 1 296 1
196 Delayed_196 21 1 277 1
198 Delayed_198 21 1 444 1
199 Delayed_199 6 1 252 1
199 Delayed_199 18 1 125 1
199 Delayed_199 19 1 278 1
199 Delayed_199 20 1 252 1
200 Delayed_200 7 1 341 1
200 Delayed_200 28 1 341 1
