1 Delayed_1 5 1 505 1
1 Delayed_1 13 1 683 1
1 Delayed_1 14 1 402 1
1 Delayed_1 18 1 231 1
1 Delayed_1 22 1 192 1
1 Delayed_1 23 1 432 1
1 Delayed_1 24 1 442 1
2 Delayed_2 1 1 700 1
3 Delayed_3 2 1 357 1
3 Delayed_3 3 1 656 1
3 Delayed_3 4 1 117 1
3 Delayed_3 4 1 379 1
3 Delayed_3 18 1 205 1
3 Delayed_3 25 1 351 1
3 Delayed_3 28 1 478 1
3 Delayed_3 30 1 205 1
4 Delayed_4 6 1 184 1
4 Delayed_4 11 1 103 1
4 Delayed_4 13 1 123 1
4 Delayed_4 13 1 616 1
4 Delayed_4 16 1 103 1
4 Delayed_4 25 1 561 1
4 Delayed_4 27 1 703 1
5 Delayed_5 3 1 272 1
5 Delayed_5 9 1 263 1
5 Delayed_5 26 1 579 1
6 Delayed_6 4 1 148 1
6 Delayed_6 8 1 148 1
6 Delayed_6 17 1 148 1
6 Delayed_6 19 1 148 1
7 Delayed_7 25 1 91 1
8 Delayed_8 1 1 168 1
8 Delayed_8 13 1 168 1
10 Delayed_10 9 1 212 1
11 Delayed_11 3 1 285 1
11 Delayed_11 9 1 553 1
11 Delayed_11 12 1 393 1
11 Delayed_11 14 1 498 1
11 Delayed_11 21 1 285 1
11 Delayed_11 22 1 208 1
12 Delayed_12 9 1 526 1
12 Delayed_12 18 1 675 1
12 Delayed_12 20 1 633 1
12 Delayed_12 23 1 394 1
12 Delayed_12 24 1 536 1
12 Delayed_12 25 1 305 1
12 Delayed_12 25 1 429 1
12 Delayed_12 26 1 603 1
12 Delayed_12 29 1 386 1
12 Delayed_12 30 1 413 1
13 Delayed_13 1 1 613 1
13 Delayed_13 20 1 350 1
14 Delayed_14 4 1 105 1
14 Delayed_14 21 1 105 1
14 Delayed_14 23 1 105 1
14 Delayed_14 26 1 105 1
14 Delayed_14 30 1 105 1
15 Delayed_15 4 1 452 1
15 Delayed_15 5 1 452 1
15 Delayed_15 13 1 260 1
15 Delayed_15 13 1 288 1
15 Delayed_15 22 1 692 1
15 Delayed_15 30 1 659 1
16 Delayed_16 1 1 434 1
16 Delayed_16 1 1 507 1
16 Delayed_16 4 1 434 1
16 Delayed_16 12 1 483 1
16 Delayed_16 22 1 509 1
16 Delayed_16 23 1 527 1
16 Delayed_16 24 1 299 1
16 Delayed_16 25 1 299 1
16 Delayed_16 25 1 408 1
16 Delayed_16 26 1 337 1
17 Delayed_17 1 1 514 1
17 Delayed_17 3 1 495 1
17 Delayed_17 4 1 454 1
17 Delayed_17 4 1 593 1
17 Delayed_17 14 1 82 1
17 Delayed_17 21 1 490 1
17 Delayed_17 22 1 319 1
18 Delayed_18 7 1 664 1
18 Delayed_18 25 1 98 1
18 Delayed_18 30 1 98 1
19 Delayed_19 1 1 642 1
19 Delayed_19 14 1 364 1
19 Delayed_19 22 1 172 1
19 Delayed_19 24 1 97 1
19 Delayed_19 30 1 331 1
20 Delayed_20 6 1 696 1
20 Delayed_20 9 1 526 1
20 Delayed_20 11 1 696 1
20 Delayed_20 24 1 126 1
20 Delayed_20 25 1 453 1
20 Delayed_20 25 1 512 1
21 Delayed_21 18 1 449 1
21 Delayed_21 19 1 627 1
21 Delayed_21 26 1 638 1
22 Delayed_22 1 1 245 1
22 Delayed_22 1 1 418 1
22 Delayed_22 11 1 368 1
22 Delayed_22 15 1 489 1
23 Delayed_23 5 1 258 1
23 Delayed_23 13 1 357 1
23 Delayed_23 18 1 299 1
23 Delayed_23 20 1 550 1
23 Delayed_23 28 1 116 1
24 Delayed_24 1 1 483 1
24 Delayed_24 3 1 208 1
24 Delayed_24 5 1 379 1
24 Delayed_24 23 1 593 1
24 Delayed_24 28 1 555 1
25 Delayed_25 4 1 407 1
25 Delayed_25 9 1 710 1
25 Delayed_25 18 1 386 1
25 Delayed_25 22 1 217 1
25 Delayed_25 28 1 716 1
25 Delayed_25 30 1 700 1
26 Delayed_26 5 1 181 1
26 Delayed_26 7 1 563 1
26 Delayed_26 17 1 716 1
27 Delayed_27 1 1 367 1
27 Delayed_27 2 1 191 1
27 Delayed_27 14 1 224 1
27 Delayed_27 15 1 524 1
27 Delayed_27 24 1 439 1
27 Delayed_27 30 1 524 1
28 Delayed_28 1 1 378 1
28 Delayed_28 4 1 327 1
28 Delayed_28 21 1 531 1
28 Delayed_28 26 1 561 1
28 Delayed_28 26 1 656 1
28 Delayed_28 28 1 541 1
28 Delayed_28 28 1 669 1
29 Delayed_29 1 1 367 1
29 Delayed_29 2 1 432 1
29 Delayed_29 3 1 367 1
29 Delayed_29 5 1 456 1
29 Delayed_29 23 1 261 1
29 Delayed_29 24 1 440 1
29 Delayed_29 25 1 528 1
29 Delayed_29 29 1 408 1
30 Delayed_30 1 1 362 1
30 Delayed_30 2 1 460 1
30 Delayed_30 17 1 420 1
31 Delayed_31 3 1 648 1
31 Delayed_31 12 1 579 1
31 Delayed_31 18 1 579 1
31 Delayed_31 26 1 579 1
32 Delayed_32 1 1 449 1
32 Delayed_32 6 1 348 1
32 Delayed_32 9 1 253 1
32 Delayed_32 18 1 527 1
32 Delayed_32 27 1 690 1
32 Delayed_32 29 1 350 1
33 Delayed_33 3 1 439 1
33 Delayed_33 20 1 444 1
33 Delayed_33 26 1 349 1
34 Delayed_34 9 1 303 1
34 Delayed_34 18 1 511 1
34 Delayed_34 20 1 518 1
34 Delayed_34 23 1 197 1
34 Delayed_34 26 1 845 1
35 Delayed_35 6 1 100 1
35 Delayed_35 14 1 625 1
35 Delayed_35 15 1 388 1
35 Delayed_35 23 1 100 1
35 Delayed_35 29 1 211 1
36 Delayed_36 9 1 116 1
36 Delayed_36 23 1 116 1
36 Delayed_36 30 1 116 1
37 Delayed_37 4 1 491 1
37 Delayed_37 4 1 660 1
37 Delayed_37 12 1 396 1
37 Delayed_37 23 1 635 1
37 Delayed_37 25 1 549 1
38 Delayed_38 5 1 464 1
38 Delayed_38 6 1 438 1
38 Delayed_38 18 1 401 1
39 Delayed_39 7 1 561 1
39 Delayed_39 13 1 576 1
39 Delayed_39 16 1 216 1
39 Delayed_39 18 1 187 1
39 Delayed_39 20 1 416 1
39 Delayed_39 22 1 296 1
39 Delayed_39 25 1 225 1
40 Delayed_40 14 1 360 1
40 Delayed_40 23 1 247 1
41 Delayed_41 1 1 116 1
41 Delayed_41 5 1 116 1
41 Delayed_41 23 1 116 1
41 Delayed_41 27 1 116 1
41 Delayed_41 29 1 116 1
42 Delayed_42 6 1 555 1
42 Delayed_42 9 1 315 1
42 Delayed_42 26 1 218 1
42 Delayed_42 26 1 446 1
42 Delayed_42 29 1 587 1
42 Delayed_42 30 1 569 1
43 Delayed_43 3 1 210 1
43 Delayed_43 27 1 698 1
43 Delayed_43 29 1 257 1
44 Delayed_44 4 1 710 1
44 Delayed_44 15 1 620 1
44 Delayed_44 16 1 252 1
44 Delayed_44 17 1 220 1
44 Delayed_44 25 1 543 1
45 Delayed_45 3 1 447 1
45 Delayed_45 6 1 659 1
46 Delayed_46 4 1 459 1
46 Delayed_46 20 1 553 1
47 Delayed_47 5 1 410 1
47 Delayed_47 26 1 630 1
48 Delayed_48 9 1 393 1
49 Delayed_49 2 1 275 1
50 Delayed_50 1 1 323 1
50 Delayed_50 3 1 535 1
50 Delayed_50 4 1 191 1
50 Delayed_50 6 1 343 1
50 Delayed_50 14 1 329 1
50 Delayed_50 25 1 191 1
50 Delayed_50 28 1 510 1
50 Delayed_50 29 1 293 1
50 Delayed_50 30 1 448 1
51 Delayed_51 15 1 209 1
51 Delayed_51 26 1 377 1
52 Delayed_52 15 1 91 1
52 Delayed_52 19 1 91 1
52 Delayed_52 26 1 91 1
53 Delayed_53 5 1 202 1
53 Delayed_53 7 1 202 1
53 Delayed_53 11 1 202 1
53 Delayed_53 25 1 202 1
53 Delayed_53 26 1 202 1
53 Delayed_53 26 1 460 1
53 Delayed_53 28 1 202 1
54 Delayed_54 16 1 548 1
55 Delayed_55 1 1 503 1
55 Delayed_55 16 1 496 1
55 Delayed_55 18 1 580 1
55 Delayed_55 23 1 336 1
55 Delayed_55 28 1 503 1
55 Delayed_55 28 1 519 1
56 Delayed_56 3 1 76 1
56 Delayed_56 14 1 76 1
56 Delayed_56 24 1 76 1
57 Delayed_57 3 1 566 1
57 Delayed_57 18 1 498 1
57 Delayed_57 24 1 199 1
57 Delayed_57 25 1 300 1
57 Delayed_57 25 1 447 1
57 Delayed_57 28 1 566 1
57 Delayed_57 30 1 527 1
58 Delayed_58 4 1 482 1
58 Delayed_58 18 1 434 1
58 Delayed_58 20 1 269 1
58 Delayed_58 21 1 333 1
58 Delayed_58 26 1 393 1
59 Delayed_59 5 1 661 1
59 Delayed_59 14 1 282 1
59 Delayed_59 21 1 199 1
60 Delayed_60 6 1 647 1
61 Delayed_61 3 1 593 1
61 Delayed_61 13 1 583 1
61 Delayed_61 18 1 83 1
61 Delayed_61 23 1 363 1
61 Delayed_61 27 1 231 1
61 Delayed_61 30 1 567 1
62 Delayed_62 4 1 324 1
62 Delayed_62 5 1 697 1
62 Delayed_62 7 1 368 1
62 Delayed_62 8 1 368 1
62 Delayed_62 12 1 565 1
62 Delayed_62 16 1 677 1
62 Delayed_62 17 1 583 1
62 Delayed_62 19 1 368 1
62 Delayed_62 21 1 197 1
62 Delayed_62 24 1 677 1
62 Delayed_62 26 1 697 1
63 Delayed_63 12 1 76 1
63 Delayed_63 19 1 76 1
64 Delayed_64 5 1 492 1
64 Delayed_64 9 1 566 1
64 Delayed_64 18 1 163 1
65 Delayed_65 13 1 427 1
65 Delayed_65 20 1 433 1
65 Delayed_65 25 1 351 1
65 Delayed_65 26 1 433 1
66 Delayed_66 12 1 102 1
67 Delayed_67 1 1 430 1
67 Delayed_67 6 1 364 1
67 Delayed_67 11 1 503 1
67 Delayed_67 12 1 577 1
67 Delayed_67 13 1 577 1
67 Delayed_67 25 1 688 1
67 Delayed_67 28 1 222 1
67 Delayed_67 29 1 419 1
68 Delayed_68 4 1 262 1
68 Delayed_68 4 1 648 1
68 Delayed_68 13 1 537 1
69 Delayed_69 6 1 341 1
69 Delayed_69 13 1 591 1
69 Delayed_69 19 1 361 1
69 Delayed_69 23 1 445 1
70 Delayed_70 2 1 412 1
70 Delayed_70 6 1 154 1
70 Delayed_70 7 1 535 1
70 Delayed_70 25 1 345 1
71 Delayed_71 1 1 472 1
71 Delayed_71 23 1 259 1
71 Delayed_71 25 1 484 1
72 Delayed_72 14 1 137 1
72 Delayed_72 16 1 137 1
72 Delayed_72 22 1 137 1
73 Delayed_73 7 1 93 1
73 Delayed_73 8 1 490 1
73 Delayed_73 26 1 570 1
73 Delayed_73 28 1 637 1
73 Delayed_73 30 1 539 1
75 Delayed_75 4 1 79 1
75 Delayed_75 29 1 79 1
76 Delayed_76 1 1 310 1
76 Delayed_76 3 1 470 1
76 Delayed_76 11 1 477 1
76 Delayed_76 18 1 498 1
76 Delayed_76 20 1 310 1
76 Delayed_76 24 1 355 1
76 Delayed_76 26 1 430 1
77 Delayed_77 4 1 566 1
77 Delayed_77 6 1 229 1
77 Delayed_77 14 1 255 1
77 Delayed_77 21 1 371 1
78 Delayed_78 6 1 568 1
78 Delayed_78 15 1 487 1
78 Delayed_78 20 1 454 1
78 Delayed_78 21 1 568 1
78 Delayed_78 22 1 515 1
78 Delayed_78 25 1 317 1
78 Delayed_78 26 1 600 1
79 Delayed_79 2 1 671 1
79 Delayed_79 3 1 530 1
79 Delayed_79 6 1 176 1
79 Delayed_79 7 1 488 1
79 Delayed_79 8 1 605 1
79 Delayed_79 27 1 594 1
79 Delayed_79 28 1 122 1
80 Delayed_80 6 1 115 1
80 Delayed_80 15 1 115 1
81 Delayed_81 13 1 283 1
81 Delayed_81 15 1 220 1
81 Delayed_81 17 1 387 1
82 Delayed_82 1 1 562 1
82 Delayed_82 6 1 506 1
82 Delayed_82 11 1 592 1
83 Delayed_83 25 1 384 1
84 Delayed_84 1 1 90 1
84 Delayed_84 3 1 90 1
84 Delayed_84 8 1 90 1
84 Delayed_84 13 1 90 1
84 Delayed_84 24 1 90 1
84 Delayed_84 29 1 90 1
85 Delayed_85 3 1 383 1
85 Delayed_85 4 1 275 1
85 Delayed_85 6 1 513 1
85 Delayed_85 11 1 513 1
85 Delayed_85 13 1 442 1
85 Delayed_85 15 1 513 1
85 Delayed_85 21 1 280 1
85 Delayed_85 23 1 323 1
85 Delayed_85 25 1 253 1
85 Delayed_85 25 1 442 1
86 Delayed_86 5 1 206 1
86 Delayed_86 15 1 96 1
86 Delayed_86 23 1 301 1
87 Delayed_87 23 1 391 1
88 Delayed_88 4 1 504 1
88 Delayed_88 9 1 192 1
88 Delayed_88 11 1 504 1
88 Delayed_88 16 1 364 1
88 Delayed_88 28 1 434 1
88 Delayed_88 28 1 474 1
89 Delayed_89 4 1 101 1
89 Delayed_89 6 1 101 1
90 Delayed_90 3 1 580 1
90 Delayed_90 18 1 465 1
90 Delayed_90 23 1 201 1
90 Delayed_90 24 1 336 1
90 Delayed_90 28 1 336 1
91 Delayed_91 30 1 106 1
92 Delayed_92 3 1 513 1
92 Delayed_92 4 1 331 1
92 Delayed_92 4 1 584 1
92 Delayed_92 11 1 444 1
92 Delayed_92 15 1 379 1
92 Delayed_92 16 1 558 1
92 Delayed_92 25 1 472 1
92 Delayed_92 26 1 194 1
93 Delayed_93 15 1 445 1
93 Delayed_93 18 1 86 1
93 Delayed_93 21 1 111 1
93 Delayed_93 23 1 418 1
94 Delayed_94 15 1 533 1
94 Delayed_94 28 1 347 1
94 Delayed_94 28 1 489 1
95 Delayed_95 2 1 99 1
95 Delayed_95 18 1 446 1
95 Delayed_95 19 1 407 1
95 Delayed_95 23 1 474 1
95 Delayed_95 30 1 564 1
96 Delayed_96 1 1 445 1
96 Delayed_96 7 1 477 1
96 Delayed_96 12 1 377 1
96 Delayed_96 23 1 354 1
96 Delayed_96 24 1 461 1
96 Delayed_96 26 1 377 1
96 Delayed_96 26 1 721 1
97 Delayed_97 6 1 89 1
97 Delayed_97 9 1 89 1
97 Delayed_97 18 1 506 1
97 Delayed_97 21 1 303 1
97 Delayed_97 25 1 169 1
97 Delayed_97 25 1 530 1
98 Delayed_98 21 1 692 1
99 Delayed_99 11 1 720 1
99 Delayed_99 26 1 546 1
99 Delayed_99 28 1 223 1
99 Delayed_99 28 1 704 1
100 Delayed_100 1 1 517 1
100 Delayed_100 6 1 276 1
100 Delayed_100 14 1 618 1
100 Delayed_100 22 1 692 1
101 Delayed_101 15 1 538 1
101 Delayed_101 25 1 244 1
101 Delayed_101 28 1 186 1
102 Delayed_102 2 1 426 1
102 Delayed_102 13 1 434 1
102 Delayed_102 19 1 434 1
103 Delayed_103 3 1 265 1
103 Delayed_103 13 1 398 1
103 Delayed_103 13 1 417 1
103 Delayed_103 24 1 543 1
103 Delayed_103 28 1 419 1
103 Delayed_103 30 1 436 1
104 Delayed_104 11 1 488 1
104 Delayed_104 26 1 309 1
105 Delayed_105 2 1 621 1
105 Delayed_105 4 1 678 1
105 Delayed_105 5 1 431 1
105 Delayed_105 6 1 700 1
105 Delayed_105 11 1 553 1
105 Delayed_105 17 1 209 1
106 Delayed_106 13 1 391 1
106 Delayed_106 13 1 428 1
106 Delayed_106 28 1 455 1
107 Delayed_107 13 1 614 1
107 Delayed_107 23 1 448 1
107 Delayed_107 29 1 614 1
108 Delayed_108 1 1 102 1
108 Delayed_108 4 1 834 1
108 Delayed_108 5 1 834 1
108 Delayed_108 18 1 834 1
108 Delayed_108 21 1 834 1
109 Delayed_109 1 1 108 1
109 Delayed_109 13 1 108 1
109 Delayed_109 13 1 480 1
109 Delayed_109 17 1 108 1
109 Delayed_109 28 1 108 1
110 Delayed_110 28 1 110 1
111 Delayed_111 11 1 296 1
111 Delayed_111 12 1 286 1
111 Delayed_111 15 1 470 1
111 Delayed_111 25 1 383 1
111 Delayed_111 27 1 250 1
112 Delayed_112 1 1 678 1
112 Delayed_112 5 1 491 1
112 Delayed_112 9 1 485 1
112 Delayed_112 11 1 104 1
112 Delayed_112 16 1 268 1
112 Delayed_112 18 1 335 1
112 Delayed_112 20 1 335 1
112 Delayed_112 22 1 278 1
112 Delayed_112 23 1 268 1
113 Delayed_113 1 1 360 1
113 Delayed_113 4 1 550 1
113 Delayed_113 6 1 545 1
113 Delayed_113 8 1 545 1
113 Delayed_113 12 1 508 1
113 Delayed_113 13 1 360 1
113 Delayed_113 17 1 292 1
113 Delayed_113 23 1 326 1
113 Delayed_113 24 1 360 1
114 Delayed_114 4 1 117 1
114 Delayed_114 4 1 254 1
114 Delayed_114 5 1 699 1
114 Delayed_114 9 1 230 1
114 Delayed_114 12 1 65 1
114 Delayed_114 13 1 117 1
114 Delayed_114 13 1 479 1
114 Delayed_114 22 1 654 1
114 Delayed_114 26 1 654 1
115 Delayed_115 5 1 478 1
115 Delayed_115 16 1 535 1
115 Delayed_115 26 1 382 1
115 Delayed_115 26 1 467 1
116 Delayed_116 1 1 426 1
116 Delayed_116 3 1 458 1
116 Delayed_116 5 1 328 1
116 Delayed_116 17 1 94 1
116 Delayed_116 20 1 560 1
117 Delayed_117 11 1 222 1
117 Delayed_117 16 1 222 1
117 Delayed_117 23 1 222 1
117 Delayed_117 24 1 222 1
118 Delayed_118 11 1 116 1
118 Delayed_118 13 1 548 1
118 Delayed_118 24 1 439 1
118 Delayed_118 27 1 439 1
119 Delayed_119 23 1 136 1
120 Delayed_120 8 1 629 1
120 Delayed_120 15 1 513 1
120 Delayed_120 24 1 522 1
121 Delayed_121 1 1 321 1
122 Delayed_122 9 1 127 1
122 Delayed_122 25 1 127 1
122 Delayed_122 25 1 274 1
123 Delayed_123 4 1 358 1
123 Delayed_123 4 1 589 1
123 Delayed_123 5 1 111 1
123 Delayed_123 13 1 460 1
123 Delayed_123 17 1 513 1
123 Delayed_123 28 1 415 1
124 Delayed_124 18 1 209 1
125 Delayed_125 3 1 125 1
125 Delayed_125 4 1 125 1
125 Delayed_125 6 1 125 1
125 Delayed_125 19 1 125 1
125 Delayed_125 28 1 125 1
125 Delayed_125 28 1 349 1
126 Delayed_126 5 1 497 1
126 Delayed_126 9 1 677 1
126 Delayed_126 11 1 522 1
126 Delayed_126 14 1 237 1
126 Delayed_126 16 1 237 1
126 Delayed_126 22 1 595 1
126 Delayed_126 25 1 290 1
126 Delayed_126 25 1 497 1
126 Delayed_126 26 1 226 1
126 Delayed_126 26 1 374 1
127 Delayed_127 18 1 661 1
127 Delayed_127 24 1 435 1
127 Delayed_127 26 1 500 1
128 Delayed_128 1 1 532 1
128 Delayed_128 20 1 553 1
128 Delayed_128 23 1 370 1
128 Delayed_128 29 1 614 1
129 Delayed_129 9 1 413 1
129 Delayed_129 15 1 349 1
129 Delayed_129 17 1 429 1
129 Delayed_129 21 1 726 1
129 Delayed_129 22 1 413 1
129 Delayed_129 24 1 349 1
129 Delayed_129 30 1 416 1
130 Delayed_130 8 1 653 1
131 Delayed_131 5 1 181 1
131 Delayed_131 14 1 181 1
131 Delayed_131 15 1 181 1
131 Delayed_131 25 1 181 1
131 Delayed_131 25 1 459 1
132 Delayed_132 18 1 673 1
132 Delayed_132 23 1 292 1
132 Delayed_132 25 1 739 1
133 Delayed_133 1 1 196 1
133 Delayed_133 4 1 569 1
133 Delayed_133 4 1 637 1
133 Delayed_133 5 1 196 1
133 Delayed_133 19 1 213 1
133 Delayed_133 25 1 341 1
134 Delayed_134 3 1 90 1
134 Delayed_134 26 1 90 1
134 Delayed_134 26 1 604 1
134 Delayed_134 30 1 258 1
135 Delayed_135 8 1 476 1
136 Delayed_136 9 1 126 1
136 Delayed_136 14 1 126 1
136 Delayed_136 18 1 126 1
136 Delayed_136 30 1 126 1
137 Delayed_137 6 1 608 1
138 Delayed_138 8 1 196 1
138 Delayed_138 11 1 680 1
138 Delayed_138 15 1 554 1
138 Delayed_138 19 1 580 1
138 Delayed_138 25 1 438 1
138 Delayed_138 30 1 694 1
139 Delayed_139 7 1 174 1
139 Delayed_139 9 1 174 1
139 Delayed_139 25 1 290 1
139 Delayed_139 30 1 364 1
141 Delayed_141 4 1 188 1
141 Delayed_141 4 1 415 1
141 Delayed_141 22 1 378 1
142 Delayed_142 6 1 624 1
142 Delayed_142 12 1 587 1
142 Delayed_142 14 1 357 1
142 Delayed_142 21 1 509 1
142 Delayed_142 25 1 599 1
143 Delayed_143 18 1 75 1
143 Delayed_143 21 1 346 1
143 Delayed_143 23 1 208 1
143 Delayed_143 30 1 655 1
144 Delayed_144 1 1 495 1
144 Delayed_144 4 1 439 1
144 Delayed_144 4 1 487 1
144 Delayed_144 13 1 606 1
145 Delayed_145 4 1 98 1
145 Delayed_145 4 1 205 1
145 Delayed_145 6 1 717 1
145 Delayed_145 9 1 505 1
145 Delayed_145 24 1 662 1
146 Delayed_146 1 1 407 1
146 Delayed_146 3 1 483 1
146 Delayed_146 4 1 270 1
146 Delayed_146 11 1 641 1
146 Delayed_146 18 1 441 1
146 Delayed_146 24 1 564 1
146 Delayed_146 29 1 84 1
148 Delayed_148 4 1 553 1
148 Delayed_148 11 1 492 1
148 Delayed_148 28 1 547 1
149 Delayed_149 4 1 490 1
149 Delayed_149 11 1 78 1
149 Delayed_149 13 1 78 1
149 Delayed_149 22 1 78 1
150 Delayed_150 9 1 160 1
150 Delayed_150 18 1 481 1
151 Delayed_151 3 1 195 1
151 Delayed_151 13 1 195 1
151 Delayed_151 14 1 195 1
151 Delayed_151 18 1 195 1
151 Delayed_151 23 1 195 1
151 Delayed_151 25 1 195 1
151 Delayed_151 25 1 538 1
152 Delayed_152 2 1 128 1
152 Delayed_152 3 1 128 1
152 Delayed_152 4 1 128 1
152 Delayed_152 21 1 128 1
152 Delayed_152 22 1 128 1
152 Delayed_152 26 1 128 1
153 Delayed_153 1 1 206 1
153 Delayed_153 1 1 416 1
153 Delayed_153 4 1 206 1
153 Delayed_153 4 1 366 1
153 Delayed_153 5 1 569 1
153 Delayed_153 6 1 210 1
153 Delayed_153 9 1 206 1
153 Delayed_153 11 1 210 1
153 Delayed_153 13 1 453 1
153 Delayed_153 15 1 432 1
153 Delayed_153 19 1 420 1
153 Delayed_153 20 1 210 1
153 Delayed_153 28 1 460 1
154 Delayed_154 4 1 419 1
154 Delayed_154 4 1 442 1
154 Delayed_154 6 1 303 1
154 Delayed_154 12 1 438 1
154 Delayed_154 16 1 506 1
154 Delayed_154 30 1 563 1
155 Delayed_155 26 1 608 1
155 Delayed_155 28 1 160 1
156 Delayed_156 6 1 75 1
156 Delayed_156 28 1 75 1
157 Delayed_157 3 1 142 1
158 Delayed_158 3 1 404 1
158 Delayed_158 4 1 339 1
158 Delayed_158 4 1 518 1
158 Delayed_158 5 1 686 1
158 Delayed_158 9 1 257 1
158 Delayed_158 11 1 446 1
158 Delayed_158 16 1 500 1
158 Delayed_158 17 1 192 1
158 Delayed_158 18 1 686 1
158 Delayed_158 20 1 686 1
158 Delayed_158 21 1 404 1
158 Delayed_158 23 1 276 1
158 Delayed_158 25 1 500 1
158 Delayed_158 28 1 435 1
159 Delayed_159 5 1 422 1
159 Delayed_159 6 1 411 1
159 Delayed_159 12 1 563 1
159 Delayed_159 14 1 612 1
160 Delayed_160 1 1 510 1
160 Delayed_160 22 1 596 1
161 Delayed_161 9 1 566 1
161 Delayed_161 18 1 337 1
161 Delayed_161 25 1 105 1
161 Delayed_161 30 1 424 1
162 Delayed_162 3 1 504 1
162 Delayed_162 9 1 267 1
162 Delayed_162 11 1 835 1
162 Delayed_162 20 1 388 1
162 Delayed_162 24 1 508 1
162 Delayed_162 25 1 567 1
163 Delayed_163 13 1 67 1
164 Delayed_164 3 1 387 1
164 Delayed_164 13 1 347 1
164 Delayed_164 13 1 403 1
164 Delayed_164 19 1 526 1
164 Delayed_164 28 1 194 1
164 Delayed_164 28 1 694 1
164 Delayed_164 30 1 300 1
165 Delayed_165 8 1 411 1
165 Delayed_165 26 1 497 1
165 Delayed_165 26 1 522 1
165 Delayed_165 30 1 410 1
166 Delayed_166 18 1 502 1
166 Delayed_166 29 1 103 1
167 Delayed_167 3 1 94 1
167 Delayed_167 9 1 608 1
167 Delayed_167 14 1 94 1
167 Delayed_167 17 1 184 1
167 Delayed_167 19 1 94 1
167 Delayed_167 20 1 94 1
167 Delayed_167 25 1 542 1
167 Delayed_167 28 1 94 1
167 Delayed_167 30 1 615 1
168 Delayed_168 1 1 473 1
168 Delayed_168 9 1 681 1
169 Delayed_169 4 1 689 1
169 Delayed_169 24 1 116 1
170 Delayed_170 3 1 696 1
170 Delayed_170 7 1 702 1
170 Delayed_170 9 1 459 1
170 Delayed_170 25 1 252 1
171 Delayed_171 13 1 371 1
171 Delayed_171 29 1 349 1
172 Delayed_172 5 1 157 1
173 Delayed_173 2 1 555 1
173 Delayed_173 3 1 404 1
174 Delayed_174 2 1 509 1
174 Delayed_174 17 1 273 1
174 Delayed_174 26 1 565 1
175 Delayed_175 1 1 300 1
175 Delayed_175 3 1 463 1
175 Delayed_175 9 1 591 1
176 Delayed_176 14 1 109 1
176 Delayed_176 28 1 109 1
176 Delayed_176 29 1 109 1
176 Delayed_176 30 1 109 1
177 Delayed_177 4 1 499 1
178 Delayed_178 8 1 85 1
179 Delayed_179 6 1 256 1
179 Delayed_179 13 1 271 1
179 Delayed_179 19 1 271 1
179 Delayed_179 23 1 219 1
179 Delayed_179 25 1 383 1
179 Delayed_179 26 1 516 1
179 Delayed_179 29 1 347 1
180 Delayed_180 19 1 637 1
180 Delayed_180 28 1 552 1
181 Delayed_181 1 1 416 1
181 Delayed_181 4 1 266 1
181 Delayed_181 7 1 417 1
181 Delayed_181 16 1 436 1
182 Delayed_182 4 1 507 1
183 Delayed_183 3 1 356 1
183 Delayed_183 26 1 455 1
183 Delayed_183 28 1 248 1
184 Delayed_184 2 1 518 1
184 Delayed_184 5 1 501 1
184 Delayed_184 8 1 425 1
184 Delayed_184 20 1 195 1
184 Delayed_184 24 1 554 1
184 Delayed_184 26 1 346 1
185 Delayed_185 15 1 509 1
185 Delayed_185 22 1 576 1
185 Delayed_185 25 1 558 1
186 Delayed_186 4 1 463 1
186 Delayed_186 8 1 727 1
186 Delayed_186 13 1 212 1
186 Delayed_186 13 1 463 1
186 Delayed_186 29 1 316 1
187 Delayed_187 6 1 423 1
187 Delayed_187 9 1 737 1
187 Delayed_187 30 1 669 1
188 Delayed_188 1 1 392 1
188 Delayed_188 6 1 498 1
188 Delayed_188 11 1 265 1
188 Delayed_188 12 1 246 1
189 Delayed_189 6 1 506 1
189 Delayed_189 12 1 663 1
189 Delayed_189 14 1 487 1
189 Delayed_189 23 1 636 1
189 Delayed_189 28 1 116 1
190 Delayed_190 1 1 433 1
190 Delayed_190 2 1 364 1
190 Delayed_190 3 1 356 1
190 Delayed_190 4 1 563 1
190 Delayed_190 9 1 401 1
191 Delayed_191 9 1 450 1
191 Delayed_191 21 1 644 1
191 Delayed_191 25 1 503 1
191 Delayed_191 28 1 268 1
191 Delayed_191 28 1 437 1
192 Delayed_192 3 1 191 1
193 Delayed_193 1 1 143 1
193 Delayed_193 13 1 548 1
193 Delayed_193 14 1 143 1
193 Delayed_193 15 1 143 1
193 Delayed_193 24 1 143 1
193 Delayed_193 25 1 380 1
193 Delayed_193 25 1 655 1
193 Delayed_193 26 1 143 1
193 Delayed_193 28 1 351 1
193 Delayed_193 28 1 600 1
194 Delayed_194 20 1 102 1
195 Delayed_195 9 1 191 1
195 Delayed_195 21 1 448 1
195 Delayed_195 25 1 375 1
196 Delayed_196 3 1 656 1
196 Delayed_196 21 1 108 1
196 Delayed_196 23 1 362 1
196 Delayed_196 24 1 277 1
196 Delayed_196 25 1 510 1
196 Delayed_196 28 1 108 1
197 Delayed_197 4 1 213 1
197 Delayed_197 6 1 433 1
197 Delayed_197 11 1 213 1
197 Delayed_197 13 1 398 1
197 Delayed_197 23 1 503 1
197 Delayed_197 25 1 73 1
198 Delayed_198 1 1 543 1
198 Delayed_198 6 1 319 1
198 Delayed_198 9 1 239 1
198 Delayed_198 23 1 714 1
198 Delayed_198 27 1 239 1
198 Delayed_198 30 1 69 1
199 Delayed_199 5 1 123 1
199 Delayed_199 29 1 123 1
200 Delayed_200 12 1 116 1
200 Delayed_200 23 1 116 1
200 Delayed_200 26 1 116 1
