1 Delayed_1 14 2 65 1
2 Delayed_2 28 2 65 1
5 Delayed_5 10 2 241 1
5 Delayed_5 14 1 124 1
5 Delayed_5 14 2 124 1
5 Delayed_5 24 1 256 1
5 Delayed_5 30 2 252 1
6 Delayed_6 12 1 461 1
7 Delayed_7 14 1 341 1
7 Delayed_7 14 2 374 1
8 Delayed_8 11 2 336 1
8 Delayed_8 12 1 240 1
8 Delayed_8 17 1 312 1
8 Delayed_8 24 1 297 1
9 Delayed_9 30 1 437 1
9 Delayed_9 30 2 437 1
11 Delayed_11 14 2 432 1
12 Delayed_12 28 2 491 1
13 Delayed_13 30 1 397 1
13 Delayed_13 30 2 397 1
14 Delayed_14 30 2 381 1
15 Delayed_15 30 2 208 1
16 Delayed_16 14 2 216 1
16 Delayed_16 14 1 448 1
17 Delayed_17 30 2 334 1
17 Delayed_17 30 1 451 1
19 Delayed_19 30 2 122 1
19 Delayed_19 30 1 436 1
21 Delayed_21 14 1 220 1
21 Delayed_21 14 2 422 1
21 Delayed_21 30 1 252 1
21 Delayed_21 30 2 345 1
24 Delayed_24 17 1 479 1
25 Delayed_25 11 2 201 1
26 Delayed_26 10 2 377 1
26 Delayed_26 27 1 377 1
27 Delayed_27 27 1 410 1
28 Delayed_28 12 1 170 1
30 Delayed_30 13 2 332 1
30 Delayed_30 13 1 395 1
30 Delayed_30 30 1 332 1
30 Delayed_30 30 2 395 1
31 Delayed_31 30 1 307 1
31 Delayed_31 30 2 373 1
33 Delayed_33 28 1 184 1
33 Delayed_33 28 2 495 1
33 Delayed_33 30 2 367 1
33 Delayed_33 30 1 495 1
36 Delayed_36 30 2 374 1
38 Delayed_38 11 2 71 1
38 Delayed_38 11 1 296 1
39 Delayed_39 24 1 468 1
40 Delayed_40 30 2 366 1
41 Delayed_41 24 1 277 1
46 Delayed_46 30 2 244 1
46 Delayed_46 30 1 386 1
47 Delayed_47 10 2 236 1
47 Delayed_47 10 1 378 1
47 Delayed_47 14 1 149 1
47 Delayed_47 14 2 382 1
47 Delayed_47 24 1 382 1
47 Delayed_47 28 2 248 1
47 Delayed_47 28 1 296 1
47 Delayed_47 30 1 142 1
47 Delayed_47 30 2 319 1
48 Delayed_48 17 1 291 1
48 Delayed_48 24 1 276 1
48 Delayed_48 30 2 262 1
48 Delayed_48 30 1 402 1
49 Delayed_49 11 2 453 1
50 Delayed_50 30 1 466 1
50 Delayed_50 30 2 466 1
51 Delayed_51 17 1 488 1
53 Delayed_53 10 1 128 1
53 Delayed_53 10 2 128 1
54 Delayed_54 10 2 355 1
54 Delayed_54 10 1 377 1
54 Delayed_54 14 2 247 1
55 Delayed_55 11 2 272 1
56 Delayed_56 27 1 126 1
56 Delayed_56 30 2 126 1
56 Delayed_56 30 1 229 1
57 Delayed_57 30 1 262 1
57 Delayed_57 30 2 338 1
58 Delayed_58 13 2 347 1
60 Delayed_60 30 1 436 1
60 Delayed_60 30 2 436 1
62 Delayed_62 10 2 87 1
62 Delayed_62 10 1 253 1
62 Delayed_62 13 2 370 1
62 Delayed_62 28 2 272 1
62 Delayed_62 30 2 253 1
62 Delayed_62 30 1 259 1
64 Delayed_64 12 1 497 1
64 Delayed_64 30 2 172 1
64 Delayed_64 30 1 176 1
65 Delayed_65 10 1 147 1
65 Delayed_65 10 2 404 1
65 Delayed_65 28 2 166 1
65 Delayed_65 28 1 404 1
65 Delayed_65 30 1 241 1
65 Delayed_65 30 2 243 1
68 Delayed_68 10 1 136 1
68 Delayed_68 10 2 467 1
68 Delayed_68 24 1 467 1
69 Delayed_69 24 1 464 1
70 Delayed_70 30 1 479 1
70 Delayed_70 30 2 479 1
71 Delayed_71 13 1 439 1
71 Delayed_71 13 2 439 1
71 Delayed_71 28 1 171 1
71 Delayed_71 28 2 338 1
72 Delayed_72 30 1 459 1
72 Delayed_72 30 2 459 1
74 Delayed_74 11 1 443 1
74 Delayed_74 11 2 443 1
75 Delayed_75 11 1 53 1
75 Delayed_75 11 2 216 1
75 Delayed_75 12 1 403 1
75 Delayed_75 14 2 172 1
75 Delayed_75 24 1 137 1
76 Delayed_76 30 2 409 1
77 Delayed_77 14 2 433 1
81 Delayed_81 30 1 71 1
81 Delayed_81 30 2 71 1
84 Delayed_84 13 2 364 1
84 Delayed_84 13 1 434 1
85 Delayed_85 11 2 296 1
87 Delayed_87 11 2 462 1
89 Delayed_89 13 2 319 1
89 Delayed_89 30 1 469 1
89 Delayed_89 30 2 469 1
90 Delayed_90 11 2 415 1
91 Delayed_91 27 1 455 1
91 Delayed_91 28 2 455 1
92 Delayed_92 28 1 81 1
92 Delayed_92 28 2 477 1
94 Delayed_94 30 1 277 1
94 Delayed_94 30 2 434 1
96 Delayed_96 14 1 276 1
96 Delayed_96 14 2 289 1
96 Delayed_96 17 1 148 1
96 Delayed_96 24 1 289 1
97 Delayed_97 30 1 247 1
97 Delayed_97 30 2 247 1
98 Delayed_98 17 1 362 1
99 Delayed_99 28 1 468 1
99 Delayed_99 28 2 468 1
100 Delayed_100 24 1 402 1
101 Delayed_101 10 1 254 1
101 Delayed_101 10 2 386 1
101 Delayed_101 30 2 309 1
101 Delayed_101 30 1 386 1
104 Delayed_104 24 1 110 1
104 Delayed_104 30 2 455 1
105 Delayed_105 11 2 122 1
105 Delayed_105 27 1 487 1
107 Delayed_107 24 1 172 1
107 Delayed_107 30 2 172 1
108 Delayed_108 13 1 236 1
108 Delayed_108 13 2 474 1
108 Delayed_108 17 1 329 1
109 Delayed_109 30 2 155 1
109 Delayed_109 30 1 172 1
110 Delayed_110 10 2 448 1
110 Delayed_110 24 1 448 1
111 Delayed_111 24 1 496 1
113 Delayed_113 12 1 355 1
113 Delayed_113 24 1 122 1
113 Delayed_113 27 1 244 1
113 Delayed_113 30 1 347 1
113 Delayed_113 30 2 355 1
114 Delayed_114 11 2 85 1
114 Delayed_114 24 1 489 1
116 Delayed_116 17 1 444 1
117 Delayed_117 11 1 152 1
117 Delayed_117 11 2 455 1
117 Delayed_117 13 2 228 1
117 Delayed_117 13 1 271 1
118 Delayed_118 10 2 161 1
118 Delayed_118 28 2 459 1
118 Delayed_118 28 1 471 1
120 Delayed_120 14 1 406 1
120 Delayed_120 14 2 406 1
121 Delayed_121 12 1 301 1
121 Delayed_121 27 1 154 1
121 Delayed_121 28 2 301 1
121 Delayed_121 28 1 302 1
123 Delayed_123 17 1 410 1
124 Delayed_124 28 1 461 1
124 Delayed_124 28 2 461 1
126 Delayed_126 11 2 170 1
127 Delayed_127 10 2 183 1
127 Delayed_127 28 2 248 1
127 Delayed_127 30 2 124 1
128 Delayed_128 24 1 469 1
129 Delayed_129 13 1 429 1
129 Delayed_129 13 2 429 1
130 Delayed_130 30 1 343 1
130 Delayed_130 30 2 363 1
133 Delayed_133 13 1 364 1
133 Delayed_133 13 2 364 1
133 Delayed_133 17 1 328 1
134 Delayed_134 30 1 463 1
134 Delayed_134 30 2 463 1
135 Delayed_135 10 2 64 1
135 Delayed_135 10 1 95 1
135 Delayed_135 13 2 95 1
135 Delayed_135 13 1 299 1
135 Delayed_135 30 1 234 1
135 Delayed_135 30 2 288 1
137 Delayed_137 30 2 187 1
137 Delayed_137 30 1 301 1
138 Delayed_138 30 1 406 1
138 Delayed_138 30 2 406 1
139 Delayed_139 17 1 41 1
139 Delayed_139 24 1 453 1
141 Delayed_141 13 1 455 1
141 Delayed_141 13 2 455 1
141 Delayed_141 30 1 288 1
141 Delayed_141 30 2 404 1
142 Delayed_142 24 1 172 1
142 Delayed_142 30 1 273 1
142 Delayed_142 30 2 348 1
145 Delayed_145 14 2 42 1
145 Delayed_145 14 1 148 1
145 Delayed_145 17 1 307 1
147 Delayed_147 24 1 474 1
147 Delayed_147 27 1 202 1
150 Delayed_150 30 2 462 1
152 Delayed_152 10 2 65 1
152 Delayed_152 12 1 256 1
152 Delayed_152 14 1 65 1
152 Delayed_152 28 2 248 1
153 Delayed_153 14 2 378 1
153 Delayed_153 24 1 378 1
153 Delayed_153 30 2 245 1
154 Delayed_154 10 1 461 1
154 Delayed_154 10 2 461 1
156 Delayed_156 11 2 403 1
157 Delayed_157 13 2 332 1
158 Delayed_158 11 2 487 1
159 Delayed_159 13 2 145 1
159 Delayed_159 17 1 460 1
160 Delayed_160 13 2 87 1
162 Delayed_162 10 2 57 1
162 Delayed_162 28 2 155 1
163 Delayed_163 10 1 463 1
163 Delayed_163 10 2 463 1
164 Delayed_164 30 1 464 1
164 Delayed_164 30 2 464 1
165 Delayed_165 10 1 254 1
165 Delayed_165 10 2 254 1
165 Delayed_165 12 1 455 1
165 Delayed_165 14 1 133 1
165 Delayed_165 14 2 301 1
165 Delayed_165 17 1 338 1
166 Delayed_166 28 1 412 1
166 Delayed_166 30 2 388 1
167 Delayed_167 13 2 302 1
167 Delayed_167 13 1 339 1
167 Delayed_167 14 2 403 1
168 Delayed_168 11 1 267 1
168 Delayed_168 11 2 296 1
168 Delayed_168 27 1 296 1
169 Delayed_169 13 2 205 1
169 Delayed_169 13 1 463 1
169 Delayed_169 28 2 250 1
170 Delayed_170 13 2 436 1
171 Delayed_171 13 2 104 1
171 Delayed_171 13 1 332 1
172 Delayed_172 30 2 252 1
173 Delayed_173 14 1 198 1
173 Delayed_173 14 2 307 1
173 Delayed_173 17 1 493 1
173 Delayed_173 30 1 207 1
173 Delayed_173 30 2 261 1
174 Delayed_174 10 2 64 1
174 Delayed_174 10 1 254 1
174 Delayed_174 17 1 463 1
174 Delayed_174 30 2 155 1
174 Delayed_174 30 1 263 1
175 Delayed_175 17 1 455 1
176 Delayed_176 12 1 75 1
176 Delayed_176 28 2 467 1
177 Delayed_177 11 2 472 1
177 Delayed_177 12 1 472 1
178 Delayed_178 11 1 191 1
178 Delayed_178 11 2 450 1
178 Delayed_178 24 1 201 1
179 Delayed_179 30 1 303 1
179 Delayed_179 30 2 303 1
181 Delayed_181 10 2 312 1
181 Delayed_181 11 1 149 1
181 Delayed_181 11 2 374 1
181 Delayed_181 12 1 216 1
181 Delayed_181 27 1 275 1
182 Delayed_182 24 1 469 1
183 Delayed_183 13 2 428 1
186 Delayed_186 12 1 293 1
186 Delayed_186 24 1 219 1
188 Delayed_188 17 1 71 1
189 Delayed_189 30 2 458 1
190 Delayed_190 24 1 433 1
190 Delayed_190 30 1 183 1
190 Delayed_190 30 2 433 1
192 Delayed_192 10 1 80 1
192 Delayed_192 14 2 110 1
192 Delayed_192 27 1 421 1
192 Delayed_192 30 1 224 1
192 Delayed_192 30 2 421 1
193 Delayed_193 30 1 487 1
193 Delayed_193 30 2 487 1
194 Delayed_194 12 1 240 1
194 Delayed_194 24 1 252 1
194 Delayed_194 30 1 148 1
194 Delayed_194 30 2 363 1
195 Delayed_195 30 1 449 1
195 Delayed_195 30 2 449 1
199 Delayed_199 28 2 227 1
199 Delayed_199 30 2 201 1
200 Delayed_200 28 1 479 1
200 Delayed_200 28 2 479 1
