1 Delayed_1 1 1 312 1
1 Delayed_1 10 1 170 1
1 Delayed_1 14 1 125 1
1 Delayed_1 25 1 125 1
2 Delayed_2 1 1 427 1
2 Delayed_2 2 1 123 1
2 Delayed_2 10 1 217 1
2 Delayed_2 11 1 427 1
2 Delayed_2 15 1 303 1
2 Delayed_2 19 1 289 1
2 Delayed_2 22 1 217 1
2 Delayed_2 29 1 334 1
3 Delayed_3 26 1 182 1
4 Delayed_4 9 1 124 1
4 Delayed_4 23 1 124 1
4 Delayed_4 26 1 296 1
4 Delayed_4 27 1 296 1
5 Delayed_5 2 1 123 1
5 Delayed_5 5 1 111 1
5 Delayed_5 6 1 262 1
5 Delayed_5 8 1 123 1
5 Delayed_5 10 1 71 1
5 Delayed_5 10 1 187 1
5 Delayed_5 13 1 79 1
5 Delayed_5 14 1 187 1
5 Delayed_5 14 1 206 1
5 Delayed_5 15 1 71 1
5 Delayed_5 16 1 123 1
5 Delayed_5 17 1 123 1
5 Delayed_5 19 1 123 1
5 Delayed_5 22 1 123 1
5 Delayed_5 24 1 262 1
5 Delayed_5 25 1 187 1
5 Delayed_5 27 1 206 1
6 Delayed_6 11 1 85 1
6 Delayed_6 12 1 85 1
6 Delayed_6 12 1 289 1
6 Delayed_6 16 1 208 1
6 Delayed_6 20 1 208 1
7 Delayed_7 8 1 155 1
7 Delayed_7 14 1 123 1
7 Delayed_7 14 1 155 1
7 Delayed_7 15 1 172 1
7 Delayed_7 21 1 262 1
8 Delayed_8 5 1 122 1
8 Delayed_8 12 1 85 1
8 Delayed_8 12 1 348 1
8 Delayed_8 17 1 310 1
8 Delayed_8 17 1 393 1
8 Delayed_8 19 1 122 1
8 Delayed_8 24 1 393 1
8 Delayed_8 26 1 310 1
9 Delayed_9 2 1 328 1
9 Delayed_9 5 1 296 1
9 Delayed_9 6 1 314 1
9 Delayed_9 22 1 283 1
9 Delayed_9 27 1 296 1
9 Delayed_9 30 1 296 1
10 Delayed_10 1 1 208 1
10 Delayed_10 9 1 208 1
10 Delayed_10 11 1 236 1
10 Delayed_10 13 1 124 1
10 Delayed_10 21 1 357 1
10 Delayed_10 27 1 172 1
11 Delayed_11 1 1 341 1
11 Delayed_11 2 1 341 1
11 Delayed_11 8 1 419 1
11 Delayed_11 17 1 310 1
11 Delayed_11 29 1 310 1
12 Delayed_12 1 1 231 1
12 Delayed_12 10 1 252 1
12 Delayed_12 19 1 155 1
12 Delayed_12 29 1 208 1
13 Delayed_13 6 1 94 1
13 Delayed_13 7 1 158 1
13 Delayed_13 11 1 260 1
13 Delayed_13 12 1 289 1
13 Delayed_13 19 1 289 1
13 Delayed_13 22 1 260 1
13 Delayed_13 30 1 252 1
14 Delayed_14 5 1 124 1
14 Delayed_14 7 1 85 1
14 Delayed_14 8 1 208 1
14 Delayed_14 9 1 201 1
14 Delayed_14 14 1 187 1
14 Delayed_14 17 1 296 1
14 Delayed_14 18 1 208 1
14 Delayed_14 20 1 187 1
14 Delayed_14 25 1 201 1
14 Delayed_14 27 1 124 1
14 Delayed_14 29 1 187 1
15 Delayed_15 1 1 110 1
15 Delayed_15 5 1 110 1
15 Delayed_15 10 1 289 1
15 Delayed_15 13 1 289 1
15 Delayed_15 22 1 289 1
15 Delayed_15 27 1 170 1
15 Delayed_15 29 1 236 1
16 Delayed_16 1 1 274 1
16 Delayed_16 6 1 104 1
16 Delayed_16 9 1 301 1
16 Delayed_16 14 1 104 1
16 Delayed_16 14 1 170 1
16 Delayed_16 15 1 158 1
16 Delayed_16 19 1 262 1
17 Delayed_17 10 1 87 1
17 Delayed_17 23 1 219 1
17 Delayed_17 30 1 219 1
18 Delayed_18 14 1 297 1
18 Delayed_18 27 1 125 1
19 Delayed_19 1 1 280 1
19 Delayed_19 12 1 280 1
19 Delayed_19 19 1 314 1
19 Delayed_19 23 1 124 1
19 Delayed_19 26 1 314 1
19 Delayed_19 27 1 152 1
19 Delayed_19 30 1 152 1
20 Delayed_20 5 1 170 1
20 Delayed_20 8 1 65 1
20 Delayed_20 12 1 272 1
20 Delayed_20 14 1 170 1
20 Delayed_20 22 1 65 1
20 Delayed_20 25 1 272 1
21 Delayed_21 12 1 380 1
21 Delayed_21 14 1 289 1
21 Delayed_21 14 1 380 1
21 Delayed_21 22 1 201 1
21 Delayed_21 23 1 250 1
21 Delayed_21 30 1 402 1
22 Delayed_22 1 1 282 1
22 Delayed_22 5 1 283 1
22 Delayed_22 6 1 226 1
22 Delayed_22 10 1 283 1
22 Delayed_22 15 1 71 1
22 Delayed_22 18 1 226 1
22 Delayed_22 19 1 71 1
23 Delayed_23 5 1 334 1
23 Delayed_23 26 1 334 1
23 Delayed_23 27 1 417 1
24 Delayed_24 7 1 124 1
24 Delayed_24 11 1 87 1
24 Delayed_24 17 1 155 1
24 Delayed_24 17 1 365 1
24 Delayed_24 21 1 172 1
24 Delayed_24 26 1 124 1
24 Delayed_24 27 1 124 1
25 Delayed_25 9 1 259 1
25 Delayed_25 11 1 283 1
25 Delayed_25 14 1 259 1
25 Delayed_25 15 1 259 1
26 Delayed_26 2 1 187 1
26 Delayed_26 10 1 431 1
26 Delayed_26 15 1 123 1
26 Delayed_26 16 1 431 1
26 Delayed_26 17 1 123 1
26 Delayed_26 21 1 431 1
26 Delayed_26 27 1 123 1
26 Delayed_26 27 1 431 1
26 Delayed_26 29 1 431 1
27 Delayed_27 5 1 301 1
27 Delayed_27 8 1 260 1
27 Delayed_27 11 1 301 1
27 Delayed_27 13 1 260 1
27 Delayed_27 17 1 260 1
27 Delayed_27 20 1 284 1
27 Delayed_27 23 1 334 1
27 Delayed_27 25 1 259 1
27 Delayed_27 26 1 134 1
27 Delayed_27 27 1 134 1
27 Delayed_27 27 1 188 1
27 Delayed_27 29 1 301 1
28 Delayed_28 1 1 200 1
28 Delayed_28 5 1 215 1
28 Delayed_28 12 1 215 1
28 Delayed_28 12 1 260 1
28 Delayed_28 13 1 215 1
28 Delayed_28 14 1 333 1
28 Delayed_28 22 1 106 1
28 Delayed_28 25 1 219 1
28 Delayed_28 26 1 106 1
28 Delayed_28 29 1 219 1
29 Delayed_29 10 1 339 1
29 Delayed_29 18 1 339 1
29 Delayed_29 21 1 172 1
29 Delayed_29 22 1 303 1
29 Delayed_29 27 1 172 1
30 Delayed_30 8 1 58 1
30 Delayed_30 10 1 206 1
30 Delayed_30 13 1 58 1
30 Delayed_30 13 1 206 1
30 Delayed_30 20 1 250 1
30 Delayed_30 25 1 206 1
30 Delayed_30 26 1 182 1
30 Delayed_30 30 1 391 1
31 Delayed_31 2 1 236 1
31 Delayed_31 5 1 277 1
31 Delayed_31 6 1 332 1
31 Delayed_31 8 1 158 1
31 Delayed_31 11 1 332 1
31 Delayed_31 26 1 277 1
31 Delayed_31 30 1 341 1
32 Delayed_32 8 1 216 1
32 Delayed_32 15 1 297 1
32 Delayed_32 17 1 348 1
33 Delayed_33 7 1 249 1
33 Delayed_33 11 1 272 1
33 Delayed_33 13 1 134 1
33 Delayed_33 28 1 402 1
33 Delayed_33 30 1 134 1
34 Delayed_34 5 1 348 1
34 Delayed_34 14 1 348 1
34 Delayed_34 22 1 152 1
34 Delayed_34 29 1 310 1
35 Delayed_35 8 1 307 1
35 Delayed_35 13 1 216 1
35 Delayed_35 16 1 283 1
35 Delayed_35 21 1 307 1
35 Delayed_35 27 1 296 1
36 Delayed_36 7 1 226 1
36 Delayed_36 19 1 236 1
37 Delayed_37 1 1 86 1
37 Delayed_37 12 1 398 1
37 Delayed_37 23 1 398 1
37 Delayed_37 29 1 398 1
38 Delayed_38 1 1 196 1
38 Delayed_38 11 1 170 1
38 Delayed_38 11 1 262 1
39 Delayed_39 13 1 296 1
39 Delayed_39 16 1 85 1
39 Delayed_39 17 1 272 1
39 Delayed_39 24 1 85 1
40 Delayed_40 2 1 170 1
40 Delayed_40 23 1 187 1
40 Delayed_40 26 1 182 1
41 Delayed_41 1 1 239 1
41 Delayed_41 10 1 182 1
41 Delayed_41 17 1 283 1
41 Delayed_41 18 1 348 1
41 Delayed_41 22 1 250 1
41 Delayed_41 24 1 182 1
42 Delayed_42 2 1 280 1
42 Delayed_42 8 1 307 1
42 Delayed_42 9 1 280 1
42 Delayed_42 11 1 280 1
42 Delayed_42 12 1 216 1
42 Delayed_42 13 1 216 1
42 Delayed_42 18 1 280 1
42 Delayed_42 19 1 246 1
42 Delayed_42 21 1 216 1
42 Delayed_42 26 1 307 1
42 Delayed_42 29 1 280 1
43 Delayed_43 7 1 187 1
43 Delayed_43 13 1 187 1
43 Delayed_43 19 1 123 1
43 Delayed_43 25 1 236 1
43 Delayed_43 27 1 277 1
44 Delayed_44 8 1 104 1
45 Delayed_45 2 1 240 1
45 Delayed_45 17 1 134 1
45 Delayed_45 18 1 310 1
45 Delayed_45 23 1 280 1
46 Delayed_46 5 1 278 1
46 Delayed_46 10 1 278 1
46 Delayed_46 11 1 280 1
46 Delayed_46 25 1 278 1
46 Delayed_46 30 1 280 1
47 Delayed_47 1 1 142 1
47 Delayed_47 2 1 259 1
47 Delayed_47 5 1 283 1
47 Delayed_47 7 1 236 1
47 Delayed_47 8 1 236 1
47 Delayed_47 9 1 283 1
47 Delayed_47 10 1 226 1
47 Delayed_47 10 1 283 1
47 Delayed_47 14 1 259 1
47 Delayed_47 14 1 378 1
47 Delayed_47 15 1 296 1
47 Delayed_47 19 1 226 1
47 Delayed_47 20 1 259 1
47 Delayed_47 23 1 236 1
47 Delayed_47 24 1 226 1
47 Delayed_47 27 1 283 1
47 Delayed_47 28 1 236 1
47 Delayed_47 30 1 259 1
48 Delayed_48 5 1 252 1
48 Delayed_48 6 1 310 1
48 Delayed_48 12 1 310 1
48 Delayed_48 15 1 314 1
48 Delayed_48 17 1 217 1
48 Delayed_48 17 1 303 1
48 Delayed_48 21 1 277 1
48 Delayed_48 24 1 303 1
48 Delayed_48 26 1 278 1
48 Delayed_48 27 1 339 1
48 Delayed_48 30 1 339 1
49 Delayed_49 5 1 172 1
49 Delayed_49 7 1 259 1
49 Delayed_49 8 1 152 1
49 Delayed_49 10 1 260 1
49 Delayed_49 11 1 259 1
49 Delayed_49 12 1 259 1
49 Delayed_49 15 1 111 1
49 Delayed_49 23 1 111 1
50 Delayed_50 9 1 134 1
50 Delayed_50 13 1 122 1
50 Delayed_50 19 1 260 1
50 Delayed_50 30 1 260 1
51 Delayed_51 5 1 260 1
51 Delayed_51 12 1 250 1
51 Delayed_51 17 1 250 1
51 Delayed_51 17 1 260 1
51 Delayed_51 21 1 247 1
51 Delayed_51 29 1 250 1
52 Delayed_52 5 1 201 1
52 Delayed_52 6 1 333 1
52 Delayed_52 8 1 297 1
52 Delayed_52 12 1 297 1
53 Delayed_53 6 1 332 1
53 Delayed_53 10 1 278 1
53 Delayed_53 10 1 420 1
53 Delayed_53 12 1 332 1
53 Delayed_53 13 1 420 1
53 Delayed_53 16 1 332 1
53 Delayed_53 27 1 172 1
54 Delayed_54 5 1 85 1
54 Delayed_54 7 1 128 1
54 Delayed_54 10 1 110 1
54 Delayed_54 10 1 202 1
54 Delayed_54 15 1 110 1
54 Delayed_54 27 1 85 1
54 Delayed_54 29 1 110 1
55 Delayed_55 7 1 260 1
55 Delayed_55 8 1 155 1
55 Delayed_55 12 1 310 1
55 Delayed_55 13 1 297 1
55 Delayed_55 15 1 307 1
55 Delayed_55 20 1 260 1
55 Delayed_55 22 1 307 1
55 Delayed_55 27 1 420 1
55 Delayed_55 29 1 420 1
56 Delayed_56 11 1 283 1
56 Delayed_56 12 1 310 1
56 Delayed_56 27 1 128 1
56 Delayed_56 27 1 262 1
56 Delayed_56 29 1 310 1
56 Delayed_56 30 1 283 1
57 Delayed_57 6 1 307 1
57 Delayed_57 8 1 289 1
57 Delayed_57 14 1 378 1
57 Delayed_57 15 1 170 1
57 Delayed_57 17 1 444 1
57 Delayed_57 21 1 289 1
57 Delayed_57 23 1 289 1
57 Delayed_57 30 1 444 1
58 Delayed_58 8 1 259 1
58 Delayed_58 13 1 126 1
58 Delayed_58 17 1 334 1
58 Delayed_58 19 1 122 1
58 Delayed_58 21 1 332 1
58 Delayed_58 22 1 332 1
59 Delayed_59 1 1 208 1
59 Delayed_59 2 1 208 1
59 Delayed_59 17 1 134 1
59 Delayed_59 20 1 262 1
59 Delayed_59 26 1 289 1
59 Delayed_59 29 1 134 1
60 Delayed_60 8 1 260 1
60 Delayed_60 17 1 260 1
60 Delayed_60 19 1 122 1
60 Delayed_60 30 1 122 1
61 Delayed_61 8 1 206 1
61 Delayed_61 17 1 201 1
61 Delayed_61 22 1 142 1
62 Delayed_62 1 1 253 1
62 Delayed_62 2 1 87 1
62 Delayed_62 10 1 208 1
62 Delayed_62 10 1 272 1
62 Delayed_62 13 1 152 1
62 Delayed_62 18 1 208 1
62 Delayed_62 22 1 272 1
62 Delayed_62 26 1 244 1
62 Delayed_62 27 1 244 1
62 Delayed_62 30 1 170 1
63 Delayed_63 20 1 277 1
63 Delayed_63 23 1 333 1
64 Delayed_64 7 1 289 1
64 Delayed_64 12 1 252 1
64 Delayed_64 13 1 249 1
64 Delayed_64 18 1 90 1
64 Delayed_64 30 1 188 1
65 Delayed_65 1 1 219 1
65 Delayed_65 5 1 332 1
65 Delayed_65 6 1 128 1
65 Delayed_65 10 1 81 1
65 Delayed_65 10 1 249 1
65 Delayed_65 20 1 417 1
65 Delayed_65 28 1 249 1
65 Delayed_65 29 1 219 1
65 Delayed_65 30 1 417 1
66 Delayed_66 1 1 297 1
66 Delayed_66 12 1 259 1
66 Delayed_66 27 1 289 1
67 Delayed_67 7 1 217 1
67 Delayed_67 10 1 365 1
67 Delayed_67 13 1 182 1
67 Delayed_67 27 1 54 1
67 Delayed_67 27 1 217 1
68 Delayed_68 1 1 301 1
68 Delayed_68 5 1 208 1
68 Delayed_68 10 1 249 1
68 Delayed_68 10 1 380 1
68 Delayed_68 12 1 259 1
68 Delayed_68 22 1 259 1
68 Delayed_68 24 1 208 1
69 Delayed_69 1 1 174 1
69 Delayed_69 9 1 289 1
69 Delayed_69 12 1 182 1
69 Delayed_69 22 1 236 1
69 Delayed_69 24 1 126 1
70 Delayed_70 2 1 479 1
70 Delayed_70 7 1 283 1
70 Delayed_70 16 1 65 1
70 Delayed_70 17 1 283 1
70 Delayed_70 20 1 65 1
70 Delayed_70 29 1 301 1
70 Delayed_70 30 1 283 1
71 Delayed_71 1 1 355 1
71 Delayed_71 13 1 53 1
71 Delayed_71 13 1 452 1
71 Delayed_71 23 1 452 1
71 Delayed_71 27 1 236 1
71 Delayed_71 28 1 236 1
72 Delayed_72 10 1 134 1
72 Delayed_72 12 1 172 1
72 Delayed_72 19 1 134 1
72 Delayed_72 30 1 172 1
73 Delayed_73 2 1 357 1
73 Delayed_73 6 1 314 1
73 Delayed_73 8 1 260 1
73 Delayed_73 12 1 119 1
73 Delayed_73 16 1 357 1
73 Delayed_73 17 1 314 1
73 Delayed_73 26 1 357 1
73 Delayed_73 27 1 357 1
74 Delayed_74 2 1 280 1
74 Delayed_74 5 1 52 1
74 Delayed_74 6 1 52 1
74 Delayed_74 9 1 260 1
74 Delayed_74 10 1 333 1
74 Delayed_74 11 1 250 1
74 Delayed_74 11 1 431 1
74 Delayed_74 12 1 333 1
74 Delayed_74 14 1 262 1
74 Delayed_74 18 1 262 1
74 Delayed_74 20 1 250 1
74 Delayed_74 21 1 260 1
75 Delayed_75 5 1 219 1
75 Delayed_75 6 1 219 1
75 Delayed_75 11 1 53 1
75 Delayed_75 11 1 289 1
75 Delayed_75 12 1 215 1
75 Delayed_75 12 1 216 1
75 Delayed_75 13 1 357 1
75 Delayed_75 17 1 53 1
75 Delayed_75 20 1 215 1
75 Delayed_75 21 1 289 1
75 Delayed_75 24 1 215 1
75 Delayed_75 27 1 332 1
76 Delayed_76 27 1 250 1
77 Delayed_77 15 1 111 1
77 Delayed_77 29 1 289 1
78 Delayed_78 1 1 39 1
78 Delayed_78 7 1 307 1
78 Delayed_78 11 1 307 1
78 Delayed_78 23 1 307 1
79 Delayed_79 8 1 249 1
79 Delayed_79 10 1 81 1
79 Delayed_79 14 1 262 1
79 Delayed_79 17 1 249 1
79 Delayed_79 21 1 249 1
80 Delayed_80 20 1 208 1
81 Delayed_81 8 1 81 1
81 Delayed_81 15 1 81 1
81 Delayed_81 30 1 283 1
82 Delayed_82 5 1 182 1
82 Delayed_82 27 1 289 1
83 Delayed_83 1 1 329 1
83 Delayed_83 11 1 297 1
83 Delayed_83 12 1 297 1
83 Delayed_83 13 1 155 1
83 Delayed_83 22 1 252 1
83 Delayed_83 25 1 172 1
84 Delayed_84 1 1 364 1
84 Delayed_84 13 1 262 1
84 Delayed_84 13 1 301 1
85 Delayed_85 5 1 252 1
85 Delayed_85 7 1 332 1
85 Delayed_85 13 1 252 1
85 Delayed_85 20 1 314 1
85 Delayed_85 27 1 332 1
86 Delayed_86 18 1 152 1
87 Delayed_87 1 1 260 1
87 Delayed_87 2 1 187 1
87 Delayed_87 8 1 104 1
87 Delayed_87 11 1 104 1
87 Delayed_87 29 1 283 1
88 Delayed_88 10 1 297 1
88 Delayed_88 17 1 341 1
88 Delayed_88 18 1 341 1
89 Delayed_89 9 1 343 1
89 Delayed_89 13 1 111 1
89 Delayed_89 24 1 303 1
89 Delayed_89 30 1 111 1
90 Delayed_90 11 1 259 1
90 Delayed_90 14 1 259 1
91 Delayed_91 6 1 294 1
91 Delayed_91 15 1 389 1
91 Delayed_91 27 1 260 1
91 Delayed_91 27 1 334 1
91 Delayed_91 29 1 334 1
92 Delayed_92 1 1 344 1
92 Delayed_92 28 1 452 1
93 Delayed_93 8 1 332 1
93 Delayed_93 12 1 259 1
93 Delayed_93 13 1 259 1
94 Delayed_94 1 1 281 1
94 Delayed_94 6 1 111 1
94 Delayed_94 13 1 155 1
94 Delayed_94 15 1 155 1
94 Delayed_94 16 1 111 1
94 Delayed_94 21 1 303 1
94 Delayed_94 30 1 452 1
95 Delayed_95 2 1 71 1
95 Delayed_95 20 1 252 1
96 Delayed_96 8 1 427 1
96 Delayed_96 9 1 247 1
96 Delayed_96 14 1 314 1
96 Delayed_96 14 1 427 1
96 Delayed_96 17 1 296 1
96 Delayed_96 17 1 314 1
96 Delayed_96 24 1 303 1
96 Delayed_96 26 1 303 1
96 Delayed_96 29 1 303 1
97 Delayed_97 2 1 297 1
97 Delayed_97 5 1 297 1
97 Delayed_97 9 1 297 1
97 Delayed_97 10 1 297 1
97 Delayed_97 12 1 301 1
97 Delayed_97 16 1 391 1
97 Delayed_97 20 1 310 1
97 Delayed_97 23 1 226 1
97 Delayed_97 26 1 391 1
97 Delayed_97 30 1 297 1
98 Delayed_98 2 1 289 1
98 Delayed_98 5 1 236 1
98 Delayed_98 13 1 289 1
98 Delayed_98 17 1 206 1
98 Delayed_98 17 1 260 1
98 Delayed_98 20 1 236 1
99 Delayed_99 1 1 140 1
99 Delayed_99 2 1 126 1
99 Delayed_99 7 1 111 1
99 Delayed_99 18 1 111 1
99 Delayed_99 21 1 111 1
99 Delayed_99 28 1 277 1
100 Delayed_100 1 1 310 1
100 Delayed_100 5 1 332 1
100 Delayed_100 15 1 187 1
100 Delayed_100 16 1 310 1
100 Delayed_100 21 1 391 1
100 Delayed_100 23 1 187 1
100 Delayed_100 24 1 391 1
100 Delayed_100 27 1 314 1
100 Delayed_100 29 1 187 1
101 Delayed_101 10 1 216 1
101 Delayed_101 10 1 383 1
101 Delayed_101 17 1 122 1
101 Delayed_101 30 1 357 1
102 Delayed_102 1 1 155 1
102 Delayed_102 6 1 402 1
102 Delayed_102 8 1 365 1
103 Delayed_103 1 1 444 1
103 Delayed_103 6 1 391 1
103 Delayed_103 12 1 391 1
103 Delayed_103 29 1 444 1
104 Delayed_104 1 1 127 1
104 Delayed_104 16 1 125 1
104 Delayed_104 24 1 125 1
105 Delayed_105 27 1 173 1
105 Delayed_105 27 1 247 1
106 Delayed_106 22 1 303 1
106 Delayed_106 29 1 332 1
107 Delayed_107 1 1 256 1
107 Delayed_107 5 1 332 1
107 Delayed_107 7 1 365 1
107 Delayed_107 9 1 262 1
107 Delayed_107 24 1 208 1
108 Delayed_108 7 1 283 1
108 Delayed_108 12 1 90 1
108 Delayed_108 13 1 90 1
108 Delayed_108 13 1 283 1
108 Delayed_108 16 1 283 1
108 Delayed_108 17 1 90 1
108 Delayed_108 17 1 283 1
109 Delayed_109 2 1 278 1
109 Delayed_109 12 1 152 1
109 Delayed_109 17 1 278 1
109 Delayed_109 21 1 278 1
109 Delayed_109 30 1 226 1
110 Delayed_110 10 1 152 1
110 Delayed_110 20 1 307 1
110 Delayed_110 24 1 314 1
110 Delayed_110 29 1 314 1
111 Delayed_111 5 1 208 1
111 Delayed_111 7 1 122 1
111 Delayed_111 11 1 250 1
111 Delayed_111 13 1 158 1
111 Delayed_111 14 1 122 1
111 Delayed_111 24 1 158 1
112 Delayed_112 2 1 158 1
112 Delayed_112 8 1 208 1
112 Delayed_112 9 1 236 1
112 Delayed_112 12 1 236 1
112 Delayed_112 12 1 339 1
112 Delayed_112 15 1 206 1
112 Delayed_112 23 1 236 1
113 Delayed_113 1 1 233 1
113 Delayed_113 8 1 444 1
113 Delayed_113 10 1 444 1
113 Delayed_113 11 1 122 1
113 Delayed_113 12 1 123 1
113 Delayed_113 12 1 301 1
113 Delayed_113 15 1 123 1
113 Delayed_113 16 1 393 1
113 Delayed_113 17 1 172 1
113 Delayed_113 18 1 393 1
113 Delayed_113 24 1 244 1
113 Delayed_113 25 1 301 1
113 Delayed_113 27 1 301 1
113 Delayed_113 27 1 393 1
113 Delayed_113 30 1 244 1
114 Delayed_114 6 1 188 1
114 Delayed_114 7 1 104 1
114 Delayed_114 10 1 310 1
114 Delayed_114 11 1 111 1
114 Delayed_114 18 1 310 1
114 Delayed_114 19 1 187 1
114 Delayed_114 23 1 111 1
114 Delayed_114 24 1 188 1
115 Delayed_115 5 1 398 1
115 Delayed_115 6 1 123 1
115 Delayed_115 18 1 398 1
115 Delayed_115 22 1 398 1
116 Delayed_116 7 1 172 1
116 Delayed_116 8 1 219 1
116 Delayed_116 10 1 383 1
116 Delayed_116 14 1 296 1
116 Delayed_116 17 1 172 1
116 Delayed_116 17 1 260 1
116 Delayed_116 26 1 405 1
116 Delayed_116 29 1 296 1
117 Delayed_117 5 1 247 1
117 Delayed_117 6 1 303 1
117 Delayed_117 11 1 244 1
117 Delayed_117 11 1 365 1
117 Delayed_117 13 1 247 1
117 Delayed_117 13 1 365 1
118 Delayed_118 2 1 250 1
118 Delayed_118 5 1 461 1
118 Delayed_118 6 1 461 1
118 Delayed_118 7 1 341 1
118 Delayed_118 10 1 341 1
118 Delayed_118 12 1 301 1
118 Delayed_118 18 1 461 1
118 Delayed_118 21 1 301 1
118 Delayed_118 25 1 208 1
118 Delayed_118 28 1 247 1
120 Delayed_120 6 1 170 1
120 Delayed_120 8 1 170 1
120 Delayed_120 12 1 152 1
120 Delayed_120 14 1 152 1
120 Delayed_120 14 1 280 1
120 Delayed_120 26 1 206 1
121 Delayed_121 12 1 128 1
121 Delayed_121 12 1 289 1
121 Delayed_121 13 1 249 1
121 Delayed_121 25 1 126 1
121 Delayed_121 27 1 249 1
121 Delayed_121 27 1 289 1
121 Delayed_121 28 1 128 1
122 Delayed_122 7 1 380 1
122 Delayed_122 9 1 126 1
122 Delayed_122 15 1 380 1
122 Delayed_122 19 1 126 1
122 Delayed_122 25 1 247 1
123 Delayed_123 2 1 381 1
123 Delayed_123 17 1 310 1
123 Delayed_123 17 1 314 1
123 Delayed_123 22 1 314 1
123 Delayed_123 26 1 314 1
123 Delayed_123 29 1 339 1
124 Delayed_124 1 1 343 1
124 Delayed_124 5 1 119 1
124 Delayed_124 9 1 128 1
124 Delayed_124 19 1 119 1
124 Delayed_124 23 1 475 1
124 Delayed_124 25 1 475 1
124 Delayed_124 26 1 119 1
124 Delayed_124 28 1 128 1
125 Delayed_125 7 1 247 1
125 Delayed_125 12 1 277 1
125 Delayed_125 18 1 262 1
126 Delayed_126 5 1 170 1
126 Delayed_126 7 1 152 1
126 Delayed_126 11 1 296 1
126 Delayed_126 15 1 139 1
126 Delayed_126 18 1 152 1
127 Delayed_127 1 1 296 1
127 Delayed_127 9 1 296 1
127 Delayed_127 10 1 85 1
127 Delayed_127 15 1 289 1
127 Delayed_127 23 1 287 1
127 Delayed_127 30 1 289 1
128 Delayed_128 5 1 272 1
128 Delayed_128 9 1 124 1
128 Delayed_128 10 1 272 1
128 Delayed_128 11 1 124 1
128 Delayed_128 24 1 314 1
128 Delayed_128 27 1 314 1
128 Delayed_128 29 1 182 1
129 Delayed_129 8 1 215 1
129 Delayed_129 13 1 280 1
129 Delayed_129 13 1 289 1
129 Delayed_129 15 1 155 1
130 Delayed_130 13 1 58 1
130 Delayed_130 18 1 262 1
130 Delayed_130 21 1 383 1
130 Delayed_130 30 1 259 1
131 Delayed_131 5 1 443 1
131 Delayed_131 21 1 280 1
131 Delayed_131 22 1 104 1
133 Delayed_133 8 1 383 1
133 Delayed_133 13 1 247 1
133 Delayed_133 13 1 328 1
133 Delayed_133 17 1 152 1
133 Delayed_133 17 1 247 1
133 Delayed_133 27 1 383 1
134 Delayed_134 12 1 444 1
134 Delayed_134 18 1 236 1
134 Delayed_134 19 1 307 1
134 Delayed_134 30 1 236 1
135 Delayed_135 10 1 260 1
135 Delayed_135 10 1 301 1
135 Delayed_135 13 1 155 1
135 Delayed_135 13 1 219 1
135 Delayed_135 15 1 307 1
135 Delayed_135 19 1 260 1
135 Delayed_135 25 1 158 1
135 Delayed_135 30 1 125 1
136 Delayed_136 8 1 333 1
136 Delayed_136 14 1 289 1
136 Delayed_136 19 1 289 1
136 Delayed_136 20 1 188 1
137 Delayed_137 2 1 188 1
137 Delayed_137 11 1 297 1
137 Delayed_137 12 1 170 1
137 Delayed_137 15 1 307 1
137 Delayed_137 22 1 310 1
137 Delayed_137 30 1 310 1
138 Delayed_138 13 1 87 1
138 Delayed_138 14 1 124 1
138 Delayed_138 30 1 85 1
139 Delayed_139 15 1 172 1
139 Delayed_139 17 1 215 1
139 Delayed_139 17 1 226 1
139 Delayed_139 22 1 215 1
139 Delayed_139 24 1 348 1
139 Delayed_139 25 1 134 1
140 Delayed_140 1 1 172 1
140 Delayed_140 6 1 217 1
140 Delayed_140 12 1 249 1
140 Delayed_140 13 1 172 1
140 Delayed_140 16 1 297 1
140 Delayed_140 17 1 280 1
140 Delayed_140 25 1 297 1
141 Delayed_141 1 1 189 1
141 Delayed_141 10 1 150 1
141 Delayed_141 13 1 280 1
141 Delayed_141 13 1 339 1
141 Delayed_141 18 1 181 1
141 Delayed_141 20 1 247 1
141 Delayed_141 21 1 247 1
141 Delayed_141 22 1 339 1
141 Delayed_141 29 1 247 1
141 Delayed_141 30 1 280 1
142 Delayed_142 10 1 110 1
142 Delayed_142 11 1 134 1
142 Delayed_142 24 1 278 1
142 Delayed_142 29 1 406 1
142 Delayed_142 30 1 134 1
143 Delayed_143 5 1 427 1
143 Delayed_143 8 1 208 1
143 Delayed_143 10 1 343 1
143 Delayed_143 26 1 427 1
144 Delayed_144 8 1 398 1
144 Delayed_144 10 1 247 1
144 Delayed_144 15 1 398 1
144 Delayed_144 16 1 126 1
144 Delayed_144 17 1 215 1
144 Delayed_144 22 1 139 1
145 Delayed_145 6 1 172 1
145 Delayed_145 7 1 249 1
145 Delayed_145 14 1 216 1
145 Delayed_145 14 1 249 1
145 Delayed_145 17 1 90 1
145 Delayed_145 17 1 226 1
145 Delayed_145 22 1 280 1
145 Delayed_145 23 1 216 1
145 Delayed_145 27 1 280 1
146 Delayed_146 10 1 272 1
146 Delayed_146 14 1 280 1
146 Delayed_146 16 1 301 1
147 Delayed_147 2 1 122 1
147 Delayed_147 6 1 378 1
147 Delayed_147 11 1 98 1
147 Delayed_147 18 1 122 1
147 Delayed_147 22 1 250 1
147 Delayed_147 23 1 122 1
147 Delayed_147 24 1 201 1
147 Delayed_147 26 1 122 1
147 Delayed_147 27 1 122 1
147 Delayed_147 27 1 378 1
147 Delayed_147 29 1 250 1
148 Delayed_148 5 1 333 1
148 Delayed_148 10 1 128 1
148 Delayed_148 15 1 431 1
148 Delayed_148 18 1 277 1
148 Delayed_148 29 1 277 1
149 Delayed_149 1 1 145 1
149 Delayed_149 2 1 226 1
149 Delayed_149 5 1 310 1
149 Delayed_149 12 1 208 1
149 Delayed_149 15 1 124 1
149 Delayed_149 17 1 208 1
149 Delayed_149 21 1 310 1
149 Delayed_149 25 1 106 1
149 Delayed_149 29 1 208 1
150 Delayed_150 2 1 402 1
150 Delayed_150 5 1 289 1
150 Delayed_150 12 1 393 1
150 Delayed_150 22 1 170 1
150 Delayed_150 23 1 393 1
151 Delayed_151 2 1 383 1
151 Delayed_151 9 1 296 1
151 Delayed_151 10 1 244 1
152 Delayed_152 5 1 110 1
152 Delayed_152 12 1 110 1
152 Delayed_152 12 1 343 1
152 Delayed_152 14 1 343 1
152 Delayed_152 15 1 277 1
152 Delayed_152 23 1 249 1
152 Delayed_152 26 1 365 1
152 Delayed_152 29 1 365 1
153 Delayed_153 1 1 287 1
153 Delayed_153 7 1 128 1
153 Delayed_153 10 1 262 1
153 Delayed_153 15 1 398 1
153 Delayed_153 17 1 314 1
153 Delayed_153 21 1 128 1
153 Delayed_153 24 1 398 1
153 Delayed_153 27 1 124 1
154 Delayed_154 5 1 122 1
154 Delayed_154 6 1 383 1
154 Delayed_154 10 1 219 1
154 Delayed_154 10 1 277 1
154 Delayed_154 12 1 405 1
154 Delayed_154 14 1 405 1
154 Delayed_154 18 1 277 1
154 Delayed_154 23 1 122 1
155 Delayed_155 17 1 262 1
156 Delayed_156 1 1 281 1
156 Delayed_156 6 1 262 1
156 Delayed_156 9 1 310 1
156 Delayed_156 11 1 259 1
156 Delayed_156 14 1 427 1
156 Delayed_156 17 1 172 1
156 Delayed_156 18 1 310 1
156 Delayed_156 22 1 259 1
157 Delayed_157 7 1 250 1
157 Delayed_157 9 1 310 1
157 Delayed_157 11 1 259 1
157 Delayed_157 13 1 155 1
157 Delayed_157 22 1 155 1
157 Delayed_157 29 1 259 1
158 Delayed_158 5 1 172 1
158 Delayed_158 10 1 236 1
158 Delayed_158 11 1 206 1
158 Delayed_158 11 1 236 1
158 Delayed_158 13 1 105 1
158 Delayed_158 26 1 110 1
158 Delayed_158 27 1 110 1
159 Delayed_159 2 1 172 1
159 Delayed_159 13 1 187 1
159 Delayed_159 15 1 272 1
159 Delayed_159 17 1 187 1
159 Delayed_159 17 1 272 1
159 Delayed_159 29 1 406 1
160 Delayed_160 1 1 297 1
160 Delayed_160 2 1 87 1
160 Delayed_160 5 1 215 1
160 Delayed_160 8 1 296 1
160 Delayed_160 11 1 303 1
160 Delayed_160 13 1 343 1
160 Delayed_160 14 1 215 1
160 Delayed_160 17 1 296 1
160 Delayed_160 22 1 215 1
160 Delayed_160 29 1 206 1
161 Delayed_161 24 1 208 1
161 Delayed_161 25 1 249 1
161 Delayed_161 26 1 216 1
162 Delayed_162 2 1 155 1
162 Delayed_162 8 1 87 1
162 Delayed_162 10 1 158 1
162 Delayed_162 16 1 296 1
162 Delayed_162 18 1 303 1
162 Delayed_162 21 1 95 1
162 Delayed_162 22 1 188 1
162 Delayed_162 23 1 283 1
163 Delayed_163 10 1 125 1
163 Delayed_163 10 1 332 1
163 Delayed_163 18 1 303 1
163 Delayed_163 22 1 125 1
164 Delayed_164 7 1 219 1
164 Delayed_164 11 1 417 1
164 Delayed_164 17 1 272 1
164 Delayed_164 19 1 134 1
164 Delayed_164 21 1 272 1
164 Delayed_164 23 1 158 1
164 Delayed_164 25 1 297 1
164 Delayed_164 30 1 417 1
165 Delayed_165 5 1 172 1
165 Delayed_165 8 1 151 1
165 Delayed_165 9 1 277 1
165 Delayed_165 10 1 155 1
165 Delayed_165 10 1 357 1
165 Delayed_165 12 1 172 1
165 Delayed_165 12 1 277 1
165 Delayed_165 14 1 357 1
165 Delayed_165 17 1 155 1
165 Delayed_165 17 1 310 1
165 Delayed_165 22 1 388 1
166 Delayed_166 5 1 461 1
166 Delayed_166 16 1 461 1
166 Delayed_166 19 1 310 1
167 Delayed_167 5 1 208 1
167 Delayed_167 13 1 208 1
167 Delayed_167 13 1 272 1
167 Delayed_167 14 1 333 1
167 Delayed_167 16 1 333 1
167 Delayed_167 19 1 414 1
168 Delayed_168 2 1 217 1
168 Delayed_168 5 1 128 1
168 Delayed_168 11 1 301 1
168 Delayed_168 11 1 341 1
168 Delayed_168 12 1 280 1
168 Delayed_168 17 1 383 1
168 Delayed_168 18 1 301 1
168 Delayed_168 20 1 289 1
168 Delayed_168 25 1 280 1
168 Delayed_168 27 1 128 1
168 Delayed_168 27 1 383 1
169 Delayed_169 13 1 106 1
169 Delayed_169 13 1 110 1
169 Delayed_169 20 1 110 1
169 Delayed_169 22 1 333 1
169 Delayed_169 23 1 106 1
170 Delayed_170 5 1 85 1
170 Delayed_170 13 1 122 1
170 Delayed_170 29 1 296 1
171 Delayed_171 1 1 155 1
171 Delayed_171 9 1 252 1
171 Delayed_171 10 1 247 1
171 Delayed_171 12 1 170 1
171 Delayed_171 13 1 155 1
171 Delayed_171 13 1 158 1
171 Delayed_171 21 1 170 1
171 Delayed_171 26 1 71 1
172 Delayed_172 5 1 217 1
172 Delayed_172 7 1 128 1
172 Delayed_172 11 1 128 1
172 Delayed_172 18 1 128 1
172 Delayed_172 27 1 217 1
173 Delayed_173 2 1 259 1
173 Delayed_173 8 1 289 1
173 Delayed_173 11 1 280 1
173 Delayed_173 14 1 104 1
173 Delayed_173 14 1 172 1
173 Delayed_173 17 1 104 1
173 Delayed_173 17 1 280 1
173 Delayed_173 19 1 277 1
173 Delayed_173 30 1 307 1
174 Delayed_174 2 1 333 1
174 Delayed_174 6 1 64 1
174 Delayed_174 10 1 155 1
174 Delayed_174 10 1 333 1
174 Delayed_174 11 1 64 1
174 Delayed_174 14 1 333 1
174 Delayed_174 16 1 278 1
174 Delayed_174 17 1 277 1
174 Delayed_174 17 1 333 1
174 Delayed_174 20 1 155 1
174 Delayed_174 21 1 252 1
174 Delayed_174 22 1 252 1
174 Delayed_174 29 1 64 1
174 Delayed_174 30 1 278 1
175 Delayed_175 6 1 155 1
175 Delayed_175 7 1 296 1
175 Delayed_175 11 1 126 1
175 Delayed_175 14 1 343 1
175 Delayed_175 17 1 126 1
175 Delayed_175 17 1 155 1
176 Delayed_176 12 1 182 1
176 Delayed_176 12 1 283 1
176 Delayed_176 20 1 182 1
177 Delayed_177 1 1 218 1
177 Delayed_177 9 1 236 1
177 Delayed_177 11 1 236 1
177 Delayed_177 12 1 310 1
177 Delayed_177 15 1 106 1
177 Delayed_177 17 1 106 1
177 Delayed_177 22 1 310 1
178 Delayed_178 6 1 182 1
178 Delayed_178 8 1 206 1
178 Delayed_178 9 1 206 1
178 Delayed_178 11 1 182 1
178 Delayed_178 11 1 259 1
178 Delayed_178 12 1 182 1
178 Delayed_178 16 1 259 1
178 Delayed_178 18 1 277 1
178 Delayed_178 20 1 182 1
178 Delayed_178 21 1 182 1
178 Delayed_178 23 1 206 1
178 Delayed_178 24 1 122 1
178 Delayed_178 26 1 122 1
179 Delayed_179 7 1 278 1
179 Delayed_179 9 1 126 1
179 Delayed_179 14 1 110 1
179 Delayed_179 16 1 278 1
179 Delayed_179 17 1 110 1
179 Delayed_179 18 1 110 1
179 Delayed_179 23 1 152 1
179 Delayed_179 24 1 152 1
179 Delayed_179 29 1 249 1
179 Delayed_179 30 1 280 1
180 Delayed_180 15 1 307 1
180 Delayed_180 17 1 296 1
180 Delayed_180 22 1 119 1
181 Delayed_181 8 1 215 1
181 Delayed_181 10 1 297 1
181 Delayed_181 11 1 277 1
181 Delayed_181 11 1 357 1
181 Delayed_181 12 1 277 1
181 Delayed_181 12 1 303 1
181 Delayed_181 23 1 277 1
181 Delayed_181 26 1 297 1
181 Delayed_181 27 1 277 1
181 Delayed_181 27 1 297 1
182 Delayed_182 17 1 332 1
182 Delayed_182 20 1 201 1
182 Delayed_182 24 1 236 1
182 Delayed_182 29 1 303 1
183 Delayed_183 13 1 310 1
183 Delayed_183 23 1 128 1
184 Delayed_184 11 1 260 1
184 Delayed_184 20 1 278 1
185 Delayed_185 7 1 134 1
185 Delayed_185 22 1 219 1
185 Delayed_185 23 1 152 1
185 Delayed_185 27 1 152 1
186 Delayed_186 1 1 208 1
186 Delayed_186 7 1 208 1
186 Delayed_186 8 1 339 1
186 Delayed_186 12 1 58 1
186 Delayed_186 12 1 297 1
186 Delayed_186 16 1 297 1
186 Delayed_186 17 1 208 1
186 Delayed_186 19 1 252 1
186 Delayed_186 22 1 206 1
186 Delayed_186 24 1 206 1
186 Delayed_186 25 1 215 1
186 Delayed_186 29 1 208 1
187 Delayed_187 1 1 272 1
187 Delayed_187 5 1 357 1
187 Delayed_187 7 1 289 1
188 Delayed_188 13 1 332 1
188 Delayed_188 15 1 155 1
188 Delayed_188 17 1 95 1
188 Delayed_188 17 1 170 1
188 Delayed_188 18 1 332 1
188 Delayed_188 19 1 95 1
189 Delayed_189 5 1 461 1
189 Delayed_189 18 1 461 1
189 Delayed_189 26 1 334 1
189 Delayed_189 30 1 289 1
190 Delayed_190 2 1 111 1
190 Delayed_190 8 1 111 1
190 Delayed_190 15 1 283 1
190 Delayed_190 24 1 111 1
190 Delayed_190 30 1 314 1
191 Delayed_191 12 1 215 1
191 Delayed_191 23 1 277 1
191 Delayed_191 27 1 85 1
191 Delayed_191 29 1 152 1
192 Delayed_192 9 1 310 1
192 Delayed_192 10 1 175 1
192 Delayed_192 13 1 110 1
192 Delayed_192 15 1 110 1
192 Delayed_192 17 1 260 1
192 Delayed_192 22 1 255 1
192 Delayed_192 27 1 80 1
192 Delayed_192 27 1 296 1
192 Delayed_192 29 1 310 1
192 Delayed_192 30 1 260 1
193 Delayed_193 1 1 41 1
193 Delayed_193 8 1 170 1
193 Delayed_193 13 1 277 1
193 Delayed_193 20 1 122 1
193 Delayed_193 21 1 341 1
193 Delayed_193 22 1 158 1
193 Delayed_193 25 1 170 1
193 Delayed_193 26 1 158 1
193 Delayed_193 30 1 122 1
194 Delayed_194 9 1 272 1
194 Delayed_194 12 1 206 1
194 Delayed_194 12 1 278 1
194 Delayed_194 15 1 206 1
194 Delayed_194 16 1 272 1
194 Delayed_194 17 1 272 1
194 Delayed_194 24 1 303 1
194 Delayed_194 30 1 278 1
195 Delayed_195 1 1 145 1
195 Delayed_195 10 1 90 1
195 Delayed_195 17 1 259 1
195 Delayed_195 19 1 90 1
195 Delayed_195 26 1 250 1
195 Delayed_195 30 1 90 1
196 Delayed_196 2 1 182 1
196 Delayed_196 5 1 126 1
196 Delayed_196 11 1 126 1
196 Delayed_196 17 1 182 1
196 Delayed_196 19 1 280 1
196 Delayed_196 20 1 296 1
196 Delayed_196 21 1 277 1
196 Delayed_196 27 1 380 1
196 Delayed_196 29 1 280 1
197 Delayed_197 11 1 260 1
198 Delayed_198 5 1 126 1
198 Delayed_198 12 1 172 1
198 Delayed_198 21 1 283 1
198 Delayed_198 27 1 303 1
199 Delayed_199 5 1 124 1
199 Delayed_199 6 1 301 1
199 Delayed_199 11 1 252 1
199 Delayed_199 13 1 252 1
199 Delayed_199 14 1 278 1
199 Delayed_199 15 1 283 1
199 Delayed_199 18 1 125 1
199 Delayed_199 19 1 278 1
199 Delayed_199 20 1 125 1
199 Delayed_199 27 1 125 1
200 Delayed_200 2 1 316 1
200 Delayed_200 5 1 215 1
200 Delayed_200 7 1 341 1
200 Delayed_200 28 1 341 1
