1 Delayed_1 14 2 287 1
1 Delayed_1 23 1 122 1
1 Delayed_1 25 1 65 1
1 Delayed_1 25 2 308 1
2 Delayed_2 19 1 65 1
2 Delayed_2 28 2 166 1
3 Delayed_3 26 1 46 1
4 Delayed_4 9 1 65 1
4 Delayed_4 23 1 160 1
4 Delayed_4 26 1 282 1
5 Delayed_5 6 1 162 1
5 Delayed_5 6 2 252 1
5 Delayed_5 10 2 190 1
5 Delayed_5 14 1 151 1
5 Delayed_5 14 2 270 1
5 Delayed_5 16 1 123 1
5 Delayed_5 17 2 71 1
5 Delayed_5 19 1 183 1
5 Delayed_5 24 1 139 1
5 Delayed_5 25 2 206 1
5 Delayed_5 25 1 362 1
5 Delayed_5 27 2 187 1
5 Delayed_5 30 2 124 1
6 Delayed_6 12 1 70 1
6 Delayed_6 12 2 70 1
6 Delayed_6 16 1 142 1
6 Delayed_6 20 1 438 1
7 Delayed_7 14 1 242 1
7 Delayed_7 14 2 242 1
7 Delayed_7 21 1 107 1
7 Delayed_7 25 2 290 1
8 Delayed_8 11 2 178 1
8 Delayed_8 12 1 310 1
8 Delayed_8 12 2 393 1
8 Delayed_8 17 1 174 1
8 Delayed_8 17 2 188 1
8 Delayed_8 24 1 312 1
8 Delayed_8 26 1 60 1
9 Delayed_9 6 1 59 1
9 Delayed_9 6 2 361 1
9 Delayed_9 27 2 437 1
9 Delayed_9 30 2 197 1
9 Delayed_9 30 1 266 1
10 Delayed_10 9 1 251 1
10 Delayed_10 21 1 97 1
11 Delayed_11 9 1 447 1
11 Delayed_11 10 1 157 1
11 Delayed_11 14 2 224 1
11 Delayed_11 23 1 237 1
12 Delayed_12 12 2 67 1
12 Delayed_12 19 1 67 1
12 Delayed_12 28 2 295 1
13 Delayed_13 6 2 181 1
13 Delayed_13 6 1 248 1
13 Delayed_13 19 1 56 1
13 Delayed_13 30 2 120 1
13 Delayed_13 30 1 181 1
14 Delayed_14 9 1 190 1
14 Delayed_14 17 2 301 1
14 Delayed_14 18 1 268 1
14 Delayed_14 20 1 201 1
14 Delayed_14 25 2 125 1
14 Delayed_14 25 1 328 1
14 Delayed_14 27 2 342 1
14 Delayed_14 30 2 201 1
15 Delayed_15 10 2 169 1
15 Delayed_15 12 2 329 1
15 Delayed_15 27 2 237 1
16 Delayed_16 6 1 294 1
16 Delayed_16 6 2 324 1
16 Delayed_16 9 1 102 1
16 Delayed_16 14 2 143 1
16 Delayed_16 14 1 317 1
16 Delayed_16 18 1 299 1
16 Delayed_16 19 1 205 1
17 Delayed_17 23 1 248 1
17 Delayed_17 30 1 51 1
17 Delayed_17 30 2 61 1
18 Delayed_18 6 1 332 1
18 Delayed_18 13 2 41 1
18 Delayed_18 23 1 280 1
19 Delayed_19 19 1 282 1
19 Delayed_19 23 1 304 1
19 Delayed_19 26 1 67 1
19 Delayed_19 30 1 145 1
19 Delayed_19 30 2 399 1
20 Delayed_20 12 2 153 1
20 Delayed_20 25 2 169 1
20 Delayed_20 25 1 265 1
21 Delayed_21 12 2 44 1
21 Delayed_21 14 1 258 1
21 Delayed_21 14 2 435 1
21 Delayed_21 23 1 326 1
21 Delayed_21 30 1 165 1
21 Delayed_21 30 2 422 1
22 Delayed_22 6 1 237 1
22 Delayed_22 6 2 242 1
22 Delayed_22 18 1 317 1
22 Delayed_22 19 1 52 1
23 Delayed_23 9 1 170 1
23 Delayed_23 26 1 67 1
24 Delayed_24 17 2 190 1
24 Delayed_24 17 1 294 1
24 Delayed_24 21 1 368 1
24 Delayed_24 26 1 87 1
24 Delayed_24 27 2 180 1
25 Delayed_25 9 1 77 1
25 Delayed_25 11 2 166 1
25 Delayed_25 12 2 459 1
26 Delayed_26 6 1 123 1
26 Delayed_26 10 2 163 1
26 Delayed_26 16 1 241 1
26 Delayed_26 17 1 163 1
26 Delayed_26 21 1 284 1
26 Delayed_26 27 2 241 1
26 Delayed_26 27 1 377 1
27 Delayed_27 6 1 61 1
27 Delayed_27 6 2 191 1
27 Delayed_27 20 1 191 1
27 Delayed_27 23 1 334 1
27 Delayed_27 25 2 242 1
27 Delayed_27 25 1 329 1
27 Delayed_27 26 1 258 1
27 Delayed_27 27 2 239 1
27 Delayed_27 27 1 410 1
28 Delayed_28 12 1 165 1
28 Delayed_28 12 2 325 1
28 Delayed_28 16 1 78 1
28 Delayed_28 25 2 313 1
28 Delayed_28 25 1 331 1
28 Delayed_28 26 1 286 1
29 Delayed_29 18 1 139 1
29 Delayed_29 21 1 163 1
29 Delayed_29 26 1 84 1
29 Delayed_29 27 2 207 1
30 Delayed_30 13 1 154 1
30 Delayed_30 13 2 391 1
30 Delayed_30 20 1 315 1
30 Delayed_30 25 1 58 1
30 Delayed_30 25 2 286 1
30 Delayed_30 26 1 179 1
30 Delayed_30 30 2 154 1
30 Delayed_30 30 1 225 1
31 Delayed_31 6 2 173 1
31 Delayed_31 6 1 373 1
31 Delayed_31 26 1 119 1
31 Delayed_31 30 1 165 1
31 Delayed_31 30 2 218 1
32 Delayed_32 25 1 75 1
33 Delayed_33 13 1 314 1
33 Delayed_33 21 1 149 1
33 Delayed_33 28 2 256 1
33 Delayed_33 28 1 262 1
33 Delayed_33 30 2 213 1
33 Delayed_33 30 1 377 1
34 Delayed_34 12 2 213 1
35 Delayed_35 16 1 44 1
35 Delayed_35 21 1 221 1
36 Delayed_36 19 1 64 1
36 Delayed_36 30 2 263 1
37 Delayed_37 6 2 62 1
37 Delayed_37 12 2 196 1
37 Delayed_37 23 1 329 1
37 Delayed_37 24 1 62 1
38 Delayed_38 11 1 127 1
38 Delayed_38 11 2 411 1
39 Delayed_39 16 1 117 1
39 Delayed_39 24 1 64 1
40 Delayed_40 17 2 196 1
40 Delayed_40 23 1 302 1
40 Delayed_40 25 2 281 1
40 Delayed_40 26 1 191 1
40 Delayed_40 30 2 191 1
41 Delayed_41 18 1 250 1
41 Delayed_41 24 1 119 1
42 Delayed_42 9 1 174 1
42 Delayed_42 18 1 255 1
42 Delayed_42 19 1 274 1
42 Delayed_42 21 1 220 1
42 Delayed_42 26 1 254 1
43 Delayed_43 19 1 312 1
43 Delayed_43 25 1 87 1
43 Delayed_43 25 2 181 1
45 Delayed_45 18 1 161 1
45 Delayed_45 23 1 185 1
46 Delayed_46 25 1 91 1
46 Delayed_46 25 2 113 1
46 Delayed_46 30 1 127 1
46 Delayed_46 30 2 308 1
47 Delayed_47 9 1 296 1
47 Delayed_47 10 1 259 1
47 Delayed_47 10 2 283 1
47 Delayed_47 14 2 35 1
47 Delayed_47 14 1 142 1
47 Delayed_47 19 1 149 1
47 Delayed_47 20 1 308 1
47 Delayed_47 23 1 281 1
47 Delayed_47 24 1 236 1
47 Delayed_47 28 2 191 1
47 Delayed_47 28 1 274 1
47 Delayed_47 30 1 192 1
47 Delayed_47 30 2 259 1
48 Delayed_48 6 1 262 1
48 Delayed_48 6 2 355 1
48 Delayed_48 17 2 238 1
48 Delayed_48 17 1 278 1
48 Delayed_48 24 1 238 1
48 Delayed_48 25 2 89 1
48 Delayed_48 26 1 291 1
48 Delayed_48 27 2 288 1
48 Delayed_48 30 1 197 1
48 Delayed_48 30 2 252 1
49 Delayed_49 11 2 228 1
49 Delayed_49 23 1 368 1
50 Delayed_50 9 1 312 1
50 Delayed_50 19 1 313 1
50 Delayed_50 30 1 40 1
50 Delayed_50 30 2 225 1
51 Delayed_51 17 1 75 1
51 Delayed_51 17 2 324 1
51 Delayed_51 21 1 368 1
52 Delayed_52 6 2 275 1
52 Delayed_52 12 2 181 1
53 Delayed_53 6 1 117 1
53 Delayed_53 6 2 332 1
53 Delayed_53 10 1 255 1
53 Delayed_53 10 2 256 1
53 Delayed_53 12 2 129 1
53 Delayed_53 16 1 256 1
54 Delayed_54 10 1 276 1
54 Delayed_54 10 2 295 1
54 Delayed_54 11 2 355 1
54 Delayed_54 28 1 128 1
54 Delayed_54 30 2 45 1
55 Delayed_55 13 2 260 1
55 Delayed_55 16 1 138 1
55 Delayed_55 20 1 293 1
55 Delayed_55 27 2 268 1
56 Delayed_56 6 2 99 1
56 Delayed_56 27 1 262 1
56 Delayed_56 27 2 346 1
56 Delayed_56 30 1 126 1
56 Delayed_56 30 2 368 1
57 Delayed_57 6 2 191 1
57 Delayed_57 6 1 262 1
57 Delayed_57 12 2 120 1
57 Delayed_57 12 1 306 1
57 Delayed_57 21 1 102 1
57 Delayed_57 23 1 274 1
57 Delayed_57 30 1 143 1
57 Delayed_57 30 2 192 1
58 Delayed_58 13 2 154 1
58 Delayed_58 19 1 70 1
59 Delayed_59 20 1 80 1
59 Delayed_59 26 1 176 1
60 Delayed_60 17 1 322 1
60 Delayed_60 19 1 57 1
60 Delayed_60 30 1 163 1
60 Delayed_60 30 2 434 1
62 Delayed_62 9 1 259 1
62 Delayed_62 10 1 143 1
62 Delayed_62 10 2 299 1
62 Delayed_62 13 2 272 1
62 Delayed_62 14 1 65 1
62 Delayed_62 18 1 271 1
62 Delayed_62 23 1 158 1
62 Delayed_62 26 1 299 1
62 Delayed_62 28 2 155 1
62 Delayed_62 30 2 143 1
62 Delayed_62 30 1 370 1
63 Delayed_63 20 1 86 1
63 Delayed_63 23 1 192 1
64 Delayed_64 12 2 56 1
64 Delayed_64 14 1 172 1
64 Delayed_64 18 1 342 1
64 Delayed_64 25 2 202 1
64 Delayed_64 30 1 238 1
64 Delayed_64 30 2 497 1
65 Delayed_65 6 1 128 1
65 Delayed_65 6 2 404 1
65 Delayed_65 10 2 146 1
65 Delayed_65 10 1 179 1
65 Delayed_65 20 1 279 1
65 Delayed_65 28 1 62 1
65 Delayed_65 28 2 210 1
65 Delayed_65 30 2 252 1
65 Delayed_65 30 1 313 1
66 Delayed_66 12 2 287 1
66 Delayed_66 27 2 264 1
67 Delayed_67 18 1 271 1
67 Delayed_67 27 2 279 1
68 Delayed_68 10 1 190 1
68 Delayed_68 10 2 208 1
68 Delayed_68 24 1 214 1
69 Delayed_69 9 1 208 1
69 Delayed_69 12 2 238 1
69 Delayed_69 24 1 40 1
69 Delayed_69 25 2 222 1
70 Delayed_70 16 1 162 1
70 Delayed_70 19 1 386 1
70 Delayed_70 20 1 282 1
70 Delayed_70 30 1 238 1
70 Delayed_70 30 2 251 1
71 Delayed_71 13 1 199 1
71 Delayed_71 13 2 242 1
71 Delayed_71 23 1 231 1
71 Delayed_71 27 2 74 1
71 Delayed_71 28 2 178 1
71 Delayed_71 28 1 242 1
72 Delayed_72 19 1 82 1
72 Delayed_72 30 1 341 1
72 Delayed_72 30 2 344 1
73 Delayed_73 6 2 258 1
73 Delayed_73 6 1 368 1
73 Delayed_73 16 1 223 1
73 Delayed_73 26 1 98 1
74 Delayed_74 6 2 166 1
74 Delayed_74 6 1 254 1
74 Delayed_74 9 1 101 1
74 Delayed_74 11 2 52 1
74 Delayed_74 11 1 250 1
74 Delayed_74 18 1 52 1
74 Delayed_74 20 1 112 1
74 Delayed_74 21 1 211 1
75 Delayed_75 6 1 215 1
75 Delayed_75 6 2 219 1
75 Delayed_75 11 1 216 1
75 Delayed_75 11 2 268 1
75 Delayed_75 12 2 215 1
75 Delayed_75 12 1 251 1
75 Delayed_75 14 2 216 1
75 Delayed_75 17 2 350 1
75 Delayed_75 20 1 53 1
75 Delayed_75 21 1 350 1
75 Delayed_75 24 1 272 1
75 Delayed_75 27 2 64 1
76 Delayed_76 30 2 352 1
77 Delayed_77 14 2 143 1
78 Delayed_78 17 2 327 1
78 Delayed_78 23 1 369 1
78 Delayed_78 27 2 261 1
79 Delayed_79 17 1 81 1
79 Delayed_79 21 1 251 1
79 Delayed_79 23 1 119 1
80 Delayed_80 20 1 79 1
81 Delayed_81 25 2 213 1
81 Delayed_81 30 2 135 1
81 Delayed_81 30 1 298 1
83 Delayed_83 16 1 60 1
83 Delayed_83 25 1 236 1
83 Delayed_83 25 2 371 1
84 Delayed_84 13 1 74 1
84 Delayed_84 13 2 295 1
85 Delayed_85 11 2 186 1
85 Delayed_85 18 1 234 1
85 Delayed_85 20 1 181 1
85 Delayed_85 30 2 83 1
86 Delayed_86 18 1 360 1
87 Delayed_87 11 2 253 1
88 Delayed_88 17 2 100 1
88 Delayed_88 18 1 256 1
89 Delayed_89 9 1 245 1
89 Delayed_89 13 2 165 1
89 Delayed_89 30 1 154 1
89 Delayed_89 30 2 154 1
90 Delayed_90 11 2 287 1
91 Delayed_91 6 2 171 1
91 Delayed_91 6 1 294 1
91 Delayed_91 27 1 276 1
91 Delayed_91 27 2 306 1
91 Delayed_91 28 2 229 1
92 Delayed_92 28 1 81 1
92 Delayed_92 28 2 316 1
94 Delayed_94 6 1 88 1
94 Delayed_94 6 2 143 1
94 Delayed_94 16 1 51 1
94 Delayed_94 21 1 211 1
94 Delayed_94 25 2 203 1
94 Delayed_94 30 1 241 1
94 Delayed_94 30 2 241 1
95 Delayed_95 20 1 49 1
95 Delayed_95 25 2 129 1
96 Delayed_96 9 1 64 1
96 Delayed_96 14 2 64 1
96 Delayed_96 14 1 454 1
96 Delayed_96 17 1 118 1
96 Delayed_96 17 2 294 1
96 Delayed_96 24 1 276 1
96 Delayed_96 25 2 251 1
96 Delayed_96 26 1 251 1
97 Delayed_97 9 1 282 1
97 Delayed_97 16 1 469 1
97 Delayed_97 17 2 223 1
97 Delayed_97 20 1 238 1
97 Delayed_97 21 1 297 1
97 Delayed_97 23 1 130 1
97 Delayed_97 26 1 183 1
97 Delayed_97 30 2 80 1
97 Delayed_97 30 1 135 1
98 Delayed_98 9 1 99 1
98 Delayed_98 17 2 166 1
98 Delayed_98 17 1 228 1
98 Delayed_98 18 1 358 1
98 Delayed_98 20 1 185 1
99 Delayed_99 18 1 318 1
99 Delayed_99 21 1 185 1
99 Delayed_99 28 1 60 1
99 Delayed_99 28 2 324 1
100 Delayed_100 16 1 335 1
100 Delayed_100 21 1 275 1
100 Delayed_100 23 1 306 1
100 Delayed_100 24 1 187 1
100 Delayed_100 27 2 96 1
101 Delayed_101 10 1 71 1
101 Delayed_101 10 2 309 1
101 Delayed_101 30 2 156 1
101 Delayed_101 30 1 377 1
102 Delayed_102 6 1 80 1
102 Delayed_102 6 2 295 1
103 Delayed_103 6 1 73 1
103 Delayed_103 6 2 210 1
104 Delayed_104 16 1 197 1
104 Delayed_104 24 1 127 1
104 Delayed_104 30 2 91 1
105 Delayed_105 11 2 154 1
105 Delayed_105 23 1 346 1
105 Delayed_105 27 1 95 1
105 Delayed_105 27 2 167 1
106 Delayed_106 18 1 304 1
107 Delayed_107 9 1 62 1
107 Delayed_107 24 1 370 1
107 Delayed_107 30 2 210 1
108 Delayed_108 13 1 185 1
108 Delayed_108 13 2 185 1
108 Delayed_108 16 1 297 1
108 Delayed_108 17 1 64 1
108 Delayed_108 17 2 227 1
108 Delayed_108 18 1 326 1
108 Delayed_108 25 2 64 1
108 Delayed_108 25 1 329 1
109 Delayed_109 16 1 56 1
109 Delayed_109 21 1 202 1
109 Delayed_109 30 2 299 1
109 Delayed_109 30 1 330 1
110 Delayed_110 10 2 421 1
110 Delayed_110 20 1 214 1
110 Delayed_110 24 1 84 1
111 Delayed_111 6 2 279 1
111 Delayed_111 23 1 127 1
111 Delayed_111 24 1 446 1
112 Delayed_112 9 1 323 1
112 Delayed_112 12 2 115 1
112 Delayed_112 23 1 257 1
112 Delayed_112 25 2 62 1
112 Delayed_112 25 1 485 1
113 Delayed_113 12 2 123 1
113 Delayed_113 12 1 167 1
113 Delayed_113 16 1 444 1
113 Delayed_113 17 1 122 1
113 Delayed_113 18 1 312 1
113 Delayed_113 24 1 256 1
113 Delayed_113 25 2 256 1
113 Delayed_113 25 1 347 1
113 Delayed_113 27 1 233 1
113 Delayed_113 27 2 355 1
113 Delayed_113 30 1 260 1
113 Delayed_113 30 2 393 1
114 Delayed_114 6 2 111 1
114 Delayed_114 6 1 281 1
114 Delayed_114 11 2 337 1
114 Delayed_114 12 2 282 1
114 Delayed_114 19 1 305 1
114 Delayed_114 23 1 253 1
114 Delayed_114 24 1 282 1
115 Delayed_115 6 1 62 1
115 Delayed_115 6 2 285 1
115 Delayed_115 18 1 323 1
115 Delayed_115 25 2 238 1
116 Delayed_116 10 1 146 1
116 Delayed_116 17 1 51 1
116 Delayed_116 17 2 351 1
116 Delayed_116 18 1 78 1
116 Delayed_116 26 1 296 1
117 Delayed_117 6 1 161 1
117 Delayed_117 6 2 264 1
117 Delayed_117 11 1 174 1
117 Delayed_117 11 2 383 1
117 Delayed_117 13 1 73 1
117 Delayed_117 13 2 154 1
118 Delayed_118 6 2 210 1
118 Delayed_118 6 1 341 1
118 Delayed_118 10 2 301 1
118 Delayed_118 18 1 367 1
118 Delayed_118 21 1 301 1
118 Delayed_118 25 1 161 1
118 Delayed_118 25 2 302 1
118 Delayed_118 28 2 243 1
118 Delayed_118 28 1 250 1
119 Delayed_119 6 2 351 1
120 Delayed_120 6 1 73 1
120 Delayed_120 6 2 323 1
120 Delayed_120 14 1 150 1
120 Delayed_120 14 2 204 1
120 Delayed_120 23 1 266 1
120 Delayed_120 26 1 204 1
121 Delayed_121 12 1 147 1
121 Delayed_121 12 2 308 1
121 Delayed_121 25 2 66 1
121 Delayed_121 25 1 218 1
121 Delayed_121 27 1 66 1
121 Delayed_121 27 2 218 1
121 Delayed_121 28 1 243 1
121 Delayed_121 28 2 249 1
122 Delayed_122 9 1 459 1
122 Delayed_122 19 1 97 1
122 Delayed_122 23 1 319 1
122 Delayed_122 25 1 117 1
122 Delayed_122 25 2 408 1
123 Delayed_123 17 1 92 1
123 Delayed_123 17 2 218 1
123 Delayed_123 26 1 387 1
124 Delayed_124 9 1 87 1
124 Delayed_124 12 2 105 1
124 Delayed_124 19 1 184 1
124 Delayed_124 23 1 121 1
124 Delayed_124 25 2 165 1
124 Delayed_124 25 1 240 1
124 Delayed_124 26 1 238 1
124 Delayed_124 28 1 211 1
124 Delayed_124 28 2 352 1
125 Delayed_125 18 1 234 1
126 Delayed_126 11 2 139 1
126 Delayed_126 18 1 374 1
127 Delayed_127 9 1 192 1
127 Delayed_127 10 2 287 1
127 Delayed_127 23 1 404 1
127 Delayed_127 28 2 261 1
127 Delayed_127 30 2 248 1
128 Delayed_128 9 1 221 1
128 Delayed_128 23 1 57 1
128 Delayed_128 24 1 314 1
128 Delayed_128 27 2 295 1
129 Delayed_129 13 2 166 1
129 Delayed_129 13 1 281 1
130 Delayed_130 18 1 326 1
130 Delayed_130 21 1 56 1
130 Delayed_130 30 1 352 1
130 Delayed_130 30 2 352 1
131 Delayed_131 21 1 62 1
133 Delayed_133 12 2 159 1
133 Delayed_133 13 2 213 1
133 Delayed_133 13 1 364 1
133 Delayed_133 17 2 136 1
133 Delayed_133 17 1 305 1
134 Delayed_134 18 1 346 1
134 Delayed_134 19 1 48 1
134 Delayed_134 30 1 72 1
134 Delayed_134 30 2 204 1
135 Delayed_135 10 2 260 1
135 Delayed_135 10 1 288 1
135 Delayed_135 13 1 64 1
135 Delayed_135 13 2 154 1
135 Delayed_135 19 1 276 1
135 Delayed_135 25 2 171 1
135 Delayed_135 25 1 299 1
135 Delayed_135 30 2 113 1
135 Delayed_135 30 1 115 1
136 Delayed_136 19 1 47 1
136 Delayed_136 20 1 205 1
137 Delayed_137 30 2 220 1
137 Delayed_137 30 1 327 1
138 Delayed_138 6 2 312 1
138 Delayed_138 30 1 135 1
138 Delayed_138 30 2 241 1
139 Delayed_139 17 1 169 1
139 Delayed_139 17 2 279 1
139 Delayed_139 24 1 77 1
139 Delayed_139 25 2 199 1
139 Delayed_139 25 1 268 1
140 Delayed_140 6 2 265 1
140 Delayed_140 6 1 270 1
140 Delayed_140 16 1 265 1
140 Delayed_140 25 1 43 1
140 Delayed_140 25 2 434 1
141 Delayed_141 13 2 138 1
141 Delayed_141 13 1 174 1
141 Delayed_141 18 1 432 1
141 Delayed_141 20 1 181 1
141 Delayed_141 21 1 440 1
141 Delayed_141 30 2 181 1
141 Delayed_141 30 1 455 1
142 Delayed_142 24 1 381 1
142 Delayed_142 27 2 352 1
142 Delayed_142 30 1 255 1
142 Delayed_142 30 2 381 1
143 Delayed_143 26 1 59 1
144 Delayed_144 6 2 76 1
144 Delayed_144 6 1 159 1
144 Delayed_144 16 1 139 1
144 Delayed_144 17 1 76 1
145 Delayed_145 6 2 249 1
145 Delayed_145 6 1 264 1
145 Delayed_145 14 2 296 1
145 Delayed_145 14 1 449 1
145 Delayed_145 17 1 42 1
145 Delayed_145 17 2 307 1
145 Delayed_145 23 1 242 1
146 Delayed_146 16 1 240 1
147 Delayed_147 6 2 284 1
147 Delayed_147 6 1 378 1
147 Delayed_147 13 2 60 1
147 Delayed_147 16 1 60 1
147 Delayed_147 18 1 157 1
147 Delayed_147 23 1 98 1
147 Delayed_147 24 1 284 1
147 Delayed_147 26 1 202 1
147 Delayed_147 27 2 163 1
147 Delayed_147 27 1 366 1
148 Delayed_148 18 1 161 1
148 Delayed_148 19 1 125 1
149 Delayed_149 21 1 331 1
149 Delayed_149 25 1 145 1
149 Delayed_149 25 2 186 1
149 Delayed_149 28 1 69 1
150 Delayed_150 23 1 128 1
150 Delayed_150 30 2 224 1
151 Delayed_151 9 1 54 1
151 Delayed_151 18 1 259 1
152 Delayed_152 10 2 170 1
152 Delayed_152 12 1 65 1
152 Delayed_152 12 2 166 1
152 Delayed_152 23 1 257 1
152 Delayed_152 26 1 98 1
152 Delayed_152 28 1 82 1
152 Delayed_152 28 2 115 1
153 Delayed_153 12 2 454 1
153 Delayed_153 14 2 166 1
153 Delayed_153 17 2 186 1
153 Delayed_153 21 1 186 1
153 Delayed_153 24 1 166 1
153 Delayed_153 25 2 108 1
153 Delayed_153 30 2 104 1
154 Delayed_154 6 2 350 1
154 Delayed_154 6 1 372 1
154 Delayed_154 10 2 77 1
154 Delayed_154 10 1 165 1
154 Delayed_154 18 1 220 1
154 Delayed_154 23 1 281 1
155 Delayed_155 17 2 210 1
156 Delayed_156 6 2 157 1
156 Delayed_156 6 1 167 1
156 Delayed_156 9 1 89 1
156 Delayed_156 11 2 238 1
156 Delayed_156 18 1 157 1
156 Delayed_156 21 1 475 1
156 Delayed_156 25 2 140 1
157 Delayed_157 9 1 66 1
157 Delayed_157 13 2 198 1
157 Delayed_157 16 1 125 1
158 Delayed_158 11 2 306 1
158 Delayed_158 26 1 185 1
158 Delayed_158 27 2 195 1
159 Delayed_159 13 2 241 1
159 Delayed_159 17 1 59 1
159 Delayed_159 17 2 290 1
160 Delayed_160 6 2 137 1
160 Delayed_160 13 2 186 1
160 Delayed_160 14 1 87 1
160 Delayed_160 25 2 184 1
161 Delayed_161 25 1 113 1
161 Delayed_161 25 2 243 1
162 Delayed_162 10 2 118 1
162 Delayed_162 16 1 158 1
162 Delayed_162 18 1 337 1
162 Delayed_162 21 1 145 1
162 Delayed_162 23 1 162 1
162 Delayed_162 28 2 276 1
163 Delayed_163 10 1 67 1
163 Delayed_163 10 2 328 1
163 Delayed_163 18 1 335 1
163 Delayed_163 25 2 67 1
164 Delayed_164 19 1 289 1
164 Delayed_164 21 1 264 1
164 Delayed_164 23 1 429 1
164 Delayed_164 25 2 107 1
164 Delayed_164 25 1 246 1
164 Delayed_164 30 1 132 1
164 Delayed_164 30 2 464 1
165 Delayed_165 6 2 277 1
165 Delayed_165 9 1 133 1
165 Delayed_165 10 1 139 1
165 Delayed_165 10 2 155 1
165 Delayed_165 12 2 166 1
165 Delayed_165 12 1 310 1
165 Delayed_165 14 2 340 1
165 Delayed_165 17 2 172 1
165 Delayed_165 17 1 181 1
165 Delayed_165 30 1 117 1
166 Delayed_166 9 1 80 1
166 Delayed_166 16 1 115 1
166 Delayed_166 19 1 60 1
166 Delayed_166 28 1 412 1
166 Delayed_166 30 2 60 1
167 Delayed_167 13 2 382 1
167 Delayed_167 14 2 248 1
167 Delayed_167 14 1 269 1
167 Delayed_167 16 1 68 1
167 Delayed_167 19 1 137 1
168 Delayed_168 11 1 323 1
168 Delayed_168 11 2 380 1
168 Delayed_168 12 2 214 1
168 Delayed_168 18 1 344 1
168 Delayed_168 20 1 305 1
168 Delayed_168 21 1 187 1
168 Delayed_168 25 2 305 1
168 Delayed_168 25 1 320 1
168 Delayed_168 27 1 128 1
168 Delayed_168 27 2 280 1
169 Delayed_169 13 1 154 1
169 Delayed_169 13 2 379 1
169 Delayed_169 23 1 347 1
169 Delayed_169 28 2 179 1
170 Delayed_170 13 2 169 1
171 Delayed_171 9 1 55 1
171 Delayed_171 13 2 309 1
171 Delayed_171 13 1 408 1
171 Delayed_171 21 1 210 1
171 Delayed_171 26 1 150 1
172 Delayed_172 18 1 158 1
172 Delayed_172 30 2 255 1
173 Delayed_173 11 1 104 1
173 Delayed_173 14 2 166 1
173 Delayed_173 14 1 183 1
173 Delayed_173 17 1 254 1
173 Delayed_173 17 2 390 1
173 Delayed_173 19 1 290 1
173 Delayed_173 30 2 172 1
173 Delayed_173 30 1 434 1
174 Delayed_174 6 1 163 1
174 Delayed_174 6 2 263 1
174 Delayed_174 10 1 254 1
174 Delayed_174 10 2 463 1
174 Delayed_174 16 1 64 1
174 Delayed_174 17 1 55 1
174 Delayed_174 17 2 254 1
174 Delayed_174 20 1 252 1
174 Delayed_174 21 1 107 1
174 Delayed_174 30 2 107 1
174 Delayed_174 30 1 277 1
175 Delayed_175 6 1 123 1
175 Delayed_175 6 2 290 1
175 Delayed_175 17 1 69 1
175 Delayed_175 17 2 361 1
176 Delayed_176 12 2 191 1
176 Delayed_176 12 1 267 1
176 Delayed_176 20 1 164 1
176 Delayed_176 28 2 228 1
177 Delayed_177 6 1 184 1
177 Delayed_177 9 1 106 1
177 Delayed_177 11 2 130 1
177 Delayed_177 12 2 218 1
177 Delayed_177 12 1 236 1
178 Delayed_178 6 1 70 1
178 Delayed_178 6 2 315 1
178 Delayed_178 9 1 315 1
178 Delayed_178 11 1 115 1
178 Delayed_178 11 2 379 1
178 Delayed_178 16 1 286 1
178 Delayed_178 18 1 298 1
178 Delayed_178 20 1 259 1
178 Delayed_178 21 1 122 1
178 Delayed_178 23 1 379 1
178 Delayed_178 24 1 211 1
178 Delayed_178 26 1 281 1
179 Delayed_179 9 1 70 1
179 Delayed_179 16 1 298 1
179 Delayed_179 18 1 138 1
179 Delayed_179 23 1 287 1
179 Delayed_179 24 1 450 1
179 Delayed_179 30 2 74 1
179 Delayed_179 30 1 185 1
180 Delayed_180 11 1 249 1
180 Delayed_180 18 1 179 1
180 Delayed_180 27 2 204 1
181 Delayed_181 10 2 228 1
181 Delayed_181 11 2 198 1
181 Delayed_181 11 1 258 1
181 Delayed_181 12 1 267 1
181 Delayed_181 12 2 295 1
181 Delayed_181 23 1 312 1
181 Delayed_181 26 1 207 1
181 Delayed_181 27 1 115 1
181 Delayed_181 27 2 275 1
182 Delayed_182 20 1 386 1
182 Delayed_182 24 1 51 1
183 Delayed_183 13 2 263 1
183 Delayed_183 23 1 321 1
184 Delayed_184 20 1 59 1
185 Delayed_185 23 1 309 1
186 Delayed_186 12 1 58 1
186 Delayed_186 12 2 290 1
186 Delayed_186 16 1 216 1
186 Delayed_186 19 1 82 1
186 Delayed_186 24 1 206 1
186 Delayed_186 25 2 137 1
186 Delayed_186 25 1 252 1
188 Delayed_188 17 1 71 1
188 Delayed_188 17 2 419 1
188 Delayed_188 18 1 419 1
188 Delayed_188 19 1 151 1
188 Delayed_188 27 2 242 1
189 Delayed_189 18 1 167 1
189 Delayed_189 26 1 64 1
189 Delayed_189 30 2 344 1
190 Delayed_190 16 1 73 1
190 Delayed_190 24 1 183 1
190 Delayed_190 30 2 195 1
190 Delayed_190 30 1 311 1
191 Delayed_191 23 1 369 1
192 Delayed_192 9 1 185 1
192 Delayed_192 14 2 315 1
192 Delayed_192 17 1 62 1
192 Delayed_192 17 2 80 1
192 Delayed_192 27 2 141 1
192 Delayed_192 27 1 255 1
192 Delayed_192 30 1 198 1
192 Delayed_192 30 2 218 1
193 Delayed_193 16 1 41 1
193 Delayed_193 20 1 135 1
193 Delayed_193 21 1 331 1
193 Delayed_193 25 2 153 1
193 Delayed_193 25 1 277 1
193 Delayed_193 26 1 274 1
193 Delayed_193 30 2 135 1
193 Delayed_193 30 1 248 1
194 Delayed_194 12 1 142 1
194 Delayed_194 12 2 169 1
194 Delayed_194 16 1 210 1
194 Delayed_194 23 1 286 1
194 Delayed_194 24 1 234 1
194 Delayed_194 30 2 167 1
194 Delayed_194 30 1 337 1
195 Delayed_195 6 2 190 1
195 Delayed_195 17 1 73 1
195 Delayed_195 17 2 349 1
195 Delayed_195 26 1 190 1
195 Delayed_195 30 2 133 1
195 Delayed_195 30 1 327 1
196 Delayed_196 11 2 76 1
196 Delayed_196 11 1 176 1
196 Delayed_196 17 1 76 1
196 Delayed_196 19 1 132 1
196 Delayed_196 20 1 328 1
196 Delayed_196 21 1 279 1
197 Delayed_197 11 1 64 1
198 Delayed_198 21 1 243 1
198 Delayed_198 27 2 270 1
199 Delayed_199 6 1 54 1
199 Delayed_199 6 2 163 1
199 Delayed_199 14 1 266 1
199 Delayed_199 18 1 311 1
199 Delayed_199 19 1 292 1
199 Delayed_199 20 1 227 1
199 Delayed_199 28 2 125 1
199 Delayed_199 30 2 435 1
200 Delayed_200 28 2 287 1
200 Delayed_200 28 1 479 1
