1 Delayed_1 5 1 157 1
1 Delayed_1 13 2 416 1
1 Delayed_1 13 1 419 1
1 Delayed_1 14 1 164 1
1 Delayed_1 18 1 614 1
1 Delayed_1 22 1 634 1
1 Delayed_1 22 2 683 1
1 Delayed_1 23 1 353 1
1 Delayed_1 24 1 287 1
1 Delayed_1 30 1 419 1
2 Delayed_2 1 1 199 1
2 Delayed_2 1 2 527 1
2 Delayed_2 16 2 673 1
2 Delayed_2 30 1 199 1
3 Delayed_3 2 2 357 1
3 Delayed_3 2 1 522 1
3 Delayed_3 3 1 357 1
3 Delayed_3 4 2 499 1
3 Delayed_3 4 1 522 1
3 Delayed_3 8 2 826 1
3 Delayed_3 17 1 84 1
3 Delayed_3 17 2 84 1
3 Delayed_3 18 1 84 1
3 Delayed_3 25 1 351 1
3 Delayed_3 28 2 238 1
3 Delayed_3 28 1 243 1
3 Delayed_3 30 2 412 1
3 Delayed_3 30 1 478 1
3 Delayed_3 30 1 495 1
4 Delayed_4 6 1 103 1
4 Delayed_4 11 1 243 1
4 Delayed_4 12 2 219 1
4 Delayed_4 13 1 355 1
4 Delayed_4 13 1 502 1
4 Delayed_4 13 2 703 1
4 Delayed_4 16 1 103 1
4 Delayed_4 16 2 122 1
4 Delayed_4 25 1 245 1
4 Delayed_4 27 1 500 1
4 Delayed_4 27 2 521 1
5 Delayed_5 2 2 448 1
5 Delayed_5 3 1 421 1
5 Delayed_5 7 2 273 1
5 Delayed_5 9 1 505 1
5 Delayed_5 13 2 619 1
5 Delayed_5 21 2 505 1
5 Delayed_5 26 1 263 1
5 Delayed_5 26 2 459 1
5 Delayed_5 27 2 315 1
6 Delayed_6 4 2 651 1
6 Delayed_6 8 2 513 1
6 Delayed_6 8 1 651 1
6 Delayed_6 11 1 148 1
6 Delayed_6 17 1 148 1
6 Delayed_6 17 2 477 1
6 Delayed_6 19 2 148 1
6 Delayed_6 19 1 463 1
7 Delayed_7 25 1 123 1
8 Delayed_8 1 1 168 1
8 Delayed_8 13 1 168 1
9 Delayed_9 27 2 609 1
10 Delayed_10 9 1 212 1
11 Delayed_11 3 1 421 1
11 Delayed_11 9 1 406 1
11 Delayed_11 12 2 267 1
11 Delayed_11 12 1 553 1
11 Delayed_11 14 1 107 1
11 Delayed_11 19 2 600 1
11 Delayed_11 20 2 544 1
11 Delayed_11 21 2 157 1
11 Delayed_11 21 1 406 1
11 Delayed_11 22 1 260 1
11 Delayed_11 22 2 421 1
11 Delayed_11 30 1 157 1
12 Delayed_12 9 1 191 1
12 Delayed_12 18 1 526 1
12 Delayed_12 20 2 402 1
12 Delayed_12 20 1 675 1
12 Delayed_12 23 1 461 1
12 Delayed_12 24 1 103 1
12 Delayed_12 25 2 243 1
12 Delayed_12 25 1 603 1
12 Delayed_12 25 1 627 1
12 Delayed_12 26 1 243 1
12 Delayed_12 26 2 539 1
12 Delayed_12 29 1 339 1
12 Delayed_12 29 2 413 1
12 Delayed_12 30 1 191 1
12 Delayed_12 30 1 302 1
12 Delayed_12 30 2 305 1
13 Delayed_13 1 1 121 1
13 Delayed_13 20 1 121 1
13 Delayed_13 20 2 121 1
14 Delayed_14 21 1 105 1
14 Delayed_14 21 2 105 1
14 Delayed_14 23 1 105 1
14 Delayed_14 26 1 331 1
14 Delayed_14 26 2 337 1
14 Delayed_14 30 2 269 1
14 Delayed_14 30 1 357 1
14 Delayed_14 30 1 561 1
15 Delayed_15 5 1 126 1
15 Delayed_15 12 2 157 1
15 Delayed_15 13 2 143 1
15 Delayed_15 13 1 289 1
15 Delayed_15 13 1 506 1
15 Delayed_15 15 2 288 1
15 Delayed_15 22 1 126 1
15 Delayed_15 22 2 591 1
15 Delayed_15 30 1 288 1
15 Delayed_15 30 1 460 1
15 Delayed_15 30 2 578 1
16 Delayed_16 1 1 532 1
16 Delayed_16 1 1 579 1
16 Delayed_16 1 2 671 1
16 Delayed_16 12 1 75 1
16 Delayed_16 12 2 113 1
16 Delayed_16 22 2 75 1
16 Delayed_16 22 1 532 1
16 Delayed_16 23 1 507 1
16 Delayed_16 24 1 434 1
16 Delayed_16 25 2 430 1
16 Delayed_16 25 1 527 1
16 Delayed_16 25 1 587 1
16 Delayed_16 26 1 75 1
16 Delayed_16 30 1 505 1
17 Delayed_17 1 1 454 1
17 Delayed_17 3 1 82 1
17 Delayed_17 4 1 509 1
17 Delayed_17 4 2 671 1
17 Delayed_17 14 1 490 1
17 Delayed_17 21 2 417 1
17 Delayed_17 21 1 695 1
17 Delayed_17 22 2 263 1
17 Delayed_17 22 1 490 1
17 Delayed_17 29 2 235 1
18 Delayed_18 7 1 98 1
18 Delayed_18 7 2 358 1
18 Delayed_18 25 2 476 1
18 Delayed_18 30 1 353 1
18 Delayed_18 30 2 503 1
18 Delayed_18 30 1 554 1
19 Delayed_19 1 1 97 1
19 Delayed_19 4 2 560 1
19 Delayed_19 14 1 331 1
19 Delayed_19 15 2 494 1
19 Delayed_19 17 2 573 1
19 Delayed_19 22 1 97 1
19 Delayed_19 22 2 406 1
19 Delayed_19 24 1 235 1
19 Delayed_19 30 1 442 1
19 Delayed_19 30 1 694 1
19 Delayed_19 30 2 694 1
20 Delayed_20 6 1 516 1
20 Delayed_20 9 1 484 1
20 Delayed_20 11 1 478 1
20 Delayed_20 17 2 696 1
20 Delayed_20 20 2 295 1
20 Delayed_20 24 1 126 1
20 Delayed_20 25 2 123 1
20 Delayed_20 25 1 396 1
20 Delayed_20 25 1 401 1
21 Delayed_21 18 1 111 1
21 Delayed_21 19 1 111 1
21 Delayed_21 19 2 111 1
21 Delayed_21 26 1 288 1
21 Delayed_21 28 2 434 1
21 Delayed_21 30 1 416 1
22 Delayed_22 1 1 90 1
22 Delayed_22 1 2 90 1
22 Delayed_22 1 1 368 1
22 Delayed_22 7 2 692 1
22 Delayed_22 11 1 420 1
22 Delayed_22 15 1 164 1
22 Delayed_22 15 2 263 1
22 Delayed_22 19 2 469 1
22 Delayed_22 20 2 429 1
22 Delayed_22 30 2 710 1
22 Delayed_22 30 1 865 1
23 Delayed_23 2 2 684 1
23 Delayed_23 5 1 275 1
23 Delayed_23 13 1 429 1
23 Delayed_23 13 2 438 1
23 Delayed_23 18 1 550 1
23 Delayed_23 19 2 654 1
23 Delayed_23 20 1 116 1
23 Delayed_23 20 2 441 1
23 Delayed_23 28 1 116 1
23 Delayed_23 29 2 584 1
23 Delayed_23 30 1 674 1
24 Delayed_24 1 1 205 1
24 Delayed_24 3 1 85 1
24 Delayed_24 5 1 85 1
24 Delayed_24 20 2 210 1
24 Delayed_24 23 1 423 1
24 Delayed_24 28 1 690 1
25 Delayed_25 7 2 716 1
25 Delayed_25 9 1 540 1
25 Delayed_25 18 1 540 1
25 Delayed_25 22 1 99 1
25 Delayed_25 22 2 317 1
25 Delayed_25 26 2 647 1
25 Delayed_25 28 1 99 1
25 Delayed_25 29 2 300 1
25 Delayed_25 30 1 485 1
25 Delayed_25 30 1 496 1
25 Delayed_25 30 2 710 1
26 Delayed_26 5 1 250 1
26 Delayed_26 7 1 73 1
26 Delayed_26 7 2 134 1
26 Delayed_26 15 2 491 1
26 Delayed_26 17 1 73 1
26 Delayed_26 17 2 409 1
27 Delayed_27 1 1 354 1
27 Delayed_27 2 2 329 1
27 Delayed_27 2 1 500 1
27 Delayed_27 14 1 237 1
27 Delayed_27 15 2 640 1
27 Delayed_27 15 1 699 1
27 Delayed_27 24 1 128 1
27 Delayed_27 30 1 189 1
27 Delayed_27 30 1 499 1
27 Delayed_27 30 2 524 1
28 Delayed_28 1 1 86 1
28 Delayed_28 1 2 86 1
28 Delayed_28 4 2 204 1
28 Delayed_28 13 1 86 1
28 Delayed_28 13 2 339 1
28 Delayed_28 17 2 461 1
28 Delayed_28 21 2 588 1
28 Delayed_28 26 2 308 1
28 Delayed_28 26 1 378 1
28 Delayed_28 26 1 547 1
28 Delayed_28 28 1 378 1
28 Delayed_28 28 1 547 1
28 Delayed_28 28 2 547 1
29 Delayed_29 1 2 224 1
29 Delayed_29 1 1 636 1
29 Delayed_29 2 1 680 1
29 Delayed_29 2 2 725 1
29 Delayed_29 3 1 599 1
29 Delayed_29 8 2 194 1
29 Delayed_29 23 1 725 1
29 Delayed_29 24 1 224 1
29 Delayed_29 25 1 547 1
29 Delayed_29 27 2 440 1
29 Delayed_29 28 1 583 1
29 Delayed_29 29 2 432 1
29 Delayed_29 29 1 440 1
30 Delayed_30 1 2 117 1
30 Delayed_30 1 1 460 1
30 Delayed_30 2 1 117 1
30 Delayed_30 2 2 420 1
30 Delayed_30 15 2 362 1
30 Delayed_30 17 1 117 1
30 Delayed_30 17 2 129 1
31 Delayed_31 1 2 417 1
31 Delayed_31 12 1 350 1
31 Delayed_31 12 2 436 1
31 Delayed_31 17 2 322 1
31 Delayed_31 18 1 162 1
31 Delayed_31 26 1 258 1
31 Delayed_31 26 2 459 1
31 Delayed_31 28 1 855 1
31 Delayed_31 29 2 651 1
31 Delayed_31 30 2 496 1
31 Delayed_31 30 1 685 1
32 Delayed_32 1 1 272 1
32 Delayed_32 6 1 571 1
32 Delayed_32 9 1 131 1
32 Delayed_32 18 1 652 1
32 Delayed_32 27 2 527 1
32 Delayed_32 27 1 685 1
32 Delayed_32 29 2 449 1
32 Delayed_32 29 1 481 1
33 Delayed_33 3 1 115 1
33 Delayed_33 12 2 573 1
33 Delayed_33 20 2 115 1
33 Delayed_33 20 1 478 1
33 Delayed_33 26 1 115 1
34 Delayed_34 9 1 243 1
34 Delayed_34 20 2 587 1
34 Delayed_34 20 1 665 1
34 Delayed_34 21 1 518 1
34 Delayed_34 21 2 615 1
34 Delayed_34 22 2 570 1
34 Delayed_34 23 1 355 1
34 Delayed_34 26 1 454 1
34 Delayed_34 26 2 480 1
35 Delayed_35 6 1 419 1
35 Delayed_35 14 1 100 1
35 Delayed_35 15 2 100 1
35 Delayed_35 15 1 503 1
35 Delayed_35 23 1 450 1
35 Delayed_35 26 2 443 1
35 Delayed_35 29 1 460 1
35 Delayed_35 29 2 475 1
35 Delayed_35 30 1 409 1
36 Delayed_36 9 1 116 1
36 Delayed_36 16 2 507 1
36 Delayed_36 27 2 291 1
36 Delayed_36 28 1 116 1
36 Delayed_36 28 2 116 1
36 Delayed_36 30 1 238 1
36 Delayed_36 30 1 433 1
36 Delayed_36 30 2 487 1
37 Delayed_37 4 1 189 1
37 Delayed_37 4 2 860 1
37 Delayed_37 12 2 381 1
37 Delayed_37 12 1 668 1
37 Delayed_37 15 2 216 1
37 Delayed_37 16 2 428 1
37 Delayed_37 19 2 833 1
37 Delayed_37 23 1 450 1
37 Delayed_37 25 1 757 1
38 Delayed_38 5 1 345 1
38 Delayed_38 6 1 194 1
38 Delayed_38 18 1 194 1
39 Delayed_39 7 2 480 1
39 Delayed_39 12 2 201 1
39 Delayed_39 12 1 306 1
39 Delayed_39 13 2 120 1
39 Delayed_39 13 1 656 1
39 Delayed_39 16 1 120 1
39 Delayed_39 16 2 187 1
39 Delayed_39 18 1 237 1
39 Delayed_39 20 1 296 1
39 Delayed_39 20 2 623 1
39 Delayed_39 22 2 228 1
39 Delayed_39 22 1 306 1
39 Delayed_39 25 1 402 1
39 Delayed_39 30 1 94 1
40 Delayed_40 8 2 375 1
40 Delayed_40 14 1 412 1
40 Delayed_40 15 2 551 1
40 Delayed_40 23 1 186 1
40 Delayed_40 28 2 509 1
41 Delayed_41 1 2 186 1
41 Delayed_41 1 1 520 1
41 Delayed_41 5 1 414 1
41 Delayed_41 17 2 402 1
41 Delayed_41 23 1 394 1
41 Delayed_41 27 1 116 1
41 Delayed_41 27 2 116 1
41 Delayed_41 29 1 116 1
41 Delayed_41 29 2 510 1
41 Delayed_41 30 1 437 1
42 Delayed_42 2 1 195 1
42 Delayed_42 2 2 272 1
42 Delayed_42 6 1 354 1
42 Delayed_42 9 1 315 1
42 Delayed_42 26 2 199 1
42 Delayed_42 26 1 587 1
42 Delayed_42 26 1 675 1
42 Delayed_42 29 2 555 1
42 Delayed_42 30 1 261 1
42 Delayed_42 30 2 294 1
42 Delayed_42 30 1 550 1
43 Delayed_43 3 1 204 1
43 Delayed_43 27 2 210 1
43 Delayed_43 27 1 448 1
43 Delayed_43 29 1 204 1
43 Delayed_43 29 2 226 1
43 Delayed_43 30 1 380 1
44 Delayed_44 4 2 599 1
44 Delayed_44 4 1 620 1
44 Delayed_44 15 1 416 1
44 Delayed_44 15 2 416 1
44 Delayed_44 16 2 68 1
44 Delayed_44 16 1 306 1
44 Delayed_44 17 2 252 1
44 Delayed_44 21 2 531 1
44 Delayed_44 25 1 68 1
44 Delayed_44 29 2 696 1
44 Delayed_44 30 1 461 1
45 Delayed_45 3 1 100 1
45 Delayed_45 6 1 100 1
46 Delayed_46 4 2 629 1
46 Delayed_46 8 2 581 1
46 Delayed_46 17 2 345 1
46 Delayed_46 20 2 492 1
46 Delayed_46 20 1 531 1
46 Delayed_46 21 2 240 1
46 Delayed_46 29 2 382 1
47 Delayed_47 18 1 100 1
47 Delayed_47 26 1 371 1
48 Delayed_48 9 1 71 1
49 Delayed_49 2 1 94 1
49 Delayed_49 2 2 346 1
49 Delayed_49 30 1 94 1
49 Delayed_49 30 2 303 1
50 Delayed_50 1 2 403 1
50 Delayed_50 1 1 519 1
50 Delayed_50 6 1 82 1
50 Delayed_50 8 2 655 1
50 Delayed_50 12 2 346 1
50 Delayed_50 14 1 655 1
50 Delayed_50 16 2 82 1
50 Delayed_50 17 2 402 1
50 Delayed_50 17 1 436 1
50 Delayed_50 22 2 186 1
50 Delayed_50 25 1 655 1
50 Delayed_50 28 1 329 1
50 Delayed_50 28 2 419 1
50 Delayed_50 29 1 82 1
50 Delayed_50 29 2 448 1
50 Delayed_50 30 2 191 1
50 Delayed_50 30 1 596 1
50 Delayed_50 30 1 640 1
51 Delayed_51 15 1 83 1
51 Delayed_51 15 2 83 1
51 Delayed_51 26 1 83 1
52 Delayed_52 8 2 226 1
52 Delayed_52 15 1 91 1
52 Delayed_52 15 2 649 1
52 Delayed_52 16 2 447 1
52 Delayed_52 19 1 91 1
52 Delayed_52 19 2 91 1
52 Delayed_52 26 1 610 1
53 Delayed_53 5 1 202 1
53 Delayed_53 6 1 209 1
53 Delayed_53 7 1 202 1
53 Delayed_53 7 2 345 1
53 Delayed_53 11 1 712 1
53 Delayed_53 15 2 202 1
53 Delayed_53 26 1 437 1
53 Delayed_53 26 2 460 1
53 Delayed_53 26 1 712 1
53 Delayed_53 28 1 496 1
54 Delayed_54 16 1 98 1
54 Delayed_54 16 2 416 1
54 Delayed_54 30 1 571 1
55 Delayed_55 1 1 537 1
55 Delayed_55 2 2 359 1
55 Delayed_55 16 1 102 1
55 Delayed_55 16 2 178 1
55 Delayed_55 18 1 328 1
55 Delayed_55 22 2 102 1
55 Delayed_55 23 1 102 1
55 Delayed_55 28 1 212 1
55 Delayed_55 28 1 519 1
55 Delayed_55 28 2 552 1
55 Delayed_55 29 2 533 1
56 Delayed_56 3 1 76 1
56 Delayed_56 14 1 76 1
56 Delayed_56 24 1 687 1
57 Delayed_57 3 1 68 1
57 Delayed_57 18 1 230 1
57 Delayed_57 24 1 649 1
57 Delayed_57 25 1 227 1
57 Delayed_57 25 2 536 1
57 Delayed_57 25 1 728 1
57 Delayed_57 28 1 68 1
57 Delayed_57 29 2 447 1
57 Delayed_57 30 2 383 1
57 Delayed_57 30 1 680 1
57 Delayed_57 30 1 841 1
58 Delayed_58 16 2 584 1
58 Delayed_58 18 1 122 1
58 Delayed_58 20 1 450 1
58 Delayed_58 20 2 621 1
58 Delayed_58 21 2 122 1
58 Delayed_58 21 1 427 1
58 Delayed_58 26 1 122 1
58 Delayed_58 29 2 451 1
58 Delayed_58 30 1 741 1
59 Delayed_59 14 1 529 1
59 Delayed_59 16 2 496 1
59 Delayed_59 19 2 454 1
59 Delayed_59 19 1 658 1
59 Delayed_59 21 1 71 1
59 Delayed_59 21 2 556 1
60 Delayed_60 6 1 110 1
60 Delayed_60 27 2 484 1
60 Delayed_60 29 2 355 1
60 Delayed_60 30 1 747 1
61 Delayed_61 3 1 83 1
61 Delayed_61 13 1 443 1
61 Delayed_61 18 1 373 1
61 Delayed_61 20 2 827 1
61 Delayed_61 22 2 699 1
61 Delayed_61 23 1 140 1
61 Delayed_61 27 2 367 1
61 Delayed_61 27 1 564 1
61 Delayed_61 30 1 231 1
61 Delayed_61 30 1 583 1
61 Delayed_61 30 2 726 1
62 Delayed_62 5 1 510 1
62 Delayed_62 7 1 197 1
62 Delayed_62 7 2 599 1
62 Delayed_62 8 1 441 1
62 Delayed_62 8 2 697 1
62 Delayed_62 12 2 566 1
62 Delayed_62 12 1 697 1
62 Delayed_62 16 2 428 1
62 Delayed_62 16 1 552 1
62 Delayed_62 17 1 197 1
62 Delayed_62 17 2 438 1
62 Delayed_62 19 1 368 1
62 Delayed_62 19 2 677 1
62 Delayed_62 21 2 568 1
62 Delayed_62 21 1 677 1
62 Delayed_62 24 1 237 1
62 Delayed_62 26 1 368 1
62 Delayed_62 30 1 522 1
63 Delayed_63 12 1 76 1
63 Delayed_63 12 2 465 1
63 Delayed_63 17 2 146 1
63 Delayed_63 19 1 76 1
63 Delayed_63 19 2 285 1
64 Delayed_64 5 1 85 1
64 Delayed_64 7 2 488 1
64 Delayed_64 9 1 698 1
64 Delayed_64 15 2 543 1
64 Delayed_64 18 1 85 1
64 Delayed_64 19 2 163 1
64 Delayed_64 30 1 216 1
65 Delayed_65 13 1 334 1
65 Delayed_65 20 1 351 1
65 Delayed_65 20 2 561 1
65 Delayed_65 25 1 242 1
65 Delayed_65 25 2 608 1
65 Delayed_65 26 1 114 1
65 Delayed_65 29 2 495 1
65 Delayed_65 30 2 114 1
65 Delayed_65 30 1 510 1
66 Delayed_66 12 1 102 1
66 Delayed_66 12 2 207 1
66 Delayed_66 30 2 417 1
66 Delayed_66 30 1 479 1
67 Delayed_67 1 1 294 1
67 Delayed_67 6 1 412 1
67 Delayed_67 11 1 492 1
67 Delayed_67 12 1 531 1
67 Delayed_67 12 2 599 1
67 Delayed_67 13 1 599 1
67 Delayed_67 15 2 709 1
67 Delayed_67 20 2 249 1
67 Delayed_67 25 1 129 1
67 Delayed_67 28 1 648 1
67 Delayed_67 29 1 330 1
67 Delayed_67 29 2 518 1
68 Delayed_68 4 1 516 1
68 Delayed_68 4 2 713 1
68 Delayed_68 13 2 188 1
68 Delayed_68 13 1 713 1
69 Delayed_69 6 1 381 1
69 Delayed_69 13 1 584 1
69 Delayed_69 19 1 251 1
69 Delayed_69 19 2 341 1
69 Delayed_69 23 1 359 1
69 Delayed_69 29 2 347 1
69 Delayed_69 30 1 251 1
70 Delayed_70 2 1 105 1
70 Delayed_70 2 2 708 1
70 Delayed_70 6 1 105 1
70 Delayed_70 7 2 300 1
70 Delayed_70 7 1 345 1
70 Delayed_70 19 2 105 1
70 Delayed_70 25 1 242 1
71 Delayed_71 1 1 503 1
71 Delayed_71 2 2 429 1
71 Delayed_71 23 1 727 1
71 Delayed_71 25 1 508 1
71 Delayed_71 30 2 503 1
71 Delayed_71 30 1 522 1
72 Delayed_72 14 1 279 1
72 Delayed_72 16 1 137 1
72 Delayed_72 16 2 392 1
72 Delayed_72 22 1 137 1
72 Delayed_72 22 2 137 1
73 Delayed_73 7 1 93 1
73 Delayed_73 7 2 93 1
73 Delayed_73 8 1 352 1
73 Delayed_73 8 2 521 1
73 Delayed_73 12 2 124 1
73 Delayed_73 19 2 487 1
73 Delayed_73 26 1 848 1
73 Delayed_73 28 1 602 1
73 Delayed_73 29 2 629 1
73 Delayed_73 30 2 104 1
73 Delayed_73 30 1 269 1
73 Delayed_73 30 1 618 1
75 Delayed_75 29 1 79 1
75 Delayed_75 29 2 427 1
75 Delayed_75 30 1 79 1
76 Delayed_76 1 2 120 1
76 Delayed_76 1 1 599 1
76 Delayed_76 3 1 120 1
76 Delayed_76 11 1 541 1
76 Delayed_76 16 2 587 1
76 Delayed_76 18 1 270 1
76 Delayed_76 20 1 120 1
76 Delayed_76 20 2 189 1
76 Delayed_76 21 2 361 1
76 Delayed_76 24 1 355 1
76 Delayed_76 26 2 133 1
76 Delayed_76 26 1 639 1
76 Delayed_76 27 2 280 1
77 Delayed_77 1 2 95 1
77 Delayed_77 6 1 95 1
77 Delayed_77 7 2 413 1
77 Delayed_77 14 1 95 1
77 Delayed_77 21 1 292 1
77 Delayed_77 21 2 535 1
78 Delayed_78 6 1 487 1
78 Delayed_78 15 2 438 1
78 Delayed_78 15 1 533 1
78 Delayed_78 20 1 454 1
78 Delayed_78 20 2 555 1
78 Delayed_78 21 1 452 1
78 Delayed_78 21 2 691 1
78 Delayed_78 22 2 452 1
78 Delayed_78 22 1 515 1
78 Delayed_78 25 1 72 1
78 Delayed_78 25 2 358 1
78 Delayed_78 26 1 600 1
78 Delayed_78 29 2 409 1
79 Delayed_79 2 1 122 1
79 Delayed_79 2 2 545 1
79 Delayed_79 3 1 375 1
79 Delayed_79 6 1 375 1
79 Delayed_79 7 2 415 1
79 Delayed_79 8 1 217 1
79 Delayed_79 8 2 536 1
79 Delayed_79 16 2 122 1
79 Delayed_79 27 2 436 1
79 Delayed_79 27 1 595 1
79 Delayed_79 28 1 545 1
80 Delayed_80 2 2 665 1
80 Delayed_80 6 1 115 1
80 Delayed_80 15 1 115 1
80 Delayed_80 15 2 115 1
81 Delayed_81 13 1 454 1
81 Delayed_81 15 2 471 1
81 Delayed_81 15 1 506 1
81 Delayed_81 17 1 345 1
81 Delayed_81 17 2 504 1
81 Delayed_81 21 2 507 1
81 Delayed_81 22 2 503 1
81 Delayed_81 30 1 462 1
81 Delayed_81 30 2 543 1
82 Delayed_82 1 1 139 1
82 Delayed_82 1 2 279 1
82 Delayed_82 6 1 139 1
82 Delayed_82 11 1 359 1
82 Delayed_82 25 2 139 1
82 Delayed_82 29 2 328 1
83 Delayed_83 4 2 172 1
83 Delayed_83 25 1 74 1
84 Delayed_84 1 1 373 1
84 Delayed_84 3 1 90 1
84 Delayed_84 4 2 478 1
84 Delayed_84 8 2 181 1
84 Delayed_84 8 1 507 1
84 Delayed_84 13 1 573 1
84 Delayed_84 24 1 90 1
84 Delayed_84 29 1 232 1
84 Delayed_84 29 2 321 1
85 Delayed_85 1 2 244 1
85 Delayed_85 3 1 326 1
85 Delayed_85 4 2 432 1
85 Delayed_85 6 1 421 1
85 Delayed_85 11 1 326 1
85 Delayed_85 13 1 218 1
85 Delayed_85 15 1 258 1
85 Delayed_85 15 2 686 1
85 Delayed_85 21 1 253 1
85 Delayed_85 21 2 442 1
85 Delayed_85 23 1 513 1
85 Delayed_85 25 1 218 1
85 Delayed_85 25 2 421 1
85 Delayed_85 25 1 498 1
86 Delayed_86 1 2 440 1
86 Delayed_86 5 1 398 1
86 Delayed_86 12 2 252 1
86 Delayed_86 12 1 635 1
86 Delayed_86 15 2 219 1
86 Delayed_86 15 1 432 1
86 Delayed_86 20 2 265 1
86 Delayed_86 23 1 96 1
86 Delayed_86 27 2 206 1
87 Delayed_87 12 2 99 1
87 Delayed_87 23 1 95 1
87 Delayed_87 30 1 95 1
88 Delayed_88 6 1 202 1
88 Delayed_88 9 1 383 1
88 Delayed_88 11 1 78 1
88 Delayed_88 16 1 78 1
88 Delayed_88 16 2 392 1
88 Delayed_88 20 2 433 1
88 Delayed_88 28 2 78 1
88 Delayed_88 28 1 669 1
89 Delayed_89 6 1 151 1
89 Delayed_89 30 1 323 1
90 Delayed_90 3 1 115 1
90 Delayed_90 5 1 115 1
90 Delayed_90 7 2 525 1
90 Delayed_90 21 2 115 1
90 Delayed_90 23 1 236 1
90 Delayed_90 24 1 447 1
90 Delayed_90 28 1 136 1
90 Delayed_90 28 2 551 1
91 Delayed_91 30 1 385 1
91 Delayed_91 30 1 396 1
91 Delayed_91 30 2 674 1
92 Delayed_92 3 1 194 1
92 Delayed_92 4 1 150 1
92 Delayed_92 4 2 241 1
92 Delayed_92 11 1 420 1
92 Delayed_92 15 1 379 1
92 Delayed_92 15 2 558 1
92 Delayed_92 16 1 331 1
92 Delayed_92 16 2 379 1
92 Delayed_92 20 2 269 1
92 Delayed_92 25 1 584 1
92 Delayed_92 26 1 558 1
92 Delayed_92 29 2 194 1
93 Delayed_93 7 2 401 1
93 Delayed_93 8 2 503 1
93 Delayed_93 12 2 481 1
93 Delayed_93 15 1 401 1
93 Delayed_93 15 2 675 1
93 Delayed_93 18 1 389 1
93 Delayed_93 21 1 111 1
93 Delayed_93 21 2 376 1
93 Delayed_93 23 1 111 1
93 Delayed_93 30 2 412 1
93 Delayed_93 30 1 421 1
94 Delayed_94 15 1 96 1
94 Delayed_94 15 2 489 1
94 Delayed_94 28 1 264 1
94 Delayed_94 28 1 283 1
94 Delayed_94 28 2 487 1
95 Delayed_95 2 1 99 1
95 Delayed_95 2 2 542 1
95 Delayed_95 18 1 446 1
95 Delayed_95 19 1 513 1
95 Delayed_95 19 2 666 1
95 Delayed_95 26 1 668 1
95 Delayed_95 30 1 272 1
95 Delayed_95 30 2 487 1
95 Delayed_95 30 1 668 1
96 Delayed_96 1 2 80 1
96 Delayed_96 1 1 292 1
96 Delayed_96 1 1 354 1
96 Delayed_96 7 1 80 1
96 Delayed_96 7 2 377 1
96 Delayed_96 12 1 606 1
96 Delayed_96 12 2 650 1
96 Delayed_96 23 1 80 1
96 Delayed_96 24 1 639 1
96 Delayed_96 26 1 377 1
96 Delayed_96 26 2 478 1
97 Delayed_97 6 1 452 1
97 Delayed_97 9 1 89 1
97 Delayed_97 18 1 89 1
97 Delayed_97 21 1 303 1
97 Delayed_97 21 2 519 1
97 Delayed_97 25 1 164 1
97 Delayed_97 25 1 534 1
97 Delayed_97 25 2 588 1
97 Delayed_97 30 1 396 1
98 Delayed_98 15 2 500 1
98 Delayed_98 21 1 175 1
98 Delayed_98 21 2 242 1
99 Delayed_99 4 2 290 1
99 Delayed_99 11 1 113 1
99 Delayed_99 20 2 113 1
99 Delayed_99 26 1 113 1
99 Delayed_99 27 2 552 1
99 Delayed_99 28 1 339 1
99 Delayed_99 28 1 353 1
99 Delayed_99 28 2 544 1
99 Delayed_99 30 1 263 1
99 Delayed_99 30 2 436 1
100 Delayed_100 1 2 196 1
100 Delayed_100 1 1 432 1
100 Delayed_100 6 1 426 1
100 Delayed_100 14 1 196 1
100 Delayed_100 20 2 694 1
100 Delayed_100 21 2 476 1
100 Delayed_100 22 1 196 1
100 Delayed_100 22 2 405 1
101 Delayed_101 15 1 71 1
101 Delayed_101 15 2 261 1
101 Delayed_101 19 2 266 1
101 Delayed_101 22 2 106 1
101 Delayed_101 25 1 106 1
101 Delayed_101 25 2 186 1
101 Delayed_101 25 1 461 1
101 Delayed_101 26 2 71 1
101 Delayed_101 29 2 375 1
101 Delayed_101 30 1 374 1
102 Delayed_102 2 1 439 1
102 Delayed_102 2 2 520 1
102 Delayed_102 13 1 143 1
102 Delayed_102 19 1 143 1
102 Delayed_102 19 2 689 1
103 Delayed_103 3 1 190 1
103 Delayed_103 13 1 373 1
103 Delayed_103 13 2 532 1
103 Delayed_103 13 1 575 1
103 Delayed_103 22 2 190 1
103 Delayed_103 22 1 499 1
103 Delayed_103 24 1 190 1
103 Delayed_103 27 2 353 1
103 Delayed_103 29 2 600 1
103 Delayed_103 30 1 258 1
103 Delayed_103 30 1 429 1
103 Delayed_103 30 2 499 1
104 Delayed_104 7 2 417 1
104 Delayed_104 11 1 128 1
104 Delayed_104 17 2 128 1
104 Delayed_104 26 1 301 1
104 Delayed_104 30 2 578 1
105 Delayed_105 2 1 252 1
105 Delayed_105 2 2 491 1
105 Delayed_105 4 2 621 1
105 Delayed_105 5 1 695 1
105 Delayed_105 6 1 232 1
105 Delayed_105 11 1 374 1
105 Delayed_105 17 1 112 1
105 Delayed_105 17 2 532 1
106 Delayed_106 1 2 195 1
106 Delayed_106 13 1 263 1
106 Delayed_106 13 2 359 1
106 Delayed_106 13 1 644 1
106 Delayed_106 17 2 636 1
106 Delayed_106 28 1 152 1
106 Delayed_106 30 1 449 1
107 Delayed_107 8 2 370 1
107 Delayed_107 13 1 198 1
107 Delayed_107 19 2 495 1
107 Delayed_107 23 1 670 1
107 Delayed_107 27 2 448 1
107 Delayed_107 29 1 495 1
107 Delayed_107 29 2 572 1
107 Delayed_107 30 1 370 1
108 Delayed_108 1 1 102 1
108 Delayed_108 5 1 162 1
108 Delayed_108 18 1 102 1
108 Delayed_108 21 2 162 1
108 Delayed_108 21 1 235 1
109 Delayed_109 1 1 108 1
109 Delayed_109 13 1 420 1
109 Delayed_109 13 2 441 1
109 Delayed_109 13 1 558 1
109 Delayed_109 17 1 108 1
109 Delayed_109 17 2 108 1
109 Delayed_109 28 1 507 1
109 Delayed_109 29 2 638 1
109 Delayed_109 30 2 163 1
109 Delayed_109 30 1 180 1
110 Delayed_110 28 1 110 1
110 Delayed_110 30 2 365 1
111 Delayed_111 11 1 470 1
111 Delayed_111 12 1 396 1
111 Delayed_111 12 2 537 1
111 Delayed_111 15 2 374 1
111 Delayed_111 15 1 568 1
111 Delayed_111 25 1 509 1
111 Delayed_111 27 2 249 1
111 Delayed_111 27 1 383 1
111 Delayed_111 30 2 459 1
112 Delayed_112 1 1 335 1
112 Delayed_112 1 2 437 1
112 Delayed_112 5 1 639 1
112 Delayed_112 8 2 241 1
112 Delayed_112 9 1 97 1
112 Delayed_112 11 1 97 1
112 Delayed_112 16 2 266 1
112 Delayed_112 16 1 589 1
112 Delayed_112 18 1 635 1
112 Delayed_112 20 2 335 1
112 Delayed_112 20 1 825 1
112 Delayed_112 22 1 418 1
112 Delayed_112 22 2 639 1
112 Delayed_112 23 1 563 1
113 Delayed_113 1 1 597 1
113 Delayed_113 4 2 572 1
113 Delayed_113 6 1 562 1
113 Delayed_113 7 2 292 1
113 Delayed_113 8 2 594 1
113 Delayed_113 12 2 512 1
113 Delayed_113 12 1 537 1
113 Delayed_113 13 1 440 1
113 Delayed_113 16 2 545 1
113 Delayed_113 17 1 195 1
113 Delayed_113 17 2 627 1
113 Delayed_113 23 1 292 1
113 Delayed_113 24 1 572 1
113 Delayed_113 26 1 550 1
113 Delayed_113 29 2 326 1
113 Delayed_113 30 1 281 1
114 Delayed_114 4 1 65 1
114 Delayed_114 4 2 507 1
114 Delayed_114 5 1 532 1
114 Delayed_114 9 1 654 1
114 Delayed_114 12 2 65 1
114 Delayed_114 12 1 744 1
114 Delayed_114 13 1 230 1
114 Delayed_114 13 1 595 1
114 Delayed_114 13 2 660 1
114 Delayed_114 22 2 230 1
114 Delayed_114 22 1 296 1
114 Delayed_114 26 1 534 1
114 Delayed_114 27 2 101 1
115 Delayed_115 16 1 172 1
115 Delayed_115 16 2 172 1
115 Delayed_115 20 1 172 1
115 Delayed_115 22 2 273 1
115 Delayed_115 26 2 525 1
115 Delayed_115 26 1 542 1
115 Delayed_115 26 1 555 1
116 Delayed_116 1 1 560 1
116 Delayed_116 2 2 525 1
116 Delayed_116 3 1 489 1
116 Delayed_116 5 1 94 1
116 Delayed_116 16 2 560 1
116 Delayed_116 17 1 94 1
116 Delayed_116 17 2 395 1
116 Delayed_116 20 1 337 1
116 Delayed_116 20 2 591 1
116 Delayed_116 29 2 435 1
116 Delayed_116 30 1 427 1
117 Delayed_117 11 1 222 1
117 Delayed_117 16 1 488 1
117 Delayed_117 16 2 545 1
117 Delayed_117 19 2 425 1
117 Delayed_117 23 1 225 1
117 Delayed_117 24 1 222 1
118 Delayed_118 7 2 350 1
118 Delayed_118 11 1 534 1
118 Delayed_118 13 2 116 1
118 Delayed_118 13 1 332 1
118 Delayed_118 24 1 73 1
118 Delayed_118 27 1 73 1
118 Delayed_118 27 2 548 1
119 Delayed_119 23 1 136 1
120 Delayed_120 8 1 485 1
120 Delayed_120 8 2 573 1
120 Delayed_120 13 2 824 1
120 Delayed_120 15 1 499 1
120 Delayed_120 15 2 520 1
120 Delayed_120 24 1 129 1
120 Delayed_120 30 1 173 1
121 Delayed_121 1 1 79 1
121 Delayed_121 8 2 79 1
122 Delayed_122 9 1 127 1
122 Delayed_122 21 2 265 1
122 Delayed_122 25 2 346 1
122 Delayed_122 25 1 360 1
122 Delayed_122 25 1 435 1
123 Delayed_123 4 2 79 1
123 Delayed_123 4 1 589 1
123 Delayed_123 5 1 415 1
123 Delayed_123 7 2 481 1
123 Delayed_123 13 1 346 1
123 Delayed_123 15 2 341 1
123 Delayed_123 17 2 346 1
123 Delayed_123 17 1 360 1
123 Delayed_123 28 1 481 1
124 Delayed_124 18 1 203 1
125 Delayed_125 3 1 625 1
125 Delayed_125 6 1 125 1
125 Delayed_125 7 2 841 1
125 Delayed_125 19 1 426 1
125 Delayed_125 19 2 726 1
125 Delayed_125 28 1 125 1
125 Delayed_125 28 1 231 1
125 Delayed_125 28 2 406 1
125 Delayed_125 30 1 726 1
126 Delayed_126 5 1 547 1
126 Delayed_126 9 1 497 1
126 Delayed_126 11 1 527 1
126 Delayed_126 13 2 251 1
126 Delayed_126 14 1 571 1
126 Delayed_126 15 2 497 1
126 Delayed_126 15 1 527 1
126 Delayed_126 16 1 212 1
126 Delayed_126 16 2 681 1
126 Delayed_126 17 2 571 1
126 Delayed_126 20 2 592 1
126 Delayed_126 22 2 230 1
126 Delayed_126 22 1 374 1
126 Delayed_126 25 2 327 1
126 Delayed_126 25 1 592 1
126 Delayed_126 26 1 406 1
126 Delayed_126 26 2 459 1
126 Delayed_126 26 1 532 1
126 Delayed_126 30 2 611 1
127 Delayed_127 14 1 403 1
127 Delayed_127 18 1 94 1
127 Delayed_127 20 2 351 1
127 Delayed_127 24 1 94 1
127 Delayed_127 30 1 661 1
128 Delayed_128 1 1 93 1
128 Delayed_128 20 2 93 1
128 Delayed_128 20 1 615 1
128 Delayed_128 23 1 93 1
128 Delayed_128 29 1 518 1
128 Delayed_128 29 2 553 1
129 Delayed_129 9 1 76 1
129 Delayed_129 15 2 312 1
129 Delayed_129 15 1 650 1
129 Delayed_129 17 1 314 1
129 Delayed_129 17 2 341 1
129 Delayed_129 21 1 725 1
129 Delayed_129 21 2 726 1
129 Delayed_129 22 1 422 1
129 Delayed_129 22 2 580 1
129 Delayed_129 24 1 76 1
129 Delayed_129 30 1 366 1
129 Delayed_129 30 2 670 1
129 Delayed_129 30 1 684 1
130 Delayed_130 8 1 82 1
130 Delayed_130 8 2 287 1
130 Delayed_130 29 2 367 1
131 Delayed_131 5 1 566 1
131 Delayed_131 12 2 455 1
131 Delayed_131 14 1 181 1
131 Delayed_131 15 1 181 1
131 Delayed_131 15 2 445 1
131 Delayed_131 25 2 181 1
131 Delayed_131 25 1 255 1
131 Delayed_131 25 1 616 1
132 Delayed_132 18 1 77 1
132 Delayed_132 23 1 686 1
132 Delayed_132 25 1 77 1
133 Delayed_133 1 1 196 1
133 Delayed_133 4 1 553 1
133 Delayed_133 4 2 639 1
133 Delayed_133 5 1 852 1
133 Delayed_133 19 1 282 1
133 Delayed_133 19 2 490 1
133 Delayed_133 25 2 196 1
133 Delayed_133 25 1 357 1
133 Delayed_133 27 2 254 1
134 Delayed_134 3 1 146 1
134 Delayed_134 19 2 146 1
134 Delayed_134 26 1 332 1
134 Delayed_134 26 2 354 1
134 Delayed_134 26 1 616 1
134 Delayed_134 30 1 202 1
134 Delayed_134 30 2 269 1
134 Delayed_134 30 1 396 1
135 Delayed_135 8 1 74 1
135 Delayed_135 8 2 678 1
135 Delayed_135 15 2 260 1
135 Delayed_135 30 1 74 1
136 Delayed_136 9 1 126 1
136 Delayed_136 14 1 275 1
136 Delayed_136 18 1 126 1
136 Delayed_136 30 1 212 1
136 Delayed_136 30 2 212 1
136 Delayed_136 30 1 828 1
137 Delayed_137 6 1 83 1
137 Delayed_137 17 2 227 1
138 Delayed_138 8 2 112 1
138 Delayed_138 11 1 357 1
138 Delayed_138 15 1 112 1
138 Delayed_138 15 2 430 1
138 Delayed_138 19 1 112 1
138 Delayed_138 19 2 196 1
138 Delayed_138 25 1 368 1
138 Delayed_138 25 2 510 1
138 Delayed_138 25 1 557 1
138 Delayed_138 30 1 351 1
138 Delayed_138 30 1 450 1
138 Delayed_138 30 2 543 1
139 Delayed_139 7 1 174 1
139 Delayed_139 7 2 618 1
139 Delayed_139 9 1 663 1
139 Delayed_139 20 2 182 1
139 Delayed_139 21 2 626 1
139 Delayed_139 25 1 300 1
139 Delayed_139 30 2 305 1
139 Delayed_139 30 1 403 1
139 Delayed_139 30 1 522 1
140 Delayed_140 29 2 491 1
141 Delayed_141 4 1 99 1
141 Delayed_141 4 2 592 1
141 Delayed_141 7 2 496 1
141 Delayed_141 22 1 236 1
141 Delayed_141 22 2 527 1
141 Delayed_141 30 1 99 1
142 Delayed_142 1 2 624 1
142 Delayed_142 6 1 599 1
142 Delayed_142 12 2 183 1
142 Delayed_142 12 1 533 1
142 Delayed_142 14 1 703 1
142 Delayed_142 15 2 459 1
142 Delayed_142 17 2 566 1
142 Delayed_142 21 1 557 1
142 Delayed_142 21 2 587 1
142 Delayed_142 25 1 509 1
142 Delayed_142 30 1 440 1
143 Delayed_143 18 1 410 1
143 Delayed_143 21 1 75 1
143 Delayed_143 21 2 504 1
143 Delayed_143 23 1 266 1
143 Delayed_143 30 2 187 1
143 Delayed_143 30 1 403 1
143 Delayed_143 30 1 426 1
144 Delayed_144 1 1 90 1
144 Delayed_144 4 1 77 1
144 Delayed_144 4 2 77 1
144 Delayed_144 13 1 77 1
145 Delayed_145 4 1 309 1
145 Delayed_145 4 2 573 1
145 Delayed_145 6 1 98 1
145 Delayed_145 9 1 98 1
145 Delayed_145 12 2 98 1
145 Delayed_145 24 1 376 1
146 Delayed_146 1 1 133 1
146 Delayed_146 3 1 252 1
146 Delayed_146 4 2 304 1
146 Delayed_146 11 1 397 1
146 Delayed_146 12 2 218 1
146 Delayed_146 18 1 218 1
146 Delayed_146 24 1 252 1
146 Delayed_146 29 2 444 1
146 Delayed_146 29 1 484 1
146 Delayed_146 30 2 467 1
146 Delayed_146 30 1 501 1
147 Delayed_147 19 2 101 1
148 Delayed_148 4 2 108 1
148 Delayed_148 11 1 108 1
148 Delayed_148 21 2 466 1
148 Delayed_148 28 1 108 1
149 Delayed_149 4 2 78 1
149 Delayed_149 11 1 249 1
149 Delayed_149 13 1 455 1
149 Delayed_149 19 2 528 1
149 Delayed_149 22 1 78 1
149 Delayed_149 22 2 197 1
149 Delayed_149 30 1 78 1
150 Delayed_150 9 1 160 1
150 Delayed_150 18 1 368 1
150 Delayed_150 22 2 160 1
150 Delayed_150 30 1 467 1
151 Delayed_151 3 1 195 1
151 Delayed_151 7 2 195 1
151 Delayed_151 13 1 709 1
151 Delayed_151 14 1 626 1
151 Delayed_151 16 2 220 1
151 Delayed_151 18 1 195 1
151 Delayed_151 23 1 342 1
151 Delayed_151 25 2 210 1
151 Delayed_151 25 1 387 1
151 Delayed_151 25 1 537 1
151 Delayed_151 29 2 739 1
151 Delayed_151 30 1 221 1
152 Delayed_152 2 1 128 1
152 Delayed_152 2 2 510 1
152 Delayed_152 3 1 549 1
152 Delayed_152 16 2 128 1
152 Delayed_152 19 2 687 1
152 Delayed_152 21 1 141 1
152 Delayed_152 21 2 555 1
152 Delayed_152 22 1 436 1
152 Delayed_152 22 2 726 1
152 Delayed_152 26 1 128 1
152 Delayed_152 27 2 689 1
153 Delayed_153 1 1 196 1
153 Delayed_153 1 1 453 1
153 Delayed_153 1 2 569 1
153 Delayed_153 4 2 206 1
153 Delayed_153 4 1 569 1
153 Delayed_153 5 1 447 1
153 Delayed_153 6 1 726 1
153 Delayed_153 7 2 70 1
153 Delayed_153 8 2 196 1
153 Delayed_153 9 1 206 1
153 Delayed_153 11 1 486 1
153 Delayed_153 13 1 420 1
153 Delayed_153 15 2 245 1
153 Delayed_153 15 1 366 1
153 Delayed_153 19 2 338 1
153 Delayed_153 19 1 726 1
153 Delayed_153 20 1 210 1
153 Delayed_153 20 2 486 1
153 Delayed_153 28 1 161 1
154 Delayed_154 4 1 108 1
154 Delayed_154 4 2 277 1
154 Delayed_154 6 1 730 1
154 Delayed_154 12 1 108 1
154 Delayed_154 12 2 438 1
154 Delayed_154 16 2 400 1
154 Delayed_154 16 1 608 1
154 Delayed_154 21 2 108 1
154 Delayed_154 30 2 344 1
154 Delayed_154 30 1 419 1
154 Delayed_154 30 1 643 1
155 Delayed_155 7 2 366 1
155 Delayed_155 20 2 579 1
155 Delayed_155 26 1 160 1
155 Delayed_155 26 2 160 1
155 Delayed_155 28 1 705 1
156 Delayed_156 6 1 75 1
156 Delayed_156 26 2 619 1
156 Delayed_156 28 1 527 1
157 Delayed_157 3 1 94 1
157 Delayed_157 13 2 503 1
157 Delayed_157 21 2 279 1
157 Delayed_157 25 2 94 1
157 Delayed_157 27 2 573 1
158 Delayed_158 3 1 404 1
158 Delayed_158 4 1 102 1
158 Delayed_158 4 2 102 1
158 Delayed_158 5 1 516 1
158 Delayed_158 9 1 257 1
158 Delayed_158 11 1 339 1
158 Delayed_158 16 1 177 1
158 Delayed_158 16 2 696 1
158 Delayed_158 17 1 404 1
158 Delayed_158 17 2 412 1
158 Delayed_158 18 1 102 1
158 Delayed_158 20 1 500 1
158 Delayed_158 20 2 531 1
158 Delayed_158 21 1 192 1
158 Delayed_158 21 2 500 1
158 Delayed_158 23 1 446 1
158 Delayed_158 25 1 432 1
158 Delayed_158 28 2 330 1
158 Delayed_158 28 1 376 1
159 Delayed_159 5 1 511 1
159 Delayed_159 6 1 117 1
159 Delayed_159 12 2 216 1
159 Delayed_159 12 1 338 1
159 Delayed_159 14 1 117 1
159 Delayed_159 26 2 687 1
160 Delayed_160 1 1 83 1
160 Delayed_160 1 2 503 1
160 Delayed_160 7 2 514 1
160 Delayed_160 12 2 341 1
160 Delayed_160 17 2 734 1
160 Delayed_160 22 2 427 1
160 Delayed_160 22 1 660 1
161 Delayed_161 7 2 337 1
161 Delayed_161 8 2 411 1
161 Delayed_161 9 1 93 1
161 Delayed_161 18 1 618 1
161 Delayed_161 25 1 177 1
161 Delayed_161 30 1 345 1
161 Delayed_161 30 2 361 1
161 Delayed_161 30 1 821 1
162 Delayed_162 3 1 147 1
162 Delayed_162 9 1 835 1
162 Delayed_162 11 1 362 1
162 Delayed_162 19 2 553 1
162 Delayed_162 20 1 147 1
162 Delayed_162 20 2 296 1
162 Delayed_162 24 1 664 1
162 Delayed_162 25 1 267 1
162 Delayed_162 29 2 267 1
163 Delayed_163 13 1 67 1
164 Delayed_164 3 1 194 1
164 Delayed_164 13 1 275 1
164 Delayed_164 13 2 347 1
164 Delayed_164 13 1 423 1
164 Delayed_164 19 2 234 1
164 Delayed_164 19 1 694 1
164 Delayed_164 28 1 418 1
164 Delayed_164 28 2 545 1
164 Delayed_164 28 1 717 1
164 Delayed_164 30 1 258 1
164 Delayed_164 30 1 387 1
164 Delayed_164 30 2 669 1
165 Delayed_165 8 1 68 1
165 Delayed_165 8 2 195 1
165 Delayed_165 22 2 706 1
165 Delayed_165 26 1 383 1
165 Delayed_165 26 2 411 1
165 Delayed_165 26 1 478 1
165 Delayed_165 30 2 273 1
165 Delayed_165 30 1 669 1
165 Delayed_165 30 1 722 1
166 Delayed_166 17 2 103 1
166 Delayed_166 25 1 103 1
166 Delayed_166 29 1 103 1
166 Delayed_166 29 2 449 1
166 Delayed_166 30 1 449 1
167 Delayed_167 1 1 94 1
167 Delayed_167 3 1 94 1
167 Delayed_167 9 1 446 1
167 Delayed_167 14 1 446 1
167 Delayed_167 15 2 94 1
167 Delayed_167 15 1 184 1
167 Delayed_167 17 2 356 1
167 Delayed_167 17 1 583 1
167 Delayed_167 19 2 304 1
167 Delayed_167 19 1 451 1
167 Delayed_167 20 1 504 1
167 Delayed_167 20 2 608 1
167 Delayed_167 21 2 531 1
167 Delayed_167 25 1 616 1
167 Delayed_167 28 2 258 1
167 Delayed_167 30 1 352 1
167 Delayed_167 30 2 519 1
167 Delayed_167 30 1 695 1
168 Delayed_168 1 1 288 1
168 Delayed_168 9 1 134 1
168 Delayed_168 29 2 266 1
169 Delayed_169 14 1 69 1
169 Delayed_169 21 2 498 1
169 Delayed_169 21 1 554 1
169 Delayed_169 22 2 69 1
169 Delayed_169 30 2 459 1
170 Delayed_170 3 1 79 1
170 Delayed_170 7 1 430 1
170 Delayed_170 7 2 725 1
170 Delayed_170 9 1 537 1
170 Delayed_170 25 1 634 1
170 Delayed_170 30 1 430 1
170 Delayed_170 30 2 702 1
171 Delayed_171 13 1 517 1
171 Delayed_171 29 1 220 1
171 Delayed_171 29 2 371 1
172 Delayed_172 5 1 157 1
172 Delayed_172 30 1 157 1
173 Delayed_173 2 1 121 1
173 Delayed_173 2 2 121 1
173 Delayed_173 3 1 121 1
174 Delayed_174 2 1 91 1
174 Delayed_174 2 2 91 1
174 Delayed_174 17 1 91 1
174 Delayed_174 17 2 191 1
174 Delayed_174 26 1 351 1
174 Delayed_174 30 1 106 1
175 Delayed_175 1 2 429 1
175 Delayed_175 3 1 128 1
175 Delayed_175 9 1 371 1
175 Delayed_175 16 2 852 1
175 Delayed_175 26 2 300 1
175 Delayed_175 26 1 477 1
175 Delayed_175 30 2 440 1
175 Delayed_175 30 1 498 1
176 Delayed_176 2 2 392 1
176 Delayed_176 12 2 109 1
176 Delayed_176 14 1 668 1
176 Delayed_176 16 2 236 1
176 Delayed_176 28 1 109 1
176 Delayed_176 29 1 109 1
176 Delayed_176 29 2 552 1
176 Delayed_176 30 2 146 1
176 Delayed_176 30 1 572 1
176 Delayed_176 30 1 581 1
177 Delayed_177 4 2 463 1
177 Delayed_177 26 2 187 1
178 Delayed_178 8 1 85 1
178 Delayed_178 8 2 94 1
179 Delayed_179 5 1 218 1
179 Delayed_179 6 1 553 1
179 Delayed_179 12 2 327 1
179 Delayed_179 13 1 383 1
179 Delayed_179 19 1 301 1
179 Delayed_179 19 2 553 1
179 Delayed_179 23 1 380 1
179 Delayed_179 25 2 341 1
179 Delayed_179 25 1 443 1
179 Delayed_179 26 1 258 1
179 Delayed_179 27 2 230 1
179 Delayed_179 29 1 366 1
179 Delayed_179 29 2 445 1
180 Delayed_180 7 2 317 1
180 Delayed_180 8 2 602 1
180 Delayed_180 19 1 195 1
180 Delayed_180 19 2 361 1
180 Delayed_180 28 1 195 1
181 Delayed_181 1 1 183 1
181 Delayed_181 7 2 666 1
181 Delayed_181 13 1 527 1
181 Delayed_181 16 1 183 1
181 Delayed_181 16 2 209 1
181 Delayed_181 21 2 183 1
182 Delayed_182 12 2 370 1
182 Delayed_182 21 2 107 1
182 Delayed_182 30 1 93 1
183 Delayed_183 3 1 72 1
183 Delayed_183 12 2 431 1
183 Delayed_183 19 2 72 1
183 Delayed_183 26 1 72 1
183 Delayed_183 26 2 706 1
183 Delayed_183 28 1 603 1
184 Delayed_184 2 1 206 1
184 Delayed_184 2 2 468 1
184 Delayed_184 5 1 346 1
184 Delayed_184 8 2 206 1
184 Delayed_184 8 1 527 1
184 Delayed_184 13 2 213 1
184 Delayed_184 17 2 231 1
184 Delayed_184 17 1 451 1
184 Delayed_184 20 2 195 1
184 Delayed_184 20 1 583 1
184 Delayed_184 23 1 218 1
184 Delayed_184 29 2 261 1
185 Delayed_185 15 1 231 1
185 Delayed_185 15 2 599 1
185 Delayed_185 17 2 643 1
185 Delayed_185 22 2 509 1
185 Delayed_185 22 1 643 1
185 Delayed_185 25 1 207 1
185 Delayed_185 25 2 415 1
186 Delayed_186 4 2 704 1
186 Delayed_186 8 1 104 1
186 Delayed_186 8 2 646 1
186 Delayed_186 13 2 304 1
186 Delayed_186 13 1 316 1
186 Delayed_186 13 1 385 1
186 Delayed_186 20 2 104 1
186 Delayed_186 29 1 476 1
186 Delayed_186 29 2 727 1
186 Delayed_186 30 1 104 1
186 Delayed_186 30 2 305 1
187 Delayed_187 6 1 103 1
187 Delayed_187 9 1 103 1
187 Delayed_187 12 2 220 1
187 Delayed_187 30 1 412 1
187 Delayed_187 30 2 499 1
187 Delayed_187 30 1 650 1
188 Delayed_188 1 2 341 1
188 Delayed_188 1 1 519 1
188 Delayed_188 6 1 452 1
188 Delayed_188 11 1 195 1
188 Delayed_188 12 2 474 1
188 Delayed_188 12 1 708 1
188 Delayed_188 25 2 265 1
188 Delayed_188 30 1 351 1
189 Delayed_189 6 1 670 1
189 Delayed_189 12 2 421 1
189 Delayed_189 12 1 453 1
189 Delayed_189 13 1 421 1
189 Delayed_189 14 1 410 1
189 Delayed_189 16 2 663 1
189 Delayed_189 18 1 116 1
189 Delayed_189 20 1 116 1
189 Delayed_189 21 2 681 1
189 Delayed_189 23 1 428 1
189 Delayed_189 29 2 239 1
189 Delayed_189 30 2 116 1
190 Delayed_190 1 1 234 1
190 Delayed_190 1 2 326 1
190 Delayed_190 2 2 306 1
190 Delayed_190 2 1 611 1
190 Delayed_190 3 1 591 1
190 Delayed_190 9 1 356 1
190 Delayed_190 20 2 433 1
190 Delayed_190 27 2 338 1
191 Delayed_191 9 1 433 1
191 Delayed_191 21 2 213 1
191 Delayed_191 23 1 637 1
191 Delayed_191 25 1 502 1
191 Delayed_191 28 1 159 1
191 Delayed_191 28 2 345 1
191 Delayed_191 28 1 403 1
191 Delayed_191 29 2 448 1
192 Delayed_192 3 1 74 1
192 Delayed_192 8 2 561 1
192 Delayed_192 30 1 74 1
192 Delayed_192 30 2 405 1
193 Delayed_193 1 1 557 1
193 Delayed_193 13 2 429 1
193 Delayed_193 13 1 655 1
193 Delayed_193 14 1 244 1
193 Delayed_193 15 1 143 1
193 Delayed_193 15 2 449 1
193 Delayed_193 22 2 143 1
193 Delayed_193 24 1 143 1
193 Delayed_193 25 1 227 1
193 Delayed_193 25 2 557 1
193 Delayed_193 25 1 837 1
193 Delayed_193 26 1 352 1
193 Delayed_193 28 1 338 1
193 Delayed_193 28 1 361 1
193 Delayed_193 28 2 579 1
193 Delayed_193 29 2 446 1
194 Delayed_194 12 2 109 1
194 Delayed_194 20 1 102 1
194 Delayed_194 20 2 502 1
195 Delayed_195 9 1 191 1
195 Delayed_195 12 2 856 1
195 Delayed_195 13 2 113 1
195 Delayed_195 21 1 374 1
195 Delayed_195 21 2 581 1
195 Delayed_195 25 1 276 1
196 Delayed_196 3 1 401 1
196 Delayed_196 7 2 715 1
196 Delayed_196 15 2 510 1
196 Delayed_196 21 1 108 1
196 Delayed_196 21 2 277 1
196 Delayed_196 23 1 715 1
196 Delayed_196 24 1 432 1
196 Delayed_196 25 1 679 1
196 Delayed_196 28 2 432 1
196 Delayed_196 28 1 634 1
196 Delayed_196 29 2 344 1
197 Delayed_197 4 2 96 1
197 Delayed_197 4 1 727 1
197 Delayed_197 6 1 503 1
197 Delayed_197 11 1 476 1
197 Delayed_197 13 1 73 1
197 Delayed_197 17 2 360 1
197 Delayed_197 22 2 307 1
197 Delayed_197 25 1 73 1
197 Delayed_197 27 2 527 1
198 Delayed_198 1 1 69 1
198 Delayed_198 1 2 543 1
198 Delayed_198 4 2 69 1
198 Delayed_198 6 1 472 1
198 Delayed_198 9 1 582 1
198 Delayed_198 12 2 503 1
198 Delayed_198 22 2 319 1
198 Delayed_198 23 1 245 1
198 Delayed_198 27 1 69 1
198 Delayed_198 27 2 456 1
198 Delayed_198 30 1 216 1
198 Delayed_198 30 1 366 1
198 Delayed_198 30 2 434 1
199 Delayed_199 5 1 123 1
199 Delayed_199 29 1 249 1
199 Delayed_199 29 2 273 1
200 Delayed_200 12 1 116 1
200 Delayed_200 12 2 835 1
200 Delayed_200 20 2 557 1
200 Delayed_200 23 1 116 1
200 Delayed_200 26 1 557 1
