1 Delayed_1 23 1 1263 1
2 Delayed_2 6 1 1145 1
4 Delayed_4 8 1 1352 1
4 Delayed_4 23 1 1352 1
6 Delayed_6 23 1 1496 1
7 Delayed_7 17 1 1406 1
13 Delayed_13 22 1 1401 1
14 Delayed_14 25 1 1435 1
16 Delayed_16 8 1 1298 1
17 Delayed_17 19 1 1445 1
19 Delayed_19 14 1 1473 1
21 Delayed_21 8 1 1344 1
22 Delayed_22 9 1 1346 1
23 Delayed_23 11 1 1446 1
29 Delayed_29 14 1 1347 1
30 Delayed_30 25 1 1469 1
31 Delayed_31 11 1 1373 1
32 Delayed_32 8 1 1451 1
39 Delayed_39 6 1 1295 1
49 Delayed_49 17 1 1404 1
50 Delayed_50 9 1 1469 1
61 Delayed_61 8 1 1394 1
65 Delayed_65 9 1 1494 1
70 Delayed_70 14 1 1444 1
71 Delayed_71 8 1 1325 1
74 Delayed_74 23 1 691 1
74 Delayed_74 25 1 1331 1
75 Delayed_75 23 1 1493 1
76 Delayed_76 22 1 1397 1
78 Delayed_78 25 1 1496 1
80 Delayed_80 22 1 1424 1
83 Delayed_83 9 1 1350 1
84 Delayed_84 11 1 586 1
84 Delayed_84 25 1 1324 1
88 Delayed_88 9 1 1391 1
88 Delayed_88 11 1 725 1
88 Delayed_88 14 1 771 1
101 Delayed_101 17 1 1410 1
102 Delayed_102 17 1 870 1
102 Delayed_102 25 1 1354 1
109 Delayed_109 11 1 1326 1
112 Delayed_112 19 1 1500 1
116 Delayed_116 17 1 1410 1
119 Delayed_119 6 1 1442 1
123 Delayed_123 11 1 1499 1
128 Delayed_128 19 1 1411 1
131 Delayed_131 23 1 1414 1
134 Delayed_134 19 1 1363 1
136 Delayed_136 6 1 1426 1
142 Delayed_142 8 1 1330 1
143 Delayed_143 9 1 1422 1
148 Delayed_148 14 1 1396 1
148 Delayed_148 23 1 1396 1
154 Delayed_154 11 1 1410 1
160 Delayed_160 17 1 1474 1
164 Delayed_164 9 1 1379 1
165 Delayed_165 8 1 1344 1
165 Delayed_165 22 1 1344 1
168 Delayed_168 11 1 1412 1
170 Delayed_170 9 1 1227 1
173 Delayed_173 8 1 1471 1
179 Delayed_179 22 1 1219 1
180 Delayed_180 6 1 1486 1
181 Delayed_181 6 1 1355 1
181 Delayed_181 19 1 1355 1
182 Delayed_182 9 1 1490 1
183 Delayed_183 19 1 1268 1
184 Delayed_184 11 1 1389 1
189 Delayed_189 23 1 1347 1
191 Delayed_191 22 1 1322 1
196 Delayed_196 8 1 1255 1
196 Delayed_196 9 1 1255 1
200 Delayed_200 6 1 882 1
200 Delayed_200 14 1 1351 1
