0 0 0 0 0 0 0 0 0 0 0 0 0 0 0 0 0 0 0 0 0 0 0 0 0 0 0 0 0 0 16 0 0 0 0 0 0 28 0 1 0 0 0 9 0 0 0 0 0 9 24 12 0 0 0 0 15 0 7 0 3 0 24 18 0 0 0 0 3 0 7 1 0 0 0 3 0 24 4 0 0 0 0 0 0 0 0 0 0 0 0 0 0 0 0 0 0 0 12 0 0 0 0 0 0 0 0 0 0 0 0 27 0 10 0 0 0 4 0 0 9 0 0 6 0 0 0 4 0 0 0 0 0 0 0 0 0 0 0 0 0 0 0 0 0 0 0 0 0 0 0 0 0 0 0 0 0 0 0 0 0 0 15 66 0 0 0 0 
0 0 0 0 0 0 0 0 0 0 0 0 0 0 0 0 0 0 0 0 0 0 0 0 0 0 0 0 0 0 0 0 1 0 0 0 0 10 0 0 0 0 0 0 0 0 0 0 0 0 0 0 0 0 0 0 3 0 0 1 0 0 0 0 0 7 0 0 9 9 0 1 3 0 0 0 0 0 0 0 0 0 0 0 0 0 0 0 0 0 0 0 0 0 0 0 0 15 0 0 0 0 0 0 0 0 6 6 0 0 15 0 24 30 1 0 0 0 12 24 0 0 0 0 0 4 0 0 0 0 0 0 0 0 0 0 0 0 0 0 0 0 0 0 0 0 0 0 0 0 0 0 0 0 0 0 0 0 0 0 0 0 0 0 0 0 0 0 
0 0 0 0 0 0 0 0 0 0 0 0 0 0 0 0 0 0 0 0 0 0 0 0 0 0 0 0 0 0 0 0 0 0 0 0 12 0 0 0 15 0 0 0 15 33 0 0 0 0 1 0 12 0 12 0 0 0 0 0 13 1 3 13 0 0 3 0 0 0 0 12 0 0 0 3 0 6 4 0 0 0 0 16 0 0 0 0 0 0 0 0 0 0 0 0 0 10 9 0 0 15 0 3 0 0 1 0 0 0 0 0 0 3 3 4 0 0 0 3 0 0 0 0 0 0 0 0 3 0 0 0 0 0 0 3 0 0 0 0 0 0 0 0 0 0 0 0 0 0 0 0 0 0 0 0 0 0 4 0 0 0 0 0 0 0 0 0 
0 0 0 0 0 0 0 0 0 0 0 0 0 0 0 0 0 0 0 0 0 0 0 0 0 0 0 0 0 0 0 0 0 1 0 0 0 0 0 0 0 0 9 0 0 0 0 0 0 4 0 18 0 0 0 19 9 21 0 0 0 0 1 0 0 3 0 3 0 0 0 0 0 0 25 0 0 0 24 13 0 0 0 0 4 13 0 0 0 0 0 0 0 0 0 0 0 0 0 0 0 0 3 1 9 0 0 12 0 0 0 0 0 0 15 0 12 0 0 0 0 0 3 0 0 0 0 4 0 0 0 0 0 0 3 7 0 0 0 0 0 0 0 0 0 0 0 0 0 0 0 0 0 0 0 0 0 0 0 0 0 0 0 0 0 0 0 0 
0 0 0 0 0 0 0 0 0 0 0 0 0 0 0 0 0 0 0 0 0 0 0 0 0 0 0 0 0 0 0 0 0 0 0 0 3 0 0 0 0 0 0 0 0 0 0 10 3 24 0 0 0 28 0 0 0 0 3 0 7 0 6 0 0 0 0 0 4 0 9 0 0 6 0 19 0 0 0 0 0 0 0 0 13 0 0 0 0 1 18 0 28 3 1 0 0 0 0 0 0 0 0 0 0 0 0 0 0 0 0 0 0 0 0 0 0 4 0 0 16 0 13 0 0 9 0 0 6 1 0 0 0 0 0 0 0 0 0 0 0 0 0 0 0 0 0 0 0 0 0 0 0 0 0 0 0 0 0 0 0 0 0 0 0 0 0 0 
0 0 0 0 0 0 0 0 0 0 0 0 0 0 0 0 0 0 0 0 0 0 0 0 0 0 0 0 0 0 0 0 0 0 0 4 0 0 0 0 0 0 0 0 0 3 0 0 0 0 0 0 6 13 12 0 0 0 0 30 0 3 15 1 0 4 3 0 0 0 3 0 0 18 18 0 0 0 3 0 0 0 24 0 0 0 0 0 0 3 0 0 0 0 10 0 0 0 3 0 0 0 0 0 0 0 0 0 0 0 0 0 0 3 1 16 0 0 0 25 12 0 0 0 0 4 0 10 0 0 0 0 0 0 0 0 0 0 39 0 0 0 0 0 0 0 0 0 1 0 0 0 0 0 0 0 0 0 0 0 0 0 0 0 0 0 0 0 
0 0 0 0 0 0 0 0 0 0 0 0 0 0 0 0 0 0 0 0 0 0 0 0 0 0 0 0 0 0 0 0 0 0 0 0 0 0 0 0 1 0 0 0 4 3 0 0 0 0 0 0 0 21 0 0 0 3 0 0 0 0 0 15 0 0 1 12 0 0 0 27 3 3 0 0 0 7 0 0 0 4 0 1 0 0 0 0 0 0 0 10 0 0 0 0 0 0 6 0 0 0 0 7 0 0 0 0 4 0 0 0 0 0 0 0 13 0 0 10 0 0 0 0 0 0 0 0 0 0 0 0 0 0 0 0 0 0 0 0 0 0 0 0 0 0 9 0 0 0 0 0 0 0 0 0 0 0 0 0 28 0 0 0 0 0 0 0 
0 0 0 0 0 0 0 0 0 0 0 0 0 0 0 0 0 0 0 0 0 0 0 0 0 6 0 0 0 0 0 24 0 0 0 0 0 0 0 0 3 0 0 24 0 0 0 0 0 1 0 15 0 3 0 0 0 10 0 27 0 3 0 0 3 0 0 0 0 28 0 1 21 0 0 0 0 0 0 0 0 15 0 0 0 0 0 0 0 0 0 0 0 0 0 21 0 0 0 0 0 6 16 0 0 0 0 0 0 0 0 0 0 3 0 0 0 0 0 0 12 0 0 0 0 0 0 0 0 0 0 0 0 0 0 0 0 0 0 0 0 0 0 0 0 0 0 0 0 0 0 0 0 0 0 0 0 0 0 0 1 0 0 0 0 0 0 0 
0 0 0 0 0 0 0 0 0 0 0 0 0 0 0 0 0 0 0 0 0 0 0 13 0 0 0 0 0 0 9 0 0 0 0 0 0 0 0 3 0 0 0 0 0 0 0 0 0 21 15 0 0 12 3 3 21 0 0 0 1 12 3 3 0 0 0 0 0 0 0 6 0 1 12 0 0 0 9 0 12 3 12 0 7 0 6 0 3 0 6 0 0 0 0 0 0 6 0 0 0 0 0 18 0 0 0 0 4 0 0 0 3 3 0 3 0 0 12 0 0 0 0 24 0 0 0 0 0 0 0 0 0 0 0 0 0 0 0 0 34 0 0 0 0 0 0 0 0 0 0 0 0 0 0 0 0 0 0 0 0 0 0 0 0 0 0 0 
0 0 0 0 0 0 0 0 0 0 0 0 0 0 0 0 0 0 0 0 0 0 0 0 0 0 0 10 0 0 0 24 0 0 0 0 0 0 3 0 0 0 0 0 0 0 0 0 7 6 19 0 0 0 0 15 0 0 0 0 21 0 0 0 4 28 3 0 0 0 0 0 0 0 0 18 0 9 6 0 0 0 0 25 0 0 0 0 0 0 0 4 0 0 0 0 0 0 0 0 0 0 0 0 0 0 3 0 4 0 18 0 0 0 0 28 12 0 0 15 0 0 0 0 0 3 0 3 0 0 0 0 0 0 0 0 0 0 0 0 0 0 0 0 0 0 0 0 0 0 0 0 0 0 0 0 0 0 0 0 0 0 0 0 0 0 0 0 
0 0 0 0 0 0 0 0 0 0 0 0 0 0 0 0 0 0 0 0 0 0 0 0 0 0 0 0 0 0 0 0 0 0 0 0 0 7 0 0 18 19 0 0 0 0 0 0 0 0 28 0 0 0 0 0 7 0 7 0 0 0 0 3 21 0 0 0 6 0 0 0 1 0 0 0 0 0 0 3 0 10 0 0 6 3 0 0 0 0 0 0 0 0 0 3 0 0 1 0 0 21 0 0 0 0 0 0 4 0 21 0 0 0 22 0 0 1 0 0 1 0 21 0 0 6 0 0 0 0 6 0 0 0 0 0 0 0 0 0 0 0 0 0 0 0 0 0 0 0 0 0 0 0 0 0 0 0 0 0 0 0 0 0 0 0 0 0 
0 0 0 0 0 0 0 0 0 0 0 0 0 0 0 0 0 0 0 0 0 0 0 0 0 0 0 0 0 0 0 0 0 0 0 0 0 0 0 0 21 4 6 0 0 0 0 7 0 1 0 0 0 0 0 0 0 0 0 0 0 0 0 12 3 3 0 3 0 0 0 0 0 4 0 0 0 0 1 0 0 3 0 7 18 0 0 0 0 0 0 3 0 1 0 0 0 0 0 0 0 0 0 0 0 0 24 0 0 9 0 0 0 0 6 0 15 3 0 15 0 0 9 0 0 0 0 0 0 0 0 0 0 0 0 9 0 0 0 0 0 0 0 0 0 0 0 0 0 0 0 0 0 0 0 0 0 0 0 0 0 0 0 0 0 0 0 0 
0 0 0 0 0 0 0 0 0 0 0 0 0 0 0 0 0 0 0 0 0 0 0 0 0 0 0 0 0 0 0 21 0 0 0 0 0 0 0 0 0 0 0 0 9 3 9 6 0 0 0 0 0 0 0 0 0 0 1 0 4 0 0 0 4 9 0 0 0 0 0 0 0 27 9 9 0 0 0 3 6 0 6 0 0 0 0 0 0 0 18 3 0 3 6 0 4 0 0 0 0 0 0 0 0 0 3 9 0 6 21 0 0 16 0 0 6 0 0 1 0 0 0 6 0 0 0 0 0 24 0 0 0 0 0 0 0 0 0 0 0 0 0 0 0 0 0 0 0 0 0 0 0 0 0 0 0 0 0 0 0 0 0 0 0 0 0 0 
0 0 0 0 0 0 0 0 0 0 0 0 0 0 0 0 0 0 0 0 0 0 0 0 0 0 0 12 0 0 0 0 0 0 0 0 0 1 0 0 0 0 9 0 0 0 3 0 0 0 0 0 0 0 1 0 3 0 0 0 0 6 0 0 0 0 0 0 0 0 3 0 0 19 0 1 3 0 9 0 0 0 0 15 0 3 0 0 0 0 0 0 12 0 3 0 0 0 1 0 12 0 3 0 0 0 0 12 0 3 0 0 0 0 0 0 25 0 0 12 0 0 0 0 0 0 0 0 0 0 1 0 0 0 0 0 0 0 0 0 0 0 0 0 0 0 0 0 0 0 0 0 0 0 0 0 0 0 0 0 0 0 0 0 0 0 0 0 
0 0 0 0 0 0 0 0 0 0 0 0 0 0 0 0 0 0 0 0 0 0 0 0 0 0 0 0 0 0 0 4 0 0 0 16 15 0 0 0 3 0 0 0 0 0 21 0 1 0 21 0 0 0 0 0 3 0 25 0 0 9 9 6 0 0 0 1 0 0 0 9 0 0 0 0 0 24 18 0 21 0 0 3 0 0 0 12 0 1 0 0 0 0 0 0 0 0 0 0 0 0 1 0 0 0 0 0 1 0 0 0 0 0 0 0 0 0 0 0 0 0 12 0 0 0 0 0 0 0 0 0 0 0 0 0 0 22 0 0 0 0 0 0 0 0 0 0 0 0 0 0 0 0 0 0 0 0 0 0 0 0 0 0 0 0 0 0 
0 0 0 0 0 0 0 0 0 0 0 0 0 0 0 0 0 0 0 0 0 0 0 1 0 0 0 0 0 0 0 0 0 0 4 0 0 9 0 0 0 0 0 0 0 15 0 0 0 0 6 0 9 0 24 1 3 0 24 0 0 22 3 0 0 9 0 0 6 0 0 0 19 0 0 21 0 0 3 0 0 3 0 0 0 15 0 0 0 0 0 0 0 0 0 6 0 0 0 16 0 0 10 4 0 21 18 0 0 0 4 0 0 4 0 0 0 0 0 0 15 12 0 0 0 0 0 3 0 0 0 0 0 0 0 0 0 0 0 24 0 0 0 0 0 0 0 0 0 0 0 0 0 0 0 0 0 0 0 0 0 0 0 0 0 0 0 0 
0 0 0 0 0 0 0 0 0 0 0 0 0 0 0 0 0 0 0 0 0 0 0 0 0 0 0 0 0 0 27 0 0 0 0 0 0 10 0 0 0 9 3 0 0 0 0 0 0 0 4 1 0 1 9 18 0 0 3 0 0 0 3 0 0 0 0 6 0 6 0 0 18 0 0 1 0 0 0 7 0 0 0 0 0 0 0 3 0 0 0 0 0 0 0 0 0 0 0 0 0 0 0 0 0 0 4 0 1 6 0 6 0 0 0 27 0 0 0 0 0 16 0 0 0 0 0 0 0 0 0 0 0 0 12 0 0 0 0 0 0 0 0 0 0 0 0 0 1 0 0 0 0 0 0 0 0 0 0 3 0 0 0 0 0 0 0 0 
0 0 0 0 0 0 0 0 0 0 0 0 0 0 0 0 0 0 0 0 0 0 0 0 0 0 0 0 0 0 0 0 0 0 0 0 0 0 0 0 9 0 0 0 0 12 10 0 22 0 0 0 0 19 12 0 0 1 0 0 0 0 6 0 0 0 1 0 0 0 0 0 0 0 0 3 0 0 0 0 0 0 0 12 10 4 0 0 0 3 0 0 0 0 0 0 0 0 0 0 0 1 0 0 0 0 0 0 0 0 0 0 3 0 0 0 0 0 0 0 0 0 0 0 0 0 3 3 0 0 0 0 0 0 0 0 0 0 0 0 0 0 0 0 0 0 0 0 0 0 0 0 0 0 0 0 0 0 0 0 0 0 0 0 0 0 0 0 
0 0 0 0 0 0 0 0 0 0 0 0 0 0 0 0 0 0 0 0 0 0 0 0 0 0 0 0 0 0 0 0 0 0 0 0 0 0 0 0 0 0 0 0 0 0 6 0 1 1 25 12 0 0 0 3 0 9 0 0 1 13 0 0 0 0 0 0 0 1 3 0 9 0 30 0 4 0 0 0 1 0 0 0 1 0 0 0 0 0 0 0 0 0 0 0 15 0 0 0 0 0 3 0 0 0 1 0 0 0 0 0 16 0 0 15 0 0 0 1 0 0 0 0 0 0 0 0 0 0 0 0 3 0 0 0 0 0 0 0 0 0 0 0 0 0 0 6 0 0 0 0 0 0 0 0 0 0 0 0 0 0 0 0 0 0 0 0 
0 0 0 0 0 0 0 0 0 0 0 0 0 0 0 0 0 0 0 0 0 0 0 0 0 0 0 0 0 0 0 0 0 12 0 0 0 0 0 0 0 0 0 0 0 0 0 19 0 0 0 0 1 0 0 0 0 0 0 0 0 0 0 0 0 0 9 6 4 0 0 0 0 0 0 0 0 0 6 0 0 0 0 0 0 0 0 13 3 0 0 3 0 0 0 0 0 0 0 0 0 0 0 27 0 0 0 0 0 0 0 0 0 0 0 0 0 0 30 0 0 0 12 0 0 0 0 0 4 3 0 0 0 0 13 0 0 0 0 0 0 0 0 0 0 0 0 0 0 0 0 0 0 0 0 0 0 0 0 0 0 0 0 0 0 0 0 0 
0 0 0 0 0 0 0 0 0 0 0 0 0 0 0 0 0 0 0 0 0 0 0 0 0 0 0 0 0 0 0 0 0 0 0 0 0 0 0 0 0 0 0 1 0 0 9 21 0 0 24 13 3 0 0 21 0 0 0 0 3 15 0 0 0 0 24 7 0 0 0 4 0 0 0 0 0 0 0 0 0 0 0 0 0 0 0 0 0 0 0 0 0 0 0 0 0 0 0 0 0 0 0 1 0 0 0 1 0 0 13 0 21 0 0 0 0 0 0 7 0 0 0 0 30 0 0 0 0 1 0 0 0 0 0 0 0 0 0 0 0 0 0 0 0 0 0 0 0 0 0 0 0 0 0 0 0 0 0 0 30 0 0 0 0 0 0 0 
0 0 0 0 0 0 0 0 0 0 0 0 0 0 0 0 0 0 0 0 0 0 0 0 0 0 0 0 0 0 21 0 0 0 0 0 0 0 0 0 0 0 0 0 3 0 0 0 0 6 0 0 6 0 0 4 0 0 0 0 1 0 6 0 12 1 0 1 0 0 0 0 0 3 0 0 0 0 12 0 3 0 4 0 0 0 0 0 15 4 0 0 10 0 0 0 0 0 0 0 0 0 7 0 0 0 22 0 0 0 13 0 0 0 1 0 0 13 1 0 0 0 18 6 0 0 0 0 0 0 0 0 0 0 0 0 0 0 0 0 0 0 21 0 0 0 0 0 1 0 0 0 0 0 0 0 0 0 0 0 0 0 0 0 0 0 0 0 
0 0 0 0 0 0 0 0 0 0 0 0 0 0 0 0 0 0 0 0 0 0 0 0 0 0 0 0 0 0 0 0 0 0 0 0 0 0 0 0 0 6 0 9 0 0 28 0 15 0 0 0 0 0 3 0 0 12 3 0 0 0 0 0 0 3 0 0 12 0 0 10 7 0 10 0 0 3 0 6 0 0 0 0 0 0 12 13 0 0 0 0 6 0 0 0 0 0 3 0 0 0 3 0 0 0 7 4 0 0 0 0 0 15 0 0 0 0 21 0 0 0 4 0 0 0 0 0 0 0 0 0 0 0 0 0 0 0 0 0 0 0 0 0 0 0 0 0 0 0 0 0 0 0 0 0 0 0 0 0 0 0 0 0 0 0 0 0 
0 0 0 0 0 0 0 0 0 0 0 0 0 0 0 0 0 0 0 0 0 0 0 0 0 4 0 0 0 0 0 0 13 0 0 0 0 1 7 0 0 0 0 0 0 0 0 6 9 3 0 0 0 21 12 1 0 0 0 0 0 0 3 0 0 0 10 0 1 0 0 9 3 0 0 0 13 0 7 0 0 0 1 0 6 0 0 0 0 0 0 0 0 0 0 0 0 0 0 19 1 0 0 0 0 0 3 0 0 21 0 0 0 0 0 0 0 12 12 0 0 15 0 0 0 0 0 0 0 0 0 0 0 0 0 0 0 0 0 0 0 0 0 0 0 0 0 0 0 0 0 0 0 0 0 0 0 0 0 0 0 0 0 0 0 0 0 0 
0 0 0 0 0 0 0 0 0 0 0 0 0 0 0 0 0 0 0 0 0 0 0 0 0 0 0 0 0 0 0 0 0 0 0 0 0 0 1 0 0 0 0 0 0 0 3 0 0 0 15 0 0 9 0 0 0 0 0 0 0 0 0 3 0 0 0 22 0 0 0 21 0 15 0 0 9 0 0 0 10 0 6 0 0 0 0 6 0 0 3 0 1 27 0 0 0 0 0 1 0 3 0 0 4 0 0 0 0 0 0 0 0 0 0 12 0 0 0 1 0 0 0 0 0 7 0 0 1 0 0 0 0 0 0 0 0 0 0 0 0 0 0 0 0 0 0 0 0 0 0 0 0 0 0 0 0 0 0 0 0 0 0 0 0 0 0 0 
0 0 0 0 0 0 0 0 0 0 0 0 0 0 0 0 0 0 0 0 0 0 0 0 0 0 0 0 0 0 0 0 0 0 0 0 0 0 0 0 0 0 3 13 0 0 16 7 0 0 0 0 0 12 0 0 0 0 0 0 0 0 0 0 0 3 0 0 24 0 1 0 0 0 0 0 9 0 0 0 6 6 0 0 0 15 0 0 0 0 0 0 0 0 0 0 0 19 0 0 0 0 0 7 0 16 0 1 9 21 0 0 0 0 0 6 0 0 0 0 0 0 0 0 0 0 0 0 0 0 0 0 0 0 0 0 0 0 0 0 0 0 0 0 0 0 0 0 0 0 0 0 0 0 0 0 0 0 0 0 0 0 0 0 0 0 0 0 
0 0 0 0 0 0 0 0 0 0 0 0 0 0 0 0 0 0 0 0 0 0 1 0 0 0 0 0 0 0 0 0 0 0 0 0 0 0 0 0 0 0 0 28 0 0 0 0 3 0 10 0 0 0 3 12 0 0 0 0 0 0 4 0 6 0 0 0 3 13 0 0 0 0 0 0 0 6 6 1 22 13 0 0 12 0 0 0 18 9 0 0 0 0 0 0 21 0 0 0 0 0 0 0 0 4 0 0 3 0 0 0 4 0 3 0 0 0 4 0 0 0 27 7 0 1 0 0 0 0 0 0 0 0 0 0 24 0 0 0 0 0 0 0 0 0 0 0 0 0 0 0 0 0 0 0 0 0 0 0 0 0 0 0 0 0 0 0 
0 0 0 0 0 0 0 0 0 0 0 0 0 0 0 0 0 0 0 0 0 0 0 0 0 0 0 0 0 0 0 0 0 21 0 13 18 0 0 0 3 0 0 0 0 0 0 0 24 0 0 0 0 0 0 7 3 19 9 0 0 1 0 0 0 0 0 0 4 0 0 18 0 0 0 0 27 0 28 0 18 0 0 0 0 0 0 0 1 0 0 0 0 0 0 0 0 0 0 0 0 0 0 1 0 0 3 0 6 4 0 0 0 3 0 0 0 0 0 0 1 0 0 0 0 0 0 0 0 0 0 0 0 0 0 0 0 0 0 0 0 0 0 0 0 0 0 0 0 0 0 0 0 0 0 0 0 0 0 0 0 0 0 0 0 0 0 0 
0 0 0 0 0 0 0 0 0 0 0 0 0 0 0 0 0 0 0 0 0 0 0 0 0 0 0 0 0 0 0 0 0 0 0 0 0 0 0 4 3 0 0 0 0 0 0 15 0 0 0 6 21 6 0 0 0 0 0 3 0 0 0 0 1 0 3 12 0 0 0 0 0 0 0 0 9 0 0 0 15 1 12 9 0 0 0 4 0 22 4 0 0 0 0 0 0 3 0 0 0 0 0 0 1 0 0 0 0 0 0 0 7 0 0 0 0 18 0 0 0 0 0 0 1 0 0 0 0 0 0 0 0 0 0 0 0 0 0 0 0 0 0 0 0 0 0 0 0 0 0 0 0 0 0 0 0 0 0 0 0 0 0 0 0 0 0 0 
0 0 0 0 0 0 0 0 0 0 0 0 0 0 0 0 0 0 0 0 0 0 0 0 0 0 0 0 0 0 0 0 0 0 0 0 0 0 0 0 0 0 0 0 0 0 0 0 9 0 4 0 0 6 3 0 0 0 0 0 0 4 0 3 9 0 0 6 0 0 24 1 1 0 0 0 1 0 1 0 0 10 0 0 0 0 0 0 0 0 0 0 4 1 0 0 0 0 1 0 0 0 0 0 0 0 0 0 0 0 0 6 0 27 0 0 0 0 0 0 0 0 6 21 21 0 3 0 0 0 0 0 0 1 0 0 0 0 0 0 0 0 0 0 0 0 0 0 0 0 0 0 0 0 0 0 0 0 6 0 0 0 0 0 0 0 0 0 
0 0 0 0 0 0 0 0 0 0 0 0 0 0 0 0 0 0 0 0 0 0 0 0 0 0 0 0 0 0 0 0 0 13 0 0 3 0 0 0 0 3 0 1 0 0 1 0 0 0 12 13 0 0 0 0 3 0 13 3 6 0 12 0 0 0 4 0 0 0 0 0 0 0 0 0 1 0 0 0 6 21 0 24 0 0 19 0 0 3 3 6 0 0 1 0 0 0 0 0 0 0 24 4 0 0 0 15 0 0 0 15 0 0 0 4 0 0 0 0 19 0 0 0 0 0 3 0 3 0 0 0 0 0 0 0 0 0 0 0 0 0 0 0 0 0 0 0 0 0 0 0 0 0 0 0 0 0 0 0 0 12 0 0 0 0 0 0 
0 0 0 0 0 0 0 0 0 0 0 0 0 0 0 0 0 0 0 0 0 0 0 0 0 0 0 0 0 0 0 0 0 0 0 0 0 0 0 6 0 0 0 0 0 0 0 0 4 0 0 12 0 15 1 0 0 9 30 0 0 0 6 0 0 0 9 19 0 1 0 0 0 0 3 10 0 0 25 0 0 0 7 6 1 0 0 0 0 0 0 15 0 0 0 0 0 0 3 0 0 16 0 16 0 0 0 0 3 0 0 0 21 0 0 0 6 18 0 0 0 0 15 0 0 0 12 9 1 0 0 0 0 0 0 0 0 0 0 0 0 0 0 0 0 0 0 0 0 0 0 0 0 0 0 0 0 0 0 0 0 0 0 0 0 0 0 0 
0 0 0 0 0 0 0 0 0 0 0 0 0 0 0 0 0 0 0 0 0 0 0 0 0 0 0 0 0 0 0 0 0 0 0 0 0 0 16 0 0 0 0 7 0 0 0 0 0 10 0 12 0 0 0 1 0 0 0 0 0 0 0 16 0 0 0 0 0 0 0 0 1 0 0 3 9 0 10 0 0 21 1 10 0 0 0 1 0 0 0 0 0 0 1 0 0 0 0 0 1 0 0 0 0 0 1 15 0 0 0 6 0 0 0 7 0 0 0 0 12 6 0 0 6 0 34 0 0 0 0 0 0 1 0 0 0 0 0 0 0 0 0 0 0 0 0 0 0 0 0 0 0 0 0 0 0 3 0 0 0 0 0 0 0 0 0 0 
0 0 0 0 0 0 0 0 0 0 0 0 0 0 0 0 0 0 0 0 0 0 0 0 0 0 0 0 0 0 0 0 0 0 0 0 0 1 30 0 0 0 0 0 0 0 0 1 0 6 0 0 0 0 1 25 1 0 0 0 0 0 4 3 0 0 0 0 0 0 0 0 0 6 12 0 9 0 0 0 18 0 6 3 4 0 9 0 0 0 3 0 3 3 0 0 0 0 0 6 0 0 0 0 16 0 0 0 6 0 22 0 0 0 0 30 0 0 15 24 0 30 0 6 4 0 0 0 0 0 0 0 0 0 0 0 0 0 0 0 0 0 0 0 0 0 0 0 0 0 0 0 0 0 0 0 0 0 0 0 0 0 0 0 42 0 0 0 
0 0 0 0 0 0 0 0 0 0 0 0 0 0 0 0 0 0 0 0 0 0 0 0 0 0 0 33 0 0 0 0 0 0 0 0 0 0 0 3 0 3 7 27 3 0 0 0 0 0 4 0 28 21 0 0 3 0 0 0 0 0 0 1 0 0 0 1 6 3 0 9 0 9 0 12 0 0 7 1 21 9 3 0 0 18 0 0 3 0 4 0 0 0 0 0 0 0 19 0 0 0 0 0 6 0 0 0 0 0 0 0 0 0 0 0 0 0 19 3 0 0 0 9 0 0 0 0 0 0 0 0 19 0 0 0 0 0 0 0 0 0 0 0 0 0 0 0 0 0 0 0 0 0 0 0 0 0 0 0 0 0 0 0 76 0 0 0 
0 0 0 0 0 0 0 0 0 0 0 0 0 0 0 0 0 0 0 0 0 0 0 0 0 0 0 0 0 0 0 0 0 0 0 0 0 0 0 0 0 0 3 0 1 0 0 25 0 0 0 0 0 0 0 0 0 0 0 0 0 0 0 18 0 0 0 0 3 18 0 7 0 0 0 0 0 0 0 0 1 18 3 0 0 0 0 4 0 0 0 0 12 0 0 24 0 0 0 7 0 0 0 0 13 0 0 9 0 0 0 18 12 12 0 0 0 13 0 0 0 0 18 0 0 0 3 21 0 0 0 3 0 0 0 0 0 0 0 0 0 0 0 0 0 0 0 0 0 0 0 0 0 0 0 0 0 0 0 0 0 0 0 0 0 0 0 0 
0 0 0 0 0 0 0 0 0 0 0 0 0 0 0 0 0 0 0 0 0 0 0 0 0 0 0 0 0 0 0 0 0 0 0 0 0 0 0 3 12 0 3 0 0 0 1 0 0 0 15 4 0 0 0 0 3 0 0 0 0 0 22 0 0 3 0 30 0 0 0 0 0 0 0 0 10 0 13 0 0 18 0 0 0 0 0 0 0 1 3 0 0 0 0 0 0 1 3 0 0 7 0 0 0 0 0 12 0 0 1 0 0 0 0 0 0 6 0 0 0 0 0 0 0 0 3 0 0 6 0 0 0 6 0 0 0 0 0 0 0 0 0 0 0 0 0 0 0 0 0 0 0 0 0 0 0 0 0 0 0 0 0 0 0 0 0 0 
0 0 0 0 0 0 0 0 0 0 0 0 0 0 0 0 0 0 0 0 0 0 0 0 0 0 0 0 0 0 0 0 0 1 3 0 0 0 0 1 0 0 0 0 0 0 12 15 0 0 0 0 0 0 7 0 27 0 19 0 6 25 0 0 0 6 0 0 0 0 3 0 0 7 6 24 25 9 0 0 24 0 0 0 0 0 16 16 0 4 0 6 0 0 0 9 0 0 0 0 22 0 27 0 0 10 0 0 0 6 0 0 4 0 0 0 3 0 0 13 0 0 0 6 0 1 24 0 0 0 0 24 0 0 0 0 0 0 0 0 0 0 0 0 0 0 0 0 0 0 0 0 0 0 0 0 0 0 0 0 0 0 0 0 0 0 0 0 
0 0 0 0 0 0 0 0 0 0 0 0 0 0 0 0 0 0 0 0 0 0 0 0 0 0 0 0 0 0 0 0 0 0 0 0 0 0 0 0 0 0 7 0 9 0 0 0 4 0 0 0 0 9 0 0 0 0 0 30 0 0 3 0 0 6 0 0 0 24 0 0 0 0 0 0 18 4 0 0 0 0 0 4 0 0 0 0 0 21 0 0 0 0 0 0 0 0 0 0 0 0 0 0 0 3 0 3 0 9 0 3 22 0 24 0 0 0 0 0 0 7 0 0 0 0 1 0 0 0 1 0 0 0 0 0 0 0 0 7 0 0 0 0 0 0 0 0 0 0 0 0 0 0 0 0 0 0 0 0 0 0 0 0 0 0 0 0 
0 0 0 0 0 0 0 0 0 0 0 0 0 0 0 0 0 0 0 0 0 0 0 0 0 0 0 0 0 0 0 0 0 0 0 0 0 0 15 0 0 0 0 0 0 1 0 0 0 0 0 0 21 0 0 6 0 0 0 0 0 0 3 0 4 1 0 0 0 0 0 0 0 0 0 0 0 0 0 0 0 0 0 1 0 0 0 0 0 0 18 0 0 0 0 0 0 0 13 3 0 0 3 9 0 0 6 10 0 0 0 0 3 0 0 0 0 0 10 0 0 0 0 0 0 0 0 1 0 0 0 0 0 0 0 0 0 0 0 0 0 0 0 0 0 0 0 0 0 0 0 0 0 0 0 0 0 0 0 0 0 0 0 0 0 0 0 0 
0 0 0 0 0 0 0 0 0 0 0 0 0 0 0 0 0 0 0 0 0 0 0 0 0 0 0 0 0 0 15 0 0 0 21 0 0 0 9 9 0 0 0 0 0 0 0 0 0 0 0 0 0 0 0 0 0 0 0 0 0 0 0 0 0 0 0 0 0 6 4 0 4 0 0 0 1 0 0 27 21 0 0 0 4 0 0 0 0 0 0 0 0 0 0 0 0 0 0 0 0 0 0 0 1 1 1 30 0 0 6 0 9 15 0 12 6 0 13 0 25 1 0 0 0 9 0 0 0 0 0 0 0 0 0 0 0 0 0 0 0 0 0 0 0 0 0 0 0 0 0 0 0 0 0 0 0 0 0 0 0 0 0 0 0 0 0 0 
0 0 0 0 0 0 0 0 0 0 0 0 0 0 0 0 0 0 0 0 0 0 0 0 0 0 0 0 0 0 0 0 0 0 0 0 0 0 0 0 0 0 0 0 19 12 9 0 0 0 0 0 0 0 1 0 0 0 0 0 1 0 3 0 27 3 3 1 0 0 0 6 0 0 0 4 0 0 0 0 0 0 0 24 0 0 0 0 0 0 0 1 0 0 0 0 0 1 0 0 0 0 4 0 0 0 0 0 0 0 0 3 24 9 0 0 7 0 18 0 0 0 0 0 6 4 0 0 1 0 0 0 0 12 0 0 0 0 0 0 0 0 0 0 0 0 0 0 0 0 0 0 0 0 0 0 0 0 0 0 0 0 0 0 0 0 0 0 
0 0 0 0 0 0 0 0 0 0 0 0 0 0 0 0 0 0 0 0 0 0 0 0 0 0 0 0 0 0 0 0 0 25 0 0 0 0 0 0 0 24 0 0 0 0 1 0 0 0 0 0 30 0 0 0 9 0 0 0 6 0 0 3 18 0 0 4 0 0 0 0 0 0 0 1 4 24 0 0 0 0 0 0 0 0 0 0 0 0 0 0 0 0 0 0 0 0 0 0 0 21 0 4 0 0 0 0 0 0 0 0 0 6 0 0 0 0 0 0 0 0 1 7 0 0 0 3 1 0 25 0 0 0 0 0 0 0 0 0 0 0 0 0 0 0 0 0 0 0 0 0 0 0 0 0 0 0 0 0 0 0 0 0 0 0 0 0 
0 0 0 0 0 0 0 0 0 0 0 0 0 0 0 0 0 0 0 0 0 0 0 0 0 0 0 0 0 0 0 0 34 0 3 0 0 0 0 0 0 3 0 0 0 0 0 18 1 0 0 0 12 0 25 0 0 3 0 0 0 0 0 0 0 1 0 0 0 0 0 0 0 4 0 0 0 0 0 0 0 24 0 0 0 0 0 0 0 0 0 6 0 3 0 0 0 0 0 0 0 0 19 3 6 0 0 0 0 3 0 0 0 16 0 0 0 0 7 0 0 0 0 0 0 0 1 4 0 0 0 0 3 0 0 0 0 0 0 0 0 0 27 0 0 0 0 0 0 0 0 0 0 0 0 0 0 0 0 0 0 0 0 0 0 0 0 0 
0 0 0 0 0 0 0 0 0 0 0 0 0 0 0 0 0 0 0 0 0 0 0 0 0 0 0 0 0 0 0 0 0 0 0 0 0 6 0 3 0 0 0 0 6 0 1 0 0 0 24 0 30 1 0 0 0 0 0 0 0 0 0 0 0 4 0 0 3 0 0 0 0 4 0 0 1 0 0 0 1 0 0 0 0 0 15 0 9 0 0 0 1 0 0 0 0 0 0 6 0 0 4 0 0 0 0 0 0 0 0 0 0 0 0 0 0 0 0 0 0 0 0 0 0 0 0 0 9 1 3 0 0 0 0 0 0 0 0 0 0 0 0 0 0 0 0 0 0 0 0 0 0 0 0 0 0 0 0 0 0 0 0 0 0 0 0 0 
0 0 0 0 0 0 0 0 0 0 0 0 0 0 0 0 0 0 0 0 0 0 0 0 0 0 0 0 0 0 0 0 0 0 0 3 0 0 0 0 0 0 0 0 0 0 9 0 0 15 0 0 0 0 0 0 0 0 0 18 1 0 0 0 9 0 0 0 0 0 0 0 0 0 0 0 0 0 0 0 7 0 6 3 0 1 4 1 0 0 0 0 0 0 6 0 0 0 0 0 0 3 3 0 0 9 0 10 1 0 10 0 0 31 24 0 0 0 0 0 0 0 0 0 0 0 3 0 3 0 0 0 0 0 0 0 0 0 0 0 0 0 0 0 0 0 0 0 0 0 0 0 0 0 0 0 0 0 0 0 0 0 0 0 0 0 0 0 
0 0 0 0 0 0 0 0 0 0 0 0 0 0 0 0 0 0 0 0 0 0 0 0 0 0 0 0 0 0 0 0 33 0 1 0 0 0 0 1 0 6 0 0 0 3 0 0 0 22 7 0 0 0 27 0 0 3 6 16 0 0 0 0 18 0 0 0 0 9 18 1 0 0 0 0 0 0 0 0 0 0 0 0 12 0 0 0 0 0 1 0 1 0 0 0 0 0 0 0 0 0 0 0 0 0 0 0 0 0 3 6 18 12 0 0 0 24 0 0 0 0 0 0 0 0 15 0 0 0 0 0 0 0 0 0 0 30 0 0 0 30 0 0 0 0 0 0 0 0 0 0 0 0 0 0 0 0 0 0 0 42 0 0 0 0 0 0 
0 0 0 0 0 0 0 0 0 0 0 0 0 0 0 0 0 0 0 3 0 0 0 0 0 0 0 0 0 0 0 0 0 0 0 0 0 0 0 0 0 0 0 12 0 0 0 0 12 0 0 0 0 0 6 3 3 0 0 6 0 0 0 0 1 10 0 0 0 3 15 0 0 0 0 18 0 21 0 3 0 27 0 13 0 18 0 0 0 1 0 0 0 0 0 0 0 0 0 0 0 21 3 0 0 0 27 0 0 0 0 0 0 0 0 0 6 0 3 0 0 0 0 0 0 0 0 0 0 0 0 0 0 0 0 0 0 0 0 0 0 0 0 0 0 0 0 0 0 0 0 0 0 0 0 0 0 0 0 0 0 0 0 0 0 0 0 0 
0 0 0 0 0 0 0 0 0 0 0 0 0 0 0 0 0 0 0 0 0 0 0 0 0 0 0 0 0 0 0 0 0 0 0 0 0 0 0 0 12 0 0 0 0 0 0 0 0 0 0 0 13 0 0 0 10 6 0 0 0 0 9 22 0 15 3 0 0 0 0 0 0 0 0 15 0 0 0 1 1 0 15 0 0 0 0 0 0 0 0 0 0 0 0 9 0 0 16 0 0 13 0 0 6 28 0 0 0 0 0 0 3 30 0 0 1 0 12 0 0 0 12 0 0 0 0 0 0 0 3 0 0 0 0 0 0 0 0 0 0 0 0 0 0 0 0 0 0 1 0 0 0 0 0 0 0 0 0 0 0 0 0 1 0 0 0 0 
0 0 0 0 0 0 0 0 0 0 0 0 0 0 0 0 0 0 0 0 0 0 0 0 0 3 0 0 0 0 0 4 0 0 0 0 0 0 0 0 0 0 0 0 0 0 6 0 0 0 0 0 7 0 0 22 0 0 0 0 25 0 0 0 0 10 0 0 0 0 3 0 0 0 0 3 0 0 10 4 0 0 0 0 0 0 0 4 0 0 0 0 10 0 1 0 0 0 0 0 0 0 0 0 0 3 0 1 0 25 0 16 16 0 0 0 0 0 0 0 0 0 6 0 0 1 0 0 0 3 4 0 0 0 0 0 0 0 1 0 0 0 0 0 0 0 0 0 0 0 0 0 0 0 0 0 0 0 0 0 0 0 18 0 0 0 0 0 
