0 0 0 0 0 0 0 0 0 0 0 0 0 0 0 0 0 0 0 0 0 9 0 0 0 0 0 0 0 0 0 0 1 0 0 0 0 0 0 0 0 4 0 0 0 0 0 0 12 0 0 0 1 0 6 0 0 0 0 12 4 9 0 19 9 0 0 0 0 13 0 0 0 3 1 0 0 0 0 0 0 0 1 1 0 0 0 0 7 0 0 0 0 0 0 0 0 0 0 7 0 0 0 0 3 24 1 0 0 0 0 0 0 0 0 13 12 0 0 0 22 0 0 0 0 0 0 0 0 0 0 0 0 0 0 0 0 10 0 0 0 0 0 0 0 0 0 0 0 0 0 0 0 0 0 0 0 0 0 0 0 12 0 0 0 0 0 0 
0 0 0 0 0 0 0 0 0 0 0 0 0 0 0 0 0 0 0 0 0 0 0 0 0 0 0 0 0 0 0 0 0 0 0 0 0 0 0 0 0 0 0 25 0 0 0 0 0 0 0 0 0 0 0 0 0 0 1 4 12 0 0 0 0 12 0 0 18 0 0 0 0 3 0 0 16 0 0 0 0 1 0 0 7 0 0 6 0 0 1 0 0 0 0 0 0 0 3 0 0 30 3 0 0 0 3 0 1 0 0 0 0 0 0 0 0 0 0 0 0 0 0 0 0 0 0 0 0 0 0 0 0 0 0 0 0 6 0 0 0 0 0 0 0 0 0 0 0 0 0 0 0 0 0 0 0 0 0 0 0 0 0 3 0 0 0 0 
0 0 0 0 0 0 0 0 0 0 0 0 0 0 0 0 0 0 0 0 0 0 0 0 0 0 0 0 0 0 0 0 0 0 0 0 0 0 12 0 0 12 0 0 0 0 0 0 0 0 0 0 0 0 0 0 0 0 4 15 0 1 0 12 4 0 24 0 0 0 0 0 0 0 3 0 0 0 0 0 0 27 4 0 0 0 0 19 0 0 0 0 0 12 0 0 0 15 0 0 0 0 1 0 0 0 0 0 22 0 3 0 0 0 0 6 0 9 4 0 18 0 0 0 0 0 0 0 0 0 0 0 0 0 0 0 0 0 0 0 0 0 0 4 0 0 0 0 0 36 0 0 0 0 0 0 0 0 0 0 0 0 0 0 0 0 0 0 
0 0 0 0 0 0 0 0 0 0 0 0 0 0 0 0 0 0 0 0 0 0 0 0 0 0 0 0 0 0 0 0 0 0 0 0 0 0 0 0 0 0 0 0 0 0 0 0 0 0 0 0 13 0 0 0 0 3 0 6 0 7 0 3 0 0 0 27 0 3 0 6 4 0 0 0 0 0 1 0 0 0 0 0 0 0 0 7 0 18 0 0 0 0 0 0 0 0 0 1 0 0 0 0 0 0 0 19 0 0 0 6 0 0 1 10 0 0 0 0 0 0 0 0 9 0 0 3 0 18 0 21 0 0 0 10 0 0 0 0 0 0 0 0 0 0 0 0 0 0 0 0 0 0 0 0 0 0 0 0 0 0 0 16 0 0 0 0 
0 0 0 0 0 0 0 0 0 0 0 0 0 0 0 0 0 0 0 0 0 0 0 0 0 0 0 0 0 0 0 0 0 0 0 0 1 12 0 0 0 0 0 0 4 0 0 0 0 0 0 0 25 0 0 1 0 0 0 0 0 0 12 9 0 0 0 0 0 3 0 0 0 21 0 0 0 0 0 6 9 0 9 18 0 0 0 0 0 3 0 0 6 6 3 0 1 0 0 0 0 0 6 0 0 18 0 0 0 18 0 0 0 0 3 0 0 0 0 0 0 0 0 0 0 0 0 0 0 0 0 0 0 0 0 0 0 0 0 0 0 0 0 42 0 0 0 0 0 0 0 0 0 0 0 0 0 0 0 0 0 0 0 0 0 0 0 0 
0 0 0 0 0 0 0 0 0 0 0 4 0 0 0 0 0 0 0 0 0 0 0 0 0 0 0 0 0 0 0 0 0 0 0 0 0 0 0 0 0 0 0 0 0 0 0 0 33 0 0 0 0 12 0 0 0 0 0 0 0 0 0 0 0 0 0 0 0 0 0 0 0 0 0 15 3 0 12 4 3 0 1 0 0 19 15 0 0 0 0 0 0 0 0 0 3 0 0 0 0 1 0 0 0 0 3 0 0 0 0 0 0 0 21 0 0 0 0 3 0 0 24 0 0 0 0 0 0 0 0 0 0 0 0 0 0 0 15 0 0 0 0 0 0 0 0 16 0 0 0 0 9 0 0 0 0 0 0 0 0 0 0 0 0 0 0 0 
0 0 0 0 0 0 0 0 0 0 0 0 0 0 0 0 0 0 0 0 12 0 0 0 0 0 0 0 0 6 0 0 0 0 15 0 0 0 0 0 0 0 0 0 0 0 0 0 3 0 0 0 0 0 0 0 0 0 0 15 0 0 3 0 0 0 0 0 0 0 0 0 0 0 1 0 0 1 0 0 0 0 0 0 0 0 12 0 0 0 0 0 12 12 6 0 0 0 0 0 25 0 3 0 19 0 0 0 3 0 0 3 0 0 27 0 0 0 25 0 0 0 0 0 0 0 0 0 16 13 0 0 0 0 0 0 0 0 0 0 0 0 42 0 0 0 0 0 0 0 0 0 0 0 0 0 0 0 0 0 0 0 0 0 0 0 0 0 
0 0 0 0 0 0 0 0 0 0 0 0 0 0 0 0 0 0 0 0 0 0 0 0 0 0 0 0 1 0 0 0 0 0 0 0 0 0 0 0 0 0 0 0 6 0 0 0 0 0 0 0 0 3 9 3 3 0 0 3 3 0 0 0 0 0 0 0 0 3 0 25 0 7 0 15 24 0 0 0 0 0 0 0 0 0 0 3 0 0 15 3 4 0 0 0 9 4 27 7 0 0 0 0 0 0 0 3 0 22 0 0 0 3 0 0 1 0 7 0 0 0 0 0 0 0 0 0 15 0 0 0 0 12 0 0 1 9 0 0 0 0 0 0 0 0 36 0 0 0 0 0 0 0 0 0 0 0 0 0 0 0 0 0 0 0 0 0 
0 0 0 0 0 0 0 0 0 0 0 0 0 0 0 0 0 0 0 0 0 0 0 0 0 0 0 0 0 0 0 0 0 0 0 0 0 0 0 0 0 0 0 0 0 0 0 0 22 0 15 0 0 0 0 0 0 0 0 0 0 3 0 0 0 15 0 0 0 0 4 0 0 0 3 0 0 1 12 15 0 0 0 0 0 0 0 0 0 1 4 3 0 0 0 15 0 0 0 0 0 0 0 0 0 0 0 0 0 0 0 0 0 3 0 0 19 0 0 0 0 0 0 0 0 0 3 0 16 0 0 0 0 0 0 0 0 0 0 0 0 0 0 0 0 0 0 0 0 0 0 0 0 0 0 0 0 0 0 0 0 0 0 0 0 0 0 0 
0 0 0 0 0 0 0 0 0 0 0 0 0 0 0 0 0 0 0 0 0 0 0 0 0 0 0 0 0 0 0 0 0 0 0 0 0 0 0 0 0 0 0 1 0 0 0 0 0 0 0 0 0 0 0 0 0 0 15 0 3 0 0 0 1 0 25 0 0 10 0 0 0 0 0 12 13 0 0 3 0 0 16 0 0 9 0 1 0 6 4 0 0 6 0 0 0 0 0 0 0 0 0 0 0 0 6 0 0 0 0 0 1 0 3 0 9 0 0 0 10 0 0 18 0 0 0 0 7 0 0 0 0 0 0 0 0 0 0 0 0 0 0 0 0 6 0 0 0 0 0 0 3 0 0 0 0 0 0 0 0 0 0 0 0 0 0 0 
0 0 0 0 0 0 0 0 0 0 0 0 0 0 0 0 0 0 0 0 0 0 0 0 0 0 0 0 0 3 0 0 0 0 0 0 0 3 0 0 0 0 0 0 3 0 0 0 0 0 0 0 0 0 3 0 0 6 3 12 0 0 0 0 0 0 3 0 1 0 0 3 0 0 0 6 18 3 15 0 0 0 18 0 3 0 3 0 0 1 0 3 0 3 0 3 0 0 0 0 0 0 0 0 0 0 0 0 0 0 21 9 3 0 0 3 0 0 0 0 22 0 0 0 0 0 4 0 1 0 0 0 0 0 0 0 0 0 0 0 0 0 0 0 1 0 0 0 0 0 0 0 0 0 0 0 0 0 0 0 0 0 0 0 0 0 0 0 
0 0 0 0 0 0 0 0 0 0 0 0 0 22 0 0 0 0 0 0 0 0 0 0 0 0 0 0 0 21 0 0 0 0 0 0 0 0 0 0 0 0 0 0 0 0 0 0 12 0 19 0 0 0 0 0 10 0 3 0 15 0 0 18 0 0 0 1 0 10 0 0 0 0 0 3 0 0 0 0 6 12 0 4 0 0 0 0 0 0 0 0 0 0 0 6 16 0 0 0 0 27 1 0 0 0 0 0 0 0 0 0 0 3 0 0 0 0 0 0 0 0 0 0 0 0 0 0 0 0 0 0 0 0 0 0 0 0 0 0 0 0 0 0 0 0 0 0 0 0 0 0 0 0 0 0 0 0 0 0 0 0 0 0 0 0 0 0 
0 0 0 0 0 0 0 0 0 0 0 0 0 0 0 0 0 0 0 0 0 0 0 0 0 0 0 0 0 0 0 0 1 0 0 3 0 0 0 0 0 6 0 0 0 0 0 0 0 3 0 0 0 0 0 0 0 0 0 0 3 25 0 0 0 0 0 0 0 0 0 3 4 1 3 12 0 0 10 3 0 0 0 18 0 3 0 0 12 0 1 0 0 0 0 0 0 0 0 0 15 0 0 0 12 3 0 3 0 0 0 0 0 0 0 0 0 0 0 0 0 0 0 0 0 0 1 0 0 0 0 0 0 0 0 0 0 0 0 0 0 0 0 0 0 0 3 0 0 0 0 0 0 0 0 0 0 0 0 0 0 0 0 0 0 0 0 0 
0 0 0 0 0 0 0 0 0 0 0 0 0 0 0 0 0 0 0 12 0 0 0 0 0 0 0 3 0 0 0 0 0 0 0 0 0 0 0 0 0 0 15 6 0 0 0 0 0 0 0 0 0 0 18 0 0 0 0 0 0 0 24 0 21 0 0 0 0 12 0 0 0 0 6 21 0 0 0 0 0 0 0 0 0 0 13 0 0 0 0 0 0 6 16 0 0 0 0 0 0 0 0 0 3 0 0 0 0 0 6 0 0 1 0 0 3 0 6 0 0 0 0 0 0 12 0 6 0 0 0 0 0 0 0 0 0 0 0 0 0 0 0 0 0 0 0 0 0 0 0 0 0 0 0 0 0 0 0 0 0 0 0 0 0 0 0 0 
0 0 0 0 0 0 0 0 0 0 0 0 0 0 0 0 0 0 0 0 0 0 0 0 0 0 0 0 3 0 0 0 0 0 0 0 0 0 0 0 0 0 0 0 0 0 0 0 0 0 0 0 0 0 0 0 4 0 6 0 13 0 3 0 0 0 3 27 0 0 0 9 3 0 15 4 0 0 0 0 0 0 0 0 0 0 0 0 21 22 0 0 0 0 6 0 6 0 0 1 0 0 0 0 0 0 18 1 0 0 0 0 0 12 0 0 0 0 0 0 0 0 0 0 0 0 0 0 0 0 0 3 0 0 0 0 0 0 0 24 0 0 0 0 0 0 0 0 0 0 0 0 0 0 0 0 0 0 0 0 0 0 0 0 0 0 0 0 
0 0 0 0 0 0 0 0 9 0 0 0 0 0 0 0 0 0 0 0 0 0 0 0 0 0 0 0 0 0 0 27 0 0 0 0 0 0 0 0 0 0 0 0 0 1 15 0 0 0 0 0 0 0 0 19 12 0 0 0 13 0 19 0 0 0 0 0 0 0 0 4 0 0 0 0 3 0 0 18 0 0 0 0 0 0 0 0 0 0 0 7 0 9 0 0 12 0 0 0 0 0 0 0 30 24 10 0 0 0 0 0 1 0 21 0 9 0 0 0 0 0 0 0 0 0 0 0 0 22 0 15 0 0 0 0 3 0 0 0 0 3 0 0 0 0 0 0 0 0 0 0 0 0 0 0 0 0 0 15 0 0 0 0 0 0 0 0 
0 0 0 0 0 0 0 0 0 0 0 0 0 0 0 0 0 0 0 0 0 0 0 0 0 0 0 0 1 0 0 0 0 0 0 0 0 0 0 0 0 0 0 0 0 9 0 0 0 0 0 0 9 0 0 0 4 0 24 0 0 10 0 0 0 0 15 0 0 0 3 0 0 0 6 0 0 3 19 0 27 6 0 0 0 0 12 0 0 3 0 0 0 0 18 0 3 0 6 0 1 0 3 0 0 3 0 0 4 0 4 0 1 3 0 0 0 1 0 0 0 3 0 0 0 0 0 0 0 0 0 0 0 0 0 0 0 0 0 0 0 0 0 0 0 0 0 0 0 0 0 0 0 0 0 0 0 0 0 0 0 0 0 0 0 0 0 0 
0 0 0 0 0 0 0 0 0 0 0 0 0 0 0 0 0 0 0 21 0 0 0 0 0 0 0 0 0 0 0 0 0 0 0 0 1 0 0 0 0 0 0 0 0 0 0 3 0 0 0 0 0 0 6 0 0 9 0 0 0 0 0 0 1 0 0 0 0 0 4 0 0 0 0 9 19 27 12 3 0 1 6 0 0 0 0 0 0 0 0 0 0 0 7 0 0 0 0 0 0 0 0 4 0 12 0 0 0 0 1 0 0 0 0 0 0 0 0 0 0 0 0 0 0 0 0 0 18 1 0 1 0 0 0 0 9 1 0 15 12 0 0 0 0 0 0 0 0 13 0 0 0 0 0 0 0 0 0 0 0 0 0 0 0 0 0 0 
0 0 0 0 0 0 0 0 0 0 0 0 0 0 0 0 0 0 0 0 0 0 0 0 0 0 0 0 0 0 0 0 0 0 0 0 0 0 0 0 0 0 0 0 0 0 0 3 0 0 0 18 0 0 0 0 12 0 3 0 12 0 6 6 3 0 0 0 0 30 3 0 6 0 0 22 0 0 0 0 12 0 0 0 1 0 0 6 0 6 4 0 3 0 0 0 4 0 18 0 0 3 0 0 4 0 22 6 0 13 0 0 0 0 0 0 0 0 0 9 3 0 0 0 0 0 0 6 0 19 0 0 1 0 0 0 0 15 0 0 0 0 0 0 0 0 0 0 0 9 0 0 0 9 0 0 0 0 0 0 0 0 0 0 0 0 0 0 
0 0 0 0 0 0 0 0 0 0 0 0 0 0 0 0 0 0 19 0 0 0 0 0 0 0 0 0 0 0 0 0 1 0 0 0 0 0 15 0 0 4 15 0 0 0 0 0 0 0 0 0 0 0 0 0 0 6 0 16 0 0 0 0 1 0 0 1 0 0 0 0 0 0 0 0 0 0 3 16 0 0 16 0 3 27 0 0 0 0 7 0 3 0 0 0 0 15 21 0 0 6 3 0 15 0 0 0 0 0 0 0 9 6 0 3 0 30 4 4 0 0 6 0 0 0 0 0 0 0 0 0 0 0 0 0 0 0 0 0 0 0 0 0 0 0 0 0 0 0 0 0 0 0 0 0 0 0 0 0 0 0 0 0 0 0 0 0 
0 0 0 0 0 0 0 0 0 0 0 0 0 0 0 0 0 0 0 0 0 0 0 0 0 0 0 0 0 0 0 0 0 0 0 0 0 0 0 0 0 0 0 9 0 0 0 0 0 0 0 0 12 10 0 3 0 0 0 27 1 0 0 0 0 0 0 6 12 0 0 0 15 0 6 6 6 0 0 0 0 0 0 3 0 3 0 21 3 3 0 0 3 0 9 0 1 0 15 0 0 0 0 0 0 0 0 0 0 0 3 0 21 0 0 0 6 0 0 0 9 0 0 0 0 0 0 21 0 0 0 0 0 0 0 0 0 0 0 0 0 0 0 0 0 0 0 0 0 0 0 0 0 0 0 0 0 0 0 0 0 0 0 0 0 0 0 0 
0 0 0 0 0 0 0 0 0 0 0 0 0 0 0 0 0 0 0 0 0 0 0 0 0 0 0 0 0 0 0 0 0 0 0 0 0 12 7 0 0 0 0 9 0 0 18 0 12 3 9 0 0 0 0 0 0 0 0 1 0 0 0 6 0 0 0 0 1 0 0 0 0 0 1 0 1 0 0 12 16 0 0 0 0 0 0 0 0 18 0 27 0 0 24 0 0 0 0 10 0 0 0 1 0 0 0 0 0 0 0 0 0 0 0 0 0 0 0 0 0 0 21 0 0 6 0 0 0 9 1 0 0 0 0 0 0 0 0 0 0 0 0 0 0 0 0 0 0 0 3 0 0 0 0 0 0 0 0 0 0 0 0 0 0 0 0 0 
0 0 0 0 0 0 0 0 0 0 0 0 0 0 0 0 0 0 0 0 0 0 0 0 0 0 0 0 0 0 0 0 0 0 0 0 0 0 4 0 0 4 0 0 0 0 0 0 0 12 0 0 0 0 0 0 0 0 3 0 12 0 6 1 0 0 1 19 0 0 0 22 0 28 3 0 0 0 7 0 0 0 25 0 0 0 0 9 0 0 0 0 0 0 0 0 0 4 0 0 0 0 0 0 1 0 0 21 0 0 0 0 0 0 0 15 0 0 0 0 0 0 0 0 0 3 0 0 0 0 0 0 0 0 0 15 4 0 0 0 0 0 0 0 0 0 0 0 15 0 0 0 0 0 0 0 0 0 0 0 0 0 0 0 0 0 0 0 
0 0 0 0 0 0 0 0 0 0 0 0 0 0 0 0 0 0 0 0 0 0 0 0 0 0 0 0 0 0 0 0 0 0 0 0 24 0 0 0 0 9 0 0 0 0 0 0 1 0 0 0 0 0 6 0 0 0 0 0 0 0 0 22 1 0 0 0 9 0 0 0 0 0 0 12 0 0 0 0 13 15 0 0 0 0 0 0 0 0 0 0 0 4 0 0 0 0 0 0 1 0 0 0 0 0 0 0 0 0 0 0 3 0 0 0 0 0 0 1 0 0 0 0 0 0 0 0 15 0 0 0 0 0 0 0 0 0 0 0 0 0 0 0 0 0 0 0 0 0 0 0 3 0 0 0 0 0 0 0 0 0 0 0 0 0 0 0 
0 0 0 0 0 0 3 0 0 0 0 0 4 0 0 0 0 0 0 0 0 0 0 0 0 10 0 0 0 0 0 0 0 0 0 0 0 1 0 0 0 1 0 0 0 0 0 0 0 0 0 0 0 0 0 3 0 0 0 3 0 0 0 15 0 0 0 12 0 0 0 0 0 0 0 6 12 3 0 0 0 0 0 0 0 0 0 1 0 0 0 21 0 1 0 21 0 6 0 0 0 0 0 0 0 0 0 1 0 0 0 0 9 0 0 12 0 0 0 0 0 0 0 0 0 0 0 0 0 0 1 0 3 0 0 0 0 0 0 0 0 0 0 0 0 0 0 0 3 0 0 0 0 0 0 0 0 0 0 0 0 0 0 0 0 4 0 0 
0 0 0 0 0 0 0 0 0 0 0 0 0 0 0 0 0 0 0 0 0 0 0 0 0 0 0 0 0 0 0 0 21 0 0 0 0 0 0 0 0 0 9 0 0 0 0 0 0 0 1 15 7 0 0 1 16 0 4 12 0 13 0 0 0 0 0 0 0 0 0 0 9 0 4 10 7 1 0 0 1 3 0 0 0 3 0 0 0 21 0 0 3 0 0 0 0 0 0 0 0 0 1 1 0 3 0 0 0 1 0 0 0 1 27 0 19 0 0 0 0 0 12 0 0 0 6 0 0 0 0 0 0 0 0 0 0 0 0 0 0 0 0 0 0 0 9 0 0 0 0 0 0 0 0 0 0 0 0 0 0 0 0 0 45 0 0 0 
0 0 0 0 0 0 0 0 0 0 0 0 0 0 0 0 0 0 0 0 0 0 0 0 0 0 0 0 0 0 0 0 0 0 0 0 0 0 0 0 0 0 0 0 0 0 0 0 18 0 0 0 0 0 0 0 3 0 0 0 3 0 0 0 0 0 0 0 27 0 0 0 0 13 0 6 0 3 0 0 0 6 18 22 0 0 0 0 0 0 1 6 0 30 0 0 0 0 0 1 0 0 0 0 0 0 0 10 9 0 3 0 4 0 1 0 0 0 0 0 0 0 0 9 0 0 0 12 0 0 0 0 0 0 0 0 0 0 0 0 0 0 0 0 0 0 0 0 0 0 0 0 0 0 0 0 0 0 0 0 0 0 0 0 0 0 0 0 
0 0 0 0 0 0 0 0 0 0 0 0 0 0 0 0 0 0 0 0 0 0 0 0 0 0 0 0 0 0 0 0 0 0 0 0 0 0 0 1 0 4 0 0 0 0 0 0 0 0 0 0 9 0 0 0 0 0 0 4 0 0 0 0 0 0 0 0 0 0 9 0 0 6 1 0 0 0 0 0 0 0 0 0 0 0 3 10 0 1 27 1 0 0 0 0 0 0 18 0 0 0 0 0 0 0 0 0 0 9 0 0 0 15 1 7 0 0 9 0 0 0 0 0 0 0 0 0 18 0 0 0 0 0 0 0 0 0 0 0 0 0 0 0 0 0 0 21 0 6 0 0 0 0 0 3 0 0 0 0 0 0 0 0 0 0 0 0 
0 0 0 0 0 0 0 0 0 0 0 0 1 0 0 0 0 0 0 0 0 0 0 0 0 0 0 0 0 0 0 0 0 4 0 0 0 0 18 0 0 12 1 0 0 0 0 0 0 0 0 0 15 6 0 0 0 0 6 0 0 0 0 0 0 6 0 0 0 10 0 6 0 0 13 0 18 12 0 1 0 9 0 0 0 0 0 0 7 0 0 0 0 0 0 0 0 4 0 0 0 0 0 0 0 0 3 0 0 0 0 0 6 0 0 0 0 0 0 0 0 0 0 0 0 0 0 0 0 0 0 0 0 0 0 0 0 10 0 0 1 0 0 0 0 0 10 0 0 0 0 0 0 0 0 0 0 0 0 0 0 0 0 0 0 0 0 0 
0 0 0 0 0 0 0 0 0 0 0 4 0 0 0 0 0 0 0 0 0 0 0 0 0 0 0 0 0 0 0 0 0 0 0 0 0 0 9 0 0 0 18 0 0 0 0 0 0 0 0 0 0 21 3 0 0 0 0 0 0 0 10 0 12 0 0 0 0 0 0 0 1 9 0 3 0 0 0 0 0 19 0 0 25 0 0 0 0 0 12 3 0 0 0 0 0 0 0 0 0 0 0 0 3 0 0 0 18 0 0 0 0 0 0 3 0 0 0 0 3 0 0 0 0 0 0 0 25 0 0 0 6 0 7 0 15 0 0 0 13 21 0 0 0 0 0 0 0 0 0 0 0 0 0 0 0 0 0 0 0 0 0 0 0 0 0 0 
0 0 0 0 0 0 0 0 0 0 0 0 0 0 0 0 0 0 0 0 0 0 0 0 0 0 0 0 0 0 0 0 0 0 0 0 0 0 0 0 0 0 0 0 0 0 0 0 0 0 0 0 0 0 0 0 0 15 0 0 0 1 0 0 0 0 0 0 0 0 0 0 1 0 0 0 0 4 1 0 0 3 15 0 0 18 1 0 0 30 12 0 0 0 0 0 0 0 0 3 3 4 10 0 1 0 12 0 0 0 0 16 0 0 6 0 4 3 0 0 0 0 0 6 12 0 0 0 0 0 0 0 0 0 0 0 0 27 0 0 0 0 0 0 0 0 0 0 0 0 0 0 0 0 0 0 0 0 0 0 0 0 0 0 0 0 0 0 
0 0 0 0 0 0 0 0 0 0 0 0 0 0 19 0 0 15 0 0 0 0 0 0 0 0 0 3 0 0 0 0 0 0 0 0 0 0 6 0 0 0 0 0 0 1 0 0 0 0 0 0 0 0 0 0 0 0 0 0 24 0 0 0 0 0 0 1 9 0 0 0 22 7 6 0 0 1 0 6 0 0 0 0 3 1 1 3 0 3 0 0 1 0 0 0 0 18 0 1 0 13 0 0 0 0 0 0 0 4 0 9 0 0 0 0 0 3 0 0 0 0 0 13 0 0 6 0 0 0 0 0 0 0 0 0 0 0 1 0 0 0 0 0 0 0 0 0 0 0 0 0 0 0 0 0 0 0 0 0 0 0 0 0 0 0 0 0 
0 0 0 0 0 0 0 0 0 0 0 0 0 0 0 0 0 0 0 0 0 0 0 0 0 0 0 0 0 0 0 0 0 0 0 0 0 0 0 0 0 1 0 0 0 0 0 0 0 21 0 0 0 0 0 0 0 0 0 0 0 3 4 0 0 0 0 0 0 10 0 13 0 0 0 24 0 3 0 3 0 0 6 0 0 12 0 0 6 0 0 3 9 0 10 0 0 0 0 0 15 0 0 4 0 0 1 0 0 3 0 0 1 0 0 0 0 0 0 0 0 0 0 0 10 0 0 0 21 0 0 0 0 0 0 0 0 0 0 15 0 0 0 0 0 0 0 0 0 0 0 0 0 0 0 0 0 0 0 0 0 0 0 0 0 0 0 0 
0 0 0 0 0 0 0 0 0 0 0 0 0 0 0 0 0 0 0 0 0 0 0 0 0 0 0 0 0 0 0 0 0 0 0 0 0 0 0 0 0 0 0 0 0 6 27 0 0 0 0 0 0 0 0 7 0 0 3 0 0 0 0 9 9 0 3 16 0 18 0 25 0 0 0 0 0 0 0 7 0 0 0 0 1 0 0 0 0 0 21 4 0 0 0 0 6 3 0 1 3 12 28 0 0 0 0 0 0 0 0 0 0 0 0 13 0 12 0 6 0 0 0 0 0 0 12 0 0 0 0 0 0 0 1 0 0 0 0 0 0 0 0 0 0 0 0 0 0 0 0 0 0 0 0 0 0 0 0 0 0 0 0 0 0 0 0 0 
0 0 0 0 0 0 0 0 0 0 0 0 0 0 0 0 0 0 0 0 0 0 0 0 0 0 0 0 0 0 0 0 0 0 1 0 1 0 0 0 0 0 0 0 0 0 16 4 0 0 0 1 0 0 0 0 15 0 0 3 16 6 0 0 0 0 7 0 0 0 6 12 0 0 4 0 1 0 0 0 0 0 0 0 3 0 7 0 0 6 3 0 3 0 0 0 0 0 0 0 0 0 0 0 0 0 1 0 0 0 9 0 0 0 3 0 22 0 0 0 0 0 3 0 15 0 0 0 0 0 0 0 0 0 0 0 0 0 0 0 0 0 0 0 0 0 0 0 0 0 0 0 0 0 0 0 0 0 0 0 0 0 0 0 0 0 0 0 
0 0 0 0 0 0 0 0 0 0 0 0 0 0 0 0 0 0 0 0 0 0 0 0 0 0 0 0 0 0 0 0 0 0 0 0 0 0 24 4 0 0 0 0 0 0 0 0 0 0 0 6 9 0 12 6 3 0 0 0 13 0 0 0 21 0 0 0 10 0 0 24 3 0 0 0 0 0 0 9 0 10 0 0 1 0 0 0 0 0 0 0 0 0 0 0 0 0 0 4 9 0 0 0 6 0 0 0 3 1 0 0 7 0 0 0 9 7 0 30 0 0 0 0 0 0 0 0 0 0 0 0 0 0 0 0 0 0 0 0 0 0 0 0 0 0 0 0 0 0 0 0 0 0 0 0 0 0 0 3 0 0 0 0 0 0 0 0 
0 0 0 0 0 0 0 0 0 0 0 0 0 0 0 0 0 0 0 0 0 0 0 0 0 0 0 0 0 0 0 0 0 0 0 0 0 0 0 0 3 0 0 0 18 0 0 0 0 0 0 0 6 0 0 0 0 0 0 0 0 21 0 0 0 0 0 0 0 0 3 4 0 0 0 0 0 0 0 0 3 21 1 1 0 0 0 0 6 0 0 28 1 3 0 0 0 0 0 0 0 4 15 0 0 0 0 0 15 0 0 0 0 9 0 0 0 0 0 10 0 16 1 0 3 0 0 6 0 0 0 0 0 6 0 21 0 0 0 0 13 0 0 0 0 0 9 0 0 0 0 0 0 0 0 0 0 0 0 0 0 0 0 0 0 0 0 0 
0 0 0 0 0 0 0 0 0 0 0 0 0 0 0 0 0 0 0 0 0 0 0 0 0 0 0 0 0 0 0 0 0 0 0 13 0 0 0 0 0 0 0 0 0 0 0 0 0 0 4 0 0 3 0 0 0 1 19 0 0 0 0 0 0 9 0 3 0 0 1 0 0 3 0 15 0 0 0 0 0 0 9 0 0 0 0 0 0 0 0 0 0 0 0 0 0 0 0 0 0 0 0 0 0 0 0 0 7 18 0 0 0 15 0 0 0 0 25 0 0 0 7 0 0 12 1 0 0 0 1 0 0 0 0 9 0 0 0 0 0 0 0 0 0 0 0 0 0 0 0 0 0 0 0 0 0 0 0 0 0 0 0 0 0 0 0 0 
0 0 0 0 0 0 0 0 0 0 0 0 0 0 0 0 0 0 0 0 0 0 0 0 0 0 0 0 0 0 0 0 0 0 0 0 7 0 0 0 0 0 0 0 0 0 0 0 0 19 0 0 0 0 15 0 21 24 0 0 1 9 0 0 0 0 0 0 0 22 0 0 0 9 9 0 0 0 3 7 9 3 0 0 0 21 0 1 0 21 0 0 0 0 0 13 0 0 0 0 9 0 0 0 0 25 0 0 0 0 0 0 0 0 0 0 0 0 0 0 0 0 0 0 12 6 0 0 0 0 0 0 0 0 0 0 0 0 0 0 0 0 0 0 42 0 3 42 3 0 0 0 0 0 0 0 0 0 0 0 0 0 0 0 9 0 0 0 
0 0 0 0 0 0 0 0 0 0 0 0 0 0 0 21 0 0 0 3 0 0 0 0 0 0 0 0 0 0 0 0 0 0 0 0 0 0 0 1 3 0 0 0 0 0 0 0 9 10 1 0 3 3 10 4 9 6 0 9 0 0 0 3 0 0 0 0 0 0 0 0 0 1 4 3 1 1 0 0 10 1 0 0 0 0 0 0 0 0 3 1 1 0 0 0 0 0 0 6 0 0 0 0 0 0 0 0 0 0 0 10 9 0 0 3 0 0 0 0 0 0 0 0 0 3 0 0 0 10 0 0 0 0 0 0 0 0 0 0 33 0 0 0 0 0 0 0 0 0 0 6 0 0 0 0 0 0 0 0 0 0 0 0 0 0 0 0 
0 0 0 0 0 0 0 0 0 0 0 0 0 0 0 0 0 0 0 0 0 0 0 0 0 0 0 0 0 0 0 0 0 0 0 0 0 3 0 0 0 0 0 0 0 0 0 0 0 0 3 13 1 0 0 0 1 0 0 0 0 0 0 12 1 16 0 0 0 3 0 0 15 0 12 0 0 0 0 15 15 4 0 0 0 15 6 1 0 0 0 0 0 0 9 3 18 0 0 0 0 6 0 0 0 0 0 1 0 3 0 0 0 0 0 0 0 0 0 0 0 6 0 1 9 7 3 0 0 0 0 0 0 0 0 0 0 0 0 0 0 0 0 0 0 0 0 0 0 0 0 0 0 0 0 0 0 0 15 0 0 0 0 0 0 0 0 0 
0 0 0 0 0 0 0 0 0 0 0 0 0 0 0 0 0 0 0 0 0 0 0 0 0 0 0 0 0 0 0 0 0 0 0 0 0 0 0 0 15 0 0 0 0 4 0 0 0 0 6 0 0 0 0 0 0 0 18 0 0 0 0 0 0 0 0 16 0 0 0 0 0 1 0 0 0 0 1 6 0 0 0 16 9 0 0 0 12 0 0 0 3 0 7 4 6 13 0 0 0 0 3 0 13 0 0 10 0 0 0 0 0 0 0 0 0 3 0 0 0 0 0 0 3 0 0 0 0 0 0 0 0 0 0 4 0 0 0 0 0 0 0 0 0 7 0 0 0 0 0 0 0 0 0 0 0 0 0 0 0 0 0 0 0 0 0 0 
0 0 0 0 0 0 0 0 0 0 0 0 0 0 0 0 0 0 0 0 0 0 0 0 0 0 0 0 0 0 0 0 0 0 0 0 0 0 0 0 6 0 0 0 0 0 0 0 0 0 0 0 6 0 0 0 0 0 0 0 0 1 0 10 18 6 0 6 0 0 0 0 0 12 13 0 1 0 0 4 0 0 0 0 0 0 0 0 0 0 0 7 0 18 3 0 18 24 0 6 1 0 0 0 0 0 0 12 0 21 0 1 0 0 0 0 1 0 0 0 0 0 21 0 0 0 0 0 3 0 0 0 0 0 0 0 0 0 0 0 0 0 15 0 0 0 0 0 0 0 0 0 0 0 0 0 0 0 0 0 0 0 0 0 0 0 0 0 
0 0 0 0 0 0 0 0 0 0 0 0 0 0 0 0 0 0 0 0 0 0 0 0 0 0 0 0 0 0 0 0 0 0 0 3 0 0 0 0 0 0 0 0 0 0 0 3 0 15 24 0 0 0 0 4 12 0 27 0 15 0 0 0 0 0 0 12 0 0 0 3 0 0 0 0 0 0 0 0 0 0 0 0 0 0 0 0 0 0 0 0 0 0 0 0 0 16 25 0 3 3 6 0 0 0 0 0 0 0 9 0 0 0 0 0 0 3 0 0 6 0 0 0 0 0 4 0 0 21 15 0 0 0 0 0 0 0 0 0 0 0 0 0 0 0 0 0 0 0 0 0 0 0 0 0 0 0 0 0 0 0 0 0 0 0 0 0 
0 0 0 0 0 0 0 0 0 0 0 0 0 0 0 0 0 0 0 0 0 0 0 0 0 0 0 0 0 0 4 0 0 0 0 0 0 0 6 0 3 0 0 0 10 0 0 27 0 0 0 0 3 1 0 0 0 0 0 1 0 4 0 6 0 0 0 0 0 0 0 0 0 0 0 0 0 0 0 0 0 0 0 0 0 13 0 0 0 0 0 0 0 0 0 9 0 9 0 0 0 3 0 0 0 0 12 7 0 0 0 1 0 0 0 0 0 0 9 0 3 0 0 0 0 0 0 0 0 0 0 1 0 0 0 0 0 24 0 0 0 0 0 0 0 0 0 0 0 0 0 0 0 0 0 0 0 0 0 0 0 0 0 0 0 0 0 0 
0 0 0 0 0 0 0 0 0 0 18 0 0 0 0 0 0 0 0 0 0 0 0 0 0 0 0 0 0 0 0 0 0 0 0 0 0 0 0 0 0 0 0 0 28 0 3 12 0 18 0 1 0 0 0 0 0 9 0 0 0 0 4 0 12 0 4 0 6 0 3 0 9 3 0 0 0 6 0 7 0 0 0 0 0 0 0 0 0 4 0 0 1 13 0 0 15 0 0 0 0 0 0 27 1 0 0 9 0 0 0 0 0 6 0 0 0 0 0 27 0 0 0 0 0 0 0 0 0 10 0 0 0 0 0 0 3 0 9 0 0 0 0 0 0 0 0 0 0 0 0 0 0 0 0 0 0 0 0 0 0 0 0 0 0 0 0 0 
0 0 0 0 0 0 0 0 0 0 0 0 0 0 0 0 0 0 0 0 0 0 0 0 0 0 0 0 0 0 0 1 0 0 0 0 0 0 0 0 13 34 0 0 0 0 0 0 0 0 0 0 0 1 3 0 0 27 0 0 0 0 0 0 0 21 0 0 6 0 0 0 0 0 1 6 0 0 0 0 12 15 0 0 12 0 0 0 1 0 0 0 1 0 3 0 3 7 0 0 0 0 0 0 0 3 0 0 0 12 0 0 0 0 0 0 4 9 0 1 0 0 0 0 0 0 0 0 0 0 0 0 0 0 0 0 0 0 0 0 0 0 7 0 0 0 3 18 0 0 0 0 0 0 0 0 0 0 0 0 0 0 0 0 0 0 0 0 
0 0 0 0 0 0 0 0 0 0 0 0 0 0 0 0 0 0 0 0 0 0 0 0 0 0 0 0 0 0 0 0 3 0 0 3 0 9 0 0 0 0 6 0 4 0 0 0 4 3 1 0 0 0 6 0 0 0 0 7 0 7 0 0 0 0 0 0 3 1 6 0 0 0 3 0 0 0 0 0 0 0 1 0 0 0 0 0 0 4 0 0 0 0 0 21 0 0 0 0 6 0 0 0 0 0 6 0 0 0 0 0 0 0 0 0 0 0 0 0 0 0 1 0 16 0 3 0 0 0 0 0 0 0 7 0 0 0 0 1 0 0 9 0 0 0 0 0 0 0 0 0 0 0 0 0 0 0 0 0 0 0 0 0 0 0 0 0 
0 0 0 0 0 0 0 0 0 0 0 0 0 3 0 0 0 0 0 0 0 0 0 0 0 0 0 0 0 0 0 0 0 0 0 0 0 0 0 0 0 0 0 12 0 4 0 0 0 0 0 0 0 0 0 0 0 0 0 0 0 6 0 0 0 3 0 0 3 10 0 0 6 0 0 0 3 0 0 0 0 0 0 4 0 0 0 0 0 0 18 0 0 0 0 0 27 0 0 0 0 0 0 0 0 0 0 0 0 0 1 0 0 0 0 0 0 0 0 4 15 0 18 0 0 0 0 0 9 0 0 0 0 0 15 0 0 0 0 0 0 0 0 0 0 0 0 0 0 0 0 0 0 0 0 0 0 0 0 0 0 0 0 0 0 0 0 0 
0 0 0 0 0 0 0 0 0 0 0 0 0 0 0 0 0 0 0 0 0 0 0 0 0 0 0 0 0 0 0 0 0 0 0 0 0 0 0 0 0 0 0 0 0 0 0 0 0 0 0 0 0 0 0 0 0 0 0 0 0 1 16 0 1 0 0 0 0 15 12 0 0 1 0 0 6 0 0 0 6 4 0 0 3 0 1 0 9 0 15 0 10 1 0 0 0 0 0 0 15 0 0 0 0 0 0 0 0 0 0 0 0 0 1 0 0 0 0 0 13 22 0 0 0 0 0 9 0 0 0 0 4 0 0 3 0 0 0 0 0 0 0 0 0 0 0 0 0 0 0 0 0 0 0 0 0 0 0 0 0 0 0 0 0 0 0 6 
0 0 0 0 0 0 0 0 0 0 0 0 0 0 0 0 0 0 0 12 0 0 0 0 0 0 0 0 0 0 0 0 0 0 0 0 0 0 0 0 0 0 18 0 6 0 0 0 0 4 9 0 0 0 0 9 1 0 0 16 0 0 0 0 9 0 0 4 9 0 0 4 0 6 0 0 0 0 4 0 1 3 0 6 0 0 0 0 0 0 0 0 6 3 0 0 6 10 0 0 0 0 0 0 3 0 0 0 18 0 0 0 0 0 0 0 0 3 12 0 0 0 0 0 0 0 0 3 0 0 7 6 4 1 0 0 0 0 0 0 0 0 0 0 0 0 1 0 0 0 0 0 0 0 0 0 0 0 0 0 0 0 0 0 0 0 0 0 
0 0 0 0 0 0 0 0 0 0 0 0 0 0 0 0 0 0 0 0 0 0 0 0 0 0 0 0 0 0 0 0 3 0 0 0 0 0 0 0 0 0 33 0 0 0 0 0 0 0 0 0 0 0 21 30 0 0 21 0 0 0 0 0 19 10 4 0 0 0 9 27 0 0 0 0 0 0 0 9 0 0 0 27 0 0 9 25 3 0 0 0 0 7 0 0 0 0 0 3 0 0 0 0 0 0 0 0 0 6 9 0 0 15 0 0 0 0 0 0 0 0 0 0 0 0 9 6 0 0 0 0 0 0 0 12 0 0 0 0 0 0 0 0 0 0 0 0 0 0 0 0 0 0 0 0 0 0 16 0 0 0 0 0 0 0 0 0 
0 0 0 0 0 0 0 0 0 0 0 0 0 0 0 0 0 0 0 0 0 0 0 0 0 0 0 0 0 0 0 0 0 0 0 0 36 0 0 0 0 0 0 0 0 0 0 0 0 0 0 0 0 0 0 0 0 0 10 0 0 15 3 0 0 0 3 0 0 0 0 0 10 0 0 0 4 4 0 0 1 0 15 1 0 0 15 0 3 3 0 0 0 0 0 3 0 0 0 6 0 6 3 0 21 0 0 12 0 1 0 0 0 0 0 0 0 0 4 0 0 0 0 0 0 0 0 0 0 0 0 0 3 0 0 0 0 0 0 0 0 0 0 0 0 0 0 0 0 0 0 0 0 0 0 0 0 0 0 0 0 0 0 0 0 0 0 0 
0 0 0 0 0 0 0 0 0 0 0 0 0 0 0 0 0 0 0 0 0 0 0 0 0 0 0 3 3 0 0 0 0 0 6 0 0 0 0 0 0 0 0 0 0 0 0 0 0 0 0 0 9 0 0 19 30 6 0 1 0 0 0 0 0 3 12 16 0 0 0 0 0 0 4 0 15 0 0 3 6 6 0 0 0 6 0 0 0 0 6 0 0 0 0 3 0 18 0 15 0 0 0 0 0 4 6 0 3 0 4 0 3 0 0 0 0 0 0 0 0 0 0 0 0 1 0 0 0 0 19 0 0 0 0 0 0 13 7 0 0 0 0 0 0 0 0 0 0 0 0 0 0 0 0 0 0 0 0 0 0 0 0 0 0 0 0 0 
0 0 0 0 0 0 0 0 0 0 0 0 0 0 0 0 0 0 0 0 0 0 0 0 0 0 0 0 0 0 0 0 0 0 3 0 0 0 0 0 21 0 0 0 0 3 0 0 0 3 0 0 0 0 0 6 0 0 0 0 3 0 0 0 0 0 1 0 0 0 19 0 0 0 0 0 0 0 0 25 18 1 0 0 15 0 0 1 0 0 0 0 18 0 6 0 6 0 9 0 0 0 0 0 0 0 0 1 0 0 0 0 0 0 0 0 0 0 0 0 0 0 1 9 7 0 0 1 0 0 0 0 0 6 0 0 0 7 0 0 0 0 0 0 0 0 3 0 0 0 0 0 0 0 0 0 0 0 0 0 0 0 0 0 0 0 0 0 
0 0 0 0 0 0 0 0 0 0 0 0 0 0 0 0 0 0 0 0 0 0 0 0 0 0 0 0 0 0 0 0 1 0 0 0 0 0 0 0 0 0 0 0 0 10 0 0 0 0 18 0 0 0 0 0 0 0 0 6 0 0 3 3 12 3 0 3 1 0 0 0 0 0 0 9 0 3 0 0 0 0 0 6 0 0 0 0 0 0 0 0 0 0 0 0 0 0 12 0 0 3 0 1 0 9 0 0 0 0 0 21 15 0 0 0 24 0 0 0 0 0 0 1 0 0 27 0 0 0 0 0 0 0 0 0 0 0 0 0 0 0 0 0 0 0 0 0 0 0 0 0 0 0 0 0 0 0 0 0 0 0 0 0 0 0 0 0 
0 0 0 0 0 0 0 0 0 0 0 0 0 0 0 0 0 0 0 0 0 0 0 0 0 0 0 0 0 0 0 0 0 19 0 0 0 0 0 0 0 0 0 0 0 0 0 0 0 0 0 0 0 6 0 6 0 0 0 0 0 13 0 0 0 0 0 0 0 0 0 0 0 0 0 0 0 3 0 13 0 6 0 0 0 0 0 6 0 0 0 1 0 3 1 0 0 0 0 4 0 18 6 0 0 0 10 0 0 0 18 0 0 0 12 0 0 27 0 0 0 13 0 0 0 0 0 0 0 0 12 0 0 0 19 6 0 0 0 0 0 0 0 0 0 0 0 0 0 0 0 0 0 0 0 0 0 0 0 0 0 0 0 0 0 0 0 0 
0 0 0 0 0 0 0 0 0 0 0 0 0 0 0 0 0 0 0 0 0 0 0 0 0 0 0 0 0 0 0 0 0 0 0 0 0 0 0 0 0 0 0 0 0 0 12 0 0 0 1 15 0 0 0 16 0 0 0 15 0 0 0 0 0 0 0 0 15 13 7 0 0 0 0 1 0 0 0 0 0 6 0 3 0 12 0 4 1 0 0 0 0 0 0 0 0 0 0 0 1 0 0 0 0 0 0 0 12 27 1 0 0 0 0 0 0 0 0 0 0 0 0 0 0 0 0 0 0 0 0 0 0 0 0 0 0 0 0 0 0 0 0 0 0 0 0 0 0 0 0 0 0 0 0 0 0 0 0 0 0 0 0 0 0 0 0 0 
0 0 0 0 0 0 0 0 0 0 0 0 0 0 0 0 0 0 0 0 0 0 0 0 0 0 0 0 0 0 0 0 25 0 0 1 0 0 13 0 0 0 0 0 0 0 28 0 0 0 21 6 0 0 0 0 0 0 0 0 0 0 22 0 0 0 6 0 0 0 0 0 0 6 0 0 6 0 0 0 0 18 0 0 0 0 0 0 0 0 0 0 0 0 0 0 9 0 0 9 0 0 0 0 0 0 1 0 0 16 3 0 0 0 0 0 7 0 4 12 0 0 0 0 0 0 0 0 0 0 0 0 0 0 33 0 6 0 0 0 0 0 0 0 0 0 0 0 12 0 0 0 0 0 0 0 0 0 0 0 0 0 0 0 0 0 0 0 
0 0 0 0 0 0 0 0 0 0 0 0 0 0 0 0 0 0 0 0 0 0 0 0 0 0 0 0 0 0 0 0 0 0 0 0 18 3 0 0 0 0 0 4 0 0 0 0 0 0 0 0 4 0 0 0 0 0 0 0 0 0 0 0 0 0 0 0 0 0 0 1 3 0 0 7 1 0 15 0 0 1 0 1 0 0 0 0 0 0 1 0 6 0 0 9 0 0 0 0 6 0 0 6 0 15 9 0 0 0 0 0 27 3 0 0 0 0 0 0 0 0 0 0 0 0 0 0 0 0 0 0 0 0 3 0 0 0 0 0 0 0 0 0 0 16 0 0 0 0 0 0 0 0 0 0 0 0 0 0 0 0 0 0 42 0 0 0 
0 0 0 0 0 0 58 0 0 0 0 0 13 0 0 0 0 0 0 0 0 0 0 0 0 0 0 0 0 0 0 0 0 0 0 0 0 0 0 0 0 0 0 0 0 0 0 0 0 0 0 1 6 0 0 0 0 0 0 0 0 0 0 0 0 0 0 0 7 0 0 0 15 0 0 0 0 18 0 3 0 0 0 0 0 10 19 0 3 0 0 6 12 0 0 0 0 7 0 0 0 0 1 3 0 0 0 0 0 3 3 0 0 0 0 0 0 0 0 9 0 0 0 0 0 3 0 0 3 0 0 0 0 0 0 0 0 0 0 0 0 0 0 0 0 0 0 0 0 0 0 0 0 0 0 0 0 0 0 0 0 0 0 0 0 0 0 0 
0 0 0 0 0 0 0 0 0 0 0 0 0 0 0 0 0 0 0 0 0 0 0 0 0 0 0 0 0 0 0 0 0 27 0 0 0 0 0 0 0 0 0 0 0 7 0 0 0 6 0 0 0 0 0 6 13 0 0 0 12 0 0 0 0 0 3 0 15 0 19 0 0 6 0 0 15 1 0 0 0 0 3 0 0 13 0 0 0 0 0 9 0 0 12 3 0 3 0 6 3 0 0 0 12 0 0 24 0 0 0 0 0 0 0 0 10 0 0 1 0 0 0 0 0 0 0 15 0 0 0 0 0 0 0 0 0 0 0 0 0 0 0 0 0 0 0 0 0 0 0 0 0 0 0 0 0 0 0 0 0 0 0 0 0 0 0 0 
0 0 0 0 0 0 0 0 0 0 0 0 0 0 0 0 0 0 0 0 0 0 0 0 0 0 0 0 0 0 0 0 0 0 0 0 0 0 0 0 0 0 0 0 0 0 0 0 0 0 6 0 0 3 3 0 0 0 0 1 0 0 0 0 0 0 0 0 10 9 0 13 0 0 0 0 1 0 1 0 0 4 0 0 0 9 0 0 0 0 0 0 6 0 0 0 0 0 0 3 0 3 28 0 6 0 1 0 1 0 0 10 0 0 0 0 30 0 0 0 0 0 0 0 0 0 1 0 1 0 3 0 0 0 0 0 0 0 0 0 0 0 0 0 0 0 0 0 0 0 0 0 0 0 0 0 0 0 0 0 0 0 0 0 0 0 0 0 
0 0 0 0 0 0 0 0 0 0 0 0 0 0 0 0 0 0 0 0 0 0 0 0 0 0 0 0 0 0 0 0 0 0 0 0 0 0 0 0 0 0 0 0 0 0 0 0 0 0 0 0 0 0 1 0 0 0 0 0 25 0 0 0 0 0 7 3 30 30 0 0 0 6 15 0 0 12 3 13 0 15 1 3 0 3 21 21 3 0 0 0 3 0 0 0 0 0 0 0 12 0 0 4 7 15 0 0 0 0 0 0 0 0 0 0 6 31 0 28 0 0 0 0 0 0 0 0 0 0 0 12 0 0 0 0 0 0 0 0 0 0 0 0 0 0 0 0 0 0 0 0 0 0 0 0 0 0 0 0 0 0 0 0 0 0 0 0 
0 0 0 0 0 0 0 0 0 0 0 0 0 0 0 0 0 48 0 0 0 0 0 0 0 0 0 0 0 0 0 0 0 0 0 19 0 0 0 0 0 0 22 0 0 0 0 0 0 0 15 0 3 0 0 0 0 0 0 0 6 0 21 15 0 0 0 21 0 0 0 0 1 0 7 0 0 1 0 0 0 9 0 4 12 0 0 0 0 0 0 0 0 0 3 13 0 24 27 0 0 0 0 3 0 9 4 0 0 0 0 0 0 0 3 0 0 0 0 9 0 1 0 0 0 0 0 0 9 0 0 0 0 0 0 0 0 0 0 0 0 0 0 0 0 0 0 0 0 0 0 0 0 0 0 0 0 0 0 0 0 0 0 0 0 0 0 0 
0 0 0 0 0 0 0 0 0 0 0 0 0 0 0 0 0 0 0 0 0 0 0 0 0 0 0 0 0 0 0 0 0 0 0 1 3 0 0 0 0 13 0 0 16 0 0 0 0 0 0 0 0 0 0 0 0 0 0 6 0 0 0 0 1 15 7 3 0 0 0 6 1 0 0 4 7 10 0 0 0 3 0 0 6 16 0 0 0 0 0 0 0 0 1 0 3 0 10 0 0 15 0 0 1 0 0 3 9 0 0 0 0 0 1 0 1 0 3 0 0 0 0 0 0 7 0 0 0 0 0 0 0 0 0 0 0 0 0 3 0 0 0 0 0 0 0 0 0 0 0 0 4 0 0 0 0 0 0 0 0 0 0 0 0 0 0 0 
0 0 0 0 0 0 0 0 0 0 0 0 0 0 0 0 0 0 0 0 0 0 0 0 0 0 0 0 0 0 1 0 0 0 6 0 0 0 0 0 0 1 0 12 0 0 0 0 0 0 0 0 0 0 6 0 0 0 3 0 0 1 0 0 0 0 0 0 9 0 7 12 0 10 0 0 0 0 0 4 0 0 0 0 0 0 3 3 3 0 1 0 15 0 0 0 0 15 15 0 0 0 0 0 0 12 0 0 0 0 0 0 0 0 3 0 0 0 0 0 0 0 0 1 0 0 0 0 0 0 0 0 0 0 0 0 0 0 0 0 0 0 0 0 3 0 0 0 0 0 0 0 0 0 0 0 0 0 0 0 0 0 0 0 0 0 0 0 
0 0 0 0 0 0 0 3 0 0 0 0 0 0 0 0 0 0 0 0 0 0 0 0 0 0 0 0 0 0 0 0 0 0 3 0 15 24 0 0 0 0 0 0 0 0 0 0 0 0 0 3 0 1 4 0 0 0 0 0 0 0 0 0 0 0 0 9 0 0 0 0 1 0 0 4 3 0 9 1 0 0 0 6 0 0 1 0 0 0 0 0 0 0 0 0 0 0 0 7 0 0 0 18 0 0 0 0 0 0 0 0 0 0 1 0 0 0 0 0 0 21 0 0 0 0 0 0 0 3 0 0 0 0 0 0 0 0 0 0 0 0 4 0 0 0 0 0 0 0 0 0 0 0 0 0 0 0 0 0 0 0 0 0 0 0 0 0 
0 0 0 0 0 0 0 0 0 0 0 0 0 0 0 0 0 0 0 0 0 0 0 0 0 0 0 0 0 0 0 0 0 0 0 0 0 0 0 0 0 0 0 0 0 0 0 0 0 0 0 0 0 0 0 0 0 0 0 0 0 1 6 19 0 0 0 0 0 0 6 0 0 0 0 0 0 0 0 0 0 0 18 0 0 0 7 24 0 6 0 3 0 0 0 0 0 0 0 0 0 0 1 0 0 0 16 0 0 0 0 0 0 0 0 0 0 0 0 0 0 15 0 0 0 0 0 7 0 0 0 0 0 0 6 0 0 0 0 0 0 0 0 0 0 0 0 0 0 0 0 0 0 0 0 0 0 0 0 0 0 0 0 0 0 0 0 0 
0 0 0 0 0 0 0 0 0 0 0 0 0 0 0 0 0 0 0 0 0 0 0 0 0 0 0 0 0 0 0 0 0 0 0 0 0 0 0 0 0 0 0 0 0 0 0 0 0 0 0 0 0 0 0 9 1 0 0 0 0 3 0 0 0 0 0 0 0 0 0 0 0 9 0 0 21 0 0 0 0 0 0 0 4 0 0 0 0 0 15 0 0 0 0 0 0 0 0 0 0 7 0 6 0 3 3 3 7 27 22 0 0 1 0 0 0 6 0 0 0 0 9 0 0 6 6 0 0 0 0 0 0 0 0 0 0 0 1 0 0 0 0 0 0 24 0 37 0 0 0 0 0 0 0 0 0 0 0 0 0 0 0 0 0 0 0 0 
0 0 0 0 0 0 0 0 0 0 0 0 0 0 0 0 0 0 0 0 0 0 0 0 0 0 0 0 0 0 0 0 0 0 0 0 0 0 0 0 0 22 21 0 0 0 0 0 0 0 0 0 0 0 0 0 0 0 16 0 0 7 0 0 0 0 0 0 0 15 0 0 0 0 3 0 0 0 1 0 0 0 21 0 0 7 3 0 0 7 0 13 6 0 0 1 0 0 0 0 18 0 0 0 0 0 0 0 0 3 0 0 0 1 0 12 0 10 0 0 0 0 0 6 0 0 22 0 0 0 0 0 0 0 0 0 0 0 0 0 0 24 0 0 0 0 0 0 0 0 0 0 0 0 0 0 0 0 0 0 0 0 0 0 0 0 0 0 
0 0 0 0 0 0 0 0 0 0 0 0 0 0 0 0 0 0 0 0 0 9 0 0 0 0 0 0 0 0 0 0 0 0 0 1 0 0 0 0 0 0 0 30 0 0 0 0 0 21 3 0 0 0 0 1 0 0 0 0 0 0 0 0 0 13 0 0 7 0 0 0 15 0 4 0 0 16 0 18 16 21 0 0 0 12 0 6 0 7 3 6 0 0 3 0 0 0 0 3 10 9 0 4 0 0 0 0 9 0 0 0 0 0 0 0 0 0 0 0 0 21 21 0 0 0 3 0 0 0 0 3 4 0 6 0 0 0 19 0 0 0 0 0 9 0 0 0 0 0 0 0 0 0 0 0 0 0 0 0 0 0 0 0 0 0 0 0 
0 0 0 0 0 0 0 0 0 0 0 0 0 0 0 0 0 0 0 0 0 0 0 0 0 0 0 0 30 1 0 0 18 0 0 0 0 0 0 0 0 0 1 0 0 9 0 0 0 0 0 0 0 0 0 0 0 0 0 0 0 0 0 3 18 0 0 10 0 4 7 0 0 0 1 0 0 0 1 0 3 0 9 0 0 0 0 0 1 0 6 0 0 9 0 6 0 0 0 0 3 0 1 6 0 0 25 0 6 0 0 6 0 0 0 0 0 0 0 0 0 0 9 0 0 0 0 0 0 0 0 0 0 0 9 0 0 0 0 0 0 0 0 0 0 0 0 0 0 0 0 0 0 0 0 0 0 0 0 0 0 0 0 0 0 0 0 0 
0 0 0 0 0 0 0 0 0 0 0 0 0 0 0 0 0 0 0 0 0 0 0 0 0 0 0 0 0 0 0 0 0 0 0 0 0 0 0 0 0 0 3 0 0 0 0 0 1 0 0 0 0 0 1 0 9 6 0 1 18 0 0 1 0 3 0 0 7 0 1 0 0 0 0 0 0 0 30 0 0 0 0 4 0 0 0 0 0 18 0 0 9 0 0 3 9 0 0 3 0 9 0 0 0 0 0 0 0 0 0 9 1 0 0 0 0 0 0 6 21 0 0 0 0 0 0 6 0 1 0 0 0 0 0 0 3 0 0 0 0 0 0 0 0 0 0 0 0 0 16 0 0 0 0 0 0 0 0 0 0 0 0 0 0 0 0 0 
0 0 0 0 0 0 0 0 0 0 0 0 0 0 0 0 0 0 0 0 0 0 0 0 0 0 7 0 0 0 0 0 0 1 0 0 3 0 0 0 0 13 25 3 0 0 0 0 0 0 0 1 0 7 0 0 6 0 0 0 0 0 0 0 0 0 0 0 3 0 0 0 0 0 0 0 7 0 0 12 0 0 1 0 0 0 0 0 6 6 0 0 0 15 19 0 0 1 1 7 0 0 0 0 0 0 0 9 0 0 3 0 0 3 15 0 0 1 0 31 3 0 0 21 0 0 0 0 0 0 0 0 0 0 0 0 0 0 0 0 0 0 0 0 0 0 0 0 0 0 0 0 0 0 0 0 0 0 0 0 0 0 0 0 0 0 0 0 
0 0 0 0 0 0 0 0 0 0 0 0 0 0 0 0 0 0 48 0 0 0 0 0 0 0 0 0 0 0 0 0 0 0 0 0 0 0 25 0 0 0 0 0 0 0 0 12 0 0 0 1 0 0 0 0 0 4 0 0 0 3 0 24 4 4 0 9 0 1 0 0 0 19 21 0 10 0 0 1 0 0 6 7 0 0 7 12 0 0 0 3 0 0 0 0 7 9 0 0 0 0 0 0 0 9 0 0 0 0 6 0 0 12 0 0 0 0 1 0 0 0 0 0 0 0 0 0 0 3 0 0 0 0 0 0 0 3 0 0 0 0 0 0 0 33 0 0 0 0 0 0 0 0 0 0 0 0 0 0 0 0 0 0 0 0 0 0 
0 0 0 0 0 0 0 0 0 0 0 0 0 0 0 0 0 0 0 0 0 0 0 0 0 0 0 0 0 0 15 0 0 0 0 0 0 0 0 0 0 0 0 0 0 0 0 0 0 0 0 0 0 0 15 0 0 0 0 0 0 0 0 1 0 0 0 0 12 0 30 3 0 0 0 0 27 12 0 0 0 0 0 0 0 1 1 0 0 0 0 0 0 1 28 0 0 0 0 12 0 0 0 0 0 0 0 0 12 0 0 7 0 0 0 3 1 0 0 10 0 3 0 1 0 0 12 0 0 0 0 0 0 0 0 0 1 0 0 0 0 0 0 0 0 0 0 0 0 0 0 0 0 0 0 0 0 0 0 0 0 0 0 0 6 0 0 0 
0 0 0 0 0 0 0 0 0 0 0 0 0 0 0 0 0 0 0 0 0 0 0 0 0 0 0 0 0 0 0 0 0 0 4 0 0 0 0 0 0 0 0 0 0 0 0 0 7 0 0 0 0 0 0 0 0 0 9 0 0 0 0 0 0 0 0 0 0 9 3 0 0 0 0 0 0 0 4 0 0 0 0 0 0 0 12 1 13 3 0 1 4 0 4 0 0 0 25 0 0 18 0 0 0 21 0 0 0 22 0 13 3 0 18 3 0 0 0 0 30 0 0 0 0 0 0 0 0 0 0 0 18 0 0 0 0 0 0 0 0 0 0 0 0 0 0 0 0 0 0 0 0 0 0 0 0 0 0 9 0 0 0 0 0 0 0 0 
0 0 0 0 0 0 0 0 0 0 0 0 0 0 0 0 0 0 0 0 0 0 0 0 0 0 0 0 6 0 0 0 0 0 0 0 24 0 0 0 0 0 0 31 0 0 0 0 0 0 0 0 3 21 0 0 7 0 6 0 0 1 0 0 0 0 0 0 3 9 0 1 0 0 0 0 0 0 16 0 0 4 3 13 0 9 0 0 0 0 0 0 0 0 3 0 0 0 30 18 3 0 0 0 0 0 0 0 0 0 9 0 0 1 3 0 28 0 0 0 0 22 0 0 0 0 15 0 0 3 0 0 0 0 0 1 0 0 0 0 0 0 0 0 0 0 0 0 0 0 18 0 0 0 0 0 0 0 0 3 0 0 0 0 0 0 0 0 
0 0 0 0 0 0 0 0 0 0 0 0 0 0 0 0 0 0 0 0 0 0 0 0 0 0 0 0 0 0 0 15 0 0 3 0 0 0 0 0 0 0 0 0 0 0 3 0 0 0 0 0 0 0 4 0 0 0 1 0 9 4 0 0 3 0 0 0 0 0 0 1 0 0 1 0 0 18 0 0 1 0 1 0 0 0 0 3 1 0 9 28 0 0 0 6 0 0 0 0 16 0 0 0 0 0 0 0 1 10 0 0 0 0 0 1 0 15 0 0 0 0 0 0 0 0 0 0 10 0 0 0 0 0 0 0 0 3 0 0 0 0 0 0 27 0 0 0 0 0 0 0 0 0 0 0 0 0 0 0 0 0 0 0 0 0 0 0 
0 0 0 0 0 0 0 0 0 0 0 0 0 0 0 0 0 0 0 0 0 0 0 0 0 0 1 0 0 0 0 0 0 0 0 0 0 24 0 0 0 0 0 28 0 0 0 0 0 6 0 0 15 0 0 0 7 0 0 0 1 0 27 3 0 0 0 0 0 0 3 3 0 18 0 1 0 9 0 0 0 1 0 6 1 0 1 0 13 15 3 0 0 0 0 0 0 0 0 0 7 0 0 0 0 3 1 0 0 0 0 0 0 1 0 0 0 0 0 0 0 0 0 0 0 0 0 0 4 0 0 0 6 0 0 0 0 0 0 0 0 0 0 0 0 0 0 0 0 0 0 0 0 0 0 0 0 0 0 0 0 0 0 0 0 0 0 0 
0 0 0 0 0 0 0 0 0 0 0 0 0 0 0 0 0 0 0 0 0 0 0 0 0 0 0 0 0 0 0 0 0 0 0 0 0 0 0 0 0 0 0 0 0 0 0 0 0 21 13 3 4 0 0 0 0 0 0 0 0 0 0 7 3 0 0 9 0 0 0 3 0 0 12 19 0 1 0 0 0 0 0 0 0 0 0 7 15 0 0 0 0 0 0 0 0 0 0 0 0 1 0 0 0 0 0 0 0 0 0 0 1 0 7 0 7 0 0 0 0 0 0 0 0 0 0 0 6 24 0 0 0 0 0 0 0 0 0 0 0 0 0 0 0 0 0 0 0 0 0 0 0 0 0 0 0 0 0 0 0 0 0 0 0 0 0 0 
0 0 0 0 0 0 0 0 0 0 0 0 0 0 0 0 0 0 0 0 0 0 0 0 0 0 0 0 0 0 0 0 0 9 0 0 4 0 0 0 0 0 0 1 0 0 0 0 0 0 0 0 1 0 0 0 0 0 0 0 0 0 0 0 19 3 0 0 0 0 0 0 6 0 0 0 24 0 0 24 3 9 0 0 9 0 1 0 0 0 9 0 12 0 1 0 0 7 0 0 0 0 0 0 0 0 0 0 0 0 18 1 0 0 0 0 0 0 0 0 0 0 0 0 3 0 0 0 0 0 0 0 0 0 0 0 0 0 0 0 0 0 0 0 0 0 0 0 0 0 0 0 0 0 0 0 0 0 0 0 0 0 0 0 0 0 0 0 
0 0 0 13 0 0 0 0 0 0 0 0 0 0 0 0 0 0 0 0 0 0 0 0 10 0 6 0 0 0 0 0 0 0 0 0 0 0 0 0 0 0 0 0 0 0 0 0 0 0 0 0 0 0 0 0 0 0 0 10 4 0 16 0 0 1 0 0 12 15 3 10 9 0 0 0 0 4 0 0 0 7 25 0 3 12 1 1 0 0 0 0 0 0 0 0 0 15 0 0 0 0 0 0 0 0 0 13 0 0 3 0 0 0 3 0 0 0 0 0 6 0 0 0 0 0 0 0 0 0 0 0 0 0 0 0 3 0 0 0 0 0 0 0 0 0 0 0 0 0 0 0 0 0 0 0 0 0 0 0 0 0 0 0 0 0 0 0 
0 0 0 0 0 0 0 0 0 0 0 0 0 0 0 0 0 0 0 0 0 0 0 0 0 0 4 0 0 0 0 0 0 0 0 0 0 0 0 0 0 0 0 0 0 0 0 0 16 0 24 18 6 0 0 0 0 0 0 18 0 3 0 0 0 0 0 0 0 3 1 0 0 25 0 0 0 0 0 0 0 0 1 0 0 24 0 0 0 18 0 1 0 0 4 0 9 7 0 0 0 7 9 0 0 1 0 0 0 0 6 0 0 0 0 0 0 0 0 12 13 12 1 0 0 0 0 7 0 0 0 0 0 0 0 0 0 0 0 0 0 0 0 0 0 0 0 0 0 0 0 0 0 0 0 0 0 0 0 0 0 0 0 0 0 0 0 0 
0 0 0 0 0 0 0 0 0 0 0 0 0 0 0 0 0 0 0 0 0 0 0 0 0 0 0 0 0 0 0 0 0 0 0 0 0 0 0 0 0 0 22 0 0 0 0 0 0 0 0 0 0 0 0 0 0 0 0 0 0 0 3 1 3 0 0 15 0 0 0 6 0 3 6 0 0 0 3 0 9 0 0 0 0 0 4 0 0 0 0 0 9 0 0 0 0 0 3 0 0 0 0 0 0 4 0 3 0 0 0 0 0 12 0 0 21 0 0 0 16 0 0 0 0 0 0 0 0 0 0 3 0 0 0 0 1 0 0 0 0 0 0 0 0 0 0 0 0 0 0 0 0 0 0 0 0 0 0 0 0 0 0 0 0 0 0 0 
0 0 0 0 0 0 0 0 0 0 0 0 0 0 0 0 0 0 0 0 0 0 0 0 0 1 0 0 1 0 0 0 0 0 0 0 0 0 0 0 0 9 0 0 0 9 0 0 0 0 0 4 0 0 0 12 0 4 0 0 7 22 0 6 0 0 0 0 0 0 0 0 0 0 0 0 3 3 0 0 4 0 0 0 6 0 0 0 0 0 0 0 0 3 0 0 0 0 0 0 0 3 0 0 0 0 0 3 0 0 0 7 0 0 0 0 0 1 0 0 0 9 0 0 0 0 0 0 3 0 0 0 3 0 0 0 0 0 0 0 0 0 0 0 0 0 0 0 0 0 0 1 0 0 0 0 0 0 0 0 0 0 0 0 0 0 0 0 
0 0 0 0 0 0 0 0 0 0 0 0 0 0 0 0 0 0 0 0 0 0 0 0 0 0 0 0 0 4 0 0 1 0 0 0 0 0 0 0 0 0 0 25 0 0 0 0 3 7 0 0 0 6 0 21 0 0 0 16 0 0 0 0 22 0 3 0 0 3 0 0 7 0 3 12 0 6 0 0 6 22 0 0 0 0 1 24 0 0 0 21 0 12 0 0 0 0 0 0 0 0 0 0 0 0 3 0 0 9 0 3 0 0 4 0 0 0 0 0 0 0 0 24 28 0 0 9 0 0 16 0 0 0 0 0 0 0 0 0 0 0 0 0 0 0 0 0 0 0 0 0 0 0 0 0 0 0 0 0 0 0 0 0 0 0 0 0 
0 0 0 0 0 0 0 0 0 0 0 0 10 0 0 0 0 0 0 0 0 0 0 0 0 0 0 0 0 0 0 12 0 15 0 0 0 0 0 0 3 0 0 0 0 0 0 0 0 1 1 0 0 0 0 0 4 21 0 0 0 0 0 6 0 0 0 0 0 0 0 0 0 1 0 0 0 0 0 4 0 0 0 4 0 0 0 0 0 0 9 0 7 0 0 6 0 1 0 0 0 0 0 0 0 0 0 1 0 12 0 15 6 0 0 3 0 0 0 0 0 12 0 0 0 34 0 0 0 0 3 0 0 0 0 0 0 0 0 0 0 0 0 0 0 0 0 0 0 0 0 0 0 0 0 0 0 0 0 0 0 0 0 0 0 0 0 0 
0 0 0 0 0 0 0 0 0 0 0 0 0 0 0 0 0 0 0 0 0 0 0 0 0 0 0 0 0 1 0 0 0 0 0 0 0 0 0 3 0 0 0 0 0 0 0 9 0 0 0 0 0 0 0 0 12 0 0 0 0 4 0 0 0 4 0 10 0 10 0 7 6 0 0 9 0 0 1 6 0 0 0 0 6 0 0 6 3 0 0 0 0 0 0 3 0 0 0 0 0 27 0 0 0 4 3 1 6 0 0 0 0 1 0 0 0 0 0 0 3 1 0 0 0 0 0 0 4 0 0 0 0 7 0 0 0 0 0 0 0 0 0 0 0 0 0 0 0 0 0 0 0 0 0 0 0 0 0 0 0 0 0 0 0 0 0 0 
0 0 0 0 0 0 0 0 0 0 0 0 0 0 0 0 0 22 0 0 0 0 0 0 0 0 0 0 0 0 0 0 0 0 0 0 0 0 0 0 1 3 0 0 0 0 0 0 0 15 0 0 0 0 0 0 0 0 3 0 0 9 15 4 0 0 0 4 9 0 0 0 0 0 0 0 0 1 0 1 0 0 0 12 0 0 0 0 7 3 0 1 15 0 0 0 0 0 0 0 0 0 0 0 0 0 0 6 0 0 0 6 0 0 0 0 0 0 0 0 24 0 0 0 0 0 0 12 3 1 19 0 12 0 0 0 0 0 9 0 13 0 0 0 0 0 0 0 0 0 0 0 0 0 0 0 0 0 0 0 0 0 0 0 0 0 0 0 
0 0 0 0 0 0 0 0 0 0 0 0 0 0 0 0 1 0 0 0 0 0 0 0 0 0 0 0 0 0 0 0 0 0 0 0 0 0 0 0 0 0 0 0 16 0 0 0 3 0 0 0 0 0 0 0 6 0 0 0 3 0 0 0 1 0 0 7 0 0 0 0 0 0 0 0 0 0 0 0 0 0 0 0 0 0 0 0 0 12 0 0 10 6 0 0 0 0 7 0 0 0 0 0 0 1 0 0 0 12 0 0 12 0 7 0 0 0 0 0 0 0 0 0 0 0 0 0 0 21 0 0 0 24 0 0 0 0 0 0 0 0 0 0 0 0 0 0 0 0 0 0 0 0 0 0 0 0 0 0 0 0 0 0 0 0 0 0 
0 0 0 0 0 0 0 0 0 0 0 0 0 0 0 0 0 0 0 0 0 0 0 0 0 0 0 0 0 0 0 0 0 0 0 0 0 0 0 0 0 0 0 0 0 12 0 12 0 0 0 0 0 0 0 0 0 0 0 0 0 0 0 3 9 15 10 0 0 0 12 6 0 1 0 0 3 0 0 6 0 0 15 0 4 6 1 1 0 0 0 0 0 0 0 15 0 6 0 0 0 7 0 3 0 0 0 6 0 0 0 0 0 0 0 0 0 0 0 0 0 0 28 0 0 6 0 0 0 0 0 0 15 0 0 0 0 0 0 0 0 0 0 13 0 0 0 0 0 0 0 0 0 0 0 0 0 0 0 0 0 0 0 0 0 0 0 0 
0 0 0 0 0 0 0 0 0 0 0 0 0 0 0 0 0 0 0 0 0 0 0 0 0 0 0 0 0 0 0 0 0 0 0 0 0 0 0 0 0 1 0 0 0 0 0 0 0 0 0 16 0 0 19 1 0 0 13 0 0 0 0 0 0 0 0 0 0 0 10 0 0 0 0 27 3 0 0 3 0 1 4 0 0 0 0 0 18 0 3 0 0 0 4 0 0 3 0 0 0 0 0 0 22 0 0 0 1 0 0 0 12 3 0 0 0 0 0 0 0 0 0 0 0 0 0 6 0 0 0 0 0 0 0 0 0 0 0 0 0 0 0 0 0 6 0 0 0 0 0 0 0 0 0 0 0 0 0 0 0 0 0 0 0 0 0 0 
0 0 0 0 0 0 0 0 0 0 0 0 0 0 0 0 0 0 0 0 0 0 0 0 0 0 0 0 0 0 0 0 0 0 0 0 0 0 0 0 0 0 0 0 0 6 3 0 0 0 0 0 0 3 0 0 0 0 0 0 0 0 0 0 0 1 6 15 0 4 9 0 0 0 27 3 0 0 3 0 0 0 12 0 0 0 0 0 0 0 21 0 0 1 0 0 21 0 0 0 0 0 3 0 6 0 0 0 3 0 0 3 0 0 0 0 0 0 0 10 0 6 0 0 16 0 0 0 0 0 0 0 0 0 0 0 3 36 0 0 0 0 0 0 0 0 0 0 0 0 0 12 0 0 0 0 0 0 0 0 0 0 0 0 0 0 0 0 
0 0 0 0 0 0 0 0 0 0 0 0 0 0 0 0 0 0 0 0 0 0 0 0 0 0 0 0 0 0 0 0 0 0 0 3 0 0 6 0 0 0 0 0 3 0 0 0 15 25 12 0 0 4 0 0 3 15 21 0 0 0 0 16 0 0 1 3 15 0 0 0 0 0 0 15 0 1 0 0 0 0 1 0 0 0 12 0 0 0 0 3 0 0 0 0 0 0 0 0 0 0 1 0 0 0 3 0 0 0 0 0 0 0 0 0 0 0 15 0 0 0 0 0 0 0 0 0 0 0 0 0 0 0 0 0 0 0 0 3 0 0 0 0 0 0 0 0 0 0 0 0 0 0 0 0 0 0 0 0 0 0 0 0 0 0 0 0 
0 0 0 0 0 0 0 0 0 0 0 0 0 0 0 0 0 0 0 0 0 0 0 0 0 0 0 0 0 0 0 36 0 0 1 0 0 0 0 0 0 0 0 0 21 9 24 0 0 12 0 10 0 12 0 0 0 0 0 0 0 0 4 0 0 0 0 1 0 0 4 0 3 0 0 0 0 0 18 21 0 0 1 10 0 0 0 10 0 4 0 0 0 0 0 0 1 0 0 0 0 0 0 0 0 0 0 15 0 3 0 3 0 0 0 0 0 0 0 0 0 0 0 0 6 0 0 0 0 0 10 0 0 0 0 0 0 0 0 0 0 0 0 0 0 0 0 0 0 0 0 0 0 0 0 0 0 0 0 0 0 0 0 0 0 0 0 0 
0 0 0 0 0 0 0 0 0 0 0 0 0 0 0 0 0 0 0 0 0 0 0 0 0 0 0 0 0 0 0 9 0 0 0 0 0 0 0 0 0 0 0 0 0 0 0 0 0 0 0 0 0 0 22 0 10 3 0 0 0 19 0 0 0 1 0 3 0 0 0 6 0 0 4 0 7 7 0 0 0 0 0 0 0 0 0 0 0 0 3 0 0 0 0 0 4 0 0 0 0 0 4 0 0 0 0 6 0 0 0 0 0 0 0 0 0 0 0 0 0 10 0 1 0 0 0 7 21 0 0 0 0 9 0 0 4 0 0 0 0 0 0 0 0 0 0 0 0 0 0 0 0 3 0 0 0 0 0 0 0 0 0 0 0 0 0 0 
0 0 0 0 0 0 0 0 0 0 0 0 42 0 6 0 0 0 0 0 0 0 0 0 0 0 0 0 0 0 0 0 0 1 0 0 0 0 0 0 0 0 0 0 3 0 0 0 0 3 0 0 0 3 0 0 0 0 0 0 0 9 3 0 7 0 0 0 3 0 0 0 22 0 0 0 24 3 0 18 0 0 0 0 0 0 0 0 0 3 0 0 25 0 0 0 0 0 0 0 3 6 0 19 0 1 0 0 0 0 0 0 0 1 4 0 0 0 0 15 0 18 7 21 0 0 0 12 0 0 0 0 0 0 0 0 0 0 0 0 0 33 0 0 0 0 0 21 0 0 0 0 0 0 0 3 0 0 0 0 0 0 0 0 0 0 0 0 
0 0 0 0 0 0 0 0 0 0 0 0 0 0 0 0 0 0 0 0 0 0 0 0 0 0 0 6 0 0 0 0 0 10 0 0 0 1 0 0 0 0 0 0 0 0 0 0 6 0 0 0 0 7 0 0 0 0 0 9 25 1 0 0 0 3 9 1 0 0 0 24 15 0 16 0 0 0 1 3 0 0 0 0 4 0 0 25 0 0 0 0 0 0 9 0 0 0 0 0 0 0 0 16 0 0 0 0 0 0 0 0 0 0 0 0 0 0 12 0 0 0 0 28 0 0 0 0 0 0 0 0 0 0 0 4 0 0 0 0 0 0 0 0 30 0 0 0 0 0 0 0 0 0 0 0 0 0 0 0 0 0 0 0 0 0 0 0 
0 0 0 0 0 0 0 0 0 0 0 0 0 0 12 0 0 0 0 0 0 0 0 0 0 1 0 0 0 0 0 0 0 0 0 3 0 0 0 0 0 3 0 0 1 33 0 6 0 0 0 0 0 9 0 0 0 0 0 6 4 0 0 1 7 0 18 0 1 0 0 27 13 10 0 0 3 0 0 6 3 0 0 6 0 0 0 1 18 0 0 0 0 19 0 0 0 0 3 0 0 0 0 0 3 0 0 15 0 0 0 0 0 0 0 0 0 0 0 0 4 0 0 0 0 0 0 3 0 0 0 0 0 0 0 0 0 0 0 0 0 0 0 0 0 0 0 0 0 0 0 0 0 0 0 0 0 0 0 0 0 0 0 0 0 0 0 0 
0 0 0 0 0 0 0 0 0 0 0 0 0 0 0 0 0 0 0 0 0 0 0 0 0 0 0 0 0 0 0 0 0 0 0 0 0 0 0 3 0 0 0 0 0 0 0 0 0 0 12 4 16 22 0 3 3 0 0 0 0 0 10 0 3 0 0 24 0 0 13 16 0 3 0 0 6 0 0 0 15 0 0 7 6 0 0 0 1 0 0 0 0 0 0 0 0 0 0 6 0 0 0 0 0 0 0 0 3 0 0 9 4 3 0 0 0 0 0 0 0 0 0 0 0 0 0 0 0 0 0 0 0 0 0 0 0 0 0 0 0 0 12 0 0 0 0 0 0 0 0 0 0 3 0 0 0 0 0 0 0 0 0 0 0 0 0 0 
0 0 0 0 0 0 0 0 0 0 0 0 0 0 0 0 0 0 0 0 0 0 0 0 0 0 0 0 0 0 1 0 0 0 0 0 0 0 0 12 25 0 0 0 3 0 0 0 0 0 0 0 0 0 0 0 0 0 0 0 3 0 0 10 6 0 6 15 0 9 0 0 0 9 0 0 27 7 0 3 3 0 0 6 6 0 0 0 0 0 0 12 0 0 12 3 0 0 0 0 0 0 0 0 0 0 0 0 0 0 0 0 0 0 0 3 0 6 0 0 0 0 0 0 0 0 0 0 0 0 0 0 0 0 0 0 0 0 0 0 0 0 0 0 9 0 0 0 0 0 0 0 0 0 0 0 0 0 0 0 0 0 0 0 0 0 0 0 
0 0 0 0 0 0 0 0 0 0 0 0 0 0 0 0 0 0 0 0 0 0 0 0 0 0 0 0 0 0 0 0 0 0 0 9 0 0 0 0 0 1 0 6 0 0 0 0 0 0 0 0 0 0 0 0 0 0 18 0 3 0 0 0 9 0 0 0 0 7 4 0 0 4 0 0 0 4 0 12 25 0 0 4 0 21 0 0 0 3 21 7 0 0 0 0 1 0 0 21 0 0 0 9 0 22 4 16 0 0 0 0 0 0 18 0 1 24 12 0 3 1 0 22 0 7 0 0 0 0 0 0 0 0 0 0 0 0 0 0 0 0 0 0 0 0 0 0 0 0 0 9 0 0 0 0 0 0 0 0 0 0 0 0 0 0 0 0 
0 0 0 0 0 0 0 0 0 0 0 0 0 0 0 0 0 0 0 0 0 0 0 0 0 0 0 0 0 0 0 0 0 0 0 0 0 0 0 0 0 0 0 0 0 0 0 0 16 0 0 0 0 12 0 0 0 7 0 15 4 16 0 0 4 0 0 0 0 0 0 6 0 0 0 0 1 0 3 0 0 3 0 0 19 0 3 0 0 0 0 0 18 0 0 0 1 0 0 0 0 0 0 0 4 0 0 25 0 0 0 0 0 9 0 0 0 0 0 0 0 0 0 0 3 0 0 0 0 0 0 0 0 0 0 0 0 1 0 0 0 0 0 0 0 0 0 0 0 0 0 0 0 0 0 0 0 0 0 0 0 0 0 0 0 0 0 0 
0 0 0 0 0 0 0 0 0 0 0 0 0 0 0 0 0 0 0 0 0 0 0 0 0 0 0 0 0 0 0 0 0 0 0 0 0 0 6 0 0 0 10 21 18 0 0 0 10 0 1 0 0 0 0 0 0 0 21 0 0 0 3 0 0 0 0 10 0 0 0 0 0 0 0 0 0 7 0 1 28 10 18 0 0 0 0 0 0 3 0 0 0 0 10 10 0 0 0 3 0 0 13 0 0 0 0 0 0 10 0 0 0 0 0 0 0 15 18 0 19 30 0 0 0 0 0 0 6 0 0 3 0 0 0 6 0 0 0 0 0 0 0 0 0 0 0 0 0 0 0 0 0 0 0 0 0 0 0 0 0 0 0 0 0 0 0 0 
0 0 0 0 0 0 0 0 0 0 0 0 0 0 0 0 0 0 0 0 0 0 0 0 0 0 0 0 0 0 0 0 0 0 0 0 0 0 0 0 0 0 0 0 18 0 0 0 0 0 0 0 0 1 0 0 0 0 0 0 0 0 0 0 0 0 0 0 0 0 0 0 0 0 6 0 3 6 15 0 0 0 0 0 0 0 0 0 0 0 0 0 0 7 0 0 0 3 0 0 0 0 0 0 0 15 0 0 12 0 0 0 0 0 3 0 0 0 0 0 0 0 7 25 0 0 0 0 0 0 0 0 0 0 0 0 33 0 0 0 0 0 0 0 0 0 0 0 0 0 0 0 0 0 0 0 0 0 0 0 0 0 0 0 0 0 0 0 
0 1 0 0 0 0 0 3 0 0 0 0 0 0 0 0 0 0 0 0 0 0 0 0 0 0 0 0 0 0 0 0 3 0 0 0 0 0 0 0 0 0 0 0 0 0 0 0 0 0 0 0 1 0 12 0 0 0 0 0 16 0 0 0 0 16 9 0 1 6 7 0 1 0 18 0 0 0 0 15 0 9 0 10 0 4 21 0 1 0 1 0 0 0 18 0 0 0 0 6 12 0 0 6 1 0 0 0 15 0 3 0 0 0 0 0 0 24 1 0 0 0 0 0 0 0 0 0 0 3 7 0 0 0 0 0 0 0 0 0 0 0 0 0 0 0 0 0 0 0 0 0 0 0 0 0 0 0 0 0 0 0 0 0 0 0 0 0 
0 0 0 0 0 0 0 0 0 0 0 0 0 0 0 0 0 0 0 0 0 0 0 0 0 0 0 0 0 0 0 0 31 0 0 0 0 0 0 0 3 0 0 0 9 19 0 10 9 0 0 0 0 7 0 0 1 0 3 0 0 0 0 0 1 3 1 0 10 0 0 0 0 0 0 0 4 9 0 0 0 0 6 0 0 0 0 16 9 0 0 0 0 10 0 0 0 0 1 0 0 0 12 0 0 0 0 0 0 0 0 0 0 0 0 0 0 0 0 10 6 0 0 30 4 0 0 0 0 0 0 0 0 0 0 0 25 0 0 0 0 0 0 0 0 6 0 0 0 0 0 0 0 0 0 0 0 0 0 0 0 0 0 0 0 0 0 0 
0 0 0 0 0 0 0 0 0 0 0 0 0 0 0 0 0 0 0 0 0 0 0 0 0 0 0 0 0 0 12 0 0 0 0 0 0 0 0 0 0 7 0 0 0 24 0 3 0 0 0 0 0 0 0 6 0 0 0 12 0 15 12 0 0 16 15 24 0 0 0 0 0 0 0 1 0 0 13 1 0 0 0 0 0 0 1 0 0 0 18 0 0 0 0 0 0 3 0 0 0 0 0 0 9 0 15 0 0 0 0 0 0 12 3 0 0 0 0 0 7 0 0 9 0 0 0 0 3 0 0 6 0 0 0 0 0 0 0 0 0 0 0 0 0 0 0 0 0 0 0 0 0 0 0 0 0 0 0 0 0 0 0 0 0 0 0 0 
0 0 0 0 0 0 0 0 0 0 0 0 0 0 0 0 0 0 0 0 0 0 0 0 0 0 0 0 0 0 0 0 0 0 0 0 0 0 0 0 0 0 0 0 0 0 0 30 3 0 0 0 0 0 0 0 3 0 0 0 0 3 19 0 0 0 0 0 0 0 0 13 18 0 0 0 0 27 1 0 1 0 21 0 0 0 0 9 1 0 10 0 0 0 0 3 18 0 0 0 0 0 3 0 3 0 0 1 0 0 0 0 0 0 15 0 0 0 0 0 0 0 0 3 0 0 0 0 0 0 0 0 0 0 0 3 0 0 0 0 0 0 39 0 0 0 0 0 0 0 0 0 0 0 0 0 0 0 0 0 0 0 0 0 0 0 0 0 
0 0 0 0 0 0 0 0 0 0 0 0 0 0 0 0 0 0 0 0 0 0 0 0 0 6 0 0 0 0 1 0 0 0 0 0 0 15 0 0 6 0 3 0 0 0 0 0 0 0 0 0 0 0 0 3 0 7 0 7 0 0 0 7 13 0 0 0 0 0 0 0 0 0 6 3 0 0 0 7 0 0 0 3 0 6 0 24 0 0 3 0 0 0 0 0 0 10 0 0 0 0 0 1 0 0 0 0 0 0 6 0 1 0 0 0 0 0 0 0 16 0 0 0 0 0 0 0 0 0 0 0 12 0 0 0 0 0 0 0 0 0 0 0 0 0 0 0 0 0 0 0 0 0 0 0 0 0 0 36 0 0 0 0 0 0 0 0 
0 0 0 0 0 0 0 0 0 0 0 0 0 0 0 0 0 0 0 0 0 0 0 0 0 0 0 0 0 1 0 0 0 0 3 0 0 9 0 0 0 0 0 0 9 0 0 0 0 0 0 4 0 0 0 0 9 0 0 0 0 3 0 0 0 0 0 0 1 0 12 3 9 0 3 0 0 16 0 7 3 0 0 0 10 0 0 0 0 0 0 4 0 0 0 0 0 0 0 0 0 0 0 0 0 0 0 0 0 0 3 0 0 0 0 0 0 10 0 0 1 0 0 0 0 0 0 0 0 3 0 0 0 0 0 0 0 0 0 0 0 0 0 0 0 0 0 0 0 0 0 0 0 0 0 0 0 0 0 0 0 0 0 0 0 0 0 0 
0 0 0 0 0 0 0 0 0 0 0 0 16 0 0 0 0 0 0 0 0 0 0 0 0 0 0 0 0 0 0 0 0 0 0 0 7 0 0 0 0 0 0 0 0 0 0 0 12 1 0 0 0 0 0 12 0 0 0 0 0 0 16 0 0 0 0 3 3 0 1 0 0 0 0 0 0 7 15 0 6 0 0 0 12 0 0 0 0 0 0 0 6 10 0 0 0 6 0 0 1 0 0 0 0 3 0 0 0 0 9 0 0 0 1 0 6 0 0 0 0 0 0 0 0 3 0 3 0 6 0 7 0 0 0 0 0 19 0 0 0 0 0 0 0 0 0 0 0 0 0 0 0 0 0 0 0 0 0 0 0 0 0 0 0 0 0 0 
0 0 0 0 0 0 0 0 0 0 0 0 0 0 0 0 0 0 0 0 0 0 0 0 0 0 0 0 0 0 0 0 0 0 0 0 0 0 21 0 0 0 0 0 0 0 0 0 0 0 0 0 9 0 0 0 0 0 4 0 0 0 0 9 4 0 0 0 0 0 19 9 0 9 12 1 0 3 27 0 4 7 0 0 0 0 0 0 0 0 0 0 0 0 0 0 0 1 0 0 0 15 0 0 0 0 0 0 0 0 6 0 3 10 0 9 0 0 0 3 0 0 0 0 0 0 0 0 0 1 0 0 0 0 0 0 0 0 0 0 0 4 0 0 0 0 0 0 0 0 0 0 0 0 0 0 0 0 0 0 0 0 0 0 6 0 0 0 
0 0 0 0 0 0 0 0 0 0 0 0 0 0 0 0 0 0 0 0 0 0 0 0 0 0 0 0 0 0 0 0 0 0 0 0 0 0 0 0 18 0 0 15 1 0 0 0 0 0 0 0 0 19 0 6 0 3 0 7 0 0 4 0 0 0 18 0 0 0 0 0 0 0 0 0 6 0 3 13 0 18 4 0 0 0 0 0 3 0 0 0 0 7 18 0 0 0 0 0 0 0 0 18 0 0 0 0 0 0 0 0 0 0 0 0 18 0 0 18 3 0 15 7 0 0 0 0 0 0 0 0 0 0 0 0 0 0 0 3 0 0 0 0 0 0 0 0 0 0 0 0 0 0 0 0 0 0 0 0 0 0 0 0 0 0 0 0 
0 0 0 0 0 0 0 0 0 0 0 0 0 0 0 0 0 0 0 4 0 0 0 0 0 0 0 0 0 0 0 0 0 0 0 0 0 0 0 0 0 0 15 0 0 0 0 0 0 0 0 4 0 10 0 0 0 0 0 0 0 19 0 0 0 3 3 0 0 6 13 0 0 0 0 0 0 3 0 0 0 0 1 0 0 0 0 1 0 0 0 0 12 0 7 1 0 0 0 0 0 1 6 24 0 10 0 1 0 1 0 0 0 1 0 0 0 0 0 6 0 0 0 6 3 0 0 27 0 0 0 0 0 0 0 0 0 0 0 0 0 0 0 0 0 0 0 0 0 0 0 0 0 0 0 0 0 0 0 42 0 0 0 0 0 0 0 0 
0 0 0 0 0 0 0 0 0 0 0 0 0 0 0 0 0 0 0 0 0 0 0 0 0 0 0 0 0 0 0 0 0 0 0 0 0 0 0 0 0 0 1 0 0 0 1 0 0 0 0 0 9 18 0 3 0 0 0 0 0 10 27 0 0 0 21 10 0 0 0 0 0 0 0 0 0 24 0 0 1 3 0 0 0 0 0 3 0 6 0 0 0 0 0 0 0 0 21 6 0 0 0 0 0 0 21 0 0 0 0 0 6 0 0 1 30 0 0 0 0 0 0 0 0 0 0 0 0 0 0 0 0 1 0 0 0 0 0 0 0 0 0 0 0 0 0 0 0 0 0 0 0 0 0 0 0 9 0 0 0 0 0 0 0 0 0 0 
0 0 0 0 0 0 0 0 0 0 0 0 0 0 0 0 0 0 0 0 0 0 0 0 0 0 0 0 0 0 0 0 0 0 0 15 0 0 0 0 0 0 0 0 0 0 0 1 0 0 18 0 0 1 24 0 0 0 0 0 0 0 27 18 0 0 0 6 0 6 0 0 0 13 0 1 22 0 9 0 0 0 0 0 0 0 0 0 0 0 0 6 21 0 1 9 0 12 0 0 6 0 0 0 0 0 9 0 0 6 0 0 0 0 0 0 3 0 0 0 0 0 0 0 0 0 0 0 21 0 0 0 0 0 0 0 0 0 0 0 0 0 0 0 0 0 0 0 0 0 0 0 0 0 0 0 0 0 0 0 0 0 0 0 0 0 0 0 
0 0 0 0 0 0 0 0 0 0 0 0 0 0 0 0 0 0 0 0 0 0 0 0 0 0 0 0 0 0 0 0 0 0 0 0 0 9 0 0 0 0 0 0 13 0 0 0 0 0 0 0 0 0 0 0 0 0 0 1 0 0 0 0 0 0 0 0 0 0 9 0 0 4 0 0 0 0 0 0 3 12 0 6 4 0 28 16 0 0 0 0 0 16 0 0 0 13 0 0 0 0 0 6 9 0 0 0 0 0 0 3 0 0 4 6 0 0 0 3 3 0 0 21 0 0 0 0 0 4 0 0 0 0 0 0 0 0 0 0 0 0 0 0 0 0 0 0 0 0 0 0 0 0 0 0 1 0 0 0 0 0 0 0 0 0 0 0 
0 0 0 0 0 0 0 0 0 0 0 0 0 0 0 0 0 0 0 0 0 0 0 0 0 0 0 0 0 0 0 0 3 0 0 0 0 0 0 0 0 9 0 0 3 0 0 0 1 0 0 0 0 0 0 0 0 0 0 0 0 6 0 0 6 13 0 0 0 6 0 0 3 0 0 0 9 9 0 3 0 0 9 0 0 0 1 0 1 0 0 0 0 0 0 0 0 15 0 0 0 0 0 0 0 0 0 0 9 6 0 6 0 0 21 0 0 0 0 0 0 0 0 0 0 0 15 0 0 0 0 0 0 0 0 0 0 0 0 0 0 0 0 0 0 0 0 0 0 0 0 0 0 0 0 0 0 0 0 0 0 0 0 0 0 0 0 0 
0 0 0 0 0 0 0 0 0 0 0 0 0 0 0 0 0 0 0 0 0 0 0 0 0 0 0 0 0 0 0 0 0 0 0 0 0 0 0 0 0 0 0 0 0 0 0 0 3 0 0 0 0 0 9 0 4 9 0 10 4 0 0 0 0 27 0 0 0 0 0 0 0 0 0 0 0 3 0 0 19 0 1 0 0 0 6 0 0 0 1 0 0 0 0 4 0 0 0 0 0 0 0 0 0 0 12 0 0 0 0 0 0 0 0 30 0 0 0 0 0 0 0 18 0 0 0 0 3 24 0 0 22 0 0 0 0 0 0 0 0 0 0 0 0 0 0 0 0 0 0 0 0 0 0 0 0 0 0 0 0 0 0 0 0 0 0 0 
0 0 0 0 0 0 0 0 0 0 0 19 0 0 0 0 0 0 0 0 0 0 0 0 0 0 0 0 0 0 3 0 0 0 0 0 0 0 0 0 0 3 0 0 0 0 0 0 19 0 0 0 0 0 0 0 0 0 0 0 0 0 0 0 0 0 0 0 6 0 3 10 1 0 0 0 6 22 3 6 0 0 0 0 0 0 0 0 0 21 0 9 7 18 0 0 0 0 0 0 3 0 0 21 0 9 3 1 0 0 0 0 0 0 0 0 3 9 0 0 0 0 0 0 0 0 0 16 3 0 0 0 0 0 0 0 0 0 0 0 0 0 0 0 0 0 0 0 0 0 0 0 0 0 0 0 18 0 0 0 0 0 0 0 0 0 0 0 
0 0 0 0 0 0 0 0 0 0 0 0 0 0 0 0 0 0 0 0 0 30 0 0 0 0 0 0 0 0 0 0 0 0 0 0 0 0 0 0 0 0 0 0 0 13 0 0 12 6 0 0 0 0 0 0 6 12 0 0 0 0 0 10 0 0 0 0 0 9 1 10 6 0 0 0 0 0 0 0 0 0 0 0 0 0 3 0 0 0 12 24 0 0 15 7 0 0 0 6 0 3 3 21 0 0 0 0 0 0 0 1 0 0 0 0 1 0 0 0 0 0 0 0 0 0 0 0 0 0 0 0 0 0 0 0 0 0 0 0 0 0 0 0 0 0 0 0 0 0 0 0 0 0 0 0 0 0 0 0 0 0 0 0 0 0 0 0 
0 0 0 0 0 0 0 0 0 0 0 0 0 0 0 0 0 0 0 0 0 0 0 0 0 0 0 0 0 0 0 0 0 0 0 0 0 0 0 1 0 0 0 0 0 0 6 0 0 0 0 0 0 15 0 0 0 0 0 0 0 0 0 0 0 0 18 0 6 0 0 0 0 0 0 0 0 0 0 3 7 0 0 21 0 0 21 0 21 0 0 0 0 0 0 0 0 1 0 0 21 0 0 0 4 0 0 1 0 0 0 0 3 0 0 0 0 0 0 1 0 13 0 0 0 0 0 0 0 6 0 0 0 0 0 0 0 0 0 0 0 0 0 0 0 0 0 0 0 0 0 0 0 0 0 0 0 0 0 0 0 0 0 0 0 0 0 0 
0 0 0 0 0 0 0 0 0 0 0 0 0 0 0 0 0 0 0 0 0 0 0 0 0 0 0 0 0 0 0 0 0 0 0 0 0 0 0 0 0 12 9 0 0 0 0 0 0 0 0 0 0 0 0 0 0 0 0 3 0 1 0 0 0 3 18 0 0 0 0 21 27 0 0 0 0 18 0 0 0 0 1 0 0 18 0 0 0 0 0 0 7 10 12 16 1 0 0 0 0 0 0 3 3 0 0 0 0 10 0 0 0 6 27 0 0 0 0 0 0 0 18 12 0 0 0 0 0 0 0 0 0 1 0 0 0 0 0 0 0 0 0 0 0 0 0 3 0 0 0 0 0 0 3 0 0 0 0 0 0 0 0 0 0 0 0 0 
0 0 0 0 0 0 0 0 0 0 0 0 0 3 0 0 0 0 0 0 0 0 0 0 0 0 0 0 0 16 0 12 0 0 0 0 0 4 1 0 0 0 0 0 0 0 0 0 0 0 0 0 0 7 0 0 0 0 15 0 28 0 0 0 0 0 0 0 0 0 0 0 0 0 16 0 15 0 22 0 0 4 6 15 0 6 7 0 0 0 0 0 0 0 1 12 7 22 0 0 0 0 0 0 0 0 0 0 0 0 0 3 6 0 0 0 4 0 0 0 0 0 15 6 0 0 0 0 0 0 0 0 4 15 0 0 0 0 3 0 0 0 0 0 0 0 0 0 0 0 0 0 0 0 0 0 0 0 0 0 0 0 0 0 0 0 0 0 
0 0 0 0 0 0 0 0 0 0 0 0 0 0 0 0 0 0 0 0 0 0 0 0 0 0 0 0 0 0 0 0 0 0 0 0 0 0 3 0 0 0 0 0 0 0 0 0 0 0 24 0 0 0 0 0 0 6 0 0 1 12 0 0 0 0 0 1 0 3 0 6 0 0 6 0 9 0 0 0 7 21 0 0 0 0 0 9 24 12 0 0 25 4 0 0 0 1 0 0 0 0 0 0 0 3 1 0 0 7 0 0 16 0 3 0 0 7 0 0 0 0 0 0 0 0 0 0 0 0 0 0 3 0 0 0 0 3 0 0 0 0 0 0 0 0 0 0 0 0 0 24 0 0 0 0 0 0 0 0 0 0 0 0 0 0 0 0 
0 0 0 0 0 0 0 0 0 0 0 0 0 0 0 0 0 0 0 0 0 0 0 0 0 0 0 0 0 0 0 0 0 0 0 0 0 21 0 0 0 0 22 0 15 0 0 3 18 10 0 1 3 0 12 0 0 0 0 0 0 10 0 15 0 0 4 15 1 19 0 4 4 4 0 0 0 0 0 0 0 4 1 0 3 0 0 10 0 3 0 0 0 28 0 3 0 3 0 0 3 0 9 0 0 1 0 0 9 0 10 0 3 0 0 0 0 0 0 0 0 0 0 0 0 0 0 0 0 0 0 0 0 0 9 0 0 0 0 0 0 0 0 1 0 0 0 4 0 0 0 3 0 0 0 0 0 0 0 0 0 0 0 0 0 0 0 0 
0 0 0 0 0 0 0 0 0 0 0 0 0 0 0 0 0 0 0 0 0 0 0 0 0 0 0 0 0 0 0 0 0 0 0 0 0 0 16 0 0 0 0 0 0 0 0 0 0 0 15 0 0 0 4 0 9 0 0 0 0 0 0 0 0 0 0 0 0 7 0 6 1 0 1 0 28 0 0 0 6 12 0 0 3 0 0 0 0 0 0 0 0 0 0 0 3 3 0 0 0 0 0 0 1 0 1 0 0 9 0 1 0 0 0 0 28 0 1 3 0 0 10 0 0 0 15 0 0 0 0 0 0 0 0 0 0 0 0 0 0 0 0 0 0 0 0 0 0 0 0 0 0 0 0 0 0 0 0 0 0 0 0 0 0 0 0 0 
0 0 0 0 0 0 0 0 0 0 6 0 0 0 0 0 0 0 0 0 0 0 0 0 0 0 0 0 0 0 0 0 0 0 0 0 0 0 0 0 0 3 0 7 12 0 0 0 0 9 15 0 0 0 9 0 0 0 0 0 0 0 0 0 0 12 0 0 15 0 0 3 0 0 0 16 0 0 0 10 0 13 0 0 0 0 0 0 3 0 0 0 27 0 0 0 0 0 0 21 0 0 0 0 6 1 0 0 0 0 0 0 0 15 0 0 0 0 0 0 0 0 0 4 0 0 0 0 0 0 10 0 0 0 0 0 0 0 0 0 0 0 0 0 0 0 0 0 0 0 0 0 0 0 0 0 0 0 0 0 0 0 0 0 0 0 0 0 
0 0 0 0 0 0 0 0 0 0 0 0 0 0 0 0 0 0 0 0 0 0 0 0 0 0 0 0 0 0 0 0 0 0 0 0 0 0 0 0 0 0 12 0 4 0 0 0 0 0 0 0 15 0 0 0 0 6 21 0 3 0 0 0 0 0 0 0 24 18 0 1 0 0 18 0 0 0 0 0 9 0 0 0 18 10 0 0 12 1 0 12 0 6 0 0 0 0 0 0 0 0 0 0 0 0 0 0 3 0 0 0 0 0 0 0 1 0 0 1 0 0 0 0 0 0 0 0 0 0 0 0 0 0 0 0 0 0 0 0 0 0 0 0 0 0 0 0 0 0 0 0 0 0 0 0 0 0 0 0 0 0 0 0 0 0 0 0 
0 0 0 0 0 0 0 0 0 0 0 0 0 0 0 0 0 0 0 0 0 0 0 0 0 0 0 0 0 0 0 0 0 0 0 0 0 0 0 0 0 0 0 0 0 0 0 3 0 0 0 0 3 0 0 0 0 10 0 0 0 0 19 0 0 4 0 9 0 0 0 28 0 0 0 0 0 0 0 0 0 0 0 0 0 0 0 1 0 0 0 0 0 3 0 0 0 3 0 0 0 0 0 0 0 3 3 1 0 0 0 0 1 7 0 1 0 4 4 0 3 0 0 0 0 0 0 0 0 0 0 0 0 0 0 0 0 0 0 0 0 0 25 0 0 0 0 0 0 0 0 0 0 0 0 0 0 0 0 0 0 0 0 0 0 0 0 0 
0 0 0 0 0 0 0 0 0 0 0 0 0 0 0 0 0 0 0 0 0 0 0 0 0 0 0 0 0 0 1 0 0 0 0 0 9 0 0 0 0 0 0 0 0 0 0 0 0 13 0 0 0 0 6 12 0 13 6 0 3 0 9 15 0 0 0 0 7 0 0 12 0 0 0 0 0 0 9 0 0 6 0 0 19 0 0 21 16 0 0 9 0 0 0 0 0 0 0 0 1 0 0 0 0 7 0 0 0 0 6 0 0 0 0 0 0 0 0 0 0 0 0 0 4 6 0 0 0 0 0 0 0 0 33 0 0 12 3 0 0 0 0 0 0 0 0 0 0 0 0 0 0 0 0 0 0 0 0 0 0 0 0 0 0 0 0 0 
0 0 0 0 0 0 0 0 0 0 0 0 0 0 0 0 0 0 0 0 0 0 0 0 0 0 0 0 0 0 0 0 0 0 0 6 0 0 0 0 0 0 0 0 0 0 1 0 0 18 15 9 0 0 0 0 0 0 0 0 0 3 0 0 0 0 0 0 0 0 0 16 0 0 0 0 0 10 0 0 0 0 0 0 7 0 0 15 0 0 0 4 0 0 0 0 0 0 1 1 0 0 12 0 0 0 0 0 0 0 0 0 0 0 4 24 0 0 0 0 0 0 0 4 0 0 0 0 0 0 0 0 0 0 0 0 0 1 0 0 0 0 0 0 0 0 0 0 0 0 0 0 0 0 0 0 0 0 0 0 0 0 0 0 0 0 0 0 
0 0 0 0 0 0 0 0 0 0 0 0 0 0 0 0 0 0 0 0 0 0 0 0 0 0 0 0 0 0 0 0 0 0 0 0 0 0 0 0 0 0 0 1 0 0 15 0 0 0 0 0 0 0 0 0 0 0 9 0 0 0 0 4 4 0 0 0 0 0 0 21 0 0 0 16 0 0 0 3 0 7 0 0 12 0 27 7 0 0 0 4 0 0 15 15 0 0 0 0 0 0 0 0 0 0 30 0 0 0 0 0 0 0 1 0 0 0 0 0 0 0 9 0 0 0 0 0 0 0 0 0 0 9 0 0 0 9 0 0 0 0 0 0 0 0 0 0 0 0 0 0 0 0 0 0 0 0 0 0 0 0 0 0 0 0 0 0 
0 0 0 0 0 0 0 0 0 0 0 0 0 0 0 0 0 0 0 0 0 0 0 0 0 0 0 0 0 0 0 0 0 0 0 0 0 0 0 0 0 0 0 0 6 0 0 0 0 0 0 0 9 0 0 24 0 3 0 0 0 0 4 21 0 0 0 0 0 0 0 6 0 0 0 0 0 3 1 3 0 15 4 0 0 0 10 0 1 0 0 0 0 0 12 0 0 3 0 0 0 12 3 1 0 0 0 0 0 4 6 4 0 0 0 7 1 3 0 0 0 0 0 0 0 0 0 0 0 0 0 0 0 13 0 0 6 0 0 0 0 0 0 0 0 0 0 0 0 0 0 0 0 0 0 0 0 0 0 0 0 0 0 0 0 0 0 0 
0 0 0 0 0 0 0 0 0 0 0 0 0 0 0 0 0 0 0 0 0 0 0 0 0 0 0 0 0 0 0 0 0 0 0 0 0 0 0 0 0 0 0 0 0 0 0 0 0 0 0 0 0 0 9 0 24 19 0 0 0 6 0 0 0 0 0 0 0 0 3 0 3 0 9 0 0 0 0 0 0 0 6 0 10 0 19 0 0 0 0 0 0 0 0 1 9 0 9 24 0 6 3 0 0 0 0 7 0 0 0 10 0 0 0 1 4 0 21 21 0 0 13 0 19 6 0 0 0 0 0 0 0 0 1 6 0 0 0 0 0 0 0 0 0 0 0 0 0 0 0 0 0 0 0 0 0 9 0 0 0 0 0 0 0 0 0 0 
0 0 0 0 0 0 0 0 0 0 0 0 9 0 0 0 0 0 0 0 0 0 0 0 0 0 0 4 0 0 0 0 0 0 0 0 0 0 0 0 0 9 13 0 0 0 0 0 0 0 0 0 0 0 0 0 0 0 0 0 0 3 0 0 10 0 3 0 0 0 0 0 3 0 10 18 0 15 0 0 10 0 3 0 0 0 0 9 16 0 0 0 0 0 0 0 12 0 0 0 0 0 0 22 0 0 0 0 0 0 0 0 1 0 3 0 0 0 0 27 0 0 0 0 0 0 0 0 1 12 0 0 0 0 0 0 0 0 0 0 0 0 0 0 0 0 0 0 0 0 0 0 0 0 0 0 0 0 0 0 0 0 0 0 0 0 0 0 
0 0 0 0 0 0 0 0 0 0 0 0 0 0 0 0 0 0 0 0 0 0 0 0 0 0 0 0 0 0 0 0 0 0 3 0 0 0 21 0 1 0 0 0 0 0 0 0 0 0 0 0 0 0 27 0 0 0 0 6 4 0 3 27 0 0 0 0 0 0 0 1 0 0 6 0 0 12 0 9 0 10 0 0 0 4 9 0 0 12 0 0 21 21 0 7 0 0 0 1 0 0 0 0 0 0 0 0 0 0 0 1 3 3 0 0 0 0 0 1 0 0 0 19 0 0 0 3 0 0 0 0 0 0 0 0 0 0 0 0 0 0 0 0 0 0 0 0 0 0 0 0 0 0 0 0 0 0 0 0 0 0 0 0 0 0 0 0 
0 0 0 0 0 0 0 0 0 0 0 0 0 0 0 0 0 0 0 0 0 0 0 0 0 0 0 6 0 0 0 0 0 0 0 0 0 0 0 0 0 0 4 0 0 0 1 0 3 0 0 3 9 0 6 0 0 6 6 0 0 0 0 0 0 0 3 0 0 0 1 0 1 0 9 0 0 0 0 0 0 0 21 3 0 0 1 0 0 0 0 0 0 7 12 0 0 18 0 0 3 0 0 0 0 3 16 0 0 0 0 0 0 22 0 0 0 0 0 0 0 0 0 0 0 0 0 0 0 0 16 0 21 0 0 0 0 4 0 0 0 3 9 0 0 0 0 0 0 0 0 0 0 0 0 0 0 0 0 0 0 0 0 0 0 0 0 0 
0 0 0 0 0 0 0 0 0 0 0 0 0 0 0 0 0 0 0 0 0 0 0 6 0 0 0 0 0 0 0 0 0 0 0 0 0 3 0 0 0 3 0 0 0 0 0 0 0 0 0 0 0 0 0 15 0 0 24 9 0 0 6 1 0 0 0 0 3 0 0 0 0 1 0 0 0 0 4 0 12 0 0 0 0 6 0 0 18 0 3 21 0 0 0 0 0 0 0 0 0 15 0 3 0 0 0 0 0 0 0 3 0 0 0 0 0 0 0 9 0 0 0 3 0 0 0 0 0 0 0 0 0 0 0 0 0 0 0 0 30 0 0 1 0 0 1 0 0 0 0 0 0 0 0 0 0 0 0 0 0 0 0 0 0 0 0 0 
0 0 0 0 0 0 0 0 0 0 0 0 0 0 0 0 0 0 0 0 0 0 0 0 0 0 0 0 0 0 0 0 0 0 0 0 0 0 0 0 0 0 0 0 0 0 0 0 0 0 0 6 0 0 0 0 0 0 0 0 0 24 0 0 0 0 10 24 0 0 0 0 15 0 15 12 0 0 22 12 12 0 0 0 1 0 3 0 1 0 0 6 0 19 0 0 1 0 0 0 0 0 0 0 13 0 0 0 6 0 0 0 0 12 4 0 0 12 4 0 6 0 0 0 0 0 0 0 0 0 15 0 0 0 0 0 0 0 0 0 0 0 0 0 0 0 0 0 0 0 0 0 48 0 0 0 0 0 0 0 0 0 0 0 0 0 0 0 
0 0 0 0 0 0 0 0 0 0 0 0 0 0 0 0 0 0 0 0 0 0 0 0 0 0 0 0 0 0 0 0 0 0 0 0 0 0 0 0 0 0 0 0 0 27 0 0 0 0 0 0 3 0 0 0 0 0 0 24 0 6 0 0 0 0 10 0 0 19 0 0 0 0 13 13 0 0 0 0 0 0 0 0 0 0 4 0 0 0 0 6 0 0 0 0 0 0 0 0 0 0 3 0 0 0 0 0 3 0 0 0 0 0 9 10 0 0 1 0 0 0 0 0 0 0 0 0 15 0 0 0 0 0 0 0 6 0 0 0 0 0 0 0 0 0 0 0 0 0 0 0 0 0 0 0 0 0 0 0 0 0 0 0 0 1 0 0 
0 0 0 0 0 0 0 0 0 0 0 0 7 0 0 0 0 0 0 0 0 0 0 0 0 7 0 0 0 0 0 28 0 0 0 18 0 0 0 0 0 0 0 0 0 0 0 0 1 0 0 0 0 16 0 0 0 0 0 0 1 0 0 1 4 0 0 0 0 0 0 0 0 0 9 21 3 0 6 0 0 0 1 0 0 0 0 0 0 0 0 0 0 0 9 0 3 9 0 3 0 0 4 7 0 0 0 1 0 0 9 0 0 0 0 0 4 4 0 0 15 0 0 0 0 0 0 0 0 16 0 0 0 0 0 0 0 0 0 0 0 0 0 0 0 0 0 0 0 0 0 0 0 10 0 0 0 0 0 0 0 0 0 0 0 3 0 0 
0 0 0 0 0 0 0 0 0 0 0 0 0 0 0 0 0 0 0 0 0 0 22 0 0 0 0 0 0 0 0 0 0 0 0 0 0 0 9 0 0 0 0 0 6 3 0 0 0 0 0 3 3 9 0 0 0 0 0 0 0 0 0 0 0 0 4 0 3 0 6 0 0 6 0 0 0 1 13 18 3 7 0 0 0 3 0 0 4 4 0 4 0 0 0 0 3 12 0 0 0 0 0 0 27 12 0 0 1 0 0 0 0 0 0 21 0 0 0 0 0 0 0 0 0 9 0 0 0 0 1 0 0 0 0 0 0 15 0 0 0 6 0 0 0 0 0 0 0 0 0 0 0 0 0 0 0 0 0 0 0 0 0 0 0 0 0 0 
0 0 0 0 0 0 0 0 0 0 0 0 0 0 0 0 0 0 0 0 0 16 0 0 0 0 0 0 0 1 0 0 0 0 0 0 13 0 0 0 0 0 0 0 6 0 0 0 0 0 0 0 18 1 12 13 0 6 0 0 0 0 0 0 10 0 0 0 3 1 0 0 0 28 0 0 0 0 7 0 0 0 0 0 0 3 3 0 0 15 0 0 0 0 0 0 3 0 0 0 0 0 0 0 0 0 0 10 9 0 0 6 0 0 0 0 0 0 0 0 0 0 0 0 0 0 18 6 0 0 0 1 0 0 0 0 0 0 0 0 0 0 0 0 0 0 0 0 0 0 0 0 0 0 0 0 0 0 0 0 0 0 0 0 0 0 0 0 
0 0 0 0 0 0 0 0 0 0 0 0 0 0 0 0 0 0 15 0 0 0 0 0 0 0 0 0 0 0 0 0 0 0 0 0 0 0 0 0 0 0 0 0 0 0 0 0 3 0 0 0 0 0 0 0 0 0 0 0 6 0 0 0 0 0 4 0 4 0 1 0 25 0 0 0 6 0 9 0 0 0 1 0 0 0 7 3 19 7 0 0 0 28 0 4 0 0 0 0 0 13 0 0 0 0 0 0 0 0 0 0 0 0 0 0 0 0 0 0 0 0 13 0 30 0 0 0 0 0 0 0 0 0 0 0 0 0 0 0 0 0 0 0 0 0 12 0 0 0 1 0 0 0 0 0 0 0 0 0 0 0 0 0 0 0 0 0 
0 0 0 0 0 0 0 27 0 0 0 0 0 0 0 0 0 0 0 0 0 0 0 0 0 0 0 0 0 3 0 0 0 0 0 0 0 0 0 0 6 0 0 0 30 0 0 0 0 0 0 3 0 0 0 0 0 0 0 0 0 0 0 0 0 0 0 0 19 0 1 0 15 12 0 0 0 0 0 0 1 0 1 0 0 0 0 0 0 0 0 0 0 0 0 0 6 18 0 0 0 0 1 0 3 0 0 0 0 0 0 0 0 0 0 0 0 24 0 0 21 0 28 0 0 0 0 0 0 0 0 0 0 0 0 16 0 0 0 0 0 0 0 0 0 0 0 0 0 0 0 0 0 0 0 0 0 0 0 0 0 0 0 0 0 0 0 0 
0 0 0 0 0 0 0 0 0 0 0 0 0 0 0 0 0 0 0 0 0 0 0 0 0 0 0 0 0 0 0 0 0 0 0 0 0 0 13 0 0 0 0 0 0 0 0 0 0 0 3 0 3 1 0 0 21 0 0 0 0 0 0 0 7 0 0 0 0 27 0 0 0 0 13 0 15 0 0 0 0 0 0 0 0 0 0 0 0 0 0 0 3 9 0 0 1 0 18 0 0 0 0 0 6 3 0 0 0 0 6 0 0 0 0 0 0 0 0 0 0 0 0 9 0 0 3 1 0 1 0 0 0 0 0 0 3 0 0 0 0 0 0 0 0 0 0 0 0 0 0 0 0 0 0 0 0 0 0 0 0 0 0 0 0 0 0 0 
0 0 0 0 0 0 0 0 0 0 0 0 0 0 0 0 0 0 0 0 0 0 0 0 0 0 0 0 0 0 0 0 0 0 0 0 0 0 0 0 0 0 0 0 0 0 0 0 0 0 0 7 3 0 0 0 0 13 0 0 0 0 0 0 0 0 4 24 10 7 0 0 18 0 9 0 0 0 1 0 0 0 0 0 0 0 9 0 25 18 0 0 0 0 6 1 0 0 0 0 0 0 0 0 0 0 0 1 0 6 0 0 0 3 16 0 0 6 3 0 0 0 0 3 22 0 0 0 0 0 0 0 0 0 0 0 0 0 0 0 0 0 0 0 0 0 0 0 0 0 0 0 0 0 0 0 0 0 0 0 0 0 0 0 0 0 0 0 
0 0 0 0 0 0 0 3 0 0 0 0 0 0 0 0 0 0 0 0 0 0 0 0 0 0 0 0 0 0 0 0 0 0 0 0 0 0 0 0 0 13 0 0 0 0 0 0 0 0 0 0 0 0 0 0 0 0 3 0 0 0 21 0 1 0 0 28 0 0 12 0 13 0 0 27 0 0 9 0 3 0 6 0 0 0 0 4 0 3 0 0 0 0 0 0 24 6 15 6 22 0 0 25 0 15 0 0 6 0 0 3 0 6 0 0 0 0 0 0 0 0 0 0 0 6 0 0 12 0 0 0 0 0 0 0 0 1 0 0 0 0 0 0 0 0 0 0 0 0 0 0 0 0 0 0 0 0 0 0 0 0 0 0 0 0 0 0 
0 0 0 0 0 0 0 0 0 0 0 0 0 0 0 0 0 0 0 0 0 0 0 0 0 0 0 0 0 0 0 0 0 0 0 0 0 0 0 0 0 0 0 0 0 0 9 0 0 0 13 0 0 0 0 0 0 0 0 3 0 0 1 0 3 0 0 1 0 1 0 0 12 1 0 27 0 3 0 0 0 0 0 25 6 19 0 0 0 0 0 0 0 0 0 3 22 0 3 0 0 0 13 0 0 0 0 0 0 0 0 0 0 0 0 0 0 0 4 0 0 0 0 0 0 0 4 0 0 0 0 0 0 0 0 0 0 0 0 3 0 0 0 0 0 0 0 16 0 0 0 0 0 0 0 0 0 0 0 0 0 0 0 0 0 0 0 0 
0 0 0 0 0 0 0 0 0 0 0 0 0 0 0 0 0 0 0 0 0 0 0 0 0 0 0 0 0 0 0 0 0 0 0 0 0 0 0 0 0 0 0 0 0 12 0 0 0 0 0 0 0 0 0 9 0 21 6 0 0 12 1 0 4 0 4 6 0 0 6 0 0 0 0 0 3 0 0 0 1 6 0 0 0 0 0 21 0 0 1 0 0 0 21 0 0 1 0 0 0 0 0 3 0 0 12 0 0 9 0 0 0 0 0 0 0 0 4 0 0 0 6 0 0 0 0 0 0 0 0 0 0 0 0 0 0 0 0 0 0 0 0 0 0 0 0 0 0 0 0 0 0 0 0 0 0 0 0 0 0 0 0 0 33 0 0 0 
0 0 0 0 0 0 0 0 0 0 0 0 0 0 0 0 0 0 0 0 0 0 0 0 0 0 0 0 0 0 0 0 0 0 0 0 3 0 0 0 0 0 0 0 3 0 0 0 0 28 0 15 0 0 0 0 21 3 3 0 0 0 0 7 0 0 9 0 0 0 1 1 0 0 3 0 0 0 9 0 1 9 18 0 0 16 0 18 0 0 13 0 0 0 0 0 0 0 0 3 0 0 3 6 30 3 18 0 0 0 0 0 0 0 0 0 0 0 0 0 0 0 0 3 0 0 0 0 6 0 0 0 0 0 0 0 0 0 0 0 0 0 0 10 0 0 0 0 0 0 0 0 0 0 0 0 0 0 16 0 0 0 0 0 0 0 0 0 
0 0 0 0 0 0 0 0 0 0 0 0 0 0 3 0 0 0 0 0 0 0 0 0 0 0 0 0 0 0 0 0 0 0 0 0 0 0 0 3 6 18 0 0 0 18 6 6 0 9 9 16 0 0 0 0 3 0 0 0 0 0 0 0 0 0 6 0 0 0 1 0 0 6 6 0 0 4 0 3 0 0 0 0 0 12 21 0 0 0 0 3 0 18 6 1 0 19 1 0 0 0 0 0 0 0 0 0 0 6 0 0 0 0 0 0 0 0 0 0 9 0 0 0 0 33 0 0 10 0 0 0 6 0 0 0 0 0 0 0 0 0 0 0 0 0 0 0 0 0 0 0 0 0 0 0 0 0 0 0 0 1 0 0 0 0 0 0 
0 0 0 0 0 0 0 0 0 0 0 0 0 4 0 0 0 0 0 0 0 0 0 0 0 0 0 0 0 0 0 0 0 0 18 0 0 0 27 0 0 0 0 1 0 0 0 3 0 0 7 9 0 0 3 0 0 0 0 21 0 0 0 0 0 0 0 0 0 1 12 19 0 0 0 9 0 4 0 1 0 0 0 6 0 0 12 0 0 0 7 6 0 9 0 0 0 0 0 10 0 0 0 0 0 16 3 0 0 0 0 0 0 0 18 0 10 0 0 0 0 0 0 0 0 0 0 0 0 0 0 15 0 0 0 0 0 0 0 0 0 0 0 0 0 0 0 0 0 0 0 0 0 0 0 0 3 0 0 0 0 0 0 0 0 0 0 0 
0 0 0 0 0 0 0 0 0 0 0 0 0 0 0 0 0 0 0 0 0 0 0 0 0 0 0 0 0 0 0 0 0 0 0 0 0 0 0 0 0 0 0 0 0 0 0 0 0 0 0 0 0 0 0 1 18 0 0 6 0 0 0 3 0 0 0 0 9 0 0 0 0 0 0 0 0 0 0 10 0 0 0 0 0 0 0 0 0 0 0 0 0 21 0 0 0 0 0 0 3 0 0 0 0 3 0 1 0 0 0 0 0 9 0 18 12 0 0 0 0 7 0 0 0 0 0 0 27 1 0 0 0 30 0 0 0 0 0 0 0 0 0 0 0 0 0 0 0 0 0 0 0 0 0 0 0 0 0 0 0 0 0 0 0 0 0 0 
0 0 0 0 0 0 0 0 0 0 0 0 0 0 0 0 0 0 0 12 0 0 0 0 0 0 0 0 0 0 0 0 0 0 0 0 0 0 0 0 0 0 0 0 0 7 0 0 0 0 0 31 15 0 0 3 0 0 0 0 0 0 0 0 0 0 15 0 10 24 1 0 0 0 0 0 0 3 0 27 3 0 0 0 0 6 0 1 1 0 0 0 0 4 0 0 0 0 0 0 21 0 0 0 0 3 0 18 0 0 0 0 0 0 1 0 0 0 10 0 18 0 3 0 0 0 0 9 0 0 0 0 0 0 4 0 0 0 13 0 0 0 0 0 0 0 0 27 0 0 0 0 0 0 0 0 0 7 0 0 0 0 0 0 0 0 0 0 
0 0 0 0 0 0 0 3 0 0 0 0 0 0 0 0 0 0 0 0 0 0 10 0 0 0 0 0 0 0 0 0 0 0 0 0 0 0 0 0 0 19 0 0 0 6 0 1 0 0 0 0 0 10 0 0 0 0 18 3 1 0 0 0 9 1 0 0 0 0 0 6 0 9 0 0 27 0 0 0 0 6 0 0 0 0 0 3 4 0 0 0 0 0 0 0 0 21 0 0 0 0 0 3 0 0 0 0 0 0 21 0 0 0 4 0 0 0 0 0 18 0 0 0 0 0 7 0 0 0 0 3 0 0 0 1 0 0 0 3 0 21 0 0 0 0 0 0 0 0 0 0 1 0 0 0 0 0 0 0 0 0 0 0 0 0 0 0 
0 0 0 0 0 0 0 0 0 0 0 0 0 0 0 0 0 0 0 0 0 0 0 0 0 1 0 0 0 0 0 0 0 0 0 0 0 0 6 0 0 0 0 0 0 0 0 0 0 0 0 0 0 0 0 0 0 0 3 0 0 0 9 0 0 3 0 0 0 0 4 3 0 9 0 0 0 0 0 24 1 0 0 0 0 0 12 6 0 0 6 0 0 6 0 9 1 0 1 7 6 0 0 3 0 0 3 0 6 0 0 4 1 0 4 0 30 0 0 0 0 0 0 0 0 0 0 0 0 4 0 0 1 0 0 0 0 0 0 0 0 0 0 0 0 0 0 0 0 0 0 0 0 0 0 0 0 0 0 0 0 0 0 0 0 0 0 0 
0 0 0 0 0 0 43 0 0 40 0 0 0 0 0 0 0 0 0 0 0 0 0 0 0 0 0 0 0 0 0 0 0 0 0 0 0 9 0 0 0 0 0 0 0 0 0 0 0 0 0 0 0 0 3 0 0 0 0 9 9 0 15 0 0 1 18 0 0 0 0 0 0 0 3 0 21 0 28 0 0 0 0 0 0 0 7 0 0 15 0 9 0 0 0 0 4 4 0 0 0 7 1 6 0 0 0 1 0 0 0 0 0 30 0 0 0 0 0 0 0 0 0 1 0 6 0 0 0 0 0 0 0 0 0 1 0 0 0 0 0 0 0 0 0 12 0 0 0 0 0 0 0 0 0 0 0 0 0 0 0 0 0 0 0 0 0 0 
0 0 0 0 0 0 0 0 0 0 0 0 0 0 0 0 0 0 0 0 0 0 0 0 0 0 0 0 0 0 0 0 0 0 0 0 0 0 0 0 1 0 24 0 0 0 15 0 0 0 0 0 0 0 0 0 10 6 7 4 0 0 0 0 0 0 0 4 12 0 0 0 0 0 0 0 0 0 9 0 0 4 0 4 15 0 13 0 1 21 13 0 0 0 0 0 0 0 0 0 0 0 0 0 0 16 0 0 0 3 0 0 18 0 0 0 0 0 0 21 0 0 0 0 0 9 0 0 0 0 0 0 0 25 0 0 0 0 0 0 0 0 0 0 0 0 0 0 0 0 0 12 0 0 0 0 0 0 0 0 0 0 0 0 0 0 0 0 
0 0 0 0 0 0 0 0 0 0 0 0 0 0 0 0 0 0 0 0 0 0 0 0 0 0 0 0 0 0 0 0 0 0 0 0 0 21 0 0 0 0 0 15 0 0 3 1 0 0 3 9 0 3 0 12 0 0 0 0 13 0 0 0 0 6 0 0 1 0 0 0 0 0 0 7 0 0 0 0 3 0 6 0 3 0 0 0 0 0 0 0 0 0 0 0 0 0 0 0 1 0 0 0 0 0 0 0 0 0 24 0 12 0 0 0 0 0 0 7 0 0 0 0 0 0 0 0 0 0 12 0 0 0 0 0 0 0 0 0 0 0 0 0 0 0 0 0 0 0 0 0 0 0 0 0 0 0 0 0 0 0 0 0 0 0 0 0 
0 0 0 0 10 0 0 0 0 0 0 0 0 0 0 0 0 0 0 0 0 0 0 0 0 0 0 0 0 0 0 0 0 0 0 0 0 0 6 0 0 0 4 0 12 0 0 12 0 0 0 0 0 0 0 0 0 0 0 10 0 0 0 0 0 0 0 0 0 16 1 0 0 0 6 12 21 3 0 1 0 1 0 0 0 0 0 0 4 0 0 0 0 0 0 0 0 0 10 0 0 0 0 0 0 0 0 0 0 10 0 0 0 0 0 0 3 0 0 0 0 0 0 0 0 1 0 0 0 0 0 0 0 0 0 7 0 0 0 0 0 0 0 0 0 0 0 0 0 0 0 0 0 0 0 0 0 0 0 0 0 0 0 0 0 0 0 0 
0 0 0 0 0 0 0 0 0 0 0 0 0 0 0 0 0 0 0 0 0 0 0 0 0 0 0 0 0 0 0 0 0 0 0 0 0 0 0 0 0 0 0 0 0 0 24 0 0 27 0 7 15 0 0 0 0 0 0 0 0 0 0 0 0 0 0 0 0 0 12 25 0 0 0 0 0 1 21 0 9 0 10 3 6 1 0 0 0 0 3 0 0 0 0 0 0 21 0 0 0 0 0 0 0 0 0 0 0 0 15 0 0 0 0 0 0 0 0 0 0 12 0 0 0 3 0 0 0 0 0 0 0 0 0 4 0 0 0 0 0 0 0 0 0 0 0 0 0 0 0 0 0 0 0 0 0 0 0 0 0 0 0 0 0 0 0 0 
0 0 0 0 0 0 0 0 0 0 0 0 0 0 0 0 0 0 0 0 3 0 0 0 0 0 0 0 0 0 0 0 0 0 0 0 0 0 0 0 0 0 0 0 0 0 0 0 0 0 0 0 0 3 10 0 4 0 4 0 0 0 0 22 4 0 0 0 0 0 0 0 0 0 0 24 0 0 1 0 3 0 0 12 7 0 0 1 9 0 1 0 0 0 0 15 0 0 0 0 1 0 0 0 0 3 0 0 0 0 0 22 7 21 0 0 7 0 0 0 0 0 0 21 0 0 0 0 0 0 3 0 0 9 0 0 0 0 0 0 0 0 0 0 16 0 0 0 0 0 0 0 0 0 16 0 0 0 0 0 0 0 0 0 0 0 0 0 
0 0 0 0 0 0 0 0 0 0 0 1 0 0 0 0 0 0 0 0 0 0 0 0 0 0 0 0 0 0 0 0 0 24 0 0 0 0 0 0 0 0 0 0 0 0 0 12 0 0 0 1 12 0 3 0 6 15 0 1 0 7 0 21 1 0 0 0 0 0 0 0 0 0 3 0 0 0 0 3 0 0 13 0 0 0 10 0 15 0 3 0 0 0 0 0 3 0 6 0 0 7 6 0 3 0 0 0 12 0 0 0 0 0 13 31 1 0 0 0 21 0 0 0 15 0 0 0 0 0 0 31 0 0 0 0 0 0 0 0 0 0 0 0 0 4 0 0 0 0 0 0 0 0 0 0 0 0 0 0 0 0 0 0 0 0 0 0 
0 0 0 0 0 0 0 0 0 0 0 0 0 0 0 0 0 0 0 0 0 0 0 0 0 0 0 0 0 0 0 0 0 0 0 0 0 0 0 0 0 0 0 0 0 7 0 0 24 0 6 0 0 10 6 0 15 0 0 0 0 0 0 6 0 21 0 13 0 0 0 13 0 0 0 0 0 0 0 0 0 0 3 0 24 0 0 0 1 0 0 15 1 0 0 0 9 0 0 0 1 0 0 0 15 0 0 0 12 9 15 0 0 4 0 0 0 1 0 0 0 30 0 0 0 0 0 3 6 0 1 0 0 0 0 0 0 0 0 0 0 0 0 0 0 10 0 0 0 0 0 0 0 0 0 0 0 0 0 0 0 0 0 0 0 0 0 0 
0 0 0 0 0 0 0 0 0 0 0 0 0 0 0 0 0 0 0 0 0 0 0 0 0 0 0 0 0 0 0 0 0 0 0 0 3 0 0 0 0 0 0 0 0 0 9 0 3 0 0 0 27 0 0 0 0 0 0 0 15 6 7 0 0 0 0 0 6 0 0 0 4 0 1 0 0 0 0 3 0 0 0 0 4 0 0 0 3 0 4 0 0 12 0 0 10 0 7 6 0 13 0 0 0 21 0 0 0 0 0 6 1 0 4 0 0 0 0 4 0 0 0 0 0 0 0 0 0 0 0 0 0 0 3 0 0 0 0 0 0 0 0 0 0 0 0 0 0 0 0 0 6 0 0 0 0 0 0 0 0 0 0 0 0 0 0 0 
0 0 0 0 0 0 0 0 0 0 0 0 0 0 0 0 0 0 0 0 0 0 0 0 0 0 0 0 9 3 0 0 0 0 0 0 0 0 0 0 0 0 0 0 9 0 0 0 18 0 0 0 0 0 30 0 0 0 0 0 0 0 0 0 9 0 16 18 1 19 0 1 0 0 0 12 0 0 0 0 0 0 0 0 0 1 0 0 3 0 18 1 0 0 0 0 0 3 0 0 0 0 0 0 3 1 12 0 0 4 3 0 0 0 0 3 0 0 0 0 0 0 0 0 0 0 0 3 0 0 0 0 0 0 1 0 0 0 0 4 9 0 0 0 0 0 0 0 0 0 0 0 0 0 0 0 0 0 0 0 0 0 0 0 0 0 0 0 
0 0 0 0 0 0 0 0 0 0 0 0 0 0 0 0 0 0 0 0 0 0 0 0 0 0 0 0 0 0 0 0 0 0 0 0 4 0 0 0 0 0 0 6 0 0 25 0 21 18 0 0 0 10 0 0 0 1 0 0 0 0 0 0 0 0 0 0 0 0 0 0 1 6 0 0 0 0 1 0 0 0 0 12 0 0 0 0 9 0 0 0 0 15 0 0 0 0 0 0 0 0 0 4 0 0 0 0 0 9 0 9 0 24 24 0 0 0 0 0 0 0 0 0 0 0 0 30 7 0 0 0 9 0 0 0 0 0 0 0 0 0 0 0 0 0 0 0 0 0 0 0 0 0 0 0 0 0 0 0 0 0 0 0 0 0 0 0 
0 0 0 0 0 0 0 0 0 0 0 0 0 0 0 0 0 0 0 0 0 0 0 0 0 0 0 0 0 0 0 0 0 0 0 0 31 0 0 3 0 0 12 0 0 0 0 0 0 0 9 0 0 4 0 0 0 0 0 10 3 0 3 0 21 6 0 9 0 3 0 0 0 0 0 0 0 15 0 3 0 3 0 0 0 0 1 0 0 16 0 0 0 7 0 0 0 24 0 0 0 0 0 0 0 21 0 0 0 6 0 0 0 0 0 0 0 0 0 0 0 0 0 0 0 0 0 0 0 0 0 0 0 0 0 0 0 0 0 0 0 0 18 0 0 0 0 6 0 0 0 0 0 0 0 0 0 19 0 0 0 0 0 0 0 0 0 0 
0 0 0 0 0 0 0 0 0 0 0 0 0 0 0 0 0 0 0 0 0 0 0 0 0 0 0 0 0 0 0 0 0 0 0 0 0 9 0 1 0 0 0 3 0 0 0 0 16 0 0 1 0 0 0 0 0 10 3 0 0 0 0 0 4 15 0 0 0 0 0 0 0 0 0 3 0 0 21 0 0 0 13 0 0 0 0 12 0 0 0 0 0 15 0 0 0 0 0 0 0 0 7 6 0 0 0 0 0 0 0 0 6 0 0 4 0 0 0 9 0 0 0 0 0 0 4 15 9 0 0 3 0 0 0 0 0 0 0 0 0 0 0 3 0 0 0 0 1 0 0 0 0 3 0 0 0 15 0 0 0 0 0 0 0 0 0 0 
0 0 0 0 0 0 0 0 0 0 0 0 0 0 30 0 0 0 0 0 0 0 0 0 0 0 0 0 0 0 0 0 0 0 0 0 0 0 0 0 0 0 0 0 0 0 0 0 0 0 0 0 9 0 0 0 0 24 0 7 0 0 3 0 0 0 0 0 0 0 16 0 15 0 4 0 21 15 0 0 0 0 0 0 0 0 0 1 18 15 0 0 6 0 0 0 0 0 0 16 0 0 0 0 15 0 0 9 0 6 6 0 0 0 0 0 6 0 0 0 15 3 0 0 0 0 0 0 0 0 0 0 0 0 0 0 0 0 0 0 0 0 0 0 0 0 0 1 0 0 0 0 0 0 0 0 0 0 0 0 0 0 0 0 0 0 0 0 
0 0 0 0 0 0 0 0 0 0 0 0 0 0 0 0 0 0 0 0 0 0 0 0 0 0 0 0 0 0 0 0 0 0 0 0 0 0 0 0 0 0 0 0 0 3 0 0 12 0 0 0 3 0 0 4 0 0 1 0 25 0 0 0 0 3 6 0 0 0 0 0 0 0 0 0 3 0 0 0 4 0 13 15 0 0 0 0 0 0 0 0 6 1 0 12 0 0 0 0 0 0 0 0 1 0 0 0 0 9 0 0 0 0 0 0 0 0 0 0 10 0 0 0 0 0 0 0 3 0 0 1 0 1 0 0 0 0 0 0 0 0 0 0 0 0 0 0 0 0 0 0 0 0 15 0 0 0 0 0 0 0 0 0 0 0 0 0 
0 0 0 0 0 0 0 0 0 0 0 0 0 0 0 0 0 0 0 0 0 0 0 0 0 0 0 0 0 0 0 0 0 0 1 0 0 0 0 0 0 0 0 0 0 0 3 0 0 0 0 0 0 3 0 24 0 0 0 21 9 0 0 0 0 1 16 1 0 0 0 18 0 0 0 0 0 0 1 0 0 0 3 0 0 6 3 0 0 0 0 3 0 0 9 0 0 0 0 18 0 0 0 12 3 0 0 6 3 0 0 0 0 0 3 0 0 0 0 0 0 3 0 0 0 0 0 0 0 0 0 0 0 0 21 0 0 0 0 0 0 0 0 0 0 0 9 0 0 0 0 0 0 0 0 0 0 0 0 0 0 0 0 0 0 0 0 0 
0 0 0 0 0 0 0 0 0 0 0 0 0 0 0 0 0 0 0 0 0 0 0 0 0 0 0 0 0 0 0 0 9 0 0 0 0 0 0 0 0 0 0 0 0 0 0 0 0 9 0 0 0 0 0 0 0 0 12 0 0 0 0 0 0 0 0 0 0 0 0 15 1 0 18 0 0 0 0 15 0 12 0 0 0 0 3 0 12 3 0 0 0 0 0 0 21 0 0 0 15 0 0 0 0 0 1 0 3 0 0 0 0 4 12 3 0 0 0 0 0 0 10 0 0 0 0 0 0 0 0 1 0 0 0 0 0 0 4 24 0 0 0 0 0 0 0 0 0 0 0 0 0 0 0 0 0 0 0 0 0 0 0 0 0 0 0 0 
0 0 0 0 0 0 0 0 0 0 6 0 0 0 0 0 0 0 0 0 0 0 0 0 0 0 0 0 0 0 0 0 0 0 0 0 0 0 0 31 0 0 3 0 0 15 0 0 0 0 1 0 0 0 1 0 0 0 0 19 0 0 0 0 0 0 0 0 0 10 12 3 7 0 0 0 0 0 6 12 0 0 0 0 22 0 0 6 0 0 0 1 0 0 0 0 0 4 0 0 0 6 0 0 1 10 0 0 9 0 0 18 9 0 0 0 3 0 0 0 0 1 1 0 0 0 0 0 0 0 3 0 0 0 0 0 0 0 0 0 0 0 0 0 0 0 0 0 0 0 0 0 0 0 0 0 0 0 0 0 0 0 0 0 0 0 0 0 
0 0 0 0 0 0 0 0 0 0 0 0 0 0 0 0 0 0 0 0 0 0 0 0 0 0 0 0 0 0 0 1 0 0 0 0 0 0 0 0 0 0 15 12 7 0 3 0 0 0 0 0 0 0 0 9 0 24 3 0 0 0 0 4 0 0 0 1 27 0 0 0 0 0 0 0 0 0 0 6 0 0 0 0 0 0 0 9 0 0 0 0 0 0 0 18 0 0 0 0 0 0 6 1 16 0 0 0 0 0 0 28 0 0 3 0 0 0 0 0 0 0 0 0 9 0 0 3 0 0 0 0 0 0 0 18 0 0 0 0 0 0 0 0 0 0 0 0 0 0 0 0 0 0 0 0 0 0 0 0 0 0 0 0 0 0 0 0 
0 0 0 0 0 0 0 0 0 0 0 0 0 0 0 0 0 0 0 0 0 0 0 0 0 0 0 0 0 0 0 0 0 0 0 0 0 0 0 0 0 0 0 0 0 0 0 0 15 0 0 0 0 0 0 0 0 6 0 0 9 0 4 0 27 0 0 6 3 0 0 0 0 0 0 0 0 0 1 6 10 7 3 9 1 1 0 3 0 1 0 0 0 0 0 12 0 0 0 0 0 0 0 0 0 0 0 0 0 0 0 0 0 0 3 0 0 0 0 9 7 1 0 0 0 0 0 0 3 3 0 0 0 0 0 0 0 0 0 0 0 0 0 0 0 0 0 0 0 0 0 0 0 0 0 0 0 0 0 0 0 0 0 0 0 0 0 0 
0 0 0 0 0 0 0 0 0 0 0 0 0 0 0 0 0 0 0 0 0 0 0 0 0 0 0 0 0 0 0 0 0 0 0 0 0 0 0 0 0 0 0 0 0 15 0 0 0 0 0 30 0 0 0 3 0 3 0 0 0 0 6 27 6 0 0 0 0 27 0 0 0 0 0 6 0 0 0 4 25 0 0 22 3 1 25 15 1 0 3 0 0 0 0 0 0 0 3 9 0 3 0 0 1 0 1 0 0 0 0 0 0 0 0 0 0 24 25 0 0 0 0 15 0 0 0 0 0 0 0 0 0 0 0 0 0 0 0 0 0 0 0 0 0 0 0 0 0 0 0 0 0 0 0 0 0 0 0 0 0 0 0 0 0 0 0 0 
0 0 0 0 0 0 0 0 0 0 0 0 0 0 0 0 0 0 0 0 0 0 0 0 0 0 0 0 0 0 0 0 0 0 0 0 9 0 0 0 6 0 0 24 0 0 0 0 9 0 0 0 0 6 24 0 0 0 9 0 0 0 0 0 9 1 0 21 1 0 0 18 0 0 1 0 0 12 0 10 0 0 0 0 0 0 3 0 0 0 0 0 0 0 0 27 0 0 0 0 0 1 3 0 0 0 0 0 0 9 0 0 0 0 0 0 0 1 0 0 0 0 0 0 0 0 0 0 0 0 0 0 0 0 0 0 0 0 0 0 0 0 25 0 0 0 0 0 0 0 0 0 0 0 0 0 0 0 0 0 0 0 0 0 0 0 0 0 
0 0 0 0 0 0 0 0 0 0 0 0 0 0 0 0 0 0 0 0 0 0 0 0 0 0 0 0 13 0 0 0 0 0 0 19 0 0 0 0 0 0 0 0 28 0 0 0 0 0 6 4 0 0 7 0 0 0 0 0 18 3 13 0 9 28 0 0 0 21 7 0 7 0 0 0 13 0 0 4 1 3 0 22 6 0 1 0 0 10 6 7 4 12 0 1 0 0 0 6 10 0 0 0 0 0 0 0 18 0 6 0 0 0 0 15 0 0 3 9 0 0 0 0 0 0 0 0 9 0 0 0 0 0 0 0 0 0 0 0 1 0 0 0 0 0 0 0 0 0 0 0 0 0 0 0 0 0 0 0 0 0 0 0 0 0 0 0 
0 0 0 0 0 0 0 0 66 0 0 0 0 0 0 0 0 0 0 0 0 0 0 0 0 0 0 0 0 0 0 0 0 0 0 0 0 0 0 6 0 0 0 0 3 0 0 0 0 0 0 0 0 0 0 0 13 19 0 0 0 0 0 0 0 0 0 0 0 0 3 0 0 0 0 0 0 0 12 0 13 1 10 0 6 0 0 0 0 0 1 10 0 0 0 0 0 0 0 24 0 0 3 0 21 0 0 15 0 0 0 0 0 0 0 0 0 0 16 0 0 0 0 0 0 0 9 0 0 0 0 0 0 1 0 0 0 0 0 0 0 0 0 0 0 0 0 0 0 0 0 0 0 0 0 0 0 0 0 0 0 0 0 0 0 0 0 0 
0 0 0 0 0 0 0 0 0 0 0 0 0 0 0 0 0 0 0 0 0 0 0 0 0 0 0 0 0 0 0 0 0 0 0 0 0 0 27 0 0 0 0 0 0 0 30 0 0 0 0 0 19 0 0 27 3 0 0 0 0 9 3 0 0 1 3 0 0 0 0 0 0 0 0 0 0 0 0 0 12 0 4 12 0 0 0 0 0 0 0 0 0 0 0 21 0 0 0 0 3 0 0 0 0 0 0 1 0 0 15 0 0 0 0 0 0 0 0 0 0 0 0 0 0 0 0 7 0 0 0 0 0 0 0 0 0 0 12 0 0 0 0 0 0 0 0 0 0 0 0 0 0 0 0 0 0 0 0 0 0 0 0 0 0 0 0 0 
0 0 0 0 0 0 0 0 0 0 0 0 0 0 0 0 0 0 0 0 0 0 0 0 0 0 0 0 0 0 0 0 0 0 0 0 0 0 0 0 0 0 0 0 0 0 25 0 0 3 0 0 0 0 0 3 0 0 0 0 0 0 0 0 0 0 0 0 0 0 10 0 0 0 6 0 3 0 0 0 0 6 0 0 0 0 0 0 0 0 6 0 0 0 0 0 0 0 0 3 1 0 0 0 0 0 0 0 0 0 0 0 0 0 0 13 3 0 24 0 0 0 0 0 0 0 0 0 0 0 0 6 0 0 0 0 0 0 0 0 0 0 0 0 0 33 0 0 0 0 0 0 0 0 0 0 0 0 0 0 0 0 0 0 0 0 0 0 
0 0 0 0 0 0 0 0 0 0 0 0 0 0 0 0 0 27 0 0 0 0 0 0 0 0 0 0 6 0 0 0 0 0 0 0 0 0 0 0 0 0 0 0 0 0 0 0 0 0 0 0 30 0 0 0 0 27 0 0 0 0 0 0 0 0 15 0 1 3 0 0 0 0 0 9 0 0 0 0 0 0 0 0 1 16 1 0 28 0 0 3 0 0 0 0 6 0 3 0 0 0 1 0 0 0 12 0 0 0 6 0 1 0 0 0 0 0 0 0 0 0 28 0 0 0 0 0 0 0 0 0 0 0 0 0 0 0 0 0 0 0 0 0 0 0 0 0 0 0 0 0 0 0 0 0 0 0 0 0 0 0 0 0 0 0 0 0 
0 0 0 0 0 0 0 0 0 0 0 0 0 0 0 0 0 0 0 0 0 0 0 0 0 3 0 0 0 0 0 7 0 0 0 0 0 0 0 0 0 0 6 0 0 0 0 0 4 7 0 0 0 0 0 0 0 0 0 0 0 4 0 0 0 0 0 24 0 0 0 0 0 0 0 0 6 0 0 0 3 0 0 0 0 0 0 0 3 16 4 13 24 0 13 0 0 0 3 0 0 0 0 0 0 0 0 6 15 0 0 0 0 0 0 28 30 0 0 0 0 0 0 0 0 1 0 0 0 0 0 0 0 0 0 0 0 0 1 0 0 0 0 0 0 0 0 0 0 0 0 0 0 0 0 0 0 0 0 0 0 0 0 0 0 0 0 0 
0 0 0 0 0 0 0 0 0 0 0 0 0 0 0 0 0 0 0 0 0 0 0 0 0 0 0 0 0 0 0 0 0 0 0 1 0 0 0 0 0 0 0 0 0 0 0 0 0 0 0 0 9 0 0 0 0 0 3 1 0 7 0 0 0 0 0 0 0 0 0 0 0 27 3 0 3 0 0 0 0 0 3 0 1 0 24 4 0 6 4 0 6 3 0 1 3 0 0 1 0 0 7 0 0 0 0 3 0 0 0 0 0 0 0 3 0 0 24 0 0 4 3 0 0 0 0 1 10 0 0 0 0 0 0 0 0 0 3 0 0 0 0 3 0 0 0 0 0 0 3 1 0 0 0 0 0 0 0 0 0 0 0 0 0 0 0 10 
0 0 0 0 0 0 0 0 9 0 0 0 0 0 0 0 0 0 0 0 0 0 0 0 0 0 0 0 0 0 0 0 0 0 0 0 0 0 0 0 1 0 0 0 4 0 6 0 0 0 0 15 0 0 0 0 0 3 0 0 0 1 0 0 0 9 18 21 3 10 0 0 0 0 0 0 0 0 0 0 0 1 27 9 0 0 0 0 0 0 6 0 0 0 6 0 0 6 0 0 0 0 6 6 0 0 0 0 0 0 0 0 0 0 0 0 0 1 0 0 15 0 0 0 0 0 0 3 0 0 0 0 0 0 0 0 0 0 0 0 0 0 6 0 0 0 0 0 0 0 0 0 0 0 0 12 0 0 0 0 0 0 0 0 0 0 0 0 
0 0 0 0 0 0 0 0 0 0 0 0 0 0 0 0 0 0 0 0 0 0 0 0 0 0 0 0 0 0 0 0 0 0 0 4 0 0 0 0 0 0 0 9 0 0 0 0 0 0 1 0 0 15 0 0 0 6 0 0 12 0 0 0 0 0 0 0 0 9 0 0 0 0 0 24 0 0 0 3 0 0 0 3 0 25 6 0 0 0 0 0 0 0 0 0 1 0 9 0 15 0 0 0 0 0 3 0 0 0 9 0 0 0 0 0 24 0 0 13 0 0 0 0 0 3 0 0 0 0 1 0 0 0 0 0 0 0 0 0 0 0 0 0 0 0 0 0 0 0 0 0 0 0 0 0 0 0 0 0 0 0 0 0 0 0 0 0 
0 0 0 0 0 0 0 0 0 0 0 0 0 0 0 0 0 0 0 0 0 0 0 0 0 0 0 0 0 0 0 0 1 0 0 0 3 0 13 0 0 0 0 0 0 0 0 0 0 0 0 0 0 0 0 0 3 9 0 13 0 0 0 3 0 18 0 0 0 0 7 0 0 13 0 0 0 15 0 0 0 0 0 0 0 4 0 0 1 0 0 3 0 0 10 0 0 0 0 0 0 0 0 3 0 6 0 0 0 18 4 0 0 3 1 0 3 4 0 0 0 0 1 0 0 33 3 0 0 0 30 0 0 0 0 0 0 0 0 0 0 0 0 0 0 0 0 0 0 0 0 0 0 1 0 0 0 0 0 0 0 0 0 0 0 12 0 0 
0 0 0 0 0 0 0 0 0 0 0 0 0 0 0 0 0 0 0 0 0 0 0 0 0 0 0 0 7 0 0 0 1 0 0 9 0 0 0 0 0 0 0 3 0 0 0 0 25 1 0 0 0 0 0 0 3 0 0 0 6 0 0 9 0 0 6 0 0 12 0 0 3 0 0 0 15 3 0 18 3 0 6 0 0 0 3 7 0 7 3 0 3 0 9 0 0 0 0 0 0 0 0 0 0 0 0 0 0 6 9 0 0 0 6 0 0 0 0 0 18 0 6 24 0 0 27 0 0 0 0 0 0 0 0 0 0 0 28 0 0 0 0 0 0 0 6 0 0 0 0 0 0 0 0 0 0 0 0 0 0 0 0 0 0 0 0 0 
0 0 0 0 0 0 0 0 0 0 0 9 0 0 0 0 0 0 0 0 0 0 0 0 0 0 0 0 0 0 0 0 0 0 0 0 0 0 3 0 0 0 0 0 0 0 0 0 0 21 0 27 0 0 15 0 12 12 0 0 0 0 0 6 0 0 0 3 0 4 6 0 0 0 0 0 0 0 0 1 0 4 0 0 18 9 0 27 0 0 3 0 0 0 7 0 0 25 0 6 1 0 0 0 0 0 0 3 0 0 0 0 0 0 0 0 1 0 0 4 0 0 0 6 0 0 0 0 0 0 0 0 10 0 0 0 0 0 0 12 0 0 0 0 0 0 21 0 0 0 0 0 0 0 0 0 0 0 0 0 0 0 0 0 0 0 0 0 
0 0 0 0 0 0 0 0 69 0 0 12 0 0 0 0 0 0 0 0 0 0 0 0 0 0 0 0 0 0 0 0 0 0 0 0 0 0 0 0 0 0 0 0 0 0 0 0 4 0 0 0 0 7 0 0 0 0 0 0 0 0 15 1 0 1 12 1 0 0 0 0 0 0 18 0 0 1 3 0 21 0 4 0 0 0 1 1 1 0 0 3 0 0 0 0 0 0 6 0 0 0 0 0 0 0 3 0 0 9 0 0 0 0 0 0 0 0 0 4 0 0 0 0 0 0 6 0 0 0 0 3 0 6 3 0 0 0 0 0 0 0 0 0 0 0 0 0 0 0 0 0 0 0 0 0 0 0 0 0 0 0 0 0 0 0 0 0 
0 0 0 0 0 0 0 0 0 0 0 0 0 0 0 0 0 0 0 0 0 22 0 0 0 0 0 0 0 0 0 0 0 0 0 0 0 0 15 0 0 16 0 0 0 0 0 3 0 3 0 0 0 0 10 0 0 3 0 0 0 0 0 0 0 0 0 0 9 0 0 0 10 0 22 0 0 0 0 28 0 0 12 0 6 0 0 0 0 0 0 0 0 0 3 3 24 0 0 0 0 0 0 6 6 0 3 7 0 0 3 0 0 0 0 0 0 0 0 0 0 0 0 0 0 0 0 0 0 0 0 0 0 4 0 0 0 3 0 1 0 0 0 0 0 0 0 0 0 0 0 0 0 0 0 0 0 0 0 0 0 0 0 0 0 0 0 0 
0 0 0 0 0 0 0 42 0 0 0 0 0 0 0 0 0 0 0 0 0 0 0 0 0 0 0 0 0 0 0 0 0 0 28 0 0 0 0 0 0 0 15 0 0 3 0 3 0 0 3 0 1 0 0 0 0 0 0 3 3 6 6 0 0 0 0 0 0 0 0 0 0 0 15 3 15 0 3 1 9 0 0 6 0 12 0 4 0 0 1 0 0 0 1 10 0 6 0 0 0 0 0 0 0 0 0 0 0 0 0 0 0 0 0 0 0 0 0 0 0 0 0 0 0 3 0 0 0 0 0 0 0 0 0 0 0 0 0 0 0 0 0 0 0 0 0 0 0 0 0 0 0 0 0 0 0 0 0 0 0 0 0 0 0 0 0 0 
0 0 0 0 0 0 0 0 0 0 0 0 0 0 0 0 0 0 0 0 0 0 0 0 0 0 0 0 0 0 0 0 0 1 0 0 0 0 0 0 3 0 0 0 0 12 0 0 3 0 0 0 0 0 30 0 0 0 3 0 21 0 0 0 0 0 0 3 0 0 0 0 0 0 0 1 9 0 0 0 21 1 0 0 0 0 0 10 3 0 0 0 0 1 0 0 0 0 0 18 0 0 0 0 1 12 0 0 0 0 0 0 0 0 0 3 6 0 0 15 0 0 0 0 0 0 0 9 0 0 0 0 0 0 0 0 0 15 0 0 0 0 0 0 0 0 0 0 0 0 0 0 0 0 0 0 0 0 0 0 3 0 0 0 0 0 0 0 
0 0 0 15 0 0 0 0 0 0 0 0 0 0 0 0 0 0 0 0 0 0 0 0 0 0 0 0 0 0 0 0 0 0 0 0 0 0 0 0 0 0 0 0 0 0 0 0 3 0 0 0 0 0 6 0 0 4 0 0 7 18 0 0 0 0 0 0 0 18 0 0 0 0 0 3 0 0 0 3 0 12 12 3 0 10 0 3 0 18 19 0 0 0 1 0 10 0 0 0 0 0 0 0 0 3 0 0 0 0 0 0 0 12 0 0 21 15 0 0 18 0 0 0 0 0 0 0 0 0 15 0 0 0 0 0 0 0 0 0 0 0 0 0 0 0 0 0 0 3 0 0 4 3 0 0 0 0 0 0 0 0 0 0 0 0 0 0 
