1 OnTime_1 10 1 130 1
1 OnTime_1 11 1 285 1
1 OnTime_1 12 1 285 1
1 OnTime_1 13 1 267 1
1 OnTime_1 14 1 335 1
1 OnTime_1 16 1 309 1
1 OnTime_1 17 1 248 1
1 OnTime_1 27 1 290 1
1 OnTime_1 28 1 193 1
2 OnTime_2 9 1 422 1
2 OnTime_2 10 1 138 1
2 OnTime_2 11 1 222 1
2 OnTime_2 12 1 138 1
2 OnTime_2 13 1 160 1
2 OnTime_2 14 1 209 1
2 OnTime_2 16 1 195 1
2 OnTime_2 17 1 184 1
2 OnTime_2 27 1 290 1
2 OnTime_2 28 1 138 1
3 OnTime_3 9 1 284 1
3 OnTime_3 10 1 294 1
3 OnTime_3 11 1 232 1
3 OnTime_3 12 1 232 1
3 OnTime_3 13 1 267 1
3 OnTime_3 14 1 180 1
3 OnTime_3 16 1 195 1
3 OnTime_3 17 1 149 1
3 OnTime_3 27 1 230 1
3 OnTime_3 28 1 167 1
4 OnTime_4 9 1 265 1
4 OnTime_4 10 1 197 1
4 OnTime_4 11 1 288 1
4 OnTime_4 12 1 232 1
4 OnTime_4 13 1 192 1
4 OnTime_4 14 1 232 1
4 OnTime_4 16 1 100 1
4 OnTime_4 17 1 101 1
4 OnTime_4 27 1 290 1
4 OnTime_4 28 1 177 1
5 OnTime_5 9 1 237 1
5 OnTime_5 10 1 264 1
5 OnTime_5 11 1 99 1
5 OnTime_5 13 1 175 1
5 OnTime_5 14 1 234 1
5 OnTime_5 16 1 309 1
5 OnTime_5 17 1 237 1
5 OnTime_5 27 1 290 1
5 OnTime_5 28 1 312 1
6 OnTime_6 9 1 173 1
6 OnTime_6 11 1 222 1
6 OnTime_6 12 1 281 1
6 OnTime_6 13 1 176 1
6 OnTime_6 14 1 318 1
6 OnTime_6 16 1 268 1
6 OnTime_6 17 1 374 1
6 OnTime_6 27 1 222 1
6 OnTime_6 28 1 312 1
7 OnTime_7 9 1 351 1
7 OnTime_7 10 1 246 1
7 OnTime_7 11 1 353 1
7 OnTime_7 12 1 138 1
7 OnTime_7 13 1 67 1
7 OnTime_7 14 1 209 1
7 OnTime_7 16 1 195 1
7 OnTime_7 17 1 248 1
7 OnTime_7 28 1 291 1
8 OnTime_8 10 1 116 1
8 OnTime_8 11 1 329 1
8 OnTime_8 12 1 179 1
8 OnTime_8 13 1 160 1
8 OnTime_8 14 1 271 1
8 OnTime_8 16 1 136 1
8 OnTime_8 17 1 248 1
8 OnTime_8 27 1 290 1
8 OnTime_8 28 1 167 1
9 OnTime_9 9 1 374 1
9 OnTime_9 10 1 116 1
9 OnTime_9 11 1 326 1
9 OnTime_9 13 1 354 1
9 OnTime_9 14 1 304 1
9 OnTime_9 17 1 374 1
9 OnTime_9 27 1 223 1
10 OnTime_10 9 1 284 1
10 OnTime_10 10 1 290 1
10 OnTime_10 11 1 212 1
10 OnTime_10 12 1 349 1
10 OnTime_10 13 1 267 1
10 OnTime_10 16 1 112 1
10 OnTime_10 17 1 392 1
10 OnTime_10 27 1 290 1
10 OnTime_10 28 1 284 1
11 OnTime_11 9 1 241 1
11 OnTime_11 10 1 180 1
11 OnTime_11 12 1 321 1
11 OnTime_11 13 1 240 1
11 OnTime_11 14 1 180 1
11 OnTime_11 16 1 198 1
11 OnTime_11 17 1 248 1
11 OnTime_11 28 1 177 1
12 OnTime_12 10 1 342 1
12 OnTime_12 11 1 302 1
12 OnTime_12 12 1 426 1
12 OnTime_12 13 1 372 1
12 OnTime_12 16 1 316 1
12 OnTime_12 17 1 372 1
12 OnTime_12 27 1 205 1
12 OnTime_12 28 1 148 1
13 OnTime_13 9 1 265 1
13 OnTime_13 10 1 264 1
13 OnTime_13 11 1 235 1
13 OnTime_13 12 1 232 1
13 OnTime_13 14 1 232 1
13 OnTime_13 16 1 154 1
13 OnTime_13 17 1 286 1
13 OnTime_13 27 1 265 1
13 OnTime_13 28 1 400 1
14 OnTime_14 9 1 265 1
14 OnTime_14 10 1 203 1
14 OnTime_14 11 1 256 1
14 OnTime_14 12 1 306 1
14 OnTime_14 13 1 221 1
14 OnTime_14 14 1 221 1
14 OnTime_14 16 1 309 1
14 OnTime_14 17 1 237 1
14 OnTime_14 27 1 130 1
14 OnTime_14 28 1 144 1
15 OnTime_15 9 1 351 1
15 OnTime_15 10 1 131 1
15 OnTime_15 11 1 235 1
15 OnTime_15 12 1 131 1
15 OnTime_15 13 1 221 1
15 OnTime_15 14 1 221 1
15 OnTime_15 16 1 352 1
15 OnTime_15 17 1 120 1
15 OnTime_15 27 1 245 1
15 OnTime_15 28 1 148 1
16 OnTime_16 9 1 241 1
16 OnTime_16 10 1 363 1
16 OnTime_16 11 1 300 1
16 OnTime_16 12 1 285 1
16 OnTime_16 13 1 330 1
16 OnTime_16 14 1 304 1
16 OnTime_16 16 1 471 1
16 OnTime_16 27 1 230 1
17 OnTime_17 9 1 422 1
17 OnTime_17 10 1 180 1
17 OnTime_17 11 1 232 1
17 OnTime_17 12 1 163 1
17 OnTime_17 13 1 422 1
17 OnTime_17 14 1 209 1
17 OnTime_17 16 1 331 1
17 OnTime_17 17 1 286 1
17 OnTime_17 27 1 205 1
17 OnTime_17 28 1 144 1
18 OnTime_18 9 1 264 1
18 OnTime_18 10 1 342 1
18 OnTime_18 11 1 235 1
18 OnTime_18 12 1 362 1
18 OnTime_18 13 1 396 1
18 OnTime_18 14 1 309 1
18 OnTime_18 16 1 195 1
18 OnTime_18 17 1 373 1
18 OnTime_18 28 1 331 1
19 OnTime_19 9 1 265 1
19 OnTime_19 10 1 298 1
19 OnTime_19 11 1 326 1
19 OnTime_19 12 1 232 1
19 OnTime_19 13 1 372 1
19 OnTime_19 14 1 161 1
19 OnTime_19 16 1 140 1
19 OnTime_19 17 1 140 1
19 OnTime_19 27 1 274 1
19 OnTime_19 28 1 156 1
20 OnTime_20 10 1 131 1
20 OnTime_20 11 1 232 1
20 OnTime_20 12 1 232 1
20 OnTime_20 13 1 340 1
20 OnTime_20 14 1 347 1
20 OnTime_20 16 1 198 1
20 OnTime_20 17 1 140 1
20 OnTime_20 27 1 131 1
20 OnTime_20 28 1 315 1
21 OnTime_21 9 1 173 1
21 OnTime_21 10 1 246 1
21 OnTime_21 11 1 319 1
21 OnTime_21 12 1 370 1
21 OnTime_21 13 1 267 1
21 OnTime_21 14 1 209 1
21 OnTime_21 16 1 140 1
21 OnTime_21 17 1 140 1
21 OnTime_21 28 1 148 1
22 OnTime_22 9 1 176 1
22 OnTime_22 10 1 298 1
22 OnTime_22 12 1 185 1
22 OnTime_22 13 1 133 1
22 OnTime_22 14 1 409 1
22 OnTime_22 16 1 213 1
22 OnTime_22 17 1 171 1
22 OnTime_22 27 1 205 1
22 OnTime_22 28 1 312 1
23 OnTime_23 10 1 131 1
23 OnTime_23 12 1 131 1
23 OnTime_23 13 1 360 1
23 OnTime_23 14 1 309 1
23 OnTime_23 16 1 309 1
23 OnTime_23 17 1 372 1
23 OnTime_23 27 1 223 1
23 OnTime_23 28 1 239 1
24 OnTime_24 9 1 173 1
24 OnTime_24 10 1 246 1
24 OnTime_24 11 1 285 1
24 OnTime_24 12 1 306 1
24 OnTime_24 13 1 176 1
24 OnTime_24 14 1 318 1
24 OnTime_24 16 1 268 1
24 OnTime_24 17 1 311 1
24 OnTime_24 27 1 274 1
24 OnTime_24 28 1 291 1
25 OnTime_25 9 1 325 1
25 OnTime_25 10 1 264 1
25 OnTime_25 11 1 222 1
25 OnTime_25 12 1 113 1
25 OnTime_25 13 1 331 1
25 OnTime_25 14 1 179 1
25 OnTime_25 16 1 198 1
25 OnTime_25 17 1 161 1
25 OnTime_25 27 1 222 1
25 OnTime_25 28 1 284 1
26 OnTime_26 9 1 264 1
26 OnTime_26 10 1 264 1
26 OnTime_26 11 1 274 1
26 OnTime_26 12 1 232 1
26 OnTime_26 13 1 360 1
26 OnTime_26 14 1 271 1
26 OnTime_26 16 1 407 1
26 OnTime_26 17 1 140 1
26 OnTime_26 27 1 274 1
26 OnTime_26 28 1 284 1
27 OnTime_27 9 1 346 1
27 OnTime_27 10 1 346 1
27 OnTime_27 11 1 212 1
27 OnTime_27 12 1 285 1
27 OnTime_27 13 1 360 1
27 OnTime_27 14 1 271 1
27 OnTime_27 16 1 309 1
27 OnTime_27 17 1 323 1
27 OnTime_27 27 1 337 1
27 OnTime_27 28 1 148 1
28 OnTime_28 9 1 241 1
28 OnTime_28 10 1 203 1
28 OnTime_28 11 1 300 1
28 OnTime_28 12 1 366 1
28 OnTime_28 13 1 221 1
28 OnTime_28 14 1 161 1
28 OnTime_28 16 1 268 1
28 OnTime_28 17 1 161 1
28 OnTime_28 27 1 223 1
28 OnTime_28 28 1 167 1
29 OnTime_29 12 1 281 1
29 OnTime_29 13 1 354 1
29 OnTime_29 14 1 221 1
29 OnTime_29 16 1 316 1
29 OnTime_29 17 1 161 1
29 OnTime_29 28 1 345 1
30 OnTime_30 9 1 241 1
30 OnTime_30 10 1 131 1
30 OnTime_30 11 1 326 1
30 OnTime_30 12 1 232 1
30 OnTime_30 13 1 369 1
30 OnTime_30 14 1 467 1
30 OnTime_30 17 1 311 1
30 OnTime_30 27 1 131 1
30 OnTime_30 28 1 315 1
31 OnTime_31 10 1 138 1
31 OnTime_31 11 1 235 1
31 OnTime_31 12 1 285 1
31 OnTime_31 13 1 369 1
31 OnTime_31 14 1 232 1
31 OnTime_31 17 1 194 1
31 OnTime_31 27 1 205 1
31 OnTime_31 28 1 138 1
32 OnTime_32 9 1 162 1
32 OnTime_32 10 1 266 1
32 OnTime_32 11 1 256 1
32 OnTime_32 12 1 281 1
32 OnTime_32 13 1 176 1
32 OnTime_32 14 1 271 1
32 OnTime_32 16 1 352 1
32 OnTime_32 17 1 323 1
32 OnTime_32 27 1 265 1
32 OnTime_32 28 1 315 1
33 OnTime_33 9 1 265 1
33 OnTime_33 10 1 197 1
33 OnTime_33 11 1 212 1
33 OnTime_33 13 1 372 1
33 OnTime_33 14 1 346 1
33 OnTime_33 16 1 140 1
33 OnTime_33 17 1 374 1
33 OnTime_33 27 1 274 1
33 OnTime_33 28 1 148 1
34 OnTime_34 9 1 374 1
34 OnTime_34 10 1 203 1
34 OnTime_34 11 1 212 1
34 OnTime_34 12 1 285 1
34 OnTime_34 13 1 175 1
34 OnTime_34 14 1 271 1
34 OnTime_34 16 1 198 1
34 OnTime_34 17 1 184 1
34 OnTime_34 27 1 265 1
34 OnTime_34 28 1 148 1
35 OnTime_35 9 1 374 1
35 OnTime_35 10 1 342 1
35 OnTime_35 11 1 235 1
35 OnTime_35 12 1 392 1
35 OnTime_35 13 1 89 1
35 OnTime_35 14 1 209 1
35 OnTime_35 16 1 268 1
35 OnTime_35 17 1 374 1
35 OnTime_35 27 1 429 1
35 OnTime_35 28 1 167 1
36 OnTime_36 9 1 197 1
36 OnTime_36 10 1 298 1
36 OnTime_36 11 1 422 1
36 OnTime_36 12 1 362 1
36 OnTime_36 13 1 340 1
36 OnTime_36 14 1 288 1
36 OnTime_36 16 1 309 1
36 OnTime_36 17 1 164 1
36 OnTime_36 27 1 367 1
36 OnTime_36 28 1 291 1
37 OnTime_37 9 1 241 1
37 OnTime_37 10 1 264 1
37 OnTime_37 11 1 302 1
37 OnTime_37 12 1 232 1
37 OnTime_37 13 1 267 1
37 OnTime_37 14 1 232 1
37 OnTime_37 16 1 316 1
37 OnTime_37 17 1 323 1
37 OnTime_37 27 1 290 1
37 OnTime_37 28 1 356 1
38 OnTime_38 9 1 241 1
38 OnTime_38 10 1 102 1
38 OnTime_38 11 1 422 1
38 OnTime_38 12 1 390 1
38 OnTime_38 13 1 422 1
38 OnTime_38 14 1 271 1
38 OnTime_38 16 1 195 1
38 OnTime_38 27 1 102 1
38 OnTime_38 28 1 390 1
39 OnTime_39 9 1 173 1
39 OnTime_39 10 1 203 1
39 OnTime_39 11 1 222 1
39 OnTime_39 13 1 211 1
39 OnTime_39 14 1 234 1
39 OnTime_39 17 1 200 1
39 OnTime_39 27 1 274 1
39 OnTime_39 28 1 312 1
40 OnTime_40 9 1 325 1
40 OnTime_40 11 1 288 1
40 OnTime_40 12 1 362 1
40 OnTime_40 13 1 211 1
40 OnTime_40 14 1 288 1
40 OnTime_40 16 1 108 1
40 OnTime_40 17 1 200 1
40 OnTime_40 27 1 337 1
41 OnTime_41 9 1 265 1
41 OnTime_41 10 1 138 1
41 OnTime_41 12 1 163 1
41 OnTime_41 13 1 192 1
41 OnTime_41 14 1 409 1
41 OnTime_41 16 1 352 1
41 OnTime_41 17 1 171 1
41 OnTime_41 27 1 130 1
41 OnTime_41 28 1 239 1
42 OnTime_42 9 1 199 1
42 OnTime_42 12 1 163 1
42 OnTime_42 13 1 148 1
42 OnTime_42 14 1 179 1
42 OnTime_42 16 1 268 1
42 OnTime_42 27 1 223 1
42 OnTime_42 28 1 144 1
43 OnTime_43 9 1 199 1
43 OnTime_43 10 1 264 1
43 OnTime_43 11 1 235 1
43 OnTime_43 12 1 321 1
43 OnTime_43 13 1 369 1
43 OnTime_43 14 1 209 1
43 OnTime_43 16 1 100 1
43 OnTime_43 17 1 140 1
43 OnTime_43 27 1 245 1
43 OnTime_43 28 1 239 1
44 OnTime_44 9 1 199 1
44 OnTime_44 10 1 326 1
44 OnTime_44 11 1 326 1
44 OnTime_44 12 1 183 1
44 OnTime_44 13 1 267 1
44 OnTime_44 14 1 214 1
44 OnTime_44 16 1 407 1
44 OnTime_44 17 1 194 1
44 OnTime_44 27 1 274 1
44 OnTime_44 28 1 291 1
45 OnTime_45 9 1 422 1
45 OnTime_45 11 1 422 1
45 OnTime_45 12 1 179 1
45 OnTime_45 13 1 369 1
45 OnTime_45 14 1 179 1
45 OnTime_45 16 1 100 1
45 OnTime_45 17 1 140 1
45 OnTime_45 27 1 367 1
45 OnTime_45 28 1 233 1
46 OnTime_46 9 1 325 1
46 OnTime_46 10 1 197 1
46 OnTime_46 11 1 222 1
46 OnTime_46 12 1 179 1
46 OnTime_46 13 1 168 1
46 OnTime_46 14 1 179 1
46 OnTime_46 16 1 407 1
46 OnTime_46 17 1 149 1
46 OnTime_46 27 1 274 1
46 OnTime_46 28 1 472 1
47 OnTime_47 9 1 241 1
47 OnTime_47 10 1 342 1
47 OnTime_47 11 1 200 1
47 OnTime_47 12 1 138 1
47 OnTime_47 13 1 175 1
47 OnTime_47 14 1 282 1
47 OnTime_47 16 1 316 1
47 OnTime_47 17 1 200 1
47 OnTime_47 27 1 313 1
47 OnTime_47 28 1 138 1
48 OnTime_48 9 1 374 1
48 OnTime_48 10 1 116 1
48 OnTime_48 11 1 274 1
48 OnTime_48 12 1 138 1
48 OnTime_48 14 1 117 1
48 OnTime_48 16 1 136 1
48 OnTime_48 17 1 200 1
48 OnTime_48 27 1 274 1
48 OnTime_48 28 1 138 1
49 OnTime_49 9 1 284 1
49 OnTime_49 11 1 222 1
49 OnTime_49 13 1 367 1
49 OnTime_49 14 1 468 1
49 OnTime_49 16 1 198 1
49 OnTime_49 17 1 171 1
49 OnTime_49 27 1 223 1
49 OnTime_49 28 1 284 1
50 OnTime_50 9 1 176 1
50 OnTime_50 10 1 342 1
50 OnTime_50 11 1 160 1
50 OnTime_50 12 1 163 1
50 OnTime_50 13 1 176 1
50 OnTime_50 14 1 271 1
50 OnTime_50 16 1 309 1
50 OnTime_50 17 1 101 1
50 OnTime_50 27 1 330 1
50 OnTime_50 28 1 284 1
51 OnTime_51 9 1 199 1
51 OnTime_51 10 1 326 1
51 OnTime_51 11 1 326 1
51 OnTime_51 12 1 138 1
51 OnTime_51 13 1 331 1
51 OnTime_51 14 1 214 1
51 OnTime_51 16 1 331 1
51 OnTime_51 17 1 149 1
51 OnTime_51 27 1 274 1
51 OnTime_51 28 1 138 1
52 OnTime_52 9 1 318 1
52 OnTime_52 10 1 203 1
52 OnTime_52 12 1 185 1
52 OnTime_52 13 1 360 1
52 OnTime_52 14 1 234 1
52 OnTime_52 17 1 164 1
52 OnTime_52 27 1 118 1
52 OnTime_52 28 1 239 1
53 OnTime_53 9 1 387 1
53 OnTime_53 10 1 246 1
53 OnTime_53 11 1 212 1
53 OnTime_53 12 1 183 1
53 OnTime_53 13 1 330 1
53 OnTime_53 14 1 282 1
53 OnTime_53 16 1 154 1
53 OnTime_53 27 1 330 1
53 OnTime_53 28 1 284 1
54 OnTime_54 9 1 159 1
54 OnTime_54 10 1 266 1
54 OnTime_54 11 1 274 1
54 OnTime_54 13 1 176 1
54 OnTime_54 14 1 232 1
54 OnTime_54 17 1 425 1
54 OnTime_54 27 1 274 1
54 OnTime_54 28 1 345 1
55 OnTime_55 9 1 162 1
55 OnTime_55 10 1 138 1
55 OnTime_55 11 1 300 1
55 OnTime_55 12 1 138 1
55 OnTime_55 13 1 211 1
55 OnTime_55 14 1 271 1
55 OnTime_55 16 1 316 1
55 OnTime_55 27 1 245 1
55 OnTime_55 28 1 233 1
56 OnTime_56 9 1 422 1
56 OnTime_56 10 1 203 1
56 OnTime_56 11 1 235 1
56 OnTime_56 12 1 184 1
56 OnTime_56 13 1 422 1
56 OnTime_56 14 1 288 1
56 OnTime_56 16 1 309 1
56 OnTime_56 17 1 373 1
56 OnTime_56 27 1 118 1
56 OnTime_56 28 1 167 1
57 OnTime_57 9 1 241 1
57 OnTime_57 10 1 116 1
57 OnTime_57 11 1 212 1
57 OnTime_57 12 1 366 1
57 OnTime_57 13 1 331 1
57 OnTime_57 14 1 412 1
57 OnTime_57 16 1 331 1
57 OnTime_57 17 1 323 1
57 OnTime_57 27 1 230 1
57 OnTime_57 28 1 331 1
58 OnTime_58 10 1 116 1
58 OnTime_58 11 1 256 1
58 OnTime_58 12 1 163 1
58 OnTime_58 13 1 267 1
58 OnTime_58 14 1 168 1
58 OnTime_58 16 1 213 1
58 OnTime_58 28 1 167 1
59 OnTime_59 9 1 351 1
59 OnTime_59 10 1 326 1
59 OnTime_59 11 1 326 1
59 OnTime_59 12 1 163 1
59 OnTime_59 13 1 360 1
59 OnTime_59 14 1 409 1
59 OnTime_59 16 1 316 1
59 OnTime_59 17 1 140 1
59 OnTime_59 27 1 269 1
59 OnTime_59 28 1 322 1
60 OnTime_60 9 1 173 1
60 OnTime_60 11 1 285 1
60 OnTime_60 12 1 285 1
60 OnTime_60 13 1 109 1
60 OnTime_60 14 1 288 1
60 OnTime_60 16 1 237 1
60 OnTime_60 17 1 237 1
60 OnTime_60 27 1 223 1
60 OnTime_60 28 1 400 1
61 OnTime_61 9 1 237 1
61 OnTime_61 10 1 294 1
61 OnTime_61 12 1 57 1
61 OnTime_61 13 1 109 1
61 OnTime_61 14 1 239 1
61 OnTime_61 16 1 36 1
61 OnTime_61 17 1 101 1
61 OnTime_61 27 1 165 1
61 OnTime_61 28 1 239 1
62 OnTime_62 9 1 129 1
62 OnTime_62 10 1 363 1
62 OnTime_62 11 1 285 1
62 OnTime_62 12 1 285 1
62 OnTime_62 13 1 148 1
62 OnTime_62 14 1 271 1
62 OnTime_62 16 1 350 1
62 OnTime_62 17 1 194 1
62 OnTime_62 27 1 265 1
62 OnTime_62 28 1 345 1
63 OnTime_63 9 1 351 1
63 OnTime_63 10 1 298 1
63 OnTime_63 11 1 256 1
63 OnTime_63 12 1 179 1
63 OnTime_63 13 1 176 1
63 OnTime_63 14 1 179 1
63 OnTime_63 16 1 331 1
63 OnTime_63 17 1 149 1
63 OnTime_63 27 1 223 1
63 OnTime_63 28 1 144 1
64 OnTime_64 10 1 138 1
64 OnTime_64 11 1 285 1
64 OnTime_64 12 1 321 1
64 OnTime_64 13 1 109 1
64 OnTime_64 16 1 100 1
64 OnTime_64 17 1 171 1
64 OnTime_64 27 1 130 1
64 OnTime_64 28 1 331 1
65 OnTime_65 11 1 235 1
65 OnTime_65 12 1 163 1
65 OnTime_65 14 1 271 1
65 OnTime_65 16 1 316 1
65 OnTime_65 17 1 248 1
65 OnTime_65 27 1 337 1
65 OnTime_65 28 1 239 1
66 OnTime_66 9 1 265 1
66 OnTime_66 10 1 264 1
66 OnTime_66 11 1 200 1
66 OnTime_66 12 1 349 1
66 OnTime_66 13 1 464 1
66 OnTime_66 14 1 271 1
66 OnTime_66 16 1 136 1
66 OnTime_66 17 1 200 1
66 OnTime_66 27 1 245 1
66 OnTime_66 28 1 291 1
67 OnTime_67 9 1 129 1
67 OnTime_67 10 1 116 1
67 OnTime_67 11 1 212 1
67 OnTime_67 12 1 183 1
67 OnTime_67 13 1 340 1
67 OnTime_67 14 1 409 1
67 OnTime_67 17 1 161 1
67 OnTime_67 27 1 269 1
67 OnTime_67 28 1 284 1
68 OnTime_68 9 1 265 1
68 OnTime_68 10 1 203 1
68 OnTime_68 11 1 212 1
68 OnTime_68 12 1 281 1
68 OnTime_68 14 1 304 1
68 OnTime_68 16 1 237 1
68 OnTime_68 17 1 237 1
68 OnTime_68 27 1 265 1
69 OnTime_69 9 1 265 1
69 OnTime_69 10 1 203 1
69 OnTime_69 11 1 212 1
69 OnTime_69 12 1 281 1
69 OnTime_69 13 1 69 1
69 OnTime_69 14 1 282 1
69 OnTime_69 16 1 342 1
69 OnTime_69 17 1 171 1
69 OnTime_69 27 1 131 1
69 OnTime_69 28 1 284 1
70 OnTime_70 9 1 241 1
70 OnTime_70 10 1 138 1
70 OnTime_70 11 1 302 1
70 OnTime_70 12 1 185 1
70 OnTime_70 13 1 160 1
70 OnTime_70 14 1 346 1
70 OnTime_70 16 1 316 1
70 OnTime_70 17 1 423 1
70 OnTime_70 27 1 265 1
70 OnTime_70 28 1 138 1
71 OnTime_71 9 1 241 1
71 OnTime_71 10 1 138 1
71 OnTime_71 11 1 329 1
71 OnTime_71 12 1 131 1
71 OnTime_71 13 1 331 1
71 OnTime_71 14 1 358 1
71 OnTime_71 16 1 108 1
71 OnTime_71 17 1 184 1
71 OnTime_71 27 1 205 1
71 OnTime_71 28 1 331 1
72 OnTime_72 9 1 374 1
72 OnTime_72 10 1 264 1
72 OnTime_72 11 1 285 1
72 OnTime_72 12 1 232 1
72 OnTime_72 13 1 331 1
72 OnTime_72 14 1 335 1
72 OnTime_72 16 1 331 1
72 OnTime_72 17 1 374 1
72 OnTime_72 27 1 245 1
72 OnTime_72 28 1 284 1
73 OnTime_73 9 1 265 1
73 OnTime_73 10 1 298 1
73 OnTime_73 11 1 200 1
73 OnTime_73 12 1 281 1
73 OnTime_73 13 1 176 1
73 OnTime_73 14 1 234 1
73 OnTime_73 17 1 200 1
73 OnTime_73 27 1 200 1
73 OnTime_73 28 1 284 1
74 OnTime_74 9 1 159 1
74 OnTime_74 10 1 138 1
74 OnTime_74 11 1 329 1
74 OnTime_74 12 1 138 1
74 OnTime_74 13 1 176 1
74 OnTime_74 14 1 271 1
74 OnTime_74 16 1 331 1
74 OnTime_74 17 1 373 1
74 OnTime_74 27 1 337 1
74 OnTime_74 28 1 138 1
75 OnTime_75 9 1 284 1
75 OnTime_75 10 1 326 1
75 OnTime_75 11 1 326 1
75 OnTime_75 12 1 185 1
75 OnTime_75 13 1 369 1
75 OnTime_75 14 1 168 1
75 OnTime_75 16 1 100 1
75 OnTime_75 27 1 130 1
75 OnTime_75 28 1 284 1
76 OnTime_76 9 1 265 1
76 OnTime_76 10 1 180 1
76 OnTime_76 11 1 288 1
76 OnTime_76 12 1 321 1
76 OnTime_76 13 1 369 1
76 OnTime_76 14 1 288 1
76 OnTime_76 16 1 394 1
76 OnTime_76 17 1 164 1
76 OnTime_76 27 1 379 1
76 OnTime_76 28 1 138 1
77 OnTime_77 9 1 199 1
77 OnTime_77 11 1 274 1
77 OnTime_77 12 1 285 1
77 OnTime_77 13 1 240 1
77 OnTime_77 16 1 268 1
77 OnTime_77 27 1 274 1
77 OnTime_77 28 1 268 1
78 OnTime_78 9 1 241 1
78 OnTime_78 10 1 298 1
78 OnTime_78 11 1 302 1
78 OnTime_78 12 1 362 1
78 OnTime_78 13 1 176 1
78 OnTime_78 14 1 271 1
78 OnTime_78 16 1 237 1
78 OnTime_78 17 1 140 1
78 OnTime_78 27 1 118 1
78 OnTime_78 28 1 312 1
79 OnTime_79 9 1 351 1
79 OnTime_79 10 1 363 1
79 OnTime_79 11 1 285 1
79 OnTime_79 12 1 285 1
79 OnTime_79 13 1 168 1
79 OnTime_79 14 1 168 1
79 OnTime_79 16 1 166 1
79 OnTime_79 27 1 245 1
79 OnTime_79 28 1 233 1
80 OnTime_80 9 1 264 1
80 OnTime_80 10 1 294 1
80 OnTime_80 11 1 353 1
80 OnTime_80 12 1 184 1
80 OnTime_80 13 1 267 1
80 OnTime_80 14 1 304 1
80 OnTime_80 16 1 136 1
80 OnTime_80 17 1 194 1
80 OnTime_80 27 1 313 1
80 OnTime_80 28 1 167 1
81 OnTime_81 9 1 241 1
81 OnTime_81 10 1 180 1
81 OnTime_81 11 1 200 1
81 OnTime_81 13 1 133 1
81 OnTime_81 14 1 271 1
81 OnTime_81 16 1 198 1
81 OnTime_81 17 1 200 1
81 OnTime_81 27 1 245 1
81 OnTime_81 28 1 268 1
82 OnTime_82 9 1 346 1
82 OnTime_82 10 1 346 1
82 OnTime_82 11 1 288 1
82 OnTime_82 12 1 392 1
82 OnTime_82 13 1 160 1
82 OnTime_82 14 1 346 1
82 OnTime_82 16 1 432 1
82 OnTime_82 17 1 161 1
82 OnTime_82 27 1 118 1
82 OnTime_82 28 1 312 1
83 OnTime_83 9 1 325 1
83 OnTime_83 10 1 294 1
83 OnTime_83 11 1 150 1
83 OnTime_83 12 1 232 1
83 OnTime_83 13 1 240 1
83 OnTime_83 14 1 304 1
83 OnTime_83 16 1 309 1
83 OnTime_83 27 1 205 1
83 OnTime_83 28 1 291 1
84 OnTime_84 9 1 173 1
84 OnTime_84 10 1 264 1
84 OnTime_84 11 1 302 1
84 OnTime_84 12 1 138 1
84 OnTime_84 13 1 120 1
84 OnTime_84 14 1 288 1
84 OnTime_84 16 1 198 1
84 OnTime_84 17 1 286 1
84 OnTime_84 27 1 269 1
84 OnTime_84 28 1 138 1
85 OnTime_85 9 1 284 1
85 OnTime_85 10 1 298 1
85 OnTime_85 11 1 395 1
85 OnTime_85 12 1 285 1
85 OnTime_85 13 1 331 1
85 OnTime_85 14 1 214 1
85 OnTime_85 16 1 331 1
85 OnTime_85 17 1 120 1
85 OnTime_85 27 1 131 1
85 OnTime_85 28 1 312 1
86 OnTime_86 9 1 346 1
86 OnTime_86 10 1 346 1
86 OnTime_86 11 1 302 1
86 OnTime_86 12 1 184 1
86 OnTime_86 13 1 386 1
86 OnTime_86 14 1 346 1
86 OnTime_86 16 1 36 1
86 OnTime_86 17 1 184 1
86 OnTime_86 27 1 102 1
86 OnTime_86 28 1 193 1
87 OnTime_87 9 1 159 1
87 OnTime_87 10 1 298 1
87 OnTime_87 11 1 319 1
87 OnTime_87 12 1 285 1
87 OnTime_87 13 1 192 1
87 OnTime_87 14 1 209 1
87 OnTime_87 16 1 140 1
87 OnTime_87 17 1 161 1
87 OnTime_87 27 1 245 1
87 OnTime_87 28 1 144 1
88 OnTime_88 9 1 387 1
88 OnTime_88 10 1 266 1
88 OnTime_88 11 1 232 1
88 OnTime_88 12 1 285 1
88 OnTime_88 13 1 160 1
88 OnTime_88 14 1 232 1
88 OnTime_88 16 1 470 1
88 OnTime_88 17 1 164 1
88 OnTime_88 27 1 205 1
88 OnTime_88 28 1 193 1
89 OnTime_89 9 1 264 1
89 OnTime_89 10 1 264 1
89 OnTime_89 11 1 235 1
89 OnTime_89 12 1 184 1
89 OnTime_89 13 1 160 1
89 OnTime_89 14 1 234 1
89 OnTime_89 16 1 154 1
89 OnTime_89 17 1 184 1
89 OnTime_89 27 1 200 1
89 OnTime_89 28 1 284 1
90 OnTime_90 9 1 197 1
90 OnTime_90 10 1 197 1
90 OnTime_90 11 1 329 1
90 OnTime_90 12 1 349 1
90 OnTime_90 13 1 176 1
90 OnTime_90 14 1 234 1
90 OnTime_90 16 1 237 1
90 OnTime_90 17 1 237 1
90 OnTime_90 27 1 245 1
90 OnTime_90 28 1 315 1
91 OnTime_91 9 1 351 1
91 OnTime_91 11 1 212 1
91 OnTime_91 13 1 221 1
91 OnTime_91 14 1 221 1
91 OnTime_91 16 1 100 1
91 OnTime_91 17 1 194 1
91 OnTime_91 27 1 330 1
91 OnTime_91 28 1 284 1
92 OnTime_92 9 1 374 1
92 OnTime_92 10 1 246 1
92 OnTime_92 11 1 235 1
92 OnTime_92 12 1 349 1
92 OnTime_92 13 1 175 1
92 OnTime_92 14 1 335 1
92 OnTime_92 16 1 268 1
92 OnTime_92 17 1 374 1
92 OnTime_92 27 1 205 1
92 OnTime_92 28 1 144 1
93 OnTime_93 9 1 241 1
93 OnTime_93 10 1 266 1
93 OnTime_93 11 1 232 1
93 OnTime_93 12 1 232 1
93 OnTime_93 13 1 267 1
93 OnTime_93 14 1 209 1
93 OnTime_93 16 1 316 1
93 OnTime_93 28 1 138 1
94 OnTime_94 9 1 129 1
94 OnTime_94 10 1 197 1
94 OnTime_94 11 1 430 1
94 OnTime_94 12 1 349 1
94 OnTime_94 13 1 340 1
94 OnTime_94 14 1 180 1
94 OnTime_94 16 1 268 1
94 OnTime_94 17 1 200 1
94 OnTime_94 27 1 118 1
94 OnTime_94 28 1 177 1
95 OnTime_95 9 1 237 1
95 OnTime_95 10 1 298 1
95 OnTime_95 11 1 256 1
95 OnTime_95 12 1 370 1
95 OnTime_95 13 1 360 1
95 OnTime_95 14 1 229 1
95 OnTime_95 16 1 309 1
95 OnTime_95 17 1 373 1
95 OnTime_95 27 1 438 1
95 OnTime_95 28 1 177 1
96 OnTime_96 9 1 241 1
96 OnTime_96 10 1 326 1
96 OnTime_96 11 1 326 1
96 OnTime_96 12 1 232 1
96 OnTime_96 13 1 267 1
96 OnTime_96 14 1 232 1
96 OnTime_96 16 1 237 1
96 OnTime_96 17 1 237 1
96 OnTime_96 27 1 245 1
96 OnTime_96 28 1 291 1
97 OnTime_97 9 1 264 1
97 OnTime_97 10 1 264 1
97 OnTime_97 11 1 288 1
97 OnTime_97 12 1 232 1
97 OnTime_97 13 1 120 1
97 OnTime_97 14 1 288 1
97 OnTime_97 16 1 316 1
97 OnTime_97 17 1 373 1
97 OnTime_97 28 1 284 1
98 OnTime_98 9 1 318 1
98 OnTime_98 10 1 40 1
98 OnTime_98 11 1 274 1
98 OnTime_98 14 1 318 1
98 OnTime_98 16 1 237 1
98 OnTime_98 17 1 311 1
98 OnTime_98 27 1 265 1
99 OnTime_99 9 1 199 1
99 OnTime_99 12 1 45 1
99 OnTime_99 13 1 133 1
99 OnTime_99 14 1 271 1
99 OnTime_99 17 1 248 1
99 OnTime_99 27 1 230 1
99 OnTime_99 28 1 233 1
100 OnTime_100 9 1 162 1
100 OnTime_100 10 1 246 1
100 OnTime_100 11 1 235 1
100 OnTime_100 12 1 366 1
100 OnTime_100 13 1 176 1
100 OnTime_100 14 1 468 1
100 OnTime_100 16 1 136 1
100 OnTime_100 17 1 140 1
100 OnTime_100 27 1 379 1
100 OnTime_100 28 1 148 1
101 OnTime_101 9 1 199 1
101 OnTime_101 10 1 346 1
101 OnTime_101 12 1 112 1
101 OnTime_101 13 1 120 1
101 OnTime_101 14 1 346 1
101 OnTime_101 16 1 112 1
101 OnTime_101 17 1 101 1
101 OnTime_101 27 1 230 1
101 OnTime_101 28 1 284 1
102 OnTime_102 9 1 264 1
102 OnTime_102 10 1 264 1
102 OnTime_102 11 1 222 1
102 OnTime_102 12 1 362 1
102 OnTime_102 13 1 103 1
102 OnTime_102 14 1 179 1
102 OnTime_102 16 1 331 1
102 OnTime_102 17 1 161 1
102 OnTime_102 27 1 245 1
102 OnTime_102 28 1 193 1
103 OnTime_103 9 1 129 1
103 OnTime_103 10 1 138 1
103 OnTime_103 11 1 222 1
103 OnTime_103 12 1 131 1
103 OnTime_103 13 1 175 1
103 OnTime_103 14 1 271 1
103 OnTime_103 16 1 195 1
103 OnTime_103 17 1 194 1
103 OnTime_103 27 1 274 1
103 OnTime_103 28 1 138 1
104 OnTime_104 9 1 264 1
104 OnTime_104 10 1 264 1
104 OnTime_104 11 1 302 1
104 OnTime_104 12 1 112 1
104 OnTime_104 13 1 240 1
104 OnTime_104 14 1 347 1
104 OnTime_104 16 1 112 1
104 OnTime_104 17 1 171 1
104 OnTime_104 27 1 269 1
104 OnTime_104 28 1 356 1
105 OnTime_105 9 1 129 1
105 OnTime_105 10 1 116 1
105 OnTime_105 11 1 136 1
105 OnTime_105 12 1 432 1
105 OnTime_105 13 1 360 1
105 OnTime_105 14 1 103 1
105 OnTime_105 16 1 136 1
105 OnTime_105 17 1 164 1
105 OnTime_105 27 1 404 1
105 OnTime_105 28 1 400 1
106 OnTime_106 9 1 237 1
106 OnTime_106 10 1 342 1
106 OnTime_106 11 1 319 1
106 OnTime_106 12 1 138 1
106 OnTime_106 13 1 360 1
106 OnTime_106 14 1 335 1
106 OnTime_106 16 1 342 1
106 OnTime_106 17 1 237 1
106 OnTime_106 27 1 118 1
106 OnTime_106 28 1 284 1
107 OnTime_107 9 1 241 1
107 OnTime_107 10 1 450 1
107 OnTime_107 11 1 150 1
107 OnTime_107 12 1 138 1
107 OnTime_107 13 1 103 1
107 OnTime_107 14 1 103 1
107 OnTime_107 16 1 350 1
107 OnTime_107 17 1 459 1
107 OnTime_107 28 1 239 1
108 OnTime_108 9 1 284 1
108 OnTime_108 10 1 138 1
108 OnTime_108 11 1 285 1
108 OnTime_108 12 1 285 1
108 OnTime_108 13 1 175 1
108 OnTime_108 14 1 335 1
108 OnTime_108 16 1 112 1
108 OnTime_108 17 1 237 1
108 OnTime_108 27 1 200 1
108 OnTime_108 28 1 177 1
109 OnTime_109 9 1 129 1
109 OnTime_109 10 1 86 1
109 OnTime_109 11 1 329 1
109 OnTime_109 13 1 369 1
109 OnTime_109 14 1 271 1
109 OnTime_109 16 1 237 1
109 OnTime_109 17 1 237 1
109 OnTime_109 27 1 269 1
109 OnTime_109 28 1 177 1
110 OnTime_110 9 1 173 1
110 OnTime_110 10 1 116 1
110 OnTime_110 11 1 212 1
110 OnTime_110 12 1 232 1
110 OnTime_110 13 1 19 1
110 OnTime_110 14 1 232 1
110 OnTime_110 27 1 269 1
110 OnTime_110 28 1 284 1
111 OnTime_111 9 1 241 1
111 OnTime_111 10 1 298 1
111 OnTime_111 11 1 285 1
111 OnTime_111 12 1 285 1
111 OnTime_111 13 1 354 1
111 OnTime_111 16 1 195 1
111 OnTime_111 17 1 120 1
111 OnTime_111 27 1 205 1
112 OnTime_112 10 1 294 1
112 OnTime_112 11 1 222 1
112 OnTime_112 12 1 362 1
112 OnTime_112 13 1 109 1
112 OnTime_112 14 1 239 1
112 OnTime_112 17 1 194 1
112 OnTime_112 27 1 205 1
112 OnTime_112 28 1 239 1
113 OnTime_113 9 1 351 1
113 OnTime_113 10 1 116 1
113 OnTime_113 11 1 212 1
113 OnTime_113 12 1 232 1
113 OnTime_113 13 1 176 1
113 OnTime_113 14 1 209 1
113 OnTime_113 16 1 268 1
113 OnTime_113 17 1 120 1
113 OnTime_113 27 1 269 1
113 OnTime_113 28 1 148 1
114 OnTime_114 9 1 162 1
114 OnTime_114 10 1 298 1
114 OnTime_114 11 1 232 1
114 OnTime_114 12 1 184 1
114 OnTime_114 13 1 372 1
114 OnTime_114 14 1 271 1
114 OnTime_114 16 1 198 1
114 OnTime_114 17 1 184 1
114 OnTime_114 27 1 223 1
114 OnTime_114 28 1 148 1
115 OnTime_115 9 1 265 1
115 OnTime_115 10 1 180 1
115 OnTime_115 11 1 200 1
115 OnTime_115 12 1 185 1
115 OnTime_115 13 1 109 1
115 OnTime_115 14 1 180 1
115 OnTime_115 16 1 470 1
115 OnTime_115 17 1 372 1
115 OnTime_115 27 1 265 1
115 OnTime_115 28 1 291 1
116 OnTime_116 9 1 159 1
116 OnTime_116 10 1 197 1
116 OnTime_116 11 1 302 1
116 OnTime_116 12 1 362 1
116 OnTime_116 13 1 160 1
116 OnTime_116 14 1 271 1
116 OnTime_116 16 1 309 1
116 OnTime_116 17 1 200 1
116 OnTime_116 27 1 200 1
116 OnTime_116 28 1 268 1
117 OnTime_117 9 1 265 1
117 OnTime_117 10 1 264 1
117 OnTime_117 11 1 274 1
117 OnTime_117 12 1 321 1
117 OnTime_117 14 1 179 1
117 OnTime_117 16 1 268 1
117 OnTime_117 17 1 286 1
117 OnTime_117 27 1 274 1
117 OnTime_117 28 1 239 1
118 OnTime_118 9 1 325 1
118 OnTime_118 10 1 294 1
118 OnTime_118 11 1 302 1
118 OnTime_118 12 1 281 1
118 OnTime_118 13 1 267 1
118 OnTime_118 14 1 271 1
118 OnTime_118 16 1 112 1
118 OnTime_118 17 1 373 1
118 OnTime_118 27 1 223 1
118 OnTime_118 28 1 193 1
119 OnTime_119 9 1 162 1
119 OnTime_119 10 1 197 1
119 OnTime_119 11 1 319 1
119 OnTime_119 12 1 370 1
119 OnTime_119 13 1 367 1
119 OnTime_119 16 1 166 1
119 OnTime_119 17 1 323 1
119 OnTime_119 27 1 367 1
119 OnTime_119 28 1 472 1
120 OnTime_120 9 1 176 1
120 OnTime_120 10 1 290 1
120 OnTime_120 11 1 256 1
120 OnTime_120 12 1 370 1
120 OnTime_120 13 1 176 1
120 OnTime_120 14 1 221 1
120 OnTime_120 16 1 136 1
120 OnTime_120 17 1 248 1
120 OnTime_120 27 1 274 1
120 OnTime_120 28 1 284 1
121 OnTime_121 9 1 265 1
121 OnTime_121 10 1 116 1
121 OnTime_121 12 1 163 1
121 OnTime_121 13 1 360 1
121 OnTime_121 14 1 318 1
121 OnTime_121 16 1 108 1
121 OnTime_121 27 1 265 1
121 OnTime_121 28 1 239 1
122 OnTime_122 9 1 264 1
122 OnTime_122 10 1 116 1
122 OnTime_122 11 1 300 1
122 OnTime_122 13 1 240 1
122 OnTime_122 14 1 168 1
122 OnTime_122 16 1 309 1
122 OnTime_122 27 1 205 1
122 OnTime_122 28 1 144 1
123 OnTime_123 9 1 241 1
123 OnTime_123 10 1 197 1
123 OnTime_123 11 1 302 1
123 OnTime_123 12 1 232 1
123 OnTime_123 13 1 120 1
123 OnTime_123 14 1 358 1
123 OnTime_123 16 1 316 1
123 OnTime_123 17 1 149 1
123 OnTime_123 27 1 367 1
123 OnTime_123 28 1 233 1
124 OnTime_124 9 1 387 1
124 OnTime_124 10 1 131 1
124 OnTime_124 11 1 232 1
124 OnTime_124 12 1 131 1
124 OnTime_124 13 1 330 1
124 OnTime_124 14 1 232 1
124 OnTime_124 16 1 316 1
124 OnTime_124 17 1 149 1
124 OnTime_124 27 1 330 1
124 OnTime_124 28 1 345 1
125 OnTime_125 9 1 129 1
125 OnTime_125 10 1 326 1
125 OnTime_125 11 1 326 1
125 OnTime_125 12 1 184 1
125 OnTime_125 13 1 103 1
125 OnTime_125 14 1 103 1
125 OnTime_125 17 1 184 1
125 OnTime_125 27 1 130 1
125 OnTime_125 28 1 193 1
126 OnTime_126 9 1 265 1
126 OnTime_126 10 1 131 1
126 OnTime_126 11 1 235 1
126 OnTime_126 12 1 285 1
126 OnTime_126 13 1 211 1
126 OnTime_126 14 1 288 1
126 OnTime_126 16 1 454 1
126 OnTime_126 27 1 330 1
127 OnTime_127 9 1 284 1
127 OnTime_127 10 1 342 1
127 OnTime_127 11 1 160 1
127 OnTime_127 12 1 138 1
127 OnTime_127 13 1 160 1
127 OnTime_127 14 1 335 1
127 OnTime_127 16 1 198 1
127 OnTime_127 27 1 205 1
127 OnTime_127 28 1 284 1
128 OnTime_128 9 1 351 1
128 OnTime_128 10 1 131 1
128 OnTime_128 11 1 222 1
128 OnTime_128 12 1 131 1
128 OnTime_128 13 1 240 1
128 OnTime_128 14 1 271 1
128 OnTime_128 16 1 470 1
128 OnTime_128 17 1 171 1
128 OnTime_128 27 1 290 1
128 OnTime_128 28 1 315 1
129 OnTime_129 9 1 284 1
129 OnTime_129 10 1 246 1
129 OnTime_129 11 1 353 1
129 OnTime_129 12 1 113 1
129 OnTime_129 13 1 369 1
129 OnTime_129 14 1 103 1
129 OnTime_129 16 1 237 1
129 OnTime_129 17 1 237 1
129 OnTime_129 27 1 429 1
129 OnTime_129 28 1 284 1
130 OnTime_130 9 1 284 1
130 OnTime_130 10 1 342 1
130 OnTime_130 11 1 212 1
130 OnTime_130 12 1 184 1
130 OnTime_130 13 1 360 1
130 OnTime_130 14 1 288 1
130 OnTime_130 16 1 342 1
130 OnTime_130 17 1 161 1
130 OnTime_130 27 1 379 1
130 OnTime_130 28 1 284 1
131 OnTime_131 9 1 237 1
131 OnTime_131 10 1 246 1
131 OnTime_131 11 1 235 1
131 OnTime_131 12 1 370 1
131 OnTime_131 13 1 160 1
131 OnTime_131 14 1 234 1
131 OnTime_131 16 1 237 1
131 OnTime_131 17 1 237 1
131 OnTime_131 27 1 200 1
131 OnTime_131 28 1 345 1
132 OnTime_132 9 1 265 1
132 OnTime_132 10 1 342 1
132 OnTime_132 11 1 59 1
132 OnTime_132 12 1 281 1
132 OnTime_132 13 1 160 1
132 OnTime_132 14 1 180 1
132 OnTime_132 16 1 316 1
132 OnTime_132 17 1 248 1
132 OnTime_132 27 1 205 1
132 OnTime_132 28 1 144 1
133 OnTime_133 9 1 162 1
133 OnTime_133 10 1 294 1
133 OnTime_133 11 1 288 1
133 OnTime_133 12 1 285 1
133 OnTime_133 13 1 211 1
133 OnTime_133 14 1 103 1
133 OnTime_133 16 1 309 1
133 OnTime_133 17 1 237 1
133 OnTime_133 27 1 330 1
133 OnTime_133 28 1 291 1
134 OnTime_134 9 1 176 1
134 OnTime_134 10 1 342 1
134 OnTime_134 11 1 222 1
134 OnTime_134 12 1 321 1
134 OnTime_134 13 1 369 1
134 OnTime_134 14 1 288 1
134 OnTime_134 16 1 136 1
134 OnTime_134 17 1 149 1
134 OnTime_134 27 1 290 1
134 OnTime_134 28 1 174 1
135 OnTime_135 9 1 197 1
135 OnTime_135 10 1 197 1
135 OnTime_135 11 1 329 1
135 OnTime_135 12 1 112 1
135 OnTime_135 13 1 369 1
135 OnTime_135 14 1 358 1
135 OnTime_135 16 1 198 1
135 OnTime_135 17 1 194 1
135 OnTime_135 27 1 245 1
136 OnTime_136 9 1 241 1
136 OnTime_136 10 1 326 1
136 OnTime_136 11 1 326 1
136 OnTime_136 12 1 370 1
136 OnTime_136 13 1 98 1
136 OnTime_136 14 1 161 1
136 OnTime_136 16 1 394 1
136 OnTime_136 17 1 161 1
136 OnTime_136 27 1 118 1
136 OnTime_136 28 1 144 1
137 OnTime_137 10 1 290 1
137 OnTime_137 11 1 288 1
137 OnTime_137 12 1 183 1
137 OnTime_137 13 1 396 1
137 OnTime_137 14 1 288 1
137 OnTime_137 17 1 373 1
137 OnTime_137 27 1 222 1
138 OnTime_138 9 1 265 1
138 OnTime_138 10 1 363 1
138 OnTime_138 11 1 395 1
138 OnTime_138 12 1 285 1
138 OnTime_138 13 1 267 1
138 OnTime_138 14 1 117 1
138 OnTime_138 16 1 352 1
138 OnTime_138 27 1 205 1
138 OnTime_138 28 1 239 1
139 OnTime_139 9 1 237 1
139 OnTime_139 11 1 300 1
139 OnTime_139 12 1 285 1
139 OnTime_139 13 1 267 1
139 OnTime_139 14 1 271 1
139 OnTime_139 16 1 268 1
139 OnTime_139 17 1 373 1
139 OnTime_139 27 1 269 1
139 OnTime_139 28 1 268 1
140 OnTime_140 9 1 351 1
140 OnTime_140 10 1 266 1
140 OnTime_140 11 1 329 1
140 OnTime_140 12 1 285 1
140 OnTime_140 13 1 103 1
140 OnTime_140 14 1 103 1
140 OnTime_140 16 1 309 1
140 OnTime_140 17 1 120 1
140 OnTime_140 27 1 290 1
140 OnTime_140 28 1 177 1
141 OnTime_141 9 1 237 1
141 OnTime_141 10 1 246 1
141 OnTime_141 11 1 235 1
141 OnTime_141 12 1 113 1
141 OnTime_141 13 1 267 1
141 OnTime_141 16 1 237 1
141 OnTime_141 17 1 237 1
141 OnTime_141 27 1 245 1
141 OnTime_141 28 1 291 1
142 OnTime_142 9 1 325 1
142 OnTime_142 10 1 197 1
142 OnTime_142 11 1 232 1
142 OnTime_142 12 1 138 1
142 OnTime_142 13 1 369 1
142 OnTime_142 14 1 229 1
142 OnTime_142 16 1 198 1
142 OnTime_142 17 1 164 1
142 OnTime_142 27 1 230 1
142 OnTime_142 28 1 356 1
143 OnTime_143 9 1 325 1
143 OnTime_143 10 1 138 1
143 OnTime_143 11 1 288 1
143 OnTime_143 12 1 349 1
143 OnTime_143 13 1 267 1
143 OnTime_143 14 1 288 1
143 OnTime_143 16 1 237 1
143 OnTime_143 17 1 237 1
143 OnTime_143 28 1 167 1
144 OnTime_144 9 1 284 1
144 OnTime_144 10 1 326 1
144 OnTime_144 11 1 235 1
144 OnTime_144 12 1 232 1
144 OnTime_144 13 1 267 1
144 OnTime_144 14 1 346 1
144 OnTime_144 16 1 195 1
144 OnTime_144 17 1 200 1
144 OnTime_144 27 1 165 1
144 OnTime_144 28 1 312 1
145 OnTime_145 9 1 265 1
145 OnTime_145 10 1 203 1
145 OnTime_145 11 1 136 1
145 OnTime_145 13 1 133 1
145 OnTime_145 16 1 136 1
145 OnTime_145 17 1 374 1
145 OnTime_145 27 1 265 1
145 OnTime_145 28 1 284 1
146 OnTime_146 9 1 265 1
146 OnTime_146 10 1 266 1
146 OnTime_146 11 1 136 1
146 OnTime_146 12 1 184 1
146 OnTime_146 13 1 192 1
146 OnTime_146 14 1 358 1
146 OnTime_146 16 1 136 1
146 OnTime_146 17 1 184 1
146 OnTime_146 27 1 245 1
146 OnTime_146 28 1 413 1
147 OnTime_147 9 1 318 1
147 OnTime_147 10 1 266 1
147 OnTime_147 11 1 395 1
147 OnTime_147 12 1 138 1
147 OnTime_147 14 1 318 1
147 OnTime_147 16 1 136 1
147 OnTime_147 27 1 265 1
147 OnTime_147 28 1 239 1
148 OnTime_148 9 1 264 1
148 OnTime_148 10 1 264 1
148 OnTime_148 11 1 288 1
148 OnTime_148 12 1 138 1
148 OnTime_148 13 1 160 1
148 OnTime_148 14 1 358 1
148 OnTime_148 16 1 237 1
148 OnTime_148 17 1 237 1
148 OnTime_148 27 1 290 1
148 OnTime_148 28 1 284 1
149 OnTime_149 9 1 325 1
149 OnTime_149 10 1 180 1
149 OnTime_149 11 1 150 1
149 OnTime_149 12 1 184 1
149 OnTime_149 13 1 369 1
149 OnTime_149 14 1 180 1
149 OnTime_149 16 1 195 1
149 OnTime_149 17 1 237 1
149 OnTime_149 27 1 205 1
149 OnTime_149 28 1 284 1
150 OnTime_150 9 1 264 1
150 OnTime_150 10 1 264 1
150 OnTime_150 12 1 306 1
150 OnTime_150 13 1 133 1
150 OnTime_150 14 1 271 1
150 OnTime_150 16 1 268 1
150 OnTime_150 17 1 311 1
150 OnTime_150 27 1 245 1
150 OnTime_150 28 1 268 1
