1 OnTime_1 10 1 131 1
1 OnTime_1 11 1 235 1
1 OnTime_1 12 1 131 1
1 OnTime_1 13 1 176 1
1 OnTime_1 14 1 288 1
1 OnTime_1 16 1 195 1
1 OnTime_1 17 1 149 1
1 OnTime_1 27 1 265 1
1 OnTime_1 28 1 312 1
2 OnTime_2 10 1 294 1
2 OnTime_2 11 1 222 1
2 OnTime_2 12 1 349 1
2 OnTime_2 13 1 369 1
2 OnTime_2 14 1 168 1
2 OnTime_2 16 1 166 1
2 OnTime_2 17 1 171 1
2 OnTime_2 25 1 306 1
2 OnTime_2 27 1 265 1
2 OnTime_2 28 1 291 1
3 OnTime_3 10 1 138 1
3 OnTime_3 11 1 222 1
3 OnTime_3 12 1 185 1
3 OnTime_3 13 1 176 1
3 OnTime_3 14 1 409 1
3 OnTime_3 16 1 195 1
3 OnTime_3 17 1 184 1
3 OnTime_3 25 1 136 1
3 OnTime_3 27 1 230 1
3 OnTime_3 28 1 284 1
4 OnTime_4 10 1 294 1
4 OnTime_4 11 1 160 1
4 OnTime_4 12 1 448 1
4 OnTime_4 13 1 160 1
4 OnTime_4 14 1 161 1
4 OnTime_4 16 1 112 1
4 OnTime_4 17 1 372 1
4 OnTime_4 25 1 73 1
4 OnTime_4 27 1 230 1
4 OnTime_4 28 1 315 1
5 OnTime_5 10 1 294 1
5 OnTime_5 11 1 222 1
5 OnTime_5 12 1 362 1
5 OnTime_5 13 1 192 1
5 OnTime_5 17 1 311 1
5 OnTime_5 27 1 130 1
5 OnTime_5 28 1 312 1
6 OnTime_6 10 1 264 1
6 OnTime_6 11 1 353 1
6 OnTime_6 13 1 360 1
6 OnTime_6 14 1 117 1
6 OnTime_6 17 1 311 1
6 OnTime_6 25 1 473 1
6 OnTime_6 27 1 438 1
6 OnTime_6 28 1 239 1
7 OnTime_7 10 1 266 1
7 OnTime_7 11 1 302 1
7 OnTime_7 12 1 281 1
7 OnTime_7 13 1 120 1
7 OnTime_7 16 1 350 1
7 OnTime_7 17 1 374 1
7 OnTime_7 25 1 353 1
7 OnTime_7 27 1 230 1
7 OnTime_7 28 1 322 1
8 OnTime_8 10 1 294 1
8 OnTime_8 11 1 212 1
8 OnTime_8 13 1 422 1
8 OnTime_8 14 1 168 1
8 OnTime_8 16 1 268 1
8 OnTime_8 25 1 300 1
8 OnTime_8 27 1 265 1
8 OnTime_8 28 1 312 1
9 OnTime_9 10 1 197 1
9 OnTime_9 11 1 288 1
9 OnTime_9 12 1 112 1
9 OnTime_9 13 1 267 1
9 OnTime_9 14 1 271 1
9 OnTime_9 16 1 342 1
9 OnTime_9 17 1 184 1
9 OnTime_9 25 1 340 1
9 OnTime_9 27 1 165 1
9 OnTime_9 28 1 291 1
10 OnTime_10 10 1 138 1
10 OnTime_10 11 1 326 1
10 OnTime_10 12 1 179 1
10 OnTime_10 13 1 168 1
10 OnTime_10 14 1 179 1
10 OnTime_10 16 1 198 1
10 OnTime_10 17 1 311 1
10 OnTime_10 25 1 306 1
10 OnTime_10 27 1 453 1
10 OnTime_10 28 1 291 1
11 OnTime_11 10 1 294 1
11 OnTime_11 11 1 285 1
11 OnTime_11 12 1 349 1
11 OnTime_11 13 1 369 1
11 OnTime_11 14 1 221 1
11 OnTime_11 16 1 198 1
11 OnTime_11 17 1 237 1
11 OnTime_11 25 1 159 1
11 OnTime_11 27 1 269 1
11 OnTime_11 28 1 315 1
12 OnTime_12 10 1 131 1
12 OnTime_12 11 1 150 1
12 OnTime_12 12 1 404 1
12 OnTime_12 13 1 267 1
12 OnTime_12 14 1 304 1
12 OnTime_12 16 1 309 1
12 OnTime_12 17 1 200 1
12 OnTime_12 25 1 300 1
12 OnTime_12 27 1 265 1
12 OnTime_12 28 1 268 1
13 OnTime_13 10 1 290 1
13 OnTime_13 11 1 212 1
13 OnTime_13 12 1 185 1
13 OnTime_13 13 1 120 1
13 OnTime_13 14 1 209 1
13 OnTime_13 16 1 309 1
13 OnTime_13 17 1 373 1
13 OnTime_13 25 1 397 1
13 OnTime_13 27 1 130 1
13 OnTime_13 28 1 177 1
14 OnTime_14 10 1 342 1
14 OnTime_14 11 1 285 1
14 OnTime_14 12 1 285 1
14 OnTime_14 13 1 76 1
14 OnTime_14 14 1 103 1
14 OnTime_14 16 1 342 1
14 OnTime_14 17 1 140 1
14 OnTime_14 27 1 205 1
14 OnTime_14 28 1 268 1
15 OnTime_15 10 1 294 1
15 OnTime_15 11 1 329 1
15 OnTime_15 12 1 184 1
15 OnTime_15 13 1 372 1
15 OnTime_15 14 1 232 1
15 OnTime_15 16 1 237 1
15 OnTime_15 17 1 372 1
15 OnTime_15 25 1 292 1
15 OnTime_15 27 1 438 1
15 OnTime_15 28 1 291 1
16 OnTime_16 10 1 298 1
16 OnTime_16 11 1 274 1
16 OnTime_16 12 1 113 1
16 OnTime_16 13 1 175 1
16 OnTime_16 16 1 140 1
16 OnTime_16 17 1 171 1
16 OnTime_16 25 1 292 1
16 OnTime_16 27 1 245 1
16 OnTime_16 28 1 345 1
17 OnTime_17 10 1 290 1
17 OnTime_17 11 1 274 1
17 OnTime_17 12 1 163 1
17 OnTime_17 13 1 175 1
17 OnTime_17 14 1 318 1
17 OnTime_17 16 1 309 1
17 OnTime_17 17 1 194 1
17 OnTime_17 25 1 141 1
17 OnTime_17 27 1 222 1
17 OnTime_17 28 1 312 1
18 OnTime_18 10 1 138 1
18 OnTime_18 11 1 212 1
18 OnTime_18 12 1 138 1
18 OnTime_18 13 1 372 1
18 OnTime_18 14 1 168 1
18 OnTime_18 16 1 268 1
18 OnTime_18 17 1 372 1
18 OnTime_18 25 1 159 1
18 OnTime_18 27 1 265 1
18 OnTime_18 28 1 138 1
19 OnTime_19 10 1 290 1
19 OnTime_19 11 1 300 1
19 OnTime_19 12 1 113 1
19 OnTime_19 13 1 67 1
19 OnTime_19 14 1 304 1
19 OnTime_19 16 1 100 1
19 OnTime_19 17 1 248 1
19 OnTime_19 25 1 300 1
19 OnTime_19 27 1 290 1
19 OnTime_19 28 1 167 1
20 OnTime_20 10 1 78 1
20 OnTime_20 11 1 285 1
20 OnTime_20 12 1 285 1
20 OnTime_20 13 1 267 1
20 OnTime_20 14 1 221 1
20 OnTime_20 16 1 342 1
20 OnTime_20 17 1 194 1
20 OnTime_20 27 1 274 1
20 OnTime_20 28 1 268 1
21 OnTime_21 10 1 326 1
21 OnTime_21 11 1 422 1
21 OnTime_21 12 1 184 1
21 OnTime_21 13 1 422 1
21 OnTime_21 16 1 268 1
21 OnTime_21 17 1 171 1
21 OnTime_21 25 1 261 1
21 OnTime_21 27 1 422 1
21 OnTime_21 28 1 268 1
22 OnTime_22 10 1 184 1
22 OnTime_22 11 1 285 1
22 OnTime_22 12 1 285 1
22 OnTime_22 13 1 211 1
22 OnTime_22 14 1 282 1
22 OnTime_22 16 1 237 1
22 OnTime_22 17 1 184 1
22 OnTime_22 25 1 254 1
22 OnTime_22 27 1 330 1
22 OnTime_22 28 1 291 1
23 OnTime_23 10 1 116 1
23 OnTime_23 11 1 302 1
23 OnTime_23 12 1 184 1
23 OnTime_23 13 1 240 1
23 OnTime_23 14 1 271 1
23 OnTime_23 16 1 112 1
23 OnTime_23 17 1 184 1
23 OnTime_23 25 1 141 1
23 OnTime_23 27 1 265 1
23 OnTime_23 28 1 233 1
24 OnTime_24 10 1 266 1
24 OnTime_24 11 1 160 1
24 OnTime_24 12 1 163 1
24 OnTime_24 13 1 176 1
24 OnTime_24 14 1 180 1
24 OnTime_24 16 1 394 1
24 OnTime_24 25 1 159 1
24 OnTime_24 27 1 290 1
24 OnTime_24 28 1 167 1
25 OnTime_25 10 1 290 1
25 OnTime_25 11 1 300 1
25 OnTime_25 12 1 349 1
25 OnTime_25 13 1 330 1
25 OnTime_25 14 1 309 1
25 OnTime_25 16 1 309 1
25 OnTime_25 17 1 101 1
25 OnTime_25 25 1 257 1
25 OnTime_25 27 1 290 1
25 OnTime_25 28 1 291 1
26 OnTime_26 10 1 326 1
26 OnTime_26 11 1 285 1
26 OnTime_26 12 1 285 1
26 OnTime_26 13 1 133 1
26 OnTime_26 14 1 304 1
26 OnTime_26 17 1 161 1
26 OnTime_26 25 1 159 1
26 OnTime_26 28 1 284 1
27 OnTime_27 10 1 346 1
27 OnTime_27 11 1 329 1
27 OnTime_27 12 1 179 1
27 OnTime_27 13 1 331 1
27 OnTime_27 14 1 180 1
27 OnTime_27 16 1 352 1
27 OnTime_27 17 1 194 1
27 OnTime_27 28 1 284 1
28 OnTime_28 10 1 264 1
28 OnTime_28 11 1 235 1
28 OnTime_28 13 1 331 1
28 OnTime_28 14 1 304 1
28 OnTime_28 16 1 331 1
28 OnTime_28 17 1 200 1
28 OnTime_28 27 1 265 1
28 OnTime_28 28 1 291 1
29 OnTime_29 10 1 264 1
29 OnTime_29 11 1 437 1
29 OnTime_29 12 1 432 1
29 OnTime_29 13 1 396 1
29 OnTime_29 14 1 161 1
29 OnTime_29 16 1 432 1
29 OnTime_29 17 1 194 1
29 OnTime_29 25 1 396 1
29 OnTime_29 27 1 290 1
29 OnTime_29 28 1 167 1
30 OnTime_30 10 1 184 1
30 OnTime_30 11 1 274 1
30 OnTime_30 12 1 163 1
30 OnTime_30 14 1 234 1
30 OnTime_30 16 1 268 1
30 OnTime_30 17 1 184 1
30 OnTime_30 27 1 274 1
30 OnTime_30 28 1 312 1
31 OnTime_31 10 1 290 1
31 OnTime_31 11 1 302 1
31 OnTime_31 12 1 370 1
31 OnTime_31 13 1 267 1
31 OnTime_31 14 1 180 1
31 OnTime_31 16 1 195 1
31 OnTime_31 17 1 164 1
31 OnTime_31 25 1 261 1
31 OnTime_31 27 1 290 1
31 OnTime_31 28 1 312 1
32 OnTime_32 10 1 86 1
32 OnTime_32 11 1 288 1
32 OnTime_32 12 1 349 1
32 OnTime_32 13 1 367 1
32 OnTime_32 14 1 221 1
32 OnTime_32 16 1 108 1
32 OnTime_32 17 1 397 1
32 OnTime_32 25 1 397 1
32 OnTime_32 27 1 337 1
32 OnTime_32 28 1 291 1
33 OnTime_33 10 1 298 1
33 OnTime_33 11 1 256 1
33 OnTime_33 12 1 113 1
33 OnTime_33 13 1 354 1
33 OnTime_33 14 1 335 1
33 OnTime_33 16 1 100 1
33 OnTime_33 17 1 149 1
33 OnTime_33 25 1 306 1
33 OnTime_33 27 1 50 1
34 OnTime_34 10 1 450 1
34 OnTime_34 11 1 353 1
34 OnTime_34 12 1 349 1
34 OnTime_34 13 1 148 1
34 OnTime_34 14 1 335 1
34 OnTime_34 16 1 268 1
34 OnTime_34 17 1 184 1
34 OnTime_34 25 1 353 1
34 OnTime_34 27 1 274 1
34 OnTime_34 28 1 148 1
35 OnTime_35 10 1 326 1
35 OnTime_35 11 1 326 1
35 OnTime_35 12 1 163 1
35 OnTime_35 13 1 221 1
35 OnTime_35 14 1 221 1
35 OnTime_35 17 1 66 1
35 OnTime_35 25 1 159 1
35 OnTime_35 27 1 265 1
35 OnTime_35 28 1 193 1
36 OnTime_36 10 1 342 1
36 OnTime_36 11 1 150 1
36 OnTime_36 12 1 285 1
36 OnTime_36 13 1 175 1
36 OnTime_36 14 1 161 1
36 OnTime_36 16 1 342 1
36 OnTime_36 17 1 374 1
36 OnTime_36 25 1 353 1
36 OnTime_36 27 1 223 1
36 OnTime_36 28 1 167 1
37 OnTime_37 10 1 86 1
37 OnTime_37 11 1 300 1
37 OnTime_37 12 1 285 1
37 OnTime_37 13 1 175 1
37 OnTime_37 14 1 234 1
37 OnTime_37 16 1 166 1
37 OnTime_37 17 1 372 1
37 OnTime_37 25 1 292 1
37 OnTime_37 27 1 290 1
37 OnTime_37 28 1 156 1
38 OnTime_38 10 1 131 1
38 OnTime_38 12 1 138 1
38 OnTime_38 13 1 267 1
38 OnTime_38 14 1 271 1
38 OnTime_38 16 1 237 1
38 OnTime_38 17 1 248 1
38 OnTime_38 25 1 340 1
38 OnTime_38 27 1 131 1
38 OnTime_38 28 1 400 1
39 OnTime_39 10 1 116 1
39 OnTime_39 11 1 235 1
39 OnTime_39 12 1 163 1
39 OnTime_39 13 1 109 1
39 OnTime_39 14 1 468 1
39 OnTime_39 17 1 311 1
39 OnTime_39 25 1 146 1
39 OnTime_39 27 1 274 1
39 OnTime_39 28 1 167 1
40 OnTime_40 10 1 264 1
40 OnTime_40 11 1 212 1
40 OnTime_40 12 1 163 1
40 OnTime_40 13 1 133 1
40 OnTime_40 14 1 234 1
40 OnTime_40 16 1 154 1
40 OnTime_40 17 1 171 1
40 OnTime_40 25 1 306 1
40 OnTime_40 27 1 222 1
40 OnTime_40 28 1 177 1
41 OnTime_41 10 1 138 1
41 OnTime_41 11 1 467 1
41 OnTime_41 12 1 113 1
41 OnTime_41 13 1 331 1
41 OnTime_41 14 1 221 1
41 OnTime_41 16 1 316 1
41 OnTime_41 17 1 140 1
41 OnTime_41 25 1 159 1
41 OnTime_41 27 1 165 1
41 OnTime_41 28 1 239 1
42 OnTime_42 10 1 246 1
42 OnTime_42 11 1 274 1
42 OnTime_42 12 1 306 1
42 OnTime_42 13 1 98 1
42 OnTime_42 14 1 412 1
42 OnTime_42 16 1 154 1
42 OnTime_42 17 1 373 1
42 OnTime_42 25 1 254 1
42 OnTime_42 27 1 118 1
42 OnTime_42 28 1 174 1
43 OnTime_43 10 1 264 1
43 OnTime_43 11 1 212 1
43 OnTime_43 12 1 163 1
43 OnTime_43 13 1 103 1
43 OnTime_43 14 1 271 1
43 OnTime_43 16 1 316 1
43 OnTime_43 17 1 373 1
43 OnTime_43 27 1 165 1
43 OnTime_43 28 1 312 1
44 OnTime_44 10 1 102 1
44 OnTime_44 11 1 232 1
44 OnTime_44 12 1 232 1
44 OnTime_44 13 1 464 1
44 OnTime_44 14 1 232 1
44 OnTime_44 16 1 268 1
44 OnTime_44 17 1 194 1
44 OnTime_44 25 1 254 1
44 OnTime_44 27 1 230 1
44 OnTime_44 28 1 268 1
45 OnTime_45 10 1 138 1
45 OnTime_45 11 1 256 1
45 OnTime_45 12 1 185 1
45 OnTime_45 13 1 176 1
45 OnTime_45 14 1 179 1
45 OnTime_45 16 1 213 1
45 OnTime_45 17 1 161 1
45 OnTime_45 25 1 146 1
45 OnTime_45 27 1 290 1
45 OnTime_45 28 1 315 1
46 OnTime_46 10 1 298 1
46 OnTime_46 11 1 99 1
46 OnTime_46 12 1 113 1
46 OnTime_46 13 1 267 1
46 OnTime_46 14 1 282 1
46 OnTime_46 16 1 198 1
46 OnTime_46 17 1 194 1
46 OnTime_46 27 1 269 1
46 OnTime_46 28 1 177 1
47 OnTime_47 11 1 300 1
47 OnTime_47 12 1 185 1
47 OnTime_47 13 1 35 1
47 OnTime_47 16 1 195 1
47 OnTime_47 17 1 237 1
47 OnTime_47 25 1 300 1
47 OnTime_47 27 1 274 1
48 OnTime_48 10 1 197 1
48 OnTime_48 11 1 288 1
48 OnTime_48 12 1 113 1
48 OnTime_48 13 1 89 1
48 OnTime_48 14 1 168 1
48 OnTime_48 16 1 331 1
48 OnTime_48 25 1 98 1
48 OnTime_48 27 1 222 1
48 OnTime_48 28 1 331 1
49 OnTime_49 10 1 290 1
49 OnTime_49 11 1 300 1
49 OnTime_49 12 1 306 1
49 OnTime_49 13 1 409 1
49 OnTime_49 14 1 335 1
49 OnTime_49 16 1 108 1
49 OnTime_49 17 1 101 1
49 OnTime_49 25 1 340 1
49 OnTime_49 27 1 269 1
49 OnTime_49 28 1 239 1
50 OnTime_50 10 1 40 1
50 OnTime_50 11 1 222 1
50 OnTime_50 12 1 163 1
50 OnTime_50 13 1 160 1
50 OnTime_50 14 1 179 1
50 OnTime_50 16 1 342 1
50 OnTime_50 17 1 171 1
50 OnTime_50 25 1 141 1
50 OnTime_50 27 1 223 1
50 OnTime_50 28 1 312 1
51 OnTime_51 10 1 78 1
51 OnTime_51 11 1 326 1
51 OnTime_51 12 1 285 1
51 OnTime_51 13 1 148 1
51 OnTime_51 14 1 318 1
51 OnTime_51 16 1 100 1
51 OnTime_51 25 1 300 1
51 OnTime_51 27 1 313 1
51 OnTime_51 28 1 177 1
52 OnTime_52 10 1 326 1
52 OnTime_52 11 1 319 1
52 OnTime_52 12 1 321 1
52 OnTime_52 13 1 77 1
52 OnTime_52 14 1 318 1
52 OnTime_52 16 1 331 1
52 OnTime_52 17 1 392 1
52 OnTime_52 25 1 292 1
52 OnTime_52 27 1 245 1
52 OnTime_52 28 1 331 1
53 OnTime_53 11 1 256 1
53 OnTime_53 12 1 370 1
53 OnTime_53 13 1 120 1
53 OnTime_53 14 1 271 1
53 OnTime_53 17 1 120 1
53 OnTime_53 25 1 300 1
53 OnTime_53 27 1 265 1
53 OnTime_53 28 1 315 1
54 OnTime_54 11 1 300 1
54 OnTime_54 12 1 183 1
54 OnTime_54 13 1 89 1
54 OnTime_54 14 1 288 1
54 OnTime_54 16 1 309 1
54 OnTime_54 17 1 120 1
54 OnTime_54 25 1 300 1
54 OnTime_54 27 1 230 1
54 OnTime_54 28 1 284 1
55 OnTime_55 10 1 266 1
55 OnTime_55 11 1 59 1
55 OnTime_55 12 1 138 1
55 OnTime_55 13 1 160 1
55 OnTime_55 14 1 179 1
55 OnTime_55 16 1 268 1
55 OnTime_55 17 1 428 1
55 OnTime_55 25 1 292 1
55 OnTime_55 27 1 330 1
55 OnTime_55 28 1 138 1
56 OnTime_56 10 1 346 1
56 OnTime_56 11 1 99 1
56 OnTime_56 12 1 183 1
56 OnTime_56 13 1 175 1
56 OnTime_56 14 1 271 1
56 OnTime_56 16 1 309 1
56 OnTime_56 17 1 161 1
56 OnTime_56 25 1 254 1
56 OnTime_56 28 1 239 1
57 OnTime_57 10 1 102 1
57 OnTime_57 11 1 302 1
57 OnTime_57 12 1 179 1
57 OnTime_57 13 1 192 1
57 OnTime_57 14 1 179 1
57 OnTime_57 16 1 442 1
57 OnTime_57 17 1 120 1
57 OnTime_57 25 1 306 1
57 OnTime_57 27 1 274 1
57 OnTime_57 28 1 167 1
58 OnTime_58 10 1 326 1
58 OnTime_58 11 1 326 1
58 OnTime_58 12 1 232 1
58 OnTime_58 13 1 175 1
58 OnTime_58 14 1 288 1
58 OnTime_58 16 1 237 1
58 OnTime_58 17 1 237 1
58 OnTime_58 25 1 292 1
58 OnTime_58 27 1 130 1
58 OnTime_58 28 1 315 1
59 OnTime_59 10 1 197 1
59 OnTime_59 11 1 222 1
59 OnTime_59 12 1 285 1
59 OnTime_59 13 1 176 1
59 OnTime_59 14 1 304 1
59 OnTime_59 16 1 136 1
59 OnTime_59 17 1 149 1
59 OnTime_59 25 1 136 1
59 OnTime_59 27 1 222 1
59 OnTime_59 28 1 291 1
60 OnTime_60 10 1 131 1
60 OnTime_60 11 1 285 1
60 OnTime_60 12 1 183 1
60 OnTime_60 13 1 160 1
60 OnTime_60 14 1 318 1
60 OnTime_60 16 1 195 1
60 OnTime_60 17 1 374 1
60 OnTime_60 25 1 136 1
60 OnTime_60 27 1 205 1
60 OnTime_60 28 1 148 1
61 OnTime_61 10 1 76 1
61 OnTime_61 11 1 274 1
61 OnTime_61 12 1 401 1
61 OnTime_61 13 1 76 1
61 OnTime_61 14 1 180 1
61 OnTime_61 16 1 136 1
61 OnTime_61 17 1 446 1
61 OnTime_61 25 1 136 1
61 OnTime_61 27 1 330 1
61 OnTime_61 28 1 322 1
62 OnTime_62 11 1 300 1
62 OnTime_62 12 1 232 1
62 OnTime_62 13 1 267 1
62 OnTime_62 14 1 304 1
62 OnTime_62 16 1 140 1
62 OnTime_62 17 1 171 1
62 OnTime_62 25 1 300 1
62 OnTime_62 27 1 265 1
62 OnTime_62 28 1 315 1
63 OnTime_63 10 1 86 1
63 OnTime_63 11 1 235 1
63 OnTime_63 12 1 362 1
63 OnTime_63 13 1 175 1
63 OnTime_63 14 1 304 1
63 OnTime_63 16 1 237 1
63 OnTime_63 17 1 194 1
63 OnTime_63 25 1 292 1
63 OnTime_63 27 1 274 1
63 OnTime_63 28 1 144 1
64 OnTime_64 10 1 342 1
64 OnTime_64 11 1 274 1
64 OnTime_64 12 1 232 1
64 OnTime_64 13 1 176 1
64 OnTime_64 14 1 232 1
64 OnTime_64 16 1 342 1
64 OnTime_64 17 1 374 1
64 OnTime_64 25 1 254 1
64 OnTime_64 27 1 290 1
64 OnTime_64 28 1 239 1
65 OnTime_65 11 1 136 1
65 OnTime_65 12 1 404 1
65 OnTime_65 13 1 103 1
65 OnTime_65 14 1 103 1
65 OnTime_65 16 1 136 1
65 OnTime_65 17 1 248 1
65 OnTime_65 25 1 136 1
65 OnTime_65 27 1 230 1
66 OnTime_66 10 1 326 1
66 OnTime_66 11 1 326 1
66 OnTime_66 12 1 390 1
66 OnTime_66 13 1 192 1
66 OnTime_66 14 1 288 1
66 OnTime_66 16 1 213 1
66 OnTime_66 17 1 392 1
66 OnTime_66 25 1 257 1
66 OnTime_66 27 1 265 1
66 OnTime_66 28 1 312 1
67 OnTime_67 10 1 346 1
67 OnTime_67 11 1 288 1
67 OnTime_67 12 1 232 1
67 OnTime_67 13 1 175 1
67 OnTime_67 14 1 232 1
67 OnTime_67 16 1 237 1
67 OnTime_67 17 1 323 1
67 OnTime_67 25 1 146 1
67 OnTime_67 27 1 222 1
67 OnTime_67 28 1 312 1
68 OnTime_68 11 1 467 1
68 OnTime_68 12 1 232 1
68 OnTime_68 13 1 360 1
68 OnTime_68 14 1 467 1
68 OnTime_68 16 1 198 1
68 OnTime_68 17 1 161 1
68 OnTime_68 25 1 254 1
68 OnTime_68 27 1 205 1
68 OnTime_68 28 1 284 1
69 OnTime_69 10 1 40 1
69 OnTime_69 11 1 222 1
69 OnTime_69 12 1 285 1
69 OnTime_69 13 1 369 1
69 OnTime_69 14 1 221 1
69 OnTime_69 16 1 268 1
69 OnTime_69 17 1 120 1
69 OnTime_69 25 1 146 1
69 OnTime_69 27 1 222 1
69 OnTime_69 28 1 345 1
70 OnTime_70 10 1 78 1
70 OnTime_70 11 1 288 1
70 OnTime_70 12 1 131 1
70 OnTime_70 13 1 330 1
70 OnTime_70 14 1 288 1
70 OnTime_70 17 1 200 1
70 OnTime_70 25 1 451 1
70 OnTime_70 27 1 274 1
70 OnTime_70 28 1 144 1
71 OnTime_71 10 1 264 1
71 OnTime_71 11 1 326 1
71 OnTime_71 12 1 112 1
71 OnTime_71 14 1 209 1
71 OnTime_71 16 1 112 1
71 OnTime_71 17 1 171 1
71 OnTime_71 25 1 257 1
71 OnTime_71 27 1 131 1
72 OnTime_72 10 1 116 1
72 OnTime_72 11 1 222 1
72 OnTime_72 12 1 183 1
72 OnTime_72 13 1 240 1
72 OnTime_72 14 1 409 1
72 OnTime_72 16 1 195 1
72 OnTime_72 17 1 171 1
72 OnTime_72 25 1 397 1
72 OnTime_72 27 1 200 1
72 OnTime_72 28 1 167 1
73 OnTime_73 10 1 346 1
73 OnTime_73 11 1 288 1
73 OnTime_73 12 1 321 1
73 OnTime_73 13 1 98 1
73 OnTime_73 14 1 288 1
73 OnTime_73 17 1 323 1
73 OnTime_73 25 1 257 1
73 OnTime_73 27 1 223 1
73 OnTime_73 28 1 312 1
74 OnTime_74 10 1 290 1
74 OnTime_74 12 1 112 1
74 OnTime_74 13 1 120 1
74 OnTime_74 14 1 221 1
74 OnTime_74 16 1 112 1
74 OnTime_74 17 1 120 1
74 OnTime_74 25 1 141 1
74 OnTime_74 27 1 407 1
74 OnTime_74 28 1 174 1
75 OnTime_75 10 1 116 1
75 OnTime_75 13 1 331 1
75 OnTime_75 14 1 335 1
75 OnTime_75 16 1 331 1
75 OnTime_75 17 1 237 1
75 OnTime_75 25 1 257 1
75 OnTime_75 27 1 313 1
75 OnTime_75 28 1 268 1
76 OnTime_76 10 1 116 1
76 OnTime_76 11 1 288 1
76 OnTime_76 12 1 232 1
76 OnTime_76 13 1 409 1
76 OnTime_76 14 1 409 1
76 OnTime_76 16 1 352 1
76 OnTime_76 17 1 149 1
76 OnTime_76 25 1 146 1
76 OnTime_76 27 1 230 1
76 OnTime_76 28 1 312 1
77 OnTime_77 10 1 131 1
77 OnTime_77 11 1 235 1
77 OnTime_77 12 1 285 1
77 OnTime_77 13 1 369 1
77 OnTime_77 14 1 346 1
77 OnTime_77 16 1 237 1
77 OnTime_77 17 1 374 1
77 OnTime_77 25 1 141 1
77 OnTime_77 27 1 131 1
77 OnTime_77 28 1 138 1
78 OnTime_78 10 1 138 1
78 OnTime_78 11 1 395 1
78 OnTime_78 12 1 349 1
78 OnTime_78 13 1 369 1
78 OnTime_78 14 1 221 1
78 OnTime_78 16 1 108 1
78 OnTime_78 17 1 194 1
78 OnTime_78 25 1 436 1
78 OnTime_78 27 1 265 1
78 OnTime_78 28 1 312 1
79 OnTime_79 10 1 203 1
79 OnTime_79 11 1 300 1
79 OnTime_79 12 1 113 1
79 OnTime_79 13 1 330 1
79 OnTime_79 14 1 221 1
79 OnTime_79 16 1 198 1
79 OnTime_79 17 1 392 1
79 OnTime_79 25 1 300 1
79 OnTime_79 27 1 330 1
79 OnTime_79 28 1 174 1
80 OnTime_80 10 1 184 1
80 OnTime_80 11 1 235 1
80 OnTime_80 12 1 349 1
80 OnTime_80 13 1 331 1
80 OnTime_80 14 1 168 1
80 OnTime_80 16 1 309 1
80 OnTime_80 17 1 184 1
80 OnTime_80 25 1 292 1
80 OnTime_80 27 1 265 1
80 OnTime_80 28 1 177 1
81 OnTime_81 10 1 342 1
81 OnTime_81 11 1 212 1
81 OnTime_81 12 1 281 1
81 OnTime_81 13 1 221 1
81 OnTime_81 14 1 221 1
81 OnTime_81 16 1 213 1
81 OnTime_81 17 1 392 1
81 OnTime_81 25 1 306 1
81 OnTime_81 27 1 367 1
81 OnTime_81 28 1 193 1
82 OnTime_82 10 1 246 1
82 OnTime_82 11 1 288 1
82 OnTime_82 12 1 163 1
82 OnTime_82 13 1 160 1
82 OnTime_82 14 1 214 1
82 OnTime_82 16 1 309 1
82 OnTime_82 17 1 171 1
82 OnTime_82 25 1 159 1
82 OnTime_82 27 1 165 1
82 OnTime_82 28 1 268 1
83 OnTime_83 10 1 298 1
83 OnTime_83 11 1 329 1
83 OnTime_83 12 1 321 1
83 OnTime_83 13 1 354 1
83 OnTime_83 14 1 161 1
83 OnTime_83 16 1 394 1
83 OnTime_83 17 1 161 1
83 OnTime_83 27 1 130 1
83 OnTime_83 28 1 322 1
84 OnTime_84 10 1 130 1
84 OnTime_84 11 1 329 1
84 OnTime_84 12 1 138 1
84 OnTime_84 14 1 282 1
84 OnTime_84 16 1 352 1
84 OnTime_84 17 1 200 1
84 OnTime_84 25 1 306 1
84 OnTime_84 27 1 200 1
84 OnTime_84 28 1 315 1
85 OnTime_85 10 1 264 1
85 OnTime_85 11 1 288 1
85 OnTime_85 12 1 113 1
85 OnTime_85 13 1 69 1
85 OnTime_85 14 1 234 1
85 OnTime_85 16 1 309 1
85 OnTime_85 17 1 149 1
85 OnTime_85 25 1 257 1
85 OnTime_85 27 1 131 1
85 OnTime_85 28 1 284 1
86 OnTime_86 10 1 264 1
86 OnTime_86 11 1 288 1
86 OnTime_86 12 1 349 1
86 OnTime_86 13 1 360 1
86 OnTime_86 14 1 288 1
86 OnTime_86 16 1 195 1
86 OnTime_86 17 1 171 1
86 OnTime_86 25 1 340 1
86 OnTime_86 27 1 269 1
86 OnTime_86 28 1 315 1
87 OnTime_87 10 1 264 1
87 OnTime_87 11 1 288 1
87 OnTime_87 12 1 432 1
87 OnTime_87 13 1 331 1
87 OnTime_87 14 1 318 1
87 OnTime_87 16 1 432 1
87 OnTime_87 17 1 425 1
87 OnTime_87 25 1 73 1
87 OnTime_87 27 1 131 1
87 OnTime_87 28 1 291 1
88 OnTime_88 10 1 86 1
88 OnTime_88 11 1 300 1
88 OnTime_88 12 1 163 1
88 OnTime_88 13 1 192 1
88 OnTime_88 14 1 318 1
88 OnTime_88 16 1 198 1
88 OnTime_88 17 1 194 1
88 OnTime_88 25 1 141 1
88 OnTime_88 27 1 265 1
88 OnTime_88 28 1 177 1
89 OnTime_89 10 1 78 1
89 OnTime_89 11 1 232 1
89 OnTime_89 12 1 232 1
89 OnTime_89 13 1 477 1
89 OnTime_89 14 1 335 1
89 OnTime_89 16 1 350 1
89 OnTime_89 17 1 161 1
89 OnTime_89 25 1 254 1
89 OnTime_89 27 1 50 1
89 OnTime_89 28 1 312 1
90 OnTime_90 10 1 264 1
90 OnTime_90 11 1 235 1
90 OnTime_90 12 1 113 1
90 OnTime_90 13 1 360 1
90 OnTime_90 14 1 282 1
90 OnTime_90 16 1 268 1
90 OnTime_90 17 1 171 1
90 OnTime_90 25 1 159 1
90 OnTime_90 27 1 379 1
90 OnTime_90 28 1 315 1
91 OnTime_91 10 1 294 1
91 OnTime_91 11 1 212 1
91 OnTime_91 12 1 184 1
91 OnTime_91 13 1 221 1
91 OnTime_91 14 1 161 1
91 OnTime_91 16 1 166 1
91 OnTime_91 17 1 184 1
91 OnTime_91 25 1 306 1
91 OnTime_91 28 1 174 1
92 OnTime_92 10 1 477 1
92 OnTime_92 11 1 319 1
92 OnTime_92 12 1 232 1
92 OnTime_92 13 1 477 1
92 OnTime_92 14 1 304 1
92 OnTime_92 16 1 309 1
92 OnTime_92 17 1 200 1
92 OnTime_92 25 1 306 1
92 OnTime_92 27 1 223 1
93 OnTime_93 10 1 264 1
93 OnTime_93 11 1 212 1
93 OnTime_93 12 1 179 1
93 OnTime_93 13 1 76 1
93 OnTime_93 14 1 179 1
93 OnTime_93 16 1 198 1
93 OnTime_93 17 1 200 1
93 OnTime_93 25 1 300 1
93 OnTime_93 27 1 200 1
93 OnTime_93 28 1 167 1
94 OnTime_94 10 1 298 1
94 OnTime_94 11 1 222 1
94 OnTime_94 12 1 404 1
94 OnTime_94 13 1 211 1
94 OnTime_94 14 1 335 1
94 OnTime_94 17 1 184 1
94 OnTime_94 25 1 261 1
94 OnTime_94 27 1 222 1
94 OnTime_94 28 1 157 1
95 OnTime_95 10 1 326 1
95 OnTime_95 11 1 326 1
95 OnTime_95 12 1 131 1
95 OnTime_95 13 1 211 1
95 OnTime_95 14 1 271 1
95 OnTime_95 16 1 350 1
95 OnTime_95 17 1 323 1
95 OnTime_95 25 1 396 1
95 OnTime_95 27 1 131 1
95 OnTime_95 28 1 284 1
96 OnTime_96 10 1 138 1
96 OnTime_96 11 1 99 1
96 OnTime_96 12 1 281 1
96 OnTime_96 13 1 330 1
96 OnTime_96 16 1 112 1
96 OnTime_96 25 1 300 1
96 OnTime_96 27 1 290 1
96 OnTime_96 28 1 138 1
97 OnTime_97 10 1 130 1
97 OnTime_97 11 1 212 1
97 OnTime_97 12 1 183 1
97 OnTime_97 13 1 211 1
97 OnTime_97 14 1 282 1
97 OnTime_97 17 1 120 1
97 OnTime_97 25 1 397 1
97 OnTime_97 27 1 130 1
97 OnTime_97 28 1 177 1
98 OnTime_98 10 1 326 1
98 OnTime_98 11 1 326 1
98 OnTime_98 12 1 285 1
98 OnTime_98 13 1 160 1
98 OnTime_98 14 1 358 1
98 OnTime_98 16 1 198 1
98 OnTime_98 25 1 146 1
98 OnTime_98 27 1 130 1
98 OnTime_98 28 1 284 1
99 OnTime_99 10 1 131 1
99 OnTime_99 11 1 274 1
99 OnTime_99 12 1 232 1
99 OnTime_99 13 1 396 1
99 OnTime_99 14 1 288 1
99 OnTime_99 16 1 112 1
99 OnTime_99 17 1 120 1
99 OnTime_99 25 1 396 1
99 OnTime_99 27 1 330 1
100 OnTime_100 10 1 78 1
100 OnTime_100 11 1 302 1
100 OnTime_100 12 1 184 1
100 OnTime_100 13 1 168 1
100 OnTime_100 14 1 168 1
100 OnTime_100 17 1 161 1
100 OnTime_100 25 1 257 1
100 OnTime_100 27 1 245 1
100 OnTime_100 28 1 284 1
101 OnTime_101 11 1 288 1
101 OnTime_101 12 1 113 1
101 OnTime_101 13 1 369 1
101 OnTime_101 14 1 309 1
101 OnTime_101 16 1 309 1
101 OnTime_101 17 1 373 1
101 OnTime_101 25 1 300 1
101 OnTime_101 27 1 367 1
101 OnTime_101 28 1 167 1
102 OnTime_102 10 1 264 1
102 OnTime_102 11 1 99 1
102 OnTime_102 12 1 232 1
102 OnTime_102 13 1 120 1
102 OnTime_102 14 1 179 1
102 OnTime_102 16 1 136 1
102 OnTime_102 17 1 140 1
102 OnTime_102 25 1 136 1
102 OnTime_102 27 1 130 1
102 OnTime_102 28 1 284 1
103 OnTime_103 10 1 102 1
103 OnTime_103 11 1 150 1
103 OnTime_103 12 1 113 1
103 OnTime_103 13 1 160 1
103 OnTime_103 14 1 271 1
103 OnTime_103 16 1 195 1
103 OnTime_103 17 1 200 1
103 OnTime_103 25 1 73 1
103 OnTime_103 27 1 102 1
103 OnTime_103 28 1 315 1
104 OnTime_104 10 1 138 1
104 OnTime_104 11 1 235 1
104 OnTime_104 12 1 138 1
104 OnTime_104 13 1 221 1
104 OnTime_104 14 1 221 1
104 OnTime_104 17 1 200 1
104 OnTime_104 25 1 455 1
104 OnTime_104 27 1 130 1
104 OnTime_104 28 1 291 1
105 OnTime_105 10 1 346 1
105 OnTime_105 11 1 326 1
105 OnTime_105 12 1 184 1
105 OnTime_105 13 1 369 1
105 OnTime_105 14 1 346 1
105 OnTime_105 16 1 154 1
105 OnTime_105 17 1 372 1
105 OnTime_105 25 1 254 1
105 OnTime_105 28 1 167 1
106 OnTime_106 10 1 264 1
106 OnTime_106 11 1 136 1
106 OnTime_106 12 1 138 1
106 OnTime_106 13 1 168 1
106 OnTime_106 14 1 318 1
106 OnTime_106 16 1 136 1
106 OnTime_106 17 1 184 1
106 OnTime_106 25 1 353 1
106 OnTime_106 27 1 245 1
106 OnTime_106 28 1 148 1
107 OnTime_107 10 1 180 1
107 OnTime_107 11 1 256 1
107 OnTime_107 12 1 184 1
107 OnTime_107 13 1 168 1
107 OnTime_107 14 1 180 1
107 OnTime_107 16 1 108 1
107 OnTime_107 17 1 184 1
107 OnTime_107 25 1 98 1
107 OnTime_107 27 1 230 1
107 OnTime_107 28 1 177 1
108 OnTime_108 10 1 130 1
108 OnTime_108 11 1 326 1
108 OnTime_108 12 1 185 1
108 OnTime_108 14 1 358 1
108 OnTime_108 25 1 257 1
108 OnTime_108 27 1 130 1
108 OnTime_108 28 1 322 1
109 OnTime_109 10 1 326 1
109 OnTime_109 11 1 445 1
109 OnTime_109 12 1 185 1
109 OnTime_109 13 1 175 1
109 OnTime_109 14 1 335 1
109 OnTime_109 16 1 136 1
109 OnTime_109 17 1 445 1
109 OnTime_109 25 1 136 1
109 OnTime_109 27 1 330 1
109 OnTime_109 28 1 148 1
110 OnTime_110 10 1 184 1
110 OnTime_110 11 1 288 1
110 OnTime_110 12 1 185 1
110 OnTime_110 13 1 211 1
110 OnTime_110 14 1 209 1
110 OnTime_110 16 1 195 1
110 OnTime_110 17 1 323 1
110 OnTime_110 25 1 261 1
110 OnTime_110 27 1 245 1
110 OnTime_110 28 1 177 1
111 OnTime_111 10 1 197 1
111 OnTime_111 11 1 285 1
111 OnTime_111 12 1 113 1
111 OnTime_111 13 1 367 1
111 OnTime_111 14 1 318 1
111 OnTime_111 16 1 342 1
111 OnTime_111 17 1 149 1
111 OnTime_111 25 1 141 1
111 OnTime_111 27 1 223 1
111 OnTime_111 28 1 174 1
112 OnTime_112 10 1 342 1
112 OnTime_112 11 1 326 1
112 OnTime_112 12 1 321 1
112 OnTime_112 13 1 168 1
112 OnTime_112 14 1 180 1
112 OnTime_112 16 1 342 1
112 OnTime_112 17 1 323 1
112 OnTime_112 25 1 257 1
112 OnTime_112 27 1 274 1
112 OnTime_112 28 1 144 1
113 OnTime_113 10 1 246 1
113 OnTime_113 11 1 256 1
113 OnTime_113 13 1 133 1
113 OnTime_113 14 1 168 1
113 OnTime_113 17 1 194 1
113 OnTime_113 28 1 291 1
114 OnTime_114 10 1 266 1
114 OnTime_114 11 1 212 1
114 OnTime_114 12 1 185 1
114 OnTime_114 13 1 422 1
114 OnTime_114 14 1 209 1
114 OnTime_114 16 1 309 1
114 OnTime_114 17 1 286 1
114 OnTime_114 25 1 292 1
114 OnTime_114 27 1 205 1
114 OnTime_114 28 1 284 1
115 OnTime_115 10 1 264 1
115 OnTime_115 11 1 285 1
115 OnTime_115 12 1 285 1
115 OnTime_115 13 1 148 1
115 OnTime_115 14 1 180 1
115 OnTime_115 16 1 213 1
115 OnTime_115 17 1 200 1
115 OnTime_115 25 1 141 1
115 OnTime_115 27 1 200 1
115 OnTime_115 28 1 239 1
116 OnTime_116 10 1 78 1
116 OnTime_116 11 1 212 1
116 OnTime_116 12 1 163 1
116 OnTime_116 13 1 267 1
116 OnTime_116 14 1 103 1
116 OnTime_116 16 1 112 1
116 OnTime_116 25 1 146 1
116 OnTime_116 27 1 230 1
116 OnTime_116 28 1 148 1
117 OnTime_117 10 1 264 1
117 OnTime_117 12 1 448 1
117 OnTime_117 14 1 271 1
117 OnTime_117 16 1 309 1
117 OnTime_117 17 1 286 1
117 OnTime_117 25 1 455 1
117 OnTime_117 27 1 269 1
117 OnTime_117 28 1 345 1
118 OnTime_118 10 1 203 1
118 OnTime_118 11 1 302 1
118 OnTime_118 12 1 366 1
118 OnTime_118 13 1 267 1
118 OnTime_118 14 1 103 1
118 OnTime_118 16 1 471 1
118 OnTime_118 17 1 459 1
118 OnTime_118 27 1 367 1
119 OnTime_119 10 1 203 1
119 OnTime_119 11 1 256 1
119 OnTime_119 12 1 163 1
119 OnTime_119 13 1 267 1
119 OnTime_119 14 1 468 1
119 OnTime_119 16 1 342 1
119 OnTime_119 17 1 120 1
119 OnTime_119 25 1 159 1
119 OnTime_119 27 1 274 1
119 OnTime_119 28 1 284 1
120 OnTime_120 10 1 363 1
120 OnTime_120 11 1 222 1
120 OnTime_120 12 1 131 1
120 OnTime_120 13 1 331 1
120 OnTime_120 16 1 136 1
120 OnTime_120 17 1 120 1
120 OnTime_120 25 1 73 1
120 OnTime_120 27 1 131 1
120 OnTime_120 28 1 331 1
121 OnTime_121 10 1 78 1
121 OnTime_121 11 1 99 1
121 OnTime_121 13 1 103 1
121 OnTime_121 14 1 318 1
121 OnTime_121 16 1 154 1
121 OnTime_121 17 1 311 1
122 OnTime_122 10 1 138 1
122 OnTime_122 11 1 235 1
122 OnTime_122 12 1 285 1
122 OnTime_122 13 1 175 1
122 OnTime_122 14 1 288 1
122 OnTime_122 16 1 100 1
122 OnTime_122 17 1 171 1
122 OnTime_122 27 1 222 1
122 OnTime_122 28 1 315 1
123 OnTime_123 10 1 290 1
123 OnTime_123 11 1 212 1
123 OnTime_123 12 1 349 1
123 OnTime_123 13 1 221 1
123 OnTime_123 14 1 179 1
123 OnTime_123 16 1 213 1
123 OnTime_123 25 1 254 1
123 OnTime_123 27 1 290 1
123 OnTime_123 28 1 138 1
124 OnTime_124 10 1 184 1
124 OnTime_124 11 1 302 1
124 OnTime_124 12 1 232 1
124 OnTime_124 13 1 211 1
124 OnTime_124 14 1 271 1
124 OnTime_124 16 1 352 1
124 OnTime_124 17 1 184 1
124 OnTime_124 27 1 223 1
125 OnTime_125 10 1 264 1
125 OnTime_125 11 1 150 1
125 OnTime_125 12 1 131 1
125 OnTime_125 13 1 175 1
125 OnTime_125 14 1 234 1
125 OnTime_125 16 1 166 1
125 OnTime_125 17 1 171 1
125 OnTime_125 25 1 292 1
125 OnTime_125 27 1 245 1
125 OnTime_125 28 1 239 1
126 OnTime_126 10 1 131 1
126 OnTime_126 11 1 256 1
126 OnTime_126 12 1 131 1
126 OnTime_126 13 1 176 1
126 OnTime_126 14 1 234 1
126 OnTime_126 16 1 237 1
126 OnTime_126 17 1 374 1
126 OnTime_126 25 1 292 1
126 OnTime_126 27 1 205 1
126 OnTime_126 28 1 167 1
127 OnTime_127 10 1 130 1
127 OnTime_127 11 1 302 1
127 OnTime_127 12 1 349 1
127 OnTime_127 13 1 76 1
127 OnTime_127 14 1 234 1
127 OnTime_127 16 1 198 1
127 OnTime_127 17 1 140 1
127 OnTime_127 25 1 300 1
127 OnTime_127 27 1 205 1
127 OnTime_127 28 1 291 1
128 OnTime_128 10 1 342 1
128 OnTime_128 11 1 319 1
128 OnTime_128 12 1 185 1
128 OnTime_128 13 1 120 1
128 OnTime_128 14 1 234 1
128 OnTime_128 16 1 342 1
128 OnTime_128 17 1 161 1
128 OnTime_128 25 1 340 1
128 OnTime_128 27 1 131 1
128 OnTime_128 28 1 157 1
129 OnTime_129 10 1 40 1
129 OnTime_129 11 1 288 1
129 OnTime_129 12 1 113 1
129 OnTime_129 14 1 288 1
129 OnTime_129 16 1 166 1
129 OnTime_129 17 1 194 1
129 OnTime_129 25 1 159 1
129 OnTime_129 27 1 269 1
129 OnTime_129 28 1 157 1
130 OnTime_130 10 1 264 1
130 OnTime_130 11 1 326 1
130 OnTime_130 12 1 113 1
130 OnTime_130 13 1 221 1
130 OnTime_130 14 1 221 1
130 OnTime_130 16 1 352 1
130 OnTime_130 17 1 194 1
130 OnTime_130 25 1 146 1
130 OnTime_130 27 1 165 1
130 OnTime_130 28 1 144 1
131 OnTime_131 10 1 346 1
131 OnTime_131 11 1 319 1
131 OnTime_131 12 1 184 1
131 OnTime_131 13 1 168 1
131 OnTime_131 14 1 168 1
131 OnTime_131 16 1 350 1
131 OnTime_131 17 1 140 1
131 OnTime_131 25 1 306 1
131 OnTime_131 27 1 118 1
131 OnTime_131 28 1 390 1
132 OnTime_132 10 1 266 1
132 OnTime_132 11 1 353 1
132 OnTime_132 12 1 448 1
132 OnTime_132 13 1 175 1
132 OnTime_132 14 1 234 1
132 OnTime_132 16 1 198 1
132 OnTime_132 17 1 286 1
132 OnTime_132 25 1 257 1
132 OnTime_132 27 1 265 1
132 OnTime_132 28 1 239 1
133 OnTime_133 10 1 138 1
133 OnTime_133 11 1 212 1
133 OnTime_133 12 1 321 1
133 OnTime_133 14 1 229 1
133 OnTime_133 16 1 136 1
133 OnTime_133 25 1 257 1
133 OnTime_133 27 1 337 1
133 OnTime_133 28 1 233 1
134 OnTime_134 10 1 346 1
134 OnTime_134 11 1 160 1
134 OnTime_134 12 1 179 1
134 OnTime_134 13 1 176 1
134 OnTime_134 14 1 179 1
134 OnTime_134 16 1 237 1
134 OnTime_134 17 1 237 1
134 OnTime_134 25 1 98 1
134 OnTime_134 27 1 245 1
134 OnTime_134 28 1 167 1
135 OnTime_135 11 1 288 1
135 OnTime_135 12 1 113 1
135 OnTime_135 14 1 288 1
135 OnTime_135 16 1 140 1
135 OnTime_135 17 1 171 1
135 OnTime_135 27 1 265 1
135 OnTime_135 28 1 144 1
136 OnTime_136 10 1 138 1
136 OnTime_136 11 1 150 1
136 OnTime_136 12 1 184 1
136 OnTime_136 13 1 176 1
136 OnTime_136 14 1 214 1
136 OnTime_136 16 1 154 1
136 OnTime_136 17 1 184 1
136 OnTime_136 25 1 257 1
136 OnTime_136 27 1 205 1
136 OnTime_136 28 1 138 1
137 OnTime_137 10 1 290 1
137 OnTime_137 11 1 274 1
137 OnTime_137 12 1 321 1
137 OnTime_137 13 1 175 1
137 OnTime_137 14 1 214 1
137 OnTime_137 16 1 198 1
137 OnTime_137 17 1 140 1
137 OnTime_137 25 1 340 1
137 OnTime_137 27 1 274 1
137 OnTime_137 28 1 156 1
138 OnTime_138 10 1 246 1
138 OnTime_138 11 1 212 1
138 OnTime_138 12 1 281 1
138 OnTime_138 13 1 160 1
138 OnTime_138 14 1 309 1
138 OnTime_138 16 1 309 1
138 OnTime_138 17 1 140 1
138 OnTime_138 25 1 146 1
138 OnTime_138 27 1 269 1
138 OnTime_138 28 1 174 1
139 OnTime_139 10 1 203 1
139 OnTime_139 11 1 222 1
139 OnTime_139 12 1 113 1
139 OnTime_139 13 1 89 1
139 OnTime_139 14 1 168 1
139 OnTime_139 16 1 331 1
139 OnTime_139 27 1 379 1
139 OnTime_139 28 1 331 1
140 OnTime_140 10 1 131 1
140 OnTime_140 11 1 288 1
140 OnTime_140 12 1 131 1
140 OnTime_140 13 1 240 1
140 OnTime_140 14 1 179 1
140 OnTime_140 17 1 171 1
140 OnTime_140 27 1 290 1
140 OnTime_140 28 1 233 1
141 OnTime_141 10 1 138 1
141 OnTime_141 11 1 150 1
141 OnTime_141 12 1 432 1
141 OnTime_141 14 1 282 1
141 OnTime_141 16 1 432 1
141 OnTime_141 17 1 194 1
141 OnTime_141 25 1 300 1
141 OnTime_141 27 1 265 1
141 OnTime_141 28 1 138 1
142 OnTime_142 10 1 298 1
142 OnTime_142 11 1 222 1
142 OnTime_142 12 1 321 1
142 OnTime_142 13 1 176 1
142 OnTime_142 14 1 282 1
142 OnTime_142 16 1 108 1
142 OnTime_142 17 1 149 1
142 OnTime_142 25 1 73 1
142 OnTime_142 27 1 274 1
142 OnTime_142 28 1 157 1
143 OnTime_143 10 1 184 1
143 OnTime_143 11 1 235 1
143 OnTime_143 12 1 184 1
143 OnTime_143 13 1 369 1
143 OnTime_143 14 1 304 1
143 OnTime_143 16 1 268 1
143 OnTime_143 17 1 120 1
143 OnTime_143 25 1 292 1
143 OnTime_143 27 1 269 1
143 OnTime_143 28 1 233 1
144 OnTime_144 10 1 76 1
144 OnTime_144 11 1 222 1
144 OnTime_144 12 1 285 1
144 OnTime_144 13 1 367 1
144 OnTime_144 14 1 209 1
144 OnTime_144 17 1 194 1
144 OnTime_144 25 1 159 1
144 OnTime_144 27 1 367 1
144 OnTime_144 28 1 312 1
145 OnTime_145 10 1 290 1
145 OnTime_145 11 1 256 1
145 OnTime_145 12 1 285 1
145 OnTime_145 13 1 360 1
145 OnTime_145 16 1 136 1
145 OnTime_145 25 1 292 1
145 OnTime_145 27 1 290 1
145 OnTime_145 28 1 148 1
146 OnTime_146 10 1 326 1
146 OnTime_146 11 1 326 1
146 OnTime_146 12 1 487 1
146 OnTime_146 13 1 367 1
146 OnTime_146 14 1 318 1
146 OnTime_146 17 1 425 1
146 OnTime_146 25 1 159 1
146 OnTime_146 27 1 367 1
146 OnTime_146 28 1 177 1
147 OnTime_147 10 1 294 1
147 OnTime_147 11 1 136 1
147 OnTime_147 12 1 163 1
147 OnTime_147 13 1 98 1
147 OnTime_147 14 1 239 1
147 OnTime_147 16 1 136 1
147 OnTime_147 17 1 184 1
147 OnTime_147 25 1 98 1
147 OnTime_147 28 1 177 1
148 OnTime_148 10 1 246 1
148 OnTime_148 11 1 235 1
148 OnTime_148 12 1 281 1
148 OnTime_148 13 1 360 1
148 OnTime_148 14 1 168 1
148 OnTime_148 16 1 309 1
148 OnTime_148 17 1 149 1
148 OnTime_148 25 1 353 1
148 OnTime_148 27 1 330 1
148 OnTime_148 28 1 268 1
149 OnTime_149 10 1 246 1
149 OnTime_149 11 1 235 1
149 OnTime_149 12 1 285 1
149 OnTime_149 13 1 331 1
149 OnTime_149 14 1 234 1
149 OnTime_149 16 1 331 1
149 OnTime_149 17 1 149 1
149 OnTime_149 27 1 222 1
149 OnTime_149 28 1 284 1
150 OnTime_150 10 1 342 1
150 OnTime_150 11 1 326 1
150 OnTime_150 12 1 306 1
150 OnTime_150 13 1 160 1
150 OnTime_150 14 1 271 1
150 OnTime_150 16 1 342 1
150 OnTime_150 17 1 66 1
150 OnTime_150 25 1 261 1
150 OnTime_150 27 1 337 1
150 OnTime_150 28 1 291 1
151 OnTime_151 10 1 130 1
151 OnTime_151 11 1 445 1
151 OnTime_151 12 1 183 1
151 OnTime_151 13 1 175 1
151 OnTime_151 14 1 271 1
151 OnTime_151 16 1 352 1
151 OnTime_151 17 1 140 1
151 OnTime_151 25 1 73 1
151 OnTime_151 27 1 223 1
151 OnTime_151 28 1 291 1
152 OnTime_152 10 1 298 1
152 OnTime_152 11 1 256 1
152 OnTime_152 13 1 192 1
152 OnTime_152 14 1 239 1
152 OnTime_152 16 1 154 1
152 OnTime_152 17 1 248 1
152 OnTime_152 25 1 257 1
152 OnTime_152 27 1 269 1
152 OnTime_152 28 1 239 1
153 OnTime_153 10 1 294 1
153 OnTime_153 11 1 319 1
153 OnTime_153 12 1 306 1
153 OnTime_153 13 1 340 1
153 OnTime_153 14 1 232 1
153 OnTime_153 16 1 108 1
153 OnTime_153 17 1 164 1
153 OnTime_153 25 1 159 1
153 OnTime_153 27 1 245 1
153 OnTime_153 28 1 148 1
154 OnTime_154 11 1 136 1
154 OnTime_154 12 1 281 1
154 OnTime_154 13 1 372 1
154 OnTime_154 14 1 309 1
154 OnTime_154 16 1 309 1
154 OnTime_154 17 1 140 1
154 OnTime_154 25 1 136 1
154 OnTime_154 27 1 274 1
154 OnTime_154 28 1 167 1
155 OnTime_155 10 1 246 1
155 OnTime_155 11 1 150 1
155 OnTime_155 12 1 113 1
155 OnTime_155 13 1 175 1
155 OnTime_155 14 1 221 1
155 OnTime_155 16 1 195 1
155 OnTime_155 17 1 164 1
155 OnTime_155 25 1 254 1
155 OnTime_155 27 1 118 1
155 OnTime_155 28 1 291 1
156 OnTime_156 10 1 138 1
156 OnTime_156 11 1 212 1
156 OnTime_156 12 1 138 1
156 OnTime_156 13 1 89 1
156 OnTime_156 14 1 309 1
156 OnTime_156 16 1 195 1
156 OnTime_156 17 1 140 1
156 OnTime_156 25 1 353 1
156 OnTime_156 27 1 274 1
156 OnTime_156 28 1 167 1
157 OnTime_157 10 1 294 1
157 OnTime_157 11 1 150 1
157 OnTime_157 12 1 163 1
157 OnTime_157 13 1 148 1
157 OnTime_157 14 1 209 1
157 OnTime_157 16 1 198 1
157 OnTime_157 17 1 392 1
157 OnTime_157 25 1 146 1
157 OnTime_157 27 1 131 1
157 OnTime_157 28 1 322 1
158 OnTime_158 10 1 342 1
158 OnTime_158 11 1 302 1
158 OnTime_158 12 1 185 1
158 OnTime_158 13 1 133 1
158 OnTime_158 14 1 117 1
158 OnTime_158 16 1 342 1
158 OnTime_158 17 1 161 1
158 OnTime_158 25 1 306 1
158 OnTime_158 27 1 102 1
158 OnTime_158 28 1 239 1
159 OnTime_159 10 1 326 1
159 OnTime_159 11 1 326 1
159 OnTime_159 12 1 131 1
159 OnTime_159 13 1 267 1
159 OnTime_159 14 1 304 1
159 OnTime_159 16 1 198 1
159 OnTime_159 25 1 257 1
159 OnTime_159 27 1 290 1
159 OnTime_159 28 1 156 1
160 OnTime_160 10 1 363 1
160 OnTime_160 11 1 274 1
160 OnTime_160 12 1 448 1
160 OnTime_160 13 1 367 1
160 OnTime_160 14 1 304 1
160 OnTime_160 16 1 154 1
160 OnTime_160 17 1 184 1
160 OnTime_160 25 1 159 1
160 OnTime_160 27 1 274 1
160 OnTime_160 28 1 291 1
161 OnTime_161 10 1 197 1
161 OnTime_161 11 1 437 1
161 OnTime_161 12 1 285 1
161 OnTime_161 13 1 175 1
161 OnTime_161 14 1 271 1
161 OnTime_161 16 1 331 1
161 OnTime_161 17 1 194 1
161 OnTime_161 27 1 230 1
161 OnTime_161 28 1 312 1
162 OnTime_162 10 1 131 1
162 OnTime_162 11 1 395 1
162 OnTime_162 12 1 232 1
162 OnTime_162 13 1 175 1
162 OnTime_162 14 1 304 1
162 OnTime_162 17 1 101 1
162 OnTime_162 25 1 306 1
162 OnTime_162 27 1 118 1
162 OnTime_162 28 1 284 1
163 OnTime_163 11 1 212 1
163 OnTime_163 12 1 179 1
163 OnTime_163 13 1 160 1
163 OnTime_163 14 1 179 1
163 OnTime_163 16 1 316 1
163 OnTime_163 17 1 149 1
163 OnTime_163 25 1 397 1
163 OnTime_163 27 1 223 1
163 OnTime_163 28 1 312 1
164 OnTime_164 10 1 264 1
164 OnTime_164 11 1 302 1
164 OnTime_164 12 1 349 1
164 OnTime_164 13 1 192 1
164 OnTime_164 14 1 168 1
164 OnTime_164 16 1 316 1
164 OnTime_164 17 1 171 1
164 OnTime_164 27 1 429 1
164 OnTime_164 28 1 156 1
165 OnTime_165 11 1 256 1
165 OnTime_165 13 1 331 1
165 OnTime_165 14 1 117 1
165 OnTime_165 16 1 166 1
165 OnTime_165 25 1 340 1
165 OnTime_165 27 1 222 1
165 OnTime_165 28 1 331 1
166 OnTime_166 10 1 298 1
166 OnTime_166 11 1 150 1
166 OnTime_166 12 1 306 1
166 OnTime_166 13 1 240 1
166 OnTime_166 14 1 412 1
166 OnTime_166 17 1 149 1
166 OnTime_166 25 1 141 1
166 OnTime_166 27 1 274 1
166 OnTime_166 28 1 284 1
167 OnTime_167 10 1 130 1
167 OnTime_167 11 1 302 1
167 OnTime_167 12 1 163 1
167 OnTime_167 14 1 409 1
167 OnTime_167 17 1 149 1
167 OnTime_167 25 1 300 1
167 OnTime_167 27 1 130 1
167 OnTime_167 28 1 177 1
168 OnTime_168 10 1 197 1
168 OnTime_168 12 1 112 1
168 OnTime_168 13 1 77 1
168 OnTime_168 14 1 103 1
168 OnTime_168 16 1 316 1
168 OnTime_168 17 1 323 1
168 OnTime_168 28 1 291 1
169 OnTime_169 10 1 266 1
169 OnTime_169 11 1 212 1
169 OnTime_169 12 1 232 1
169 OnTime_169 14 1 179 1
169 OnTime_169 16 1 195 1
169 OnTime_169 17 1 149 1
169 OnTime_169 25 1 292 1
169 OnTime_169 27 1 269 1
169 OnTime_169 28 1 322 1
170 OnTime_170 10 1 264 1
170 OnTime_170 11 1 285 1
170 OnTime_170 12 1 285 1
170 OnTime_170 13 1 76 1
170 OnTime_170 14 1 282 1
170 OnTime_170 16 1 100 1
170 OnTime_170 17 1 286 1
170 OnTime_170 25 1 436 1
170 OnTime_170 27 1 407 1
170 OnTime_170 28 1 193 1
171 OnTime_171 10 1 266 1
171 OnTime_171 11 1 288 1
171 OnTime_171 12 1 112 1
171 OnTime_171 14 1 288 1
171 OnTime_171 16 1 112 1
171 OnTime_171 17 1 171 1
171 OnTime_171 25 1 146 1
171 OnTime_171 27 1 375 1
171 OnTime_171 28 1 167 1
172 OnTime_172 10 1 326 1
172 OnTime_172 11 1 326 1
172 OnTime_172 12 1 113 1
172 OnTime_172 13 1 176 1
172 OnTime_172 14 1 271 1
172 OnTime_172 16 1 100 1
172 OnTime_172 17 1 392 1
172 OnTime_172 25 1 141 1
172 OnTime_172 27 1 245 1
172 OnTime_172 28 1 284 1
173 OnTime_173 10 1 131 1
173 OnTime_173 11 1 256 1
173 OnTime_173 12 1 131 1
173 OnTime_173 13 1 240 1
173 OnTime_173 16 1 198 1
173 OnTime_173 25 1 261 1
173 OnTime_173 27 1 407 1
173 OnTime_173 28 1 390 1
174 OnTime_174 11 1 285 1
174 OnTime_174 12 1 163 1
174 OnTime_174 13 1 175 1
174 OnTime_174 14 1 463 1
174 OnTime_174 25 1 254 1
174 OnTime_174 27 1 265 1
174 OnTime_174 28 1 177 1
175 OnTime_175 10 1 290 1
175 OnTime_175 11 1 160 1
175 OnTime_175 12 1 306 1
175 OnTime_175 13 1 160 1
175 OnTime_175 14 1 180 1
175 OnTime_175 16 1 108 1
175 OnTime_175 25 1 306 1
175 OnTime_175 27 1 290 1
175 OnTime_175 28 1 193 1
176 OnTime_176 10 1 342 1
176 OnTime_176 11 1 160 1
176 OnTime_176 13 1 160 1
176 OnTime_176 14 1 271 1
176 OnTime_176 16 1 108 1
176 OnTime_176 17 1 200 1
176 OnTime_176 25 1 73 1
176 OnTime_176 27 1 269 1
176 OnTime_176 28 1 193 1
177 OnTime_177 10 1 203 1
177 OnTime_177 11 1 235 1
177 OnTime_177 12 1 184 1
177 OnTime_177 13 1 192 1
177 OnTime_177 14 1 335 1
177 OnTime_177 16 1 195 1
177 OnTime_177 17 1 184 1
177 OnTime_177 25 1 292 1
177 OnTime_177 27 1 130 1
177 OnTime_177 28 1 156 1
178 OnTime_178 10 1 76 1
178 OnTime_178 12 1 281 1
178 OnTime_178 13 1 372 1
178 OnTime_178 14 1 335 1
178 OnTime_178 17 1 286 1
178 OnTime_178 25 1 292 1
178 OnTime_178 27 1 375 1
178 OnTime_178 28 1 315 1
179 OnTime_179 10 1 138 1
179 OnTime_179 11 1 256 1
179 OnTime_179 12 1 138 1
179 OnTime_179 13 1 192 1
179 OnTime_179 14 1 180 1
179 OnTime_179 17 1 200 1
179 OnTime_179 25 1 306 1
179 OnTime_179 27 1 200 1
179 OnTime_179 28 1 138 1
180 OnTime_180 10 1 294 1
180 OnTime_180 11 1 422 1
180 OnTime_180 12 1 184 1
180 OnTime_180 13 1 422 1
180 OnTime_180 14 1 179 1
180 OnTime_180 16 1 166 1
180 OnTime_180 17 1 184 1
180 OnTime_180 25 1 455 1
180 OnTime_180 27 1 269 1
180 OnTime_180 28 1 167 1
181 OnTime_181 10 1 180 1
181 OnTime_181 13 1 267 1
181 OnTime_181 14 1 335 1
181 OnTime_181 16 1 198 1
181 OnTime_181 17 1 374 1
181 OnTime_181 25 1 451 1
181 OnTime_181 28 1 144 1
182 OnTime_182 10 1 131 1
182 OnTime_182 11 1 235 1
182 OnTime_182 12 1 131 1
182 OnTime_182 13 1 331 1
182 OnTime_182 14 1 180 1
182 OnTime_182 16 1 331 1
182 OnTime_182 17 1 286 1
182 OnTime_182 25 1 292 1
182 OnTime_182 27 1 200 1
182 OnTime_182 28 1 144 1
183 OnTime_183 10 1 342 1
183 OnTime_183 11 1 256 1
183 OnTime_183 12 1 281 1
183 OnTime_183 13 1 67 1
183 OnTime_183 14 1 346 1
183 OnTime_183 16 1 342 1
183 OnTime_183 17 1 161 1
183 OnTime_183 25 1 257 1
183 OnTime_183 27 1 230 1
183 OnTime_183 28 1 345 1
184 OnTime_184 10 1 264 1
184 OnTime_184 11 1 212 1
184 OnTime_184 12 1 179 1
184 OnTime_184 13 1 133 1
184 OnTime_184 14 1 117 1
184 OnTime_184 16 1 316 1
184 OnTime_184 17 1 101 1
184 OnTime_184 25 1 257 1
184 OnTime_184 27 1 367 1
184 OnTime_184 28 1 233 1
185 OnTime_185 10 1 203 1
185 OnTime_185 11 1 212 1
185 OnTime_185 12 1 232 1
185 OnTime_185 13 1 176 1
185 OnTime_185 14 1 271 1
185 OnTime_185 16 1 268 1
185 OnTime_185 17 1 140 1
185 OnTime_185 25 1 98 1
185 OnTime_185 27 1 200 1
185 OnTime_185 28 1 177 1
186 OnTime_186 10 1 326 1
186 OnTime_186 11 1 235 1
186 OnTime_186 13 1 67 1
186 OnTime_186 14 1 409 1
186 OnTime_186 17 1 446 1
186 OnTime_186 27 1 223 1
186 OnTime_186 28 1 144 1
187 OnTime_187 10 1 266 1
187 OnTime_187 11 1 288 1
187 OnTime_187 12 1 366 1
187 OnTime_187 13 1 160 1
187 OnTime_187 14 1 117 1
187 OnTime_187 16 1 237 1
187 OnTime_187 17 1 194 1
187 OnTime_187 25 1 396 1
187 OnTime_187 27 1 367 1
187 OnTime_187 28 1 167 1
188 OnTime_188 10 1 138 1
188 OnTime_188 11 1 274 1
188 OnTime_188 12 1 487 1
188 OnTime_188 13 1 211 1
188 OnTime_188 14 1 179 1
188 OnTime_188 16 1 154 1
188 OnTime_188 25 1 159 1
188 OnTime_188 27 1 290 1
188 OnTime_188 28 1 167 1
189 OnTime_189 10 1 290 1
189 OnTime_189 11 1 274 1
189 OnTime_189 12 1 163 1
189 OnTime_189 13 1 76 1
189 OnTime_189 14 1 234 1
189 OnTime_189 16 1 136 1
189 OnTime_189 17 1 164 1
189 OnTime_189 25 1 292 1
189 OnTime_189 27 1 245 1
189 OnTime_189 28 1 167 1
190 OnTime_190 10 1 131 1
190 OnTime_190 11 1 329 1
190 OnTime_190 12 1 281 1
190 OnTime_190 13 1 422 1
190 OnTime_190 14 1 179 1
190 OnTime_190 16 1 195 1
190 OnTime_190 17 1 311 1
190 OnTime_190 25 1 340 1
190 OnTime_190 27 1 131 1
190 OnTime_190 28 1 345 1
191 OnTime_191 10 1 346 1
191 OnTime_191 11 1 326 1
191 OnTime_191 12 1 138 1
191 OnTime_191 13 1 369 1
191 OnTime_191 14 1 161 1
191 OnTime_191 16 1 316 1
191 OnTime_191 17 1 425 1
191 OnTime_191 25 1 397 1
191 OnTime_191 27 1 245 1
191 OnTime_191 28 1 138 1
192 OnTime_192 10 1 184 1
192 OnTime_192 11 1 150 1
192 OnTime_192 12 1 184 1
192 OnTime_192 13 1 175 1
192 OnTime_192 14 1 209 1
192 OnTime_192 16 1 198 1
192 OnTime_192 17 1 184 1
192 OnTime_192 25 1 141 1
192 OnTime_192 28 1 315 1
193 OnTime_193 10 1 41 1
193 OnTime_193 11 1 288 1
193 OnTime_193 12 1 487 1
193 OnTime_193 13 1 331 1
193 OnTime_193 14 1 288 1
193 OnTime_193 16 1 331 1
193 OnTime_193 17 1 194 1
193 OnTime_193 27 1 265 1
193 OnTime_193 28 1 144 1
194 OnTime_194 10 1 197 1
194 OnTime_194 11 1 212 1
194 OnTime_194 13 1 109 1
194 OnTime_194 14 1 180 1
194 OnTime_194 17 1 286 1
194 OnTime_194 25 1 300 1
194 OnTime_194 27 1 438 1
194 OnTime_194 28 1 167 1
195 OnTime_195 10 1 116 1
195 OnTime_195 11 1 288 1
195 OnTime_195 12 1 285 1
195 OnTime_195 13 1 340 1
195 OnTime_195 14 1 271 1
195 OnTime_195 16 1 100 1
195 OnTime_195 17 1 164 1
195 OnTime_195 25 1 73 1
195 OnTime_195 27 1 230 1
195 OnTime_195 28 1 177 1
196 OnTime_196 10 1 180 1
196 OnTime_196 11 1 285 1
196 OnTime_196 12 1 285 1
196 OnTime_196 13 1 76 1
196 OnTime_196 14 1 180 1
196 OnTime_196 16 1 140 1
196 OnTime_196 17 1 140 1
196 OnTime_196 25 1 306 1
196 OnTime_196 27 1 118 1
196 OnTime_196 28 1 239 1
197 OnTime_197 10 1 116 1
197 OnTime_197 11 1 256 1
197 OnTime_197 12 1 185 1
197 OnTime_197 13 1 372 1
197 OnTime_197 14 1 180 1
197 OnTime_197 16 1 331 1
197 OnTime_197 17 1 161 1
197 OnTime_197 25 1 306 1
197 OnTime_197 27 1 230 1
197 OnTime_197 28 1 331 1
198 OnTime_198 10 1 78 1
198 OnTime_198 11 1 288 1
198 OnTime_198 12 1 184 1
198 OnTime_198 13 1 120 1
198 OnTime_198 14 1 221 1
198 OnTime_198 16 1 154 1
198 OnTime_198 17 1 184 1
198 OnTime_198 25 1 141 1
198 OnTime_198 27 1 200 1
198 OnTime_198 28 1 167 1
199 OnTime_199 10 1 346 1
199 OnTime_199 11 1 256 1
199 OnTime_199 12 1 163 1
199 OnTime_199 13 1 267 1
199 OnTime_199 14 1 346 1
199 OnTime_199 16 1 100 1
199 OnTime_199 17 1 323 1
199 OnTime_199 25 1 254 1
199 OnTime_199 27 1 290 1
199 OnTime_199 28 1 322 1
200 OnTime_200 10 1 294 1
200 OnTime_200 11 1 288 1
200 OnTime_200 12 1 185 1
200 OnTime_200 13 1 267 1
200 OnTime_200 14 1 346 1
200 OnTime_200 16 1 198 1
200 OnTime_200 17 1 140 1
200 OnTime_200 25 1 300 1
200 OnTime_200 27 1 245 1
