1 OnTime_1 2 2 271 1
1 OnTime_1 2 1 836 1
1 OnTime_1 4 1 314 1
1 OnTime_1 4 2 392 1
1 OnTime_1 16 1 494 1
1 OnTime_1 17 2 370 1
1 OnTime_1 17 1 520 1
1 OnTime_1 25 1 392 1
1 OnTime_1 26 2 399 1
1 OnTime_1 26 1 493 1
1 OnTime_1 27 1 384 1
1 OnTime_1 27 2 384 1
1 OnTime_1 28 1 411 1
1 OnTime_1 30 2 518 1
1 OnTime_1 30 1 639 1
2 OnTime_2 1 1 468 1
2 OnTime_2 2 1 615 1
2 OnTime_2 2 2 615 1
2 OnTime_2 4 1 347 1
2 OnTime_2 4 2 392 1
2 OnTime_2 16 1 465 1
2 OnTime_2 17 2 482 1
2 OnTime_2 17 1 520 1
2 OnTime_2 25 1 392 1
2 OnTime_2 26 2 473 1
2 OnTime_2 26 1 548 1
2 OnTime_2 27 2 463 1
2 OnTime_2 27 1 624 1
2 OnTime_2 28 1 620 1
2 OnTime_2 30 2 465 1
2 OnTime_2 30 1 518 1
3 OnTime_3 1 1 512 1
3 OnTime_3 2 1 781 1
3 OnTime_3 4 1 567 1
3 OnTime_3 16 1 650 1
3 OnTime_3 17 1 365 1
3 OnTime_3 17 2 365 1
3 OnTime_3 25 1 335 1
3 OnTime_3 26 2 559 1
3 OnTime_3 26 1 796 1
3 OnTime_3 27 1 495 1
3 OnTime_3 27 2 495 1
3 OnTime_3 28 1 565 1
3 OnTime_3 30 1 690 1
3 OnTime_3 30 2 690 1
4 OnTime_4 1 1 624 1
4 OnTime_4 2 1 504 1
4 OnTime_4 2 2 504 1
4 OnTime_4 4 1 314 1
4 OnTime_4 4 2 624 1
4 OnTime_4 16 1 380 1
4 OnTime_4 17 2 671 1
4 OnTime_4 17 1 672 1
4 OnTime_4 25 1 372 1
4 OnTime_4 26 1 544 1
4 OnTime_4 26 2 544 1
4 OnTime_4 27 2 464 1
4 OnTime_4 27 1 495 1
4 OnTime_4 28 1 425 1
4 OnTime_4 30 2 336 1
4 OnTime_4 30 1 515 1
5 OnTime_5 1 1 624 1
5 OnTime_5 2 1 615 1
5 OnTime_5 2 2 615 1
5 OnTime_5 4 1 311 1
5 OnTime_5 4 2 624 1
5 OnTime_5 17 1 705 1
5 OnTime_5 17 2 705 1
5 OnTime_5 25 1 674 1
5 OnTime_5 26 1 397 1
5 OnTime_5 26 2 397 1
5 OnTime_5 27 1 501 1
5 OnTime_5 27 2 501 1
5 OnTime_5 30 1 432 1
5 OnTime_5 30 2 617 1
6 OnTime_6 1 1 552 1
6 OnTime_6 2 1 651 1
6 OnTime_6 2 2 651 1
6 OnTime_6 17 2 486 1
6 OnTime_6 17 1 653 1
6 OnTime_6 25 1 286 1
6 OnTime_6 26 2 342 1
6 OnTime_6 26 1 659 1
6 OnTime_6 27 2 495 1
6 OnTime_6 27 1 539 1
6 OnTime_6 28 1 770 1
6 OnTime_6 30 1 404 1
6 OnTime_6 30 2 404 1
7 OnTime_7 1 1 345 1
7 OnTime_7 2 2 271 1
7 OnTime_7 2 1 651 1
7 OnTime_7 4 2 122 1
7 OnTime_7 4 1 603 1
7 OnTime_7 16 1 380 1
7 OnTime_7 25 1 511 1
7 OnTime_7 26 1 560 1
7 OnTime_7 26 2 684 1
7 OnTime_7 28 1 324 1
7 OnTime_7 30 1 355 1
7 OnTime_7 30 2 688 1
8 OnTime_8 1 1 512 1
8 OnTime_8 2 1 358 1
8 OnTime_8 4 1 312 1
8 OnTime_8 16 1 505 1
8 OnTime_8 17 2 505 1
8 OnTime_8 17 1 672 1
8 OnTime_8 25 1 529 1
8 OnTime_8 26 2 220 1
8 OnTime_8 26 1 644 1
8 OnTime_8 27 2 55 1
8 OnTime_8 27 1 640 1
8 OnTime_8 28 1 620 1
9 OnTime_9 1 1 549 1
9 OnTime_9 2 2 417 1
9 OnTime_9 2 1 541 1
9 OnTime_9 4 1 567 1
9 OnTime_9 4 2 600 1
9 OnTime_9 16 1 494 1
9 OnTime_9 17 2 124 1
9 OnTime_9 17 1 321 1
9 OnTime_9 25 1 124 1
9 OnTime_9 26 1 397 1
9 OnTime_9 26 2 397 1
9 OnTime_9 28 1 427 1
9 OnTime_9 30 1 639 1
9 OnTime_9 30 2 639 1
10 OnTime_10 1 1 716 1
10 OnTime_10 2 1 651 1
10 OnTime_10 2 2 651 1
10 OnTime_10 4 1 603 1
10 OnTime_10 4 2 603 1
10 OnTime_10 16 1 650 1
10 OnTime_10 17 1 505 1
10 OnTime_10 17 2 505 1
10 OnTime_10 25 1 410 1
10 OnTime_10 26 2 364 1
10 OnTime_10 26 1 544 1
10 OnTime_10 27 1 533 1
10 OnTime_10 27 2 533 1
10 OnTime_10 28 1 620 1
10 OnTime_10 30 1 690 1
10 OnTime_10 30 2 690 1
11 OnTime_11 1 1 538 1
11 OnTime_11 2 1 651 1
11 OnTime_11 2 2 651 1
11 OnTime_11 4 1 347 1
11 OnTime_11 4 2 347 1
11 OnTime_11 16 1 193 1
11 OnTime_11 17 1 505 1
11 OnTime_11 17 2 505 1
11 OnTime_11 25 1 544 1
11 OnTime_11 26 2 220 1
11 OnTime_11 26 1 559 1
11 OnTime_11 27 1 640 1
11 OnTime_11 27 2 640 1
11 OnTime_11 28 1 513 1
11 OnTime_11 30 1 515 1
11 OnTime_11 30 2 515 1
12 OnTime_12 1 1 479 1
12 OnTime_12 2 2 270 1
12 OnTime_12 2 1 284 1
12 OnTime_12 4 1 348 1
12 OnTime_12 4 2 674 1
12 OnTime_12 16 1 704 1
12 OnTime_12 17 2 262 1
12 OnTime_12 17 1 680 1
12 OnTime_12 25 1 674 1
12 OnTime_12 26 2 476 1
12 OnTime_12 26 1 850 1
12 OnTime_12 27 1 533 1
12 OnTime_12 27 2 533 1
12 OnTime_12 28 1 635 1
13 OnTime_13 1 1 462 1
13 OnTime_13 2 2 454 1
13 OnTime_13 2 1 504 1
13 OnTime_13 4 1 497 1
13 OnTime_13 4 2 497 1
13 OnTime_13 16 1 577 1
13 OnTime_13 17 1 505 1
13 OnTime_13 17 2 505 1
13 OnTime_13 26 2 246 1
13 OnTime_13 26 1 400 1
13 OnTime_13 27 2 464 1
13 OnTime_13 27 1 640 1
13 OnTime_13 28 1 363 1
13 OnTime_13 30 1 515 1
13 OnTime_13 30 2 515 1
14 OnTime_14 1 1 882 1
14 OnTime_14 2 2 284 1
14 OnTime_14 2 1 657 1
14 OnTime_14 4 1 731 1
14 OnTime_14 4 2 731 1
14 OnTime_14 16 1 396 1
14 OnTime_14 17 2 445 1
14 OnTime_14 17 1 530 1
14 OnTime_14 25 1 372 1
14 OnTime_14 26 1 399 1
14 OnTime_14 26 2 644 1
14 OnTime_14 27 2 129 1
14 OnTime_14 27 1 539 1
14 OnTime_14 28 1 513 1
14 OnTime_14 30 1 226 1
14 OnTime_14 30 2 226 1
15 OnTime_15 1 1 624 1
15 OnTime_15 2 1 651 1
15 OnTime_15 2 2 651 1
15 OnTime_15 4 1 642 1
15 OnTime_15 4 2 642 1
15 OnTime_15 17 1 486 1
15 OnTime_15 17 2 486 1
15 OnTime_15 25 1 613 1
15 OnTime_15 26 1 399 1
15 OnTime_15 26 2 399 1
15 OnTime_15 27 1 299 1
15 OnTime_15 27 2 624 1
15 OnTime_15 28 1 582 1
15 OnTime_15 30 1 518 1
16 OnTime_16 1 1 464 1
16 OnTime_16 2 1 167 1
16 OnTime_16 4 1 411 1
16 OnTime_16 4 2 411 1
16 OnTime_16 16 1 465 1
16 OnTime_16 17 2 365 1
16 OnTime_16 17 1 653 1
16 OnTime_16 25 1 124 1
16 OnTime_16 26 1 644 1
16 OnTime_16 26 2 644 1
16 OnTime_16 27 2 235 1
16 OnTime_16 27 1 618 1
16 OnTime_16 28 1 534 1
16 OnTime_16 30 2 465 1
16 OnTime_16 30 1 652 1
17 OnTime_17 1 1 512 1
17 OnTime_17 4 1 388 1
17 OnTime_17 4 2 388 1
17 OnTime_17 16 1 646 1
17 OnTime_17 17 1 648 1
17 OnTime_17 17 2 648 1
17 OnTime_17 26 2 520 1
17 OnTime_17 26 1 548 1
17 OnTime_17 27 1 354 1
17 OnTime_17 27 2 354 1
17 OnTime_17 28 1 324 1
17 OnTime_17 30 2 617 1
17 OnTime_17 30 1 752 1
18 OnTime_18 1 1 512 1
18 OnTime_18 2 2 450 1
18 OnTime_18 2 1 645 1
18 OnTime_18 4 2 586 1
18 OnTime_18 4 1 642 1
18 OnTime_18 16 1 691 1
18 OnTime_18 17 1 255 1
18 OnTime_18 25 1 613 1
18 OnTime_18 26 2 476 1
18 OnTime_18 26 1 779 1
18 OnTime_18 27 1 624 1
18 OnTime_18 27 2 624 1
18 OnTime_18 28 1 476 1
18 OnTime_18 30 2 362 1
18 OnTime_18 30 1 713 1
19 OnTime_19 2 1 429 1
19 OnTime_19 4 1 497 1
19 OnTime_19 4 2 497 1
19 OnTime_19 16 1 494 1
19 OnTime_19 17 1 482 1
19 OnTime_19 17 2 482 1
19 OnTime_19 26 2 473 1
19 OnTime_19 26 1 548 1
19 OnTime_19 27 2 354 1
19 OnTime_19 27 1 533 1
19 OnTime_19 28 1 565 1
20 OnTime_20 2 1 358 1
20 OnTime_20 2 2 358 1
20 OnTime_20 16 1 505 1
20 OnTime_20 17 2 445 1
20 OnTime_20 17 1 520 1
20 OnTime_20 25 1 698 1
20 OnTime_20 26 1 476 1
20 OnTime_20 26 2 476 1
20 OnTime_20 27 2 517 1
20 OnTime_20 27 1 771 1
20 OnTime_20 28 1 532 1
21 OnTime_21 1 1 411 1
21 OnTime_21 2 1 566 1
21 OnTime_21 4 2 350 1
21 OnTime_21 4 1 567 1
21 OnTime_21 16 1 492 1
21 OnTime_21 17 2 411 1
21 OnTime_21 17 1 661 1
21 OnTime_21 25 1 674 1
21 OnTime_21 26 1 473 1
21 OnTime_21 26 2 473 1
21 OnTime_21 27 1 618 1
21 OnTime_21 28 1 350 1
21 OnTime_21 30 1 660 1
22 OnTime_22 2 1 651 1
22 OnTime_22 2 2 651 1
22 OnTime_22 4 1 329 1
22 OnTime_22 4 2 329 1
22 OnTime_22 16 1 357 1
22 OnTime_22 25 1 628 1
22 OnTime_22 26 1 132 1
22 OnTime_22 26 2 132 1
22 OnTime_22 28 1 400 1
22 OnTime_22 30 1 713 1
22 OnTime_22 30 2 713 1
23 OnTime_23 1 1 716 1
23 OnTime_23 2 1 358 1
23 OnTime_23 2 2 485 1
23 OnTime_23 4 1 663 1
23 OnTime_23 4 2 663 1
23 OnTime_23 16 1 546 1
23 OnTime_23 17 2 520 1
23 OnTime_23 17 1 682 1
23 OnTime_23 25 1 335 1
23 OnTime_23 26 2 282 1
23 OnTime_23 26 1 548 1
23 OnTime_23 27 1 464 1
23 OnTime_23 27 2 464 1
23 OnTime_23 28 1 635 1
23 OnTime_23 30 2 686 1
23 OnTime_23 30 1 713 1
24 OnTime_24 1 1 380 1
24 OnTime_24 2 2 207 1
24 OnTime_24 2 1 541 1
24 OnTime_24 4 1 352 1
24 OnTime_24 4 2 380 1
24 OnTime_24 16 1 646 1
24 OnTime_24 17 2 445 1
24 OnTime_24 17 1 663 1
24 OnTime_24 25 1 796 1
24 OnTime_24 26 1 514 1
24 OnTime_24 26 2 796 1
24 OnTime_24 27 1 475 1
24 OnTime_24 27 2 475 1
24 OnTime_24 28 1 534 1
24 OnTime_24 30 2 514 1
24 OnTime_24 30 1 515 1
25 OnTime_25 1 1 468 1
25 OnTime_25 2 1 319 1
25 OnTime_25 2 2 319 1
25 OnTime_25 4 2 328 1
25 OnTime_25 4 1 624 1
25 OnTime_25 16 1 322 1
25 OnTime_25 17 2 262 1
25 OnTime_25 17 1 679 1
25 OnTime_25 25 1 570 1
25 OnTime_25 26 2 397 1
25 OnTime_25 26 1 520 1
25 OnTime_25 27 1 477 1
25 OnTime_25 27 2 517 1
25 OnTime_25 28 1 409 1
25 OnTime_25 30 1 690 1
25 OnTime_25 30 2 690 1
26 OnTime_26 1 1 706 1
26 OnTime_26 2 1 709 1
26 OnTime_26 2 2 709 1
26 OnTime_26 4 1 392 1
26 OnTime_26 4 2 706 1
26 OnTime_26 16 1 465 1
26 OnTime_26 17 1 486 1
26 OnTime_26 17 2 486 1
26 OnTime_26 25 1 475 1
26 OnTime_26 26 2 392 1
26 OnTime_26 26 1 613 1
26 OnTime_26 27 2 480 1
26 OnTime_26 27 1 640 1
26 OnTime_26 28 1 385 1
26 OnTime_26 30 2 465 1
26 OnTime_26 30 1 617 1
27 OnTime_27 1 1 345 1
27 OnTime_27 2 2 485 1
27 OnTime_27 2 1 615 1
27 OnTime_27 4 1 392 1
27 OnTime_27 4 2 392 1
27 OnTime_27 16 1 357 1
27 OnTime_27 17 1 202 1
27 OnTime_27 25 1 273 1
27 OnTime_27 26 2 473 1
27 OnTime_27 26 1 644 1
27 OnTime_27 27 1 300 1
27 OnTime_27 28 1 385 1
27 OnTime_27 30 1 355 1
27 OnTime_27 30 2 355 1
28 OnTime_28 1 1 501 1
28 OnTime_28 2 2 271 1
28 OnTime_28 2 1 615 1
28 OnTime_28 4 2 221 1
28 OnTime_28 4 1 388 1
28 OnTime_28 16 1 711 1
28 OnTime_28 17 1 661 1
28 OnTime_28 17 2 711 1
28 OnTime_28 25 1 441 1
28 OnTime_28 26 2 282 1
28 OnTime_28 26 1 560 1
28 OnTime_28 27 2 426 1
28 OnTime_28 27 1 640 1
28 OnTime_28 28 1 350 1
28 OnTime_28 30 1 254 1
28 OnTime_28 30 2 688 1
29 OnTime_29 2 2 384 1
29 OnTime_29 2 1 709 1
29 OnTime_29 4 1 388 1
29 OnTime_29 4 2 388 1
29 OnTime_29 16 1 691 1
29 OnTime_29 17 1 248 1
29 OnTime_29 17 2 248 1
29 OnTime_29 25 1 297 1
29 OnTime_29 26 2 560 1
29 OnTime_29 26 1 613 1
29 OnTime_29 27 1 384 1
29 OnTime_29 27 2 517 1
29 OnTime_29 28 1 400 1
29 OnTime_29 30 2 488 1
29 OnTime_29 30 1 686 1
30 OnTime_30 1 1 552 1
30 OnTime_30 2 2 382 1
30 OnTime_30 2 1 657 1
30 OnTime_30 4 1 312 1
30 OnTime_30 4 2 586 1
30 OnTime_30 16 1 569 1
30 OnTime_30 17 1 787 1
30 OnTime_30 17 2 787 1
30 OnTime_30 25 1 372 1
30 OnTime_30 26 1 342 1
30 OnTime_30 27 2 495 1
30 OnTime_30 27 1 677 1
30 OnTime_30 28 1 447 1
30 OnTime_30 30 2 515 1
30 OnTime_30 30 1 586 1
31 OnTime_31 1 1 464 1
31 OnTime_31 2 1 651 1
31 OnTime_31 2 2 651 1
31 OnTime_31 4 1 392 1
31 OnTime_31 4 2 392 1
31 OnTime_31 16 1 322 1
31 OnTime_31 17 2 405 1
31 OnTime_31 17 1 661 1
31 OnTime_31 25 1 369 1
31 OnTime_31 26 1 520 1
31 OnTime_31 26 2 520 1
31 OnTime_31 27 2 464 1
31 OnTime_31 27 1 676 1
31 OnTime_31 28 1 532 1
31 OnTime_31 30 2 515 1
31 OnTime_31 30 1 688 1
32 OnTime_32 1 1 693 1
32 OnTime_32 2 1 540 1
32 OnTime_32 2 2 540 1
32 OnTime_32 4 2 392 1
32 OnTime_32 4 1 576 1
32 OnTime_32 16 1 229 1
32 OnTime_32 17 2 397 1
32 OnTime_32 17 1 663 1
32 OnTime_32 25 1 392 1
32 OnTime_32 26 2 471 1
32 OnTime_32 26 1 559 1
32 OnTime_32 27 1 624 1
32 OnTime_32 27 2 624 1
32 OnTime_32 28 1 400 1
32 OnTime_32 30 2 336 1
32 OnTime_32 30 1 617 1
33 OnTime_33 1 1 393 1
33 OnTime_33 2 2 450 1
33 OnTime_33 2 1 485 1
33 OnTime_33 4 1 352 1
33 OnTime_33 4 2 352 1
33 OnTime_33 16 1 546 1
33 OnTime_33 17 1 370 1
33 OnTime_33 17 2 370 1
33 OnTime_33 25 1 529 1
33 OnTime_33 26 1 424 1
33 OnTime_33 26 2 476 1
33 OnTime_33 27 1 475 1
33 OnTime_33 27 2 475 1
33 OnTime_33 28 1 476 1
33 OnTime_33 30 2 279 1
33 OnTime_33 30 1 515 1
34 OnTime_34 1 1 468 1
34 OnTime_34 2 1 615 1
34 OnTime_34 2 2 615 1
34 OnTime_34 4 2 576 1
34 OnTime_34 4 1 586 1
34 OnTime_34 16 1 274 1
34 OnTime_34 17 1 661 1
34 OnTime_34 17 2 661 1
34 OnTime_34 25 1 369 1
34 OnTime_34 26 1 476 1
34 OnTime_34 26 2 476 1
34 OnTime_34 27 2 464 1
34 OnTime_34 27 1 533 1
34 OnTime_34 28 1 385 1
34 OnTime_34 30 2 617 1
34 OnTime_34 30 1 660 1
35 OnTime_35 1 1 552 1
35 OnTime_35 2 1 541 1
35 OnTime_35 2 2 541 1
35 OnTime_35 4 2 115 1
35 OnTime_35 4 1 311 1
35 OnTime_35 16 1 317 1
35 OnTime_35 17 1 520 1
35 OnTime_35 17 2 520 1
35 OnTime_35 25 1 460 1
35 OnTime_35 26 1 424 1
35 OnTime_35 26 2 473 1
35 OnTime_35 27 2 129 1
35 OnTime_35 27 1 677 1
35 OnTime_35 28 1 567 1
36 OnTime_36 1 1 455 1
36 OnTime_36 2 2 541 1
36 OnTime_36 2 1 836 1
36 OnTime_36 4 1 567 1
36 OnTime_36 4 2 624 1
36 OnTime_36 16 1 650 1
36 OnTime_36 17 1 411 1
36 OnTime_36 17 2 411 1
36 OnTime_36 25 1 523 1
36 OnTime_36 26 2 476 1
36 OnTime_36 26 1 779 1
36 OnTime_36 27 1 624 1
36 OnTime_36 27 2 632 1
36 OnTime_36 28 1 620 1
36 OnTime_36 30 2 336 1
36 OnTime_36 30 1 514 1
37 OnTime_37 1 1 462 1
37 OnTime_37 2 1 504 1
37 OnTime_37 2 2 504 1
37 OnTime_37 4 1 388 1
37 OnTime_37 4 2 388 1
37 OnTime_37 16 1 492 1
37 OnTime_37 17 1 520 1
37 OnTime_37 17 2 520 1
37 OnTime_37 25 1 335 1
37 OnTime_37 26 2 398 1
37 OnTime_37 26 1 514 1
37 OnTime_37 28 1 565 1
37 OnTime_37 30 1 336 1
37 OnTime_37 30 2 465 1
38 OnTime_38 1 1 431 1
38 OnTime_38 2 1 642 1
38 OnTime_38 2 2 642 1
38 OnTime_38 4 2 411 1
38 OnTime_38 4 1 470 1
38 OnTime_38 16 1 704 1
38 OnTime_38 17 1 648 1
38 OnTime_38 17 2 648 1
38 OnTime_38 25 1 335 1
38 OnTime_38 26 2 398 1
38 OnTime_38 26 1 613 1
38 OnTime_38 27 2 384 1
38 OnTime_38 27 1 480 1
38 OnTime_38 28 1 447 1
38 OnTime_38 30 2 515 1
38 OnTime_38 30 1 639 1
39 OnTime_39 1 1 832 1
39 OnTime_39 2 2 454 1
39 OnTime_39 2 1 651 1
39 OnTime_39 4 1 300 1
39 OnTime_39 4 2 300 1
39 OnTime_39 16 1 559 1
39 OnTime_39 17 2 365 1
39 OnTime_39 17 1 679 1
39 OnTime_39 25 1 124 1
39 OnTime_39 26 2 359 1
39 OnTime_39 26 1 684 1
39 OnTime_39 27 1 463 1
39 OnTime_39 27 2 463 1
39 OnTime_39 28 1 635 1
39 OnTime_39 30 1 279 1
39 OnTime_39 30 2 279 1
40 OnTime_40 1 1 716 1
40 OnTime_40 2 1 504 1
40 OnTime_40 4 2 576 1
40 OnTime_40 4 1 642 1
40 OnTime_40 16 1 577 1
40 OnTime_40 17 1 699 1
40 OnTime_40 17 2 699 1
40 OnTime_40 25 1 335 1
40 OnTime_40 26 1 400 1
40 OnTime_40 26 2 514 1
40 OnTime_40 27 1 495 1
40 OnTime_40 27 2 495 1
40 OnTime_40 28 1 622 1
40 OnTime_40 30 1 809 1
40 OnTime_40 30 2 809 1
41 OnTime_41 1 1 667 1
41 OnTime_41 2 1 651 1
41 OnTime_41 2 2 667 1
41 OnTime_41 4 2 390 1
41 OnTime_41 4 1 497 1
41 OnTime_41 16 1 691 1
41 OnTime_41 17 1 482 1
41 OnTime_41 25 1 57 1
41 OnTime_41 26 2 473 1
41 OnTime_41 26 1 559 1
41 OnTime_41 27 1 475 1
41 OnTime_41 27 2 475 1
41 OnTime_41 28 1 534 1
41 OnTime_41 30 1 515 1
41 OnTime_41 30 2 515 1
42 OnTime_42 1 1 56 1
42 OnTime_42 2 2 454 1
42 OnTime_42 2 1 541 1
42 OnTime_42 4 1 586 1
42 OnTime_42 4 2 586 1
42 OnTime_42 16 1 321 1
42 OnTime_42 17 2 520 1
42 OnTime_42 17 1 699 1
42 OnTime_42 25 1 511 1
42 OnTime_42 26 1 560 1
42 OnTime_42 26 2 560 1
42 OnTime_42 27 2 463 1
42 OnTime_42 27 1 771 1
42 OnTime_42 28 1 620 1
42 OnTime_42 30 1 362 1
42 OnTime_42 30 2 362 1
43 OnTime_43 2 1 450 1
43 OnTime_43 2 2 450 1
43 OnTime_43 4 1 607 1
43 OnTime_43 16 1 646 1
43 OnTime_43 17 1 672 1
43 OnTime_43 17 2 672 1
43 OnTime_43 25 1 441 1
43 OnTime_43 26 1 514 1
43 OnTime_43 26 2 514 1
43 OnTime_43 27 2 426 1
43 OnTime_43 27 1 640 1
43 OnTime_43 28 1 513 1
43 OnTime_43 30 2 404 1
43 OnTime_43 30 1 488 1
44 OnTime_44 1 1 512 1
44 OnTime_44 2 1 541 1
44 OnTime_44 2 2 541 1
44 OnTime_44 4 1 349 1
44 OnTime_44 4 2 470 1
44 OnTime_44 16 1 229 1
44 OnTime_44 17 1 705 1
44 OnTime_44 17 2 705 1
44 OnTime_44 25 1 613 1
44 OnTime_44 26 1 559 1
44 OnTime_44 26 2 559 1
44 OnTime_44 27 2 423 1
44 OnTime_44 27 1 792 1
44 OnTime_44 28 1 534 1
44 OnTime_44 30 1 213 1
44 OnTime_44 30 2 213 1
45 OnTime_45 2 1 625 1
45 OnTime_45 2 2 625 1
45 OnTime_45 4 1 470 1
45 OnTime_45 4 2 470 1
45 OnTime_45 16 1 646 1
45 OnTime_45 17 1 680 1
45 OnTime_45 25 1 273 1
45 OnTime_45 26 2 399 1
45 OnTime_45 26 1 613 1
45 OnTime_45 27 1 631 1
45 OnTime_45 27 2 631 1
45 OnTime_45 28 1 622 1
45 OnTime_45 30 1 652 1
45 OnTime_45 30 2 652 1
46 OnTime_46 1 1 727 1
46 OnTime_46 2 2 207 1
46 OnTime_46 2 1 709 1
46 OnTime_46 4 1 349 1
46 OnTime_46 4 2 609 1
46 OnTime_46 16 1 646 1
46 OnTime_46 17 2 482 1
46 OnTime_46 17 1 505 1
46 OnTime_46 25 1 698 1
46 OnTime_46 26 2 400 1
46 OnTime_46 26 1 644 1
46 OnTime_46 27 2 251 1
46 OnTime_46 27 1 539 1
46 OnTime_46 28 1 411 1
46 OnTime_46 30 1 362 1
46 OnTime_46 30 2 362 1
47 OnTime_47 1 1 462 1
47 OnTime_47 2 1 551 1
47 OnTime_47 4 2 349 1
47 OnTime_47 4 1 576 1
47 OnTime_47 16 1 387 1
47 OnTime_47 17 2 321 1
47 OnTime_47 17 1 672 1
47 OnTime_47 25 1 669 1
47 OnTime_47 26 2 520 1
47 OnTime_47 26 1 727 1
47 OnTime_47 27 1 463 1
47 OnTime_47 27 2 463 1
47 OnTime_47 28 1 532 1
47 OnTime_47 30 1 515 1
47 OnTime_47 30 2 515 1
48 OnTime_48 1 1 549 1
48 OnTime_48 2 2 207 1
48 OnTime_48 2 1 615 1
48 OnTime_48 4 2 311 1
48 OnTime_48 4 1 312 1
48 OnTime_48 16 1 492 1
48 OnTime_48 17 1 202 1
48 OnTime_48 17 2 486 1
48 OnTime_48 25 1 659 1
48 OnTime_48 26 1 644 1
48 OnTime_48 26 2 644 1
48 OnTime_48 27 2 378 1
48 OnTime_48 27 1 480 1
48 OnTime_48 28 1 635 1
48 OnTime_48 30 2 254 1
48 OnTime_48 30 1 432 1
49 OnTime_49 1 1 693 1
49 OnTime_49 2 1 429 1
49 OnTime_49 2 2 429 1
49 OnTime_49 4 1 348 1
49 OnTime_49 4 2 712 1
49 OnTime_49 16 1 357 1
49 OnTime_49 17 1 735 1
49 OnTime_49 17 2 735 1
49 OnTime_49 25 1 698 1
49 OnTime_49 26 1 548 1
49 OnTime_49 27 1 539 1
49 OnTime_49 27 2 539 1
49 OnTime_49 28 1 513 1
49 OnTime_49 30 1 518 1
49 OnTime_49 30 2 518 1
50 OnTime_50 1 1 345 1
50 OnTime_50 2 1 709 1
50 OnTime_50 2 2 709 1
50 OnTime_50 4 2 390 1
50 OnTime_50 4 1 607 1
50 OnTime_50 16 1 390 1
50 OnTime_50 25 1 315 1
50 OnTime_50 26 2 514 1
50 OnTime_50 26 1 548 1
50 OnTime_50 27 2 347 1
50 OnTime_50 27 1 677 1
50 OnTime_50 28 1 447 1
50 OnTime_50 30 2 268 1
50 OnTime_50 30 1 639 1
51 OnTime_51 1 1 716 1
51 OnTime_51 2 2 290 1
51 OnTime_51 2 1 540 1
51 OnTime_51 4 2 350 1
51 OnTime_51 4 1 388 1
51 OnTime_51 16 1 322 1
51 OnTime_51 17 1 679 1
51 OnTime_51 17 2 679 1
51 OnTime_51 25 1 570 1
51 OnTime_51 26 1 220 1
51 OnTime_51 26 2 220 1
51 OnTime_51 27 2 289 1
51 OnTime_51 27 1 640 1
51 OnTime_51 28 1 409 1
51 OnTime_51 30 2 279 1
51 OnTime_51 30 1 585 1
52 OnTime_52 1 1 624 1
52 OnTime_52 2 1 558 1
52 OnTime_52 2 2 558 1
52 OnTime_52 4 2 624 1
52 OnTime_52 4 1 886 1
52 OnTime_52 16 1 821 1
52 OnTime_52 17 1 262 1
52 OnTime_52 17 2 262 1
52 OnTime_52 25 1 318 1
52 OnTime_52 26 1 247 1
52 OnTime_52 26 2 295 1
52 OnTime_52 27 1 278 1
52 OnTime_52 27 2 278 1
52 OnTime_52 28 1 447 1
52 OnTime_52 30 1 639 1
52 OnTime_52 30 2 639 1
53 OnTime_53 1 1 468 1
53 OnTime_53 2 2 485 1
53 OnTime_53 2 1 651 1
53 OnTime_53 17 1 482 1
53 OnTime_53 17 2 482 1
53 OnTime_53 25 1 297 1
53 OnTime_53 26 1 247 1
53 OnTime_53 26 2 247 1
53 OnTime_53 27 1 640 1
53 OnTime_53 27 2 640 1
53 OnTime_53 30 2 432 1
53 OnTime_53 30 1 617 1
54 OnTime_54 1 1 462 1
54 OnTime_54 2 2 417 1
54 OnTime_54 2 1 540 1
54 OnTime_54 4 2 261 1
54 OnTime_54 4 1 348 1
54 OnTime_54 16 1 650 1
54 OnTime_54 25 1 286 1
54 OnTime_54 26 2 462 1
54 OnTime_54 26 1 493 1
54 OnTime_54 27 2 378 1
54 OnTime_54 27 1 631 1
54 OnTime_54 28 1 635 1
54 OnTime_54 30 2 515 1
54 OnTime_54 30 1 518 1
55 OnTime_55 1 1 512 1
55 OnTime_55 2 1 667 1
55 OnTime_55 2 2 667 1
55 OnTime_55 4 2 470 1
55 OnTime_55 4 1 497 1
55 OnTime_55 16 1 494 1
55 OnTime_55 17 2 248 1
55 OnTime_55 17 1 445 1
55 OnTime_55 25 1 460 1
55 OnTime_55 26 1 471 1
55 OnTime_55 26 2 514 1
55 OnTime_55 27 2 377 1
55 OnTime_55 27 1 677 1
55 OnTime_55 28 1 237 1
55 OnTime_55 30 1 515 1
55 OnTime_55 30 2 515 1
56 OnTime_56 1 1 479 1
56 OnTime_56 2 2 454 1
56 OnTime_56 2 1 615 1
56 OnTime_56 4 1 329 1
56 OnTime_56 4 2 329 1
56 OnTime_56 16 1 396 1
56 OnTime_56 17 1 370 1
56 OnTime_56 17 2 370 1
56 OnTime_56 25 1 441 1
56 OnTime_56 26 2 246 1
56 OnTime_56 26 1 644 1
56 OnTime_56 27 1 763 1
56 OnTime_56 27 2 763 1
56 OnTime_56 28 1 534 1
56 OnTime_56 30 2 518 1
56 OnTime_56 30 1 705 1
57 OnTime_57 1 1 345 1
57 OnTime_57 2 1 450 1
57 OnTime_57 2 2 450 1
57 OnTime_57 4 1 411 1
57 OnTime_57 4 2 411 1
57 OnTime_57 16 1 288 1
57 OnTime_57 17 1 370 1
57 OnTime_57 17 2 370 1
57 OnTime_57 25 1 259 1
57 OnTime_57 26 2 246 1
57 OnTime_57 26 1 644 1
57 OnTime_57 27 2 501 1
57 OnTime_57 27 1 640 1
57 OnTime_57 28 1 534 1
57 OnTime_57 30 1 690 1
57 OnTime_57 30 2 690 1
58 OnTime_58 1 1 464 1
58 OnTime_58 2 2 625 1
58 OnTime_58 2 1 651 1
58 OnTime_58 4 2 642 1
58 OnTime_58 4 1 886 1
58 OnTime_58 16 1 704 1
58 OnTime_58 17 1 679 1
58 OnTime_58 17 2 679 1
58 OnTime_58 25 1 356 1
58 OnTime_58 26 2 471 1
58 OnTime_58 26 1 658 1
58 OnTime_58 27 1 426 1
58 OnTime_58 27 2 464 1
58 OnTime_58 28 1 635 1
58 OnTime_58 30 1 153 1
58 OnTime_58 30 2 153 1
59 OnTime_59 1 1 832 1
59 OnTime_59 2 1 551 1
59 OnTime_59 2 2 551 1
59 OnTime_59 4 2 347 1
59 OnTime_59 4 1 470 1
59 OnTime_59 16 1 646 1
59 OnTime_59 17 1 735 1
59 OnTime_59 17 2 735 1
59 OnTime_59 25 1 441 1
59 OnTime_59 26 1 473 1
59 OnTime_59 26 2 473 1
59 OnTime_59 27 1 347 1
59 OnTime_59 27 2 354 1
59 OnTime_59 28 1 293 1
59 OnTime_59 30 1 404 1
59 OnTime_59 30 2 404 1
60 OnTime_60 1 1 220 1
60 OnTime_60 2 1 615 1
60 OnTime_60 2 2 615 1
60 OnTime_60 4 1 603 1
60 OnTime_60 4 2 603 1
60 OnTime_60 16 1 546 1
60 OnTime_60 17 1 445 1
60 OnTime_60 17 2 445 1
60 OnTime_60 25 1 392 1
60 OnTime_60 26 2 392 1
60 OnTime_60 26 1 399 1
60 OnTime_60 27 2 539 1
60 OnTime_60 27 1 677 1
60 OnTime_60 28 1 622 1
61 OnTime_61 1 1 556 1
61 OnTime_61 2 2 556 1
61 OnTime_61 2 1 642 1
61 OnTime_61 4 1 261 1
61 OnTime_61 4 2 586 1
61 OnTime_61 16 1 751 1
61 OnTime_61 17 2 505 1
61 OnTime_61 17 1 679 1
61 OnTime_61 25 1 201 1
61 OnTime_61 26 2 132 1
61 OnTime_61 26 1 400 1
61 OnTime_61 27 1 477 1
61 OnTime_61 27 2 517 1
61 OnTime_61 28 1 622 1
61 OnTime_61 30 1 586 1
61 OnTime_61 30 2 617 1
62 OnTime_62 1 1 552 1
62 OnTime_62 2 2 382 1
62 OnTime_62 2 1 485 1
62 OnTime_62 4 1 804 1
62 OnTime_62 16 1 358 1
62 OnTime_62 17 2 648 1
62 OnTime_62 17 1 653 1
62 OnTime_62 25 1 369 1
62 OnTime_62 26 2 364 1
62 OnTime_62 26 1 400 1
62 OnTime_62 27 1 477 1
62 OnTime_62 27 2 477 1
62 OnTime_62 28 1 396 1
62 OnTime_62 30 1 226 1
62 OnTime_62 30 2 336 1
63 OnTime_63 1 1 147 1
63 OnTime_63 4 1 122 1
63 OnTime_63 4 2 392 1
63 OnTime_63 16 1 751 1
63 OnTime_63 17 2 445 1
63 OnTime_63 17 1 530 1
63 OnTime_63 25 1 356 1
63 OnTime_63 26 1 392 1
63 OnTime_63 26 2 684 1
63 OnTime_63 27 1 242 1
63 OnTime_63 27 2 632 1
63 OnTime_63 28 1 565 1
64 OnTime_64 1 1 538 1
64 OnTime_64 2 2 358 1
64 OnTime_64 2 1 645 1
64 OnTime_64 4 2 586 1
64 OnTime_64 4 1 706 1
64 OnTime_64 16 1 492 1
64 OnTime_64 17 1 520 1
64 OnTime_64 17 2 520 1
64 OnTime_64 25 1 586 1
64 OnTime_64 26 1 398 1
64 OnTime_64 26 2 398 1
64 OnTime_64 27 1 384 1
64 OnTime_64 27 2 384 1
64 OnTime_64 28 1 770 1
64 OnTime_64 30 1 752 1
64 OnTime_64 30 2 752 1
65 OnTime_65 1 1 556 1
65 OnTime_65 2 2 556 1
65 OnTime_65 2 1 566 1
65 OnTime_65 4 1 300 1
65 OnTime_65 4 2 300 1
65 OnTime_65 17 1 648 1
65 OnTime_65 17 2 648 1
65 OnTime_65 25 1 529 1
65 OnTime_65 26 1 644 1
65 OnTime_65 26 2 644 1
65 OnTime_65 27 2 278 1
65 OnTime_65 27 1 618 1
65 OnTime_65 28 1 622 1
65 OnTime_65 30 1 515 1
65 OnTime_65 30 2 515 1
66 OnTime_66 1 1 462 1
66 OnTime_66 2 2 540 1
66 OnTime_66 2 1 566 1
66 OnTime_66 4 1 586 1
66 OnTime_66 4 2 586 1
66 OnTime_66 16 1 609 1
66 OnTime_66 17 1 275 1
66 OnTime_66 17 2 275 1
66 OnTime_66 25 1 613 1
66 OnTime_66 26 2 613 1
66 OnTime_66 26 1 644 1
66 OnTime_66 27 2 463 1
66 OnTime_66 27 1 676 1
66 OnTime_66 28 1 532 1
66 OnTime_66 30 1 688 1
66 OnTime_66 30 2 688 1
67 OnTime_67 1 1 556 1
67 OnTime_67 2 1 541 1
67 OnTime_67 2 2 556 1
67 OnTime_67 4 1 329 1
67 OnTime_67 4 2 329 1
67 OnTime_67 16 1 492 1
67 OnTime_67 17 2 262 1
67 OnTime_67 17 1 653 1
67 OnTime_67 25 1 544 1
67 OnTime_67 26 1 644 1
67 OnTime_67 26 2 644 1
67 OnTime_67 27 2 517 1
67 OnTime_67 27 1 533 1
67 OnTime_67 28 1 256 1
67 OnTime_67 30 1 213 1
67 OnTime_67 30 2 213 1
68 OnTime_68 1 1 468 1
68 OnTime_68 2 2 615 1
68 OnTime_68 2 1 657 1
68 OnTime_68 4 2 576 1
68 OnTime_68 4 1 674 1
68 OnTime_68 16 1 546 1
68 OnTime_68 17 1 342 1
68 OnTime_68 17 2 445 1
68 OnTime_68 25 1 544 1
68 OnTime_68 26 1 701 1
68 OnTime_68 26 2 701 1
68 OnTime_68 27 1 475 1
68 OnTime_68 27 2 475 1
68 OnTime_68 30 1 254 1
68 OnTime_68 30 2 254 1
69 OnTime_69 1 1 462 1
69 OnTime_69 4 2 221 1
69 OnTime_69 4 1 576 1
69 OnTime_69 16 1 546 1
69 OnTime_69 25 1 628 1
69 OnTime_69 26 1 210 1
69 OnTime_69 26 2 462 1
69 OnTime_69 27 1 477 1
69 OnTime_69 27 2 477 1
69 OnTime_69 28 1 620 1
69 OnTime_69 30 1 515 1
69 OnTime_69 30 2 515 1
70 OnTime_70 1 1 501 1
70 OnTime_70 2 2 450 1
70 OnTime_70 2 1 566 1
70 OnTime_70 4 1 221 1
70 OnTime_70 4 2 663 1
70 OnTime_70 16 1 650 1
70 OnTime_70 17 2 520 1
70 OnTime_70 17 1 663 1
70 OnTime_70 25 1 523 1
70 OnTime_70 26 2 473 1
70 OnTime_70 26 1 520 1
70 OnTime_70 27 2 495 1
70 OnTime_70 27 1 677 1
70 OnTime_70 28 1 296 1
70 OnTime_70 30 2 336 1
70 OnTime_70 30 1 652 1
71 OnTime_71 1 1 727 1
71 OnTime_71 2 1 657 1
71 OnTime_71 2 2 657 1
71 OnTime_71 4 2 411 1
71 OnTime_71 4 1 576 1
71 OnTime_71 16 1 321 1
71 OnTime_71 17 2 321 1
71 OnTime_71 17 1 411 1
71 OnTime_71 25 1 613 1
71 OnTime_71 26 2 364 1
71 OnTime_71 26 1 731 1
71 OnTime_71 27 2 477 1
71 OnTime_71 27 1 631 1
71 OnTime_71 28 1 350 1
71 OnTime_71 30 1 514 1
71 OnTime_71 30 2 514 1
72 OnTime_72 1 1 220 1
72 OnTime_72 2 2 485 1
72 OnTime_72 2 1 551 1
72 OnTime_72 4 1 348 1
72 OnTime_72 4 2 624 1
72 OnTime_72 17 1 482 1
72 OnTime_72 17 2 482 1
72 OnTime_72 25 1 659 1
72 OnTime_72 26 1 398 1
72 OnTime_72 26 2 398 1
72 OnTime_72 27 2 377 1
72 OnTime_72 27 1 624 1
72 OnTime_72 28 1 567 1
72 OnTime_72 30 1 518 1
72 OnTime_72 30 2 518 1
73 OnTime_73 1 1 624 1
73 OnTime_73 2 2 504 1
73 OnTime_73 2 1 625 1
73 OnTime_73 4 1 312 1
73 OnTime_73 4 2 624 1
73 OnTime_73 16 1 577 1
73 OnTime_73 17 2 505 1
73 OnTime_73 17 1 648 1
73 OnTime_73 25 1 460 1
73 OnTime_73 26 2 210 1
73 OnTime_73 26 1 399 1
73 OnTime_73 27 1 299 1
73 OnTime_73 28 1 513 1
73 OnTime_73 30 1 213 1
73 OnTime_73 30 2 213 1
74 OnTime_74 1 1 624 1
74 OnTime_74 2 1 485 1
74 OnTime_74 2 2 485 1
74 OnTime_74 4 1 600 1
74 OnTime_74 4 2 624 1
74 OnTime_74 16 1 396 1
74 OnTime_74 17 2 445 1
74 OnTime_74 17 1 653 1
74 OnTime_74 25 1 356 1
74 OnTime_74 26 1 514 1
74 OnTime_74 26 2 514 1
74 OnTime_74 27 2 384 1
74 OnTime_74 27 1 477 1
74 OnTime_74 28 1 565 1
74 OnTime_74 30 1 690 1
74 OnTime_74 30 2 690 1
75 OnTime_75 1 1 538 1
75 OnTime_75 2 1 390 1
75 OnTime_75 2 2 390 1
75 OnTime_75 4 1 348 1
75 OnTime_75 4 2 348 1
75 OnTime_75 16 1 288 1
75 OnTime_75 17 2 365 1
75 OnTime_75 17 1 370 1
75 OnTime_75 25 1 312 1
75 OnTime_75 26 1 493 1
75 OnTime_75 27 2 248 1
75 OnTime_75 27 1 480 1
75 OnTime_75 28 1 513 1
75 OnTime_75 30 2 362 1
75 OnTime_75 30 1 465 1
76 OnTime_76 1 1 393 1
76 OnTime_76 4 2 328 1
76 OnTime_76 4 1 674 1
76 OnTime_76 16 1 322 1
76 OnTime_76 17 2 370 1
76 OnTime_76 17 1 661 1
76 OnTime_76 25 1 659 1
76 OnTime_76 26 1 473 1
76 OnTime_76 26 2 473 1
76 OnTime_76 27 1 771 1
76 OnTime_76 27 2 771 1
76 OnTime_76 28 1 635 1
76 OnTime_76 30 1 518 1
76 OnTime_76 30 2 518 1
77 OnTime_77 1 1 549 1
77 OnTime_77 2 1 556 1
77 OnTime_77 2 2 556 1
77 OnTime_77 4 1 609 1
77 OnTime_77 16 1 396 1
77 OnTime_77 17 2 520 1
77 OnTime_77 17 1 680 1
77 OnTime_77 25 1 613 1
77 OnTime_77 26 2 397 1
77 OnTime_77 26 1 659 1
77 OnTime_77 27 1 676 1
77 OnTime_77 27 2 676 1
77 OnTime_77 28 1 532 1
77 OnTime_77 30 1 639 1
77 OnTime_77 30 2 639 1
78 OnTime_78 1 1 147 1
78 OnTime_78 2 1 551 1
78 OnTime_78 2 2 551 1
78 OnTime_78 4 2 624 1
78 OnTime_78 4 1 886 1
78 OnTime_78 16 1 609 1
78 OnTime_78 17 2 505 1
78 OnTime_78 17 1 680 1
78 OnTime_78 25 1 544 1
78 OnTime_78 26 2 613 1
78 OnTime_78 26 1 644 1
78 OnTime_78 27 2 517 1
78 OnTime_78 27 1 624 1
78 OnTime_78 28 1 363 1
78 OnTime_78 30 1 688 1
78 OnTime_78 30 2 690 1
79 OnTime_79 1 1 556 1
79 OnTime_79 2 2 207 1
79 OnTime_79 2 1 358 1
79 OnTime_79 4 1 712 1
79 OnTime_79 4 2 712 1
79 OnTime_79 16 1 505 1
79 OnTime_79 17 2 505 1
79 OnTime_79 17 1 530 1
79 OnTime_79 25 1 441 1
79 OnTime_79 26 1 520 1
79 OnTime_79 26 2 520 1
79 OnTime_79 28 1 396 1
79 OnTime_79 30 1 639 1
80 OnTime_80 1 1 464 1
80 OnTime_80 2 1 657 1
80 OnTime_80 2 2 657 1
80 OnTime_80 4 1 827 1
80 OnTime_80 4 2 827 1
80 OnTime_80 16 1 691 1
80 OnTime_80 17 1 486 1
80 OnTime_80 17 2 486 1
80 OnTime_80 25 1 659 1
80 OnTime_80 26 1 231 1
80 OnTime_80 26 2 231 1
80 OnTime_80 27 2 426 1
80 OnTime_80 27 1 677 1
80 OnTime_80 28 1 622 1
80 OnTime_80 30 2 652 1
80 OnTime_80 30 1 660 1
81 OnTime_81 1 1 549 1
81 OnTime_81 2 1 382 1
81 OnTime_81 2 2 382 1
81 OnTime_81 4 2 350 1
81 OnTime_81 4 1 853 1
81 OnTime_81 16 1 396 1
81 OnTime_81 17 1 679 1
81 OnTime_81 17 2 679 1
81 OnTime_81 25 1 369 1
81 OnTime_81 26 1 701 1
81 OnTime_81 26 2 701 1
81 OnTime_81 27 2 384 1
81 OnTime_81 27 1 631 1
81 OnTime_81 28 1 534 1
81 OnTime_81 30 1 465 1
82 OnTime_82 1 1 512 1
82 OnTime_82 2 1 615 1
82 OnTime_82 2 2 615 1
82 OnTime_82 4 1 497 1
82 OnTime_82 16 1 384 1
82 OnTime_82 17 1 321 1
82 OnTime_82 17 2 321 1
82 OnTime_82 25 1 356 1
82 OnTime_82 26 2 220 1
82 OnTime_82 26 1 231 1
82 OnTime_82 27 2 464 1
82 OnTime_82 27 1 677 1
82 OnTime_82 28 1 622 1
83 OnTime_83 1 1 479 1
83 OnTime_83 2 1 417 1
83 OnTime_83 2 2 485 1
83 OnTime_83 4 1 663 1
83 OnTime_83 16 1 650 1
83 OnTime_83 17 1 705 1
83 OnTime_83 17 2 705 1
83 OnTime_83 25 1 511 1
83 OnTime_83 26 1 520 1
83 OnTime_83 26 2 520 1
83 OnTime_83 27 1 640 1
83 OnTime_83 27 2 640 1
83 OnTime_83 28 1 425 1
83 OnTime_83 30 1 336 1
83 OnTime_83 30 2 432 1
84 OnTime_84 1 1 512 1
84 OnTime_84 2 1 551 1
84 OnTime_84 2 2 551 1
84 OnTime_84 4 1 314 1
84 OnTime_84 4 2 347 1
84 OnTime_84 16 1 546 1
84 OnTime_84 17 2 486 1
84 OnTime_84 17 1 661 1
84 OnTime_84 25 1 441 1
84 OnTime_84 26 1 644 1
84 OnTime_84 26 2 644 1
84 OnTime_84 27 1 347 1
84 OnTime_84 27 2 463 1
84 OnTime_84 28 1 447 1
84 OnTime_84 30 2 362 1
84 OnTime_84 30 1 488 1
85 OnTime_85 1 1 462 1
85 OnTime_85 4 2 388 1
85 OnTime_85 4 1 880 1
85 OnTime_85 16 1 704 1
85 OnTime_85 17 2 530 1
85 OnTime_85 17 1 679 1
85 OnTime_85 25 1 669 1
85 OnTime_85 26 2 462 1
85 OnTime_85 27 2 347 1
85 OnTime_85 27 1 677 1
85 OnTime_85 28 1 396 1
85 OnTime_85 30 1 639 1
85 OnTime_85 30 2 639 1
86 OnTime_86 1 1 468 1
86 OnTime_86 2 2 290 1
86 OnTime_86 2 1 781 1
86 OnTime_86 4 1 348 1
86 OnTime_86 4 2 348 1
86 OnTime_86 16 1 704 1
86 OnTime_86 17 1 671 1
86 OnTime_86 17 2 671 1
86 OnTime_86 25 1 460 1
86 OnTime_86 27 1 480 1
86 OnTime_86 28 1 620 1
86 OnTime_86 30 1 713 1
86 OnTime_86 30 2 713 1
87 OnTime_87 1 1 549 1
87 OnTime_87 2 1 450 1
87 OnTime_87 2 2 450 1
87 OnTime_87 4 2 348 1
87 OnTime_87 4 1 663 1
87 OnTime_87 17 1 714 1
87 OnTime_87 17 2 714 1
87 OnTime_87 25 1 591 1
87 OnTime_87 26 2 295 1
87 OnTime_87 26 1 426 1
87 OnTime_87 27 2 426 1
87 OnTime_87 27 1 533 1
87 OnTime_87 28 1 476 1
87 OnTime_87 30 1 153 1
87 OnTime_87 30 2 488 1
88 OnTime_88 1 1 716 1
88 OnTime_88 2 1 541 1
88 OnTime_88 2 2 541 1
88 OnTime_88 4 1 600 1
88 OnTime_88 4 2 600 1
88 OnTime_88 25 1 441 1
88 OnTime_88 26 2 247 1
88 OnTime_88 26 1 548 1
88 OnTime_88 28 1 279 1
88 OnTime_88 30 1 226 1
88 OnTime_88 30 2 226 1
89 OnTime_89 1 1 225 1
89 OnTime_89 2 2 454 1
89 OnTime_89 2 1 642 1
89 OnTime_89 4 2 586 1
89 OnTime_89 4 1 600 1
89 OnTime_89 16 1 650 1
89 OnTime_89 17 2 321 1
89 OnTime_89 17 1 520 1
89 OnTime_89 25 1 586 1
89 OnTime_89 26 2 520 1
89 OnTime_89 26 1 714 1
89 OnTime_89 27 2 248 1
89 OnTime_89 27 1 480 1
89 OnTime_89 28 1 534 1
89 OnTime_89 30 1 254 1
89 OnTime_89 30 2 254 1
90 OnTime_90 1 1 552 1
90 OnTime_90 2 2 566 1
90 OnTime_90 2 1 645 1
90 OnTime_90 4 1 674 1
90 OnTime_90 4 2 674 1
90 OnTime_90 16 1 704 1
90 OnTime_90 17 1 505 1
90 OnTime_90 25 1 441 1
90 OnTime_90 26 1 424 1
90 OnTime_90 26 2 514 1
90 OnTime_90 27 2 300 1
90 OnTime_90 27 1 354 1
90 OnTime_90 28 1 427 1
90 OnTime_90 30 2 254 1
90 OnTime_90 30 1 514 1
91 OnTime_91 1 1 365 1
91 OnTime_91 2 1 645 1
91 OnTime_91 2 2 645 1
91 OnTime_91 4 1 609 1
91 OnTime_91 4 2 609 1
91 OnTime_91 16 1 492 1
91 OnTime_91 17 2 365 1
91 OnTime_91 17 1 530 1
91 OnTime_91 25 1 612 1
91 OnTime_91 27 1 242 1
91 OnTime_91 27 2 242 1
91 OnTime_91 30 1 690 1
91 OnTime_91 30 2 690 1
92 OnTime_92 1 1 538 1
92 OnTime_92 2 1 390 1
92 OnTime_92 2 2 450 1
92 OnTime_92 4 1 328 1
92 OnTime_92 4 2 328 1
92 OnTime_92 16 1 229 1
92 OnTime_92 17 2 482 1
92 OnTime_92 17 1 672 1
92 OnTime_92 25 1 613 1
92 OnTime_92 26 1 245 1
92 OnTime_92 26 2 613 1
92 OnTime_92 27 1 495 1
92 OnTime_92 27 2 495 1
92 OnTime_92 28 1 393 1
92 OnTime_92 30 2 336 1
92 OnTime_92 30 1 585 1
93 OnTime_93 1 1 549 1
93 OnTime_93 2 1 625 1
93 OnTime_93 2 2 625 1
93 OnTime_93 4 1 352 1
93 OnTime_93 4 2 352 1
93 OnTime_93 16 1 577 1
93 OnTime_93 17 2 370 1
93 OnTime_93 17 1 520 1
93 OnTime_93 25 1 116 1
93 OnTime_93 26 2 520 1
93 OnTime_93 26 1 684 1
93 OnTime_93 27 2 475 1
93 OnTime_93 27 1 495 1
93 OnTime_93 28 1 620 1
93 OnTime_93 30 1 465 1
94 OnTime_94 1 1 888 1
94 OnTime_94 2 2 541 1
94 OnTime_94 2 1 615 1
94 OnTime_94 4 1 706 1
94 OnTime_94 4 2 706 1
94 OnTime_94 16 1 391 1
94 OnTime_94 17 1 486 1
94 OnTime_94 17 2 486 1
94 OnTime_94 26 1 684 1
94 OnTime_94 26 2 684 1
94 OnTime_94 27 1 632 1
94 OnTime_94 27 2 632 1
94 OnTime_94 30 1 515 1
94 OnTime_94 30 2 515 1
95 OnTime_95 1 1 393 1
95 OnTime_95 2 2 504 1
95 OnTime_95 2 1 642 1
95 OnTime_95 4 1 576 1
95 OnTime_95 4 2 642 1
95 OnTime_95 16 1 229 1
95 OnTime_95 17 1 701 1
95 OnTime_95 17 2 701 1
95 OnTime_95 25 1 372 1
95 OnTime_95 26 1 473 1
95 OnTime_95 26 2 473 1
95 OnTime_95 27 1 533 1
95 OnTime_95 27 2 533 1
95 OnTime_95 28 1 532 1
95 OnTime_95 30 2 226 1
95 OnTime_95 30 1 660 1
96 OnTime_96 1 1 667 1
96 OnTime_96 2 1 540 1
96 OnTime_96 2 2 667 1
96 OnTime_96 4 2 624 1
96 OnTime_96 4 1 642 1
96 OnTime_96 16 1 609 1
96 OnTime_96 17 2 486 1
96 OnTime_96 17 1 680 1
96 OnTime_96 25 1 116 1
96 OnTime_96 26 2 247 1
96 OnTime_96 26 1 426 1
96 OnTime_96 27 2 533 1
96 OnTime_96 27 1 624 1
96 OnTime_96 28 1 620 1
96 OnTime_96 30 1 279 1
97 OnTime_97 1 1 393 1
97 OnTime_97 2 2 540 1
97 OnTime_97 2 1 709 1
97 OnTime_97 4 1 350 1
97 OnTime_97 4 2 350 1
97 OnTime_97 16 1 322 1
97 OnTime_97 17 2 370 1
97 OnTime_97 17 1 648 1
97 OnTime_97 25 1 441 1
97 OnTime_97 26 2 159 1
97 OnTime_97 26 1 658 1
97 OnTime_97 27 2 517 1
97 OnTime_97 27 1 631 1
97 OnTime_97 28 1 112 1
97 OnTime_97 30 1 515 1
97 OnTime_97 30 2 515 1
98 OnTime_98 1 1 365 1
98 OnTime_98 2 1 556 1
98 OnTime_98 2 2 556 1
98 OnTime_98 4 1 609 1
98 OnTime_98 16 1 367 1
98 OnTime_98 17 1 321 1
98 OnTime_98 17 2 321 1
98 OnTime_98 26 1 210 1
98 OnTime_98 26 2 400 1
98 OnTime_98 27 1 533 1
98 OnTime_98 27 2 533 1
98 OnTime_98 28 1 400 1
98 OnTime_98 30 1 518 1
98 OnTime_98 30 2 518 1
99 OnTime_99 1 1 501 1
99 OnTime_99 2 2 504 1
99 OnTime_99 2 1 556 1
99 OnTime_99 4 2 348 1
99 OnTime_99 4 1 392 1
99 OnTime_99 16 1 322 1
99 OnTime_99 17 1 275 1
99 OnTime_99 17 2 275 1
99 OnTime_99 25 1 669 1
99 OnTime_99 26 1 644 1
99 OnTime_99 26 2 644 1
99 OnTime_99 27 1 347 1
99 OnTime_99 27 2 347 1
99 OnTime_99 28 1 350 1
100 OnTime_100 1 1 225 1
100 OnTime_100 2 1 667 1
100 OnTime_100 2 2 667 1
100 OnTime_100 4 2 349 1
100 OnTime_100 4 1 729 1
100 OnTime_100 16 1 396 1
100 OnTime_100 17 1 445 1
100 OnTime_100 17 2 445 1
100 OnTime_100 25 1 410 1
100 OnTime_100 26 1 544 1
100 OnTime_100 26 2 544 1
100 OnTime_100 27 2 384 1
100 OnTime_100 27 1 631 1
100 OnTime_100 28 1 534 1
100 OnTime_100 30 2 181 1
100 OnTime_100 30 1 639 1
101 OnTime_101 1 1 624 1
101 OnTime_101 2 1 657 1
101 OnTime_101 2 2 657 1
101 OnTime_101 4 2 352 1
101 OnTime_101 4 1 674 1
101 OnTime_101 16 1 609 1
101 OnTime_101 17 2 255 1
101 OnTime_101 17 1 671 1
101 OnTime_101 25 1 410 1
101 OnTime_101 26 1 476 1
101 OnTime_101 27 1 533 1
101 OnTime_101 27 2 624 1
101 OnTime_101 28 1 532 1
101 OnTime_101 30 1 515 1
101 OnTime_101 30 2 660 1
102 OnTime_102 2 1 625 1
102 OnTime_102 2 2 625 1
102 OnTime_102 4 1 497 1
102 OnTime_102 4 2 712 1
102 OnTime_102 16 1 288 1
102 OnTime_102 17 1 530 1
102 OnTime_102 17 2 530 1
102 OnTime_102 25 1 475 1
102 OnTime_102 26 1 473 1
102 OnTime_102 26 2 473 1
102 OnTime_102 27 2 475 1
102 OnTime_102 27 1 533 1
102 OnTime_102 28 1 414 1
102 OnTime_102 30 2 254 1
102 OnTime_102 30 1 713 1
103 OnTime_103 1 1 462 1
103 OnTime_103 2 1 625 1
103 OnTime_103 2 2 625 1
103 OnTime_103 4 1 470 1
103 OnTime_103 4 2 470 1
103 OnTime_103 16 1 465 1
103 OnTime_103 17 1 705 1
103 OnTime_103 17 2 705 1
103 OnTime_103 25 1 312 1
103 OnTime_103 26 1 247 1
103 OnTime_103 26 2 462 1
103 OnTime_103 27 2 463 1
103 OnTime_103 27 1 477 1
103 OnTime_103 28 1 635 1
103 OnTime_103 30 1 518 1
103 OnTime_103 30 2 518 1
104 OnTime_104 1 1 501 1
104 OnTime_104 2 1 485 1
104 OnTime_104 2 2 485 1
104 OnTime_104 4 1 642 1
104 OnTime_104 4 2 712 1
104 OnTime_104 16 1 691 1
104 OnTime_104 17 1 530 1
104 OnTime_104 17 2 530 1
104 OnTime_104 25 1 799 1
104 OnTime_104 26 2 544 1
104 OnTime_104 26 1 779 1
104 OnTime_104 27 2 501 1
104 OnTime_104 27 1 677 1
104 OnTime_104 28 1 754 1
104 OnTime_104 30 1 518 1
105 OnTime_105 1 1 556 1
105 OnTime_105 2 1 454 1
105 OnTime_105 2 2 556 1
105 OnTime_105 4 2 380 1
105 OnTime_105 16 1 380 1
105 OnTime_105 17 2 445 1
105 OnTime_105 17 1 648 1
105 OnTime_105 25 1 659 1
105 OnTime_105 26 1 399 1
105 OnTime_105 26 2 399 1
105 OnTime_105 27 1 251 1
105 OnTime_105 27 2 251 1
105 OnTime_105 28 1 803 1
105 OnTime_105 30 1 268 1
105 OnTime_105 30 2 268 1
106 OnTime_106 1 1 538 1
106 OnTime_106 2 1 625 1
106 OnTime_106 2 2 625 1
106 OnTime_106 4 1 347 1
106 OnTime_106 16 1 465 1
106 OnTime_106 17 2 486 1
106 OnTime_106 17 1 701 1
106 OnTime_106 25 1 511 1
106 OnTime_106 26 1 247 1
106 OnTime_106 26 2 342 1
106 OnTime_106 27 2 676 1
106 OnTime_106 27 1 677 1
106 OnTime_106 28 1 324 1
106 OnTime_106 30 2 465 1
106 OnTime_106 30 1 617 1
107 OnTime_107 1 1 693 1
107 OnTime_107 2 1 382 1
107 OnTime_107 2 2 382 1
107 OnTime_107 4 1 567 1
107 OnTime_107 4 2 567 1
107 OnTime_107 16 1 546 1
107 OnTime_107 17 2 275 1
107 OnTime_107 17 1 714 1
107 OnTime_107 25 1 392 1
107 OnTime_107 26 1 548 1
107 OnTime_107 26 2 714 1
107 OnTime_107 27 2 632 1
107 OnTime_107 27 1 640 1
107 OnTime_107 28 1 476 1
107 OnTime_107 30 1 488 1
107 OnTime_107 30 2 488 1
108 OnTime_108 1 1 455 1
108 OnTime_108 2 1 540 1
108 OnTime_108 2 2 540 1
108 OnTime_108 4 1 663 1
108 OnTime_108 4 2 663 1
108 OnTime_108 16 1 384 1
108 OnTime_108 17 1 321 1
108 OnTime_108 17 2 486 1
108 OnTime_108 25 1 523 1
108 OnTime_108 26 2 295 1
108 OnTime_108 26 1 659 1
108 OnTime_108 27 1 475 1
108 OnTime_108 27 2 475 1
108 OnTime_108 28 1 635 1
108 OnTime_108 30 1 515 1
108 OnTime_108 30 2 515 1
109 OnTime_109 1 1 549 1
109 OnTime_109 2 1 781 1
109 OnTime_109 2 2 781 1
109 OnTime_109 4 1 567 1
109 OnTime_109 4 2 567 1
109 OnTime_109 16 1 569 1
109 OnTime_109 17 2 405 1
109 OnTime_109 17 1 530 1
109 OnTime_109 25 1 335 1
109 OnTime_109 26 1 644 1
109 OnTime_109 26 2 644 1
109 OnTime_109 27 2 480 1
109 OnTime_109 27 1 640 1
109 OnTime_109 28 1 770 1
109 OnTime_109 30 1 515 1
110 OnTime_110 1 1 556 1
110 OnTime_110 2 2 556 1
110 OnTime_110 2 1 566 1
110 OnTime_110 4 1 311 1
110 OnTime_110 4 2 731 1
110 OnTime_110 16 1 650 1
110 OnTime_110 17 1 682 1
110 OnTime_110 17 2 682 1
110 OnTime_110 26 2 398 1
110 OnTime_110 26 1 731 1
110 OnTime_110 27 2 640 1
110 OnTime_110 27 1 677 1
110 OnTime_110 28 1 532 1
110 OnTime_110 30 1 268 1
110 OnTime_110 30 2 268 1
111 OnTime_111 1 1 431 1
111 OnTime_111 2 2 319 1
111 OnTime_111 2 1 504 1
111 OnTime_111 4 2 312 1
111 OnTime_111 4 1 314 1
111 OnTime_111 16 1 321 1
111 OnTime_111 17 2 445 1
111 OnTime_111 17 1 679 1
111 OnTime_111 25 1 312 1
111 OnTime_111 26 2 359 1
111 OnTime_111 26 1 476 1
111 OnTime_111 27 1 300 1
111 OnTime_111 27 2 300 1
111 OnTime_111 28 1 620 1
111 OnTime_111 30 2 515 1
111 OnTime_111 30 1 652 1
112 OnTime_112 1 1 693 1
112 OnTime_112 2 1 667 1
112 OnTime_112 2 2 667 1
112 OnTime_112 4 1 390 1
112 OnTime_112 4 2 712 1
112 OnTime_112 16 1 766 1
112 OnTime_112 17 2 679 1
112 OnTime_112 17 1 701 1
112 OnTime_112 25 1 441 1
112 OnTime_112 26 1 247 1
112 OnTime_112 26 2 247 1
112 OnTime_112 27 1 640 1
112 OnTime_112 27 2 640 1
112 OnTime_112 28 1 620 1
112 OnTime_112 30 1 515 1
112 OnTime_112 30 2 515 1
113 OnTime_113 1 1 549 1
113 OnTime_113 2 1 504 1
113 OnTime_113 2 2 504 1
113 OnTime_113 4 2 348 1
113 OnTime_113 4 1 349 1
113 OnTime_113 16 1 505 1
113 OnTime_113 17 2 505 1
113 OnTime_113 17 1 682 1
113 OnTime_113 25 1 335 1
113 OnTime_113 26 1 462 1
113 OnTime_113 26 2 462 1
113 OnTime_113 27 2 463 1
113 OnTime_113 27 1 464 1
113 OnTime_113 28 1 285 1
114 OnTime_114 1 1 376 1
114 OnTime_114 2 2 541 1
114 OnTime_114 2 1 551 1
114 OnTime_114 4 1 567 1
114 OnTime_114 4 2 609 1
114 OnTime_114 16 1 609 1
114 OnTime_114 17 1 445 1
114 OnTime_114 17 2 445 1
114 OnTime_114 26 1 426 1
114 OnTime_114 27 1 377 1
114 OnTime_114 27 2 377 1
114 OnTime_114 28 1 393 1
114 OnTime_114 30 1 652 1
115 OnTime_115 1 1 380 1
115 OnTime_115 2 1 556 1
115 OnTime_115 4 1 261 1
115 OnTime_115 4 2 380 1
115 OnTime_115 16 1 505 1
115 OnTime_115 17 2 505 1
115 OnTime_115 17 1 680 1
115 OnTime_115 26 1 684 1
115 OnTime_115 26 2 684 1
115 OnTime_115 27 2 495 1
115 OnTime_115 27 1 517 1
115 OnTime_115 30 1 514 1
115 OnTime_115 30 2 514 1
116 OnTime_116 1 1 462 1
116 OnTime_116 2 1 270 1
116 OnTime_116 2 2 270 1
116 OnTime_116 4 1 624 1
116 OnTime_116 4 2 624 1
116 OnTime_116 16 1 766 1
116 OnTime_116 17 2 411 1
116 OnTime_116 17 1 530 1
116 OnTime_116 26 1 426 1
116 OnTime_116 26 2 462 1
116 OnTime_116 27 1 477 1
116 OnTime_116 27 2 477 1
116 OnTime_116 28 1 414 1
116 OnTime_116 30 1 488 1
117 OnTime_117 1 1 147 1
117 OnTime_117 2 2 551 1
117 OnTime_117 2 1 709 1
117 OnTime_117 4 1 380 1
117 OnTime_117 4 2 380 1
117 OnTime_117 16 1 559 1
117 OnTime_117 17 1 711 1
117 OnTime_117 25 1 312 1
117 OnTime_117 26 1 684 1
117 OnTime_117 26 2 684 1
117 OnTime_117 27 1 464 1
117 OnTime_117 27 2 517 1
117 OnTime_117 28 1 622 1
118 OnTime_118 1 1 479 1
118 OnTime_118 2 1 556 1
118 OnTime_118 2 2 556 1
118 OnTime_118 4 2 127 1
118 OnTime_118 4 1 603 1
118 OnTime_118 16 1 494 1
118 OnTime_118 25 1 312 1
118 OnTime_118 26 2 245 1
118 OnTime_118 26 1 613 1
118 OnTime_118 27 2 384 1
118 OnTime_118 27 1 423 1
118 OnTime_118 28 1 620 1
119 OnTime_119 1 1 225 1
119 OnTime_119 2 1 775 1
119 OnTime_119 2 2 775 1
119 OnTime_119 4 1 603 1
119 OnTime_119 4 2 603 1
119 OnTime_119 16 1 384 1
119 OnTime_119 17 2 520 1
119 OnTime_119 17 1 679 1
119 OnTime_119 25 1 544 1
119 OnTime_119 26 1 644 1
119 OnTime_119 26 2 644 1
119 OnTime_119 27 1 463 1
119 OnTime_119 27 2 463 1
119 OnTime_119 28 1 476 1
119 OnTime_119 30 1 652 1
119 OnTime_119 30 2 652 1
120 OnTime_120 1 1 464 1
120 OnTime_120 2 2 207 1
120 OnTime_120 2 1 504 1
120 OnTime_120 4 1 624 1
120 OnTime_120 4 2 624 1
120 OnTime_120 17 1 486 1
120 OnTime_120 17 2 486 1
120 OnTime_120 25 1 259 1
120 OnTime_120 26 1 359 1
120 OnTime_120 26 2 359 1
120 OnTime_120 27 1 495 1
120 OnTime_120 27 2 495 1
120 OnTime_120 28 1 414 1
120 OnTime_120 30 1 518 1
120 OnTime_120 30 2 518 1
121 OnTime_121 1 1 431 1
121 OnTime_121 2 1 541 1
121 OnTime_121 2 2 642 1
121 OnTime_121 4 2 390 1
121 OnTime_121 4 1 642 1
121 OnTime_121 16 1 494 1
121 OnTime_121 17 2 365 1
121 OnTime_121 17 1 787 1
121 OnTime_121 25 1 511 1
121 OnTime_121 26 2 471 1
121 OnTime_121 26 1 544 1
121 OnTime_121 27 1 640 1
121 OnTime_121 27 2 640 1
121 OnTime_121 28 1 447 1
121 OnTime_121 30 1 690 1
121 OnTime_121 30 2 690 1
122 OnTime_122 1 1 706 1
122 OnTime_122 2 2 504 1
122 OnTime_122 2 1 651 1
122 OnTime_122 4 1 246 1
122 OnTime_122 4 2 706 1
122 OnTime_122 16 1 396 1
122 OnTime_122 17 1 672 1
122 OnTime_122 17 2 672 1
122 OnTime_122 25 1 475 1
122 OnTime_122 26 2 471 1
122 OnTime_122 26 1 850 1
122 OnTime_122 27 2 475 1
122 OnTime_122 27 1 631 1
122 OnTime_122 28 1 635 1
122 OnTime_122 30 2 617 1
122 OnTime_122 30 1 816 1
123 OnTime_123 1 1 479 1
123 OnTime_123 2 1 541 1
123 OnTime_123 2 2 558 1
123 OnTime_123 4 1 329 1
123 OnTime_123 4 2 350 1
123 OnTime_123 16 1 380 1
123 OnTime_123 17 1 679 1
123 OnTime_123 17 2 679 1
123 OnTime_123 25 1 350 1
123 OnTime_123 26 1 399 1
123 OnTime_123 26 2 399 1
123 OnTime_123 27 1 533 1
123 OnTime_123 27 2 533 1
123 OnTime_123 28 1 635 1
123 OnTime_123 30 1 617 1
123 OnTime_123 30 2 617 1
124 OnTime_124 1 1 479 1
124 OnTime_124 2 1 558 1
124 OnTime_124 2 2 558 1
124 OnTime_124 4 1 314 1
124 OnTime_124 4 2 314 1
124 OnTime_124 16 1 650 1
124 OnTime_124 17 2 486 1
124 OnTime_124 17 1 714 1
124 OnTime_124 25 1 356 1
124 OnTime_124 26 1 398 1
124 OnTime_124 26 2 714 1
124 OnTime_124 27 1 631 1
124 OnTime_124 28 1 447 1
124 OnTime_124 30 1 735 1
124 OnTime_124 30 2 735 1
125 OnTime_125 1 1 393 1
125 OnTime_125 2 1 615 1
125 OnTime_125 2 2 615 1
125 OnTime_125 4 1 804 1
125 OnTime_125 4 2 804 1
125 OnTime_125 16 1 650 1
125 OnTime_125 17 1 520 1
125 OnTime_125 17 2 520 1
125 OnTime_125 26 1 210 1
125 OnTime_125 26 2 246 1
125 OnTime_125 27 1 426 1
125 OnTime_125 27 2 426 1
125 OnTime_125 28 1 622 1
125 OnTime_125 30 1 585 1
126 OnTime_126 1 1 667 1
126 OnTime_126 2 1 566 1
126 OnTime_126 2 2 667 1
126 OnTime_126 4 1 246 1
126 OnTime_126 4 2 390 1
126 OnTime_126 16 1 546 1
126 OnTime_126 17 2 505 1
126 OnTime_126 17 1 653 1
126 OnTime_126 25 1 511 1
126 OnTime_126 26 2 462 1
126 OnTime_126 26 1 548 1
126 OnTime_126 27 2 676 1
126 OnTime_126 27 1 771 1
126 OnTime_126 30 1 514 1
126 OnTime_126 30 2 514 1
127 OnTime_127 1 1 466 1
127 OnTime_127 2 2 541 1
127 OnTime_127 2 1 615 1
127 OnTime_127 4 1 600 1
127 OnTime_127 4 2 600 1
127 OnTime_127 16 1 322 1
127 OnTime_127 25 1 356 1
127 OnTime_127 26 1 192 1
127 OnTime_127 26 2 192 1
127 OnTime_127 27 1 533 1
127 OnTime_127 27 2 533 1
127 OnTime_127 28 1 635 1
127 OnTime_127 30 1 465 1
127 OnTime_127 30 2 465 1
128 OnTime_128 1 1 345 1
128 OnTime_128 2 2 382 1
128 OnTime_128 2 1 625 1
128 OnTime_128 4 1 600 1
128 OnTime_128 4 2 600 1
128 OnTime_128 16 1 465 1
128 OnTime_128 17 2 370 1
128 OnTime_128 17 1 679 1
128 OnTime_128 25 1 124 1
128 OnTime_128 26 1 220 1
128 OnTime_128 26 2 220 1
128 OnTime_128 27 2 463 1
128 OnTime_128 27 1 677 1
128 OnTime_128 28 1 582 1
128 OnTime_128 30 1 404 1
128 OnTime_128 30 2 404 1
129 OnTime_129 1 1 462 1
129 OnTime_129 2 1 615 1
129 OnTime_129 2 2 615 1
129 OnTime_129 4 1 470 1
129 OnTime_129 4 2 470 1
129 OnTime_129 16 1 321 1
129 OnTime_129 17 2 397 1
129 OnTime_129 17 1 486 1
129 OnTime_129 25 1 392 1
129 OnTime_129 26 2 462 1
129 OnTime_129 26 1 560 1
129 OnTime_129 27 2 235 1
129 OnTime_129 27 1 426 1
129 OnTime_129 28 1 532 1
129 OnTime_129 30 1 362 1
129 OnTime_129 30 2 362 1
130 OnTime_130 1 1 466 1
130 OnTime_130 2 1 540 1
130 OnTime_130 2 2 540 1
130 OnTime_130 4 2 348 1
130 OnTime_130 4 1 712 1
130 OnTime_130 16 1 559 1
130 OnTime_130 25 1 612 1
130 OnTime_130 26 1 399 1
130 OnTime_130 26 2 559 1
130 OnTime_130 27 2 384 1
130 OnTime_130 27 1 501 1
130 OnTime_130 28 1 534 1
130 OnTime_130 30 1 432 1
131 OnTime_131 1 1 693 1
131 OnTime_131 2 1 485 1
131 OnTime_131 2 2 485 1
131 OnTime_131 4 2 314 1
131 OnTime_131 4 1 347 1
131 OnTime_131 16 1 494 1
131 OnTime_131 17 1 672 1
131 OnTime_131 17 2 672 1
131 OnTime_131 25 1 312 1
131 OnTime_131 26 1 520 1
131 OnTime_131 26 2 520 1
131 OnTime_131 27 2 347 1
131 OnTime_131 27 1 480 1
131 OnTime_131 28 1 385 1
131 OnTime_131 30 1 652 1
131 OnTime_131 30 2 652 1
132 OnTime_132 1 1 479 1
132 OnTime_132 2 2 615 1
132 OnTime_132 2 1 645 1
132 OnTime_132 16 1 492 1
132 OnTime_132 17 1 680 1
132 OnTime_132 17 2 680 1
132 OnTime_132 25 1 335 1
132 OnTime_132 26 2 359 1
132 OnTime_132 26 1 659 1
132 OnTime_132 27 2 377 1
132 OnTime_132 27 1 640 1
132 OnTime_132 28 1 635 1
132 OnTime_132 30 1 713 1
133 OnTime_133 1 1 220 1
133 OnTime_133 2 2 625 1
133 OnTime_133 2 1 667 1
133 OnTime_133 4 2 388 1
133 OnTime_133 4 1 603 1
133 OnTime_133 16 1 492 1
133 OnTime_133 17 2 445 1
133 OnTime_133 17 1 671 1
133 OnTime_133 25 1 591 1
133 OnTime_133 26 2 220 1
133 OnTime_133 26 1 424 1
133 OnTime_133 28 1 620 1
133 OnTime_133 30 2 336 1
133 OnTime_133 30 1 660 1
134 OnTime_134 1 1 464 1
134 OnTime_134 2 1 284 1
134 OnTime_134 2 2 615 1
134 OnTime_134 4 1 642 1
134 OnTime_134 4 2 642 1
134 OnTime_134 16 1 384 1
134 OnTime_134 17 2 248 1
134 OnTime_134 17 1 482 1
134 OnTime_134 25 1 335 1
134 OnTime_134 26 2 392 1
134 OnTime_134 26 1 398 1
134 OnTime_134 27 2 464 1
134 OnTime_134 27 1 677 1
134 OnTime_134 28 1 567 1
134 OnTime_134 30 1 336 1
134 OnTime_134 30 2 336 1
135 OnTime_135 1 1 468 1
135 OnTime_135 2 2 551 1
135 OnTime_135 2 1 625 1
135 OnTime_135 4 1 328 1
135 OnTime_135 4 2 328 1
135 OnTime_135 16 1 691 1
135 OnTime_135 17 2 124 1
135 OnTime_135 17 1 679 1
135 OnTime_135 25 1 659 1
135 OnTime_135 26 1 559 1
135 OnTime_135 26 2 659 1
135 OnTime_135 27 1 539 1
135 OnTime_135 27 2 539 1
135 OnTime_135 28 1 532 1
135 OnTime_135 30 1 518 1
135 OnTime_135 30 2 688 1
136 OnTime_136 1 1 345 1
136 OnTime_136 2 2 450 1
136 OnTime_136 2 1 541 1
136 OnTime_136 4 1 392 1
136 OnTime_136 4 2 392 1
136 OnTime_136 16 1 711 1
136 OnTime_136 17 1 705 1
136 OnTime_136 17 2 705 1
136 OnTime_136 25 1 203 1
136 OnTime_136 26 1 560 1
136 OnTime_136 26 2 560 1
136 OnTime_136 28 1 447 1
136 OnTime_136 30 1 514 1
136 OnTime_136 30 2 514 1
137 OnTime_137 1 1 832 1
137 OnTime_137 2 1 615 1
137 OnTime_137 2 2 615 1
137 OnTime_137 16 1 492 1
137 OnTime_137 17 1 342 1
137 OnTime_137 17 2 405 1
137 OnTime_137 25 1 511 1
137 OnTime_137 26 2 473 1
137 OnTime_137 26 1 548 1
137 OnTime_137 27 2 517 1
137 OnTime_137 27 1 539 1
137 OnTime_137 28 1 425 1
137 OnTime_137 30 1 514 1
137 OnTime_137 30 2 514 1
138 OnTime_138 1 1 468 1
138 OnTime_138 2 2 382 1
138 OnTime_138 2 1 390 1
138 OnTime_138 4 1 328 1
138 OnTime_138 4 2 390 1
138 OnTime_138 16 1 193 1
138 OnTime_138 17 2 275 1
138 OnTime_138 17 1 482 1
138 OnTime_138 25 1 628 1
138 OnTime_138 27 2 463 1
138 OnTime_138 27 1 803 1
138 OnTime_138 28 1 556 1
138 OnTime_138 30 1 432 1
138 OnTime_138 30 2 432 1
139 OnTime_139 1 1 466 1
139 OnTime_139 2 1 429 1
139 OnTime_139 4 2 567 1
139 OnTime_139 4 1 827 1
139 OnTime_139 16 1 704 1
139 OnTime_139 17 1 342 1
139 OnTime_139 17 2 405 1
139 OnTime_139 25 1 356 1
139 OnTime_139 26 2 684 1
139 OnTime_139 26 1 714 1
139 OnTime_139 27 2 299 1
139 OnTime_139 27 1 640 1
139 OnTime_139 28 1 567 1
139 OnTime_139 30 1 518 1
139 OnTime_139 30 2 639 1
140 OnTime_140 1 1 380 1
140 OnTime_140 2 2 168 1
140 OnTime_140 2 1 645 1
140 OnTime_140 4 1 390 1
140 OnTime_140 4 2 390 1
140 OnTime_140 16 1 609 1
140 OnTime_140 17 1 370 1
140 OnTime_140 17 2 370 1
140 OnTime_140 25 1 823 1
140 OnTime_140 26 1 245 1
140 OnTime_140 26 2 245 1
140 OnTime_140 27 2 384 1
140 OnTime_140 27 1 533 1
140 OnTime_140 28 1 622 1
140 OnTime_140 30 1 465 1
140 OnTime_140 30 2 465 1
141 OnTime_141 1 1 462 1
141 OnTime_141 2 1 454 1
141 OnTime_141 2 2 454 1
141 OnTime_141 4 1 311 1
141 OnTime_141 4 2 624 1
141 OnTime_141 17 1 679 1
141 OnTime_141 17 2 711 1
141 OnTime_141 25 1 711 1
141 OnTime_141 26 1 192 1
141 OnTime_141 26 2 462 1
141 OnTime_141 27 2 377 1
141 OnTime_141 27 1 624 1
141 OnTime_141 28 1 587 1
141 OnTime_141 30 1 515 1
142 OnTime_142 1 1 552 1
142 OnTime_142 2 1 270 1
142 OnTime_142 2 2 775 1
142 OnTime_142 4 1 81 1
142 OnTime_142 4 2 380 1
142 OnTime_142 16 1 380 1
142 OnTime_142 17 2 248 1
142 OnTime_142 17 1 787 1
142 OnTime_142 25 1 591 1
142 OnTime_142 26 2 471 1
142 OnTime_142 26 1 644 1
142 OnTime_142 27 2 463 1
142 OnTime_142 27 1 640 1
142 OnTime_142 28 1 775 1
142 OnTime_142 30 1 652 1
143 OnTime_143 1 1 706 1
143 OnTime_143 2 2 485 1
143 OnTime_143 2 1 651 1
143 OnTime_143 4 1 314 1
143 OnTime_143 4 2 314 1
143 OnTime_143 16 1 650 1
143 OnTime_143 17 1 530 1
143 OnTime_143 17 2 530 1
143 OnTime_143 25 1 511 1
143 OnTime_143 26 2 398 1
143 OnTime_143 26 1 560 1
143 OnTime_143 27 1 495 1
143 OnTime_143 27 2 495 1
143 OnTime_143 28 1 565 1
143 OnTime_143 30 1 279 1
143 OnTime_143 30 2 279 1
144 OnTime_144 1 1 462 1
144 OnTime_144 2 1 551 1
144 OnTime_144 2 2 551 1
144 OnTime_144 4 2 390 1
144 OnTime_144 4 1 600 1
144 OnTime_144 16 1 229 1
144 OnTime_144 17 1 411 1
144 OnTime_144 17 2 411 1
144 OnTime_144 25 1 669 1
144 OnTime_144 26 2 462 1
144 OnTime_144 26 1 658 1
144 OnTime_144 27 1 477 1
144 OnTime_144 27 2 477 1
144 OnTime_144 28 1 285 1
144 OnTime_144 30 2 652 1
144 OnTime_144 30 1 690 1
145 OnTime_145 1 1 464 1
145 OnTime_145 2 2 615 1
145 OnTime_145 2 1 645 1
145 OnTime_145 4 1 642 1
145 OnTime_145 4 2 642 1
145 OnTime_145 16 1 288 1
145 OnTime_145 17 1 530 1
145 OnTime_145 17 2 530 1
145 OnTime_145 25 1 591 1
145 OnTime_145 26 2 462 1
145 OnTime_145 26 1 560 1
145 OnTime_145 27 2 463 1
145 OnTime_145 27 1 501 1
145 OnTime_145 28 1 411 1
145 OnTime_145 30 2 336 1
145 OnTime_145 30 1 355 1
146 OnTime_146 1 1 177 1
146 OnTime_146 2 1 207 1
146 OnTime_146 2 2 207 1
146 OnTime_146 4 1 497 1
146 OnTime_146 4 2 624 1
146 OnTime_146 16 1 646 1
146 OnTime_146 25 1 273 1
146 OnTime_146 26 2 426 1
146 OnTime_146 26 1 473 1
146 OnTime_146 27 1 624 1
146 OnTime_146 27 2 771 1
146 OnTime_146 28 1 414 1
146 OnTime_146 30 1 690 1
146 OnTime_146 30 2 690 1
147 OnTime_147 1 1 225 1
147 OnTime_147 2 1 540 1
147 OnTime_147 2 2 540 1
147 OnTime_147 4 1 380 1
147 OnTime_147 4 2 380 1
147 OnTime_147 16 1 851 1
147 OnTime_147 17 2 682 1
147 OnTime_147 17 1 699 1
147 OnTime_147 25 1 511 1
147 OnTime_147 26 1 560 1
147 OnTime_147 26 2 560 1
147 OnTime_147 27 1 463 1
147 OnTime_147 28 1 682 1
147 OnTime_147 30 2 362 1
147 OnTime_147 30 1 518 1
148 OnTime_148 1 1 345 1
148 OnTime_148 4 2 328 1
148 OnTime_148 4 1 576 1
148 OnTime_148 16 1 492 1
148 OnTime_148 17 1 262 1
148 OnTime_148 17 2 262 1
148 OnTime_148 25 1 297 1
148 OnTime_148 26 2 392 1
148 OnTime_148 26 1 548 1
148 OnTime_148 27 1 477 1
148 OnTime_148 27 2 477 1
148 OnTime_148 28 1 635 1
148 OnTime_148 30 1 181 1
148 OnTime_148 30 2 181 1
149 OnTime_149 1 1 462 1
149 OnTime_149 2 2 358 1
149 OnTime_149 2 1 551 1
149 OnTime_149 4 1 497 1
149 OnTime_149 4 2 497 1
149 OnTime_149 16 1 358 1
149 OnTime_149 17 2 202 1
149 OnTime_149 17 1 653 1
149 OnTime_149 25 1 356 1
149 OnTime_149 26 2 342 1
149 OnTime_149 26 1 399 1
149 OnTime_149 28 1 635 1
149 OnTime_149 30 1 686 1
150 OnTime_150 1 1 667 1
150 OnTime_150 2 1 382 1
150 OnTime_150 2 2 454 1
150 OnTime_150 4 1 390 1
150 OnTime_150 4 2 390 1
150 OnTime_150 16 1 494 1
150 OnTime_150 17 1 711 1
150 OnTime_150 17 2 711 1
150 OnTime_150 25 1 529 1
150 OnTime_150 26 1 613 1
150 OnTime_150 26 2 613 1
150 OnTime_150 28 1 635 1
150 OnTime_150 30 1 254 1
150 OnTime_150 30 2 254 1
