1 OnTime_1 6 1 814 1
1 OnTime_1 8 1 570 1
1 OnTime_1 14 1 486 1
1 OnTime_1 17 1 570 1
1 OnTime_1 19 1 972 1
1 OnTime_1 20 1 817 1
1 OnTime_1 22 1 814 1
1 OnTime_1 23 1 1025 1
1 OnTime_1 25 1 570 1
1 OnTime_1 29 1 486 1
2 OnTime_2 6 1 575 1
2 OnTime_2 8 1 764 1
2 OnTime_2 14 1 1202 1
2 OnTime_2 17 1 878 1
2 OnTime_2 19 1 674 1
2 OnTime_2 20 1 852 1
2 OnTime_2 22 1 873 1
2 OnTime_2 23 1 724 1
2 OnTime_2 29 1 1239 1
3 OnTime_3 6 1 150 1
3 OnTime_3 8 1 836 1
3 OnTime_3 14 1 842 1
3 OnTime_3 17 1 1027 1
3 OnTime_3 19 1 1027 1
3 OnTime_3 20 1 697 1
3 OnTime_3 22 1 643 1
3 OnTime_3 23 1 724 1
3 OnTime_3 25 1 526 1
3 OnTime_3 29 1 851 1
4 OnTime_4 6 1 439 1
4 OnTime_4 8 1 748 1
4 OnTime_4 14 1 380 1
4 OnTime_4 17 1 858 1
4 OnTime_4 19 1 568 1
4 OnTime_4 20 1 651 1
4 OnTime_4 22 1 858 1
4 OnTime_4 23 1 509 1
4 OnTime_4 25 1 609 1
4 OnTime_4 29 1 851 1
5 OnTime_5 6 1 861 1
5 OnTime_5 8 1 758 1
5 OnTime_5 14 1 668 1
5 OnTime_5 17 1 614 1
5 OnTime_5 19 1 686 1
5 OnTime_5 20 1 764 1
5 OnTime_5 22 1 608 1
5 OnTime_5 23 1 853 1
5 OnTime_5 25 1 526 1
5 OnTime_5 29 1 483 1
6 OnTime_6 6 1 592 1
6 OnTime_6 8 1 521 1
6 OnTime_6 14 1 826 1
6 OnTime_6 17 1 803 1
6 OnTime_6 19 1 1071 1
6 OnTime_6 20 1 521 1
6 OnTime_6 22 1 952 1
6 OnTime_6 23 1 952 1
6 OnTime_6 25 1 734 1
6 OnTime_6 29 1 376 1
7 OnTime_7 6 1 328 1
7 OnTime_7 8 1 836 1
7 OnTime_7 14 1 328 1
7 OnTime_7 17 1 1094 1
7 OnTime_7 19 1 520 1
7 OnTime_7 20 1 1094 1
7 OnTime_7 22 1 953 1
7 OnTime_7 23 1 511 1
7 OnTime_7 25 1 990 1
7 OnTime_7 29 1 953 1
8 OnTime_8 6 1 630 1
8 OnTime_8 8 1 1082 1
8 OnTime_8 14 1 788 1
8 OnTime_8 17 1 1082 1
8 OnTime_8 19 1 617 1
8 OnTime_8 22 1 773 1
8 OnTime_8 23 1 965 1
8 OnTime_8 25 1 990 1
8 OnTime_8 29 1 790 1
9 OnTime_9 6 1 1036 1
9 OnTime_9 8 1 833 1
9 OnTime_9 14 1 730 1
9 OnTime_9 17 1 1036 1
9 OnTime_9 19 1 211 1
9 OnTime_9 20 1 707 1
9 OnTime_9 22 1 737 1
9 OnTime_9 23 1 996 1
9 OnTime_9 25 1 494 1
9 OnTime_9 29 1 872 1
10 OnTime_10 6 1 836 1
10 OnTime_10 8 1 526 1
10 OnTime_10 14 1 328 1
10 OnTime_10 17 1 1136 1
10 OnTime_10 19 1 562 1
10 OnTime_10 20 1 828 1
10 OnTime_10 23 1 515 1
10 OnTime_10 25 1 990 1
10 OnTime_10 29 1 836 1
11 OnTime_11 6 1 724 1
11 OnTime_11 8 1 836 1
11 OnTime_11 14 1 1027 1
11 OnTime_11 17 1 808 1
11 OnTime_11 19 1 443 1
11 OnTime_11 20 1 892 1
11 OnTime_11 22 1 816 1
11 OnTime_11 23 1 724 1
11 OnTime_11 25 1 387 1
11 OnTime_11 29 1 1194 1
12 OnTime_12 6 1 1051 1
12 OnTime_12 8 1 522 1
12 OnTime_12 14 1 593 1
12 OnTime_12 17 1 808 1
12 OnTime_12 19 1 591 1
12 OnTime_12 22 1 833 1
12 OnTime_12 23 1 957 1
12 OnTime_12 25 1 617 1
12 OnTime_12 29 1 949 1
13 OnTime_13 6 1 575 1
13 OnTime_13 8 1 1208 1
13 OnTime_13 14 1 685 1
13 OnTime_13 17 1 586 1
13 OnTime_13 19 1 886 1
13 OnTime_13 20 1 828 1
13 OnTime_13 22 1 1001 1
13 OnTime_13 23 1 856 1
13 OnTime_13 25 1 570 1
13 OnTime_13 29 1 1208 1
14 OnTime_14 6 1 592 1
14 OnTime_14 8 1 910 1
14 OnTime_14 14 1 788 1
14 OnTime_14 19 1 780 1
14 OnTime_14 20 1 780 1
14 OnTime_14 22 1 952 1
14 OnTime_14 23 1 1003 1
14 OnTime_14 25 1 574 1
14 OnTime_14 29 1 604 1
15 OnTime_15 6 1 852 1
15 OnTime_15 8 1 422 1
15 OnTime_15 14 1 509 1
15 OnTime_15 17 1 740 1
15 OnTime_15 19 1 568 1
15 OnTime_15 20 1 852 1
15 OnTime_15 22 1 814 1
15 OnTime_15 23 1 509 1
15 OnTime_15 25 1 839 1
15 OnTime_15 29 1 1188 1
16 OnTime_16 6 1 797 1
16 OnTime_16 8 1 1271 1
16 OnTime_16 14 1 842 1
16 OnTime_16 17 1 828 1
16 OnTime_16 19 1 939 1
16 OnTime_16 20 1 828 1
16 OnTime_16 22 1 1197 1
16 OnTime_16 23 1 750 1
16 OnTime_16 25 1 365 1
16 OnTime_16 29 1 1235 1
17 OnTime_17 6 1 837 1
17 OnTime_17 8 1 196 1
17 OnTime_17 14 1 842 1
17 OnTime_17 17 1 785 1
17 OnTime_17 19 1 982 1
17 OnTime_17 20 1 817 1
17 OnTime_17 22 1 237 1
17 OnTime_17 25 1 1006 1
17 OnTime_17 29 1 851 1
18 OnTime_18 6 1 630 1
18 OnTime_18 8 1 646 1
18 OnTime_18 14 1 842 1
18 OnTime_18 17 1 601 1
18 OnTime_18 19 1 630 1
18 OnTime_18 20 1 977 1
18 OnTime_18 22 1 957 1
18 OnTime_18 23 1 684 1
18 OnTime_18 25 1 839 1
19 OnTime_19 6 1 324 1
19 OnTime_19 8 1 493 1
19 OnTime_19 14 1 248 1
19 OnTime_19 17 1 785 1
19 OnTime_19 19 1 324 1
19 OnTime_19 20 1 539 1
19 OnTime_19 22 1 1067 1
19 OnTime_19 23 1 856 1
19 OnTime_19 25 1 715 1
19 OnTime_19 29 1 790 1
20 OnTime_20 6 1 742 1
20 OnTime_20 8 1 712 1
20 OnTime_20 14 1 1030 1
20 OnTime_20 17 1 740 1
20 OnTime_20 19 1 1030 1
20 OnTime_20 20 1 702 1
20 OnTime_20 23 1 750 1
20 OnTime_20 25 1 188 1
20 OnTime_20 29 1 236 1
21 OnTime_21 6 1 631 1
21 OnTime_21 8 1 646 1
21 OnTime_21 14 1 935 1
21 OnTime_21 17 1 878 1
21 OnTime_21 19 1 923 1
21 OnTime_21 20 1 736 1
21 OnTime_21 23 1 649 1
21 OnTime_21 25 1 188 1
21 OnTime_21 29 1 483 1
22 OnTime_22 6 1 809 1
22 OnTime_22 8 1 495 1
22 OnTime_22 14 1 466 1
22 OnTime_22 17 1 1025 1
22 OnTime_22 19 1 617 1
22 OnTime_22 20 1 1006 1
22 OnTime_22 22 1 165 1
22 OnTime_22 23 1 853 1
22 OnTime_22 25 1 990 1
22 OnTime_22 29 1 466 1
23 OnTime_23 6 1 384 1
23 OnTime_23 8 1 680 1
23 OnTime_23 14 1 486 1
23 OnTime_23 17 1 558 1
23 OnTime_23 19 1 674 1
23 OnTime_23 20 1 384 1
23 OnTime_23 22 1 814 1
23 OnTime_23 23 1 853 1
23 OnTime_23 25 1 1076 1
23 OnTime_23 29 1 558 1
24 OnTime_24 6 1 1036 1
24 OnTime_24 8 1 746 1
24 OnTime_24 14 1 894 1
24 OnTime_24 17 1 1036 1
24 OnTime_24 19 1 894 1
24 OnTime_24 20 1 478 1
24 OnTime_24 22 1 737 1
24 OnTime_24 23 1 737 1
24 OnTime_24 25 1 1168 1
24 OnTime_24 29 1 729 1
25 OnTime_25 6 1 1051 1
25 OnTime_25 8 1 532 1
25 OnTime_25 14 1 1122 1
25 OnTime_25 17 1 1131 1
25 OnTime_25 19 1 737 1
25 OnTime_25 20 1 1006 1
25 OnTime_25 22 1 845 1
25 OnTime_25 23 1 700 1
25 OnTime_25 25 1 1006 1
25 OnTime_25 29 1 244 1
26 OnTime_26 6 1 852 1
26 OnTime_26 8 1 646 1
26 OnTime_26 17 1 946 1
26 OnTime_26 19 1 627 1
26 OnTime_26 20 1 852 1
26 OnTime_26 22 1 1070 1
26 OnTime_26 23 1 654 1
26 OnTime_26 25 1 481 1
26 OnTime_26 29 1 647 1
27 OnTime_27 6 1 852 1
27 OnTime_27 8 1 470 1
27 OnTime_27 14 1 842 1
27 OnTime_27 17 1 588 1
27 OnTime_27 19 1 939 1
27 OnTime_27 20 1 1078 1
27 OnTime_27 22 1 722 1
27 OnTime_27 25 1 848 1
27 OnTime_27 29 1 836 1
28 OnTime_28 6 1 824 1
28 OnTime_28 8 1 910 1
28 OnTime_28 14 1 1094 1
28 OnTime_28 17 1 966 1
28 OnTime_28 19 1 591 1
28 OnTime_28 20 1 1094 1
28 OnTime_28 22 1 271 1
28 OnTime_28 23 1 536 1
28 OnTime_28 25 1 932 1
28 OnTime_28 29 1 790 1
29 OnTime_29 6 1 788 1
29 OnTime_29 8 1 261 1
29 OnTime_29 14 1 826 1
29 OnTime_29 17 1 1036 1
29 OnTime_29 19 1 508 1
29 OnTime_29 20 1 539 1
29 OnTime_29 22 1 1185 1
29 OnTime_29 23 1 654 1
29 OnTime_29 25 1 570 1
29 OnTime_29 29 1 872 1
30 OnTime_30 6 1 824 1
30 OnTime_30 8 1 1017 1
30 OnTime_30 14 1 524 1
30 OnTime_30 17 1 803 1
30 OnTime_30 19 1 528 1
30 OnTime_30 20 1 892 1
30 OnTime_30 22 1 873 1
30 OnTime_30 23 1 544 1
30 OnTime_30 25 1 494 1
30 OnTime_30 29 1 851 1
31 OnTime_31 6 1 181 1
31 OnTime_31 8 1 712 1
31 OnTime_31 14 1 1202 1
31 OnTime_31 17 1 858 1
31 OnTime_31 19 1 961 1
31 OnTime_31 20 1 610 1
31 OnTime_31 22 1 610 1
31 OnTime_31 23 1 113 1
31 OnTime_31 25 1 719 1
32 OnTime_32 6 1 119 1
32 OnTime_32 8 1 1065 1
32 OnTime_32 14 1 588 1
32 OnTime_32 17 1 588 1
32 OnTime_32 20 1 256 1
32 OnTime_32 22 1 642 1
32 OnTime_32 23 1 544 1
32 OnTime_32 25 1 541 1
32 OnTime_32 29 1 604 1
33 OnTime_33 6 1 649 1
33 OnTime_33 8 1 891 1
33 OnTime_33 14 1 840 1
33 OnTime_33 17 1 461 1
33 OnTime_33 19 1 618 1
33 OnTime_33 20 1 934 1
33 OnTime_33 22 1 643 1
33 OnTime_33 23 1 750 1
33 OnTime_33 29 1 618 1
34 OnTime_34 6 1 1129 1
34 OnTime_34 8 1 216 1
34 OnTime_34 14 1 786 1
34 OnTime_34 17 1 808 1
34 OnTime_34 19 1 629 1
34 OnTime_34 20 1 947 1
34 OnTime_34 22 1 737 1
34 OnTime_34 23 1 349 1
34 OnTime_34 25 1 848 1
34 OnTime_34 29 1 822 1
35 OnTime_35 6 1 894 1
35 OnTime_35 8 1 758 1
35 OnTime_35 14 1 842 1
35 OnTime_35 17 1 803 1
35 OnTime_35 19 1 568 1
35 OnTime_35 20 1 232 1
35 OnTime_35 22 1 755 1
35 OnTime_35 23 1 871 1
35 OnTime_35 25 1 574 1
35 OnTime_35 29 1 1239 1
36 OnTime_36 6 1 824 1
36 OnTime_36 8 1 753 1
36 OnTime_36 14 1 850 1
36 OnTime_36 17 1 601 1
36 OnTime_36 19 1 1147 1
36 OnTime_36 20 1 1006 1
36 OnTime_36 22 1 1067 1
36 OnTime_36 23 1 965 1
36 OnTime_36 25 1 1006 1
36 OnTime_36 29 1 1241 1
37 OnTime_37 6 1 1036 1
37 OnTime_37 14 1 826 1
37 OnTime_37 17 1 1036 1
37 OnTime_37 19 1 365 1
37 OnTime_37 20 1 797 1
37 OnTime_37 22 1 1001 1
37 OnTime_37 23 1 511 1
37 OnTime_37 25 1 365 1
37 OnTime_37 29 1 1125 1
38 OnTime_38 6 1 824 1
38 OnTime_38 8 1 1023 1
38 OnTime_38 14 1 1201 1
38 OnTime_38 17 1 1023 1
38 OnTime_38 19 1 629 1
38 OnTime_38 20 1 829 1
38 OnTime_38 22 1 814 1
38 OnTime_38 23 1 1023 1
38 OnTime_38 25 1 848 1
38 OnTime_38 29 1 163 1
39 OnTime_39 6 1 914 1
39 OnTime_39 8 1 522 1
39 OnTime_39 14 1 894 1
39 OnTime_39 17 1 489 1
39 OnTime_39 19 1 780 1
39 OnTime_39 20 1 780 1
39 OnTime_39 23 1 1443 1
39 OnTime_39 25 1 989 1
39 OnTime_39 29 1 647 1
40 OnTime_40 6 1 814 1
40 OnTime_40 8 1 891 1
40 OnTime_40 14 1 776 1
40 OnTime_40 17 1 1027 1
40 OnTime_40 19 1 886 1
40 OnTime_40 20 1 478 1
40 OnTime_40 22 1 814 1
40 OnTime_40 23 1 292 1
40 OnTime_40 25 1 734 1
40 OnTime_40 29 1 163 1
41 OnTime_41 6 1 1055 1
41 OnTime_41 14 1 786 1
41 OnTime_41 17 1 1136 1
41 OnTime_41 19 1 295 1
41 OnTime_41 20 1 571 1
41 OnTime_41 22 1 957 1
41 OnTime_41 23 1 750 1
41 OnTime_41 25 1 668 1
42 OnTime_42 6 1 1167 1
42 OnTime_42 8 1 585 1
42 OnTime_42 14 1 842 1
42 OnTime_42 17 1 586 1
42 OnTime_42 19 1 1033 1
42 OnTime_42 20 1 797 1
42 OnTime_42 22 1 976 1
42 OnTime_42 23 1 737 1
42 OnTime_42 25 1 526 1
42 OnTime_42 29 1 836 1
43 OnTime_43 6 1 788 1
43 OnTime_43 8 1 680 1
43 OnTime_43 14 1 788 1
43 OnTime_43 17 1 858 1
43 OnTime_43 19 1 737 1
43 OnTime_43 20 1 1228 1
43 OnTime_43 22 1 737 1
43 OnTime_43 23 1 509 1
43 OnTime_43 25 1 494 1
43 OnTime_43 29 1 680 1
44 OnTime_44 6 1 914 1
44 OnTime_44 8 1 971 1
44 OnTime_44 14 1 939 1
44 OnTime_44 17 1 1014 1
44 OnTime_44 19 1 939 1
44 OnTime_44 20 1 817 1
44 OnTime_44 22 1 721 1
44 OnTime_44 23 1 957 1
44 OnTime_44 25 1 721 1
44 OnTime_44 29 1 1240 1
45 OnTime_45 6 1 1129 1
45 OnTime_45 8 1 466 1
45 OnTime_45 14 1 939 1
45 OnTime_45 17 1 1089 1
45 OnTime_45 19 1 939 1
45 OnTime_45 20 1 764 1
45 OnTime_45 22 1 645 1
45 OnTime_45 23 1 853 1
45 OnTime_45 25 1 338 1
45 OnTime_45 29 1 483 1
46 OnTime_46 6 1 631 1
46 OnTime_46 8 1 532 1
46 OnTime_46 14 1 588 1
46 OnTime_46 17 1 473 1
46 OnTime_46 19 1 686 1
46 OnTime_46 20 1 232 1
46 OnTime_46 22 1 231 1
46 OnTime_46 23 1 964 1
46 OnTime_46 25 1 494 1
46 OnTime_46 29 1 729 1
47 OnTime_47 6 1 1036 1
47 OnTime_47 8 1 374 1
47 OnTime_47 14 1 509 1
47 OnTime_47 17 1 1036 1
47 OnTime_47 19 1 528 1
47 OnTime_47 20 1 948 1
47 OnTime_47 22 1 833 1
47 OnTime_47 23 1 336 1
47 OnTime_47 25 1 990 1
47 OnTime_47 29 1 1241 1
48 OnTime_48 6 1 669 1
48 OnTime_48 8 1 836 1
48 OnTime_48 14 1 1201 1
48 OnTime_48 17 1 878 1
48 OnTime_48 19 1 961 1
48 OnTime_48 20 1 852 1
48 OnTime_48 22 1 645 1
48 OnTime_48 23 1 355 1
48 OnTime_48 29 1 836 1
49 OnTime_49 6 1 836 1
49 OnTime_49 8 1 1333 1
49 OnTime_49 14 1 509 1
49 OnTime_49 17 1 1082 1
49 OnTime_49 19 1 897 1
49 OnTime_49 20 1 651 1
49 OnTime_49 22 1 1007 1
49 OnTime_49 23 1 509 1
49 OnTime_49 25 1 913 1
49 OnTime_49 29 1 836 1
50 OnTime_50 6 1 824 1
50 OnTime_50 8 1 680 1
50 OnTime_50 14 1 999 1
50 OnTime_50 17 1 558 1
50 OnTime_50 19 1 733 1
50 OnTime_50 20 1 1006 1
50 OnTime_50 22 1 576 1
50 OnTime_50 23 1 871 1
50 OnTime_50 25 1 1006 1
50 OnTime_50 29 1 558 1
51 OnTime_51 6 1 621 1
51 OnTime_51 8 1 833 1
51 OnTime_51 14 1 1030 1
51 OnTime_51 17 1 570 1
51 OnTime_51 19 1 617 1
51 OnTime_51 20 1 817 1
51 OnTime_51 22 1 1001 1
51 OnTime_51 23 1 871 1
51 OnTime_51 25 1 697 1
51 OnTime_51 29 1 953 1
52 OnTime_52 6 1 253 1
52 OnTime_52 8 1 495 1
52 OnTime_52 14 1 1027 1
52 OnTime_52 17 1 803 1
52 OnTime_52 19 1 413 1
52 OnTime_52 20 1 253 1
52 OnTime_52 22 1 1010 1
52 OnTime_52 23 1 1133 1
52 OnTime_52 25 1 715 1
53 OnTime_53 6 1 1147 1
53 OnTime_53 8 1 910 1
53 OnTime_53 14 1 788 1
53 OnTime_53 17 1 803 1
53 OnTime_53 19 1 1147 1
53 OnTime_53 20 1 351 1
53 OnTime_53 22 1 722 1
53 OnTime_53 23 1 724 1
53 OnTime_53 25 1 541 1
53 OnTime_53 29 1 932 1
54 OnTime_54 6 1 592 1
54 OnTime_54 8 1 661 1
54 OnTime_54 14 1 432 1
54 OnTime_54 17 1 878 1
54 OnTime_54 20 1 817 1
54 OnTime_54 22 1 1001 1
54 OnTime_54 23 1 654 1
54 OnTime_54 25 1 719 1
54 OnTime_54 29 1 1235 1
55 OnTime_55 6 1 181 1
55 OnTime_55 8 1 585 1
55 OnTime_55 14 1 162 1
55 OnTime_55 17 1 520 1
55 OnTime_55 19 1 520 1
55 OnTime_55 20 1 571 1
55 OnTime_55 22 1 339 1
55 OnTime_55 23 1 654 1
55 OnTime_55 25 1 181 1
55 OnTime_55 29 1 1208 1
56 OnTime_56 6 1 774 1
56 OnTime_56 8 1 758 1
56 OnTime_56 14 1 1328 1
56 OnTime_56 17 1 531 1
56 OnTime_56 19 1 528 1
56 OnTime_56 20 1 828 1
56 OnTime_56 22 1 620 1
56 OnTime_56 23 1 544 1
56 OnTime_56 25 1 932 1
56 OnTime_56 29 1 662 1
57 OnTime_57 6 1 1036 1
57 OnTime_57 8 1 836 1
57 OnTime_57 14 1 850 1
57 OnTime_57 17 1 740 1
57 OnTime_57 19 1 737 1
57 OnTime_57 20 1 702 1
57 OnTime_57 22 1 1206 1
57 OnTime_57 23 1 645 1
57 OnTime_57 25 1 556 1
57 OnTime_57 29 1 836 1
58 OnTime_58 6 1 1169 1
58 OnTime_58 8 1 833 1
58 OnTime_58 14 1 588 1
58 OnTime_58 17 1 588 1
58 OnTime_58 19 1 686 1
58 OnTime_58 22 1 737 1
58 OnTime_58 23 1 750 1
58 OnTime_58 25 1 574 1
58 OnTime_58 29 1 790 1
59 OnTime_59 6 1 991 1
59 OnTime_59 8 1 495 1
59 OnTime_59 14 1 463 1
59 OnTime_59 17 1 1025 1
59 OnTime_59 19 1 780 1
59 OnTime_59 20 1 780 1
59 OnTime_59 22 1 873 1
59 OnTime_59 23 1 515 1
59 OnTime_59 25 1 1083 1
59 OnTime_59 29 1 1318 1
60 OnTime_60 6 1 837 1
60 OnTime_60 8 1 836 1
60 OnTime_60 14 1 567 1
60 OnTime_60 17 1 557 1
60 OnTime_60 19 1 646 1
60 OnTime_60 20 1 253 1
60 OnTime_60 22 1 722 1
60 OnTime_60 23 1 957 1
60 OnTime_60 25 1 721 1
60 OnTime_60 29 1 246 1
61 OnTime_61 6 1 1147 1
61 OnTime_61 8 1 646 1
61 OnTime_61 14 1 786 1
61 OnTime_61 17 1 531 1
61 OnTime_61 19 1 1147 1
61 OnTime_61 20 1 947 1
61 OnTime_61 22 1 224 1
61 OnTime_61 23 1 1087 1
61 OnTime_61 25 1 848 1
61 OnTime_61 29 1 236 1
62 OnTime_62 6 1 921 1
62 OnTime_62 8 1 497 1
62 OnTime_62 14 1 609 1
62 OnTime_62 17 1 601 1
62 OnTime_62 19 1 528 1
62 OnTime_62 20 1 764 1
62 OnTime_62 22 1 737 1
62 OnTime_62 23 1 737 1
62 OnTime_62 25 1 167 1
62 OnTime_62 29 1 741 1
63 OnTime_63 6 1 245 1
63 OnTime_63 14 1 840 1
63 OnTime_63 17 1 461 1
63 OnTime_63 19 1 559 1
63 OnTime_63 20 1 571 1
63 OnTime_63 22 1 721 1
63 OnTime_63 23 1 731 1
63 OnTime_63 25 1 848 1
63 OnTime_63 29 1 932 1
64 OnTime_64 6 1 788 1
64 OnTime_64 8 1 283 1
64 OnTime_64 14 1 975 1
64 OnTime_64 17 1 1025 1
64 OnTime_64 19 1 528 1
64 OnTime_64 20 1 1075 1
64 OnTime_64 22 1 340 1
64 OnTime_64 23 1 1003 1
64 OnTime_64 25 1 1064 1
64 OnTime_64 29 1 875 1
65 OnTime_65 6 1 575 1
65 OnTime_65 8 1 836 1
65 OnTime_65 14 1 609 1
65 OnTime_65 17 1 1082 1
65 OnTime_65 19 1 844 1
65 OnTime_65 20 1 658 1
65 OnTime_65 22 1 976 1
65 OnTime_65 23 1 943 1
65 OnTime_65 25 1 609 1
65 OnTime_65 29 1 836 1
66 OnTime_66 6 1 445 1
66 OnTime_66 8 1 772 1
66 OnTime_66 14 1 786 1
66 OnTime_66 17 1 265 1
66 OnTime_66 19 1 844 1
66 OnTime_66 20 1 828 1
66 OnTime_66 22 1 858 1
66 OnTime_66 23 1 853 1
66 OnTime_66 25 1 848 1
66 OnTime_66 29 1 669 1
67 OnTime_67 6 1 921 1
67 OnTime_67 8 1 229 1
67 OnTime_67 14 1 826 1
67 OnTime_67 17 1 586 1
67 OnTime_67 20 1 610 1
67 OnTime_67 22 1 407 1
67 OnTime_67 23 1 649 1
67 OnTime_67 25 1 1166 1
68 OnTime_68 6 1 258 1
68 OnTime_68 8 1 910 1
68 OnTime_68 14 1 609 1
68 OnTime_68 17 1 1027 1
68 OnTime_68 19 1 258 1
68 OnTime_68 20 1 948 1
68 OnTime_68 22 1 890 1
68 OnTime_68 23 1 965 1
68 OnTime_68 25 1 609 1
68 OnTime_68 29 1 953 1
69 OnTime_69 6 1 774 1
69 OnTime_69 8 1 746 1
69 OnTime_69 14 1 999 1
69 OnTime_69 17 1 1026 1
69 OnTime_69 19 1 844 1
69 OnTime_69 20 1 764 1
69 OnTime_69 22 1 950 1
69 OnTime_69 23 1 684 1
69 OnTime_69 25 1 541 1
69 OnTime_69 29 1 558 1
70 OnTime_70 6 1 630 1
70 OnTime_70 8 1 522 1
70 OnTime_70 14 1 720 1
70 OnTime_70 17 1 1019 1
70 OnTime_70 19 1 508 1
70 OnTime_70 20 1 947 1
70 OnTime_70 22 1 818 1
70 OnTime_70 23 1 515 1
70 OnTime_70 25 1 285 1
71 OnTime_71 6 1 1256 1
71 OnTime_71 8 1 772 1
71 OnTime_71 14 1 328 1
71 OnTime_71 17 1 803 1
71 OnTime_71 19 1 562 1
71 OnTime_71 20 1 797 1
71 OnTime_71 22 1 816 1
71 OnTime_71 23 1 265 1
71 OnTime_71 25 1 913 1
71 OnTime_71 29 1 680 1
72 OnTime_72 6 1 788 1
72 OnTime_72 8 1 495 1
72 OnTime_72 14 1 788 1
72 OnTime_72 17 1 966 1
72 OnTime_72 19 1 972 1
72 OnTime_72 20 1 351 1
72 OnTime_72 22 1 814 1
72 OnTime_72 23 1 649 1
72 OnTime_72 25 1 990 1
72 OnTime_72 29 1 729 1
73 OnTime_73 6 1 592 1
73 OnTime_73 8 1 983 1
73 OnTime_73 14 1 842 1
73 OnTime_73 17 1 1025 1
73 OnTime_73 19 1 1033 1
73 OnTime_73 20 1 977 1
73 OnTime_73 22 1 231 1
73 OnTime_73 23 1 669 1
73 OnTime_73 25 1 1205 1
73 OnTime_73 29 1 669 1
74 OnTime_74 6 1 824 1
74 OnTime_74 8 1 570 1
74 OnTime_74 14 1 939 1
74 OnTime_74 17 1 570 1
74 OnTime_74 19 1 939 1
74 OnTime_74 20 1 780 1
74 OnTime_74 22 1 816 1
74 OnTime_74 25 1 529 1
74 OnTime_74 29 1 602 1
75 OnTime_75 6 1 631 1
75 OnTime_75 8 1 261 1
75 OnTime_75 14 1 1083 1
75 OnTime_75 17 1 858 1
75 OnTime_75 19 1 528 1
75 OnTime_75 20 1 651 1
75 OnTime_75 22 1 873 1
75 OnTime_75 23 1 1025 1
75 OnTime_75 25 1 759 1
75 OnTime_75 29 1 483 1
76 OnTime_76 6 1 254 1
76 OnTime_76 8 1 983 1
76 OnTime_76 14 1 1030 1
76 OnTime_76 17 1 886 1
76 OnTime_76 19 1 258 1
76 OnTime_76 20 1 1125 1
76 OnTime_76 22 1 271 1
76 OnTime_76 23 1 856 1
76 OnTime_76 29 1 669 1
77 OnTime_77 6 1 836 1
77 OnTime_77 8 1 387 1
77 OnTime_77 14 1 668 1
77 OnTime_77 17 1 740 1
77 OnTime_77 19 1 508 1
77 OnTime_77 20 1 797 1
77 OnTime_77 22 1 814 1
77 OnTime_77 23 1 230 1
77 OnTime_77 25 1 848 1
77 OnTime_77 29 1 836 1
78 OnTime_78 8 1 610 1
78 OnTime_78 14 1 1027 1
78 OnTime_78 17 1 1027 1
78 OnTime_78 19 1 780 1
78 OnTime_78 20 1 610 1
78 OnTime_78 22 1 610 1
78 OnTime_78 23 1 853 1
78 OnTime_78 25 1 668 1
78 OnTime_78 29 1 246 1
79 OnTime_79 6 1 894 1
79 OnTime_79 8 1 661 1
79 OnTime_79 14 1 894 1
79 OnTime_79 17 1 1124 1
79 OnTime_79 19 1 737 1
79 OnTime_79 20 1 651 1
79 OnTime_79 22 1 816 1
79 OnTime_79 23 1 684 1
79 OnTime_79 25 1 913 1
79 OnTime_79 29 1 662 1
80 OnTime_80 6 1 575 1
80 OnTime_80 8 1 610 1
80 OnTime_80 14 1 788 1
80 OnTime_80 17 1 473 1
80 OnTime_80 19 1 1068 1
80 OnTime_80 20 1 610 1
80 OnTime_80 22 1 721 1
80 OnTime_80 23 1 700 1
80 OnTime_80 25 1 721 1
80 OnTime_80 29 1 932 1
81 OnTime_81 6 1 824 1
81 OnTime_81 8 1 646 1
81 OnTime_81 14 1 850 1
81 OnTime_81 17 1 1025 1
81 OnTime_81 19 1 508 1
81 OnTime_81 20 1 658 1
81 OnTime_81 22 1 1197 1
81 OnTime_81 23 1 943 1
81 OnTime_81 25 1 1006 1
81 OnTime_81 29 1 669 1
82 OnTime_82 6 1 612 1
82 OnTime_82 8 1 836 1
82 OnTime_82 14 1 343 1
82 OnTime_82 17 1 803 1
82 OnTime_82 19 1 733 1
82 OnTime_82 20 1 1075 1
82 OnTime_82 23 1 1066 1
82 OnTime_82 25 1 1006 1
82 OnTime_82 29 1 483 1
83 OnTime_83 6 1 253 1
83 OnTime_83 8 1 983 1
83 OnTime_83 17 1 282 1
83 OnTime_83 19 1 1033 1
83 OnTime_83 20 1 253 1
83 OnTime_83 22 1 957 1
83 OnTime_83 23 1 684 1
83 OnTime_83 25 1 839 1
83 OnTime_83 29 1 1208 1
84 OnTime_84 6 1 649 1
84 OnTime_84 8 1 532 1
84 OnTime_84 14 1 1030 1
84 OnTime_84 17 1 557 1
84 OnTime_84 19 1 528 1
84 OnTime_84 20 1 253 1
84 OnTime_84 22 1 1196 1
84 OnTime_84 23 1 996 1
84 OnTime_84 25 1 848 1
84 OnTime_84 29 1 851 1
85 OnTime_85 6 1 824 1
85 OnTime_85 8 1 753 1
85 OnTime_85 14 1 593 1
85 OnTime_85 17 1 1019 1
85 OnTime_85 19 1 521 1
85 OnTime_85 20 1 892 1
85 OnTime_85 22 1 1248 1
85 OnTime_85 23 1 719 1
85 OnTime_85 25 1 990 1
86 OnTime_86 8 1 833 1
86 OnTime_86 14 1 538 1
86 OnTime_86 17 1 878 1
86 OnTime_86 19 1 562 1
86 OnTime_86 20 1 697 1
86 OnTime_86 22 1 833 1
86 OnTime_86 23 1 684 1
86 OnTime_86 25 1 574 1
86 OnTime_86 29 1 352 1
87 OnTime_87 6 1 445 1
87 OnTime_87 8 1 748 1
87 OnTime_87 14 1 828 1
87 OnTime_87 17 1 570 1
87 OnTime_87 19 1 886 1
87 OnTime_87 20 1 817 1
87 OnTime_87 22 1 873 1
87 OnTime_87 23 1 700 1
87 OnTime_87 25 1 570 1
87 OnTime_87 29 1 246 1
88 OnTime_88 6 1 938 1
88 OnTime_88 8 1 1225 1
88 OnTime_88 14 1 786 1
88 OnTime_88 17 1 570 1
88 OnTime_88 19 1 1027 1
88 OnTime_88 20 1 828 1
88 OnTime_88 22 1 1196 1
88 OnTime_88 23 1 515 1
88 OnTime_88 25 1 574 1
88 OnTime_88 29 1 1174 1
89 OnTime_89 6 1 444 1
89 OnTime_89 8 1 983 1
89 OnTime_89 14 1 828 1
89 OnTime_89 17 1 1023 1
89 OnTime_89 19 1 630 1
89 OnTime_89 20 1 1035 1
89 OnTime_89 22 1 1001 1
89 OnTime_89 23 1 965 1
89 OnTime_89 25 1 932 1
89 OnTime_89 29 1 483 1
90 OnTime_90 6 1 239 1
90 OnTime_90 8 1 758 1
90 OnTime_90 14 1 720 1
90 OnTime_90 17 1 828 1
90 OnTime_90 19 1 562 1
90 OnTime_90 20 1 253 1
90 OnTime_90 23 1 827 1
90 OnTime_90 25 1 941 1
90 OnTime_90 29 1 740 1
91 OnTime_91 6 1 1055 1
91 OnTime_91 8 1 748 1
91 OnTime_91 14 1 786 1
91 OnTime_91 17 1 740 1
91 OnTime_91 19 1 732 1
91 OnTime_91 20 1 817 1
91 OnTime_91 22 1 340 1
91 OnTime_91 23 1 340 1
91 OnTime_91 25 1 240 1
91 OnTime_91 29 1 932 1
92 OnTime_92 6 1 630 1
92 OnTime_92 8 1 261 1
92 OnTime_92 14 1 999 1
92 OnTime_92 17 1 1019 1
92 OnTime_92 19 1 1014 1
92 OnTime_92 22 1 816 1
92 OnTime_92 23 1 511 1
92 OnTime_92 25 1 511 1
92 OnTime_92 29 1 999 1
93 OnTime_93 6 1 861 1
93 OnTime_93 8 1 836 1
93 OnTime_93 14 1 850 1
93 OnTime_93 17 1 828 1
93 OnTime_93 20 1 817 1
93 OnTime_93 22 1 773 1
93 OnTime_93 23 1 183 1
93 OnTime_93 25 1 604 1
93 OnTime_93 29 1 836 1
94 OnTime_94 6 1 1169 1
94 OnTime_94 8 1 1443 1
94 OnTime_94 14 1 935 1
94 OnTime_94 17 1 479 1
94 OnTime_94 20 1 707 1
94 OnTime_94 22 1 814 1
94 OnTime_94 23 1 1443 1
94 OnTime_94 25 1 990 1
94 OnTime_94 29 1 851 1
95 OnTime_95 6 1 1223 1
95 OnTime_95 8 1 231 1
95 OnTime_95 17 1 473 1
95 OnTime_95 19 1 1032 1
95 OnTime_95 20 1 571 1
95 OnTime_95 22 1 957 1
95 OnTime_95 23 1 649 1
95 OnTime_95 25 1 1246 1
95 OnTime_95 29 1 1188 1
96 OnTime_96 6 1 119 1
96 OnTime_96 8 1 173 1
96 OnTime_96 14 1 999 1
96 OnTime_96 17 1 966 1
96 OnTime_96 19 1 1030 1
96 OnTime_96 20 1 817 1
96 OnTime_96 22 1 950 1
96 OnTime_96 23 1 336 1
96 OnTime_96 25 1 1006 1
96 OnTime_96 29 1 999 1
97 OnTime_97 6 1 575 1
97 OnTime_97 8 1 1333 1
97 OnTime_97 14 1 685 1
97 OnTime_97 17 1 1023 1
97 OnTime_97 19 1 211 1
97 OnTime_97 20 1 969 1
97 OnTime_97 22 1 1333 1
97 OnTime_97 23 1 1023 1
97 OnTime_97 25 1 526 1
97 OnTime_97 29 1 604 1
98 OnTime_98 6 1 824 1
98 OnTime_98 8 1 521 1
98 OnTime_98 14 1 328 1
98 OnTime_98 17 1 803 1
98 OnTime_98 19 1 521 1
98 OnTime_98 20 1 351 1
98 OnTime_98 22 1 721 1
98 OnTime_98 23 1 750 1
98 OnTime_98 25 1 721 1
98 OnTime_98 29 1 1208 1
99 OnTime_99 6 1 384 1
99 OnTime_99 8 1 570 1
99 OnTime_99 14 1 826 1
99 OnTime_99 17 1 803 1
99 OnTime_99 19 1 1014 1
99 OnTime_99 20 1 652 1
99 OnTime_99 22 1 474 1
99 OnTime_99 23 1 183 1
99 OnTime_99 25 1 734 1
99 OnTime_99 29 1 822 1
100 OnTime_100 6 1 742 1
100 OnTime_100 8 1 836 1
100 OnTime_100 14 1 1094 1
100 OnTime_100 17 1 203 1
100 OnTime_100 19 1 1030 1
100 OnTime_100 20 1 977 1
100 OnTime_100 22 1 645 1
100 OnTime_100 23 1 965 1
100 OnTime_100 25 1 604 1
100 OnTime_100 29 1 836 1
101 OnTime_101 6 1 836 1
101 OnTime_101 8 1 836 1
101 OnTime_101 14 1 609 1
101 OnTime_101 17 1 337 1
101 OnTime_101 19 1 568 1
101 OnTime_101 20 1 947 1
101 OnTime_101 22 1 976 1
101 OnTime_101 23 1 827 1
101 OnTime_101 25 1 604 1
101 OnTime_101 29 1 1241 1
102 OnTime_102 6 1 914 1
102 OnTime_102 8 1 497 1
102 OnTime_102 14 1 850 1
102 OnTime_102 17 1 828 1
102 OnTime_102 19 1 780 1
102 OnTime_102 20 1 658 1
102 OnTime_102 22 1 816 1
102 OnTime_102 23 1 996 1
102 OnTime_102 25 1 511 1
102 OnTime_102 29 1 244 1
103 OnTime_103 8 1 833 1
103 OnTime_103 14 1 714 1
103 OnTime_103 17 1 570 1
103 OnTime_103 19 1 923 1
103 OnTime_103 20 1 707 1
103 OnTime_103 22 1 833 1
103 OnTime_103 23 1 511 1
103 OnTime_103 25 1 511 1
103 OnTime_103 29 1 1174 1
104 OnTime_104 6 1 592 1
104 OnTime_104 8 1 983 1
104 OnTime_104 14 1 840 1
104 OnTime_104 17 1 858 1
104 OnTime_104 19 1 1033 1
104 OnTime_104 20 1 702 1
104 OnTime_104 22 1 620 1
104 OnTime_104 23 1 511 1
104 OnTime_104 25 1 848 1
104 OnTime_104 29 1 662 1
105 OnTime_105 6 1 630 1
105 OnTime_105 8 1 570 1
105 OnTime_105 14 1 524 1
105 OnTime_105 17 1 570 1
105 OnTime_105 19 1 559 1
105 OnTime_105 20 1 977 1
105 OnTime_105 22 1 1244 1
105 OnTime_105 23 1 544 1
105 OnTime_105 25 1 848 1
105 OnTime_105 29 1 875 1
106 OnTime_106 6 1 581 1
106 OnTime_106 8 1 229 1
106 OnTime_106 14 1 842 1
106 OnTime_106 17 1 399 1
106 OnTime_106 19 1 732 1
106 OnTime_106 20 1 1078 1
106 OnTime_106 22 1 962 1
106 OnTime_106 23 1 996 1
106 OnTime_106 25 1 989 1
106 OnTime_106 29 1 483 1
107 OnTime_107 6 1 630 1
107 OnTime_107 8 1 1333 1
107 OnTime_107 14 1 720 1
107 OnTime_107 19 1 630 1
107 OnTime_107 20 1 702 1
107 OnTime_107 22 1 833 1
107 OnTime_107 23 1 856 1
107 OnTime_107 25 1 697 1
107 OnTime_107 29 1 912 1
108 OnTime_108 6 1 575 1
108 OnTime_108 8 1 836 1
108 OnTime_108 17 1 489 1
108 OnTime_108 19 1 630 1
108 OnTime_108 20 1 852 1
108 OnTime_108 22 1 737 1
108 OnTime_108 23 1 737 1
108 OnTime_108 29 1 701 1
109 OnTime_109 6 1 837 1
109 OnTime_109 14 1 776 1
109 OnTime_109 17 1 489 1
109 OnTime_109 19 1 844 1
109 OnTime_109 20 1 852 1
109 OnTime_109 22 1 858 1
109 OnTime_109 23 1 515 1
109 OnTime_109 25 1 848 1
109 OnTime_109 29 1 729 1
110 OnTime_110 6 1 1166 1
110 OnTime_110 14 1 786 1
110 OnTime_110 17 1 531 1
110 OnTime_110 19 1 314 1
110 OnTime_110 20 1 817 1
110 OnTime_110 22 1 953 1
110 OnTime_110 23 1 700 1
110 OnTime_110 25 1 1073 1
110 OnTime_110 29 1 953 1
111 OnTime_111 6 1 558 1
111 OnTime_111 8 1 983 1
111 OnTime_111 14 1 657 1
111 OnTime_111 17 1 558 1
111 OnTime_111 19 1 559 1
111 OnTime_111 20 1 702 1
111 OnTime_111 22 1 1197 1
111 OnTime_111 23 1 671 1
111 OnTime_111 25 1 604 1
111 OnTime_111 29 1 618 1
112 OnTime_112 6 1 239 1
112 OnTime_112 8 1 495 1
112 OnTime_112 14 1 850 1
112 OnTime_112 17 1 1019 1
112 OnTime_112 19 1 939 1
112 OnTime_112 20 1 828 1
112 OnTime_112 22 1 773 1
112 OnTime_112 23 1 1205 1
112 OnTime_112 25 1 574 1
112 OnTime_112 29 1 932 1
113 OnTime_113 6 1 581 1
113 OnTime_113 8 1 923 1
113 OnTime_113 14 1 1030 1
113 OnTime_113 19 1 686 1
113 OnTime_113 20 1 977 1
113 OnTime_113 22 1 816 1
113 OnTime_113 23 1 455 1
113 OnTime_113 29 1 236 1
114 OnTime_114 6 1 150 1
114 OnTime_114 17 1 1014 1
114 OnTime_114 19 1 293 1
114 OnTime_114 20 1 780 1
114 OnTime_114 22 1 721 1
114 OnTime_114 23 1 544 1
114 OnTime_114 25 1 721 1
114 OnTime_114 29 1 618 1
115 OnTime_115 6 1 245 1
115 OnTime_115 8 1 437 1
115 OnTime_115 14 1 685 1
115 OnTime_115 17 1 785 1
115 OnTime_115 19 1 1254 1
115 OnTime_115 20 1 1331 1
115 OnTime_115 22 1 773 1
115 OnTime_115 23 1 511 1
115 OnTime_115 25 1 511 1
115 OnTime_115 29 1 1235 1
116 OnTime_116 6 1 824 1
116 OnTime_116 8 1 833 1
116 OnTime_116 14 1 162 1
116 OnTime_116 19 1 568 1
116 OnTime_116 20 1 852 1
116 OnTime_116 22 1 833 1
116 OnTime_116 23 1 750 1
116 OnTime_116 25 1 848 1
116 OnTime_116 29 1 836 1
117 OnTime_117 6 1 837 1
117 OnTime_117 8 1 836 1
117 OnTime_117 14 1 826 1
117 OnTime_117 17 1 1036 1
117 OnTime_117 19 1 617 1
117 OnTime_117 20 1 947 1
117 OnTime_117 22 1 737 1
117 OnTime_117 23 1 737 1
117 OnTime_117 25 1 1196 1
117 OnTime_117 29 1 618 1
118 OnTime_118 6 1 914 1
118 OnTime_118 8 1 836 1
118 OnTime_118 14 1 668 1
118 OnTime_118 17 1 531 1
118 OnTime_118 19 1 886 1
118 OnTime_118 20 1 892 1
118 OnTime_118 22 1 1206 1
118 OnTime_118 23 1 996 1
118 OnTime_118 25 1 541 1
118 OnTime_118 29 1 836 1
119 OnTime_119 6 1 621 1
119 OnTime_119 14 1 939 1
119 OnTime_119 17 1 828 1
119 OnTime_119 19 1 897 1
119 OnTime_119 20 1 256 1
119 OnTime_119 22 1 620 1
119 OnTime_119 23 1 871 1
119 OnTime_119 25 1 240 1
119 OnTime_119 29 1 486 1
120 OnTime_120 6 1 630 1
120 OnTime_120 8 1 1023 1
120 OnTime_120 14 1 620 1
120 OnTime_120 17 1 1023 1
120 OnTime_120 19 1 559 1
120 OnTime_120 20 1 571 1
120 OnTime_120 22 1 474 1
120 OnTime_120 23 1 1023 1
120 OnTime_120 25 1 256 1
120 OnTime_120 29 1 644 1
121 OnTime_121 6 1 575 1
121 OnTime_121 8 1 216 1
121 OnTime_121 14 1 999 1
121 OnTime_121 17 1 1089 1
121 OnTime_121 19 1 413 1
121 OnTime_121 20 1 948 1
121 OnTime_121 22 1 643 1
121 OnTime_121 23 1 372 1
121 OnTime_121 25 1 1205 1
121 OnTime_121 29 1 729 1
122 OnTime_122 6 1 1050 1
122 OnTime_122 8 1 1416 1
122 OnTime_122 14 1 714 1
122 OnTime_122 17 1 479 1
122 OnTime_122 19 1 607 1
122 OnTime_122 20 1 702 1
122 OnTime_122 22 1 643 1
122 OnTime_122 23 1 1416 1
122 OnTime_122 25 1 511 1
122 OnTime_122 29 1 932 1
123 OnTime_123 6 1 1129 1
123 OnTime_123 8 1 764 1
123 OnTime_123 14 1 248 1
123 OnTime_123 17 1 808 1
123 OnTime_123 19 1 508 1
123 OnTime_123 20 1 764 1
123 OnTime_123 22 1 818 1
123 OnTime_123 23 1 1018 1
123 OnTime_123 25 1 697 1
123 OnTime_123 29 1 949 1
124 OnTime_124 6 1 1263 1
124 OnTime_124 8 1 610 1
124 OnTime_124 14 1 685 1
124 OnTime_124 17 1 543 1
124 OnTime_124 19 1 790 1
124 OnTime_124 20 1 610 1
124 OnTime_124 22 1 407 1
124 OnTime_124 23 1 671 1
124 OnTime_124 25 1 494 1
124 OnTime_124 29 1 483 1
125 OnTime_125 6 1 258 1
125 OnTime_125 8 1 1333 1
125 OnTime_125 14 1 1202 1
125 OnTime_125 17 1 337 1
125 OnTime_125 19 1 961 1
125 OnTime_125 20 1 337 1
125 OnTime_125 22 1 858 1
125 OnTime_125 23 1 750 1
125 OnTime_125 25 1 541 1
125 OnTime_125 29 1 466 1
126 OnTime_126 6 1 575 1
126 OnTime_126 8 1 1017 1
126 OnTime_126 14 1 720 1
126 OnTime_126 17 1 1089 1
126 OnTime_126 19 1 780 1
126 OnTime_126 20 1 780 1
126 OnTime_126 22 1 814 1
126 OnTime_126 23 1 700 1
126 OnTime_126 25 1 617 1
126 OnTime_126 29 1 851 1
127 OnTime_127 6 1 836 1
127 OnTime_127 8 1 836 1
127 OnTime_127 14 1 1052 1
127 OnTime_127 17 1 803 1
127 OnTime_127 19 1 520 1
127 OnTime_127 22 1 643 1
127 OnTime_127 23 1 355 1
127 OnTime_127 25 1 848 1
127 OnTime_127 29 1 662 1
128 OnTime_128 6 1 324 1
128 OnTime_128 8 1 1145 1
128 OnTime_128 14 1 1202 1
128 OnTime_128 17 1 966 1
128 OnTime_128 19 1 324 1
128 OnTime_128 20 1 852 1
128 OnTime_128 22 1 620 1
128 OnTime_128 23 1 536 1
128 OnTime_128 25 1 734 1
128 OnTime_128 29 1 669 1
129 OnTime_129 6 1 797 1
129 OnTime_129 8 1 833 1
129 OnTime_129 14 1 935 1
129 OnTime_129 19 1 899 1
129 OnTime_129 20 1 797 1
129 OnTime_129 22 1 833 1
129 OnTime_129 23 1 455 1
129 OnTime_129 25 1 848 1
129 OnTime_129 29 1 422 1
130 OnTime_130 6 1 809 1
130 OnTime_130 8 1 753 1
130 OnTime_130 14 1 1027 1
130 OnTime_130 17 1 1089 1
130 OnTime_130 19 1 732 1
130 OnTime_130 20 1 658 1
130 OnTime_130 22 1 1067 1
130 OnTime_130 23 1 1133 1
130 OnTime_130 25 1 697 1
130 OnTime_130 29 1 912 1
131 OnTime_131 6 1 575 1
131 OnTime_131 8 1 712 1
131 OnTime_131 14 1 620 1
131 OnTime_131 17 1 601 1
131 OnTime_131 19 1 779 1
131 OnTime_131 20 1 1006 1
131 OnTime_131 22 1 873 1
131 OnTime_131 25 1 1006 1
131 OnTime_131 29 1 604 1
132 OnTime_132 6 1 788 1
132 OnTime_132 8 1 497 1
132 OnTime_132 14 1 842 1
132 OnTime_132 17 1 489 1
132 OnTime_132 19 1 520 1
132 OnTime_132 20 1 817 1
132 OnTime_132 22 1 1067 1
132 OnTime_132 23 1 719 1
132 OnTime_132 25 1 719 1
132 OnTime_132 29 1 1193 1
133 OnTime_133 6 1 824 1
133 OnTime_133 8 1 1225 1
133 OnTime_133 14 1 786 1
133 OnTime_133 17 1 479 1
133 OnTime_133 19 1 961 1
133 OnTime_133 20 1 817 1
133 OnTime_133 22 1 755 1
133 OnTime_133 23 1 355 1
133 OnTime_133 25 1 574 1
133 OnTime_133 29 1 1208 1
134 OnTime_134 6 1 575 1
134 OnTime_134 8 1 261 1
134 OnTime_134 14 1 296 1
134 OnTime_134 17 1 557 1
134 OnTime_134 19 1 733 1
134 OnTime_134 20 1 652 1
134 OnTime_134 22 1 721 1
134 OnTime_134 23 1 957 1
134 OnTime_134 25 1 721 1
134 OnTime_134 29 1 1208 1
135 OnTime_135 6 1 861 1
135 OnTime_135 8 1 521 1
135 OnTime_135 14 1 840 1
135 OnTime_135 17 1 586 1
135 OnTime_135 19 1 674 1
135 OnTime_135 20 1 969 1
135 OnTime_135 22 1 645 1
135 OnTime_135 23 1 645 1
135 OnTime_135 25 1 521 1
135 OnTime_135 29 1 950 1
136 OnTime_136 6 1 581 1
136 OnTime_136 8 1 891 1
136 OnTime_136 14 1 826 1
136 OnTime_136 17 1 946 1
136 OnTime_136 19 1 674 1
136 OnTime_136 20 1 1075 1
136 OnTime_136 22 1 1445 1
136 OnTime_136 23 1 1445 1
136 OnTime_136 25 1 494 1
137 OnTime_137 6 1 1223 1
137 OnTime_137 8 1 746 1
137 OnTime_137 14 1 509 1
137 OnTime_137 17 1 1036 1
137 OnTime_137 19 1 1428 1
137 OnTime_137 20 1 817 1
137 OnTime_137 22 1 930 1
137 OnTime_137 23 1 509 1
137 OnTime_137 25 1 529 1
137 OnTime_137 29 1 483 1
138 OnTime_138 6 1 1256 1
138 OnTime_138 8 1 261 1
138 OnTime_138 14 1 826 1
138 OnTime_138 17 1 489 1
138 OnTime_138 19 1 844 1
138 OnTime_138 20 1 651 1
138 OnTime_138 22 1 340 1
138 OnTime_138 23 1 1003 1
138 OnTime_138 25 1 719 1
138 OnTime_138 29 1 662 1
139 OnTime_139 6 1 222 1
139 OnTime_139 8 1 712 1
139 OnTime_139 14 1 826 1
139 OnTime_139 17 1 808 1
139 OnTime_139 19 1 617 1
139 OnTime_139 20 1 817 1
139 OnTime_139 22 1 224 1
139 OnTime_139 23 1 701 1
139 OnTime_139 25 1 617 1
139 OnTime_139 29 1 740 1
140 OnTime_140 6 1 921 1
140 OnTime_140 8 1 753 1
140 OnTime_140 14 1 1207 1
140 OnTime_140 17 1 570 1
140 OnTime_140 19 1 1207 1
140 OnTime_140 20 1 1006 1
140 OnTime_140 22 1 1070 1
140 OnTime_140 23 1 700 1
140 OnTime_140 25 1 721 1
140 OnTime_140 29 1 740 1
141 OnTime_141 6 1 788 1
141 OnTime_141 8 1 879 1
141 OnTime_141 14 1 842 1
141 OnTime_141 17 1 928 1
141 OnTime_141 19 1 629 1
141 OnTime_141 20 1 947 1
141 OnTime_141 22 1 1007 1
141 OnTime_141 25 1 570 1
141 OnTime_141 29 1 644 1
142 OnTime_142 6 1 575 1
142 OnTime_142 8 1 521 1
142 OnTime_142 14 1 850 1
142 OnTime_142 17 1 803 1
142 OnTime_142 19 1 646 1
142 OnTime_142 20 1 1059 1
142 OnTime_142 22 1 953 1
142 OnTime_142 23 1 645 1
142 OnTime_142 25 1 521 1
142 OnTime_142 29 1 953 1
143 OnTime_143 6 1 390 1
143 OnTime_143 8 1 971 1
143 OnTime_143 14 1 788 1
143 OnTime_143 17 1 543 1
143 OnTime_143 19 1 508 1
143 OnTime_143 20 1 977 1
143 OnTime_143 22 1 858 1
143 OnTime_143 23 1 1133 1
143 OnTime_143 25 1 944 1
143 OnTime_143 29 1 246 1
144 OnTime_144 6 1 894 1
144 OnTime_144 8 1 753 1
144 OnTime_144 14 1 730 1
144 OnTime_144 17 1 601 1
144 OnTime_144 19 1 961 1
144 OnTime_144 20 1 1161 1
144 OnTime_144 22 1 1067 1
144 OnTime_144 23 1 856 1
144 OnTime_144 25 1 944 1
144 OnTime_144 29 1 1012 1
145 OnTime_145 6 1 824 1
145 OnTime_145 8 1 283 1
145 OnTime_145 14 1 538 1
145 OnTime_145 17 1 570 1
145 OnTime_145 19 1 759 1
145 OnTime_145 20 1 702 1
145 OnTime_145 22 1 814 1
145 OnTime_145 23 1 536 1
145 OnTime_145 25 1 719 1
145 OnTime_145 29 1 701 1
146 OnTime_146 6 1 1166 1
146 OnTime_146 8 1 833 1
146 OnTime_146 14 1 842 1
146 OnTime_146 17 1 966 1
146 OnTime_146 19 1 686 1
146 OnTime_146 20 1 817 1
146 OnTime_146 22 1 1185 1
146 OnTime_146 23 1 871 1
146 OnTime_146 25 1 1166 1
146 OnTime_146 29 1 1012 1
147 OnTime_147 6 1 788 1
147 OnTime_147 8 1 1208 1
147 OnTime_147 14 1 840 1
147 OnTime_147 17 1 878 1
147 OnTime_147 19 1 288 1
147 OnTime_147 20 1 817 1
147 OnTime_147 22 1 224 1
147 OnTime_147 23 1 700 1
147 OnTime_147 29 1 500 1
148 OnTime_148 6 1 1036 1
148 OnTime_148 8 1 646 1
148 OnTime_148 14 1 975 1
148 OnTime_148 17 1 1019 1
148 OnTime_148 19 1 646 1
148 OnTime_148 20 1 478 1
148 OnTime_148 22 1 858 1
148 OnTime_148 23 1 509 1
148 OnTime_148 25 1 956 1
148 OnTime_148 29 1 246 1
149 OnTime_149 6 1 797 1
149 OnTime_149 8 1 753 1
149 OnTime_149 14 1 657 1
149 OnTime_149 17 1 265 1
149 OnTime_149 19 1 923 1
149 OnTime_149 20 1 797 1
149 OnTime_149 23 1 265 1
149 OnTime_149 25 1 1311 1
149 OnTime_149 29 1 851 1
150 OnTime_150 6 1 502 1
150 OnTime_150 8 1 1082 1
150 OnTime_150 14 1 842 1
150 OnTime_150 17 1 1082 1
150 OnTime_150 19 1 1319 1
150 OnTime_150 20 1 702 1
150 OnTime_150 22 1 873 1
150 OnTime_150 23 1 737 1
150 OnTime_150 25 1 582 1
150 OnTime_150 29 1 500 1
