1 OnTime_1 5 1 131 1
1 OnTime_1 7 1 131 1
1 OnTime_1 19 1 193 1
1 OnTime_1 20 1 168 1
1 OnTime_1 22 1 152 1
1 OnTime_1 23 1 168 1
1 OnTime_1 24 1 226 1
1 OnTime_1 27 1 146 1
2 OnTime_2 2 1 241 1
2 OnTime_2 5 1 148 1
2 OnTime_2 13 1 66 1
2 OnTime_2 19 1 193 1
2 OnTime_2 20 1 140 1
2 OnTime_2 22 1 133 1
2 OnTime_2 23 1 66 1
2 OnTime_2 24 1 126 1
2 OnTime_2 27 1 146 1
3 OnTime_3 2 1 155 1
3 OnTime_3 5 1 104 1
3 OnTime_3 13 1 61 1
3 OnTime_3 19 1 147 1
3 OnTime_3 23 1 100 1
3 OnTime_3 24 1 111 1
3 OnTime_3 27 1 148 1
4 OnTime_4 2 1 152 1
4 OnTime_4 5 1 148 1
4 OnTime_4 7 1 135 1
4 OnTime_4 13 1 210 1
4 OnTime_4 19 1 148 1
4 OnTime_4 20 1 126 1
4 OnTime_4 22 1 141 1
4 OnTime_4 23 1 100 1
4 OnTime_4 24 1 126 1
4 OnTime_4 27 1 223 1
5 OnTime_5 2 1 133 1
5 OnTime_5 5 1 116 1
5 OnTime_5 7 1 74 1
5 OnTime_5 13 1 175 1
5 OnTime_5 19 1 147 1
5 OnTime_5 20 1 74 1
5 OnTime_5 22 1 97 1
5 OnTime_5 23 1 78 1
5 OnTime_5 24 1 97 1
5 OnTime_5 27 1 74 1
6 OnTime_6 5 1 222 1
6 OnTime_6 7 1 166 1
6 OnTime_6 13 1 210 1
6 OnTime_6 19 1 161 1
6 OnTime_6 20 1 161 1
6 OnTime_6 22 1 141 1
6 OnTime_6 23 1 166 1
6 OnTime_6 24 1 149 1
6 OnTime_6 27 1 64 1
7 OnTime_7 2 1 121 1
7 OnTime_7 5 1 148 1
7 OnTime_7 7 1 164 1
7 OnTime_7 19 1 148 1
7 OnTime_7 20 1 74 1
7 OnTime_7 22 1 179 1
7 OnTime_7 23 1 168 1
7 OnTime_7 24 1 121 1
7 OnTime_7 27 1 74 1
8 OnTime_8 2 1 80 1
8 OnTime_8 5 1 144 1
8 OnTime_8 7 1 118 1
8 OnTime_8 13 1 82 1
8 OnTime_8 19 1 148 1
8 OnTime_8 20 1 126 1
8 OnTime_8 22 1 97 1
8 OnTime_8 24 1 126 1
8 OnTime_8 27 1 216 1
9 OnTime_9 2 1 133 1
9 OnTime_9 7 1 166 1
9 OnTime_9 13 1 158 1
9 OnTime_9 19 1 161 1
9 OnTime_9 20 1 126 1
9 OnTime_9 22 1 133 1
9 OnTime_9 23 1 166 1
9 OnTime_9 24 1 97 1
10 OnTime_10 2 1 171 1
10 OnTime_10 7 1 242 1
10 OnTime_10 13 1 61 1
10 OnTime_10 19 1 142 1
10 OnTime_10 20 1 161 1
10 OnTime_10 22 1 97 1
10 OnTime_10 24 1 97 1
10 OnTime_10 27 1 130 1
11 OnTime_11 2 1 133 1
11 OnTime_11 5 1 144 1
11 OnTime_11 7 1 145 1
11 OnTime_11 19 1 167 1
11 OnTime_11 20 1 174 1
11 OnTime_11 22 1 141 1
11 OnTime_11 23 1 207 1
11 OnTime_11 24 1 207 1
11 OnTime_11 27 1 207 1
12 OnTime_12 2 1 171 1
12 OnTime_12 5 1 104 1
12 OnTime_12 7 1 135 1
12 OnTime_12 13 1 104 1
12 OnTime_12 19 1 72 1
12 OnTime_12 22 1 79 1
12 OnTime_12 23 1 137 1
12 OnTime_12 24 1 109 1
12 OnTime_12 27 1 223 1
13 OnTime_13 2 1 86 1
13 OnTime_13 5 1 131 1
13 OnTime_13 7 1 131 1
13 OnTime_13 13 1 61 1
13 OnTime_13 19 1 191 1
13 OnTime_13 22 1 152 1
13 OnTime_13 23 1 78 1
13 OnTime_13 24 1 131 1
13 OnTime_13 27 1 187 1
14 OnTime_14 2 1 159 1
14 OnTime_14 5 1 96 1
14 OnTime_14 7 1 145 1
14 OnTime_14 13 1 158 1
14 OnTime_14 19 1 132 1
14 OnTime_14 22 1 79 1
14 OnTime_14 23 1 103 1
14 OnTime_14 24 1 121 1
14 OnTime_14 27 1 130 1
15 OnTime_15 2 1 95 1
15 OnTime_15 5 1 148 1
15 OnTime_15 7 1 145 1
15 OnTime_15 13 1 205 1
15 OnTime_15 19 1 148 1
15 OnTime_15 20 1 168 1
15 OnTime_15 22 1 212 1
15 OnTime_15 23 1 168 1
15 OnTime_15 24 1 97 1
15 OnTime_15 27 1 33 1
16 OnTime_16 5 1 211 1
16 OnTime_16 7 1 74 1
16 OnTime_16 13 1 205 1
16 OnTime_16 19 1 167 1
16 OnTime_16 20 1 77 1
16 OnTime_16 22 1 211 1
16 OnTime_16 23 1 69 1
16 OnTime_16 24 1 131 1
16 OnTime_16 27 1 130 1
17 OnTime_17 2 1 152 1
17 OnTime_17 5 1 106 1
17 OnTime_17 7 1 131 1
17 OnTime_17 13 1 155 1
17 OnTime_17 19 1 142 1
17 OnTime_17 20 1 140 1
17 OnTime_17 22 1 50 1
17 OnTime_17 23 1 69 1
17 OnTime_17 24 1 131 1
17 OnTime_17 27 1 33 1
18 OnTime_18 2 1 133 1
18 OnTime_18 5 1 180 1
18 OnTime_18 13 1 170 1
18 OnTime_18 19 1 170 1
18 OnTime_18 20 1 161 1
18 OnTime_18 22 1 97 1
18 OnTime_18 23 1 66 1
18 OnTime_18 24 1 207 1
18 OnTime_18 27 1 153 1
19 OnTime_19 2 1 241 1
19 OnTime_19 5 1 180 1
19 OnTime_19 7 1 135 1
19 OnTime_19 13 1 82 1
19 OnTime_19 19 1 170 1
19 OnTime_19 20 1 129 1
19 OnTime_19 22 1 179 1
19 OnTime_19 23 1 241 1
19 OnTime_19 24 1 97 1
19 OnTime_19 27 1 95 1
20 OnTime_20 20 1 140 1
20 OnTime_20 23 1 55 1
20 OnTime_20 24 1 109 1
20 OnTime_20 27 1 207 1
21 OnTime_21 2 1 95 1
21 OnTime_21 5 1 135 1
21 OnTime_21 7 1 65 1
21 OnTime_21 13 1 175 1
21 OnTime_21 19 1 224 1
21 OnTime_21 20 1 129 1
21 OnTime_21 22 1 97 1
21 OnTime_21 23 1 100 1
21 OnTime_21 24 1 97 1
21 OnTime_21 27 1 95 1
22 OnTime_22 2 1 159 1
22 OnTime_22 5 1 148 1
22 OnTime_22 7 1 176 1
22 OnTime_22 13 1 122 1
22 OnTime_22 19 1 147 1
22 OnTime_22 20 1 222 1
22 OnTime_22 23 1 103 1
22 OnTime_22 24 1 213 1
22 OnTime_22 27 1 148 1
23 OnTime_23 2 1 152 1
23 OnTime_23 5 1 131 1
23 OnTime_23 7 1 87 1
23 OnTime_23 13 1 171 1
23 OnTime_23 20 1 140 1
23 OnTime_23 22 1 152 1
23 OnTime_23 23 1 178 1
23 OnTime_23 24 1 213 1
23 OnTime_23 27 1 187 1
24 OnTime_24 2 1 95 1
24 OnTime_24 5 1 135 1
24 OnTime_24 7 1 131 1
24 OnTime_24 13 1 122 1
24 OnTime_24 19 1 167 1
24 OnTime_24 20 1 77 1
24 OnTime_24 22 1 72 1
24 OnTime_24 23 1 51 1
24 OnTime_24 24 1 131 1
24 OnTime_24 27 1 95 1
25 OnTime_25 2 1 152 1
25 OnTime_25 7 1 118 1
25 OnTime_25 13 1 122 1
25 OnTime_25 19 1 170 1
25 OnTime_25 20 1 38 1
25 OnTime_25 22 1 97 1
25 OnTime_25 24 1 97 1
25 OnTime_25 27 1 130 1
26 OnTime_26 2 1 80 1
26 OnTime_26 5 1 156 1
26 OnTime_26 13 1 122 1
26 OnTime_26 19 1 142 1
26 OnTime_26 20 1 161 1
26 OnTime_26 22 1 133 1
26 OnTime_26 23 1 137 1
26 OnTime_26 24 1 131 1
27 OnTime_27 5 1 116 1
27 OnTime_27 7 1 236 1
27 OnTime_27 13 1 122 1
27 OnTime_27 19 1 132 1
27 OnTime_27 22 1 141 1
27 OnTime_27 23 1 78 1
27 OnTime_27 24 1 218 1
27 OnTime_27 27 1 218 1
28 OnTime_28 7 1 164 1
28 OnTime_28 13 1 122 1
28 OnTime_28 19 1 161 1
28 OnTime_28 20 1 161 1
28 OnTime_28 23 1 66 1
28 OnTime_28 27 1 203 1
29 OnTime_29 2 1 42 1
29 OnTime_29 5 1 104 1
29 OnTime_29 7 1 65 1
29 OnTime_29 13 1 155 1
29 OnTime_29 19 1 42 1
29 OnTime_29 20 1 165 1
29 OnTime_29 24 1 109 1
29 OnTime_29 27 1 65 1
30 OnTime_30 2 1 133 1
30 OnTime_30 5 1 96 1
30 OnTime_30 7 1 164 1
30 OnTime_30 20 1 54 1
30 OnTime_30 22 1 41 1
30 OnTime_30 23 1 100 1
30 OnTime_30 27 1 227 1
31 OnTime_31 2 1 133 1
31 OnTime_31 5 1 222 1
31 OnTime_31 7 1 164 1
31 OnTime_31 13 1 171 1
31 OnTime_31 20 1 54 1
31 OnTime_31 22 1 133 1
31 OnTime_31 24 1 213 1
31 OnTime_31 27 1 222 1
32 OnTime_32 2 1 80 1
32 OnTime_32 5 1 156 1
32 OnTime_32 7 1 65 1
32 OnTime_32 13 1 175 1
32 OnTime_32 19 1 191 1
32 OnTime_32 20 1 174 1
32 OnTime_32 22 1 211 1
32 OnTime_32 24 1 126 1
32 OnTime_32 27 1 65 1
33 OnTime_33 2 1 121 1
33 OnTime_33 5 1 96 1
33 OnTime_33 7 1 118 1
33 OnTime_33 13 1 172 1
33 OnTime_33 19 1 132 1
33 OnTime_33 20 1 184 1
33 OnTime_33 22 1 133 1
33 OnTime_33 23 1 55 1
33 OnTime_33 24 1 59 1
33 OnTime_33 27 1 95 1
34 OnTime_34 2 1 159 1
34 OnTime_34 5 1 144 1
34 OnTime_34 7 1 74 1
34 OnTime_34 13 1 155 1
34 OnTime_34 19 1 167 1
34 OnTime_34 20 1 74 1
34 OnTime_34 23 1 207 1
34 OnTime_34 24 1 207 1
34 OnTime_34 27 1 74 1
35 OnTime_35 2 1 155 1
35 OnTime_35 5 1 148 1
35 OnTime_35 7 1 74 1
35 OnTime_35 13 1 155 1
35 OnTime_35 19 1 170 1
35 OnTime_35 20 1 77 1
35 OnTime_35 22 1 72 1
35 OnTime_35 23 1 69 1
35 OnTime_35 24 1 121 1
35 OnTime_35 27 1 95 1
36 OnTime_36 2 1 152 1
36 OnTime_36 5 1 135 1
36 OnTime_36 7 1 135 1
36 OnTime_36 13 1 175 1
36 OnTime_36 19 1 132 1
36 OnTime_36 20 1 184 1
36 OnTime_36 22 1 106 1
36 OnTime_36 23 1 241 1
36 OnTime_36 24 1 213 1
36 OnTime_36 27 1 130 1
37 OnTime_37 2 1 80 1
37 OnTime_37 5 1 135 1
37 OnTime_37 7 1 135 1
37 OnTime_37 13 1 104 1
37 OnTime_37 19 1 142 1
37 OnTime_37 22 1 141 1
37 OnTime_37 23 1 100 1
37 OnTime_37 24 1 197 1
37 OnTime_37 27 1 153 1
38 OnTime_38 2 1 95 1
38 OnTime_38 5 1 116 1
38 OnTime_38 13 1 155 1
38 OnTime_38 19 1 224 1
38 OnTime_38 20 1 196 1
38 OnTime_38 22 1 72 1
38 OnTime_38 23 1 100 1
38 OnTime_38 24 1 109 1
38 OnTime_38 27 1 33 1
39 OnTime_39 2 1 152 1
39 OnTime_39 5 1 106 1
39 OnTime_39 7 1 164 1
39 OnTime_39 20 1 165 1
39 OnTime_39 22 1 152 1
39 OnTime_39 23 1 12 1
39 OnTime_39 24 1 111 1
39 OnTime_39 27 1 64 1
40 OnTime_40 2 1 241 1
40 OnTime_40 5 1 135 1
40 OnTime_40 7 1 164 1
40 OnTime_40 13 1 242 1
40 OnTime_40 19 1 167 1
40 OnTime_40 20 1 165 1
40 OnTime_40 23 1 34 1
40 OnTime_40 27 1 64 1
41 OnTime_41 2 1 171 1
41 OnTime_41 5 1 222 1
41 OnTime_41 7 1 74 1
41 OnTime_41 13 1 171 1
41 OnTime_41 19 1 142 1
41 OnTime_41 20 1 74 1
41 OnTime_41 22 1 97 1
41 OnTime_41 23 1 67 1
41 OnTime_41 24 1 109 1
41 OnTime_41 27 1 95 1
42 OnTime_42 2 1 159 1
42 OnTime_42 5 1 106 1
42 OnTime_42 7 1 242 1
42 OnTime_42 13 1 158 1
42 OnTime_42 19 1 132 1
42 OnTime_42 20 1 74 1
42 OnTime_42 22 1 106 1
42 OnTime_42 23 1 51 1
42 OnTime_42 24 1 149 1
42 OnTime_42 27 1 74 1
43 OnTime_43 2 1 95 1
43 OnTime_43 7 1 65 1
43 OnTime_43 13 1 122 1
43 OnTime_43 19 1 142 1
43 OnTime_43 20 1 184 1
43 OnTime_43 23 1 178 1
43 OnTime_43 24 1 121 1
43 OnTime_43 27 1 65 1
44 OnTime_44 5 1 148 1
44 OnTime_44 13 1 82 1
44 OnTime_44 19 1 147 1
44 OnTime_44 20 1 77 1
44 OnTime_44 22 1 179 1
44 OnTime_44 23 1 66 1
44 OnTime_44 24 1 121 1
44 OnTime_44 27 1 148 1
45 OnTime_45 2 1 86 1
45 OnTime_45 5 1 135 1
45 OnTime_45 7 1 135 1
45 OnTime_45 13 1 158 1
45 OnTime_45 19 1 161 1
45 OnTime_45 20 1 161 1
45 OnTime_45 22 1 97 1
45 OnTime_45 23 1 55 1
45 OnTime_45 24 1 207 1
45 OnTime_45 27 1 33 1
46 OnTime_46 2 1 115 1
46 OnTime_46 5 1 131 1
46 OnTime_46 7 1 131 1
46 OnTime_46 13 1 66 1
46 OnTime_46 19 1 191 1
46 OnTime_46 20 1 129 1
46 OnTime_46 22 1 152 1
46 OnTime_46 23 1 67 1
46 OnTime_46 24 1 109 1
46 OnTime_46 27 1 222 1
47 OnTime_47 2 1 95 1
47 OnTime_47 5 1 116 1
47 OnTime_47 7 1 87 1
47 OnTime_47 13 1 160 1
47 OnTime_47 19 1 72 1
47 OnTime_47 22 1 179 1
47 OnTime_47 23 1 88 1
47 OnTime_47 24 1 121 1
47 OnTime_47 27 1 153 1
48 OnTime_48 2 1 115 1
48 OnTime_48 5 1 131 1
48 OnTime_48 7 1 131 1
48 OnTime_48 13 1 122 1
48 OnTime_48 19 1 167 1
48 OnTime_48 20 1 126 1
48 OnTime_48 23 1 137 1
48 OnTime_48 24 1 126 1
48 OnTime_48 27 1 130 1
49 OnTime_49 2 1 152 1
49 OnTime_49 5 1 96 1
49 OnTime_49 7 1 131 1
49 OnTime_49 13 1 122 1
49 OnTime_49 20 1 74 1
49 OnTime_49 22 1 79 1
49 OnTime_49 23 1 178 1
49 OnTime_49 24 1 131 1
49 OnTime_49 27 1 33 1
50 OnTime_50 2 1 155 1
50 OnTime_50 5 1 222 1
50 OnTime_50 13 1 155 1
50 OnTime_50 19 1 157 1
50 OnTime_50 20 1 140 1
50 OnTime_50 22 1 212 1
50 OnTime_50 23 1 178 1
50 OnTime_50 24 1 218 1
50 OnTime_50 27 1 218 1
51 OnTime_51 2 1 171 1
51 OnTime_51 5 1 131 1
51 OnTime_51 7 1 118 1
51 OnTime_51 13 1 170 1
51 OnTime_51 19 1 42 1
51 OnTime_51 22 1 97 1
51 OnTime_51 23 1 137 1
51 OnTime_51 24 1 154 1
52 OnTime_52 2 1 159 1
52 OnTime_52 5 1 156 1
52 OnTime_52 7 1 74 1
52 OnTime_52 13 1 175 1
52 OnTime_52 20 1 174 1
52 OnTime_52 22 1 141 1
52 OnTime_52 23 1 34 1
52 OnTime_52 24 1 111 1
52 OnTime_52 27 1 146 1
53 OnTime_53 2 1 171 1
53 OnTime_53 5 1 104 1
53 OnTime_53 7 1 145 1
53 OnTime_53 13 1 155 1
53 OnTime_53 19 1 147 1
53 OnTime_53 22 1 72 1
53 OnTime_53 23 1 100 1
53 OnTime_53 24 1 190 1
53 OnTime_53 27 1 227 1
54 OnTime_54 2 1 133 1
54 OnTime_54 7 1 166 1
54 OnTime_54 13 1 155 1
54 OnTime_54 19 1 191 1
54 OnTime_54 20 1 174 1
54 OnTime_54 22 1 50 1
54 OnTime_54 23 1 137 1
54 OnTime_54 24 1 59 1
54 OnTime_54 27 1 203 1
55 OnTime_55 2 1 121 1
55 OnTime_55 5 1 104 1
55 OnTime_55 13 1 104 1
55 OnTime_55 20 1 38 1
55 OnTime_55 22 1 179 1
55 OnTime_55 23 1 88 1
55 OnTime_55 24 1 121 1
55 OnTime_55 27 1 203 1
56 OnTime_56 2 1 80 1
56 OnTime_56 5 1 116 1
56 OnTime_56 7 1 131 1
56 OnTime_56 13 1 104 1
56 OnTime_56 23 1 166 1
56 OnTime_56 24 1 111 1
56 OnTime_56 27 1 95 1
57 OnTime_57 2 1 159 1
57 OnTime_57 5 1 131 1
57 OnTime_57 7 1 74 1
57 OnTime_57 13 1 158 1
57 OnTime_57 20 1 196 1
57 OnTime_57 22 1 179 1
57 OnTime_57 23 1 207 1
57 OnTime_57 24 1 109 1
57 OnTime_57 27 1 64 1
58 OnTime_58 2 1 152 1
58 OnTime_58 5 1 211 1
58 OnTime_58 7 1 118 1
58 OnTime_58 13 1 210 1
58 OnTime_58 19 1 193 1
58 OnTime_58 20 1 211 1
58 OnTime_58 22 1 79 1
58 OnTime_58 24 1 197 1
58 OnTime_58 27 1 146 1
59 OnTime_59 2 1 152 1
59 OnTime_59 5 1 222 1
59 OnTime_59 7 1 145 1
59 OnTime_59 19 1 132 1
59 OnTime_59 20 1 222 1
59 OnTime_59 22 1 152 1
59 OnTime_59 23 1 100 1
59 OnTime_59 24 1 213 1
59 OnTime_59 27 1 222 1
60 OnTime_60 2 1 60 1
60 OnTime_60 5 1 156 1
60 OnTime_60 13 1 82 1
60 OnTime_60 19 1 161 1
60 OnTime_60 20 1 161 1
60 OnTime_60 22 1 212 1
60 OnTime_60 24 1 213 1
60 OnTime_60 27 1 146 1
61 OnTime_61 2 1 115 1
61 OnTime_61 5 1 106 1
61 OnTime_61 7 1 74 1
61 OnTime_61 19 1 132 1
61 OnTime_61 20 1 168 1
61 OnTime_61 22 1 106 1
61 OnTime_61 23 1 100 1
61 OnTime_61 24 1 218 1
61 OnTime_61 27 1 74 1
62 OnTime_62 2 1 115 1
62 OnTime_62 5 1 96 1
62 OnTime_62 7 1 166 1
62 OnTime_62 13 1 171 1
62 OnTime_62 19 1 161 1
62 OnTime_62 20 1 38 1
62 OnTime_62 22 1 141 1
62 OnTime_62 23 1 51 1
62 OnTime_62 27 1 203 1
63 OnTime_63 2 1 155 1
63 OnTime_63 5 1 116 1
63 OnTime_63 7 1 135 1
63 OnTime_63 13 1 82 1
63 OnTime_63 19 1 148 1
63 OnTime_63 20 1 77 1
63 OnTime_63 22 1 133 1
63 OnTime_63 23 1 88 1
63 OnTime_63 27 1 148 1
64 OnTime_64 2 1 80 1
64 OnTime_64 5 1 144 1
64 OnTime_64 13 1 158 1
64 OnTime_64 19 1 72 1
64 OnTime_64 20 1 161 1
64 OnTime_64 22 1 72 1
64 OnTime_64 23 1 12 1
64 OnTime_64 24 1 62 1
64 OnTime_64 27 1 130 1
65 OnTime_65 2 1 42 1
65 OnTime_65 5 1 104 1
65 OnTime_65 7 1 164 1
65 OnTime_65 13 1 42 1
65 OnTime_65 19 1 132 1
65 OnTime_65 23 1 178 1
65 OnTime_65 24 1 197 1
65 OnTime_65 27 1 146 1
66 OnTime_66 2 1 159 1
66 OnTime_66 5 1 104 1
66 OnTime_66 13 1 104 1
66 OnTime_66 19 1 132 1
66 OnTime_66 23 1 103 1
66 OnTime_66 24 1 111 1
66 OnTime_66 27 1 153 1
67 OnTime_67 2 1 171 1
67 OnTime_67 5 1 144 1
67 OnTime_67 7 1 176 1
67 OnTime_67 13 1 104 1
67 OnTime_67 19 1 72 1
67 OnTime_67 20 1 222 1
67 OnTime_67 22 1 72 1
67 OnTime_67 24 1 111 1
67 OnTime_67 27 1 153 1
68 OnTime_68 2 1 60 1
68 OnTime_68 5 1 96 1
68 OnTime_68 13 1 61 1
68 OnTime_68 19 1 142 1
68 OnTime_68 20 1 126 1
68 OnTime_68 22 1 79 1
68 OnTime_68 23 1 178 1
68 OnTime_68 24 1 149 1
68 OnTime_68 27 1 148 1
69 OnTime_69 5 1 131 1
69 OnTime_69 7 1 164 1
69 OnTime_69 13 1 175 1
69 OnTime_69 19 1 72 1
69 OnTime_69 20 1 168 1
69 OnTime_69 22 1 106 1
69 OnTime_69 23 1 168 1
69 OnTime_69 24 1 97 1
70 OnTime_70 5 1 180 1
70 OnTime_70 13 1 66 1
70 OnTime_70 19 1 72 1
70 OnTime_70 20 1 165 1
70 OnTime_70 22 1 72 1
70 OnTime_70 23 1 207 1
70 OnTime_70 24 1 154 1
70 OnTime_70 27 1 207 1
71 OnTime_71 2 1 159 1
71 OnTime_71 5 1 211 1
71 OnTime_71 13 1 170 1
71 OnTime_71 19 1 170 1
71 OnTime_71 20 1 211 1
71 OnTime_71 22 1 97 1
71 OnTime_71 23 1 103 1
71 OnTime_71 24 1 149 1
71 OnTime_71 27 1 223 1
72 OnTime_72 2 1 115 1
72 OnTime_72 5 1 131 1
72 OnTime_72 7 1 131 1
72 OnTime_72 13 1 61 1
72 OnTime_72 19 1 167 1
72 OnTime_72 20 1 184 1
72 OnTime_72 23 1 88 1
72 OnTime_72 24 1 111 1
73 OnTime_73 2 1 95 1
73 OnTime_73 5 1 131 1
73 OnTime_73 7 1 131 1
73 OnTime_73 13 1 172 1
73 OnTime_73 19 1 142 1
73 OnTime_73 20 1 196 1
73 OnTime_73 23 1 137 1
73 OnTime_73 24 1 197 1
73 OnTime_73 27 1 95 1
74 OnTime_74 2 1 152 1
74 OnTime_74 5 1 131 1
74 OnTime_74 7 1 131 1
74 OnTime_74 13 1 171 1
74 OnTime_74 19 1 147 1
74 OnTime_74 20 1 161 1
74 OnTime_74 22 1 152 1
74 OnTime_74 23 1 88 1
74 OnTime_74 24 1 131 1
74 OnTime_74 27 1 227 1
75 OnTime_75 2 1 121 1
75 OnTime_75 5 1 144 1
75 OnTime_75 13 1 175 1
75 OnTime_75 19 1 142 1
75 OnTime_75 20 1 174 1
75 OnTime_75 22 1 179 1
75 OnTime_75 23 1 103 1
75 OnTime_75 24 1 121 1
75 OnTime_75 27 1 203 1
76 OnTime_76 2 1 155 1
76 OnTime_76 5 1 144 1
76 OnTime_76 7 1 166 1
76 OnTime_76 13 1 104 1
76 OnTime_76 19 1 148 1
76 OnTime_76 20 1 77 1
76 OnTime_76 23 1 100 1
76 OnTime_76 24 1 190 1
76 OnTime_76 27 1 148 1
77 OnTime_77 2 1 42 1
77 OnTime_77 5 1 144 1
77 OnTime_77 7 1 145 1
77 OnTime_77 13 1 42 1
77 OnTime_77 19 1 132 1
77 OnTime_77 20 1 184 1
77 OnTime_77 22 1 41 1
77 OnTime_77 23 1 178 1
77 OnTime_77 27 1 187 1
78 OnTime_78 2 1 95 1
78 OnTime_78 5 1 131 1
78 OnTime_78 7 1 118 1
78 OnTime_78 13 1 160 1
78 OnTime_78 19 1 147 1
78 OnTime_78 20 1 129 1
78 OnTime_78 23 1 166 1
78 OnTime_78 27 1 95 1
79 OnTime_79 5 1 211 1
79 OnTime_79 7 1 145 1
79 OnTime_79 20 1 184 1
79 OnTime_79 22 1 211 1
79 OnTime_79 23 1 207 1
79 OnTime_79 24 1 154 1
79 OnTime_79 27 1 153 1
80 OnTime_80 2 1 115 1
80 OnTime_80 5 1 116 1
80 OnTime_80 7 1 87 1
80 OnTime_80 13 1 160 1
80 OnTime_80 19 1 132 1
80 OnTime_80 20 1 222 1
80 OnTime_80 22 1 97 1
80 OnTime_80 23 1 55 1
80 OnTime_80 24 1 154 1
80 OnTime_80 27 1 64 1
81 OnTime_81 5 1 104 1
81 OnTime_81 7 1 145 1
81 OnTime_81 13 1 104 1
81 OnTime_81 20 1 174 1
81 OnTime_81 22 1 97 1
81 OnTime_81 23 1 178 1
81 OnTime_81 24 1 213 1
81 OnTime_81 27 1 146 1
82 OnTime_82 2 1 42 1
82 OnTime_82 5 1 116 1
82 OnTime_82 7 1 164 1
82 OnTime_82 13 1 242 1
82 OnTime_82 19 1 58 1
82 OnTime_82 20 1 184 1
82 OnTime_82 22 1 211 1
82 OnTime_82 23 1 69 1
82 OnTime_82 24 1 190 1
82 OnTime_82 27 1 222 1
83 OnTime_83 5 1 104 1
83 OnTime_83 7 1 135 1
83 OnTime_83 13 1 170 1
83 OnTime_83 19 1 132 1
83 OnTime_83 20 1 54 1
83 OnTime_83 22 1 97 1
83 OnTime_83 23 1 166 1
83 OnTime_83 24 1 97 1
83 OnTime_83 27 1 64 1
84 OnTime_84 2 1 80 1
84 OnTime_84 5 1 106 1
84 OnTime_84 13 1 210 1
84 OnTime_84 19 1 132 1
84 OnTime_84 20 1 161 1
84 OnTime_84 22 1 106 1
84 OnTime_84 23 1 257 1
84 OnTime_84 24 1 226 1
84 OnTime_84 27 1 146 1
85 OnTime_85 2 1 121 1
85 OnTime_85 5 1 135 1
85 OnTime_85 7 1 135 1
85 OnTime_85 13 1 175 1
85 OnTime_85 19 1 167 1
85 OnTime_85 20 1 54 1
85 OnTime_85 22 1 79 1
85 OnTime_85 23 1 100 1
85 OnTime_85 24 1 149 1
85 OnTime_85 27 1 65 1
86 OnTime_86 2 1 86 1
86 OnTime_86 5 1 135 1
86 OnTime_86 7 1 135 1
86 OnTime_86 13 1 170 1
86 OnTime_86 19 1 170 1
86 OnTime_86 20 1 140 1
86 OnTime_86 22 1 179 1
86 OnTime_86 23 1 178 1
86 OnTime_86 24 1 154 1
86 OnTime_86 27 1 146 1
87 OnTime_87 2 1 121 1
87 OnTime_87 5 1 106 1
87 OnTime_87 7 1 166 1
87 OnTime_87 13 1 104 1
87 OnTime_87 19 1 142 1
87 OnTime_87 20 1 74 1
87 OnTime_87 22 1 72 1
87 OnTime_87 23 1 55 1
87 OnTime_87 24 1 226 1
87 OnTime_87 27 1 223 1
88 OnTime_88 2 1 115 1
88 OnTime_88 5 1 116 1
88 OnTime_88 7 1 176 1
88 OnTime_88 13 1 171 1
88 OnTime_88 19 1 148 1
88 OnTime_88 20 1 184 1
88 OnTime_88 22 1 152 1
88 OnTime_88 23 1 207 1
88 OnTime_88 24 1 59 1
88 OnTime_88 27 1 148 1
89 OnTime_89 2 1 121 1
89 OnTime_89 5 1 180 1
89 OnTime_89 7 1 87 1
89 OnTime_89 13 1 172 1
89 OnTime_89 20 1 196 1
89 OnTime_89 22 1 141 1
89 OnTime_89 23 1 137 1
89 OnTime_89 24 1 121 1
90 OnTime_90 2 1 95 1
90 OnTime_90 13 1 170 1
90 OnTime_90 19 1 147 1
90 OnTime_90 20 1 129 1
90 OnTime_90 23 1 66 1
90 OnTime_90 24 1 121 1
90 OnTime_90 27 1 223 1
91 OnTime_91 2 1 171 1
91 OnTime_91 5 1 131 1
91 OnTime_91 7 1 131 1
91 OnTime_91 13 1 205 1
91 OnTime_91 19 1 20 1
91 OnTime_91 22 1 97 1
91 OnTime_91 23 1 88 1
91 OnTime_91 24 1 97 1
91 OnTime_91 27 1 95 1
92 OnTime_92 2 1 133 1
92 OnTime_92 5 1 148 1
92 OnTime_92 7 1 65 1
92 OnTime_92 13 1 170 1
92 OnTime_92 19 1 148 1
92 OnTime_92 20 1 174 1
92 OnTime_92 22 1 133 1
92 OnTime_92 23 1 166 1
92 OnTime_92 24 1 213 1
92 OnTime_92 27 1 65 1
93 OnTime_93 2 1 80 1
93 OnTime_93 5 1 211 1
93 OnTime_93 7 1 118 1
93 OnTime_93 13 1 158 1
93 OnTime_93 20 1 165 1
93 OnTime_93 22 1 211 1
93 OnTime_93 23 1 100 1
93 OnTime_93 24 1 131 1
93 OnTime_93 27 1 49 1
94 OnTime_94 2 1 171 1
94 OnTime_94 5 1 104 1
94 OnTime_94 7 1 23 1
94 OnTime_94 13 1 61 1
94 OnTime_94 19 1 170 1
94 OnTime_94 20 1 74 1
94 OnTime_94 22 1 41 1
94 OnTime_94 24 1 111 1
94 OnTime_94 27 1 65 1
95 OnTime_95 2 1 95 1
95 OnTime_95 5 1 211 1
95 OnTime_95 7 1 87 1
95 OnTime_95 13 1 172 1
95 OnTime_95 19 1 224 1
95 OnTime_95 20 1 211 1
95 OnTime_95 22 1 211 1
95 OnTime_95 23 1 34 1
95 OnTime_95 24 1 131 1
95 OnTime_95 27 1 95 1
96 OnTime_96 2 1 155 1
96 OnTime_96 7 1 164 1
96 OnTime_96 13 1 155 1
96 OnTime_96 20 1 126 1
96 OnTime_96 23 1 257 1
96 OnTime_96 24 1 126 1
96 OnTime_96 27 1 227 1
97 OnTime_97 2 1 155 1
97 OnTime_97 5 1 135 1
97 OnTime_97 7 1 87 1
97 OnTime_97 13 1 205 1
97 OnTime_97 20 1 168 1
97 OnTime_97 22 1 141 1
97 OnTime_97 23 1 69 1
97 OnTime_97 27 1 227 1
98 OnTime_98 2 1 233 1
98 OnTime_98 5 1 104 1
98 OnTime_98 7 1 176 1
98 OnTime_98 13 1 104 1
98 OnTime_98 20 1 140 1
98 OnTime_98 22 1 212 1
98 OnTime_98 23 1 66 1
98 OnTime_98 27 1 216 1
99 OnTime_99 2 1 171 1
99 OnTime_99 5 1 144 1
99 OnTime_99 7 1 145 1
99 OnTime_99 13 1 172 1
99 OnTime_99 19 1 191 1
99 OnTime_99 20 1 77 1
99 OnTime_99 22 1 179 1
99 OnTime_99 23 1 78 1
99 OnTime_99 24 1 111 1
99 OnTime_99 27 1 227 1
100 OnTime_100 2 1 60 1
100 OnTime_100 5 1 116 1
100 OnTime_100 7 1 166 1
100 OnTime_100 13 1 171 1
100 OnTime_100 19 1 157 1
100 OnTime_100 20 1 74 1
100 OnTime_100 22 1 41 1
100 OnTime_100 23 1 166 1
100 OnTime_100 27 1 49 1
101 OnTime_101 2 1 258 1
101 OnTime_101 5 1 211 1
101 OnTime_101 7 1 118 1
101 OnTime_101 13 1 160 1
101 OnTime_101 20 1 265 1
101 OnTime_101 22 1 133 1
101 OnTime_101 23 1 178 1
101 OnTime_101 27 1 146 1
102 OnTime_102 2 1 60 1
102 OnTime_102 5 1 135 1
102 OnTime_102 7 1 176 1
102 OnTime_102 13 1 42 1
102 OnTime_102 19 1 42 1
102 OnTime_102 20 1 211 1
102 OnTime_102 22 1 72 1
102 OnTime_102 23 1 51 1
102 OnTime_102 24 1 207 1
102 OnTime_102 27 1 95 1
103 OnTime_103 2 1 152 1
103 OnTime_103 5 1 96 1
103 OnTime_103 7 1 118 1
103 OnTime_103 13 1 172 1
103 OnTime_103 19 1 72 1
103 OnTime_103 20 1 77 1
103 OnTime_103 22 1 141 1
103 OnTime_103 23 1 100 1
103 OnTime_103 24 1 111 1
103 OnTime_103 27 1 74 1
104 OnTime_104 2 1 115 1
104 OnTime_104 5 1 131 1
104 OnTime_104 7 1 131 1
104 OnTime_104 13 1 172 1
104 OnTime_104 19 1 147 1
104 OnTime_104 20 1 184 1
104 OnTime_104 22 1 133 1
104 OnTime_104 24 1 131 1
104 OnTime_104 27 1 130 1
105 OnTime_105 2 1 95 1
105 OnTime_105 5 1 106 1
105 OnTime_105 7 1 145 1
105 OnTime_105 13 1 210 1
105 OnTime_105 19 1 58 1
105 OnTime_105 20 1 161 1
105 OnTime_105 22 1 106 1
105 OnTime_105 23 1 67 1
105 OnTime_105 24 1 190 1
105 OnTime_105 27 1 74 1
106 OnTime_106 2 1 171 1
106 OnTime_106 5 1 148 1
106 OnTime_106 7 1 176 1
106 OnTime_106 13 1 171 1
106 OnTime_106 19 1 148 1
106 OnTime_106 22 1 97 1
106 OnTime_106 23 1 207 1
106 OnTime_106 24 1 62 1
106 OnTime_106 27 1 148 1
107 OnTime_107 2 1 152 1
107 OnTime_107 5 1 106 1
107 OnTime_107 7 1 145 1
107 OnTime_107 13 1 122 1
107 OnTime_107 19 1 58 1
107 OnTime_107 22 1 106 1
107 OnTime_107 23 1 66 1
107 OnTime_107 24 1 207 1
107 OnTime_107 27 1 207 1
108 OnTime_108 5 1 116 1
108 OnTime_108 13 1 171 1
108 OnTime_108 19 1 191 1
108 OnTime_108 20 1 140 1
108 OnTime_108 22 1 212 1
108 OnTime_108 23 1 88 1
108 OnTime_108 24 1 154 1
108 OnTime_108 27 1 203 1
109 OnTime_109 2 1 152 1
109 OnTime_109 5 1 148 1
109 OnTime_109 7 1 164 1
109 OnTime_109 13 1 158 1
109 OnTime_109 19 1 148 1
109 OnTime_109 20 1 126 1
109 OnTime_109 22 1 97 1
109 OnTime_109 23 1 137 1
109 OnTime_109 24 1 111 1
109 OnTime_109 27 1 203 1
110 OnTime_110 2 1 233 1
110 OnTime_110 5 1 116 1
110 OnTime_110 7 1 118 1
110 OnTime_110 13 1 82 1
110 OnTime_110 20 1 126 1
110 OnTime_110 22 1 212 1
110 OnTime_110 23 1 103 1
110 OnTime_110 24 1 62 1
111 OnTime_111 2 1 171 1
111 OnTime_111 7 1 74 1
111 OnTime_111 13 1 171 1
111 OnTime_111 20 1 38 1
111 OnTime_111 22 1 212 1
111 OnTime_111 23 1 166 1
111 OnTime_111 24 1 154 1
111 OnTime_111 27 1 74 1
112 OnTime_112 2 1 171 1
112 OnTime_112 5 1 144 1
112 OnTime_112 7 1 118 1
112 OnTime_112 13 1 210 1
112 OnTime_112 19 1 132 1
112 OnTime_112 20 1 222 1
112 OnTime_112 23 1 168 1
112 OnTime_112 24 1 109 1
112 OnTime_112 27 1 222 1
113 OnTime_113 2 1 152 1
113 OnTime_113 5 1 96 1
113 OnTime_113 7 1 135 1
113 OnTime_113 13 1 172 1
113 OnTime_113 19 1 147 1
113 OnTime_113 20 1 126 1
113 OnTime_113 22 1 106 1
113 OnTime_113 24 1 126 1
113 OnTime_113 27 1 130 1
114 OnTime_114 2 1 80 1
114 OnTime_114 5 1 156 1
114 OnTime_114 7 1 131 1
114 OnTime_114 13 1 171 1
114 OnTime_114 19 1 147 1
114 OnTime_114 20 1 165 1
114 OnTime_114 23 1 178 1
114 OnTime_114 24 1 218 1
114 OnTime_114 27 1 153 1
115 OnTime_115 2 1 80 1
115 OnTime_115 5 1 156 1
115 OnTime_115 7 1 23 1
115 OnTime_115 13 1 172 1
115 OnTime_115 19 1 72 1
115 OnTime_115 20 1 129 1
115 OnTime_115 22 1 79 1
115 OnTime_115 24 1 149 1
115 OnTime_115 27 1 187 1
116 OnTime_116 2 1 233 1
116 OnTime_116 5 1 148 1
116 OnTime_116 7 1 145 1
116 OnTime_116 13 1 175 1
116 OnTime_116 19 1 191 1
116 OnTime_116 20 1 196 1
116 OnTime_116 22 1 97 1
116 OnTime_116 23 1 207 1
116 OnTime_116 24 1 109 1
116 OnTime_116 27 1 207 1
117 OnTime_117 2 1 155 1
117 OnTime_117 5 1 180 1
117 OnTime_117 7 1 135 1
117 OnTime_117 13 1 155 1
117 OnTime_117 19 1 161 1
117 OnTime_117 20 1 165 1
117 OnTime_117 22 1 179 1
117 OnTime_117 23 1 257 1
117 OnTime_117 27 1 130 1
118 OnTime_118 2 1 121 1
118 OnTime_118 5 1 116 1
118 OnTime_118 7 1 135 1
118 OnTime_118 13 1 61 1
118 OnTime_118 19 1 167 1
118 OnTime_118 20 1 77 1
118 OnTime_118 23 1 66 1
118 OnTime_118 24 1 121 1
118 OnTime_118 27 1 153 1
119 OnTime_119 2 1 159 1
119 OnTime_119 5 1 148 1
119 OnTime_119 7 1 164 1
119 OnTime_119 13 1 42 1
119 OnTime_119 19 1 148 1
119 OnTime_119 20 1 168 1
119 OnTime_119 23 1 166 1
119 OnTime_119 24 1 121 1
119 OnTime_119 27 1 148 1
120 OnTime_120 2 1 121 1
120 OnTime_120 5 1 116 1
120 OnTime_120 7 1 176 1
120 OnTime_120 19 1 148 1
120 OnTime_120 20 1 54 1
120 OnTime_120 22 1 141 1
120 OnTime_120 23 1 78 1
120 OnTime_120 24 1 226 1
120 OnTime_120 27 1 74 1
121 OnTime_121 2 1 159 1
121 OnTime_121 5 1 104 1
121 OnTime_121 13 1 122 1
121 OnTime_121 19 1 167 1
121 OnTime_121 22 1 79 1
121 OnTime_121 23 1 100 1
121 OnTime_121 24 1 121 1
121 OnTime_121 27 1 153 1
122 OnTime_122 2 1 133 1
122 OnTime_122 5 1 156 1
122 OnTime_122 7 1 131 1
122 OnTime_122 19 1 147 1
122 OnTime_122 20 1 38 1
122 OnTime_122 22 1 133 1
122 OnTime_122 24 1 131 1
123 OnTime_123 7 1 74 1
123 OnTime_123 19 1 167 1
123 OnTime_123 20 1 184 1
123 OnTime_123 22 1 72 1
123 OnTime_123 24 1 126 1
123 OnTime_123 27 1 223 1
124 OnTime_124 2 1 86 1
124 OnTime_124 5 1 148 1
124 OnTime_124 7 1 145 1
124 OnTime_124 13 1 42 1
124 OnTime_124 19 1 42 1
124 OnTime_124 20 1 165 1
124 OnTime_124 22 1 50 1
124 OnTime_124 24 1 121 1
124 OnTime_124 27 1 148 1
125 OnTime_125 2 1 115 1
125 OnTime_125 5 1 156 1
125 OnTime_125 7 1 118 1
125 OnTime_125 13 1 42 1
125 OnTime_125 19 1 147 1
125 OnTime_125 20 1 74 1
125 OnTime_125 24 1 154 1
125 OnTime_125 27 1 74 1
126 OnTime_126 2 1 95 1
126 OnTime_126 5 1 106 1
126 OnTime_126 7 1 166 1
126 OnTime_126 13 1 175 1
126 OnTime_126 19 1 167 1
126 OnTime_126 20 1 184 1
126 OnTime_126 22 1 79 1
126 OnTime_126 23 1 166 1
126 OnTime_126 24 1 149 1
126 OnTime_126 27 1 130 1
127 OnTime_127 2 1 115 1
127 OnTime_127 5 1 96 1
127 OnTime_127 7 1 135 1
127 OnTime_127 13 1 66 1
127 OnTime_127 19 1 132 1
127 OnTime_127 20 1 211 1
127 OnTime_127 22 1 152 1
127 OnTime_127 23 1 235 1
127 OnTime_127 24 1 97 1
128 OnTime_128 2 1 133 1
128 OnTime_128 5 1 116 1
128 OnTime_128 7 1 74 1
128 OnTime_128 13 1 104 1
128 OnTime_128 19 1 72 1
128 OnTime_128 20 1 74 1
128 OnTime_128 22 1 133 1
128 OnTime_128 23 1 241 1
128 OnTime_128 24 1 121 1
128 OnTime_128 27 1 153 1
129 OnTime_129 2 1 133 1
129 OnTime_129 5 1 156 1
129 OnTime_129 13 1 104 1
129 OnTime_129 19 1 193 1
129 OnTime_129 20 1 265 1
129 OnTime_129 22 1 133 1
129 OnTime_129 23 1 235 1
129 OnTime_129 24 1 213 1
129 OnTime_129 27 1 148 1
130 OnTime_130 2 1 121 1
130 OnTime_130 5 1 211 1
130 OnTime_130 7 1 166 1
130 OnTime_130 13 1 82 1
130 OnTime_130 19 1 191 1
130 OnTime_130 20 1 168 1
130 OnTime_130 22 1 211 1
130 OnTime_130 23 1 241 1
130 OnTime_130 24 1 111 1
131 OnTime_131 2 1 171 1
131 OnTime_131 5 1 222 1
131 OnTime_131 13 1 171 1
131 OnTime_131 19 1 42 1
131 OnTime_131 20 1 222 1
131 OnTime_131 22 1 50 1
131 OnTime_131 23 1 137 1
131 OnTime_131 24 1 111 1
131 OnTime_131 27 1 218 1
132 OnTime_132 5 1 135 1
132 OnTime_132 7 1 135 1
132 OnTime_132 13 1 175 1
132 OnTime_132 19 1 167 1
132 OnTime_132 20 1 168 1
132 OnTime_132 23 1 78 1
132 OnTime_132 24 1 109 1
132 OnTime_132 27 1 148 1
133 OnTime_133 2 1 133 1
133 OnTime_133 5 1 106 1
133 OnTime_133 7 1 166 1
133 OnTime_133 13 1 104 1
133 OnTime_133 19 1 148 1
133 OnTime_133 20 1 140 1
133 OnTime_133 22 1 152 1
133 OnTime_133 23 1 103 1
133 OnTime_133 24 1 97 1
133 OnTime_133 27 1 203 1
134 OnTime_134 2 1 115 1
134 OnTime_134 5 1 180 1
134 OnTime_134 7 1 74 1
134 OnTime_134 13 1 122 1
134 OnTime_134 19 1 161 1
134 OnTime_134 20 1 222 1
134 OnTime_134 22 1 152 1
134 OnTime_134 23 1 100 1
134 OnTime_134 27 1 74 1
135 OnTime_135 2 1 95 1
135 OnTime_135 13 1 122 1
135 OnTime_135 19 1 72 1
135 OnTime_135 20 1 129 1
135 OnTime_135 22 1 72 1
135 OnTime_135 23 1 178 1
135 OnTime_135 24 1 226 1
135 OnTime_135 27 1 95 1
136 OnTime_136 2 1 86 1
136 OnTime_136 5 1 96 1
136 OnTime_136 7 1 131 1
136 OnTime_136 19 1 157 1
136 OnTime_136 20 1 140 1
136 OnTime_136 22 1 50 1
136 OnTime_136 23 1 137 1
136 OnTime_136 24 1 131 1
136 OnTime_136 27 1 216 1
137 OnTime_137 2 1 115 1
137 OnTime_137 7 1 176 1
137 OnTime_137 13 1 61 1
137 OnTime_137 19 1 167 1
137 OnTime_137 20 1 196 1
137 OnTime_137 22 1 79 1
137 OnTime_137 23 1 100 1
137 OnTime_137 24 1 207 1
137 OnTime_137 27 1 146 1
138 OnTime_138 2 1 115 1
138 OnTime_138 5 1 211 1
138 OnTime_138 7 1 118 1
138 OnTime_138 20 1 222 1
138 OnTime_138 22 1 211 1
138 OnTime_138 23 1 103 1
138 OnTime_138 24 1 149 1
138 OnTime_138 27 1 222 1
139 OnTime_139 2 1 121 1
139 OnTime_139 5 1 144 1
139 OnTime_139 7 1 236 1
139 OnTime_139 13 1 158 1
139 OnTime_139 19 1 58 1
139 OnTime_139 20 1 222 1
139 OnTime_139 22 1 50 1
139 OnTime_139 23 1 137 1
139 OnTime_139 24 1 121 1
139 OnTime_139 27 1 95 1
140 OnTime_140 2 1 86 1
140 OnTime_140 5 1 131 1
140 OnTime_140 7 1 131 1
140 OnTime_140 13 1 61 1
140 OnTime_140 19 1 161 1
140 OnTime_140 20 1 184 1
140 OnTime_140 22 1 179 1
140 OnTime_140 23 1 137 1
140 OnTime_140 24 1 149 1
140 OnTime_140 27 1 153 1
141 OnTime_141 2 1 86 1
141 OnTime_141 7 1 164 1
141 OnTime_141 13 1 158 1
141 OnTime_141 19 1 142 1
141 OnTime_141 20 1 126 1
141 OnTime_141 22 1 133 1
141 OnTime_141 23 1 66 1
141 OnTime_141 24 1 154 1
141 OnTime_141 27 1 187 1
142 OnTime_142 2 1 95 1
142 OnTime_142 5 1 148 1
142 OnTime_142 7 1 176 1
142 OnTime_142 13 1 66 1
142 OnTime_142 19 1 142 1
142 OnTime_142 20 1 54 1
142 OnTime_142 23 1 100 1
142 OnTime_142 24 1 62 1
142 OnTime_142 27 1 95 1
143 OnTime_143 13 1 160 1
143 OnTime_143 19 1 132 1
143 OnTime_143 22 1 152 1
143 OnTime_143 23 1 137 1
143 OnTime_143 27 1 187 1
144 OnTime_144 5 1 104 1
144 OnTime_144 7 1 145 1
144 OnTime_144 13 1 104 1
144 OnTime_144 19 1 193 1
144 OnTime_144 20 1 54 1
144 OnTime_144 22 1 141 1
144 OnTime_144 23 1 103 1
144 OnTime_144 24 1 131 1
144 OnTime_144 27 1 223 1
145 OnTime_145 2 1 115 1
145 OnTime_145 5 1 135 1
145 OnTime_145 7 1 118 1
145 OnTime_145 13 1 205 1
145 OnTime_145 19 1 167 1
145 OnTime_145 20 1 140 1
145 OnTime_145 22 1 141 1
145 OnTime_145 23 1 137 1
145 OnTime_145 24 1 218 1
145 OnTime_145 27 1 64 1
146 OnTime_146 5 1 156 1
146 OnTime_146 7 1 87 1
146 OnTime_146 13 1 170 1
146 OnTime_146 19 1 142 1
146 OnTime_146 20 1 129 1
146 OnTime_146 23 1 69 1
146 OnTime_146 24 1 111 1
146 OnTime_146 27 1 64 1
147 OnTime_147 2 1 115 1
147 OnTime_147 5 1 156 1
147 OnTime_147 13 1 160 1
147 OnTime_147 19 1 170 1
147 OnTime_147 20 1 54 1
147 OnTime_147 22 1 106 1
147 OnTime_147 23 1 103 1
147 OnTime_147 24 1 111 1
147 OnTime_147 27 1 148 1
148 OnTime_148 2 1 133 1
148 OnTime_148 5 1 211 1
148 OnTime_148 7 1 166 1
148 OnTime_148 13 1 82 1
148 OnTime_148 19 1 147 1
148 OnTime_148 20 1 184 1
148 OnTime_148 22 1 211 1
148 OnTime_148 23 1 178 1
148 OnTime_148 24 1 213 1
148 OnTime_148 27 1 153 1
149 OnTime_149 2 1 60 1
149 OnTime_149 5 1 180 1
149 OnTime_149 7 1 87 1
149 OnTime_149 13 1 246 1
149 OnTime_149 19 1 167 1
149 OnTime_149 20 1 74 1
149 OnTime_149 22 1 50 1
149 OnTime_149 23 1 168 1
149 OnTime_149 24 1 126 1
149 OnTime_149 27 1 187 1
150 OnTime_150 2 1 152 1
150 OnTime_150 5 1 144 1
150 OnTime_150 13 1 170 1
150 OnTime_150 19 1 193 1
150 OnTime_150 20 1 140 1
150 OnTime_150 22 1 152 1
150 OnTime_150 23 1 67 1
150 OnTime_150 24 1 226 1
150 OnTime_150 27 1 130 1
151 OnTime_151 2 1 159 1
151 OnTime_151 5 1 106 1
151 OnTime_151 7 1 118 1
151 OnTime_151 13 1 172 1
151 OnTime_151 19 1 72 1
151 OnTime_151 20 1 174 1
151 OnTime_151 22 1 106 1
151 OnTime_151 23 1 55 1
151 OnTime_151 24 1 97 1
151 OnTime_151 27 1 33 1
152 OnTime_152 2 1 155 1
152 OnTime_152 5 1 148 1
152 OnTime_152 7 1 118 1
152 OnTime_152 13 1 172 1
152 OnTime_152 19 1 132 1
152 OnTime_152 20 1 184 1
152 OnTime_152 22 1 97 1
152 OnTime_152 23 1 137 1
152 OnTime_152 24 1 109 1
152 OnTime_152 27 1 64 1
153 OnTime_153 2 1 95 1
153 OnTime_153 5 1 211 1
153 OnTime_153 7 1 131 1
153 OnTime_153 13 1 122 1
153 OnTime_153 19 1 161 1
153 OnTime_153 20 1 211 1
153 OnTime_153 22 1 211 1
153 OnTime_153 23 1 100 1
153 OnTime_153 24 1 190 1
153 OnTime_153 27 1 95 1
154 OnTime_154 2 1 121 1
154 OnTime_154 5 1 116 1
154 OnTime_154 7 1 176 1
154 OnTime_154 13 1 172 1
154 OnTime_154 19 1 58 1
154 OnTime_154 23 1 66 1
154 OnTime_154 24 1 218 1
154 OnTime_154 27 1 148 1
155 OnTime_155 2 1 86 1
155 OnTime_155 5 1 144 1
155 OnTime_155 7 1 131 1
155 OnTime_155 13 1 160 1
155 OnTime_155 19 1 58 1
155 OnTime_155 20 1 222 1
155 OnTime_155 23 1 168 1
155 OnTime_155 24 1 131 1
155 OnTime_155 27 1 95 1
156 OnTime_156 5 1 148 1
156 OnTime_156 7 1 176 1
156 OnTime_156 19 1 148 1
156 OnTime_156 20 1 129 1
156 OnTime_156 22 1 50 1
156 OnTime_156 23 1 67 1
156 OnTime_156 24 1 197 1
156 OnTime_156 27 1 33 1
157 OnTime_157 2 1 155 1
157 OnTime_157 7 1 65 1
157 OnTime_157 13 1 246 1
157 OnTime_157 20 1 140 1
157 OnTime_157 22 1 97 1
157 OnTime_157 23 1 235 1
157 OnTime_157 24 1 59 1
157 OnTime_157 27 1 65 1
158 OnTime_158 2 1 86 1
158 OnTime_158 5 1 148 1
158 OnTime_158 7 1 145 1
158 OnTime_158 13 1 210 1
158 OnTime_158 19 1 193 1
158 OnTime_158 22 1 179 1
158 OnTime_158 23 1 137 1
158 OnTime_158 24 1 111 1
158 OnTime_158 27 1 49 1
159 OnTime_159 2 1 155 1
159 OnTime_159 5 1 135 1
159 OnTime_159 7 1 164 1
159 OnTime_159 13 1 104 1
159 OnTime_159 19 1 147 1
159 OnTime_159 20 1 222 1
159 OnTime_159 22 1 179 1
159 OnTime_159 24 1 154 1
159 OnTime_159 27 1 222 1
160 OnTime_160 5 1 135 1
160 OnTime_160 7 1 135 1
160 OnTime_160 13 1 172 1
160 OnTime_160 19 1 132 1
160 OnTime_160 20 1 174 1
160 OnTime_160 22 1 97 1
160 OnTime_160 23 1 100 1
160 OnTime_160 24 1 190 1
160 OnTime_160 27 1 216 1
161 OnTime_161 2 1 80 1
161 OnTime_161 5 1 135 1
161 OnTime_161 7 1 176 1
161 OnTime_161 13 1 170 1
161 OnTime_161 19 1 248 1
161 OnTime_161 20 1 174 1
161 OnTime_161 22 1 79 1
161 OnTime_161 23 1 178 1
161 OnTime_161 24 1 149 1
161 OnTime_161 27 1 95 1
162 OnTime_162 2 1 115 1
162 OnTime_162 5 1 156 1
162 OnTime_162 7 1 164 1
162 OnTime_162 13 1 66 1
162 OnTime_162 19 1 224 1
162 OnTime_162 20 1 38 1
162 OnTime_162 23 1 55 1
162 OnTime_162 24 1 190 1
162 OnTime_162 27 1 65 1
163 OnTime_163 2 1 115 1
163 OnTime_163 7 1 176 1
163 OnTime_163 13 1 158 1
163 OnTime_163 19 1 161 1
163 OnTime_163 20 1 77 1
163 OnTime_163 22 1 72 1
163 OnTime_163 23 1 78 1
163 OnTime_163 24 1 213 1
163 OnTime_163 27 1 153 1
164 OnTime_164 2 1 159 1
164 OnTime_164 5 1 131 1
164 OnTime_164 7 1 87 1
164 OnTime_164 13 1 172 1
164 OnTime_164 19 1 147 1
164 OnTime_164 20 1 126 1
164 OnTime_164 22 1 133 1
164 OnTime_164 23 1 103 1
164 OnTime_164 24 1 126 1
164 OnTime_164 27 1 153 1
165 OnTime_165 5 1 104 1
165 OnTime_165 7 1 118 1
165 OnTime_165 13 1 104 1
165 OnTime_165 19 1 148 1
165 OnTime_165 20 1 129 1
165 OnTime_165 23 1 103 1
165 OnTime_165 27 1 146 1
166 OnTime_166 2 1 152 1
166 OnTime_166 5 1 106 1
166 OnTime_166 7 1 74 1
166 OnTime_166 13 1 66 1
166 OnTime_166 19 1 132 1
166 OnTime_166 20 1 74 1
166 OnTime_166 22 1 106 1
166 OnTime_166 23 1 66 1
166 OnTime_166 24 1 97 1
166 OnTime_166 27 1 146 1
167 OnTime_167 2 1 152 1
167 OnTime_167 7 1 74 1
167 OnTime_167 13 1 175 1
167 OnTime_167 19 1 58 1
167 OnTime_167 20 1 74 1
167 OnTime_167 22 1 152 1
167 OnTime_167 23 1 51 1
167 OnTime_167 24 1 97 1
167 OnTime_167 27 1 74 1
168 OnTime_168 2 1 155 1
168 OnTime_168 5 1 131 1
168 OnTime_168 7 1 135 1
168 OnTime_168 13 1 170 1
168 OnTime_168 19 1 170 1
168 OnTime_168 20 1 174 1
168 OnTime_168 22 1 179 1
168 OnTime_168 23 1 178 1
168 OnTime_168 24 1 59 1
168 OnTime_168 27 1 146 1
169 OnTime_169 2 1 233 1
169 OnTime_169 5 1 180 1
169 OnTime_169 7 1 87 1
169 OnTime_169 13 1 155 1
169 OnTime_169 19 1 132 1
169 OnTime_169 20 1 140 1
169 OnTime_169 22 1 50 1
169 OnTime_169 23 1 69 1
169 OnTime_169 24 1 226 1
169 OnTime_169 27 1 218 1
170 OnTime_170 2 1 86 1
170 OnTime_170 5 1 180 1
170 OnTime_170 7 1 87 1
170 OnTime_170 13 1 172 1
170 OnTime_170 19 1 157 1
170 OnTime_170 20 1 168 1
170 OnTime_170 22 1 133 1
170 OnTime_170 23 1 168 1
170 OnTime_170 24 1 121 1
171 OnTime_171 2 1 115 1
171 OnTime_171 5 1 135 1
171 OnTime_171 7 1 135 1
171 OnTime_171 13 1 160 1
171 OnTime_171 19 1 132 1
171 OnTime_171 20 1 174 1
171 OnTime_171 22 1 97 1
171 OnTime_171 23 1 103 1
171 OnTime_171 24 1 97 1
172 OnTime_172 2 1 133 1
172 OnTime_172 7 1 166 1
172 OnTime_172 13 1 175 1
172 OnTime_172 20 1 168 1
172 OnTime_172 22 1 133 1
172 OnTime_172 23 1 55 1
172 OnTime_172 24 1 111 1
173 OnTime_173 5 1 156 1
173 OnTime_173 7 1 145 1
173 OnTime_173 13 1 104 1
173 OnTime_173 19 1 72 1
173 OnTime_173 20 1 161 1
173 OnTime_173 22 1 97 1
173 OnTime_173 23 1 103 1
173 OnTime_173 24 1 59 1
173 OnTime_173 27 1 74 1
174 OnTime_174 5 1 96 1
174 OnTime_174 7 1 176 1
174 OnTime_174 13 1 122 1
174 OnTime_174 19 1 161 1
174 OnTime_174 20 1 174 1
174 OnTime_174 22 1 50 1
174 OnTime_174 23 1 69 1
174 OnTime_174 24 1 149 1
175 OnTime_175 2 1 152 1
175 OnTime_175 5 1 222 1
175 OnTime_175 7 1 176 1
175 OnTime_175 13 1 61 1
175 OnTime_175 19 1 148 1
175 OnTime_175 20 1 222 1
175 OnTime_175 22 1 152 1
175 OnTime_175 23 1 103 1
175 OnTime_175 24 1 213 1
175 OnTime_175 27 1 222 1
176 OnTime_176 2 1 86 1
176 OnTime_176 5 1 156 1
176 OnTime_176 13 1 104 1
176 OnTime_176 19 1 72 1
176 OnTime_176 20 1 129 1
176 OnTime_176 22 1 72 1
176 OnTime_176 23 1 166 1
176 OnTime_176 24 1 213 1
176 OnTime_176 27 1 148 1
177 OnTime_177 2 1 133 1
177 OnTime_177 5 1 106 1
177 OnTime_177 7 1 166 1
177 OnTime_177 13 1 210 1
177 OnTime_177 19 1 147 1
177 OnTime_177 20 1 77 1
177 OnTime_177 22 1 141 1
177 OnTime_177 23 1 103 1
177 OnTime_177 24 1 111 1
177 OnTime_177 27 1 17 1
178 OnTime_178 2 1 133 1
178 OnTime_178 5 1 222 1
178 OnTime_178 7 1 145 1
178 OnTime_178 13 1 82 1
178 OnTime_178 19 1 72 1
178 OnTime_178 20 1 168 1
178 OnTime_178 22 1 72 1
178 OnTime_178 23 1 166 1
178 OnTime_178 24 1 190 1
178 OnTime_178 27 1 222 1
179 OnTime_179 2 1 152 1
179 OnTime_179 5 1 156 1
179 OnTime_179 7 1 118 1
179 OnTime_179 19 1 167 1
179 OnTime_179 20 1 184 1
179 OnTime_179 22 1 133 1
179 OnTime_179 23 1 100 1
179 OnTime_179 24 1 190 1
179 OnTime_179 27 1 49 1
180 OnTime_180 2 1 115 1
180 OnTime_180 5 1 131 1
180 OnTime_180 7 1 145 1
180 OnTime_180 13 1 32 1
180 OnTime_180 19 1 148 1
180 OnTime_180 20 1 140 1
180 OnTime_180 22 1 50 1
180 OnTime_180 23 1 66 1
180 OnTime_180 24 1 131 1
180 OnTime_180 27 1 153 1
181 OnTime_181 5 1 96 1
181 OnTime_181 7 1 145 1
181 OnTime_181 13 1 172 1
181 OnTime_181 19 1 58 1
181 OnTime_181 20 1 168 1
181 OnTime_181 23 1 178 1
181 OnTime_181 24 1 213 1
181 OnTime_181 27 1 223 1
182 OnTime_182 2 1 171 1
182 OnTime_182 5 1 104 1
182 OnTime_182 7 1 118 1
182 OnTime_182 13 1 104 1
182 OnTime_182 22 1 97 1
182 OnTime_182 24 1 109 1
182 OnTime_182 27 1 216 1
183 OnTime_183 2 1 133 1
183 OnTime_183 5 1 180 1
183 OnTime_183 7 1 87 1
183 OnTime_183 13 1 158 1
183 OnTime_183 19 1 191 1
183 OnTime_183 20 1 184 1
183 OnTime_183 22 1 141 1
183 OnTime_183 23 1 67 1
183 OnTime_183 27 1 216 1
184 OnTime_184 2 1 60 1
184 OnTime_184 5 1 144 1
184 OnTime_184 7 1 166 1
184 OnTime_184 13 1 158 1
184 OnTime_184 19 1 142 1
184 OnTime_184 20 1 54 1
184 OnTime_184 22 1 50 1
184 OnTime_184 23 1 178 1
184 OnTime_184 24 1 109 1
184 OnTime_184 27 1 33 1
185 OnTime_185 5 1 180 1
185 OnTime_185 7 1 131 1
185 OnTime_185 13 1 122 1
185 OnTime_185 19 1 147 1
185 OnTime_185 20 1 168 1
185 OnTime_185 22 1 41 1
185 OnTime_185 23 1 166 1
185 OnTime_185 24 1 131 1
185 OnTime_185 27 1 153 1
186 OnTime_186 2 1 155 1
186 OnTime_186 5 1 211 1
186 OnTime_186 13 1 172 1
186 OnTime_186 19 1 148 1
186 OnTime_186 20 1 77 1
186 OnTime_186 22 1 97 1
186 OnTime_186 24 1 190 1
186 OnTime_186 27 1 130 1
187 OnTime_187 5 1 148 1
187 OnTime_187 13 1 158 1
187 OnTime_187 19 1 161 1
187 OnTime_187 20 1 161 1
187 OnTime_187 23 1 78 1
187 OnTime_187 24 1 109 1
187 OnTime_187 27 1 227 1
188 OnTime_188 2 1 258 1
188 OnTime_188 13 1 61 1
188 OnTime_188 19 1 191 1
188 OnTime_188 22 1 97 1
188 OnTime_188 24 1 109 1
188 OnTime_188 27 1 130 1
189 OnTime_189 5 1 211 1
189 OnTime_189 7 1 145 1
189 OnTime_189 19 1 147 1
189 OnTime_189 20 1 211 1
189 OnTime_189 22 1 50 1
189 OnTime_189 23 1 78 1
189 OnTime_189 24 1 197 1
189 OnTime_189 27 1 222 1
190 OnTime_190 2 1 95 1
190 OnTime_190 7 1 236 1
190 OnTime_190 13 1 175 1
190 OnTime_190 20 1 129 1
190 OnTime_190 22 1 97 1
190 OnTime_190 23 1 137 1
190 OnTime_190 24 1 97 1
190 OnTime_190 27 1 95 1
191 OnTime_191 2 1 115 1
191 OnTime_191 5 1 106 1
191 OnTime_191 7 1 65 1
191 OnTime_191 13 1 61 1
191 OnTime_191 19 1 132 1
191 OnTime_191 20 1 174 1
191 OnTime_191 22 1 141 1
191 OnTime_191 23 1 78 1
191 OnTime_191 27 1 130 1
192 OnTime_192 2 1 159 1
192 OnTime_192 5 1 148 1
192 OnTime_192 13 1 104 1
192 OnTime_192 19 1 142 1
192 OnTime_192 20 1 211 1
192 OnTime_192 22 1 211 1
192 OnTime_192 23 1 88 1
192 OnTime_192 24 1 111 1
192 OnTime_192 27 1 148 1
193 OnTime_193 2 1 159 1
193 OnTime_193 5 1 96 1
193 OnTime_193 7 1 118 1
193 OnTime_193 13 1 122 1
193 OnTime_193 19 1 161 1
193 OnTime_193 20 1 38 1
193 OnTime_193 22 1 141 1
193 OnTime_193 23 1 178 1
193 OnTime_193 24 1 59 1
193 OnTime_193 27 1 222 1
194 OnTime_194 2 1 152 1
194 OnTime_194 5 1 96 1
194 OnTime_194 7 1 87 1
194 OnTime_194 13 1 82 1
194 OnTime_194 19 1 142 1
194 OnTime_194 20 1 184 1
194 OnTime_194 22 1 152 1
194 OnTime_194 23 1 166 1
194 OnTime_194 24 1 197 1
194 OnTime_194 27 1 49 1
195 OnTime_195 2 1 133 1
195 OnTime_195 7 1 176 1
195 OnTime_195 13 1 82 1
195 OnTime_195 19 1 132 1
195 OnTime_195 22 1 133 1
195 OnTime_195 23 1 166 1
195 OnTime_195 24 1 121 1
195 OnTime_195 27 1 187 1
196 OnTime_196 2 1 258 1
196 OnTime_196 5 1 104 1
196 OnTime_196 7 1 118 1
196 OnTime_196 13 1 160 1
196 OnTime_196 19 1 132 1
196 OnTime_196 20 1 74 1
196 OnTime_196 22 1 179 1
196 OnTime_196 23 1 137 1
196 OnTime_196 24 1 207 1
196 OnTime_196 27 1 74 1
197 OnTime_197 2 1 95 1
197 OnTime_197 5 1 116 1
197 OnTime_197 7 1 166 1
197 OnTime_197 13 1 66 1
197 OnTime_197 19 1 58 1
197 OnTime_197 20 1 74 1
197 OnTime_197 22 1 97 1
197 OnTime_197 23 1 100 1
197 OnTime_197 24 1 149 1
197 OnTime_197 27 1 74 1
198 OnTime_198 2 1 159 1
198 OnTime_198 5 1 135 1
198 OnTime_198 7 1 242 1
198 OnTime_198 13 1 122 1
198 OnTime_198 19 1 147 1
198 OnTime_198 20 1 140 1
198 OnTime_198 22 1 212 1
198 OnTime_198 23 1 66 1
198 OnTime_198 24 1 97 1
198 OnTime_198 27 1 64 1
199 OnTime_199 2 1 133 1
199 OnTime_199 5 1 180 1
199 OnTime_199 7 1 166 1
199 OnTime_199 13 1 104 1
199 OnTime_199 19 1 132 1
199 OnTime_199 20 1 165 1
199 OnTime_199 22 1 133 1
199 OnTime_199 23 1 166 1
199 OnTime_199 24 1 62 1
200 OnTime_200 2 1 86 1
200 OnTime_200 13 1 122 1
200 OnTime_200 19 1 142 1
200 OnTime_200 20 1 184 1
200 OnTime_200 22 1 179 1
200 OnTime_200 23 1 69 1
200 OnTime_200 24 1 213 1
200 OnTime_200 27 1 187 1
