1 OnTime_1 2 1 95 1
1 OnTime_1 4 1 112 1
1 OnTime_1 4 2 215 1
1 OnTime_1 13 1 172 1
1 OnTime_1 13 2 172 1
1 OnTime_1 16 1 123 1
1 OnTime_1 19 1 157 1
1 OnTime_1 19 2 157 1
1 OnTime_1 20 1 211 1
1 OnTime_1 20 2 211 1
1 OnTime_1 23 1 67 1
1 OnTime_1 24 1 109 1
1 OnTime_1 27 1 148 1
1 OnTime_1 30 1 90 1
1 OnTime_1 30 2 90 1
2 OnTime_2 4 1 112 1
2 OnTime_2 4 2 112 1
2 OnTime_2 13 1 61 1
2 OnTime_2 13 2 66 1
2 OnTime_2 16 1 162 1
2 OnTime_2 20 1 174 1
2 OnTime_2 20 2 174 1
2 OnTime_2 23 1 66 1
2 OnTime_2 24 1 62 1
2 OnTime_2 24 2 131 1
2 OnTime_2 27 1 146 1
2 OnTime_2 30 1 126 1
2 OnTime_2 30 2 126 1
3 OnTime_3 2 1 121 1
3 OnTime_3 4 1 119 1
3 OnTime_3 4 2 119 1
3 OnTime_3 13 1 160 1
3 OnTime_3 13 2 160 1
3 OnTime_3 16 1 156 1
3 OnTime_3 19 2 72 1
3 OnTime_3 19 1 157 1
3 OnTime_3 20 2 74 1
3 OnTime_3 20 1 77 1
3 OnTime_3 23 1 137 1
3 OnTime_3 24 2 121 1
3 OnTime_3 24 1 154 1
3 OnTime_3 27 1 74 1
3 OnTime_3 30 1 69 1
3 OnTime_3 30 2 69 1
4 OnTime_4 13 1 172 1
4 OnTime_4 13 2 172 1
4 OnTime_4 19 1 170 1
4 OnTime_4 19 2 193 1
4 OnTime_4 20 1 140 1
4 OnTime_4 20 2 140 1
4 OnTime_4 24 1 213 1
4 OnTime_4 24 2 213 1
4 OnTime_4 27 1 216 1
4 OnTime_4 30 1 90 1
4 OnTime_4 30 2 90 1
5 OnTime_5 2 1 121 1
5 OnTime_5 13 2 42 1
5 OnTime_5 13 1 160 1
5 OnTime_5 16 1 162 1
5 OnTime_5 19 1 42 1
5 OnTime_5 19 2 147 1
5 OnTime_5 20 1 129 1
5 OnTime_5 20 2 129 1
5 OnTime_5 23 1 168 1
5 OnTime_5 24 1 149 1
5 OnTime_5 24 2 149 1
5 OnTime_5 27 1 223 1
5 OnTime_5 30 1 193 1
5 OnTime_5 30 2 193 1
6 OnTime_6 2 1 86 1
6 OnTime_6 4 1 75 1
6 OnTime_6 4 2 119 1
6 OnTime_6 13 1 171 1
6 OnTime_6 13 2 171 1
6 OnTime_6 16 1 161 1
6 OnTime_6 19 1 167 1
6 OnTime_6 19 2 167 1
6 OnTime_6 20 2 161 1
6 OnTime_6 20 1 165 1
6 OnTime_6 23 1 137 1
6 OnTime_6 24 2 121 1
6 OnTime_6 24 1 131 1
6 OnTime_6 27 1 49 1
6 OnTime_6 30 1 134 1
6 OnTime_6 30 2 134 1
7 OnTime_7 2 1 171 1
7 OnTime_7 4 1 84 1
7 OnTime_7 4 2 84 1
7 OnTime_7 13 1 160 1
7 OnTime_7 13 2 242 1
7 OnTime_7 19 1 147 1
7 OnTime_7 19 2 147 1
7 OnTime_7 20 1 140 1
7 OnTime_7 20 2 140 1
7 OnTime_7 23 1 178 1
7 OnTime_7 24 1 97 1
7 OnTime_7 24 2 149 1
7 OnTime_7 27 1 130 1
8 OnTime_8 2 1 133 1
8 OnTime_8 4 1 119 1
8 OnTime_8 4 2 153 1
8 OnTime_8 13 1 171 1
8 OnTime_8 13 2 171 1
8 OnTime_8 16 1 159 1
8 OnTime_8 19 1 167 1
8 OnTime_8 19 2 167 1
8 OnTime_8 20 1 161 1
8 OnTime_8 20 2 161 1
8 OnTime_8 23 1 137 1
8 OnTime_8 24 1 97 1
8 OnTime_8 27 1 153 1
8 OnTime_8 30 1 35 1
8 OnTime_8 30 2 35 1
9 OnTime_9 2 1 171 1
9 OnTime_9 4 1 112 1
9 OnTime_9 4 2 112 1
9 OnTime_9 13 1 160 1
9 OnTime_9 13 2 171 1
9 OnTime_9 16 1 161 1
9 OnTime_9 19 1 132 1
9 OnTime_9 19 2 161 1
9 OnTime_9 20 2 74 1
9 OnTime_9 20 1 165 1
9 OnTime_9 24 1 213 1
9 OnTime_9 24 2 213 1
9 OnTime_9 27 1 74 1
9 OnTime_9 30 1 134 1
9 OnTime_9 30 2 134 1
10 OnTime_10 2 1 171 1
10 OnTime_10 4 1 119 1
10 OnTime_10 4 2 135 1
10 OnTime_10 13 1 104 1
10 OnTime_10 13 2 160 1
10 OnTime_10 16 1 162 1
10 OnTime_10 19 2 72 1
10 OnTime_10 19 1 142 1
10 OnTime_10 20 1 140 1
10 OnTime_10 24 1 226 1
10 OnTime_10 24 2 226 1
11 OnTime_11 2 1 133 1
11 OnTime_11 4 1 112 1
11 OnTime_11 4 2 112 1
11 OnTime_11 13 1 175 1
11 OnTime_11 13 2 175 1
11 OnTime_11 16 1 156 1
11 OnTime_11 19 1 191 1
11 OnTime_11 19 2 191 1
11 OnTime_11 20 1 129 1
11 OnTime_11 20 2 165 1
11 OnTime_11 23 1 66 1
11 OnTime_11 24 1 218 1
11 OnTime_11 24 2 218 1
11 OnTime_11 27 1 153 1
12 OnTime_12 2 1 115 1
12 OnTime_12 4 2 112 1
12 OnTime_12 4 1 119 1
12 OnTime_12 13 1 205 1
12 OnTime_12 13 2 205 1
12 OnTime_12 16 1 162 1
12 OnTime_12 19 1 167 1
12 OnTime_12 19 2 167 1
12 OnTime_12 20 1 196 1
12 OnTime_12 20 2 196 1
12 OnTime_12 23 1 137 1
12 OnTime_12 24 1 207 1
12 OnTime_12 24 2 207 1
12 OnTime_12 27 1 187 1
12 OnTime_12 30 1 69 1
12 OnTime_12 30 2 69 1
13 OnTime_13 2 1 152 1
13 OnTime_13 4 2 84 1
13 OnTime_13 4 1 119 1
13 OnTime_13 13 1 171 1
13 OnTime_13 13 2 171 1
13 OnTime_13 16 1 156 1
13 OnTime_13 19 1 193 1
13 OnTime_13 19 2 193 1
13 OnTime_13 20 1 126 1
13 OnTime_13 20 2 140 1
13 OnTime_13 23 1 88 1
13 OnTime_13 24 1 97 1
13 OnTime_13 24 2 97 1
13 OnTime_13 27 1 146 1
13 OnTime_13 30 1 82 1
13 OnTime_13 30 2 155 1
14 OnTime_14 2 1 80 1
14 OnTime_14 4 1 112 1
14 OnTime_14 4 2 112 1
14 OnTime_14 13 2 104 1
14 OnTime_14 13 1 160 1
14 OnTime_14 16 1 102 1
14 OnTime_14 19 1 142 1
14 OnTime_14 19 2 142 1
14 OnTime_14 20 1 54 1
14 OnTime_14 20 2 54 1
14 OnTime_14 23 1 137 1
14 OnTime_14 24 1 131 1
14 OnTime_14 24 2 131 1
14 OnTime_14 27 1 148 1
15 OnTime_15 2 1 152 1
15 OnTime_15 4 1 112 1
15 OnTime_15 4 2 112 1
15 OnTime_15 13 1 158 1
15 OnTime_15 13 2 175 1
15 OnTime_15 16 1 175 1
15 OnTime_15 19 2 72 1
15 OnTime_15 19 1 148 1
15 OnTime_15 20 2 129 1
15 OnTime_15 20 1 196 1
15 OnTime_15 23 1 166 1
15 OnTime_15 24 1 154 1
15 OnTime_15 24 2 154 1
15 OnTime_15 27 1 216 1
16 OnTime_16 2 1 152 1
16 OnTime_16 4 1 137 1
16 OnTime_16 4 2 137 1
16 OnTime_16 13 1 122 1
16 OnTime_16 16 1 156 1
16 OnTime_16 19 1 142 1
16 OnTime_16 19 2 142 1
16 OnTime_16 20 1 140 1
16 OnTime_16 20 2 140 1
16 OnTime_16 23 1 88 1
16 OnTime_16 24 1 62 1
16 OnTime_16 24 2 62 1
16 OnTime_16 27 1 148 1
16 OnTime_16 30 1 134 1
16 OnTime_16 30 2 134 1
17 OnTime_17 2 1 115 1
17 OnTime_17 4 2 137 1
17 OnTime_17 4 1 215 1
17 OnTime_17 13 1 172 1
17 OnTime_17 13 2 172 1
17 OnTime_17 16 1 41 1
17 OnTime_17 19 1 193 1
17 OnTime_17 19 2 193 1
17 OnTime_17 20 1 165 1
17 OnTime_17 20 2 165 1
17 OnTime_17 23 1 137 1
17 OnTime_17 24 1 149 1
17 OnTime_17 24 2 149 1
17 OnTime_17 27 1 65 1
17 OnTime_17 30 1 134 1
17 OnTime_17 30 2 134 1
18 OnTime_18 2 1 95 1
18 OnTime_18 4 2 119 1
18 OnTime_18 4 1 153 1
18 OnTime_18 13 1 158 1
18 OnTime_18 13 2 172 1
18 OnTime_18 19 1 132 1
18 OnTime_18 19 2 132 1
18 OnTime_18 20 2 126 1
18 OnTime_18 20 1 129 1
18 OnTime_18 23 1 137 1
18 OnTime_18 24 1 131 1
18 OnTime_18 24 2 131 1
18 OnTime_18 27 1 146 1
18 OnTime_18 30 2 90 1
18 OnTime_18 30 1 126 1
19 OnTime_19 2 1 115 1
19 OnTime_19 4 1 119 1
19 OnTime_19 4 2 119 1
19 OnTime_19 13 1 242 1
19 OnTime_19 13 2 242 1
19 OnTime_19 19 1 157 1
19 OnTime_19 19 2 157 1
19 OnTime_19 20 1 38 1
19 OnTime_19 20 2 184 1
19 OnTime_19 24 1 131 1
19 OnTime_19 24 2 131 1
19 OnTime_19 27 1 146 1
19 OnTime_19 30 1 134 1
19 OnTime_19 30 2 134 1
20 OnTime_20 2 1 86 1
20 OnTime_20 4 2 75 1
20 OnTime_20 4 1 135 1
20 OnTime_20 13 2 82 1
20 OnTime_20 13 1 155 1
20 OnTime_20 19 2 147 1
20 OnTime_20 19 1 191 1
20 OnTime_20 20 1 129 1
20 OnTime_20 20 2 129 1
20 OnTime_20 23 1 51 1
20 OnTime_20 24 1 126 1
20 OnTime_20 24 2 154 1
20 OnTime_20 27 1 146 1
20 OnTime_20 30 1 82 1
20 OnTime_20 30 2 155 1
21 OnTime_21 2 1 80 1
21 OnTime_21 4 1 75 1
21 OnTime_21 4 2 75 1
21 OnTime_21 13 1 104 1
21 OnTime_21 13 2 104 1
21 OnTime_21 16 1 159 1
21 OnTime_21 19 2 157 1
21 OnTime_21 19 1 161 1
21 OnTime_21 20 1 126 1
21 OnTime_21 20 2 161 1
21 OnTime_21 23 1 178 1
21 OnTime_21 24 1 121 1
21 OnTime_21 24 2 121 1
21 OnTime_21 27 1 130 1
21 OnTime_21 30 1 109 1
21 OnTime_21 30 2 109 1
22 OnTime_22 2 1 152 1
22 OnTime_22 4 1 119 1
22 OnTime_22 4 2 119 1
22 OnTime_22 13 1 104 1
22 OnTime_22 16 1 102 1
22 OnTime_22 19 1 157 1
22 OnTime_22 19 2 191 1
22 OnTime_22 20 1 168 1
22 OnTime_22 20 2 174 1
22 OnTime_22 23 1 88 1
22 OnTime_22 24 1 59 1
22 OnTime_22 24 2 218 1
22 OnTime_22 27 1 218 1
22 OnTime_22 30 1 109 1
22 OnTime_22 30 2 109 1
23 OnTime_23 4 1 84 1
23 OnTime_23 4 2 84 1
23 OnTime_23 13 1 66 1
23 OnTime_23 13 2 66 1
23 OnTime_23 16 1 123 1
23 OnTime_23 19 1 148 1
23 OnTime_23 19 2 148 1
23 OnTime_23 20 2 126 1
23 OnTime_23 20 1 140 1
23 OnTime_23 23 1 78 1
23 OnTime_23 24 1 126 1
23 OnTime_23 24 2 131 1
23 OnTime_23 30 1 90 1
23 OnTime_23 30 2 90 1
24 OnTime_24 2 1 60 1
24 OnTime_24 4 1 153 1
24 OnTime_24 4 2 153 1
24 OnTime_24 13 2 155 1
24 OnTime_24 13 1 160 1
24 OnTime_24 16 1 123 1
24 OnTime_24 19 1 157 1
24 OnTime_24 19 2 191 1
24 OnTime_24 20 1 74 1
24 OnTime_24 20 2 74 1
24 OnTime_24 23 1 168 1
24 OnTime_24 24 1 149 1
24 OnTime_24 24 2 149 1
24 OnTime_24 27 1 17 1
24 OnTime_24 30 2 51 1
24 OnTime_24 30 1 155 1
25 OnTime_25 2 1 115 1
25 OnTime_25 4 1 135 1
25 OnTime_25 4 2 135 1
25 OnTime_25 16 1 159 1
25 OnTime_25 20 1 165 1
25 OnTime_25 20 2 165 1
25 OnTime_25 23 1 137 1
25 OnTime_25 24 1 126 1
25 OnTime_25 24 2 126 1
25 OnTime_25 27 1 153 1
25 OnTime_25 30 1 69 1
25 OnTime_25 30 2 69 1
26 OnTime_26 4 1 119 1
26 OnTime_26 13 1 205 1
26 OnTime_26 13 2 205 1
26 OnTime_26 16 1 175 1
26 OnTime_26 19 1 142 1
26 OnTime_26 19 2 142 1
26 OnTime_26 20 1 184 1
26 OnTime_26 20 2 184 1
26 OnTime_26 23 1 78 1
26 OnTime_26 24 1 111 1
26 OnTime_26 24 2 111 1
26 OnTime_26 27 1 203 1
27 OnTime_27 2 1 171 1
27 OnTime_27 4 1 135 1
27 OnTime_27 4 2 135 1
27 OnTime_27 13 2 155 1
27 OnTime_27 13 1 160 1
27 OnTime_27 16 1 175 1
27 OnTime_27 19 1 147 1
27 OnTime_27 19 2 191 1
27 OnTime_27 20 1 211 1
27 OnTime_27 20 2 211 1
27 OnTime_27 23 1 66 1
27 OnTime_27 24 1 97 1
27 OnTime_27 24 2 207 1
27 OnTime_27 27 1 207 1
27 OnTime_27 30 2 109 1
27 OnTime_27 30 1 240 1
28 OnTime_28 2 1 115 1
28 OnTime_28 4 1 137 1
28 OnTime_28 4 2 137 1
28 OnTime_28 13 1 158 1
28 OnTime_28 13 2 158 1
28 OnTime_28 16 1 156 1
28 OnTime_28 20 1 140 1
28 OnTime_28 20 2 140 1
28 OnTime_28 23 1 166 1
28 OnTime_28 24 1 149 1
29 OnTime_29 2 1 95 1
29 OnTime_29 4 1 119 1
29 OnTime_29 4 2 137 1
29 OnTime_29 13 1 82 1
29 OnTime_29 13 2 155 1
29 OnTime_29 16 1 70 1
29 OnTime_29 19 1 148 1
29 OnTime_29 19 2 148 1
29 OnTime_29 20 1 74 1
29 OnTime_29 20 2 74 1
29 OnTime_29 23 1 137 1
29 OnTime_29 24 2 97 1
29 OnTime_29 24 1 218 1
29 OnTime_29 27 1 146 1
29 OnTime_29 30 2 82 1
29 OnTime_29 30 1 86 1
30 OnTime_30 2 1 115 1
30 OnTime_30 4 1 126 1
30 OnTime_30 13 1 160 1
30 OnTime_30 13 2 160 1
30 OnTime_30 16 1 156 1
30 OnTime_30 19 1 142 1
30 OnTime_30 19 2 142 1
30 OnTime_30 20 1 77 1
30 OnTime_30 20 2 77 1
30 OnTime_30 23 1 34 1
30 OnTime_30 24 1 121 1
30 OnTime_30 24 2 121 1
30 OnTime_30 27 1 49 1
30 OnTime_30 30 1 109 1
30 OnTime_30 30 2 264 1
31 OnTime_31 2 1 95 1
31 OnTime_31 4 1 135 1
31 OnTime_31 4 2 135 1
31 OnTime_31 13 1 122 1
31 OnTime_31 13 2 122 1
31 OnTime_31 16 1 159 1
31 OnTime_31 19 1 167 1
31 OnTime_31 19 2 167 1
31 OnTime_31 20 1 174 1
31 OnTime_31 20 2 174 1
31 OnTime_31 23 1 88 1
31 OnTime_31 24 1 126 1
31 OnTime_31 24 2 126 1
31 OnTime_31 27 1 146 1
31 OnTime_31 30 1 86 1
31 OnTime_31 30 2 86 1
32 OnTime_32 4 1 135 1
32 OnTime_32 4 2 135 1
32 OnTime_32 13 1 104 1
32 OnTime_32 13 2 104 1
32 OnTime_32 16 1 162 1
32 OnTime_32 23 1 100 1
32 OnTime_32 27 1 187 1
32 OnTime_32 30 1 193 1
32 OnTime_32 30 2 193 1
33 OnTime_33 2 1 95 1
33 OnTime_33 4 1 137 1
33 OnTime_33 4 2 137 1
33 OnTime_33 13 1 82 1
33 OnTime_33 13 2 82 1
33 OnTime_33 19 1 132 1
33 OnTime_33 19 2 167 1
33 OnTime_33 20 1 140 1
33 OnTime_33 20 2 140 1
33 OnTime_33 23 1 241 1
33 OnTime_33 27 1 146 1
33 OnTime_33 30 1 86 1
33 OnTime_33 30 2 86 1
34 OnTime_34 4 2 126 1
34 OnTime_34 4 1 137 1
34 OnTime_34 13 2 104 1
34 OnTime_34 13 1 160 1
34 OnTime_34 16 1 123 1
34 OnTime_34 19 1 72 1
34 OnTime_34 19 2 72 1
34 OnTime_34 20 2 74 1
34 OnTime_34 20 1 211 1
34 OnTime_34 23 1 78 1
34 OnTime_34 24 1 149 1
34 OnTime_34 24 2 226 1
34 OnTime_34 27 1 74 1
34 OnTime_34 30 2 51 1
34 OnTime_34 30 1 126 1
35 OnTime_35 4 2 119 1
35 OnTime_35 4 1 135 1
35 OnTime_35 13 1 104 1
35 OnTime_35 13 2 104 1
35 OnTime_35 16 1 123 1
35 OnTime_35 19 1 167 1
35 OnTime_35 19 2 167 1
35 OnTime_35 20 2 126 1
35 OnTime_35 20 1 165 1
35 OnTime_35 23 1 166 1
35 OnTime_35 24 1 131 1
35 OnTime_35 24 2 131 1
35 OnTime_35 27 1 65 1
35 OnTime_35 30 2 193 1
35 OnTime_35 30 1 262 1
36 OnTime_36 2 1 80 1
36 OnTime_36 4 1 84 1
36 OnTime_36 4 2 84 1
36 OnTime_36 13 2 122 1
36 OnTime_36 13 1 171 1
36 OnTime_36 16 1 157 1
36 OnTime_36 19 2 157 1
36 OnTime_36 19 1 193 1
36 OnTime_36 20 1 211 1
36 OnTime_36 20 2 211 1
36 OnTime_36 23 1 137 1
36 OnTime_36 24 1 131 1
36 OnTime_36 24 2 131 1
36 OnTime_36 27 1 64 1
36 OnTime_36 30 1 134 1
36 OnTime_36 30 2 193 1
37 OnTime_37 4 1 135 1
37 OnTime_37 4 2 215 1
37 OnTime_37 13 1 160 1
37 OnTime_37 13 2 160 1
37 OnTime_37 16 1 102 1
37 OnTime_37 20 1 196 1
37 OnTime_37 20 2 196 1
37 OnTime_37 23 1 66 1
37 OnTime_37 24 1 97 1
37 OnTime_37 24 2 207 1
37 OnTime_37 27 1 207 1
37 OnTime_37 30 1 69 1
37 OnTime_37 30 2 252 1
38 OnTime_38 2 1 152 1
38 OnTime_38 4 1 137 1
38 OnTime_38 4 2 137 1
38 OnTime_38 13 1 104 1
38 OnTime_38 13 2 104 1
38 OnTime_38 16 1 162 1
38 OnTime_38 19 1 224 1
38 OnTime_38 20 1 140 1
38 OnTime_38 20 2 140 1
38 OnTime_38 23 1 69 1
38 OnTime_38 24 1 121 1
38 OnTime_38 24 2 121 1
38 OnTime_38 27 1 203 1
38 OnTime_38 30 1 90 1
38 OnTime_38 30 2 90 1
39 OnTime_39 2 1 115 1
39 OnTime_39 4 1 153 1
39 OnTime_39 4 2 219 1
39 OnTime_39 13 1 172 1
39 OnTime_39 16 1 157 1
39 OnTime_39 19 2 132 1
39 OnTime_39 19 1 167 1
39 OnTime_39 20 1 129 1
39 OnTime_39 20 2 174 1
39 OnTime_39 24 1 149 1
39 OnTime_39 24 2 149 1
39 OnTime_39 27 1 148 1
39 OnTime_39 30 1 134 1
39 OnTime_39 30 2 134 1
40 OnTime_40 2 1 152 1
40 OnTime_40 4 1 135 1
40 OnTime_40 4 2 135 1
40 OnTime_40 16 1 159 1
40 OnTime_40 19 1 147 1
40 OnTime_40 19 2 147 1
40 OnTime_40 20 1 211 1
40 OnTime_40 20 2 211 1
40 OnTime_40 23 1 166 1
40 OnTime_40 24 2 111 1
40 OnTime_40 24 1 149 1
40 OnTime_40 30 1 90 1
40 OnTime_40 30 2 90 1
41 OnTime_41 2 1 115 1
41 OnTime_41 4 2 126 1
41 OnTime_41 4 1 135 1
41 OnTime_41 13 1 104 1
41 OnTime_41 13 2 158 1
41 OnTime_41 16 1 123 1
41 OnTime_41 19 2 142 1
41 OnTime_41 19 1 148 1
41 OnTime_41 20 1 126 1
41 OnTime_41 20 2 140 1
41 OnTime_41 23 1 168 1
41 OnTime_41 24 1 213 1
41 OnTime_41 24 2 226 1
41 OnTime_41 27 1 203 1
41 OnTime_41 30 2 35 1
41 OnTime_41 30 1 193 1
42 OnTime_42 2 1 115 1
42 OnTime_42 4 1 126 1
42 OnTime_42 4 2 126 1
42 OnTime_42 13 1 160 1
42 OnTime_42 13 2 160 1
42 OnTime_42 16 1 102 1
42 OnTime_42 20 1 168 1
42 OnTime_42 20 2 168 1
42 OnTime_42 23 1 88 1
42 OnTime_42 24 1 190 1
42 OnTime_42 24 2 190 1
42 OnTime_42 27 1 203 1
42 OnTime_42 30 1 86 1
42 OnTime_42 30 2 86 1
43 OnTime_43 2 1 133 1
43 OnTime_43 4 1 112 1
43 OnTime_43 4 2 112 1
43 OnTime_43 13 1 210 1
43 OnTime_43 13 2 210 1
43 OnTime_43 19 1 193 1
43 OnTime_43 19 2 193 1
43 OnTime_43 20 1 165 1
43 OnTime_43 20 2 165 1
43 OnTime_43 24 1 149 1
43 OnTime_43 24 2 154 1
43 OnTime_43 27 1 187 1
43 OnTime_43 30 1 134 1
43 OnTime_43 30 2 134 1
44 OnTime_44 2 1 115 1
44 OnTime_44 4 1 135 1
44 OnTime_44 4 2 137 1
44 OnTime_44 13 1 42 1
44 OnTime_44 13 2 42 1
44 OnTime_44 16 1 70 1
44 OnTime_44 19 1 157 1
44 OnTime_44 19 2 170 1
44 OnTime_44 20 1 140 1
44 OnTime_44 20 2 140 1
44 OnTime_44 23 1 137 1
44 OnTime_44 24 1 154 1
44 OnTime_44 24 2 154 1
45 OnTime_45 2 1 152 1
45 OnTime_45 4 1 119 1
45 OnTime_45 4 2 119 1
45 OnTime_45 13 1 158 1
45 OnTime_45 13 2 205 1
45 OnTime_45 16 1 159 1
45 OnTime_45 19 1 142 1
45 OnTime_45 19 2 142 1
45 OnTime_45 20 1 165 1
45 OnTime_45 20 2 165 1
45 OnTime_45 23 1 168 1
45 OnTime_45 24 1 213 1
45 OnTime_45 24 2 213 1
45 OnTime_45 30 2 82 1
45 OnTime_45 30 1 236 1
46 OnTime_46 2 1 115 1
46 OnTime_46 4 2 112 1
46 OnTime_46 4 1 119 1
46 OnTime_46 13 1 82 1
46 OnTime_46 13 2 82 1
46 OnTime_46 16 1 162 1
46 OnTime_46 19 1 148 1
46 OnTime_46 19 2 148 1
46 OnTime_46 20 1 126 1
46 OnTime_46 20 2 165 1
46 OnTime_46 23 1 69 1
46 OnTime_46 24 1 149 1
46 OnTime_46 24 2 149 1
46 OnTime_46 27 1 65 1
46 OnTime_46 30 1 35 1
46 OnTime_46 30 2 35 1
47 OnTime_47 2 1 115 1
47 OnTime_47 4 1 135 1
47 OnTime_47 4 2 135 1
47 OnTime_47 13 2 104 1
47 OnTime_47 13 1 160 1
47 OnTime_47 19 2 147 1
47 OnTime_47 19 1 167 1
47 OnTime_47 20 1 165 1
47 OnTime_47 20 2 184 1
47 OnTime_47 23 1 137 1
47 OnTime_47 24 1 149 1
47 OnTime_47 24 2 154 1
47 OnTime_47 30 1 134 1
47 OnTime_47 30 2 134 1
48 OnTime_48 2 1 159 1
48 OnTime_48 4 1 153 1
48 OnTime_48 4 2 153 1
48 OnTime_48 13 1 122 1
48 OnTime_48 13 2 170 1
48 OnTime_48 16 1 162 1
48 OnTime_48 19 2 142 1
48 OnTime_48 19 1 170 1
48 OnTime_48 20 1 168 1
48 OnTime_48 20 2 168 1
48 OnTime_48 23 1 55 1
48 OnTime_48 24 1 109 1
48 OnTime_48 24 2 109 1
48 OnTime_48 27 1 65 1
48 OnTime_48 30 1 69 1
48 OnTime_48 30 2 69 1
49 OnTime_49 2 1 133 1
49 OnTime_49 4 1 75 1
49 OnTime_49 4 2 112 1
49 OnTime_49 13 1 82 1
49 OnTime_49 13 2 82 1
49 OnTime_49 16 1 218 1
49 OnTime_49 19 1 161 1
49 OnTime_49 19 2 161 1
49 OnTime_49 20 1 126 1
49 OnTime_49 20 2 126 1
49 OnTime_49 23 1 66 1
49 OnTime_49 24 1 154 1
49 OnTime_49 24 2 154 1
49 OnTime_49 27 1 146 1
49 OnTime_49 30 1 134 1
49 OnTime_49 30 2 134 1
50 OnTime_50 2 1 171 1
50 OnTime_50 4 1 126 1
50 OnTime_50 4 2 126 1
50 OnTime_50 13 1 160 1
50 OnTime_50 13 2 171 1
50 OnTime_50 16 1 123 1
50 OnTime_50 20 1 211 1
50 OnTime_50 20 2 211 1
50 OnTime_50 23 1 55 1
50 OnTime_50 24 1 121 1
50 OnTime_50 24 2 121 1
50 OnTime_50 27 1 146 1
50 OnTime_50 30 1 51 1
50 OnTime_50 30 2 51 1
51 OnTime_51 2 1 155 1
51 OnTime_51 4 1 119 1
51 OnTime_51 4 2 137 1
51 OnTime_51 13 1 82 1
51 OnTime_51 13 2 82 1
51 OnTime_51 16 1 156 1
51 OnTime_51 19 1 157 1
51 OnTime_51 19 2 157 1
51 OnTime_51 20 1 77 1
51 OnTime_51 20 2 77 1
51 OnTime_51 23 1 137 1
51 OnTime_51 24 1 109 1
51 OnTime_51 24 2 109 1
51 OnTime_51 27 1 148 1
51 OnTime_51 30 1 69 1
51 OnTime_51 30 2 69 1
52 OnTime_52 2 1 115 1
52 OnTime_52 16 1 156 1
52 OnTime_52 19 1 157 1
52 OnTime_52 19 2 157 1
52 OnTime_52 20 1 126 1
52 OnTime_52 20 2 126 1
52 OnTime_52 23 1 207 1
52 OnTime_52 24 1 62 1
52 OnTime_52 24 2 207 1
52 OnTime_52 27 1 130 1
52 OnTime_52 30 1 193 1
52 OnTime_52 30 2 193 1
53 OnTime_53 2 1 155 1
53 OnTime_53 4 1 137 1
53 OnTime_53 4 2 137 1
53 OnTime_53 13 1 82 1
53 OnTime_53 13 2 82 1
53 OnTime_53 19 1 132 1
53 OnTime_53 19 2 147 1
53 OnTime_53 24 1 121 1
53 OnTime_53 24 2 121 1
53 OnTime_53 27 1 95 1
53 OnTime_53 30 1 109 1
53 OnTime_53 30 2 109 1
54 OnTime_54 4 1 84 1
54 OnTime_54 4 2 137 1
54 OnTime_54 13 1 170 1
54 OnTime_54 13 2 170 1
54 OnTime_54 16 1 102 1
54 OnTime_54 19 1 148 1
54 OnTime_54 19 2 148 1
54 OnTime_54 20 1 165 1
54 OnTime_54 20 2 165 1
54 OnTime_54 23 1 137 1
54 OnTime_54 24 1 97 1
54 OnTime_54 24 2 97 1
54 OnTime_54 27 1 146 1
54 OnTime_54 30 1 82 1
54 OnTime_54 30 2 82 1
55 OnTime_55 2 1 60 1
55 OnTime_55 4 1 219 1
55 OnTime_55 4 2 219 1
55 OnTime_55 13 1 104 1
55 OnTime_55 13 2 104 1
55 OnTime_55 16 1 123 1
55 OnTime_55 19 1 167 1
55 OnTime_55 19 2 167 1
55 OnTime_55 20 1 126 1
55 OnTime_55 20 2 140 1
55 OnTime_55 23 1 178 1
55 OnTime_55 24 1 121 1
55 OnTime_55 24 2 126 1
55 OnTime_55 27 1 146 1
55 OnTime_55 30 2 90 1
55 OnTime_55 30 1 109 1
56 OnTime_56 4 1 119 1
56 OnTime_56 4 2 219 1
56 OnTime_56 13 1 160 1
56 OnTime_56 16 1 207 1
56 OnTime_56 19 1 142 1
56 OnTime_56 19 2 142 1
56 OnTime_56 20 1 140 1
56 OnTime_56 20 2 140 1
56 OnTime_56 23 1 78 1
56 OnTime_56 24 1 149 1
56 OnTime_56 24 2 207 1
56 OnTime_56 27 1 146 1
57 OnTime_57 2 1 133 1
57 OnTime_57 4 1 75 1
57 OnTime_57 4 2 75 1
57 OnTime_57 13 1 61 1
57 OnTime_57 13 2 61 1
57 OnTime_57 16 1 156 1
57 OnTime_57 19 1 167 1
57 OnTime_57 19 2 167 1
57 OnTime_57 20 1 74 1
57 OnTime_57 20 2 74 1
57 OnTime_57 24 1 149 1
57 OnTime_57 24 2 154 1
57 OnTime_57 27 1 130 1
57 OnTime_57 30 1 126 1
57 OnTime_57 30 2 134 1
58 OnTime_58 2 1 121 1
58 OnTime_58 4 2 112 1
58 OnTime_58 4 1 153 1
58 OnTime_58 13 1 122 1
58 OnTime_58 13 2 122 1
58 OnTime_58 16 1 162 1
58 OnTime_58 19 1 161 1
58 OnTime_58 19 2 161 1
58 OnTime_58 20 1 168 1
58 OnTime_58 20 2 168 1
58 OnTime_58 23 1 88 1
58 OnTime_58 24 1 149 1
58 OnTime_58 24 2 149 1
58 OnTime_58 27 1 203 1
58 OnTime_58 30 1 155 1
58 OnTime_58 30 2 155 1
59 OnTime_59 2 1 80 1
59 OnTime_59 4 1 153 1
59 OnTime_59 4 2 153 1
59 OnTime_59 13 2 61 1
59 OnTime_59 13 1 158 1
59 OnTime_59 16 1 123 1
59 OnTime_59 19 1 142 1
59 OnTime_59 19 2 142 1
59 OnTime_59 20 2 74 1
59 OnTime_59 20 1 165 1
59 OnTime_59 23 1 166 1
59 OnTime_59 24 1 154 1
59 OnTime_59 24 2 154 1
59 OnTime_59 27 1 74 1
59 OnTime_59 30 1 51 1
59 OnTime_59 30 2 51 1
60 OnTime_60 2 1 133 1
60 OnTime_60 4 1 84 1
60 OnTime_60 4 2 215 1
60 OnTime_60 13 1 104 1
60 OnTime_60 13 2 104 1
60 OnTime_60 16 1 70 1
60 OnTime_60 19 1 42 1
60 OnTime_60 19 2 42 1
60 OnTime_60 20 1 126 1
60 OnTime_60 20 2 129 1
60 OnTime_60 23 1 51 1
60 OnTime_60 24 1 59 1
60 OnTime_60 24 2 126 1
60 OnTime_60 27 1 148 1
60 OnTime_60 30 1 69 1
60 OnTime_60 30 2 69 1
61 OnTime_61 2 1 155 1
61 OnTime_61 4 1 153 1
61 OnTime_61 4 2 153 1
61 OnTime_61 13 1 42 1
61 OnTime_61 13 2 104 1
61 OnTime_61 16 1 156 1
61 OnTime_61 19 2 42 1
61 OnTime_61 19 1 191 1
61 OnTime_61 20 1 74 1
61 OnTime_61 20 2 74 1
61 OnTime_61 23 1 103 1
61 OnTime_61 24 1 126 1
61 OnTime_61 24 2 126 1
61 OnTime_61 27 1 49 1
61 OnTime_61 30 1 134 1
61 OnTime_61 30 2 134 1
62 OnTime_62 2 1 86 1
62 OnTime_62 4 1 135 1
62 OnTime_62 4 2 135 1
62 OnTime_62 13 2 66 1
62 OnTime_62 13 1 158 1
62 OnTime_62 16 1 156 1
62 OnTime_62 19 2 147 1
62 OnTime_62 19 1 157 1
62 OnTime_62 20 1 165 1
62 OnTime_62 20 2 165 1
62 OnTime_62 23 1 66 1
62 OnTime_62 24 1 121 1
62 OnTime_62 24 2 121 1
62 OnTime_62 27 1 95 1
62 OnTime_62 30 2 86 1
62 OnTime_62 30 1 109 1
63 OnTime_63 2 1 115 1
63 OnTime_63 4 1 137 1
63 OnTime_63 4 2 137 1
63 OnTime_63 16 1 102 1
63 OnTime_63 19 1 191 1
63 OnTime_63 19 2 191 1
63 OnTime_63 23 1 55 1
63 OnTime_63 24 2 149 1
63 OnTime_63 24 1 154 1
64 OnTime_64 2 1 133 1
64 OnTime_64 4 1 119 1
64 OnTime_64 4 2 153 1
64 OnTime_64 13 1 160 1
64 OnTime_64 13 2 160 1
64 OnTime_64 16 1 157 1
64 OnTime_64 19 1 142 1
64 OnTime_64 19 2 157 1
64 OnTime_64 20 1 184 1
64 OnTime_64 20 2 184 1
64 OnTime_64 24 1 126 1
64 OnTime_64 24 2 154 1
64 OnTime_64 27 1 153 1
64 OnTime_64 30 1 134 1
64 OnTime_64 30 2 134 1
65 OnTime_65 2 1 80 1
65 OnTime_65 4 1 153 1
65 OnTime_65 4 2 153 1
65 OnTime_65 13 1 122 1
65 OnTime_65 13 2 122 1
65 OnTime_65 16 1 102 1
65 OnTime_65 20 1 129 1
65 OnTime_65 20 2 129 1
65 OnTime_65 23 1 166 1
65 OnTime_65 24 2 131 1
65 OnTime_65 24 1 218 1
65 OnTime_65 27 1 207 1
66 OnTime_66 4 1 137 1
66 OnTime_66 4 2 137 1
66 OnTime_66 19 1 161 1
66 OnTime_66 20 1 38 1
66 OnTime_66 20 2 161 1
66 OnTime_66 23 1 166 1
66 OnTime_66 27 1 65 1
67 OnTime_67 2 1 115 1
67 OnTime_67 4 1 126 1
67 OnTime_67 4 2 135 1
67 OnTime_67 13 1 155 1
67 OnTime_67 13 2 171 1
67 OnTime_67 16 1 156 1
67 OnTime_67 19 1 157 1
67 OnTime_67 19 2 157 1
67 OnTime_67 20 2 77 1
67 OnTime_67 20 1 140 1
67 OnTime_67 23 1 137 1
67 OnTime_67 24 1 149 1
67 OnTime_67 24 2 149 1
67 OnTime_67 27 1 153 1
67 OnTime_67 30 1 82 1
67 OnTime_67 30 2 155 1
68 OnTime_68 2 1 152 1
68 OnTime_68 4 1 135 1
68 OnTime_68 4 2 135 1
68 OnTime_68 13 1 66 1
68 OnTime_68 13 2 66 1
68 OnTime_68 16 1 159 1
68 OnTime_68 19 1 72 1
68 OnTime_68 19 2 72 1
68 OnTime_68 20 1 126 1
68 OnTime_68 20 2 211 1
68 OnTime_68 23 1 241 1
68 OnTime_68 24 1 97 1
68 OnTime_68 24 2 126 1
68 OnTime_68 27 1 146 1
68 OnTime_68 30 1 193 1
68 OnTime_68 30 2 193 1
69 OnTime_69 2 1 115 1
69 OnTime_69 4 1 137 1
69 OnTime_69 4 2 137 1
69 OnTime_69 13 1 122 1
69 OnTime_69 13 2 122 1
69 OnTime_69 19 1 167 1
69 OnTime_69 19 2 167 1
69 OnTime_69 20 2 74 1
69 OnTime_69 20 1 140 1
69 OnTime_69 23 1 88 1
69 OnTime_69 24 1 126 1
69 OnTime_69 24 2 126 1
69 OnTime_69 27 1 74 1
69 OnTime_69 30 1 236 1
69 OnTime_69 30 2 236 1
70 OnTime_70 2 1 233 1
70 OnTime_70 4 1 112 1
70 OnTime_70 4 2 112 1
70 OnTime_70 13 1 170 1
70 OnTime_70 13 2 170 1
70 OnTime_70 16 1 159 1
70 OnTime_70 19 1 167 1
70 OnTime_70 19 2 167 1
70 OnTime_70 20 1 129 1
70 OnTime_70 20 2 129 1
70 OnTime_70 23 1 207 1
70 OnTime_70 24 1 131 1
70 OnTime_70 24 2 131 1
70 OnTime_70 27 1 146 1
71 OnTime_71 2 1 133 1
71 OnTime_71 4 1 119 1
71 OnTime_71 4 2 135 1
71 OnTime_71 16 1 156 1
71 OnTime_71 19 1 72 1
71 OnTime_71 19 2 157 1
71 OnTime_71 20 1 74 1
71 OnTime_71 20 2 174 1
71 OnTime_71 23 1 166 1
71 OnTime_71 24 1 149 1
71 OnTime_71 24 2 149 1
71 OnTime_71 27 1 207 1
72 OnTime_72 2 1 133 1
72 OnTime_72 4 1 84 1
72 OnTime_72 4 2 135 1
72 OnTime_72 13 1 160 1
72 OnTime_72 13 2 175 1
72 OnTime_72 16 1 123 1
72 OnTime_72 19 2 148 1
72 OnTime_72 19 1 224 1
72 OnTime_72 20 1 140 1
72 OnTime_72 20 2 184 1
72 OnTime_72 23 1 166 1
72 OnTime_72 24 2 126 1
72 OnTime_72 24 1 149 1
72 OnTime_72 27 1 148 1
72 OnTime_72 30 1 126 1
73 OnTime_73 2 1 133 1
73 OnTime_73 4 1 219 1
73 OnTime_73 4 2 219 1
73 OnTime_73 13 1 104 1
73 OnTime_73 13 2 122 1
73 OnTime_73 16 1 159 1
73 OnTime_73 20 2 54 1
73 OnTime_73 20 1 184 1
73 OnTime_73 23 1 168 1
73 OnTime_73 24 1 121 1
73 OnTime_73 24 2 121 1
73 OnTime_73 27 1 203 1
73 OnTime_73 30 1 69 1
73 OnTime_73 30 2 69 1
74 OnTime_74 2 1 115 1
74 OnTime_74 13 1 160 1
74 OnTime_74 13 2 171 1
74 OnTime_74 16 1 70 1
74 OnTime_74 19 2 72 1
74 OnTime_74 19 1 142 1
74 OnTime_74 20 1 140 1
74 OnTime_74 20 2 140 1
74 OnTime_74 23 1 103 1
74 OnTime_74 27 1 146 1
74 OnTime_74 30 1 134 1
75 OnTime_75 2 1 121 1
75 OnTime_75 4 1 153 1
75 OnTime_75 4 2 153 1
75 OnTime_75 16 1 156 1
75 OnTime_75 19 1 148 1
75 OnTime_75 19 2 148 1
75 OnTime_75 20 1 165 1
75 OnTime_75 20 2 165 1
75 OnTime_75 24 1 97 1
75 OnTime_75 27 1 223 1
75 OnTime_75 30 1 86 1
75 OnTime_75 30 2 86 1
76 OnTime_76 4 2 119 1
76 OnTime_76 4 1 219 1
76 OnTime_76 16 1 123 1
76 OnTime_76 19 1 142 1
76 OnTime_76 19 2 142 1
76 OnTime_76 23 1 103 1
76 OnTime_76 24 1 97 1
76 OnTime_76 24 2 97 1
76 OnTime_76 27 1 146 1
77 OnTime_77 4 1 112 1
77 OnTime_77 4 2 112 1
77 OnTime_77 13 1 104 1
77 OnTime_77 13 2 104 1
77 OnTime_77 16 1 70 1
77 OnTime_77 19 1 148 1
77 OnTime_77 19 2 148 1
77 OnTime_77 20 1 126 1
77 OnTime_77 20 2 126 1
77 OnTime_77 23 1 88 1
77 OnTime_77 24 1 111 1
77 OnTime_77 24 2 111 1
77 OnTime_77 27 1 64 1
77 OnTime_77 30 1 51 1
77 OnTime_77 30 2 51 1
78 OnTime_78 2 1 258 1
78 OnTime_78 4 1 126 1
78 OnTime_78 4 2 126 1
78 OnTime_78 13 2 158 1
78 OnTime_78 13 1 171 1
78 OnTime_78 16 1 162 1
78 OnTime_78 19 1 142 1
78 OnTime_78 19 2 142 1
78 OnTime_78 20 1 161 1
78 OnTime_78 20 2 161 1
78 OnTime_78 23 1 166 1
78 OnTime_78 24 1 149 1
78 OnTime_78 24 2 149 1
78 OnTime_78 27 1 49 1
78 OnTime_78 30 2 90 1
78 OnTime_78 30 1 134 1
79 OnTime_79 4 1 137 1
79 OnTime_79 4 2 137 1
79 OnTime_79 13 1 82 1
79 OnTime_79 13 2 82 1
79 OnTime_79 16 1 70 1
79 OnTime_79 19 1 147 1
79 OnTime_79 19 2 147 1
79 OnTime_79 23 1 178 1
79 OnTime_79 24 1 149 1
79 OnTime_79 24 2 149 1
79 OnTime_79 27 1 49 1
79 OnTime_79 30 1 214 1
79 OnTime_79 30 2 214 1
80 OnTime_80 2 1 115 1
80 OnTime_80 4 1 135 1
80 OnTime_80 4 2 135 1
80 OnTime_80 13 1 170 1
80 OnTime_80 13 2 170 1
80 OnTime_80 16 1 102 1
80 OnTime_80 19 1 147 1
80 OnTime_80 19 2 147 1
80 OnTime_80 20 2 77 1
80 OnTime_80 20 1 129 1
80 OnTime_80 24 2 121 1
80 OnTime_80 24 1 154 1
80 OnTime_80 27 1 74 1
80 OnTime_80 30 1 86 1
80 OnTime_80 30 2 86 1
81 OnTime_81 2 1 115 1
81 OnTime_81 4 1 84 1
81 OnTime_81 4 2 84 1
81 OnTime_81 13 2 155 1
81 OnTime_81 13 1 171 1
81 OnTime_81 16 1 102 1
81 OnTime_81 19 1 147 1
81 OnTime_81 19 2 147 1
81 OnTime_81 23 1 137 1
81 OnTime_81 24 2 62 1
81 OnTime_81 24 1 149 1
81 OnTime_81 27 1 218 1
81 OnTime_81 30 2 134 1
81 OnTime_81 30 1 155 1
82 OnTime_82 2 1 115 1
82 OnTime_82 4 1 112 1
82 OnTime_82 4 2 153 1
82 OnTime_82 13 1 171 1
82 OnTime_82 13 2 171 1
82 OnTime_82 16 1 159 1
82 OnTime_82 19 1 157 1
82 OnTime_82 19 2 157 1
82 OnTime_82 23 1 34 1
82 OnTime_82 24 1 154 1
82 OnTime_82 24 2 154 1
82 OnTime_82 27 1 146 1
82 OnTime_82 30 1 109 1
82 OnTime_82 30 2 109 1
83 OnTime_83 2 1 155 1
83 OnTime_83 13 1 122 1
83 OnTime_83 13 2 155 1
83 OnTime_83 16 1 161 1
83 OnTime_83 19 1 132 1
83 OnTime_83 19 2 147 1
83 OnTime_83 20 1 54 1
83 OnTime_83 20 2 161 1
83 OnTime_83 23 1 24 1
83 OnTime_83 24 1 154 1
83 OnTime_83 24 2 154 1
83 OnTime_83 27 1 146 1
83 OnTime_83 30 1 35 1
83 OnTime_83 30 2 35 1
84 OnTime_84 2 1 86 1
84 OnTime_84 4 1 126 1
84 OnTime_84 4 2 126 1
84 OnTime_84 13 1 160 1
84 OnTime_84 13 2 160 1
84 OnTime_84 16 1 159 1
84 OnTime_84 19 1 148 1
84 OnTime_84 19 2 148 1
84 OnTime_84 20 2 74 1
84 OnTime_84 20 1 161 1
84 OnTime_84 23 1 166 1
84 OnTime_84 24 1 154 1
84 OnTime_84 24 2 154 1
84 OnTime_84 27 1 74 1
84 OnTime_84 30 1 240 1
84 OnTime_84 30 2 240 1
85 OnTime_85 2 1 115 1
85 OnTime_85 4 1 112 1
85 OnTime_85 4 2 112 1
85 OnTime_85 13 1 171 1
85 OnTime_85 16 1 162 1
85 OnTime_85 19 2 148 1
85 OnTime_85 19 1 157 1
85 OnTime_85 20 1 38 1
85 OnTime_85 20 2 38 1
85 OnTime_85 23 1 137 1
85 OnTime_85 24 1 154 1
85 OnTime_85 24 2 154 1
85 OnTime_85 27 1 148 1
85 OnTime_85 30 1 82 1
85 OnTime_85 30 2 82 1
86 OnTime_86 2 1 133 1
86 OnTime_86 4 1 75 1
86 OnTime_86 4 2 75 1
86 OnTime_86 13 1 172 1
86 OnTime_86 13 2 172 1
86 OnTime_86 16 1 70 1
86 OnTime_86 19 1 161 1
86 OnTime_86 19 2 161 1
86 OnTime_86 20 1 74 1
86 OnTime_86 20 2 74 1
86 OnTime_86 23 1 178 1
86 OnTime_86 24 1 121 1
86 OnTime_86 24 2 149 1
86 OnTime_86 27 1 95 1
86 OnTime_86 30 1 90 1
87 OnTime_87 2 1 86 1
87 OnTime_87 4 1 135 1
87 OnTime_87 4 2 135 1
87 OnTime_87 13 1 104 1
87 OnTime_87 13 2 104 1
87 OnTime_87 16 1 162 1
87 OnTime_87 19 2 147 1
87 OnTime_87 19 1 148 1
87 OnTime_87 20 1 211 1
87 OnTime_87 20 2 211 1
87 OnTime_87 23 1 257 1
87 OnTime_87 24 1 62 1
87 OnTime_87 24 2 190 1
87 OnTime_87 27 1 203 1
87 OnTime_87 30 2 86 1
87 OnTime_87 30 1 90 1
88 OnTime_88 2 1 171 1
88 OnTime_88 13 1 104 1
88 OnTime_88 13 2 160 1
88 OnTime_88 19 1 193 1
88 OnTime_88 19 2 193 1
88 OnTime_88 20 1 161 1
88 OnTime_88 20 2 161 1
88 OnTime_88 23 1 88 1
88 OnTime_88 24 1 109 1
88 OnTime_88 24 2 109 1
88 OnTime_88 27 1 130 1
88 OnTime_88 30 1 82 1
88 OnTime_88 30 2 82 1
89 OnTime_89 2 1 152 1
89 OnTime_89 4 1 84 1
89 OnTime_89 4 2 137 1
89 OnTime_89 13 1 104 1
89 OnTime_89 13 2 104 1
89 OnTime_89 16 1 157 1
89 OnTime_89 19 2 157 1
89 OnTime_89 19 1 191 1
89 OnTime_89 20 2 140 1
89 OnTime_89 20 1 165 1
89 OnTime_89 23 1 137 1
89 OnTime_89 24 1 111 1
89 OnTime_89 24 2 111 1
89 OnTime_89 27 1 146 1
89 OnTime_89 30 1 109 1
89 OnTime_89 30 2 109 1
90 OnTime_90 4 1 112 1
90 OnTime_90 4 2 112 1
90 OnTime_90 13 1 172 1
90 OnTime_90 13 2 172 1
90 OnTime_90 16 1 70 1
90 OnTime_90 19 2 148 1
90 OnTime_90 19 1 157 1
90 OnTime_90 20 1 211 1
90 OnTime_90 20 2 211 1
90 OnTime_90 23 1 78 1
90 OnTime_90 24 1 154 1
90 OnTime_90 24 2 154 1
90 OnTime_90 27 1 148 1
90 OnTime_90 30 1 155 1
90 OnTime_90 30 2 155 1
91 OnTime_91 2 1 115 1
91 OnTime_91 4 1 75 1
91 OnTime_91 4 2 75 1
91 OnTime_91 13 1 66 1
91 OnTime_91 13 2 158 1
91 OnTime_91 16 1 161 1
91 OnTime_91 19 1 147 1
91 OnTime_91 19 2 147 1
91 OnTime_91 20 1 38 1
91 OnTime_91 20 2 161 1
91 OnTime_91 23 1 103 1
91 OnTime_91 24 1 149 1
91 OnTime_91 24 2 213 1
91 OnTime_91 27 1 130 1
91 OnTime_91 30 1 109 1
91 OnTime_91 30 2 134 1
92 OnTime_92 2 1 60 1
92 OnTime_92 4 1 219 1
92 OnTime_92 4 2 219 1
92 OnTime_92 13 1 170 1
92 OnTime_92 13 2 170 1
92 OnTime_92 19 1 142 1
92 OnTime_92 19 2 142 1
92 OnTime_92 20 1 196 1
92 OnTime_92 20 2 196 1
92 OnTime_92 23 1 137 1
92 OnTime_92 24 1 109 1
92 OnTime_92 27 1 65 1
92 OnTime_92 30 2 109 1
92 OnTime_92 30 1 126 1
93 OnTime_93 2 1 115 1
93 OnTime_93 4 1 119 1
93 OnTime_93 4 2 119 1
93 OnTime_93 19 1 148 1
93 OnTime_93 19 2 148 1
93 OnTime_93 23 1 166 1
93 OnTime_93 24 1 97 1
93 OnTime_93 24 2 154 1
93 OnTime_93 27 1 65 1
93 OnTime_93 30 1 109 1
93 OnTime_93 30 2 109 1
94 OnTime_94 2 1 152 1
94 OnTime_94 4 1 153 1
94 OnTime_94 4 2 153 1
94 OnTime_94 13 1 158 1
94 OnTime_94 13 2 158 1
94 OnTime_94 16 1 162 1
94 OnTime_94 19 1 191 1
94 OnTime_94 19 2 191 1
94 OnTime_94 20 2 38 1
94 OnTime_94 20 1 140 1
94 OnTime_94 24 2 149 1
94 OnTime_94 24 1 218 1
94 OnTime_94 27 1 203 1
95 OnTime_95 2 1 233 1
95 OnTime_95 4 1 75 1
95 OnTime_95 4 2 75 1
95 OnTime_95 13 1 82 1
95 OnTime_95 13 2 122 1
95 OnTime_95 16 1 70 1
95 OnTime_95 19 1 72 1
95 OnTime_95 19 2 72 1
95 OnTime_95 20 1 126 1
95 OnTime_95 20 2 196 1
95 OnTime_95 23 1 166 1
95 OnTime_95 24 1 121 1
95 OnTime_95 27 1 207 1
95 OnTime_95 30 1 90 1
95 OnTime_95 30 2 90 1
96 OnTime_96 2 1 159 1
96 OnTime_96 4 1 119 1
96 OnTime_96 4 2 119 1
96 OnTime_96 13 1 171 1
96 OnTime_96 13 2 171 1
96 OnTime_96 16 1 156 1
96 OnTime_96 20 1 184 1
96 OnTime_96 20 2 184 1
96 OnTime_96 23 1 238 1
96 OnTime_96 24 1 126 1
96 OnTime_96 24 2 218 1
96 OnTime_96 27 1 146 1
96 OnTime_96 30 2 126 1
96 OnTime_96 30 1 134 1
97 OnTime_97 2 1 152 1
97 OnTime_97 4 1 75 1
97 OnTime_97 4 2 75 1
97 OnTime_97 13 1 104 1
97 OnTime_97 13 2 104 1
97 OnTime_97 16 1 162 1
97 OnTime_97 19 1 167 1
97 OnTime_97 19 2 167 1
97 OnTime_97 20 1 174 1
97 OnTime_97 23 1 78 1
97 OnTime_97 27 1 146 1
98 OnTime_98 2 1 171 1
98 OnTime_98 4 1 75 1
98 OnTime_98 4 2 119 1
98 OnTime_98 13 1 104 1
98 OnTime_98 13 2 155 1
98 OnTime_98 16 1 162 1
98 OnTime_98 19 1 142 1
98 OnTime_98 19 2 148 1
98 OnTime_98 20 1 126 1
98 OnTime_98 20 2 165 1
98 OnTime_98 23 1 88 1
98 OnTime_98 24 1 154 1
98 OnTime_98 24 2 154 1
98 OnTime_98 27 1 148 1
98 OnTime_98 30 2 126 1
98 OnTime_98 30 1 155 1
99 OnTime_99 2 1 152 1
99 OnTime_99 4 1 84 1
99 OnTime_99 4 2 84 1
99 OnTime_99 13 1 122 1
99 OnTime_99 13 2 122 1
99 OnTime_99 16 1 161 1
99 OnTime_99 19 1 142 1
99 OnTime_99 19 2 142 1
99 OnTime_99 20 1 126 1
99 OnTime_99 20 2 165 1
99 OnTime_99 23 1 103 1
99 OnTime_99 24 1 149 1
99 OnTime_99 24 2 190 1
99 OnTime_99 27 1 64 1
99 OnTime_99 30 1 109 1
99 OnTime_99 30 2 109 1
100 OnTime_100 2 1 152 1
100 OnTime_100 4 1 112 1
100 OnTime_100 4 2 112 1
100 OnTime_100 13 1 155 1
100 OnTime_100 13 2 171 1
100 OnTime_100 19 1 167 1
100 OnTime_100 19 2 170 1
100 OnTime_100 20 1 140 1
100 OnTime_100 20 2 140 1
100 OnTime_100 23 1 178 1
100 OnTime_100 24 1 190 1
100 OnTime_100 24 2 190 1
100 OnTime_100 30 1 134 1
100 OnTime_100 30 2 155 1
101 OnTime_101 2 1 80 1
101 OnTime_101 4 1 112 1
101 OnTime_101 4 2 112 1
101 OnTime_101 13 1 172 1
101 OnTime_101 13 2 172 1
101 OnTime_101 16 1 159 1
101 OnTime_101 19 1 142 1
101 OnTime_101 19 2 142 1
101 OnTime_101 20 1 184 1
101 OnTime_101 20 2 184 1
101 OnTime_101 23 1 168 1
101 OnTime_101 24 1 121 1
101 OnTime_101 24 2 121 1
101 OnTime_101 27 1 223 1
101 OnTime_101 30 1 155 1
101 OnTime_101 30 2 155 1
102 OnTime_102 2 1 171 1
102 OnTime_102 4 2 75 1
102 OnTime_102 4 1 119 1
102 OnTime_102 13 2 82 1
102 OnTime_102 13 1 155 1
102 OnTime_102 16 1 102 1
102 OnTime_102 19 1 161 1
102 OnTime_102 19 2 161 1
102 OnTime_102 20 1 165 1
102 OnTime_102 20 2 165 1
102 OnTime_102 23 1 88 1
102 OnTime_102 24 2 126 1
102 OnTime_102 24 1 154 1
102 OnTime_102 27 1 153 1
102 OnTime_102 30 1 126 1
102 OnTime_102 30 2 155 1
103 OnTime_103 2 1 115 1
103 OnTime_103 4 2 112 1
103 OnTime_103 4 1 119 1
103 OnTime_103 13 1 82 1
103 OnTime_103 13 2 82 1
103 OnTime_103 16 1 70 1
103 OnTime_103 19 1 157 1
103 OnTime_103 19 2 157 1
103 OnTime_103 20 1 211 1
103 OnTime_103 20 2 211 1
103 OnTime_103 23 1 78 1
103 OnTime_103 24 1 121 1
103 OnTime_103 24 2 121 1
103 OnTime_103 27 1 146 1
103 OnTime_103 30 1 90 1
103 OnTime_103 30 2 90 1
104 OnTime_104 2 1 152 1
104 OnTime_104 4 1 135 1
104 OnTime_104 4 2 135 1
104 OnTime_104 13 1 104 1
104 OnTime_104 13 2 104 1
104 OnTime_104 19 1 161 1
104 OnTime_104 20 2 161 1
104 OnTime_104 23 1 78 1
104 OnTime_104 24 1 131 1
104 OnTime_104 24 2 131 1
104 OnTime_104 27 1 95 1
104 OnTime_104 30 1 109 1
104 OnTime_104 30 2 109 1
105 OnTime_105 2 1 60 1
105 OnTime_105 4 1 112 1
105 OnTime_105 4 2 137 1
105 OnTime_105 13 1 160 1
105 OnTime_105 13 2 160 1
105 OnTime_105 16 1 102 1
105 OnTime_105 19 1 148 1
105 OnTime_105 19 2 148 1
105 OnTime_105 20 2 74 1
105 OnTime_105 20 1 165 1
105 OnTime_105 23 1 137 1
105 OnTime_105 24 1 131 1
105 OnTime_105 24 2 131 1
105 OnTime_105 27 1 74 1
105 OnTime_105 30 1 155 1
105 OnTime_105 30 2 155 1
106 OnTime_106 2 1 115 1
106 OnTime_106 4 2 75 1
106 OnTime_106 4 1 119 1
106 OnTime_106 13 2 104 1
106 OnTime_106 13 1 155 1
106 OnTime_106 16 1 156 1
106 OnTime_106 19 1 147 1
106 OnTime_106 19 2 147 1
106 OnTime_106 20 1 184 1
106 OnTime_106 23 1 78 1
106 OnTime_106 24 1 226 1
106 OnTime_106 24 2 226 1
106 OnTime_106 27 1 146 1
106 OnTime_106 30 1 109 1
106 OnTime_106 30 2 155 1
107 OnTime_107 2 1 21 1
107 OnTime_107 4 1 126 1
107 OnTime_107 13 2 66 1
107 OnTime_107 13 1 160 1
107 OnTime_107 16 1 161 1
107 OnTime_107 19 1 132 1
107 OnTime_107 19 2 148 1
107 OnTime_107 20 2 161 1
107 OnTime_107 20 1 165 1
107 OnTime_107 23 1 166 1
107 OnTime_107 24 1 131 1
107 OnTime_107 24 2 131 1
107 OnTime_107 27 1 148 1
107 OnTime_107 30 1 134 1
107 OnTime_107 30 2 134 1
108 OnTime_108 2 1 152 1
108 OnTime_108 13 1 172 1
108 OnTime_108 13 2 172 1
108 OnTime_108 16 1 41 1
108 OnTime_108 19 1 42 1
108 OnTime_108 20 1 184 1
108 OnTime_108 20 2 184 1
108 OnTime_108 24 2 97 1
108 OnTime_108 24 1 154 1
108 OnTime_108 27 1 49 1
108 OnTime_108 30 1 109 1
109 OnTime_109 2 1 121 1
109 OnTime_109 4 1 112 1
109 OnTime_109 4 2 112 1
109 OnTime_109 16 1 70 1
109 OnTime_109 20 1 140 1
109 OnTime_109 20 2 140 1
109 OnTime_109 23 1 168 1
109 OnTime_109 24 2 131 1
109 OnTime_109 24 1 154 1
109 OnTime_109 27 1 146 1
109 OnTime_109 30 1 69 1
109 OnTime_109 30 2 69 1
110 OnTime_110 2 1 152 1
110 OnTime_110 13 1 82 1
110 OnTime_110 13 2 82 1
110 OnTime_110 16 1 123 1
110 OnTime_110 19 1 161 1
110 OnTime_110 19 2 161 1
110 OnTime_110 20 1 174 1
110 OnTime_110 20 2 174 1
110 OnTime_110 23 1 67 1
110 OnTime_110 24 2 62 1
110 OnTime_110 24 1 111 1
110 OnTime_110 30 1 134 1
110 OnTime_110 30 2 134 1
111 OnTime_111 2 1 159 1
111 OnTime_111 4 1 135 1
111 OnTime_111 4 2 135 1
111 OnTime_111 13 1 158 1
111 OnTime_111 13 2 158 1
111 OnTime_111 16 1 162 1
111 OnTime_111 19 2 132 1
111 OnTime_111 19 1 147 1
111 OnTime_111 20 1 140 1
111 OnTime_111 24 1 97 1
111 OnTime_111 24 2 97 1
111 OnTime_111 27 1 148 1
111 OnTime_111 30 1 51 1
111 OnTime_111 30 2 51 1
112 OnTime_112 2 1 152 1
112 OnTime_112 4 1 135 1
112 OnTime_112 4 2 137 1
112 OnTime_112 13 1 104 1
112 OnTime_112 13 2 104 1
112 OnTime_112 19 1 132 1
112 OnTime_112 19 2 148 1
112 OnTime_112 23 1 137 1
112 OnTime_112 24 1 121 1
112 OnTime_112 24 2 121 1
112 OnTime_112 27 1 148 1
112 OnTime_112 30 1 155 1
112 OnTime_112 30 2 155 1
113 OnTime_113 2 1 171 1
113 OnTime_113 4 1 119 1
113 OnTime_113 4 2 135 1
113 OnTime_113 13 1 61 1
113 OnTime_113 13 2 171 1
113 OnTime_113 16 1 70 1
113 OnTime_113 19 1 142 1
113 OnTime_113 19 2 142 1
113 OnTime_113 20 1 165 1
113 OnTime_113 20 2 211 1
113 OnTime_113 23 1 34 1
113 OnTime_113 27 1 64 1
113 OnTime_113 30 1 193 1
113 OnTime_113 30 2 193 1
114 OnTime_114 2 1 86 1
114 OnTime_114 4 1 119 1
114 OnTime_114 4 2 119 1
114 OnTime_114 16 1 156 1
114 OnTime_114 19 1 72 1
114 OnTime_114 19 2 72 1
114 OnTime_114 20 1 126 1
114 OnTime_114 20 2 126 1
114 OnTime_114 23 1 137 1
114 OnTime_114 24 1 109 1
114 OnTime_114 24 2 131 1
114 OnTime_114 27 1 203 1
114 OnTime_114 30 1 69 1
114 OnTime_114 30 2 109 1
115 OnTime_115 2 1 80 1
115 OnTime_115 4 1 119 1
115 OnTime_115 4 2 119 1
115 OnTime_115 13 1 158 1
115 OnTime_115 13 2 158 1
115 OnTime_115 19 1 161 1
115 OnTime_115 19 2 161 1
115 OnTime_115 20 1 126 1
115 OnTime_115 20 2 126 1
115 OnTime_115 24 1 131 1
115 OnTime_115 24 2 131 1
115 OnTime_115 30 1 109 1
115 OnTime_115 30 2 109 1
116 OnTime_116 2 1 60 1
116 OnTime_116 4 1 75 1
116 OnTime_116 4 2 75 1
116 OnTime_116 13 1 104 1
116 OnTime_116 13 2 104 1
116 OnTime_116 16 1 156 1
116 OnTime_116 19 1 142 1
116 OnTime_116 19 2 142 1
116 OnTime_116 20 1 140 1
116 OnTime_116 20 2 140 1
116 OnTime_116 23 1 78 1
116 OnTime_116 24 1 131 1
116 OnTime_116 24 2 131 1
116 OnTime_116 27 1 95 1
116 OnTime_116 30 1 86 1
116 OnTime_116 30 2 86 1
117 OnTime_117 2 1 159 1
117 OnTime_117 4 1 137 1
117 OnTime_117 4 2 137 1
117 OnTime_117 13 1 122 1
117 OnTime_117 13 2 122 1
117 OnTime_117 16 1 123 1
117 OnTime_117 19 1 147 1
117 OnTime_117 20 1 129 1
117 OnTime_117 20 2 129 1
117 OnTime_117 23 1 178 1
117 OnTime_117 24 1 149 1
117 OnTime_117 24 2 149 1
117 OnTime_117 30 1 126 1
117 OnTime_117 30 2 126 1
118 OnTime_118 4 1 126 1
118 OnTime_118 4 2 126 1
118 OnTime_118 13 2 61 1
118 OnTime_118 13 1 66 1
118 OnTime_118 16 1 218 1
118 OnTime_118 19 2 132 1
118 OnTime_118 19 1 161 1
118 OnTime_118 20 1 140 1
118 OnTime_118 20 2 140 1
118 OnTime_118 23 1 166 1
118 OnTime_118 24 1 131 1
118 OnTime_118 24 2 218 1
118 OnTime_118 27 1 203 1
118 OnTime_118 30 1 86 1
118 OnTime_118 30 2 86 1
119 OnTime_119 2 1 115 1
119 OnTime_119 13 1 66 1
119 OnTime_119 13 2 66 1
119 OnTime_119 16 1 159 1
119 OnTime_119 19 1 42 1
119 OnTime_119 19 2 42 1
119 OnTime_119 20 1 211 1
119 OnTime_119 20 2 211 1
119 OnTime_119 23 1 103 1
119 OnTime_119 24 1 111 1
119 OnTime_119 24 2 111 1
119 OnTime_119 27 1 65 1
119 OnTime_119 30 1 134 1
120 OnTime_120 2 1 159 1
120 OnTime_120 4 1 75 1
120 OnTime_120 4 2 153 1
120 OnTime_120 13 1 122 1
120 OnTime_120 13 2 175 1
120 OnTime_120 16 1 156 1
120 OnTime_120 19 1 161 1
120 OnTime_120 19 2 161 1
120 OnTime_120 20 2 126 1
120 OnTime_120 20 1 211 1
120 OnTime_120 23 1 100 1
120 OnTime_120 24 1 149 1
120 OnTime_120 24 2 149 1
120 OnTime_120 27 1 153 1
120 OnTime_120 30 1 86 1
120 OnTime_120 30 2 134 1
121 OnTime_121 2 1 86 1
121 OnTime_121 4 1 215 1
121 OnTime_121 4 2 215 1
121 OnTime_121 13 1 155 1
121 OnTime_121 13 2 155 1
121 OnTime_121 19 1 167 1
121 OnTime_121 19 2 167 1
121 OnTime_121 23 1 103 1
121 OnTime_121 24 1 131 1
121 OnTime_121 24 2 131 1
121 OnTime_121 30 1 90 1
121 OnTime_121 30 2 90 1
122 OnTime_122 2 1 152 1
122 OnTime_122 4 1 153 1
122 OnTime_122 4 2 153 1
122 OnTime_122 13 1 82 1
122 OnTime_122 13 2 82 1
122 OnTime_122 16 1 162 1
122 OnTime_122 19 1 132 1
122 OnTime_122 19 2 132 1
122 OnTime_122 20 1 165 1
122 OnTime_122 20 2 165 1
122 OnTime_122 23 1 137 1
122 OnTime_122 24 1 213 1
122 OnTime_122 24 2 218 1
122 OnTime_122 27 1 95 1
122 OnTime_122 30 1 126 1
122 OnTime_122 30 2 126 1
123 OnTime_123 2 1 115 1
123 OnTime_123 4 1 84 1
123 OnTime_123 4 2 84 1
123 OnTime_123 13 1 172 1
123 OnTime_123 13 2 172 1
123 OnTime_123 16 1 175 1
123 OnTime_123 19 1 147 1
123 OnTime_123 19 2 147 1
123 OnTime_123 20 1 184 1
123 OnTime_123 20 2 184 1
123 OnTime_123 24 1 154 1
123 OnTime_123 24 2 154 1
123 OnTime_123 27 1 74 1
123 OnTime_123 30 1 109 1
124 OnTime_124 2 1 86 1
124 OnTime_124 4 1 135 1
124 OnTime_124 4 2 135 1
124 OnTime_124 16 1 162 1
124 OnTime_124 19 1 148 1
124 OnTime_124 19 2 167 1
124 OnTime_124 20 1 174 1
124 OnTime_124 20 2 174 1
124 OnTime_124 23 1 88 1
124 OnTime_124 24 1 62 1
124 OnTime_124 27 1 95 1
124 OnTime_124 30 1 240 1
124 OnTime_124 30 2 240 1
125 OnTime_125 2 1 152 1
125 OnTime_125 4 1 137 1
125 OnTime_125 4 2 137 1
125 OnTime_125 13 1 158 1
125 OnTime_125 13 2 158 1
125 OnTime_125 16 1 156 1
125 OnTime_125 19 1 142 1
125 OnTime_125 19 2 142 1
125 OnTime_125 20 1 140 1
125 OnTime_125 20 2 140 1
125 OnTime_125 23 1 88 1
125 OnTime_125 24 1 97 1
125 OnTime_125 24 2 97 1
125 OnTime_125 27 1 207 1
126 OnTime_126 4 1 112 1
126 OnTime_126 4 2 112 1
126 OnTime_126 13 1 172 1
126 OnTime_126 13 2 172 1
126 OnTime_126 16 1 157 1
126 OnTime_126 19 2 157 1
126 OnTime_126 19 1 167 1
126 OnTime_126 20 1 74 1
126 OnTime_126 20 2 74 1
126 OnTime_126 23 1 88 1
126 OnTime_126 24 1 154 1
126 OnTime_126 24 2 207 1
126 OnTime_126 27 1 207 1
126 OnTime_126 30 1 90 1
126 OnTime_126 30 2 90 1
127 OnTime_127 2 1 152 1
127 OnTime_127 16 1 123 1
127 OnTime_127 19 1 147 1
127 OnTime_127 19 2 147 1
127 OnTime_127 20 1 74 1
127 OnTime_127 20 2 74 1
127 OnTime_127 23 1 88 1
127 OnTime_127 24 1 121 1
127 OnTime_127 24 2 121 1
127 OnTime_127 27 1 33 1
127 OnTime_127 30 2 109 1
127 OnTime_127 30 1 134 1
128 OnTime_128 4 1 75 1
128 OnTime_128 4 2 119 1
128 OnTime_128 13 2 66 1
128 OnTime_128 13 1 122 1
128 OnTime_128 20 1 165 1
128 OnTime_128 20 2 165 1
128 OnTime_128 23 1 66 1
128 OnTime_128 24 1 131 1
128 OnTime_128 24 2 131 1
128 OnTime_128 27 1 153 1
128 OnTime_128 30 1 126 1
128 OnTime_128 30 2 126 1
129 OnTime_129 2 1 115 1
129 OnTime_129 4 1 84 1
129 OnTime_129 4 2 137 1
129 OnTime_129 13 2 175 1
129 OnTime_129 16 1 175 1
129 OnTime_129 19 1 167 1
129 OnTime_129 19 2 167 1
129 OnTime_129 20 1 140 1
129 OnTime_129 20 2 140 1
129 OnTime_129 23 1 137 1
129 OnTime_129 24 1 149 1
129 OnTime_129 24 2 149 1
129 OnTime_129 30 1 90 1
129 OnTime_129 30 2 193 1
130 OnTime_130 2 1 115 1
130 OnTime_130 4 1 137 1
130 OnTime_130 13 1 158 1
130 OnTime_130 13 2 158 1
130 OnTime_130 16 1 156 1
130 OnTime_130 19 1 148 1
130 OnTime_130 19 2 148 1
130 OnTime_130 20 2 38 1
130 OnTime_130 20 1 140 1
130 OnTime_130 23 1 168 1
130 OnTime_130 24 1 121 1
130 OnTime_130 24 2 121 1
130 OnTime_130 27 1 146 1
130 OnTime_130 30 1 134 1
130 OnTime_130 30 2 134 1
131 OnTime_131 2 1 115 1
131 OnTime_131 4 1 137 1
131 OnTime_131 4 2 137 1
131 OnTime_131 13 1 155 1
131 OnTime_131 13 2 172 1
131 OnTime_131 16 1 162 1
131 OnTime_131 19 1 42 1
131 OnTime_131 19 2 42 1
131 OnTime_131 20 1 126 1
131 OnTime_131 20 2 126 1
131 OnTime_131 23 1 34 1
131 OnTime_131 24 1 59 1
131 OnTime_131 24 2 59 1
131 OnTime_131 30 1 90 1
131 OnTime_131 30 2 155 1
132 OnTime_132 2 1 95 1
132 OnTime_132 4 1 135 1
132 OnTime_132 4 2 215 1
132 OnTime_132 13 2 155 1
132 OnTime_132 13 1 171 1
132 OnTime_132 16 1 175 1
132 OnTime_132 19 1 170 1
132 OnTime_132 19 2 170 1
132 OnTime_132 20 1 211 1
132 OnTime_132 20 2 211 1
132 OnTime_132 23 1 66 1
132 OnTime_132 24 2 111 1
132 OnTime_132 24 1 126 1
132 OnTime_132 27 1 74 1
132 OnTime_132 30 2 126 1
132 OnTime_132 30 1 155 1
133 OnTime_133 2 1 152 1
133 OnTime_133 4 1 119 1
133 OnTime_133 4 2 119 1
133 OnTime_133 13 1 155 1
133 OnTime_133 13 2 155 1
133 OnTime_133 16 1 218 1
133 OnTime_133 19 1 147 1
133 OnTime_133 19 2 191 1
133 OnTime_133 20 1 126 1
133 OnTime_133 20 2 126 1
133 OnTime_133 23 1 78 1
133 OnTime_133 24 1 97 1
133 OnTime_133 24 2 97 1
133 OnTime_133 27 1 146 1
133 OnTime_133 30 1 86 1
133 OnTime_133 30 2 134 1
134 OnTime_134 2 1 115 1
134 OnTime_134 4 1 126 1
134 OnTime_134 4 2 126 1
134 OnTime_134 16 1 159 1
134 OnTime_134 19 1 161 1
134 OnTime_134 19 2 161 1
134 OnTime_134 20 1 54 1
134 OnTime_134 20 2 54 1
134 OnTime_134 23 1 88 1
134 OnTime_134 24 1 121 1
134 OnTime_134 24 2 121 1
134 OnTime_134 27 1 148 1
134 OnTime_134 30 1 86 1
134 OnTime_134 30 2 86 1
135 OnTime_135 4 1 137 1
135 OnTime_135 4 2 137 1
135 OnTime_135 16 1 162 1
135 OnTime_135 19 1 161 1
135 OnTime_135 19 2 167 1
135 OnTime_135 20 1 211 1
135 OnTime_135 20 2 211 1
135 OnTime_135 24 1 190 1
135 OnTime_135 24 2 190 1
135 OnTime_135 27 1 148 1
135 OnTime_135 30 1 236 1
135 OnTime_135 30 2 236 1
136 OnTime_136 2 1 115 1
136 OnTime_136 13 1 160 1
136 OnTime_136 13 2 160 1
136 OnTime_136 16 1 123 1
136 OnTime_136 19 2 132 1
136 OnTime_136 19 1 191 1
136 OnTime_136 20 1 211 1
136 OnTime_136 20 2 211 1
136 OnTime_136 23 1 103 1
136 OnTime_136 24 1 97 1
136 OnTime_136 24 2 131 1
136 OnTime_136 27 1 223 1
136 OnTime_136 30 1 155 1
137 OnTime_137 2 1 133 1
137 OnTime_137 4 1 137 1
137 OnTime_137 4 2 137 1
137 OnTime_137 13 1 82 1
137 OnTime_137 13 2 82 1
137 OnTime_137 16 1 159 1
137 OnTime_137 19 2 20 1
137 OnTime_137 19 1 157 1
137 OnTime_137 20 1 126 1
137 OnTime_137 20 2 126 1
137 OnTime_137 23 1 241 1
137 OnTime_137 24 2 149 1
137 OnTime_137 24 1 213 1
137 OnTime_137 27 1 153 1
137 OnTime_137 30 1 109 1
137 OnTime_137 30 2 109 1
138 OnTime_138 2 1 115 1
138 OnTime_138 13 1 61 1
138 OnTime_138 13 2 61 1
138 OnTime_138 16 1 102 1
138 OnTime_138 19 1 142 1
138 OnTime_138 19 2 142 1
138 OnTime_138 20 1 129 1
138 OnTime_138 20 2 129 1
138 OnTime_138 24 2 97 1
138 OnTime_138 24 1 154 1
138 OnTime_138 27 1 218 1
138 OnTime_138 30 1 134 1
138 OnTime_138 30 2 134 1
139 OnTime_139 2 1 115 1
139 OnTime_139 4 1 119 1
139 OnTime_139 4 2 119 1
139 OnTime_139 13 1 82 1
139 OnTime_139 13 2 170 1
139 OnTime_139 16 1 159 1
139 OnTime_139 19 2 142 1
139 OnTime_139 19 1 170 1
139 OnTime_139 20 1 174 1
139 OnTime_139 27 1 130 1
139 OnTime_139 30 2 82 1
139 OnTime_139 30 1 134 1
140 OnTime_140 2 1 86 1
140 OnTime_140 4 1 119 1
140 OnTime_140 4 2 119 1
140 OnTime_140 13 1 61 1
140 OnTime_140 13 2 61 1
140 OnTime_140 16 1 218 1
140 OnTime_140 19 1 167 1
140 OnTime_140 19 2 167 1
140 OnTime_140 20 1 129 1
140 OnTime_140 20 2 129 1
140 OnTime_140 24 1 121 1
140 OnTime_140 24 2 121 1
140 OnTime_140 27 1 148 1
140 OnTime_140 30 1 134 1
140 OnTime_140 30 2 193 1
141 OnTime_141 2 1 121 1
141 OnTime_141 4 1 153 1
141 OnTime_141 4 2 153 1
141 OnTime_141 13 1 160 1
141 OnTime_141 13 2 160 1
141 OnTime_141 16 1 162 1
141 OnTime_141 19 1 132 1
141 OnTime_141 19 2 132 1
141 OnTime_141 20 1 140 1
141 OnTime_141 20 2 222 1
141 OnTime_141 23 1 24 1
141 OnTime_141 24 1 190 1
141 OnTime_141 24 2 190 1
141 OnTime_141 27 1 222 1
141 OnTime_141 30 1 134 1
141 OnTime_141 30 2 134 1
142 OnTime_142 2 1 121 1
142 OnTime_142 13 2 104 1
142 OnTime_142 13 1 171 1
142 OnTime_142 16 1 156 1
142 OnTime_142 19 1 142 1
142 OnTime_142 19 2 142 1
142 OnTime_142 20 1 140 1
142 OnTime_142 20 2 140 1
142 OnTime_142 23 1 66 1
142 OnTime_142 24 1 97 1
142 OnTime_142 27 1 95 1
142 OnTime_142 30 1 69 1
142 OnTime_142 30 2 134 1
143 OnTime_143 2 1 159 1
143 OnTime_143 4 1 126 1
143 OnTime_143 4 2 126 1
143 OnTime_143 13 1 158 1
143 OnTime_143 13 2 170 1
143 OnTime_143 16 1 102 1
143 OnTime_143 19 2 132 1
143 OnTime_143 19 1 170 1
143 OnTime_143 20 1 129 1
143 OnTime_143 20 2 129 1
143 OnTime_143 23 1 166 1
143 OnTime_143 24 1 149 1
143 OnTime_143 24 2 154 1
143 OnTime_143 27 1 130 1
143 OnTime_143 30 1 90 1
143 OnTime_143 30 2 90 1
144 OnTime_144 2 1 115 1
144 OnTime_144 4 1 84 1
144 OnTime_144 4 2 84 1
144 OnTime_144 16 1 162 1
144 OnTime_144 19 1 191 1
144 OnTime_144 19 2 191 1
144 OnTime_144 20 1 196 1
144 OnTime_144 23 1 88 1
144 OnTime_144 24 1 97 1
144 OnTime_144 24 2 121 1
144 OnTime_144 27 1 146 1
144 OnTime_144 30 1 35 1
144 OnTime_144 30 2 35 1
145 OnTime_145 2 1 80 1
145 OnTime_145 4 1 84 1
145 OnTime_145 4 2 153 1
145 OnTime_145 13 1 104 1
145 OnTime_145 13 2 104 1
145 OnTime_145 16 1 175 1
145 OnTime_145 19 1 132 1
145 OnTime_145 19 2 132 1
145 OnTime_145 20 1 140 1
145 OnTime_145 20 2 140 1
145 OnTime_145 23 1 67 1
145 OnTime_145 24 1 121 1
145 OnTime_145 24 2 121 1
145 OnTime_145 27 1 65 1
145 OnTime_145 30 1 51 1
145 OnTime_145 30 2 51 1
146 OnTime_146 2 1 152 1
146 OnTime_146 4 1 137 1
146 OnTime_146 4 2 137 1
146 OnTime_146 13 1 171 1
146 OnTime_146 13 2 171 1
146 OnTime_146 16 1 162 1
146 OnTime_146 19 2 72 1
146 OnTime_146 19 1 142 1
146 OnTime_146 23 1 78 1
146 OnTime_146 24 1 109 1
146 OnTime_146 27 1 146 1
146 OnTime_146 30 2 109 1
146 OnTime_146 30 1 155 1
147 OnTime_147 4 1 135 1
147 OnTime_147 4 2 135 1
147 OnTime_147 13 1 82 1
147 OnTime_147 13 2 82 1
147 OnTime_147 19 1 161 1
147 OnTime_147 19 2 161 1
147 OnTime_147 20 1 129 1
147 OnTime_147 20 2 129 1
147 OnTime_147 23 1 55 1
147 OnTime_147 24 2 62 1
147 OnTime_147 24 1 111 1
147 OnTime_147 27 1 153 1
147 OnTime_147 30 1 109 1
147 OnTime_147 30 2 109 1
148 OnTime_148 2 1 115 1
148 OnTime_148 4 1 112 1
148 OnTime_148 4 2 112 1
148 OnTime_148 13 1 242 1
148 OnTime_148 13 2 242 1
148 OnTime_148 16 1 102 1
148 OnTime_148 19 1 42 1
148 OnTime_148 19 2 42 1
148 OnTime_148 20 1 211 1
148 OnTime_148 20 2 211 1
148 OnTime_148 23 1 168 1
148 OnTime_148 24 1 207 1
148 OnTime_148 24 2 207 1
148 OnTime_148 27 1 95 1
148 OnTime_148 30 1 155 1
148 OnTime_148 30 2 155 1
149 OnTime_149 2 1 133 1
149 OnTime_149 4 2 112 1
149 OnTime_149 4 1 153 1
149 OnTime_149 13 1 61 1
149 OnTime_149 13 2 61 1
149 OnTime_149 16 1 70 1
149 OnTime_149 19 1 132 1
149 OnTime_149 19 2 132 1
149 OnTime_149 20 1 140 1
149 OnTime_149 20 2 140 1
149 OnTime_149 23 1 168 1
149 OnTime_149 24 1 197 1
149 OnTime_149 24 2 197 1
149 OnTime_149 27 1 95 1
149 OnTime_149 30 1 155 1
149 OnTime_149 30 2 155 1
150 OnTime_150 2 1 121 1
150 OnTime_150 4 2 153 1
150 OnTime_150 13 1 82 1
150 OnTime_150 13 2 82 1
150 OnTime_150 16 1 162 1
150 OnTime_150 19 1 72 1
150 OnTime_150 19 2 167 1
150 OnTime_150 24 1 97 1
150 OnTime_150 24 2 131 1
150 OnTime_150 27 1 153 1
150 OnTime_150 30 1 90 1
150 OnTime_150 30 2 90 1
