1 OnTime_1 1 1 512 1
1 OnTime_1 4 1 567 1
1 OnTime_1 7 1 452 1
1 OnTime_1 8 1 295 1
1 OnTime_1 13 1 508 1
1 OnTime_1 17 1 342 1
1 OnTime_1 25 1 286 1
1 OnTime_1 26 1 192 1
1 OnTime_1 27 1 157 1
1 OnTime_1 28 1 363 1
2 OnTime_2 1 1 466 1
2 OnTime_2 4 1 350 1
2 OnTime_2 7 1 452 1
2 OnTime_2 8 1 199 1
2 OnTime_2 13 1 396 1
2 OnTime_2 17 1 663 1
2 OnTime_2 25 1 369 1
2 OnTime_2 26 1 400 1
2 OnTime_2 27 1 480 1
2 OnTime_2 28 1 350 1
3 OnTime_3 1 1 225 1
3 OnTime_3 7 1 495 1
3 OnTime_3 8 1 616 1
3 OnTime_3 13 1 407 1
3 OnTime_3 17 1 520 1
3 OnTime_3 25 1 511 1
3 OnTime_3 26 1 520 1
3 OnTime_3 27 1 495 1
3 OnTime_3 28 1 414 1
4 OnTime_4 1 1 512 1
4 OnTime_4 4 1 122 1
4 OnTime_4 7 1 404 1
4 OnTime_4 8 1 153 1
4 OnTime_4 17 1 173 1
4 OnTime_4 25 1 410 1
4 OnTime_4 26 1 245 1
4 OnTime_4 28 1 219 1
5 OnTime_5 1 1 479 1
5 OnTime_5 4 1 411 1
5 OnTime_5 7 1 414 1
5 OnTime_5 8 1 340 1
5 OnTime_5 13 1 450 1
5 OnTime_5 17 1 505 1
5 OnTime_5 25 1 297 1
5 OnTime_5 26 1 245 1
5 OnTime_5 27 1 477 1
5 OnTime_5 28 1 396 1
6 OnTime_6 1 1 225 1
6 OnTime_6 4 1 348 1
6 OnTime_6 7 1 529 1
6 OnTime_6 13 1 456 1
6 OnTime_6 25 1 511 1
6 OnTime_6 26 1 473 1
6 OnTime_6 27 1 480 1
6 OnTime_6 28 1 513 1
7 OnTime_7 1 1 365 1
7 OnTime_7 4 1 349 1
7 OnTime_7 7 1 414 1
7 OnTime_7 8 1 302 1
7 OnTime_7 13 1 248 1
7 OnTime_7 17 1 445 1
7 OnTime_7 25 1 331 1
7 OnTime_7 26 1 398 1
7 OnTime_7 27 1 248 1
7 OnTime_7 28 1 363 1
8 OnTime_8 1 1 479 1
8 OnTime_8 4 1 674 1
8 OnTime_8 7 1 591 1
8 OnTime_8 8 1 371 1
8 OnTime_8 13 1 652 1
8 OnTime_8 17 1 482 1
8 OnTime_8 25 1 586 1
8 OnTime_8 26 1 392 1
8 OnTime_8 27 1 384 1
8 OnTime_8 28 1 324 1
9 OnTime_9 1 1 431 1
9 OnTime_9 4 1 663 1
9 OnTime_9 7 1 526 1
9 OnTime_9 8 1 517 1
9 OnTime_9 13 1 370 1
9 OnTime_9 17 1 663 1
9 OnTime_9 25 1 331 1
9 OnTime_9 26 1 392 1
9 OnTime_9 27 1 384 1
9 OnTime_9 28 1 279 1
10 OnTime_10 1 1 538 1
10 OnTime_10 4 1 349 1
10 OnTime_10 7 1 501 1
10 OnTime_10 8 1 275 1
10 OnTime_10 13 1 257 1
10 OnTime_10 17 1 275 1
10 OnTime_10 25 1 350 1
10 OnTime_10 26 1 471 1
10 OnTime_10 27 1 423 1
10 OnTime_10 28 1 385 1
11 OnTime_11 1 1 365 1
11 OnTime_11 4 1 567 1
11 OnTime_11 7 1 267 1
11 OnTime_11 8 1 483 1
11 OnTime_11 13 1 533 1
11 OnTime_11 17 1 365 1
11 OnTime_11 25 1 544 1
11 OnTime_11 26 1 159 1
11 OnTime_11 27 1 378 1
11 OnTime_11 28 1 285 1
12 OnTime_12 1 1 345 1
12 OnTime_12 4 1 600 1
12 OnTime_12 7 1 553 1
12 OnTime_12 8 1 302 1
12 OnTime_12 13 1 433 1
12 OnTime_12 17 1 671 1
12 OnTime_12 26 1 476 1
12 OnTime_12 27 1 477 1
12 OnTime_12 28 1 237 1
13 OnTime_13 1 1 512 1
13 OnTime_13 4 1 350 1
13 OnTime_13 7 1 414 1
13 OnTime_13 8 1 517 1
13 OnTime_13 13 1 278 1
13 OnTime_13 17 1 505 1
13 OnTime_13 25 1 586 1
13 OnTime_13 26 1 559 1
13 OnTime_13 27 1 278 1
13 OnTime_13 28 1 414 1
14 OnTime_14 1 1 225 1
14 OnTime_14 4 1 388 1
14 OnTime_14 7 1 501 1
14 OnTime_14 8 1 371 1
14 OnTime_14 13 1 293 1
14 OnTime_14 17 1 530 1
14 OnTime_14 25 1 441 1
14 OnTime_14 26 1 364 1
14 OnTime_14 27 1 480 1
14 OnTime_14 28 1 427 1
15 OnTime_15 1 1 200 1
15 OnTime_15 4 1 567 1
15 OnTime_15 7 1 553 1
15 OnTime_15 8 1 302 1
15 OnTime_15 17 1 365 1
15 OnTime_15 25 1 460 1
15 OnTime_15 26 1 476 1
15 OnTime_15 27 1 157 1
15 OnTime_15 28 1 565 1
16 OnTime_16 4 1 642 1
16 OnTime_16 7 1 526 1
16 OnTime_16 8 1 386 1
16 OnTime_16 13 1 224 1
16 OnTime_16 17 1 202 1
16 OnTime_16 26 1 295 1
16 OnTime_16 27 1 299 1
16 OnTime_16 28 1 532 1
17 OnTime_17 1 1 255 1
17 OnTime_17 7 1 288 1
17 OnTime_17 8 1 235 1
17 OnTime_17 13 1 647 1
17 OnTime_17 17 1 255 1
17 OnTime_17 25 1 570 1
17 OnTime_17 26 1 247 1
17 OnTime_17 27 1 377 1
17 OnTime_17 28 1 154 1
18 OnTime_18 1 1 155 1
18 OnTime_18 4 1 347 1
18 OnTime_18 8 1 364 1
18 OnTime_18 13 1 155 1
18 OnTime_18 17 1 445 1
18 OnTime_18 25 1 475 1
18 OnTime_18 26 1 399 1
18 OnTime_18 27 1 464 1
18 OnTime_18 28 1 350 1
19 OnTime_19 1 1 380 1
19 OnTime_19 4 1 380 1
19 OnTime_19 7 1 507 1
19 OnTime_19 8 1 235 1
19 OnTime_19 13 1 407 1
19 OnTime_19 17 1 530 1
19 OnTime_19 25 1 331 1
19 OnTime_19 26 1 364 1
19 OnTime_19 27 1 289 1
19 OnTime_19 28 1 532 1
20 OnTime_20 1 1 345 1
20 OnTime_20 4 1 349 1
20 OnTime_20 7 1 516 1
20 OnTime_20 8 1 688 1
20 OnTime_20 13 1 652 1
20 OnTime_20 17 1 365 1
20 OnTime_20 26 1 79 1
20 OnTime_20 27 1 477 1
20 OnTime_20 28 1 279 1
21 OnTime_21 1 1 466 1
21 OnTime_21 4 1 348 1
21 OnTime_21 7 1 288 1
21 OnTime_21 8 1 638 1
21 OnTime_21 13 1 508 1
21 OnTime_21 17 1 505 1
21 OnTime_21 25 1 544 1
21 OnTime_21 26 1 210 1
21 OnTime_21 27 1 235 1
21 OnTime_21 28 1 622 1
22 OnTime_22 4 1 347 1
22 OnTime_22 7 1 246 1
22 OnTime_22 8 1 469 1
22 OnTime_22 13 1 396 1
22 OnTime_22 17 1 482 1
22 OnTime_22 25 1 350 1
22 OnTime_22 26 1 473 1
22 OnTime_22 27 1 347 1
22 OnTime_22 28 1 183 1
23 OnTime_23 1 1 466 1
23 OnTime_23 4 1 411 1
23 OnTime_23 7 1 495 1
23 OnTime_23 8 1 458 1
23 OnTime_23 13 1 456 1
23 OnTime_23 17 1 275 1
23 OnTime_23 25 1 511 1
23 OnTime_23 26 1 658 1
23 OnTime_23 27 1 463 1
23 OnTime_23 28 1 411 1
24 OnTime_24 1 1 552 1
24 OnTime_24 4 1 603 1
24 OnTime_24 7 1 373 1
24 OnTime_24 8 1 340 1
24 OnTime_24 13 1 563 1
24 OnTime_24 17 1 671 1
24 OnTime_24 25 1 356 1
24 OnTime_24 26 1 210 1
24 OnTime_24 27 1 423 1
24 OnTime_24 28 1 682 1
25 OnTime_25 1 1 464 1
25 OnTime_25 4 1 300 1
25 OnTime_25 7 1 137 1
25 OnTime_25 8 1 386 1
25 OnTime_25 13 1 407 1
25 OnTime_25 17 1 321 1
25 OnTime_25 25 1 318 1
25 OnTime_25 26 1 424 1
25 OnTime_25 27 1 300 1
25 OnTime_25 28 1 620 1
26 OnTime_26 1 1 376 1
26 OnTime_26 4 1 600 1
26 OnTime_26 8 1 340 1
26 OnTime_26 13 1 257 1
26 OnTime_26 25 1 392 1
26 OnTime_26 26 1 476 1
26 OnTime_26 27 1 378 1
26 OnTime_26 28 1 409 1
27 OnTime_27 1 1 468 1
27 OnTime_27 4 1 329 1
27 OnTime_27 7 1 444 1
27 OnTime_27 8 1 359 1
27 OnTime_27 13 1 224 1
27 OnTime_27 17 1 202 1
27 OnTime_27 25 1 372 1
27 OnTime_27 26 1 98 1
27 OnTime_27 27 1 354 1
27 OnTime_27 28 1 396 1
28 OnTime_28 1 1 501 1
28 OnTime_28 4 1 497 1
28 OnTime_28 7 1 444 1
28 OnTime_28 8 1 469 1
28 OnTime_28 13 1 602 1
28 OnTime_28 17 1 365 1
28 OnTime_28 25 1 628 1
28 OnTime_28 27 1 475 1
29 OnTime_29 1 1 393 1
29 OnTime_29 4 1 609 1
29 OnTime_29 7 1 508 1
29 OnTime_29 8 1 517 1
29 OnTime_29 13 1 456 1
29 OnTime_29 17 1 680 1
29 OnTime_29 25 1 674 1
29 OnTime_29 26 1 424 1
29 OnTime_29 27 1 347 1
29 OnTime_29 28 1 393 1
30 OnTime_30 1 1 155 1
30 OnTime_30 4 1 348 1
30 OnTime_30 7 1 508 1
30 OnTime_30 8 1 386 1
30 OnTime_30 13 1 396 1
30 OnTime_30 25 1 460 1
30 OnTime_30 26 1 245 1
30 OnTime_30 27 1 378 1
30 OnTime_30 28 1 350 1
31 OnTime_31 1 1 512 1
31 OnTime_31 4 1 390 1
31 OnTime_31 7 1 452 1
31 OnTime_31 8 1 498 1
31 OnTime_31 13 1 470 1
31 OnTime_31 17 1 648 1
31 OnTime_31 25 1 331 1
31 OnTime_31 26 1 399 1
31 OnTime_31 27 1 855 1
31 OnTime_31 28 1 350 1
32 OnTime_32 1 1 667 1
32 OnTime_32 4 1 642 1
32 OnTime_32 7 1 508 1
32 OnTime_32 8 1 364 1
32 OnTime_32 13 1 257 1
32 OnTime_32 17 1 202 1
32 OnTime_32 25 1 523 1
32 OnTime_32 26 1 364 1
32 OnTime_32 28 1 350 1
33 OnTime_33 1 1 464 1
33 OnTime_33 4 1 329 1
33 OnTime_33 7 1 373 1
33 OnTime_33 8 1 235 1
33 OnTime_33 13 1 444 1
33 OnTime_33 17 1 262 1
33 OnTime_33 25 1 201 1
33 OnTime_33 26 1 424 1
33 OnTime_33 27 1 300 1
33 OnTime_33 28 1 393 1
34 OnTime_34 1 1 197 1
34 OnTime_34 4 1 314 1
34 OnTime_34 7 1 587 1
34 OnTime_34 8 1 235 1
34 OnTime_34 13 1 396 1
34 OnTime_34 17 1 482 1
34 OnTime_34 25 1 511 1
34 OnTime_34 26 1 471 1
34 OnTime_34 27 1 384 1
34 OnTime_34 28 1 235 1
35 OnTime_35 1 1 468 1
35 OnTime_35 4 1 388 1
35 OnTime_35 7 1 271 1
35 OnTime_35 8 1 638 1
35 OnTime_35 13 1 444 1
35 OnTime_35 17 1 505 1
35 OnTime_35 25 1 460 1
35 OnTime_35 26 1 397 1
35 OnTime_35 27 1 475 1
35 OnTime_35 28 1 409 1
36 OnTime_36 1 1 365 1
36 OnTime_36 4 1 352 1
36 OnTime_36 7 1 507 1
36 OnTime_36 8 1 483 1
36 OnTime_36 13 1 433 1
36 OnTime_36 17 1 663 1
36 OnTime_36 25 1 116 1
36 OnTime_36 26 1 462 1
36 OnTime_36 27 1 676 1
36 OnTime_36 28 1 98 1
37 OnTime_37 1 1 538 1
37 OnTime_37 7 1 485 1
37 OnTime_37 8 1 359 1
37 OnTime_37 13 1 433 1
37 OnTime_37 17 1 397 1
37 OnTime_37 25 1 544 1
37 OnTime_37 26 1 493 1
37 OnTime_37 27 1 501 1
37 OnTime_37 28 1 237 1
38 OnTime_38 1 1 455 1
38 OnTime_38 4 1 380 1
38 OnTime_38 7 1 234 1
38 OnTime_38 8 1 302 1
38 OnTime_38 13 1 397 1
38 OnTime_38 17 1 520 1
38 OnTime_38 25 1 544 1
38 OnTime_38 26 1 471 1
38 OnTime_38 27 1 464 1
38 OnTime_38 28 1 296 1
39 OnTime_39 1 1 393 1
39 OnTime_39 4 1 261 1
39 OnTime_39 7 1 373 1
39 OnTime_39 8 1 582 1
39 OnTime_39 13 1 433 1
39 OnTime_39 17 1 699 1
39 OnTime_39 25 1 201 1
39 OnTime_39 26 1 473 1
39 OnTime_39 27 1 480 1
39 OnTime_39 28 1 237 1
40 OnTime_40 1 1 225 1
40 OnTime_40 4 1 352 1
40 OnTime_40 7 1 267 1
40 OnTime_40 8 1 523 1
40 OnTime_40 13 1 396 1
40 OnTime_40 17 1 405 1
40 OnTime_40 25 1 331 1
40 OnTime_40 26 1 247 1
40 OnTime_40 27 1 464 1
40 OnTime_40 28 1 396 1
41 OnTime_41 1 1 455 1
41 OnTime_41 4 1 348 1
41 OnTime_41 7 1 444 1
41 OnTime_41 8 1 498 1
41 OnTime_41 13 1 444 1
41 OnTime_41 17 1 116 1
41 OnTime_41 25 1 116 1
41 OnTime_41 26 1 520 1
41 OnTime_41 28 1 582 1
42 OnTime_42 1 1 549 1
42 OnTime_42 4 1 261 1
42 OnTime_42 7 1 267 1
42 OnTime_42 8 1 199 1
42 OnTime_42 13 1 470 1
42 OnTime_42 17 1 505 1
42 OnTime_42 25 1 315 1
42 OnTime_42 27 1 354 1
42 OnTime_42 28 1 425 1
43 OnTime_43 1 1 380 1
43 OnTime_43 4 1 380 1
43 OnTime_43 7 1 607 1
43 OnTime_43 8 1 446 1
43 OnTime_43 13 1 433 1
43 OnTime_43 17 1 672 1
43 OnTime_43 25 1 259 1
43 OnTime_43 26 1 471 1
43 OnTime_43 28 1 409 1
44 OnTime_44 1 1 220 1
44 OnTime_44 7 1 452 1
44 OnTime_44 8 1 359 1
44 OnTime_44 13 1 456 1
44 OnTime_44 17 1 411 1
44 OnTime_44 25 1 529 1
44 OnTime_44 26 1 400 1
44 OnTime_44 27 1 677 1
44 OnTime_44 28 1 534 1
45 OnTime_45 1 1 220 1
45 OnTime_45 4 1 350 1
45 OnTime_45 7 1 137 1
45 OnTime_45 8 1 446 1
45 OnTime_45 13 1 397 1
45 OnTime_45 17 1 397 1
45 OnTime_45 25 1 350 1
45 OnTime_45 26 1 397 1
45 OnTime_45 27 1 463 1
45 OnTime_45 28 1 447 1
46 OnTime_46 1 1 345 1
46 OnTime_46 4 1 349 1
46 OnTime_46 7 1 528 1
46 OnTime_46 8 1 275 1
46 OnTime_46 13 1 356 1
46 OnTime_46 17 1 530 1
46 OnTime_46 25 1 356 1
46 OnTime_46 26 1 364 1
46 OnTime_46 27 1 464 1
46 OnTime_46 28 1 237 1
47 OnTime_47 1 1 512 1
47 OnTime_47 4 1 347 1
47 OnTime_47 7 1 526 1
47 OnTime_47 8 1 371 1
47 OnTime_47 13 1 370 1
47 OnTime_47 17 1 262 1
47 OnTime_47 25 1 259 1
47 OnTime_47 26 1 426 1
47 OnTime_47 27 1 501 1
47 OnTime_47 28 1 411 1
48 OnTime_48 1 1 512 1
48 OnTime_48 4 1 470 1
48 OnTime_48 7 1 507 1
48 OnTime_48 8 1 340 1
48 OnTime_48 13 1 563 1
48 OnTime_48 17 1 116 1
48 OnTime_48 25 1 372 1
48 OnTime_48 26 1 132 1
48 OnTime_48 27 1 423 1
48 OnTime_48 28 1 393 1
49 OnTime_49 1 1 177 1
49 OnTime_49 4 1 246 1
49 OnTime_49 7 1 246 1
49 OnTime_49 8 1 302 1
49 OnTime_49 13 1 397 1
49 OnTime_49 17 1 275 1
49 OnTime_49 25 1 523 1
49 OnTime_49 26 1 424 1
49 OnTime_49 27 1 354 1
49 OnTime_49 28 1 534 1
50 OnTime_50 1 1 549 1
50 OnTime_50 4 1 329 1
50 OnTime_50 7 1 139 1
50 OnTime_50 8 1 364 1
50 OnTime_50 13 1 533 1
50 OnTime_50 17 1 445 1
50 OnTime_50 25 1 410 1
50 OnTime_50 26 1 364 1
50 OnTime_50 27 1 533 1
50 OnTime_50 28 1 293 1
51 OnTime_51 1 1 501 1
51 OnTime_51 4 1 350 1
51 OnTime_51 7 1 444 1
51 OnTime_51 8 1 230 1
51 OnTime_51 13 1 248 1
51 OnTime_51 17 1 248 1
51 OnTime_51 25 1 315 1
51 OnTime_51 26 1 282 1
51 OnTime_51 27 1 248 1
51 OnTime_51 28 1 385 1
52 OnTime_52 1 1 549 1
52 OnTime_52 4 1 329 1
52 OnTime_52 7 1 508 1
52 OnTime_52 8 1 486 1
52 OnTime_52 13 1 450 1
52 OnTime_52 17 1 486 1
52 OnTime_52 25 1 511 1
52 OnTime_52 26 1 132 1
52 OnTime_52 27 1 157 1
52 OnTime_52 28 1 447 1
53 OnTime_53 1 1 380 1
53 OnTime_53 4 1 390 1
53 OnTime_53 8 1 712 1
53 OnTime_53 13 1 370 1
53 OnTime_53 17 1 370 1
53 OnTime_53 25 1 441 1
53 OnTime_53 27 1 347 1
53 OnTime_53 28 1 556 1
54 OnTime_54 1 1 538 1
54 OnTime_54 4 1 576 1
54 OnTime_54 7 1 373 1
54 OnTime_54 8 1 340 1
54 OnTime_54 13 1 407 1
54 OnTime_54 17 1 262 1
54 OnTime_54 25 1 259 1
54 OnTime_54 26 1 462 1
54 OnTime_54 27 1 480 1
54 OnTime_54 28 1 425 1
55 OnTime_55 1 1 552 1
55 OnTime_55 4 1 328 1
55 OnTime_55 7 1 444 1
55 OnTime_55 8 1 359 1
55 OnTime_55 13 1 444 1
55 OnTime_55 17 1 699 1
55 OnTime_55 25 1 356 1
55 OnTime_55 26 1 473 1
55 OnTime_55 27 1 423 1
56 OnTime_56 1 1 220 1
56 OnTime_56 4 1 729 1
56 OnTime_56 7 1 373 1
56 OnTime_56 8 1 517 1
56 OnTime_56 13 1 456 1
56 OnTime_56 17 1 671 1
56 OnTime_56 25 1 410 1
56 OnTime_56 26 1 548 1
56 OnTime_56 27 1 242 1
56 OnTime_56 28 1 182 1
57 OnTime_57 1 1 376 1
57 OnTime_57 4 1 300 1
57 OnTime_57 7 1 373 1
57 OnTime_57 8 1 89 1
57 OnTime_57 13 1 431 1
57 OnTime_57 17 1 405 1
57 OnTime_57 26 1 220 1
57 OnTime_57 27 1 242 1
57 OnTime_57 28 1 447 1
58 OnTime_58 1 1 197 1
58 OnTime_58 4 1 122 1
58 OnTime_58 7 1 452 1
58 OnTime_58 8 1 469 1
58 OnTime_58 13 1 433 1
58 OnTime_58 17 1 482 1
58 OnTime_58 25 1 523 1
58 OnTime_58 26 1 426 1
58 OnTime_58 27 1 384 1
58 OnTime_58 28 1 396 1
59 OnTime_59 1 1 466 1
59 OnTime_59 4 1 115 1
59 OnTime_59 7 1 587 1
59 OnTime_59 8 1 275 1
59 OnTime_59 13 1 397 1
59 OnTime_59 17 1 661 1
59 OnTime_59 25 1 99 1
59 OnTime_59 26 1 92 1
59 OnTime_59 27 1 640 1
59 OnTime_59 28 1 534 1
60 OnTime_60 1 1 376 1
60 OnTime_60 4 1 388 1
60 OnTime_60 7 1 516 1
60 OnTime_60 8 1 371 1
60 OnTime_60 13 1 407 1
60 OnTime_60 17 1 342 1
60 OnTime_60 25 1 356 1
60 OnTime_60 26 1 167 1
60 OnTime_60 27 1 300 1
60 OnTime_60 28 1 476 1
61 OnTime_61 1 1 556 1
61 OnTime_61 4 1 328 1
61 OnTime_61 7 1 373 1
61 OnTime_61 8 1 203 1
61 OnTime_61 13 1 397 1
61 OnTime_61 17 1 397 1
61 OnTime_61 25 1 203 1
61 OnTime_61 26 1 397 1
61 OnTime_61 28 1 363 1
62 OnTime_62 1 1 197 1
62 OnTime_62 4 1 221 1
62 OnTime_62 13 1 568 1
62 OnTime_62 25 1 331 1
62 OnTime_62 26 1 544 1
62 OnTime_62 27 1 423 1
62 OnTime_62 28 1 237 1
63 OnTime_63 1 1 455 1
63 OnTime_63 4 1 642 1
63 OnTime_63 7 1 587 1
63 OnTime_63 8 1 498 1
63 OnTime_63 13 1 248 1
63 OnTime_63 17 1 248 1
63 OnTime_63 25 1 335 1
63 OnTime_63 26 1 473 1
63 OnTime_63 27 1 248 1
63 OnTime_63 28 1 285 1
64 OnTime_64 1 1 255 1
64 OnTime_64 4 1 470 1
64 OnTime_64 7 1 591 1
64 OnTime_64 8 1 558 1
64 OnTime_64 13 1 396 1
64 OnTime_64 17 1 505 1
64 OnTime_64 25 1 286 1
64 OnTime_64 26 1 399 1
64 OnTime_64 27 1 423 1
64 OnTime_64 28 1 396 1
65 OnTime_65 1 1 376 1
65 OnTime_65 4 1 411 1
65 OnTime_65 7 1 495 1
65 OnTime_65 8 1 340 1
65 OnTime_65 13 1 433 1
65 OnTime_65 17 1 705 1
65 OnTime_65 25 1 312 1
65 OnTime_65 26 1 559 1
65 OnTime_65 27 1 242 1
65 OnTime_65 28 1 411 1
66 OnTime_66 1 1 225 1
66 OnTime_66 4 1 221 1
66 OnTime_66 7 1 444 1
66 OnTime_66 8 1 340 1
66 OnTime_66 13 1 433 1
66 OnTime_66 17 1 520 1
66 OnTime_66 25 1 511 1
66 OnTime_66 26 1 245 1
66 OnTime_66 27 1 235 1
66 OnTime_66 28 1 235 1
67 OnTime_67 1 1 501 1
67 OnTime_67 4 1 600 1
67 OnTime_67 7 1 267 1
67 OnTime_67 8 1 364 1
67 OnTime_67 13 1 688 1
67 OnTime_67 17 1 648 1
67 OnTime_67 25 1 523 1
67 OnTime_67 26 1 282 1
67 OnTime_67 27 1 129 1
67 OnTime_67 28 1 385 1
68 OnTime_68 1 1 376 1
68 OnTime_68 7 1 516 1
68 OnTime_68 8 1 458 1
68 OnTime_68 13 1 224 1
68 OnTime_68 17 1 342 1
68 OnTime_68 25 1 659 1
68 OnTime_68 26 1 282 1
68 OnTime_68 27 1 463 1
68 OnTime_68 28 1 363 1
69 OnTime_69 1 1 376 1
69 OnTime_69 4 1 246 1
69 OnTime_69 7 1 246 1
69 OnTime_69 8 1 235 1
69 OnTime_69 13 1 246 1
69 OnTime_69 17 1 445 1
69 OnTime_69 25 1 350 1
69 OnTime_69 26 1 210 1
69 OnTime_69 27 1 251 1
69 OnTime_69 28 1 285 1
70 OnTime_70 1 1 177 1
70 OnTime_70 4 1 388 1
70 OnTime_70 8 1 688 1
70 OnTime_70 13 1 257 1
70 OnTime_70 17 1 405 1
70 OnTime_70 25 1 410 1
70 OnTime_70 26 1 471 1
70 OnTime_70 27 1 242 1
70 OnTime_70 28 1 235 1
71 OnTime_71 1 1 727 1
71 OnTime_71 4 1 329 1
71 OnTime_71 7 1 508 1
71 OnTime_71 8 1 302 1
71 OnTime_71 13 1 508 1
71 OnTime_71 17 1 672 1
71 OnTime_71 25 1 259 1
71 OnTime_71 26 1 282 1
71 OnTime_71 27 1 242 1
71 OnTime_71 28 1 363 1
72 OnTime_72 1 1 365 1
72 OnTime_72 4 1 352 1
72 OnTime_72 7 1 373 1
72 OnTime_72 8 1 446 1
72 OnTime_72 13 1 450 1
72 OnTime_72 17 1 202 1
72 OnTime_72 25 1 511 1
72 OnTime_72 26 1 342 1
72 OnTime_72 27 1 463 1
72 OnTime_72 28 1 279 1
73 OnTime_73 1 1 122 1
73 OnTime_73 4 1 122 1
73 OnTime_73 8 1 517 1
73 OnTime_73 13 1 257 1
73 OnTime_73 17 1 124 1
73 OnTime_73 25 1 369 1
73 OnTime_73 26 1 493 1
73 OnTime_73 27 1 539 1
73 OnTime_73 28 1 425 1
74 OnTime_74 1 1 197 1
74 OnTime_74 4 1 603 1
74 OnTime_74 7 1 404 1
74 OnTime_74 8 1 469 1
74 OnTime_74 13 1 407 1
74 OnTime_74 17 1 653 1
74 OnTime_74 25 1 273 1
74 OnTime_74 26 1 399 1
74 OnTime_74 27 1 423 1
74 OnTime_74 28 1 237 1
75 OnTime_75 1 1 201 1
75 OnTime_75 4 1 352 1
75 OnTime_75 7 1 215 1
75 OnTime_75 8 1 523 1
75 OnTime_75 13 1 370 1
75 OnTime_75 17 1 370 1
75 OnTime_75 25 1 201 1
75 OnTime_75 26 1 79 1
75 OnTime_75 27 1 378 1
75 OnTime_75 28 1 324 1
76 OnTime_76 1 1 197 1
76 OnTime_76 4 1 349 1
76 OnTime_76 7 1 529 1
76 OnTime_76 8 1 153 1
76 OnTime_76 13 1 533 1
76 OnTime_76 17 1 342 1
76 OnTime_76 25 1 475 1
76 OnTime_76 26 1 342 1
76 OnTime_76 27 1 463 1
76 OnTime_76 28 1 425 1
77 OnTime_77 1 1 197 1
77 OnTime_77 4 1 392 1
77 OnTime_77 7 1 607 1
77 OnTime_77 8 1 371 1
77 OnTime_77 13 1 356 1
77 OnTime_77 17 1 255 1
77 OnTime_77 25 1 211 1
77 OnTime_77 26 1 220 1
77 OnTime_77 27 1 251 1
77 OnTime_77 28 1 324 1
78 OnTime_78 1 1 455 1
78 OnTime_78 4 1 311 1
78 OnTime_78 7 1 452 1
78 OnTime_78 8 1 498 1
78 OnTime_78 13 1 450 1
78 OnTime_78 17 1 248 1
78 OnTime_78 25 1 369 1
78 OnTime_78 26 1 462 1
78 OnTime_78 27 1 248 1
78 OnTime_78 28 1 513 1
79 OnTime_79 1 1 431 1
79 OnTime_79 4 1 122 1
79 OnTime_79 7 1 246 1
79 OnTime_79 13 1 431 1
79 OnTime_79 17 1 321 1
79 OnTime_79 25 1 176 1
79 OnTime_79 26 1 247 1
79 OnTime_79 28 1 176 1
80 OnTime_80 1 1 455 1
80 OnTime_80 4 1 497 1
80 OnTime_80 7 1 515 1
80 OnTime_80 8 1 386 1
80 OnTime_80 13 1 370 1
80 OnTime_80 17 1 520 1
80 OnTime_80 25 1 115 1
80 OnTime_80 26 1 282 1
80 OnTime_80 27 1 248 1
80 OnTime_80 28 1 363 1
81 OnTime_81 1 1 345 1
81 OnTime_81 4 1 497 1
81 OnTime_81 7 1 452 1
81 OnTime_81 8 1 340 1
81 OnTime_81 13 1 840 1
81 OnTime_81 25 1 369 1
81 OnTime_81 26 1 220 1
81 OnTime_81 27 1 624 1
81 OnTime_81 28 1 324 1
82 OnTime_82 1 1 468 1
82 OnTime_82 4 1 470 1
82 OnTime_82 7 1 139 1
82 OnTime_82 8 1 359 1
82 OnTime_82 13 1 470 1
82 OnTime_82 17 1 445 1
82 OnTime_82 25 1 392 1
82 OnTime_82 26 1 359 1
82 OnTime_82 27 1 539 1
82 OnTime_82 28 1 385 1
83 OnTime_83 1 1 462 1
83 OnTime_83 4 1 352 1
83 OnTime_83 7 1 74 1
83 OnTime_83 8 1 340 1
83 OnTime_83 13 1 444 1
83 OnTime_83 17 1 405 1
83 OnTime_83 25 1 698 1
83 OnTime_83 26 1 282 1
83 OnTime_83 27 1 354 1
83 OnTime_83 28 1 425 1
84 OnTime_84 1 1 411 1
84 OnTime_84 4 1 221 1
84 OnTime_84 7 1 507 1
84 OnTime_84 13 1 444 1
84 OnTime_84 17 1 405 1
84 OnTime_84 25 1 331 1
84 OnTime_84 26 1 560 1
84 OnTime_84 27 1 631 1
84 OnTime_84 28 1 447 1
85 OnTime_85 1 1 376 1
85 OnTime_85 4 1 261 1
85 OnTime_85 7 1 452 1
85 OnTime_85 8 1 275 1
85 OnTime_85 13 1 686 1
85 OnTime_85 17 1 275 1
85 OnTime_85 26 1 398 1
85 OnTime_85 27 1 354 1
85 OnTime_85 28 1 447 1
86 OnTime_86 1 1 464 1
86 OnTime_86 4 1 390 1
86 OnTime_86 7 1 444 1
86 OnTime_86 8 1 340 1
86 OnTime_86 13 1 278 1
86 OnTime_86 17 1 680 1
86 OnTime_86 25 1 315 1
86 OnTime_86 26 1 399 1
86 OnTime_86 27 1 539 1
86 OnTime_86 28 1 293 1
87 OnTime_87 1 1 376 1
87 OnTime_87 4 1 603 1
87 OnTime_87 7 1 158 1
87 OnTime_87 8 1 255 1
87 OnTime_87 13 1 246 1
87 OnTime_87 17 1 255 1
87 OnTime_87 25 1 529 1
87 OnTime_87 26 1 493 1
87 OnTime_87 27 1 477 1
87 OnTime_87 28 1 393 1
88 OnTime_88 1 1 462 1
88 OnTime_88 4 1 392 1
88 OnTime_88 7 1 215 1
88 OnTime_88 8 1 616 1
88 OnTime_88 13 1 407 1
88 OnTime_88 17 1 202 1
88 OnTime_88 25 1 544 1
88 OnTime_88 26 1 192 1
88 OnTime_88 27 1 475 1
88 OnTime_88 28 1 237 1
89 OnTime_89 1 1 512 1
89 OnTime_89 4 1 350 1
89 OnTime_89 7 1 507 1
89 OnTime_89 8 1 371 1
89 OnTime_89 13 1 450 1
89 OnTime_89 17 1 445 1
89 OnTime_89 25 1 350 1
89 OnTime_89 26 1 192 1
89 OnTime_89 27 1 423 1
89 OnTime_89 28 1 556 1
90 OnTime_90 1 1 345 1
90 OnTime_90 4 1 115 1
90 OnTime_90 7 1 673 1
90 OnTime_90 8 1 498 1
90 OnTime_90 13 1 407 1
90 OnTime_90 17 1 397 1
90 OnTime_90 25 1 115 1
90 OnTime_90 26 1 462 1
90 OnTime_90 27 1 354 1
90 OnTime_90 28 1 447 1
91 OnTime_91 1 1 155 1
91 OnTime_91 4 1 390 1
91 OnTime_91 7 1 485 1
91 OnTime_91 8 1 359 1
91 OnTime_91 13 1 431 1
91 OnTime_91 17 1 411 1
91 OnTime_91 25 1 475 1
91 OnTime_91 26 1 426 1
91 OnTime_91 27 1 377 1
91 OnTime_91 28 1 385 1
92 OnTime_92 1 1 464 1
92 OnTime_92 7 1 444 1
92 OnTime_92 8 1 199 1
92 OnTime_92 13 1 444 1
92 OnTime_92 17 1 679 1
92 OnTime_92 25 1 331 1
92 OnTime_92 26 1 295 1
92 OnTime_92 27 1 377 1
92 OnTime_92 28 1 513 1
93 OnTime_93 1 1 201 1
93 OnTime_93 4 1 221 1
93 OnTime_93 7 1 485 1
93 OnTime_93 8 1 404 1
93 OnTime_93 13 1 278 1
93 OnTime_93 17 1 397 1
93 OnTime_93 25 1 511 1
93 OnTime_93 26 1 397 1
93 OnTime_93 27 1 676 1
93 OnTime_93 28 1 385 1
94 OnTime_94 1 1 466 1
94 OnTime_94 4 1 347 1
94 OnTime_94 7 1 404 1
94 OnTime_94 8 1 469 1
94 OnTime_94 13 1 407 1
94 OnTime_94 17 1 321 1
94 OnTime_94 25 1 259 1
94 OnTime_94 26 1 231 1
94 OnTime_94 27 1 347 1
95 OnTime_95 1 1 380 1
95 OnTime_95 4 1 380 1
95 OnTime_95 7 1 495 1
95 OnTime_95 8 1 199 1
95 OnTime_95 13 1 407 1
95 OnTime_95 17 1 275 1
95 OnTime_95 25 1 570 1
95 OnTime_95 26 1 400 1
95 OnTime_95 27 1 118 1
95 OnTime_95 28 1 400 1
96 OnTime_96 4 1 80 1
96 OnTime_96 8 1 458 1
96 OnTime_96 13 1 639 1
96 OnTime_96 17 1 445 1
96 OnTime_96 25 1 570 1
96 OnTime_96 26 1 462 1
96 OnTime_96 27 1 354 1
96 OnTime_96 28 1 385 1
97 OnTime_97 1 1 556 1
97 OnTime_97 4 1 348 1
97 OnTime_97 7 1 452 1
97 OnTime_97 8 1 359 1
97 OnTime_97 13 1 89 1
97 OnTime_97 17 1 248 1
97 OnTime_97 26 1 426 1
97 OnTime_97 27 1 248 1
97 OnTime_97 28 1 534 1
98 OnTime_98 1 1 200 1
98 OnTime_98 4 1 312 1
98 OnTime_98 7 1 271 1
98 OnTime_98 8 1 340 1
98 OnTime_98 13 1 370 1
98 OnTime_98 17 1 255 1
98 OnTime_98 25 1 511 1
98 OnTime_98 26 1 247 1
98 OnTime_98 27 1 242 1
98 OnTime_98 28 1 363 1
99 OnTime_99 1 1 197 1
99 OnTime_99 4 1 328 1
99 OnTime_99 7 1 234 1
99 OnTime_99 8 1 712 1
99 OnTime_99 13 1 689 1
99 OnTime_99 17 1 248 1
99 OnTime_99 25 1 669 1
99 OnTime_99 26 1 544 1
99 OnTime_99 27 1 248 1
100 OnTime_100 1 1 411 1
100 OnTime_100 4 1 392 1
100 OnTime_100 7 1 622 1
100 OnTime_100 8 1 517 1
100 OnTime_100 13 1 370 1
100 OnTime_100 17 1 405 1
100 OnTime_100 25 1 570 1
100 OnTime_100 26 1 476 1
100 OnTime_100 27 1 384 1
100 OnTime_100 28 1 476 1
101 OnTime_101 1 1 479 1
101 OnTime_101 4 1 261 1
101 OnTime_101 7 1 495 1
101 OnTime_101 8 1 340 1
101 OnTime_101 13 1 397 1
101 OnTime_101 17 1 275 1
101 OnTime_101 25 1 350 1
101 OnTime_101 26 1 397 1
101 OnTime_101 27 1 464 1
101 OnTime_101 28 1 476 1
102 OnTime_102 1 1 380 1
102 OnTime_102 4 1 300 1
102 OnTime_102 7 1 553 1
102 OnTime_102 8 1 295 1
102 OnTime_102 13 1 689 1
102 OnTime_102 17 1 445 1
102 OnTime_102 25 1 331 1
102 OnTime_102 26 1 426 1
102 OnTime_102 27 1 300 1
102 OnTime_102 28 1 256 1
103 OnTime_103 1 1 462 1
103 OnTime_103 4 1 221 1
103 OnTime_103 7 1 373 1
103 OnTime_103 8 1 371 1
103 OnTime_103 17 1 671 1
103 OnTime_103 25 1 460 1
103 OnTime_103 26 1 398 1
103 OnTime_103 27 1 242 1
103 OnTime_103 28 1 447 1
104 OnTime_104 1 1 431 1
104 OnTime_104 4 1 470 1
104 OnTime_104 7 1 553 1
104 OnTime_104 8 1 386 1
104 OnTime_104 13 1 470 1
104 OnTime_104 17 1 342 1
104 OnTime_104 25 1 315 1
104 OnTime_104 26 1 342 1
104 OnTime_104 27 1 347 1
104 OnTime_104 28 1 532 1
105 OnTime_105 1 1 197 1
105 OnTime_105 4 1 349 1
105 OnTime_105 7 1 501 1
105 OnTime_105 8 1 364 1
105 OnTime_105 13 1 431 1
105 OnTime_105 25 1 372 1
105 OnTime_105 26 1 220 1
105 OnTime_105 27 1 426 1
105 OnTime_105 28 1 112 1
106 OnTime_106 1 1 466 1
106 OnTime_106 4 1 348 1
106 OnTime_106 7 1 234 1
106 OnTime_106 8 1 359 1
106 OnTime_106 17 1 520 1
106 OnTime_106 25 1 369 1
106 OnTime_106 26 1 548 1
106 OnTime_106 27 1 423 1
106 OnTime_106 28 1 852 1
107 OnTime_107 1 1 255 1
107 OnTime_107 4 1 388 1
107 OnTime_107 7 1 495 1
107 OnTime_107 8 1 517 1
107 OnTime_107 13 1 370 1
107 OnTime_107 17 1 648 1
107 OnTime_107 25 1 259 1
107 OnTime_107 26 1 613 1
107 OnTime_107 27 1 347 1
107 OnTime_107 28 1 285 1
108 OnTime_108 1 1 255 1
108 OnTime_108 4 1 352 1
108 OnTime_108 7 1 515 1
108 OnTime_108 8 1 235 1
108 OnTime_108 13 1 433 1
108 OnTime_108 17 1 202 1
108 OnTime_108 25 1 369 1
108 OnTime_108 26 1 247 1
108 OnTime_108 27 1 378 1
108 OnTime_108 28 1 414 1
109 OnTime_109 1 1 693 1
109 OnTime_109 4 1 221 1
109 OnTime_109 7 1 234 1
109 OnTime_109 8 1 558 1
109 OnTime_109 25 1 410 1
109 OnTime_109 26 1 399 1
109 OnTime_109 27 1 300 1
109 OnTime_109 28 1 182 1
110 OnTime_110 1 1 462 1
110 OnTime_110 4 1 352 1
110 OnTime_110 7 1 529 1
110 OnTime_110 8 1 255 1
110 OnTime_110 13 1 533 1
110 OnTime_110 17 1 648 1
110 OnTime_110 25 1 273 1
110 OnTime_110 26 1 462 1
110 OnTime_110 27 1 464 1
110 OnTime_110 28 1 582 1
111 OnTime_111 1 1 220 1
111 OnTime_111 4 1 576 1
111 OnTime_111 7 1 452 1
111 OnTime_111 8 1 638 1
111 OnTime_111 13 1 568 1
111 OnTime_111 17 1 397 1
111 OnTime_111 25 1 286 1
111 OnTime_111 26 1 397 1
111 OnTime_111 28 1 98 1
112 OnTime_112 1 1 365 1
112 OnTime_112 4 1 115 1
112 OnTime_112 7 1 485 1
112 OnTime_112 8 1 446 1
112 OnTime_112 13 1 508 1
112 OnTime_112 17 1 663 1
112 OnTime_112 25 1 115 1
112 OnTime_112 26 1 398 1
112 OnTime_112 27 1 278 1
112 OnTime_112 28 1 513 1
113 OnTime_113 1 1 512 1
113 OnTime_113 4 1 347 1
113 OnTime_113 7 1 508 1
113 OnTime_113 8 1 359 1
113 OnTime_113 13 1 508 1
113 OnTime_113 17 1 530 1
113 OnTime_113 25 1 273 1
113 OnTime_113 26 1 426 1
113 OnTime_113 27 1 347 1
113 OnTime_113 28 1 425 1
114 OnTime_114 1 1 667 1
114 OnTime_114 7 1 485 1
114 OnTime_114 8 1 302 1
114 OnTime_114 17 1 699 1
114 OnTime_114 25 1 176 1
114 OnTime_114 26 1 644 1
114 OnTime_114 27 1 242 1
114 OnTime_114 28 1 256 1
115 OnTime_115 1 1 365 1
115 OnTime_115 4 1 347 1
115 OnTime_115 7 1 553 1
115 OnTime_115 8 1 469 1
115 OnTime_115 13 1 407 1
115 OnTime_115 17 1 653 1
115 OnTime_115 25 1 369 1
115 OnTime_115 27 1 517 1
115 OnTime_115 28 1 237 1
116 OnTime_116 1 1 345 1
116 OnTime_116 4 1 311 1
116 OnTime_116 7 1 553 1
116 OnTime_116 8 1 458 1
116 OnTime_116 13 1 356 1
116 OnTime_116 25 1 273 1
116 OnTime_116 26 1 295 1
116 OnTime_116 27 1 378 1
116 OnTime_116 28 1 414 1
117 OnTime_117 1 1 225 1
117 OnTime_117 4 1 347 1
117 OnTime_117 7 1 404 1
117 OnTime_117 8 1 483 1
117 OnTime_117 13 1 470 1
117 OnTime_117 17 1 520 1
117 OnTime_117 25 1 475 1
117 OnTime_117 26 1 520 1
117 OnTime_117 27 1 378 1
117 OnTime_117 28 1 385 1
118 OnTime_118 1 1 220 1
118 OnTime_118 4 1 349 1
118 OnTime_118 7 1 528 1
118 OnTime_118 8 1 483 1
118 OnTime_118 13 1 688 1
118 OnTime_118 17 1 116 1
118 OnTime_118 25 1 116 1
118 OnTime_118 26 1 493 1
118 OnTime_118 28 1 363 1
119 OnTime_119 1 1 549 1
119 OnTime_119 4 1 221 1
119 OnTime_119 7 1 414 1
119 OnTime_119 8 1 230 1
119 OnTime_119 13 1 356 1
119 OnTime_119 17 1 738 1
119 OnTime_119 25 1 356 1
119 OnTime_119 26 1 462 1
119 OnTime_119 27 1 423 1
119 OnTime_119 28 1 219 1
120 OnTime_120 1 1 122 1
120 OnTime_120 4 1 329 1
120 OnTime_120 7 1 312 1
120 OnTime_120 13 1 468 1
120 OnTime_120 17 1 520 1
120 OnTime_120 25 1 259 1
120 OnTime_120 26 1 520 1
120 OnTime_120 27 1 347 1
120 OnTime_120 28 1 565 1
121 OnTime_121 1 1 549 1
121 OnTime_121 4 1 388 1
121 OnTime_121 7 1 508 1
121 OnTime_121 8 1 235 1
121 OnTime_121 13 1 257 1
121 OnTime_121 17 1 321 1
121 OnTime_121 25 1 356 1
121 OnTime_121 26 1 471 1
121 OnTime_121 27 1 632 1
121 OnTime_121 28 1 256 1
122 OnTime_122 1 1 455 1
122 OnTime_122 4 1 411 1
122 OnTime_122 7 1 508 1
122 OnTime_122 8 1 458 1
122 OnTime_122 13 1 652 1
122 OnTime_122 17 1 530 1
122 OnTime_122 26 1 658 1
122 OnTime_122 27 1 624 1
122 OnTime_122 28 1 393 1
123 OnTime_123 1 1 455 1
123 OnTime_123 7 1 673 1
123 OnTime_123 8 1 446 1
123 OnTime_123 13 1 257 1
123 OnTime_123 25 1 259 1
123 OnTime_123 26 1 220 1
123 OnTime_123 27 1 423 1
123 OnTime_123 28 1 513 1
124 OnTime_124 1 1 552 1
124 OnTime_124 4 1 576 1
124 OnTime_124 7 1 373 1
124 OnTime_124 8 1 359 1
124 OnTime_124 13 1 456 1
124 OnTime_124 17 1 342 1
124 OnTime_124 25 1 203 1
124 OnTime_124 26 1 684 1
124 OnTime_124 27 1 618 1
124 OnTime_124 28 1 567 1
125 OnTime_125 1 1 365 1
125 OnTime_125 4 1 349 1
125 OnTime_125 7 1 501 1
125 OnTime_125 8 1 523 1
125 OnTime_125 13 1 257 1
125 OnTime_125 17 1 530 1
125 OnTime_125 25 1 211 1
125 OnTime_125 26 1 247 1
125 OnTime_125 27 1 354 1
125 OnTime_125 28 1 409 1
126 OnTime_126 1 1 466 1
126 OnTime_126 4 1 567 1
126 OnTime_126 7 1 508 1
126 OnTime_126 8 1 230 1
126 OnTime_126 13 1 508 1
126 OnTime_126 17 1 370 1
126 OnTime_126 25 1 628 1
126 OnTime_126 27 1 377 1
126 OnTime_126 28 1 532 1
127 OnTime_127 1 1 376 1
127 OnTime_127 4 1 576 1
127 OnTime_127 7 1 495 1
127 OnTime_127 8 1 235 1
127 OnTime_127 13 1 407 1
127 OnTime_127 17 1 520 1
127 OnTime_127 25 1 570 1
127 OnTime_127 26 1 560 1
127 OnTime_127 27 1 235 1
127 OnTime_127 28 1 235 1
128 OnTime_128 1 1 624 1
128 OnTime_128 4 1 609 1
128 OnTime_128 7 1 529 1
128 OnTime_128 8 1 486 1
128 OnTime_128 13 1 93 1
128 OnTime_128 17 1 486 1
128 OnTime_128 25 1 297 1
128 OnTime_128 26 1 247 1
128 OnTime_128 27 1 426 1
128 OnTime_128 28 1 385 1
129 OnTime_129 1 1 125 1
129 OnTime_129 4 1 470 1
129 OnTime_129 7 1 246 1
129 OnTime_129 8 1 684 1
129 OnTime_129 13 1 246 1
129 OnTime_129 25 1 350 1
129 OnTime_129 26 1 462 1
129 OnTime_129 27 1 354 1
129 OnTime_129 28 1 350 1
130 OnTime_130 1 1 411 1
130 OnTime_130 4 1 392 1
130 OnTime_130 7 1 529 1
130 OnTime_130 13 1 652 1
130 OnTime_130 17 1 405 1
130 OnTime_130 25 1 273 1
130 OnTime_130 26 1 392 1
130 OnTime_130 27 1 300 1
130 OnTime_130 28 1 183 1
131 OnTime_131 1 1 411 1
131 OnTime_131 4 1 348 1
131 OnTime_131 7 1 267 1
131 OnTime_131 8 1 275 1
131 OnTime_131 13 1 257 1
131 OnTime_131 17 1 505 1
131 OnTime_131 26 1 399 1
131 OnTime_131 27 1 378 1
131 OnTime_131 28 1 396 1
132 OnTime_132 1 1 466 1
132 OnTime_132 4 1 567 1
132 OnTime_132 7 1 485 1
132 OnTime_132 8 1 517 1
132 OnTime_132 13 1 686 1
132 OnTime_132 17 1 482 1
132 OnTime_132 25 1 612 1
132 OnTime_132 26 1 210 1
132 OnTime_132 27 1 517 1
132 OnTime_132 28 1 532 1
133 OnTime_133 1 1 667 1
133 OnTime_133 7 1 516 1
133 OnTime_133 8 1 582 1
133 OnTime_133 13 1 563 1
133 OnTime_133 17 1 648 1
133 OnTime_133 25 1 742 1
133 OnTime_133 26 1 282 1
133 OnTime_133 27 1 242 1
133 OnTime_133 28 1 565 1
134 OnTime_134 1 1 345 1
134 OnTime_134 4 1 314 1
134 OnTime_134 7 1 373 1
134 OnTime_134 8 1 469 1
134 OnTime_134 13 1 370 1
134 OnTime_134 17 1 405 1
134 OnTime_134 25 1 315 1
134 OnTime_134 27 1 248 1
134 OnTime_134 28 1 256 1
135 OnTime_135 1 1 200 1
135 OnTime_135 4 1 380 1
135 OnTime_135 7 1 673 1
135 OnTime_135 13 1 370 1
135 OnTime_135 17 1 321 1
135 OnTime_135 25 1 259 1
135 OnTime_135 26 1 476 1
135 OnTime_135 27 1 495 1
135 OnTime_135 28 1 414 1
136 OnTime_136 1 1 220 1
136 OnTime_136 4 1 603 1
136 OnTime_136 7 1 414 1
136 OnTime_136 8 1 275 1
136 OnTime_136 13 1 603 1
136 OnTime_136 17 1 370 1
136 OnTime_136 25 1 544 1
136 OnTime_136 26 1 220 1
136 OnTime_136 27 1 501 1
136 OnTime_136 28 1 219 1
137 OnTime_137 1 1 393 1
137 OnTime_137 4 1 221 1
137 OnTime_137 7 1 516 1
137 OnTime_137 8 1 458 1
137 OnTime_137 13 1 257 1
137 OnTime_137 17 1 699 1
137 OnTime_137 25 1 529 1
137 OnTime_137 26 1 398 1
137 OnTime_137 27 1 354 1
137 OnTime_137 28 1 565 1
138 OnTime_138 1 1 200 1
138 OnTime_138 4 1 390 1
138 OnTime_138 7 1 373 1
138 OnTime_138 13 1 450 1
138 OnTime_138 17 1 321 1
138 OnTime_138 25 1 523 1
138 OnTime_138 26 1 424 1
138 OnTime_138 27 1 423 1
138 OnTime_138 28 1 112 1
139 OnTime_139 1 1 345 1
139 OnTime_139 4 1 576 1
139 OnTime_139 8 1 364 1
139 OnTime_139 13 1 533 1
139 OnTime_139 17 1 663 1
139 OnTime_139 25 1 259 1
139 OnTime_139 26 1 231 1
139 OnTime_139 27 1 300 1
139 OnTime_139 28 1 396 1
140 OnTime_140 1 1 255 1
140 OnTime_140 4 1 388 1
140 OnTime_140 7 1 528 1
140 OnTime_140 8 1 199 1
140 OnTime_140 13 1 431 1
140 OnTime_140 17 1 255 1
140 OnTime_140 25 1 511 1
140 OnTime_140 26 1 398 1
140 OnTime_140 27 1 384 1
140 OnTime_140 28 1 582 1
141 OnTime_141 1 1 466 1
141 OnTime_141 7 1 501 1
141 OnTime_141 8 1 364 1
141 OnTime_141 13 1 128 1
141 OnTime_141 17 1 445 1
141 OnTime_141 25 1 99 1
141 OnTime_141 26 1 364 1
141 OnTime_141 27 1 464 1
141 OnTime_141 28 1 385 1
142 OnTime_142 1 1 431 1
142 OnTime_142 4 1 80 1
142 OnTime_142 7 1 485 1
142 OnTime_142 8 1 616 1
142 OnTime_142 13 1 456 1
142 OnTime_142 17 1 397 1
142 OnTime_142 25 1 511 1
142 OnTime_142 26 1 400 1
142 OnTime_142 27 1 423 1
142 OnTime_142 28 1 414 1
143 OnTime_143 1 1 201 1
143 OnTime_143 4 1 497 1
143 OnTime_143 7 1 414 1
143 OnTime_143 8 1 712 1
143 OnTime_143 13 1 370 1
143 OnTime_143 17 1 445 1
143 OnTime_143 25 1 410 1
143 OnTime_143 26 1 473 1
143 OnTime_143 27 1 384 1
143 OnTime_143 28 1 409 1
144 OnTime_144 1 1 77 1
144 OnTime_144 7 1 515 1
144 OnTime_144 8 1 203 1
144 OnTime_144 13 1 356 1
144 OnTime_144 17 1 275 1
144 OnTime_144 25 1 669 1
144 OnTime_144 26 1 493 1
144 OnTime_144 27 1 235 1
144 OnTime_144 28 1 235 1
145 OnTime_145 1 1 365 1
145 OnTime_145 7 1 414 1
145 OnTime_145 8 1 340 1
145 OnTime_145 13 1 356 1
145 OnTime_145 17 1 505 1
145 OnTime_145 25 1 356 1
145 OnTime_145 26 1 544 1
145 OnTime_145 27 1 426 1
145 OnTime_145 28 1 393 1
146 OnTime_146 1 1 501 1
146 OnTime_146 4 1 567 1
146 OnTime_146 7 1 528 1
146 OnTime_146 8 1 203 1
146 OnTime_146 13 1 397 1
146 OnTime_146 17 1 321 1
146 OnTime_146 25 1 203 1
146 OnTime_146 26 1 397 1
146 OnTime_146 27 1 495 1
146 OnTime_146 28 1 534 1
147 OnTime_147 1 1 345 1
147 OnTime_147 4 1 347 1
147 OnTime_147 7 1 508 1
147 OnTime_147 8 1 684 1
147 OnTime_147 13 1 450 1
147 OnTime_147 17 1 321 1
147 OnTime_147 25 1 659 1
147 OnTime_147 26 1 473 1
147 OnTime_147 27 1 377 1
147 OnTime_147 28 1 183 1
148 OnTime_148 1 1 201 1
148 OnTime_148 4 1 731 1
148 OnTime_148 7 1 553 1
148 OnTime_148 8 1 558 1
148 OnTime_148 13 1 370 1
148 OnTime_148 17 1 370 1
148 OnTime_148 25 1 460 1
148 OnTime_148 26 1 220 1
148 OnTime_148 27 1 248 1
148 OnTime_148 28 1 731 1
149 OnTime_149 1 1 125 1
149 OnTime_149 4 1 329 1
149 OnTime_149 7 1 373 1
149 OnTime_149 8 1 89 1
149 OnTime_149 13 1 89 1
149 OnTime_149 17 1 679 1
149 OnTime_149 25 1 297 1
149 OnTime_149 26 1 544 1
149 OnTime_149 27 1 377 1
149 OnTime_149 28 1 425 1
150 OnTime_150 1 1 255 1
150 OnTime_150 4 1 349 1
150 OnTime_150 7 1 528 1
150 OnTime_150 8 1 359 1
150 OnTime_150 13 1 397 1
150 OnTime_150 17 1 648 1
150 OnTime_150 25 1 160 1
150 OnTime_150 26 1 397 1
150 OnTime_150 27 1 299 1
150 OnTime_150 28 1 567 1
151 OnTime_151 1 1 538 1
151 OnTime_151 4 1 221 1
151 OnTime_151 7 1 553 1
151 OnTime_151 8 1 371 1
151 OnTime_151 13 1 311 1
151 OnTime_151 17 1 653 1
151 OnTime_151 26 1 247 1
151 OnTime_151 27 1 423 1
151 OnTime_151 28 1 427 1
152 OnTime_152 1 1 466 1
152 OnTime_152 4 1 380 1
152 OnTime_152 7 1 587 1
152 OnTime_152 8 1 371 1
152 OnTime_152 13 1 370 1
152 OnTime_152 17 1 530 1
152 OnTime_152 25 1 586 1
152 OnTime_152 26 1 659 1
152 OnTime_152 27 1 464 1
152 OnTime_152 28 1 425 1
153 OnTime_153 7 1 508 1
153 OnTime_153 8 1 486 1
153 OnTime_153 13 1 508 1
153 OnTime_153 17 1 486 1
153 OnTime_153 25 1 460 1
153 OnTime_153 26 1 210 1
153 OnTime_153 27 1 477 1
153 OnTime_153 28 1 447 1
154 OnTime_154 1 1 512 1
154 OnTime_154 7 1 587 1
154 OnTime_154 8 1 251 1
154 OnTime_154 13 1 356 1
154 OnTime_154 17 1 486 1
154 OnTime_154 25 1 356 1
154 OnTime_154 26 1 400 1
154 OnTime_154 27 1 251 1
154 OnTime_154 28 1 534 1
155 OnTime_155 1 1 225 1
155 OnTime_155 4 1 348 1
155 OnTime_155 7 1 529 1
155 OnTime_155 8 1 251 1
155 OnTime_155 13 1 257 1
155 OnTime_155 17 1 321 1
155 OnTime_155 25 1 160 1
155 OnTime_155 26 1 359 1
155 OnTime_155 27 1 251 1
155 OnTime_155 28 1 237 1
156 OnTime_156 1 1 479 1
156 OnTime_156 4 1 603 1
156 OnTime_156 7 1 452 1
156 OnTime_156 8 1 469 1
156 OnTime_156 13 1 468 1
156 OnTime_156 17 1 445 1
156 OnTime_156 25 1 176 1
156 OnTime_156 26 1 245 1
156 OnTime_156 27 1 480 1
156 OnTime_156 28 1 176 1
157 OnTime_157 1 1 479 1
157 OnTime_157 4 1 81 1
157 OnTime_157 7 1 414 1
157 OnTime_157 8 1 340 1
157 OnTime_157 13 1 689 1
157 OnTime_157 17 1 405 1
157 OnTime_157 25 1 335 1
157 OnTime_157 26 1 560 1
157 OnTime_157 27 1 464 1
157 OnTime_157 28 1 414 1
158 OnTime_158 1 1 376 1
158 OnTime_158 7 1 485 1
158 OnTime_158 8 1 404 1
158 OnTime_158 13 1 257 1
158 OnTime_158 25 1 475 1
158 OnTime_158 26 1 398 1
158 OnTime_158 27 1 378 1
158 OnTime_158 28 1 183 1
159 OnTime_159 1 1 462 1
159 OnTime_159 4 1 392 1
159 OnTime_159 7 1 507 1
159 OnTime_159 8 1 275 1
159 OnTime_159 13 1 433 1
159 OnTime_159 17 1 275 1
159 OnTime_159 25 1 511 1
159 OnTime_159 26 1 392 1
159 OnTime_159 27 1 501 1
159 OnTime_159 28 1 587 1
160 OnTime_160 1 1 667 1
160 OnTime_160 4 1 576 1
160 OnTime_160 7 1 373 1
160 OnTime_160 8 1 364 1
160 OnTime_160 13 1 568 1
160 OnTime_160 17 1 173 1
160 OnTime_160 25 1 259 1
160 OnTime_160 26 1 658 1
160 OnTime_160 27 1 384 1
160 OnTime_160 28 1 219 1
161 OnTime_161 1 1 464 1
161 OnTime_161 4 1 411 1
161 OnTime_161 7 1 526 1
161 OnTime_161 8 1 517 1
161 OnTime_161 13 1 93 1
161 OnTime_161 17 1 411 1
161 OnTime_161 25 1 823 1
161 OnTime_161 26 1 471 1
161 OnTime_161 27 1 464 1
161 OnTime_161 28 1 411 1
162 OnTime_162 1 1 393 1
162 OnTime_162 4 1 388 1
162 OnTime_162 7 1 508 1
162 OnTime_162 8 1 340 1
162 OnTime_162 13 1 450 1
162 OnTime_162 17 1 505 1
162 OnTime_162 25 1 659 1
162 OnTime_162 26 1 426 1
162 OnTime_162 27 1 242 1
162 OnTime_162 28 1 296 1
163 OnTime_163 1 1 466 1
163 OnTime_163 4 1 347 1
163 OnTime_163 7 1 526 1
163 OnTime_163 8 1 203 1
163 OnTime_163 13 1 686 1
163 OnTime_163 17 1 342 1
163 OnTime_163 25 1 335 1
163 OnTime_163 26 1 79 1
163 OnTime_163 27 1 423 1
163 OnTime_163 28 1 513 1
164 OnTime_164 1 1 455 1
164 OnTime_164 4 1 347 1
164 OnTime_164 7 1 234 1
164 OnTime_164 8 1 523 1
164 OnTime_164 17 1 275 1
164 OnTime_164 25 1 511 1
164 OnTime_164 26 1 426 1
164 OnTime_164 27 1 378 1
165 OnTime_165 1 1 380 1
165 OnTime_165 4 1 706 1
165 OnTime_165 7 1 312 1
165 OnTime_165 13 1 568 1
165 OnTime_165 17 1 370 1
165 OnTime_165 25 1 441 1
165 OnTime_165 27 1 539 1
165 OnTime_165 28 1 393 1
166 OnTime_166 1 1 455 1
166 OnTime_166 4 1 567 1
166 OnTime_166 7 1 373 1
166 OnTime_166 8 1 386 1
166 OnTime_166 13 1 470 1
166 OnTime_166 17 1 405 1
166 OnTime_166 25 1 335 1
166 OnTime_166 26 1 138 1
166 OnTime_166 27 1 384 1
166 OnTime_166 28 1 285 1
167 OnTime_167 1 1 200 1
167 OnTime_167 4 1 352 1
167 OnTime_167 7 1 507 1
167 OnTime_167 8 1 446 1
167 OnTime_167 13 1 278 1
167 OnTime_167 17 1 411 1
167 OnTime_167 25 1 356 1
167 OnTime_167 26 1 364 1
167 OnTime_167 27 1 278 1
167 OnTime_167 28 1 746 1
168 OnTime_168 1 1 380 1
168 OnTime_168 4 1 380 1
168 OnTime_168 7 1 288 1
168 OnTime_168 8 1 364 1
168 OnTime_168 13 1 397 1
168 OnTime_168 17 1 530 1
168 OnTime_168 25 1 369 1
168 OnTime_168 26 1 364 1
168 OnTime_168 27 1 426 1
168 OnTime_168 28 1 622 1
169 OnTime_169 1 1 512 1
169 OnTime_169 4 1 380 1
169 OnTime_169 7 1 501 1
169 OnTime_169 8 1 404 1
169 OnTime_169 13 1 431 1
169 OnTime_169 17 1 397 1
169 OnTime_169 25 1 116 1
169 OnTime_169 26 1 79 1
169 OnTime_169 27 1 480 1
169 OnTime_169 28 1 363 1
170 OnTime_170 1 1 466 1
170 OnTime_170 4 1 300 1
170 OnTime_170 8 1 486 1
170 OnTime_170 13 1 278 1
170 OnTime_170 17 1 505 1
170 OnTime_170 25 1 674 1
170 OnTime_170 26 1 79 1
170 OnTime_170 27 1 377 1
170 OnTime_170 28 1 293 1
171 OnTime_171 1 1 380 1
171 OnTime_171 4 1 497 1
171 OnTime_171 7 1 847 1
171 OnTime_171 8 1 517 1
171 OnTime_171 13 1 470 1
171 OnTime_171 17 1 714 1
171 OnTime_171 25 1 201 1
171 OnTime_171 26 1 398 1
171 OnTime_171 27 1 300 1
171 OnTime_171 28 1 427 1
172 OnTime_172 1 1 255 1
172 OnTime_172 4 1 392 1
172 OnTime_172 7 1 485 1
172 OnTime_172 8 1 638 1
172 OnTime_172 13 1 433 1
172 OnTime_172 17 1 255 1
172 OnTime_172 25 1 273 1
172 OnTime_172 26 1 364 1
172 OnTime_172 27 1 539 1
172 OnTime_172 28 1 565 1
173 OnTime_173 1 1 462 1
173 OnTime_173 4 1 392 1
173 OnTime_173 7 1 507 1
173 OnTime_173 8 1 446 1
173 OnTime_173 13 1 370 1
173 OnTime_173 17 1 699 1
173 OnTime_173 25 1 372 1
173 OnTime_173 26 1 400 1
173 OnTime_173 27 1 242 1
173 OnTime_173 28 1 363 1
174 OnTime_174 1 1 466 1
174 OnTime_174 4 1 328 1
174 OnTime_174 7 1 215 1
174 OnTime_174 8 1 688 1
174 OnTime_174 13 1 603 1
174 OnTime_174 25 1 441 1
174 OnTime_174 26 1 220 1
174 OnTime_174 27 1 495 1
174 OnTime_174 28 1 324 1
175 OnTime_175 1 1 376 1
175 OnTime_175 4 1 300 1
175 OnTime_175 7 1 373 1
175 OnTime_175 8 1 371 1
175 OnTime_175 13 1 278 1
175 OnTime_175 17 1 370 1
175 OnTime_175 25 1 176 1
175 OnTime_175 26 1 400 1
175 OnTime_175 27 1 384 1
175 OnTime_175 28 1 513 1
176 OnTime_176 1 1 552 1
176 OnTime_176 4 1 261 1
176 OnTime_176 7 1 553 1
176 OnTime_176 8 1 109 1
176 OnTime_176 13 1 431 1
176 OnTime_176 17 1 482 1
176 OnTime_176 25 1 441 1
176 OnTime_176 26 1 231 1
176 OnTime_176 27 1 354 1
176 OnTime_176 28 1 556 1
177 OnTime_177 1 1 538 1
177 OnTime_177 4 1 347 1
177 OnTime_177 7 1 215 1
177 OnTime_177 8 1 523 1
177 OnTime_177 13 1 563 1
177 OnTime_177 17 1 680 1
177 OnTime_177 25 1 628 1
177 OnTime_177 26 1 247 1
177 OnTime_177 27 1 377 1
177 OnTime_177 28 1 256 1
178 OnTime_178 1 1 466 1
178 OnTime_178 4 1 328 1
178 OnTime_178 7 1 271 1
178 OnTime_178 13 1 470 1
178 OnTime_178 17 1 505 1
178 OnTime_178 25 1 369 1
178 OnTime_178 26 1 424 1
178 OnTime_178 27 1 299 1
178 OnTime_178 28 1 385 1
179 OnTime_179 1 1 393 1
179 OnTime_179 4 1 347 1
179 OnTime_179 7 1 516 1
179 OnTime_179 8 1 230 1
179 OnTime_179 13 1 689 1
179 OnTime_179 17 1 262 1
179 OnTime_179 25 1 586 1
179 OnTime_179 26 1 398 1
179 OnTime_179 27 1 347 1
179 OnTime_179 28 1 219 1
180 OnTime_180 1 1 431 1
180 OnTime_180 4 1 352 1
180 OnTime_180 7 1 373 1
180 OnTime_180 8 1 582 1
180 OnTime_180 13 1 602 1
180 OnTime_180 17 1 505 1
180 OnTime_180 25 1 369 1
180 OnTime_180 26 1 471 1
180 OnTime_180 27 1 618 1
180 OnTime_180 28 1 582 1
181 OnTime_181 1 1 455 1
181 OnTime_181 4 1 329 1
181 OnTime_181 7 1 508 1
181 OnTime_181 8 1 446 1
181 OnTime_181 13 1 689 1
181 OnTime_181 17 1 520 1
181 OnTime_181 25 1 511 1
181 OnTime_181 26 1 231 1
181 OnTime_181 27 1 289 1
181 OnTime_181 28 1 409 1
182 OnTime_182 1 1 197 1
182 OnTime_182 4 1 349 1
182 OnTime_182 7 1 529 1
182 OnTime_182 8 1 340 1
182 OnTime_182 13 1 93 1
182 OnTime_182 17 1 405 1
182 OnTime_182 25 1 529 1
182 OnTime_182 26 1 658 1
182 OnTime_182 27 1 378 1
182 OnTime_182 28 1 414 1
183 OnTime_183 1 1 455 1
183 OnTime_183 4 1 603 1
183 OnTime_183 7 1 234 1
183 OnTime_183 8 1 302 1
183 OnTime_183 13 1 647 1
183 OnTime_183 17 1 248 1
183 OnTime_183 25 1 356 1
183 OnTime_183 26 1 560 1
183 OnTime_183 27 1 354 1
183 OnTime_183 28 1 409 1
184 OnTime_184 1 1 468 1
184 OnTime_184 4 1 329 1
184 OnTime_184 7 1 501 1
184 OnTime_184 13 1 468 1
184 OnTime_184 17 1 530 1
184 OnTime_184 25 1 369 1
184 OnTime_184 26 1 231 1
184 OnTime_184 27 1 463 1
184 OnTime_184 28 1 400 1
185 OnTime_185 1 1 462 1
185 OnTime_185 4 1 329 1
185 OnTime_185 7 1 215 1
185 OnTime_185 8 1 582 1
185 OnTime_185 13 1 246 1
185 OnTime_185 17 1 397 1
185 OnTime_185 25 1 372 1
185 OnTime_185 26 1 426 1
185 OnTime_185 27 1 378 1
185 OnTime_185 28 1 256 1
186 OnTime_186 1 1 345 1
186 OnTime_186 4 1 329 1
186 OnTime_186 7 1 234 1
186 OnTime_186 17 1 365 1
186 OnTime_186 25 1 392 1
186 OnTime_186 26 1 560 1
186 OnTime_186 27 1 463 1
186 OnTime_186 28 1 385 1
187 OnTime_187 1 1 512 1
187 OnTime_187 4 1 392 1
187 OnTime_187 7 1 139 1
187 OnTime_187 8 1 275 1
187 OnTime_187 13 1 356 1
187 OnTime_187 17 1 365 1
187 OnTime_187 25 1 613 1
187 OnTime_187 26 1 167 1
187 OnTime_187 27 1 242 1
187 OnTime_187 28 1 587 1
188 OnTime_188 1 1 197 1
188 OnTime_188 4 1 347 1
188 OnTime_188 7 1 452 1
188 OnTime_188 8 1 275 1
188 OnTime_188 13 1 397 1
188 OnTime_188 17 1 397 1
188 OnTime_188 25 1 392 1
188 OnTime_188 26 1 493 1
188 OnTime_188 27 1 347 1
188 OnTime_188 28 1 219 1
189 OnTime_189 1 1 549 1
189 OnTime_189 4 1 246 1
189 OnTime_189 7 1 516 1
189 OnTime_189 8 1 340 1
189 OnTime_189 13 1 246 1
189 OnTime_189 17 1 405 1
189 OnTime_189 25 1 116 1
189 OnTime_189 26 1 246 1
189 OnTime_189 27 1 242 1
189 OnTime_189 28 1 279 1
190 OnTime_190 1 1 466 1
190 OnTime_190 4 1 261 1
190 OnTime_190 7 1 234 1
190 OnTime_190 8 1 203 1
190 OnTime_190 13 1 563 1
190 OnTime_190 17 1 530 1
190 OnTime_190 25 1 356 1
190 OnTime_190 26 1 400 1
190 OnTime_190 27 1 423 1
190 OnTime_190 28 1 112 1
191 OnTime_191 1 1 466 1
191 OnTime_191 4 1 328 1
191 OnTime_191 7 1 271 1
191 OnTime_191 8 1 469 1
191 OnTime_191 13 1 450 1
191 OnTime_191 17 1 262 1
191 OnTime_191 25 1 570 1
191 OnTime_191 26 1 560 1
191 OnTime_191 27 1 539 1
192 OnTime_192 1 1 376 1
192 OnTime_192 4 1 411 1
192 OnTime_192 7 1 515 1
192 OnTime_192 8 1 607 1
192 OnTime_192 13 1 396 1
192 OnTime_192 17 1 405 1
192 OnTime_192 25 1 529 1
192 OnTime_192 26 1 295 1
192 OnTime_192 27 1 299 1
192 OnTime_192 28 1 235 1
193 OnTime_193 1 1 380 1
193 OnTime_193 4 1 609 1
193 OnTime_193 7 1 507 1
193 OnTime_193 8 1 386 1
193 OnTime_193 13 1 533 1
193 OnTime_193 17 1 530 1
193 OnTime_193 26 1 548 1
193 OnTime_193 27 1 377 1
194 OnTime_194 1 1 109 1
194 OnTime_194 4 1 109 1
194 OnTime_194 7 1 507 1
194 OnTime_194 8 1 340 1
194 OnTime_194 13 1 407 1
194 OnTime_194 17 1 445 1
194 OnTime_194 25 1 331 1
194 OnTime_194 26 1 471 1
194 OnTime_194 27 1 251 1
194 OnTime_194 28 1 534 1
195 OnTime_195 1 1 220 1
195 OnTime_195 4 1 314 1
195 OnTime_195 7 1 288 1
195 OnTime_195 8 1 235 1
195 OnTime_195 13 1 246 1
195 OnTime_195 17 1 365 1
195 OnTime_195 25 1 475 1
195 OnTime_195 26 1 359 1
195 OnTime_195 27 1 354 1
195 OnTime_195 28 1 237 1
196 OnTime_196 1 1 464 1
196 OnTime_196 4 1 352 1
196 OnTime_196 7 1 271 1
196 OnTime_196 8 1 386 1
196 OnTime_196 13 1 652 1
196 OnTime_196 17 1 679 1
196 OnTime_196 25 1 211 1
196 OnTime_196 26 1 397 1
196 OnTime_196 27 1 354 1
196 OnTime_196 28 1 411 1
197 OnTime_197 1 1 538 1
197 OnTime_197 4 1 349 1
197 OnTime_197 7 1 507 1
197 OnTime_197 8 1 340 1
197 OnTime_197 13 1 433 1
197 OnTime_197 17 1 365 1
197 OnTime_197 25 1 511 1
197 OnTime_197 26 1 398 1
197 OnTime_197 27 1 477 1
197 OnTime_197 28 1 476 1
198 OnTime_198 1 1 220 1
198 OnTime_198 4 1 81 1
198 OnTime_198 7 1 234 1
198 OnTime_198 8 1 523 1
198 OnTime_198 13 1 456 1
198 OnTime_198 17 1 530 1
198 OnTime_198 25 1 511 1
198 OnTime_198 26 1 559 1
198 OnTime_198 28 1 176 1
199 OnTime_199 1 1 345 1
199 OnTime_199 4 1 600 1
199 OnTime_199 7 1 267 1
199 OnTime_199 8 1 386 1
199 OnTime_199 13 1 407 1
199 OnTime_199 17 1 445 1
199 OnTime_199 25 1 259 1
199 OnTime_199 26 1 424 1
199 OnTime_199 27 1 495 1
199 OnTime_199 28 1 385 1
200 OnTime_200 1 1 225 1
200 OnTime_200 4 1 609 1
200 OnTime_200 7 1 495 1
200 OnTime_200 8 1 203 1
200 OnTime_200 13 1 396 1
200 OnTime_200 17 1 663 1
200 OnTime_200 25 1 203 1
200 OnTime_200 26 1 493 1
200 OnTime_200 27 1 539 1
200 OnTime_200 28 1 183 1
