1 OnTime_1 7 1 61 1
1 OnTime_1 10 1 60 1
1 OnTime_1 11 1 100 1
1 OnTime_1 12 1 105 1
1 OnTime_1 14 1 117 1
1 OnTime_1 22 1 53 1
1 OnTime_1 24 1 121 1
1 OnTime_1 25 1 60 1
1 OnTime_1 27 1 33 1
1 OnTime_1 29 1 65 1
2 OnTime_2 7 1 164 1
2 OnTime_2 10 1 60 1
2 OnTime_2 11 1 138 1
2 OnTime_2 14 1 88 1
2 OnTime_2 22 1 59 1
2 OnTime_2 25 1 109 1
2 OnTime_2 27 1 103 1
2 OnTime_2 29 1 82 1
3 OnTime_3 7 1 82 1
3 OnTime_3 10 1 60 1
3 OnTime_3 11 1 59 1
3 OnTime_3 14 1 88 1
3 OnTime_3 22 1 59 1
3 OnTime_3 24 1 119 1
3 OnTime_3 25 1 60 1
3 OnTime_3 27 1 82 1
3 OnTime_3 29 1 65 1
4 OnTime_4 7 1 164 1
4 OnTime_4 10 1 60 1
4 OnTime_4 11 1 100 1
4 OnTime_4 12 1 72 1
4 OnTime_4 14 1 88 1
4 OnTime_4 22 1 79 1
4 OnTime_4 24 1 68 1
4 OnTime_4 25 1 60 1
4 OnTime_4 27 1 136 1
4 OnTime_4 29 1 88 1
5 OnTime_5 7 1 103 1
5 OnTime_5 11 1 63 1
5 OnTime_5 12 1 63 1
5 OnTime_5 14 1 95 1
5 OnTime_5 22 1 53 1
5 OnTime_5 25 1 97 1
5 OnTime_5 27 1 103 1
5 OnTime_5 29 1 83 1
6 OnTime_6 10 1 120 1
6 OnTime_6 11 1 81 1
6 OnTime_6 12 1 139 1
6 OnTime_6 14 1 79 1
6 OnTime_6 22 1 79 1
6 OnTime_6 24 1 79 1
6 OnTime_6 25 1 97 1
6 OnTime_6 27 1 54 1
6 OnTime_6 29 1 77 1
7 OnTime_7 7 1 103 1
7 OnTime_7 10 1 60 1
7 OnTime_7 11 1 35 1
7 OnTime_7 12 1 49 1
7 OnTime_7 14 1 95 1
7 OnTime_7 22 1 143 1
7 OnTime_7 24 1 78 1
7 OnTime_7 25 1 109 1
7 OnTime_7 27 1 112 1
8 OnTime_8 7 1 61 1
8 OnTime_8 10 1 60 1
8 OnTime_8 11 1 100 1
8 OnTime_8 12 1 72 1
8 OnTime_8 14 1 88 1
8 OnTime_8 22 1 99 1
8 OnTime_8 24 1 119 1
8 OnTime_8 25 1 60 1
8 OnTime_8 27 1 54 1
8 OnTime_8 29 1 117 1
9 OnTime_9 7 1 71 1
9 OnTime_9 10 1 117 1
9 OnTime_9 12 1 49 1
9 OnTime_9 14 1 117 1
9 OnTime_9 22 1 79 1
9 OnTime_9 24 1 78 1
9 OnTime_9 29 1 117 1
10 OnTime_10 7 1 61 1
10 OnTime_10 10 1 113 1
10 OnTime_10 11 1 59 1
10 OnTime_10 12 1 86 1
10 OnTime_10 14 1 88 1
10 OnTime_10 22 1 124 1
10 OnTime_10 24 1 121 1
10 OnTime_10 25 1 44 1
10 OnTime_10 29 1 65 1
11 OnTime_11 10 1 113 1
11 OnTime_11 11 1 59 1
11 OnTime_11 12 1 78 1
11 OnTime_11 14 1 85 1
11 OnTime_11 22 1 59 1
11 OnTime_11 24 1 78 1
11 OnTime_11 25 1 60 1
11 OnTime_11 27 1 112 1
11 OnTime_11 29 1 77 1
12 OnTime_12 7 1 103 1
12 OnTime_12 11 1 59 1
12 OnTime_12 12 1 49 1
12 OnTime_12 14 1 114 1
12 OnTime_12 22 1 59 1
12 OnTime_12 24 1 68 1
12 OnTime_12 25 1 97 1
12 OnTime_12 27 1 82 1
12 OnTime_12 29 1 82 1
13 OnTime_13 7 1 61 1
13 OnTime_13 10 1 36 1
13 OnTime_13 11 1 33 1
13 OnTime_13 12 1 105 1
13 OnTime_13 14 1 79 1
13 OnTime_13 22 1 79 1
13 OnTime_13 24 1 79 1
13 OnTime_13 25 1 36 1
13 OnTime_13 27 1 101 1
14 OnTime_14 7 1 70 1
14 OnTime_14 10 1 117 1
14 OnTime_14 11 1 63 1
14 OnTime_14 12 1 28 1
14 OnTime_14 14 1 95 1
14 OnTime_14 24 1 75 1
14 OnTime_14 25 1 28 1
14 OnTime_14 27 1 20 1
14 OnTime_14 29 1 117 1
15 OnTime_15 7 1 61 1
15 OnTime_15 10 1 108 1
15 OnTime_15 11 1 100 1
15 OnTime_15 12 1 63 1
15 OnTime_15 14 1 95 1
15 OnTime_15 22 1 59 1
15 OnTime_15 24 1 68 1
15 OnTime_15 25 1 89 1
16 OnTime_16 7 1 61 1
16 OnTime_16 10 1 113 1
16 OnTime_16 11 1 9 1
16 OnTime_16 12 1 105 1
16 OnTime_16 14 1 117 1
16 OnTime_16 25 1 47 1
16 OnTime_16 29 1 77 1
17 OnTime_17 7 1 71 1
17 OnTime_17 10 1 113 1
17 OnTime_17 11 1 81 1
17 OnTime_17 12 1 78 1
17 OnTime_17 14 1 95 1
17 OnTime_17 22 1 99 1
17 OnTime_17 24 1 78 1
17 OnTime_17 25 1 109 1
17 OnTime_17 27 1 101 1
17 OnTime_17 29 1 82 1
18 OnTime_18 7 1 71 1
18 OnTime_18 11 1 58 1
18 OnTime_18 12 1 78 1
18 OnTime_18 14 1 141 1
18 OnTime_18 22 1 79 1
18 OnTime_18 24 1 78 1
18 OnTime_18 27 1 20 1
18 OnTime_18 29 1 65 1
19 OnTime_19 7 1 71 1
19 OnTime_19 10 1 120 1
19 OnTime_19 11 1 81 1
19 OnTime_19 12 1 105 1
19 OnTime_19 14 1 85 1
19 OnTime_19 22 1 59 1
19 OnTime_19 24 1 121 1
19 OnTime_19 25 1 97 1
19 OnTime_19 29 1 65 1
20 OnTime_20 7 1 103 1
20 OnTime_20 10 1 33 1
20 OnTime_20 11 1 58 1
20 OnTime_20 12 1 105 1
20 OnTime_20 14 1 85 1
20 OnTime_20 22 1 79 1
20 OnTime_20 24 1 79 1
20 OnTime_20 25 1 60 1
20 OnTime_20 27 1 103 1
20 OnTime_20 29 1 65 1
21 OnTime_21 7 1 61 1
21 OnTime_21 10 1 113 1
21 OnTime_21 12 1 89 1
21 OnTime_21 14 1 56 1
21 OnTime_21 22 1 53 1
21 OnTime_21 24 1 68 1
21 OnTime_21 25 1 97 1
21 OnTime_21 27 1 54 1
21 OnTime_21 29 1 77 1
22 OnTime_22 7 1 126 1
22 OnTime_22 10 1 60 1
22 OnTime_22 11 1 100 1
22 OnTime_22 12 1 47 1
22 OnTime_22 14 1 95 1
22 OnTime_22 24 1 75 1
22 OnTime_22 25 1 47 1
22 OnTime_22 27 1 69 1
22 OnTime_22 29 1 77 1
23 OnTime_23 7 1 61 1
23 OnTime_23 10 1 67 1
23 OnTime_23 11 1 63 1
23 OnTime_23 12 1 63 1
23 OnTime_23 14 1 88 1
23 OnTime_23 22 1 79 1
23 OnTime_23 24 1 79 1
23 OnTime_23 25 1 149 1
23 OnTime_23 27 1 136 1
23 OnTime_23 29 1 88 1
24 OnTime_24 7 1 82 1
24 OnTime_24 10 1 113 1
24 OnTime_24 11 1 81 1
24 OnTime_24 12 1 49 1
24 OnTime_24 27 1 69 1
24 OnTime_24 29 1 65 1
25 OnTime_25 10 1 113 1
25 OnTime_25 12 1 78 1
25 OnTime_25 14 1 88 1
25 OnTime_25 24 1 166 1
25 OnTime_25 25 1 60 1
25 OnTime_25 27 1 26 1
25 OnTime_25 29 1 133 1
26 OnTime_26 7 1 33 1
26 OnTime_26 10 1 33 1
26 OnTime_26 11 1 33 1
26 OnTime_26 12 1 86 1
26 OnTime_26 14 1 56 1
26 OnTime_26 22 1 59 1
26 OnTime_26 24 1 78 1
26 OnTime_26 25 1 60 1
26 OnTime_26 27 1 103 1
26 OnTime_26 29 1 82 1
27 OnTime_27 7 1 61 1
27 OnTime_27 10 1 113 1
27 OnTime_27 11 1 100 1
27 OnTime_27 12 1 78 1
27 OnTime_27 22 1 124 1
27 OnTime_27 24 1 78 1
27 OnTime_27 25 1 109 1
27 OnTime_27 27 1 69 1
27 OnTime_27 29 1 82 1
28 OnTime_28 7 1 71 1
28 OnTime_28 10 1 60 1
28 OnTime_28 12 1 156 1
28 OnTime_28 14 1 88 1
28 OnTime_28 22 1 99 1
28 OnTime_28 24 1 75 1
28 OnTime_28 25 1 60 1
28 OnTime_28 29 1 88 1
29 OnTime_29 7 1 82 1
29 OnTime_29 10 1 113 1
29 OnTime_29 11 1 59 1
29 OnTime_29 12 1 78 1
29 OnTime_29 14 1 141 1
29 OnTime_29 22 1 59 1
29 OnTime_29 24 1 78 1
29 OnTime_29 25 1 89 1
29 OnTime_29 27 1 82 1
29 OnTime_29 29 1 82 1
30 OnTime_30 7 1 82 1
30 OnTime_30 11 1 105 1
30 OnTime_30 12 1 105 1
30 OnTime_30 14 1 85 1
30 OnTime_30 24 1 121 1
30 OnTime_30 25 1 109 1
30 OnTime_30 27 1 82 1
30 OnTime_30 29 1 133 1
31 OnTime_31 7 1 82 1
31 OnTime_31 10 1 117 1
31 OnTime_31 11 1 100 1
31 OnTime_31 12 1 105 1
31 OnTime_31 14 1 117 1
31 OnTime_31 22 1 79 1
31 OnTime_31 24 1 78 1
31 OnTime_31 25 1 102 1
31 OnTime_31 27 1 82 1
31 OnTime_31 29 1 117 1
32 OnTime_32 7 1 61 1
32 OnTime_32 11 1 100 1
32 OnTime_32 12 1 28 1
32 OnTime_32 14 1 88 1
32 OnTime_32 22 1 124 1
32 OnTime_32 24 1 78 1
32 OnTime_32 25 1 28 1
32 OnTime_32 27 1 112 1
32 OnTime_32 29 1 88 1
33 OnTime_33 7 1 70 1
33 OnTime_33 10 1 113 1
33 OnTime_33 11 1 63 1
33 OnTime_33 12 1 78 1
33 OnTime_33 14 1 95 1
33 OnTime_33 24 1 78 1
33 OnTime_33 25 1 89 1
33 OnTime_33 27 1 101 1
33 OnTime_33 29 1 83 1
34 OnTime_34 7 1 103 1
34 OnTime_34 10 1 67 1
34 OnTime_34 11 1 100 1
34 OnTime_34 12 1 47 1
34 OnTime_34 14 1 85 1
34 OnTime_34 22 1 59 1
34 OnTime_34 24 1 68 1
34 OnTime_34 25 1 47 1
34 OnTime_34 27 1 103 1
34 OnTime_34 29 1 65 1
35 OnTime_35 7 1 71 1
35 OnTime_35 10 1 60 1
35 OnTime_35 11 1 35 1
35 OnTime_35 12 1 47 1
35 OnTime_35 14 1 85 1
35 OnTime_35 24 1 75 1
35 OnTime_35 25 1 47 1
35 OnTime_35 29 1 77 1
36 OnTime_36 7 1 61 1
36 OnTime_36 10 1 113 1
36 OnTime_36 11 1 100 1
36 OnTime_36 12 1 105 1
36 OnTime_36 14 1 85 1
36 OnTime_36 22 1 53 1
36 OnTime_36 25 1 109 1
36 OnTime_36 27 1 69 1
36 OnTime_36 29 1 82 1
37 OnTime_37 7 1 71 1
37 OnTime_37 10 1 120 1
37 OnTime_37 11 1 81 1
37 OnTime_37 12 1 72 1
37 OnTime_37 14 1 114 1
37 OnTime_37 22 1 53 1
37 OnTime_37 25 1 89 1
37 OnTime_37 27 1 103 1
37 OnTime_37 29 1 83 1
38 OnTime_38 7 1 71 1
38 OnTime_38 10 1 36 1
38 OnTime_38 11 1 58 1
38 OnTime_38 14 1 114 1
38 OnTime_38 22 1 66 1
38 OnTime_38 24 1 68 1
38 OnTime_38 25 1 36 1
38 OnTime_38 27 1 54 1
38 OnTime_38 29 1 83 1
39 OnTime_39 7 1 61 1
39 OnTime_39 11 1 58 1
39 OnTime_39 12 1 86 1
39 OnTime_39 14 1 88 1
39 OnTime_39 22 1 79 1
39 OnTime_39 24 1 79 1
39 OnTime_39 25 1 149 1
39 OnTime_39 27 1 101 1
39 OnTime_39 29 1 82 1
40 OnTime_40 7 1 126 1
40 OnTime_40 10 1 113 1
40 OnTime_40 11 1 58 1
40 OnTime_40 12 1 78 1
40 OnTime_40 14 1 56 1
40 OnTime_40 22 1 53 1
40 OnTime_40 24 1 75 1
40 OnTime_40 25 1 60 1
40 OnTime_40 27 1 112 1
40 OnTime_40 29 1 82 1
41 OnTime_41 7 1 82 1
41 OnTime_41 10 1 108 1
41 OnTime_41 11 1 81 1
41 OnTime_41 12 1 86 1
41 OnTime_41 14 1 95 1
41 OnTime_41 22 1 124 1
41 OnTime_41 24 1 75 1
41 OnTime_41 25 1 97 1
41 OnTime_41 27 1 82 1
41 OnTime_41 29 1 82 1
42 OnTime_42 7 1 103 1
42 OnTime_42 10 1 108 1
42 OnTime_42 11 1 59 1
42 OnTime_42 12 1 89 1
42 OnTime_42 14 1 95 1
42 OnTime_42 22 1 59 1
42 OnTime_42 24 1 79 1
42 OnTime_42 25 1 89 1
42 OnTime_42 27 1 136 1
42 OnTime_42 29 1 41 1
43 OnTime_43 10 1 117 1
43 OnTime_43 11 1 100 1
43 OnTime_43 14 1 95 1
43 OnTime_43 22 1 53 1
43 OnTime_43 24 1 68 1
43 OnTime_43 25 1 97 1
43 OnTime_43 27 1 101 1
43 OnTime_43 29 1 65 1
44 OnTime_44 7 1 103 1
44 OnTime_44 10 1 36 1
44 OnTime_44 11 1 59 1
44 OnTime_44 12 1 72 1
44 OnTime_44 14 1 56 1
44 OnTime_44 22 1 59 1
44 OnTime_44 24 1 121 1
44 OnTime_44 25 1 36 1
44 OnTime_44 27 1 101 1
45 OnTime_45 10 1 108 1
45 OnTime_45 11 1 138 1
45 OnTime_45 12 1 86 1
45 OnTime_45 22 1 53 1
45 OnTime_45 24 1 121 1
45 OnTime_45 25 1 60 1
45 OnTime_45 27 1 31 1
45 OnTime_45 29 1 41 1
46 OnTime_46 7 1 71 1
46 OnTime_46 10 1 67 1
46 OnTime_46 11 1 58 1
46 OnTime_46 12 1 105 1
46 OnTime_46 14 1 130 1
46 OnTime_46 24 1 78 1
46 OnTime_46 25 1 47 1
46 OnTime_46 27 1 69 1
46 OnTime_46 29 1 65 1
47 OnTime_47 7 1 82 1
47 OnTime_47 10 1 120 1
47 OnTime_47 11 1 81 1
47 OnTime_47 12 1 89 1
47 OnTime_47 14 1 95 1
47 OnTime_47 22 1 66 1
47 OnTime_47 24 1 75 1
47 OnTime_47 25 1 97 1
47 OnTime_47 27 1 82 1
47 OnTime_47 29 1 82 1
48 OnTime_48 7 1 70 1
48 OnTime_48 10 1 36 1
48 OnTime_48 11 1 33 1
48 OnTime_48 12 1 49 1
48 OnTime_48 14 1 135 1
48 OnTime_48 22 1 143 1
48 OnTime_48 24 1 75 1
48 OnTime_48 25 1 36 1
48 OnTime_48 27 1 33 1
48 OnTime_48 29 1 83 1
49 OnTime_49 7 1 70 1
49 OnTime_49 10 1 120 1
49 OnTime_49 14 1 135 1
49 OnTime_49 22 1 66 1
49 OnTime_49 24 1 121 1
49 OnTime_49 25 1 97 1
49 OnTime_49 27 1 69 1
49 OnTime_49 29 1 77 1
50 OnTime_50 7 1 71 1
50 OnTime_50 11 1 81 1
50 OnTime_50 12 1 133 1
50 OnTime_50 14 1 85 1
50 OnTime_50 24 1 121 1
50 OnTime_50 25 1 89 1
50 OnTime_50 27 1 101 1
50 OnTime_50 29 1 133 1
51 OnTime_51 7 1 82 1
51 OnTime_51 10 1 60 1
51 OnTime_51 11 1 81 1
51 OnTime_51 12 1 72 1
51 OnTime_51 14 1 56 1
51 OnTime_51 22 1 79 1
51 OnTime_51 24 1 68 1
51 OnTime_51 25 1 109 1
51 OnTime_51 27 1 82 1
51 OnTime_51 29 1 133 1
52 OnTime_52 7 1 33 1
52 OnTime_52 10 1 67 1
52 OnTime_52 11 1 100 1
52 OnTime_52 12 1 89 1
52 OnTime_52 14 1 56 1
52 OnTime_52 22 1 66 1
52 OnTime_52 25 1 89 1
52 OnTime_52 27 1 33 1
52 OnTime_52 29 1 65 1
53 OnTime_53 7 1 103 1
53 OnTime_53 10 1 67 1
53 OnTime_53 11 1 63 1
53 OnTime_53 12 1 78 1
53 OnTime_53 22 1 59 1
53 OnTime_53 24 1 78 1
53 OnTime_53 25 1 89 1
53 OnTime_53 27 1 103 1
53 OnTime_53 29 1 133 1
54 OnTime_54 7 1 126 1
54 OnTime_54 10 1 113 1
54 OnTime_54 11 1 28 1
54 OnTime_54 12 1 139 1
54 OnTime_54 14 1 56 1
54 OnTime_54 22 1 66 1
54 OnTime_54 24 1 75 1
54 OnTime_54 25 1 60 1
54 OnTime_54 27 1 82 1
54 OnTime_54 29 1 82 1
55 OnTime_55 7 1 71 1
55 OnTime_55 10 1 67 1
55 OnTime_55 11 1 35 1
55 OnTime_55 14 1 56 1
55 OnTime_55 22 1 99 1
55 OnTime_55 25 1 97 1
55 OnTime_55 27 1 82 1
55 OnTime_55 29 1 88 1
56 OnTime_56 7 1 33 1
56 OnTime_56 10 1 113 1
56 OnTime_56 11 1 63 1
56 OnTime_56 12 1 63 1
56 OnTime_56 14 1 117 1
56 OnTime_56 22 1 124 1
56 OnTime_56 24 1 68 1
56 OnTime_56 25 1 60 1
56 OnTime_56 27 1 69 1
56 OnTime_56 29 1 65 1
57 OnTime_57 7 1 103 1
57 OnTime_57 11 1 100 1
57 OnTime_57 12 1 78 1
57 OnTime_57 14 1 135 1
57 OnTime_57 24 1 78 1
57 OnTime_57 25 1 102 1
57 OnTime_57 27 1 103 1
57 OnTime_57 29 1 82 1
58 OnTime_58 7 1 70 1
58 OnTime_58 10 1 60 1
58 OnTime_58 12 1 47 1
58 OnTime_58 14 1 88 1
58 OnTime_58 25 1 89 1
58 OnTime_58 27 1 101 1
58 OnTime_58 29 1 82 1
59 OnTime_59 7 1 33 1
59 OnTime_59 10 1 33 1
59 OnTime_59 11 1 100 1
59 OnTime_59 12 1 63 1
59 OnTime_59 14 1 135 1
59 OnTime_59 24 1 119 1
59 OnTime_59 25 1 36 1
59 OnTime_59 27 1 33 1
59 OnTime_59 29 1 117 1
60 OnTime_60 7 1 82 1
60 OnTime_60 10 1 113 1
60 OnTime_60 12 1 72 1
60 OnTime_60 14 1 135 1
60 OnTime_60 22 1 53 1
60 OnTime_60 24 1 79 1
60 OnTime_60 25 1 44 1
60 OnTime_60 27 1 101 1
60 OnTime_60 29 1 77 1
61 OnTime_61 7 1 126 1
61 OnTime_61 10 1 120 1
61 OnTime_61 12 1 78 1
61 OnTime_61 22 1 53 1
61 OnTime_61 24 1 78 1
61 OnTime_61 25 1 89 1
61 OnTime_61 27 1 103 1
61 OnTime_61 29 1 7 1
62 OnTime_62 7 1 71 1
62 OnTime_62 10 1 67 1
62 OnTime_62 11 1 100 1
62 OnTime_62 12 1 105 1
62 OnTime_62 14 1 117 1
62 OnTime_62 24 1 78 1
62 OnTime_62 27 1 101 1
62 OnTime_62 29 1 117 1
63 OnTime_63 7 1 103 1
63 OnTime_63 10 1 60 1
63 OnTime_63 11 1 100 1
63 OnTime_63 12 1 105 1
63 OnTime_63 14 1 117 1
63 OnTime_63 24 1 79 1
63 OnTime_63 25 1 109 1
63 OnTime_63 27 1 82 1
63 OnTime_63 29 1 77 1
64 OnTime_64 7 1 82 1
64 OnTime_64 10 1 117 1
64 OnTime_64 11 1 105 1
64 OnTime_64 12 1 89 1
64 OnTime_64 14 1 88 1
64 OnTime_64 22 1 79 1
64 OnTime_64 24 1 79 1
64 OnTime_64 25 1 89 1
64 OnTime_64 27 1 69 1
64 OnTime_64 29 1 82 1
65 OnTime_65 7 1 61 1
65 OnTime_65 10 1 120 1
65 OnTime_65 11 1 63 1
65 OnTime_65 12 1 78 1
65 OnTime_65 14 1 95 1
65 OnTime_65 22 1 99 1
65 OnTime_65 24 1 75 1
65 OnTime_65 25 1 36 1
65 OnTime_65 27 1 82 1
65 OnTime_65 29 1 82 1
66 OnTime_66 7 1 126 1
66 OnTime_66 10 1 108 1
66 OnTime_66 11 1 105 1
66 OnTime_66 12 1 78 1
66 OnTime_66 14 1 117 1
66 OnTime_66 22 1 99 1
66 OnTime_66 24 1 78 1
66 OnTime_66 25 1 97 1
66 OnTime_66 27 1 82 1
66 OnTime_66 29 1 82 1
67 OnTime_67 7 1 71 1
67 OnTime_67 11 1 59 1
67 OnTime_67 12 1 72 1
67 OnTime_67 14 1 88 1
67 OnTime_67 22 1 124 1
67 OnTime_67 25 1 89 1
67 OnTime_67 27 1 31 1
67 OnTime_67 29 1 88 1
68 OnTime_68 11 1 35 1
68 OnTime_68 14 1 130 1
68 OnTime_68 22 1 79 1
68 OnTime_68 24 1 79 1
68 OnTime_68 25 1 143 1
68 OnTime_68 27 1 54 1
68 OnTime_68 29 1 77 1
69 OnTime_69 7 1 71 1
69 OnTime_69 11 1 63 1
69 OnTime_69 12 1 63 1
69 OnTime_69 14 1 88 1
69 OnTime_69 27 1 103 1
69 OnTime_69 29 1 88 1
70 OnTime_70 7 1 126 1
70 OnTime_70 10 1 108 1
70 OnTime_70 12 1 139 1
70 OnTime_70 14 1 85 1
70 OnTime_70 25 1 109 1
70 OnTime_70 29 1 77 1
71 OnTime_71 7 1 70 1
71 OnTime_71 11 1 59 1
71 OnTime_71 12 1 86 1
71 OnTime_71 14 1 114 1
71 OnTime_71 22 1 59 1
71 OnTime_71 24 1 79 1
71 OnTime_71 27 1 101 1
71 OnTime_71 29 1 83 1
72 OnTime_72 7 1 82 1
72 OnTime_72 10 1 36 1
72 OnTime_72 11 1 100 1
72 OnTime_72 12 1 133 1
72 OnTime_72 14 1 95 1
72 OnTime_72 22 1 66 1
72 OnTime_72 24 1 75 1
72 OnTime_72 25 1 109 1
72 OnTime_72 27 1 101 1
72 OnTime_72 29 1 133 1
73 OnTime_73 7 1 33 1
73 OnTime_73 10 1 33 1
73 OnTime_73 11 1 81 1
73 OnTime_73 12 1 89 1
73 OnTime_73 14 1 135 1
73 OnTime_73 22 1 79 1
73 OnTime_73 24 1 75 1
73 OnTime_73 25 1 109 1
73 OnTime_73 27 1 101 1
73 OnTime_73 29 1 65 1
74 OnTime_74 7 1 71 1
74 OnTime_74 10 1 113 1
74 OnTime_74 11 1 100 1
74 OnTime_74 12 1 137 1
74 OnTime_74 14 1 79 1
74 OnTime_74 22 1 66 1
74 OnTime_74 24 1 79 1
74 OnTime_74 25 1 60 1
74 OnTime_74 27 1 69 1
75 OnTime_75 10 1 108 1
75 OnTime_75 11 1 100 1
75 OnTime_75 12 1 89 1
75 OnTime_75 14 1 114 1
75 OnTime_75 22 1 99 1
75 OnTime_75 24 1 121 1
75 OnTime_75 25 1 89 1
75 OnTime_75 27 1 69 1
75 OnTime_75 29 1 77 1
76 OnTime_76 7 1 70 1
76 OnTime_76 11 1 58 1
76 OnTime_76 14 1 88 1
76 OnTime_76 22 1 66 1
76 OnTime_76 24 1 68 1
76 OnTime_76 25 1 97 1
76 OnTime_76 29 1 65 1
77 OnTime_77 7 1 71 1
77 OnTime_77 10 1 120 1
77 OnTime_77 11 1 100 1
77 OnTime_77 12 1 78 1
77 OnTime_77 14 1 117 1
77 OnTime_77 22 1 124 1
77 OnTime_77 24 1 78 1
77 OnTime_77 25 1 109 1
77 OnTime_77 27 1 69 1
77 OnTime_77 29 1 77 1
78 OnTime_78 7 1 71 1
78 OnTime_78 10 1 113 1
78 OnTime_78 11 1 35 1
78 OnTime_78 12 1 49 1
78 OnTime_78 14 1 95 1
78 OnTime_78 22 1 59 1
78 OnTime_78 24 1 79 1
78 OnTime_78 25 1 89 1
78 OnTime_78 27 1 112 1
78 OnTime_78 29 1 88 1
79 OnTime_79 7 1 82 1
79 OnTime_79 10 1 117 1
79 OnTime_79 11 1 100 1
79 OnTime_79 12 1 86 1
79 OnTime_79 14 1 95 1
79 OnTime_79 22 1 99 1
79 OnTime_79 24 1 79 1
79 OnTime_79 25 1 44 1
79 OnTime_79 27 1 82 1
79 OnTime_79 29 1 82 1
80 OnTime_80 7 1 61 1
80 OnTime_80 11 1 35 1
80 OnTime_80 12 1 47 1
80 OnTime_80 14 1 88 1
80 OnTime_80 22 1 59 1
80 OnTime_80 24 1 75 1
80 OnTime_80 25 1 109 1
80 OnTime_80 27 1 101 1
80 OnTime_80 29 1 88 1
81 OnTime_81 7 1 71 1
81 OnTime_81 11 1 63 1
81 OnTime_81 12 1 63 1
81 OnTime_81 14 1 85 1
81 OnTime_81 22 1 53 1
81 OnTime_81 24 1 78 1
81 OnTime_81 25 1 89 1
81 OnTime_81 27 1 101 1
81 OnTime_81 29 1 82 1
82 OnTime_82 10 1 113 1
82 OnTime_82 12 1 72 1
82 OnTime_82 14 1 117 1
82 OnTime_82 22 1 53 1
82 OnTime_82 24 1 78 1
82 OnTime_82 25 1 102 1
82 OnTime_82 29 1 65 1
83 OnTime_83 7 1 82 1
83 OnTime_83 11 1 81 1
83 OnTime_83 14 1 95 1
83 OnTime_83 22 1 66 1
83 OnTime_83 25 1 44 1
83 OnTime_83 27 1 112 1
83 OnTime_83 29 1 77 1
84 OnTime_84 7 1 71 1
84 OnTime_84 10 1 60 1
84 OnTime_84 11 1 63 1
84 OnTime_84 12 1 78 1
84 OnTime_84 14 1 85 1
84 OnTime_84 22 1 66 1
84 OnTime_84 24 1 78 1
84 OnTime_84 25 1 60 1
84 OnTime_84 27 1 82 1
84 OnTime_84 29 1 88 1
85 OnTime_85 7 1 71 1
85 OnTime_85 10 1 120 1
85 OnTime_85 12 1 49 1
85 OnTime_85 14 1 95 1
85 OnTime_85 22 1 53 1
85 OnTime_85 24 1 121 1
85 OnTime_85 25 1 60 1
85 OnTime_85 27 1 103 1
85 OnTime_85 29 1 83 1
86 OnTime_86 10 1 108 1
86 OnTime_86 11 1 63 1
86 OnTime_86 12 1 63 1
86 OnTime_86 14 1 117 1
86 OnTime_86 22 1 99 1
86 OnTime_86 24 1 79 1
86 OnTime_86 29 1 65 1
87 OnTime_87 7 1 61 1
87 OnTime_87 10 1 108 1
87 OnTime_87 11 1 81 1
87 OnTime_87 12 1 78 1
87 OnTime_87 14 1 56 1
87 OnTime_87 24 1 78 1
87 OnTime_87 25 1 102 1
87 OnTime_87 27 1 112 1
87 OnTime_87 29 1 133 1
88 OnTime_88 7 1 70 1
88 OnTime_88 10 1 67 1
88 OnTime_88 11 1 33 1
88 OnTime_88 12 1 49 1
88 OnTime_88 14 1 88 1
88 OnTime_88 22 1 124 1
88 OnTime_88 24 1 78 1
88 OnTime_88 25 1 60 1
88 OnTime_88 27 1 112 1
88 OnTime_88 29 1 65 1
89 OnTime_89 7 1 126 1
89 OnTime_89 10 1 113 1
89 OnTime_89 11 1 58 1
89 OnTime_89 27 1 112 1
89 OnTime_89 29 1 41 1
90 OnTime_90 7 1 70 1
90 OnTime_90 10 1 108 1
90 OnTime_90 12 1 89 1
90 OnTime_90 14 1 85 1
90 OnTime_90 22 1 66 1
90 OnTime_90 24 1 121 1
90 OnTime_90 25 1 89 1
90 OnTime_90 29 1 88 1
91 OnTime_91 10 1 108 1
91 OnTime_91 11 1 59 1
91 OnTime_91 12 1 78 1
91 OnTime_91 14 1 130 1
91 OnTime_91 22 1 59 1
91 OnTime_91 24 1 121 1
91 OnTime_91 25 1 89 1
91 OnTime_91 27 1 69 1
91 OnTime_91 29 1 41 1
92 OnTime_92 7 1 61 1
92 OnTime_92 10 1 113 1
92 OnTime_92 12 1 49 1
92 OnTime_92 14 1 130 1
92 OnTime_92 22 1 99 1
92 OnTime_92 24 1 68 1
92 OnTime_92 29 1 65 1
93 OnTime_93 7 1 71 1
93 OnTime_93 10 1 67 1
93 OnTime_93 12 1 72 1
93 OnTime_93 14 1 85 1
93 OnTime_93 22 1 66 1
93 OnTime_93 25 1 102 1
93 OnTime_93 29 1 88 1
94 OnTime_94 7 1 71 1
94 OnTime_94 10 1 113 1
94 OnTime_94 11 1 59 1
94 OnTime_94 12 1 89 1
94 OnTime_94 14 1 95 1
94 OnTime_94 22 1 59 1
94 OnTime_94 25 1 109 1
94 OnTime_94 27 1 82 1
94 OnTime_94 29 1 83 1
95 OnTime_95 7 1 70 1
95 OnTime_95 10 1 120 1
95 OnTime_95 11 1 138 1
95 OnTime_95 12 1 47 1
95 OnTime_95 14 1 79 1
95 OnTime_95 22 1 66 1
95 OnTime_95 24 1 79 1
95 OnTime_95 25 1 47 1
95 OnTime_95 27 1 112 1
95 OnTime_95 29 1 83 1
96 OnTime_96 7 1 103 1
96 OnTime_96 10 1 36 1
96 OnTime_96 11 1 58 1
96 OnTime_96 12 1 78 1
96 OnTime_96 22 1 59 1
96 OnTime_96 24 1 68 1
96 OnTime_96 25 1 36 1
96 OnTime_96 27 1 69 1
96 OnTime_96 29 1 83 1
97 OnTime_97 7 1 71 1
97 OnTime_97 10 1 108 1
97 OnTime_97 11 1 35 1
97 OnTime_97 12 1 47 1
97 OnTime_97 14 1 88 1
97 OnTime_97 22 1 79 1
97 OnTime_97 24 1 79 1
97 OnTime_97 25 1 97 1
97 OnTime_97 27 1 112 1
97 OnTime_97 29 1 83 1
98 OnTime_98 7 1 103 1
98 OnTime_98 10 1 108 1
98 OnTime_98 11 1 58 1
98 OnTime_98 12 1 78 1
98 OnTime_98 22 1 124 1
98 OnTime_98 24 1 68 1
98 OnTime_98 25 1 97 1
98 OnTime_98 27 1 103 1
98 OnTime_98 29 1 77 1
99 OnTime_99 10 1 120 1
99 OnTime_99 11 1 63 1
99 OnTime_99 12 1 63 1
99 OnTime_99 14 1 114 1
99 OnTime_99 22 1 124 1
99 OnTime_99 24 1 78 1
99 OnTime_99 25 1 102 1
99 OnTime_99 27 1 69 1
99 OnTime_99 29 1 65 1
100 OnTime_100 7 1 61 1
100 OnTime_100 10 1 60 1
100 OnTime_100 11 1 28 1
100 OnTime_100 12 1 28 1
100 OnTime_100 14 1 85 1
100 OnTime_100 22 1 66 1
100 OnTime_100 24 1 79 1
100 OnTime_100 25 1 28 1
100 OnTime_100 27 1 136 1
100 OnTime_100 29 1 88 1
101 OnTime_101 7 1 61 1
101 OnTime_101 10 1 67 1
101 OnTime_101 11 1 81 1
101 OnTime_101 12 1 105 1
101 OnTime_101 14 1 88 1
101 OnTime_101 22 1 99 1
101 OnTime_101 24 1 121 1
101 OnTime_101 25 1 36 1
101 OnTime_101 27 1 69 1
101 OnTime_101 29 1 77 1
102 OnTime_102 7 1 154 1
102 OnTime_102 10 1 113 1
102 OnTime_102 11 1 100 1
102 OnTime_102 12 1 89 1
102 OnTime_102 14 1 56 1
102 OnTime_102 22 1 53 1
102 OnTime_102 24 1 68 1
102 OnTime_102 25 1 109 1
102 OnTime_102 27 1 112 1
102 OnTime_102 29 1 65 1
103 OnTime_103 7 1 61 1
103 OnTime_103 10 1 67 1
103 OnTime_103 11 1 81 1
103 OnTime_103 12 1 78 1
103 OnTime_103 14 1 85 1
103 OnTime_103 24 1 78 1
103 OnTime_103 27 1 31 1
103 OnTime_103 29 1 77 1
104 OnTime_104 7 1 71 1
104 OnTime_104 10 1 36 1
104 OnTime_104 11 1 100 1
104 OnTime_104 12 1 78 1
104 OnTime_104 14 1 117 1
104 OnTime_104 22 1 124 1
104 OnTime_104 24 1 78 1
104 OnTime_104 25 1 97 1
104 OnTime_104 29 1 122 1
105 OnTime_105 7 1 82 1
105 OnTime_105 10 1 108 1
105 OnTime_105 11 1 58 1
105 OnTime_105 12 1 105 1
105 OnTime_105 14 1 85 1
105 OnTime_105 22 1 79 1
105 OnTime_105 24 1 79 1
105 OnTime_105 25 1 97 1
105 OnTime_105 27 1 82 1
105 OnTime_105 29 1 65 1
106 OnTime_106 7 1 103 1
106 OnTime_106 11 1 100 1
106 OnTime_106 12 1 78 1
106 OnTime_106 14 1 95 1
106 OnTime_106 22 1 59 1
106 OnTime_106 24 1 121 1
106 OnTime_106 25 1 44 1
106 OnTime_106 27 1 103 1
106 OnTime_106 29 1 82 1
107 OnTime_107 12 1 78 1
107 OnTime_107 14 1 79 1
107 OnTime_107 22 1 124 1
107 OnTime_107 24 1 78 1
107 OnTime_107 25 1 109 1
107 OnTime_107 27 1 54 1
107 OnTime_107 29 1 77 1
108 OnTime_108 7 1 71 1
108 OnTime_108 10 1 33 1
108 OnTime_108 11 1 33 1
108 OnTime_108 12 1 105 1
108 OnTime_108 14 1 95 1
108 OnTime_108 22 1 53 1
108 OnTime_108 24 1 119 1
108 OnTime_108 25 1 109 1
108 OnTime_108 27 1 69 1
108 OnTime_108 29 1 2 1
109 OnTime_109 7 1 33 1
109 OnTime_109 10 1 67 1
109 OnTime_109 11 1 33 1
109 OnTime_109 12 1 137 1
109 OnTime_109 14 1 88 1
109 OnTime_109 22 1 66 1
109 OnTime_109 24 1 78 1
109 OnTime_109 25 1 89 1
109 OnTime_109 27 1 69 1
109 OnTime_109 29 1 65 1
110 OnTime_110 10 1 60 1
110 OnTime_110 11 1 63 1
110 OnTime_110 12 1 105 1
110 OnTime_110 14 1 79 1
110 OnTime_110 22 1 124 1
110 OnTime_110 24 1 79 1
110 OnTime_110 25 1 60 1
110 OnTime_110 27 1 31 1
111 OnTime_111 7 1 103 1
111 OnTime_111 10 1 108 1
111 OnTime_111 11 1 105 1
111 OnTime_111 12 1 49 1
111 OnTime_111 14 1 88 1
111 OnTime_111 22 1 124 1
111 OnTime_111 24 1 79 1
111 OnTime_111 25 1 89 1
111 OnTime_111 27 1 103 1
111 OnTime_111 29 1 88 1
112 OnTime_112 10 1 113 1
112 OnTime_112 11 1 58 1
112 OnTime_112 12 1 86 1
112 OnTime_112 14 1 56 1
112 OnTime_112 24 1 121 1
112 OnTime_112 25 1 60 1
112 OnTime_112 27 1 31 1
112 OnTime_112 29 1 88 1
113 OnTime_113 7 1 71 1
113 OnTime_113 11 1 35 1
113 OnTime_113 12 1 72 1
113 OnTime_113 14 1 85 1
113 OnTime_113 24 1 121 1
113 OnTime_113 27 1 69 1
114 OnTime_114 7 1 71 1
114 OnTime_114 10 1 117 1
114 OnTime_114 11 1 138 1
114 OnTime_114 12 1 78 1
114 OnTime_114 14 1 56 1
114 OnTime_114 22 1 79 1
114 OnTime_114 24 1 78 1
114 OnTime_114 27 1 69 1
114 OnTime_114 29 1 117 1
115 OnTime_115 7 1 71 1
115 OnTime_115 10 1 113 1
115 OnTime_115 11 1 81 1
115 OnTime_115 12 1 78 1
115 OnTime_115 14 1 114 1
115 OnTime_115 22 1 59 1
115 OnTime_115 24 1 78 1
115 OnTime_115 25 1 102 1
115 OnTime_115 27 1 82 1
115 OnTime_115 29 1 65 1
116 OnTime_116 7 1 82 1
116 OnTime_116 10 1 67 1
116 OnTime_116 11 1 63 1
116 OnTime_116 12 1 63 1
116 OnTime_116 14 1 56 1
116 OnTime_116 22 1 79 1
116 OnTime_116 24 1 121 1
116 OnTime_116 25 1 89 1
116 OnTime_116 27 1 82 1
116 OnTime_116 29 1 82 1
117 OnTime_117 7 1 71 1
117 OnTime_117 10 1 67 1
117 OnTime_117 12 1 78 1
117 OnTime_117 14 1 114 1
117 OnTime_117 22 1 66 1
117 OnTime_117 24 1 78 1
117 OnTime_117 25 1 102 1
117 OnTime_117 27 1 20 1
117 OnTime_117 29 1 88 1
118 OnTime_118 7 1 82 1
118 OnTime_118 10 1 113 1
118 OnTime_118 11 1 81 1
118 OnTime_118 12 1 78 1
118 OnTime_118 14 1 88 1
118 OnTime_118 22 1 53 1
118 OnTime_118 24 1 78 1
118 OnTime_118 25 1 47 1
118 OnTime_118 27 1 82 1
118 OnTime_118 29 1 88 1
119 OnTime_119 7 1 70 1
119 OnTime_119 10 1 117 1
119 OnTime_119 11 1 63 1
119 OnTime_119 12 1 63 1
119 OnTime_119 14 1 95 1
119 OnTime_119 22 1 79 1
119 OnTime_119 24 1 79 1
119 OnTime_119 25 1 36 1
119 OnTime_119 27 1 101 1
119 OnTime_119 29 1 117 1
120 OnTime_120 7 1 71 1
120 OnTime_120 10 1 120 1
120 OnTime_120 11 1 81 1
120 OnTime_120 12 1 105 1
120 OnTime_120 14 1 85 1
120 OnTime_120 22 1 124 1
120 OnTime_120 24 1 121 1
120 OnTime_120 25 1 60 1
120 OnTime_120 27 1 112 1
120 OnTime_120 29 1 88 1
121 OnTime_121 7 1 70 1
121 OnTime_121 10 1 33 1
121 OnTime_121 11 1 33 1
121 OnTime_121 12 1 78 1
121 OnTime_121 22 1 66 1
121 OnTime_121 24 1 78 1
121 OnTime_121 25 1 109 1
121 OnTime_121 27 1 112 1
121 OnTime_121 29 1 77 1
122 OnTime_122 7 1 61 1
122 OnTime_122 10 1 60 1
122 OnTime_122 11 1 58 1
122 OnTime_122 12 1 78 1
122 OnTime_122 14 1 130 1
122 OnTime_122 22 1 124 1
122 OnTime_122 24 1 78 1
122 OnTime_122 25 1 60 1
122 OnTime_122 29 1 133 1
123 OnTime_123 7 1 71 1
123 OnTime_123 10 1 108 1
123 OnTime_123 12 1 78 1
123 OnTime_123 14 1 117 1
123 OnTime_123 22 1 79 1
123 OnTime_123 24 1 79 1
123 OnTime_123 27 1 31 1
123 OnTime_123 29 1 117 1
124 OnTime_124 7 1 71 1
124 OnTime_124 11 1 100 1
124 OnTime_124 12 1 49 1
124 OnTime_124 14 1 95 1
124 OnTime_124 25 1 102 1
124 OnTime_124 27 1 103 1
124 OnTime_124 29 1 117 1
125 OnTime_125 10 1 113 1
125 OnTime_125 11 1 105 1
125 OnTime_125 12 1 105 1
125 OnTime_125 14 1 130 1
125 OnTime_125 25 1 89 1
125 OnTime_125 27 1 69 1
125 OnTime_125 29 1 122 1
126 OnTime_126 10 1 60 1
126 OnTime_126 11 1 105 1
126 OnTime_126 12 1 105 1
126 OnTime_126 14 1 95 1
126 OnTime_126 22 1 66 1
126 OnTime_126 24 1 78 1
126 OnTime_126 25 1 60 1
126 OnTime_126 29 1 83 1
127 OnTime_127 7 1 61 1
127 OnTime_127 10 1 113 1
127 OnTime_127 11 1 59 1
127 OnTime_127 12 1 139 1
127 OnTime_127 14 1 117 1
127 OnTime_127 22 1 124 1
127 OnTime_127 24 1 79 1
127 OnTime_127 25 1 97 1
127 OnTime_127 27 1 112 1
127 OnTime_127 29 1 117 1
128 OnTime_128 7 1 70 1
128 OnTime_128 10 1 113 1
128 OnTime_128 11 1 58 1
128 OnTime_128 12 1 133 1
128 OnTime_128 14 1 88 1
128 OnTime_128 24 1 68 1
128 OnTime_128 25 1 89 1
128 OnTime_128 27 1 82 1
128 OnTime_128 29 1 133 1
129 OnTime_129 7 1 82 1
129 OnTime_129 10 1 113 1
129 OnTime_129 12 1 49 1
129 OnTime_129 14 1 135 1
129 OnTime_129 22 1 53 1
129 OnTime_129 24 1 68 1
129 OnTime_129 25 1 109 1
129 OnTime_129 27 1 82 1
129 OnTime_129 29 1 82 1
130 OnTime_130 7 1 82 1
130 OnTime_130 10 1 120 1
130 OnTime_130 11 1 81 1
130 OnTime_130 12 1 105 1
130 OnTime_130 14 1 85 1
130 OnTime_130 24 1 119 1
130 OnTime_130 25 1 97 1
130 OnTime_130 27 1 112 1
130 OnTime_130 29 1 82 1
131 OnTime_131 7 1 82 1
131 OnTime_131 11 1 100 1
131 OnTime_131 12 1 105 1
131 OnTime_131 14 1 114 1
131 OnTime_131 22 1 124 1
131 OnTime_131 25 1 89 1
131 OnTime_131 27 1 69 1
131 OnTime_131 29 1 82 1
132 OnTime_132 7 1 70 1
132 OnTime_132 10 1 120 1
132 OnTime_132 11 1 58 1
132 OnTime_132 12 1 89 1
132 OnTime_132 14 1 85 1
132 OnTime_132 22 1 53 1
132 OnTime_132 24 1 75 1
132 OnTime_132 25 1 109 1
132 OnTime_132 27 1 69 1
132 OnTime_132 29 1 117 1
133 OnTime_133 10 1 113 1
133 OnTime_133 11 1 58 1
133 OnTime_133 12 1 63 1
133 OnTime_133 14 1 114 1
133 OnTime_133 22 1 53 1
133 OnTime_133 24 1 121 1
133 OnTime_133 25 1 143 1
133 OnTime_133 29 1 88 1
134 OnTime_134 7 1 82 1
134 OnTime_134 11 1 58 1
134 OnTime_134 12 1 139 1
134 OnTime_134 14 1 88 1
134 OnTime_134 22 1 59 1
134 OnTime_134 24 1 79 1
134 OnTime_134 25 1 89 1
134 OnTime_134 27 1 101 1
134 OnTime_134 29 1 82 1
135 OnTime_135 7 1 103 1
135 OnTime_135 10 1 36 1
135 OnTime_135 11 1 100 1
135 OnTime_135 12 1 47 1
135 OnTime_135 14 1 85 1
135 OnTime_135 22 1 124 1
135 OnTime_135 24 1 78 1
135 OnTime_135 25 1 36 1
135 OnTime_135 27 1 103 1
135 OnTime_135 29 1 88 1
136 OnTime_136 7 1 82 1
136 OnTime_136 11 1 59 1
136 OnTime_136 12 1 72 1
136 OnTime_136 14 1 88 1
136 OnTime_136 22 1 59 1
136 OnTime_136 25 1 44 1
136 OnTime_136 27 1 82 1
136 OnTime_136 29 1 65 1
137 OnTime_137 7 1 103 1
137 OnTime_137 10 1 117 1
137 OnTime_137 11 1 58 1
137 OnTime_137 12 1 78 1
137 OnTime_137 14 1 56 1
137 OnTime_137 22 1 53 1
137 OnTime_137 24 1 79 1
137 OnTime_137 25 1 89 1
137 OnTime_137 27 1 103 1
137 OnTime_137 29 1 83 1
138 OnTime_138 7 1 71 1
138 OnTime_138 10 1 108 1
138 OnTime_138 11 1 100 1
138 OnTime_138 14 1 117 1
138 OnTime_138 22 1 99 1
138 OnTime_138 24 1 119 1
138 OnTime_138 25 1 97 1
138 OnTime_138 27 1 103 1
138 OnTime_138 29 1 117 1
139 OnTime_139 10 1 113 1
139 OnTime_139 11 1 28 1
139 OnTime_139 12 1 78 1
139 OnTime_139 14 1 88 1
139 OnTime_139 24 1 78 1
139 OnTime_139 25 1 28 1
139 OnTime_139 29 1 88 1
140 OnTime_140 7 1 82 1
140 OnTime_140 10 1 120 1
140 OnTime_140 11 1 35 1
140 OnTime_140 12 1 72 1
140 OnTime_140 14 1 114 1
140 OnTime_140 22 1 124 1
140 OnTime_140 24 1 78 1
140 OnTime_140 25 1 60 1
140 OnTime_140 27 1 112 1
140 OnTime_140 29 1 82 1
141 OnTime_141 7 1 71 1
141 OnTime_141 10 1 67 1
141 OnTime_141 11 1 58 1
141 OnTime_141 12 1 49 1
141 OnTime_141 14 1 95 1
141 OnTime_141 22 1 59 1
141 OnTime_141 24 1 75 1
141 OnTime_141 25 1 47 1
141 OnTime_141 27 1 101 1
141 OnTime_141 29 1 133 1
142 OnTime_142 10 1 120 1
142 OnTime_142 11 1 63 1
142 OnTime_142 12 1 63 1
142 OnTime_142 14 1 79 1
142 OnTime_142 22 1 79 1
142 OnTime_142 24 1 79 1
142 OnTime_142 25 1 89 1
142 OnTime_142 27 1 69 1
143 OnTime_143 10 1 67 1
143 OnTime_143 11 1 105 1
143 OnTime_143 12 1 105 1
143 OnTime_143 14 1 85 1
143 OnTime_143 22 1 79 1
143 OnTime_143 24 1 121 1
143 OnTime_143 25 1 97 1
144 OnTime_144 7 1 103 1
144 OnTime_144 10 1 67 1
144 OnTime_144 12 1 137 1
144 OnTime_144 22 1 53 1
144 OnTime_144 24 1 166 1
144 OnTime_144 25 1 60 1
144 OnTime_144 27 1 103 1
145 OnTime_145 7 1 61 1
145 OnTime_145 10 1 117 1
145 OnTime_145 11 1 100 1
145 OnTime_145 12 1 49 1
145 OnTime_145 14 1 117 1
145 OnTime_145 22 1 79 1
145 OnTime_145 24 1 121 1
145 OnTime_145 25 1 97 1
145 OnTime_145 27 1 103 1
145 OnTime_145 29 1 65 1
146 OnTime_146 7 1 71 1
146 OnTime_146 10 1 67 1
146 OnTime_146 11 1 81 1
146 OnTime_146 12 1 105 1
146 OnTime_146 14 1 79 1
146 OnTime_146 22 1 53 1
146 OnTime_146 24 1 78 1
146 OnTime_146 25 1 97 1
146 OnTime_146 27 1 69 1
146 OnTime_146 29 1 82 1
147 OnTime_147 7 1 70 1
147 OnTime_147 10 1 108 1
147 OnTime_147 11 1 58 1
147 OnTime_147 12 1 86 1
147 OnTime_147 14 1 56 1
147 OnTime_147 22 1 79 1
147 OnTime_147 24 1 79 1
147 OnTime_147 25 1 97 1
147 OnTime_147 27 1 69 1
147 OnTime_147 29 1 65 1
148 OnTime_148 7 1 71 1
148 OnTime_148 10 1 67 1
148 OnTime_148 12 1 89 1
148 OnTime_148 14 1 88 1
148 OnTime_148 22 1 79 1
148 OnTime_148 24 1 79 1
148 OnTime_148 25 1 89 1
148 OnTime_148 27 1 69 1
148 OnTime_148 29 1 88 1
149 OnTime_149 7 1 71 1
149 OnTime_149 11 1 81 1
149 OnTime_149 12 1 105 1
149 OnTime_149 24 1 121 1
149 OnTime_149 25 1 97 1
149 OnTime_149 27 1 103 1
149 OnTime_149 29 1 83 1
150 OnTime_150 7 1 70 1
150 OnTime_150 11 1 105 1
150 OnTime_150 12 1 105 1
150 OnTime_150 14 1 130 1
150 OnTime_150 22 1 53 1
150 OnTime_150 24 1 75 1
150 OnTime_150 25 1 97 1
150 OnTime_150 27 1 54 1
150 OnTime_150 29 1 65 1
151 OnTime_151 7 1 70 1
151 OnTime_151 10 1 67 1
151 OnTime_151 11 1 58 1
151 OnTime_151 12 1 89 1
151 OnTime_151 14 1 114 1
151 OnTime_151 22 1 53 1
151 OnTime_151 24 1 79 1
151 OnTime_151 25 1 89 1
151 OnTime_151 27 1 69 1
152 OnTime_152 7 1 71 1
152 OnTime_152 11 1 81 1
152 OnTime_152 12 1 63 1
152 OnTime_152 14 1 88 1
152 OnTime_152 22 1 59 1
152 OnTime_152 24 1 79 1
152 OnTime_152 25 1 109 1
152 OnTime_152 27 1 112 1
152 OnTime_152 29 1 88 1
153 OnTime_153 7 1 70 1
153 OnTime_153 10 1 60 1
153 OnTime_153 11 1 63 1
153 OnTime_153 12 1 47 1
153 OnTime_153 14 1 85 1
153 OnTime_153 22 1 99 1
153 OnTime_153 24 1 119 1
153 OnTime_153 25 1 60 1
153 OnTime_153 27 1 103 1
153 OnTime_153 29 1 65 1
154 OnTime_154 7 1 71 1
154 OnTime_154 10 1 67 1
154 OnTime_154 11 1 81 1
154 OnTime_154 12 1 63 1
154 OnTime_154 14 1 88 1
154 OnTime_154 22 1 59 1
154 OnTime_154 24 1 68 1
154 OnTime_154 27 1 82 1
154 OnTime_154 29 1 65 1
155 OnTime_155 7 1 103 1
155 OnTime_155 10 1 67 1
155 OnTime_155 11 1 100 1
155 OnTime_155 12 1 72 1
155 OnTime_155 14 1 88 1
155 OnTime_155 22 1 124 1
155 OnTime_155 24 1 79 1
155 OnTime_155 25 1 159 1
155 OnTime_155 27 1 103 1
155 OnTime_155 29 1 88 1
156 OnTime_156 7 1 71 1
156 OnTime_156 10 1 67 1
156 OnTime_156 12 1 78 1
156 OnTime_156 14 1 95 1
156 OnTime_156 22 1 99 1
156 OnTime_156 24 1 78 1
156 OnTime_156 25 1 47 1
156 OnTime_156 29 1 41 1
157 OnTime_157 7 1 70 1
157 OnTime_157 10 1 117 1
157 OnTime_157 11 1 35 1
157 OnTime_157 12 1 78 1
157 OnTime_157 14 1 117 1
157 OnTime_157 24 1 78 1
157 OnTime_157 25 1 60 1
157 OnTime_157 29 1 117 1
158 OnTime_158 10 1 117 1
158 OnTime_158 14 1 56 1
158 OnTime_158 25 1 60 1
158 OnTime_158 27 1 101 1
158 OnTime_158 29 1 117 1
159 OnTime_159 7 1 71 1
159 OnTime_159 10 1 67 1
159 OnTime_159 11 1 81 1
159 OnTime_159 12 1 78 1
159 OnTime_159 14 1 135 1
159 OnTime_159 22 1 53 1
159 OnTime_159 24 1 78 1
159 OnTime_159 25 1 89 1
159 OnTime_159 27 1 69 1
159 OnTime_159 29 1 88 1
160 OnTime_160 7 1 61 1
160 OnTime_160 10 1 60 1
160 OnTime_160 11 1 59 1
160 OnTime_160 12 1 89 1
160 OnTime_160 14 1 88 1
160 OnTime_160 22 1 59 1
160 OnTime_160 24 1 121 1
160 OnTime_160 25 1 60 1
160 OnTime_160 27 1 82 1
160 OnTime_160 29 1 88 1
161 OnTime_161 7 1 71 1
161 OnTime_161 10 1 113 1
161 OnTime_161 11 1 100 1
161 OnTime_161 12 1 63 1
161 OnTime_161 14 1 117 1
161 OnTime_161 22 1 66 1
161 OnTime_161 25 1 109 1
161 OnTime_161 27 1 101 1
161 OnTime_161 29 1 88 1
162 OnTime_162 7 1 126 1
162 OnTime_162 10 1 60 1
162 OnTime_162 11 1 63 1
162 OnTime_162 12 1 63 1
162 OnTime_162 14 1 114 1
162 OnTime_162 22 1 66 1
162 OnTime_162 24 1 79 1
162 OnTime_162 25 1 102 1
162 OnTime_162 27 1 103 1
162 OnTime_162 29 1 77 1
163 OnTime_163 7 1 82 1
163 OnTime_163 10 1 120 1
163 OnTime_163 11 1 58 1
163 OnTime_163 12 1 47 1
163 OnTime_163 14 1 85 1
163 OnTime_163 22 1 79 1
163 OnTime_163 24 1 79 1
163 OnTime_163 25 1 89 1
163 OnTime_163 27 1 82 1
163 OnTime_163 29 1 82 1
164 OnTime_164 7 1 61 1
164 OnTime_164 10 1 113 1
164 OnTime_164 11 1 81 1
164 OnTime_164 12 1 47 1
164 OnTime_164 14 1 85 1
164 OnTime_164 22 1 66 1
164 OnTime_164 25 1 47 1
164 OnTime_164 27 1 54 1
164 OnTime_164 29 1 83 1
165 OnTime_165 7 1 71 1
165 OnTime_165 10 1 60 1
165 OnTime_165 12 1 78 1
165 OnTime_165 14 1 117 1
165 OnTime_165 22 1 99 1
165 OnTime_165 24 1 78 1
165 OnTime_165 25 1 89 1
165 OnTime_165 27 1 82 1
165 OnTime_165 29 1 117 1
166 OnTime_166 7 1 126 1
166 OnTime_166 11 1 81 1
166 OnTime_166 12 1 86 1
166 OnTime_166 14 1 85 1
166 OnTime_166 22 1 79 1
166 OnTime_166 24 1 78 1
166 OnTime_166 25 1 47 1
166 OnTime_166 27 1 136 1
166 OnTime_166 29 1 122 1
167 OnTime_167 10 1 113 1
167 OnTime_167 11 1 59 1
167 OnTime_167 12 1 89 1
167 OnTime_167 14 1 117 1
167 OnTime_167 22 1 124 1
167 OnTime_167 24 1 79 1
167 OnTime_167 25 1 89 1
167 OnTime_167 27 1 101 1
167 OnTime_167 29 1 88 1
168 OnTime_168 7 1 103 1
168 OnTime_168 10 1 60 1
168 OnTime_168 11 1 58 1
168 OnTime_168 12 1 105 1
168 OnTime_168 14 1 117 1
168 OnTime_168 22 1 53 1
168 OnTime_168 24 1 121 1
168 OnTime_168 25 1 89 1
168 OnTime_168 27 1 103 1
168 OnTime_168 29 1 65 1
169 OnTime_169 11 1 105 1
169 OnTime_169 12 1 105 1
169 OnTime_169 14 1 114 1
169 OnTime_169 22 1 66 1
169 OnTime_169 24 1 68 1
169 OnTime_169 25 1 89 1
169 OnTime_169 27 1 101 1
169 OnTime_169 29 1 83 1
170 OnTime_170 7 1 61 1
170 OnTime_170 10 1 113 1
170 OnTime_170 11 1 100 1
170 OnTime_170 12 1 49 1
170 OnTime_170 14 1 85 1
170 OnTime_170 22 1 53 1
170 OnTime_170 24 1 75 1
170 OnTime_170 25 1 89 1
170 OnTime_170 27 1 69 1
171 OnTime_171 7 1 70 1
171 OnTime_171 10 1 67 1
171 OnTime_171 11 1 105 1
171 OnTime_171 12 1 105 1
171 OnTime_171 14 1 135 1
171 OnTime_171 24 1 68 1
171 OnTime_171 25 1 89 1
171 OnTime_171 27 1 69 1
171 OnTime_171 29 1 65 1
172 OnTime_172 11 1 58 1
172 OnTime_172 12 1 133 1
172 OnTime_172 14 1 114 1
172 OnTime_172 22 1 79 1
172 OnTime_172 25 1 89 1
172 OnTime_172 27 1 112 1
172 OnTime_172 29 1 133 1
173 OnTime_173 7 1 70 1
173 OnTime_173 10 1 60 1
173 OnTime_173 11 1 63 1
173 OnTime_173 12 1 63 1
173 OnTime_173 22 1 66 1
173 OnTime_173 24 1 78 1
173 OnTime_173 25 1 60 1
173 OnTime_173 27 1 82 1
173 OnTime_173 29 1 82 1
174 OnTime_174 7 1 154 1
174 OnTime_174 10 1 120 1
174 OnTime_174 11 1 59 1
174 OnTime_174 12 1 49 1
174 OnTime_174 14 1 88 1
174 OnTime_174 22 1 59 1
174 OnTime_174 24 1 79 1
174 OnTime_174 25 1 44 1
174 OnTime_174 27 1 103 1
174 OnTime_174 29 1 65 1
175 OnTime_175 7 1 71 1
175 OnTime_175 10 1 108 1
175 OnTime_175 11 1 63 1
175 OnTime_175 12 1 63 1
175 OnTime_175 14 1 88 1
175 OnTime_175 22 1 53 1
175 OnTime_175 24 1 121 1
175 OnTime_175 25 1 89 1
175 OnTime_175 29 1 77 1
176 OnTime_176 7 1 61 1
176 OnTime_176 10 1 67 1
176 OnTime_176 11 1 59 1
176 OnTime_176 12 1 105 1
176 OnTime_176 14 1 56 1
176 OnTime_176 22 1 66 1
176 OnTime_176 24 1 121 1
176 OnTime_176 29 1 77 1
177 OnTime_177 7 1 61 1
177 OnTime_177 10 1 67 1
177 OnTime_177 11 1 35 1
177 OnTime_177 12 1 47 1
177 OnTime_177 14 1 56 1
177 OnTime_177 22 1 66 1
177 OnTime_177 24 1 79 1
177 OnTime_177 25 1 109 1
177 OnTime_177 27 1 54 1
177 OnTime_177 29 1 83 1
178 OnTime_178 7 1 33 1
178 OnTime_178 10 1 33 1
178 OnTime_178 11 1 33 1
178 OnTime_178 12 1 139 1
178 OnTime_178 14 1 114 1
178 OnTime_178 22 1 59 1
178 OnTime_178 24 1 75 1
178 OnTime_178 25 1 109 1
178 OnTime_178 27 1 33 1
178 OnTime_178 29 1 82 1
179 OnTime_179 7 1 71 1
179 OnTime_179 10 1 113 1
179 OnTime_179 11 1 105 1
179 OnTime_179 12 1 72 1
179 OnTime_179 14 1 88 1
179 OnTime_179 22 1 79 1
179 OnTime_179 24 1 79 1
179 OnTime_179 25 1 60 1
179 OnTime_179 27 1 112 1
179 OnTime_179 29 1 88 1
180 OnTime_180 7 1 103 1
180 OnTime_180 11 1 105 1
180 OnTime_180 12 1 47 1
180 OnTime_180 14 1 56 1
180 OnTime_180 22 1 59 1
180 OnTime_180 24 1 68 1
180 OnTime_180 25 1 47 1
180 OnTime_180 27 1 103 1
180 OnTime_180 29 1 88 1
181 OnTime_181 7 1 61 1
181 OnTime_181 10 1 120 1
181 OnTime_181 11 1 58 1
181 OnTime_181 12 1 86 1
181 OnTime_181 14 1 85 1
181 OnTime_181 22 1 79 1
181 OnTime_181 24 1 68 1
181 OnTime_181 27 1 82 1
181 OnTime_181 29 1 83 1
182 OnTime_182 7 1 70 1
182 OnTime_182 11 1 58 1
182 OnTime_182 12 1 105 1
182 OnTime_182 14 1 56 1
182 OnTime_182 22 1 99 1
182 OnTime_182 24 1 119 1
182 OnTime_182 25 1 89 1
182 OnTime_182 29 1 65 1
183 OnTime_183 7 1 103 1
183 OnTime_183 11 1 59 1
183 OnTime_183 12 1 78 1
183 OnTime_183 22 1 66 1
183 OnTime_183 24 1 78 1
183 OnTime_183 25 1 102 1
183 OnTime_183 27 1 103 1
183 OnTime_183 29 1 65 1
184 OnTime_184 7 1 82 1
184 OnTime_184 10 1 36 1
184 OnTime_184 11 1 100 1
184 OnTime_184 12 1 63 1
184 OnTime_184 14 1 85 1
184 OnTime_184 22 1 66 1
184 OnTime_184 24 1 119 1
184 OnTime_184 25 1 36 1
184 OnTime_184 27 1 101 1
184 OnTime_184 29 1 82 1
185 OnTime_185 7 1 71 1
185 OnTime_185 10 1 108 1
185 OnTime_185 11 1 58 1
185 OnTime_185 12 1 105 1
185 OnTime_185 14 1 85 1
185 OnTime_185 22 1 79 1
185 OnTime_185 24 1 79 1
185 OnTime_185 27 1 103 1
185 OnTime_185 29 1 82 1
186 OnTime_186 10 1 67 1
186 OnTime_186 11 1 63 1
186 OnTime_186 12 1 63 1
186 OnTime_186 14 1 56 1
186 OnTime_186 22 1 66 1
186 OnTime_186 25 1 47 1
186 OnTime_186 27 1 101 1
186 OnTime_186 29 1 83 1
187 OnTime_187 7 1 82 1
187 OnTime_187 10 1 117 1
187 OnTime_187 11 1 100 1
187 OnTime_187 12 1 47 1
187 OnTime_187 14 1 117 1
187 OnTime_187 24 1 75 1
187 OnTime_187 25 1 47 1
187 OnTime_187 27 1 101 1
187 OnTime_187 29 1 77 1
188 OnTime_188 7 1 70 1
188 OnTime_188 10 1 113 1
188 OnTime_188 11 1 58 1
188 OnTime_188 12 1 86 1
188 OnTime_188 14 1 85 1
188 OnTime_188 22 1 99 1
188 OnTime_188 25 1 97 1
188 OnTime_188 27 1 103 1
189 OnTime_189 7 1 126 1
189 OnTime_189 10 1 117 1
189 OnTime_189 11 1 81 1
189 OnTime_189 12 1 139 1
189 OnTime_189 14 1 117 1
189 OnTime_189 22 1 99 1
189 OnTime_189 24 1 68 1
189 OnTime_189 25 1 89 1
189 OnTime_189 27 1 26 1
189 OnTime_189 29 1 77 1
190 OnTime_190 7 1 103 1
190 OnTime_190 10 1 36 1
190 OnTime_190 11 1 100 1
190 OnTime_190 12 1 139 1
190 OnTime_190 14 1 88 1
190 OnTime_190 22 1 59 1
190 OnTime_190 24 1 75 1
190 OnTime_190 25 1 97 1
190 OnTime_190 27 1 103 1
190 OnTime_190 29 1 77 1
191 OnTime_191 7 1 103 1
191 OnTime_191 10 1 67 1
191 OnTime_191 11 1 58 1
191 OnTime_191 12 1 47 1
191 OnTime_191 14 1 95 1
191 OnTime_191 22 1 66 1
191 OnTime_191 24 1 121 1
191 OnTime_191 25 1 143 1
191 OnTime_191 27 1 103 1
191 OnTime_191 29 1 82 1
192 OnTime_192 7 1 126 1
192 OnTime_192 10 1 36 1
192 OnTime_192 11 1 58 1
192 OnTime_192 12 1 86 1
192 OnTime_192 14 1 117 1
192 OnTime_192 22 1 99 1
192 OnTime_192 25 1 97 1
192 OnTime_192 27 1 101 1
192 OnTime_192 29 1 117 1
193 OnTime_193 7 1 71 1
193 OnTime_193 10 1 117 1
193 OnTime_193 11 1 58 1
193 OnTime_193 12 1 86 1
193 OnTime_193 14 1 95 1
193 OnTime_193 22 1 66 1
193 OnTime_193 24 1 78 1
193 OnTime_193 25 1 89 1
193 OnTime_193 27 1 33 1
193 OnTime_193 29 1 117 1
194 OnTime_194 7 1 61 1
194 OnTime_194 10 1 36 1
194 OnTime_194 11 1 81 1
194 OnTime_194 12 1 78 1
194 OnTime_194 14 1 95 1
194 OnTime_194 22 1 124 1
194 OnTime_194 24 1 78 1
194 OnTime_194 25 1 36 1
194 OnTime_194 27 1 33 1
194 OnTime_194 29 1 88 1
195 OnTime_195 7 1 70 1
195 OnTime_195 10 1 120 1
195 OnTime_195 11 1 100 1
195 OnTime_195 12 1 133 1
195 OnTime_195 14 1 117 1
195 OnTime_195 22 1 124 1
195 OnTime_195 24 1 68 1
195 OnTime_195 27 1 101 1
195 OnTime_195 29 1 133 1
196 OnTime_196 10 1 120 1
196 OnTime_196 11 1 63 1
196 OnTime_196 12 1 63 1
196 OnTime_196 14 1 135 1
196 OnTime_196 22 1 79 1
196 OnTime_196 24 1 78 1
196 OnTime_196 25 1 89 1
196 OnTime_196 27 1 54 1
196 OnTime_196 29 1 83 1
197 OnTime_197 10 1 108 1
197 OnTime_197 11 1 138 1
197 OnTime_197 12 1 105 1
197 OnTime_197 14 1 95 1
197 OnTime_197 24 1 75 1
197 OnTime_197 25 1 97 1
197 OnTime_197 27 1 69 1
197 OnTime_197 29 1 83 1
198 OnTime_198 7 1 61 1
198 OnTime_198 10 1 60 1
198 OnTime_198 11 1 81 1
198 OnTime_198 12 1 63 1
198 OnTime_198 14 1 88 1
198 OnTime_198 22 1 79 1
198 OnTime_198 24 1 79 1
198 OnTime_198 25 1 60 1
198 OnTime_198 29 1 88 1
199 OnTime_199 7 1 61 1
199 OnTime_199 10 1 120 1
199 OnTime_199 11 1 100 1
199 OnTime_199 12 1 105 1
199 OnTime_199 14 1 88 1
199 OnTime_199 22 1 59 1
199 OnTime_199 24 1 68 1
199 OnTime_199 25 1 89 1
199 OnTime_199 27 1 82 1
199 OnTime_199 29 1 88 1
200 OnTime_200 7 1 61 1
200 OnTime_200 10 1 117 1
200 OnTime_200 11 1 58 1
200 OnTime_200 12 1 49 1
200 OnTime_200 14 1 95 1
200 OnTime_200 24 1 121 1
200 OnTime_200 25 1 97 1
200 OnTime_200 27 1 82 1
200 OnTime_200 29 1 82 1
