0.16267942583732056
0.0
0.03827751196172249
0.09090909090909091
0.7081339712918661
-1
0.18181818181818182
0.0
0.0430622009569378
0.0861244019138756
0.6889952153110048
-1
0.19138755980861244
0.0
0.04784688995215311
0.08133971291866028
0.6794258373205742
-1
0.19138755980861244
0.0
0.05741626794258373
0.07177033492822966
0.6794258373205742
-1
0.22009569377990432
0.0
0.0861244019138756
0.0430622009569378
0.6507177033492823
-1
0.24880382775119617
0.0
0.09090909090909091
0.03827751196172249
0.6220095693779905
-1
