0.1983273596176822
0.0
0.03345280764635603
0.06929510155316607
0.6989247311827957
-1
0.015531660692951015
0.011947431302270013
0.017921146953405017
0.007168458781362007
0.013142174432497013
-1
0.015531660692951015
0.014336917562724014
0.017921146953405017
0.008363201911589008
0.013142174432497013
-1
0.019115890083632018
0.009557945041816009
0.019115890083632018
0.008363201911589008
0.015531660692951015
-1
0.019115890083632018
0.010752688172043012
0.019115890083632018
0.007168458781362007
0.016726403823178016
-1
0.02031063321385902
0.011947431302270013
0.017921146953405017
0.009557945041816009
0.015531660692951015
-1
0.02031063321385902
0.011947431302270013
0.017921146953405017
0.011947431302270013
0.014336917562724014
-1
0.02031063321385902
0.014336917562724014
0.017921146953405017
0.010752688172043012
0.015531660692951015
-1
0.021505376344086023
0.013142174432497013
0.019115890083632018
0.011947431302270013
0.016726403823178016
-1
0.017921146953405017
0.014336917562724014
0.019115890083632018
0.014336917562724014
0.015531660692951015
-1
0.02031063321385902
0.013142174432497013
0.02031063321385902
0.011947431302270013
0.016726403823178016
-1
0.017921146953405017
0.014336917562724014
0.02031063321385902
0.013142174432497013
0.015531660692951015
-1
0.019115890083632018
0.016726403823178016
0.02031063321385902
0.010752688172043012
0.015531660692951015
-1
0.017921146953405017
0.015531660692951015
0.022700119474313024
0.010752688172043012
0.017921146953405017
-1
