0.20853080568720378
0.0
0.02843601895734597
0.0947867298578199
0.6682464454976303
-1
0.2132701421800948
0.0
0.02843601895734597
0.0947867298578199
0.6635071090047393
-1
0.23222748815165878
0.0
0.03317535545023697
0.09004739336492891
0.6445497630331753
-1
0.23222748815165878
0.0
0.03317535545023697
0.09004739336492891
0.6445497630331753
-1
0.23222748815165878
0.0
0.037914691943127965
0.08530805687203792
0.6445497630331753
-1
0.23222748815165878
0.0
0.04739336492890995
0.07582938388625593
0.6445497630331753
-1
0.24644549763033174
0.0
0.04739336492890995
0.07582938388625593
0.6303317535545023
-1
