0.2386634844868735
0.0
0.0405727923627685
0.08591885441527446
0.6348448687350835
-1
0.24105011933174225
0.0
0.0405727923627685
0.08591885441527446
0.6324582338902148
-1
0.2529832935560859
0.0
0.0405727923627685
0.08591885441527446
0.6205250596658711
-1
0.2529832935560859
0.0
0.045346062052505964
0.081145584725537
0.6205250596658711
-1
0.2649164677804296
0.0
0.045346062052505964
0.081145584725537
0.6085918854415274
-1
0.26968973747016706
0.0
0.045346062052505964
0.081145584725537
0.60381861575179
-1
0.2744630071599045
0.0
0.0477326968973747
0.07875894988066826
0.5990453460620525
-1
0.2863961813842482
0.0
0.0477326968973747
0.07875894988066826
0.5871121718377088
-1
0.2911694510739857
0.0
0.0477326968973747
0.07875894988066826
0.5823389021479713
-1
0.2911694510739857
0.0
0.050119331742243436
0.07637231503579953
0.5823389021479713
-1
0.29832935560859186
0.0
0.05250596658711217
0.07398568019093078
0.5751789976133651
-1
0.30071599045346065
0.0
0.05250596658711217
0.07398568019093078
0.5727923627684964
-1
0.3031026252983294
0.0
0.050119331742243436
0.07637231503579953
0.5704057279236276
-1
0.3126491646778043
0.0
0.05489260143198091
0.07159904534606205
0.5608591885441527
-1
0.315035799522673
0.0
0.06443914081145585
0.06205250596658711
0.5584725536992841
-1
0.3269689737470167
0.0
0.06682577565632458
0.059665871121718374
0.5465393794749404
-1
0.32935560859188545
0.0
0.06682577565632458
0.059665871121718374
0.5441527446300716
-1
0.32935560859188545
0.0
0.07159904534606205
0.05489260143198091
0.5441527446300716
-1
0.3269689737470167
0.0
0.07637231503579953
0.050119331742243436
0.5465393794749404
-1
0.3317422434367542
0.0
0.07875894988066826
0.0477326968973747
0.5417661097852029
-1
0.34844868735083534
0.0
0.08591885441527446
0.0405727923627685
0.5250596658711217
-1
