0.2823439878234399
0.0
0.0639269406392694
0.0487062404870624
0.6050228310502284
-1
0.01445966514459665
0.01293759512937595
0.00989345509893455
0.0136986301369863
0.01141552511415525
-1
0.0136986301369863
0.0136986301369863
0.00989345509893455
0.015220700152207
0.01141552511415525
-1
0.0136986301369863
0.01445966514459665
0.0091324200913242
0.01445966514459665
0.015220700152207
-1
0.01445966514459665
0.01445966514459665
0.00989345509893455
0.0136986301369863
0.0136986301369863
-1
0.015220700152207
0.01445966514459665
0.00989345509893455
0.01293759512937595
0.015220700152207
-1
0.015220700152207
0.0136986301369863
0.0106544901065449
0.01293759512937595
0.015220700152207
-1
0.015220700152207
0.0136986301369863
0.0106544901065449
0.01293759512937595
0.015220700152207
-1
0.015220700152207
0.0136986301369863
0.01141552511415525
0.0136986301369863
0.015220700152207
-1
0.015220700152207
0.01293759512937595
0.0121765601217656
0.0136986301369863
0.01445966514459665
-1
0.015220700152207
0.0136986301369863
0.0121765601217656
0.01445966514459665
0.01598173515981735
-1
0.015220700152207
0.0136986301369863
0.01141552511415525
0.015220700152207
0.015220700152207
-1
0.01445966514459665
0.01445966514459665
0.01141552511415525
0.01598173515981735
0.01445966514459665
-1
0.01445966514459665
0.015220700152207
0.0121765601217656
0.015220700152207
0.01445966514459665
-1
0.015220700152207
0.015220700152207
0.0121765601217656
0.01598173515981735
0.01445966514459665
-1
0.01598173515981735
0.015220700152207
0.0121765601217656
0.015220700152207
0.015220700152207
-1
0.01598173515981735
0.015220700152207
0.0121765601217656
0.015220700152207
0.01445966514459665
-1
0.0167427701674277
0.01445966514459665
0.01293759512937595
0.01445966514459665
0.0136986301369863
-1
0.0167427701674277
0.015220700152207
0.01141552511415525
0.015220700152207
0.015220700152207
-1
0.0167427701674277
0.01293759512937595
0.0136986301369863
0.01445966514459665
0.0136986301369863
-1
0.0167427701674277
0.01293759512937595
0.0136986301369863
0.015220700152207
0.0136986301369863
-1
0.0167427701674277
0.0121765601217656
0.01445966514459665
0.01445966514459665
0.01445966514459665
-1
