0.053691275167785234
0.0
0.040268456375838924
0.0
0.9060402684563759
-1
0.04697986577181208
0.0
0.06040268456375839
0.040268456375838924
0.8523489932885906
-1
0.04697986577181208
0.0
0.10738255033557047
0.020134228187919462
0.825503355704698
-1
0.053691275167785234
0.0
0.10738255033557047
0.020134228187919462
0.8187919463087249
-1
0.053691275167785234
0.0
0.10738255033557047
0.020134228187919462
0.8187919463087249
-1
0.053691275167785234
0.0
0.10738255033557047
0.053691275167785234
0.785234899328859
-1
0.053691275167785234
0.0
0.10738255033557047
0.053691275167785234
0.785234899328859
-1
0.053691275167785234
0.0
0.10738255033557047
0.06040268456375839
0.7785234899328859
-1
0.053691275167785234
0.0
0.12751677852348994
0.040268456375838924
0.7785234899328859
-1
0.053691275167785234
0.0
0.12751677852348994
0.040268456375838924
0.7785234899328859
-1
0.053691275167785234
0.0
0.12751677852348994
0.040268456375838924
0.7785234899328859
-1
