0.24489795918367346
0.0
0.02295918367346939
0.04145408163265306
0.6906887755102041
-1
0.24489795918367346
0.0
0.02295918367346939
0.04145408163265306
0.6906887755102041
-1
0.011160714285714286
0.012436224489795918
0.007971938775510204
0.010841836734693877
0.01211734693877551
-1
0.011479591836734694
0.012436224489795918
0.008290816326530613
0.011160714285714286
0.010841836734693877
-1
0.01211734693877551
0.01211734693877551
0.009247448979591837
0.011479591836734694
0.009885204081632654
-1
0.011798469387755101
0.012436224489795918
0.009247448979591837
0.011479591836734694
0.010522959183673469
-1
