0.21428571428571427
0.0
0.07142857142857142
0.05357142857142857
0.6607142857142857
-1
0.21875
0.0
0.06696428571428571
0.05803571428571429
0.65625
-1
0.22321428571428573
0.0
0.06696428571428571
0.05803571428571429
0.6517857142857143
-1
0.22321428571428573
0.0
0.07142857142857142
0.05357142857142857
0.6517857142857143
-1
0.2544642857142857
0.0
0.06696428571428571
0.05803571428571429
0.6205357142857143
-1
0.25
0.0
0.07589285714285714
0.049107142857142856
0.625
-1
0.2544642857142857
0.0
0.07142857142857142
0.05357142857142857
0.6205357142857143
-1
