20
40
25
0 0 0 0 0 0 1 0 0 0 0 1 0 0 0 0 0 0 0 0 0 0 0 0 0 0 0 0 1 0 0 0 1 0 0 1 0 0 0 0
0 0 1 0 0 0 1 0 1 0 0 0 1 0 1 0 0 0 0 0 0 0 1 0 0 0 0 0 0 0 1 0 0 0 0 0 1 0 1 1
0 0 0 0 0 0 0 0 0 1 0 0 0 0 0 0 1 0 0 0 1 0 0 0 1 1 0 0 0 0 0 0 0 0 0 0 0 0 0 0
0 1 0 0 0 1 0 2 0 0 0 0 1 0 0 0 0 0 1 0 1 0 0 0 0 0 0 1 0 0 0 0 1 0 0 0 0 0 2 1
0 2 0 0 0 0 0 0 0 1 0 1 1 0 1 0 0 0 0 0 0 0 0 0 0 0 0 0 0 0 0 0 1 0 0 0 0 0 0 0
0 1 0 1 1 0 1 0 0 0 0 0 0 0 1 0 1 0 0 0 0 0 0 0 0 0 0 0 0 0 0 0 0 0 1 1 0 0 0 0
2 1 0 0 0 0 0 0 0 0 0 0 0 0 1 0 0 0 0 0 0 0 0 1 0 0 1 1 0 1 0 1 0 0 1 0 0 1 0 0
0 0 0 0 0 1 0 0 0 0 1 0 0 0 0 0 1 0 0 1 1 0 0 0 0 1 0 0 1 0 1 0 0 0 0 0 0 0 0 0
1 0 0 0 0 0 1 0 0 0 0 0 0 0 0 1 0 0 1 1 0 0 0 0 1 0 0 1 0 0 0 0 0 0 0 1 1 0 0 0
0 0 0 0 0 1 0 0 0 0 1 0 1 0 1 1 0 1 0 1 1 0 1 0 0 0 0 0 0 0 0 0 0 0 1 0 0 0 0 1
0 0 0 0 0 1 1 0 0 1 0 1 0 0 0 1 0 0 0 0 0 0 1 0 0 0 0 0 1 0 1 0 0 0 0 0 1 0 0 0
0 0 0 0 0 2 0 0 0 0 0 1 0 0 0 0 0 0 0 1 1 0 1 1 2 0 0 0 0 1 1 0 0 1 0 0 0 0 0 0
0 1 0 0 1 0 0 0 0 0 1 0 1 1 0 0 1 0 0 0 0 0 0 0 0 0 0 0 0 1 1 0 0 0 0 0 0 1 0 0
0 0 1 0 0 1 1 0 1 0 0 1 1 1 0 0 0 1 0 0 1 0 0 0 0 0 1 0 0 0 0 0 0 0 0 0 0 0 0 0
1 1 1 0 0 0 0 0 0 1 0 0 0 0 0 0 0 0 1 0 0 0 0 0 0 0 0 0 0 0 0 0 0 1 0 0 0 1 0 0
1 0 0 1 0 1 0 1 0 0 0 0 0 0 0 0 0 0 0 0 0 0 0 1 0 0 0 1 1 0 0 0 1 0 0 0 0 0 0 0
0 0 0 1 0 0 0 1 0 0 0 0 0 0 0 0 1 0 0 0 1 1 0 1 0 0 0 1 0 0 0 0 0 0 0 0 0 0 0 0
1 0 0 0 0 0 0 0 0 1 0 0 0 1 0 0 0 0 0 0 1 0 0 0 0 0 0 0 0 0 0 0 0 0 1 1 1 0 1 0
0 0 0 0 0 0 0 0 0 0 0 0 0 0 0 0 0 0 0 0 0 0 0 0 0 1 1 1 1 0 0 0 0 0 0 0 0 1 1 0
0 0 1 0 1 0 0 0 1 0 0 0 1 0 1 1 1 0 1 0 0 0 1 0 0 1 0 0 0 0 0 0 0 0 0 0 0 1 0 1
0 1 0 0 0 1 1 0 2 0 0 1 0 0 0 0 0 0 0 0 1 0 0 0 0 0 0 0 0 0 0 0 0 0 0 0 0 0 1 0
1 1 0 0 0 0 0 0 0 0 0 0 1 0 0 1 0 1 0 0 0 0 1 0 0 0 1 0 0 0 0 0 0 0 0 0 0 2 0 0
0 0 0 0 1 0 0 0 1 0 0 0 1 0 0 0 1 0 0 1 0 1 0 0 0 0 0 0 1 0 0 0 0 1 0 0 1 0 0 0
0 0 0 0 0 0 0 0 1 0 0 0 0 1 0 0 0 0 0 0 0 1 0 0 0 0 0 0 0 0 0 0 0 0 1 0 0 1 0 0
0 0 0 0 0 1 0 0 0 0 0 0 0 0 1 1 0 0 0 1 0 0 0 0 0 1 0 0 0 0 0 0 1 0 0 0 0 0 0 0
14 18 15 17 20 14 15 15 21 11 14 17 19 11 13 17 29 18 19 10
15 19 26 15 17 15 19 17 8 26 12 15 20 8 15 10 19 11 11 17
12 15 13 23 20 12 20 15 10 9 10 15 18 20 18 18 15 16 17 25
15 20 21 20 15 16 19 13 10 17 23 22 11 16 18 13 21 16 21 10
19 22 18 23 17 17 14 14 8 11 18 13 18 23 26 13 15 11 14 13
21 14 11 15 14 14 14 12 15 13 18 9 14 15 15 17 16 11 16 15
25 14 12 14 16 17 18 15 13 23 15 15 19 24 18 18 19 22 13 24
16 12 22 15 21 17 13 18 19 11 23 17 18 17 14 12 14 19 13 16
17 16 17 17 19 22 16 15 21 16 20 18 11 19 19 10 20 25 17 18
20 15 18 18 16 21 17 10 20 12 12 15 20 20 20 15 25 16 17 14
16 13 12 18 15 11 18 20 14 14 15 16 16 15 15 8 16 16 11 21
13 15 20 15 13 21 16 14 13 20 11 14 14 9 17 9 13 12 16 14
10 12 13 17 13 14 17 18 21 23 15 25 20 17 18 19 20 16 8 13
26 19 16 15 15 14 19 11 11 11 23 15 18 17 20 14 15 21 22 20
16 16 17 27 13 12 15 15 16 20 19 20 17 19 13 14 9 8 16 11
9 16 16 22 21 17 20 25 20 17 17 16 19 9 28 13 19 13 21 15
14 13 16 10 16 15 22 20 8 15 23 25 17 14 16 17 25 17 12 14
15 14 11 13 19 8 20 16 28 15 19 7 9 10 13 23 23 16 15 19
17 17 12 12 20 20 16 21 14 21 24 13 11 11 19 12 21 22 14 18
26 25 21 12 12 18 13 7 17 20 22 18 17 16 16 24 14 15 15 13
22 14 15 15 12 13 10 10 15 11 11 10 15 12 21 19 13 17 17 16
16 17 15 24 27 15 15 17 18 18 24 16 16 10 14 16 13 14 19 16
26 13 21 20 24 10 18 12 11 18 15 27 17 26 19 11 14 11 14 17
12 22 18 11 11 16 20 13 22 15 17 14 10 22 20 22 24 14 21 12
15 18 8 14 17 11 26 19 22 17 11 22 17 12 22 22 19 13 20 19
17 16 18 19 17 16 16 15 17 22 14 23 22 22 16 19 12 16 20 13
12 17 9 19 22 10 12 19 11 18 11 22 27 10 8 16 10 15 16 10
8 13 8 15 21 11 16 22 26 10 11 12 9 13 18 16 19 17 19 16
29 7 11 10 11 22 20 27 16 12 16 21 20 15 11 15 11 13 24 16
21 27 12 19 9 16 11 8 15 15 15 21 19 17 15 15 21 15 21 15
15 21 12 16 12 17 11 8 13 6 19 13 9 13 22 9 16 19 13 13
18 9 11 19 9 16 16 12 12 12 11 12 14 19 8 10 23 11 11 10
14 16 22 17 13 13 18 18 15 14 28 13 13 10 22 15 17 19 15 36
12 25 19 17 17 26 26 9 10 16 14 25 12 11 18 20 16 11 20 11
9 12 18 13 8 15 16 14 15 11 11 17 12 26 21 16 19 18 14 18
14 16 21 18 10 12 18 17 12 16 12 22 15 13 21 16 27 11 23 16
14 10 15 8 15 17 10 13 16 14 30 11 10 15 18 21 25 16 21 18
19 12 30 17 11 13 16 31 22 11 14 7 29 19 14 14 18 16 11 16
23 16 15 12 11 15 18 9 15 17 18 13 12 18 16 12 9 15 16 23
16 20 16 13 17 19 8 18 18 12 20 23 15 17 18 20 12 14 26 12
0.6875 0.4375 0.625 0.5 0.3125 0.6875 0.625 0.625 0.25 0.875 0.6875 0.5 0.375 0.875 0.75 0.5 0 0.4375 0.375 0.9375
0.625 0.375 0 0.625 0.5 0.625 0.375 0.5 1 0 0.8125 0.625 0.3125 1 0.625 0.9375 0.375 0.875 0.875 0.5
0.8125 0.625 0.75 0.125 0.3125 0.8125 0.3125 0.625 0.9375 1 0.9375 0.625 0.4375 0.3125 0.4375 0.4375 0.625 0.5625 0.5 0
0.625 0.3125 0.25 0.3125 0.625 0.5625 0.375 0.75 0.9375 0.5 0.125 0.1875 0.875 0.5625 0.4375 0.75 0.25 0.5625 0.25 0.9375
0.375 0.1875 0.4375 0.125 0.5 0.5 0.6875 0.6875 1 0.875 0.4375 0.75 0.4375 0.125 0 0.75 0.625 0.875 0.6875 0.75
0.25 0.6875 0.875 0.625 0.6875 0.6875 0.6875 0.8125 0.625 0.75 0.4375 1 0.6875 0.625 0.625 0.5 0.5625 0.875 0.5625 0.625
0 0.6875 0.8125 0.6875 0.5625 0.5 0.4375 0.625 0.75 0.125 0.625 0.625 0.375 0.0625 0.4375 0.4375 0.375 0.1875 0.75 0.0625
0.5625 0.8125 0.1875 0.625 0.25 0.5 0.75 0.4375 0.375 0.875 0.125 0.5 0.4375 0.5 0.6875 0.8125 0.6875 0.375 0.75 0.5625
0.5 0.5625 0.5 0.5 0.375 0.1875 0.5625 0.625 0.25 0.5625 0.3125 0.4375 0.875 0.375 0.375 0.9375 0.3125 0 0.5 0.4375
0.3125 0.625 0.4375 0.4375 0.5625 0.25 0.5 0.9375 0.3125 0.8125 0.8125 0.625 0.3125 0.3125 0.3125 0.625 0 0.5625 0.5 0.6875
0.5625 0.75 0.8125 0.4375 0.625 0.875 0.4375 0.3125 0.6875 0.6875 0.625 0.5625 0.5625 0.625 0.625 1 0.5625 0.5625 0.875 0.25
0.75 0.625 0.3125 0.625 0.75 0.25 0.5625 0.6875 0.75 0.3125 0.875 0.6875 0.6875 1 0.5 1 0.75 0.8125 0.5625 0.6875
0.9375 0.8125 0.75 0.5 0.75 0.6875 0.5 0.4375 0.25 0.125 0.625 0 0.3125 0.5 0.4375 0.375 0.3125 0.5625 1 0.75
0 0.375 0.5625 0.625 0.625 0.6875 0.375 0.875 0.875 0.875 0.125 0.625 0.4375 0.5 0.3125 0.6875 0.625 0.25 0.1875 0.3125
0.5625 0.5625 0.5 0 0.75 0.8125 0.625 0.625 0.5625 0.3125 0.375 0.3125 0.5 0.375 0.75 0.6875 1 1 0.5625 0.875
1 0.5625 0.5625 0.1875 0.25 0.5 0.3125 0 0.3125 0.5 0.5 0.5625 0.375 1 0 0.75 0.375 0.75 0.25 0.625
0.6875 0.75 0.5625 0.9375 0.5625 0.625 0.1875 0.3125 1 0.625 0.125 0 0.5 0.6875 0.5625 0.5 0 0.5 0.8125 0.6875
0.625 0.6875 0.875 0.75 0.375 1 0.3125 0.5625 0 0.625 0.375 1 1 0.9375 0.75 0.125 0.125 0.5625 0.625 0.375
0.5 0.5 0.8125 0.8125 0.3125 0.3125 0.5625 0.25 0.6875 0.25 0.0625 0.75 0.875 0.875 0.375 0.8125 0.25 0.1875 0.6875 0.4375
0 0 0.25 0.8125 0.8125 0.4375 0.75 1 0.5 0.3125 0.1875 0.4375 0.5 0.5625 0.5625 0.0625 0.6875 0.625 0.625 0.75
0.1875 0.6875 0.625 0.625 0.8125 0.75 0.9375 0.9375 0.625 0.875 0.875 0.9375 0.625 0.8125 0.25 0.375 0.75 0.5 0.5 0.5625
0.5625 0.5 0.625 0.0625 0 0.625 0.625 0.5 0.4375 0.4375 0.0625 0.5625 0.5625 0.9375 0.6875 0.5625 0.75 0.6875 0.375 0.5625
0 0.75 0.25 0.3125 0.0625 0.9375 0.4375 0.8125 0.875 0.4375 0.625 0 0.5 0 0.375 0.875 0.6875 0.875 0.6875 0.5
0.8125 0.1875 0.4375 0.875 0.875 0.5625 0.3125 0.75 0.1875 0.625 0.5 0.6875 0.9375 0.1875 0.3125 0.1875 0.0625 0.6875 0.25 0.8125
0.625 0.4375 1 0.6875 0.5 0.875 0 0.375 0.1875 0.5 0.875 0.1875 0.5 0.8125 0.1875 0.1875 0.375 0.75 0.3125 0.375
0.5 0.5625 0.4375 0.375 0.5 0.5625 0.5625 0.625 0.5 0.1875 0.6875 0.125 0.1875 0.1875 0.5625 0.375 0.8125 0.5625 0.3125 0.75
0.8125 0.5 1 0.375 0.1875 0.9375 0.8125 0.375 0.875 0.4375 0.875 0.1875 0 0.9375 1 0.5625 0.9375 0.625 0.5625 0.9375
1 0.75 1 0.625 0.25 0.875 0.5625 0.1875 0 0.9375 0.875 0.8125 1 0.75 0.4375 0.5625 0.375 0.5 0.375 0.5625
0 1 0.875 0.9375 0.875 0.1875 0.3125 0 0.5625 0.8125 0.5625 0.25 0.3125 0.625 0.875 0.625 0.875 0.75 0.0625 0.5625
0.25 0 0.8125 0.375 1 0.5625 0.875 1 0.625 0.625 0.625 0.25 0.375 0.5 0.625 0.625 0.25 0.625 0.25 0.625
0.625 0.25 0.8125 0.5625 0.8125 0.5 0.875 1 0.75 1 0.375 0.75 1 0.75 0.1875 1 0.5625 0.375 0.75 0.75
0.4375 1 0.875 0.375 1 0.5625 0.5625 0.8125 0.8125 0.8125 0.875 0.8125 0.6875 0.375 1 0.9375 0.125 0.875 0.875 0.9375
0.6875 0.5625 0.1875 0.5 0.75 0.75 0.4375 0.4375 0.625 0.6875 0 0.75 0.75 0.9375 0.1875 0.625 0.5 0.375 0.625 0
0.8125 0 0.375 0.5 0.5 0 0 1 0.9375 0.5625 0.6875 0 0.8125 0.875 0.4375 0.3125 0.5625 0.875 0.3125 0.875
1 0.8125 0.4375 0.75 1 0.625 0.5625 0.6875 0.625 0.875 0.875 0.5 0.8125 0 0.25 0.5625 0.375 0.4375 0.6875 0.4375
0.6875 0.5625 0.25 0.4375 0.9375 0.8125 0.4375 0.5 0.8125 0.5625 0.8125 0.1875 0.625 0.75 0.25 0.5625 0 0.875 0.125 0.5625
0.6875 0.9375 0.625 1 0.625 0.5 0.9375 0.75 0.5625 0.6875 0 0.875 0.9375 0.625 0.4375 0.25 0 0.5625 0.25 0.4375
0.375 0.8125 0 0.5 0.875 0.75 0.5625 0 0.1875 0.875 0.6875 1 0 0.375 0.6875 0.6875 0.4375 0.5625 0.875 0.5625
0.125 0.5625 0.625 0.8125 0.875 0.625 0.4375 1 0.625 0.5 0.4375 0.75 0.8125 0.4375 0.5625 0.8125 1 0.625 0.5625 0.125
0.5625 0.3125 0.5625 0.75 0.5 0.375 1 0.4375 0.4375 0.8125 0.3125 0.125 0.625 0.5 0.4375 0.3125 0.8125 0.6875 0 0.8125
