10
10
5
0 0 1 0 0 0 0 0 1 0 0 0 0 0 0 0 0 1 0 0
0 0 1 0 0 0 0 0 0 0 0 0 1 1 0 0 0 0 0 0
0 0 1 0 0 0 0 0 0 1 0 0 1 1 1 0 0 1 0 0
1 0 0 0 0 0 0 0 0 0 0 0 1 1 0 0 0 0 0 0
1 0 0 0 0 0 1 0 1 0 0 0 0 0 0 1 0 0 0 0
16 15 10 13 13 12 16 15 10 13
17 11 8 15 13 14 16 14 22 18
9 18 14 12 13 16 16 17 14 14
20 13 14 20 10 21 16 14 14 14
18 21 16 23 15 12 22 15 14 22
15 19 18 16 37 17 12 11 11 13
27 24 18 10 15 35 17 14 18 14
21 19 18 17 14 9 20 17 18 15
11 14 17 17 19 20 20 15 15 15
14 13 12 24 13 19 18 27 10 16
0.5625 0.625 0.9375 0.75 0.75 0.8125 0.5625 0.625 0.9375 0.75
0.5 0.875 1 0.625 0.75 0.6875 0.5625 0.6875 0.1875 0.4375
1 0.4375 0.6875 0.8125 0.75 0.5625 0.5625 0.5 0.6875 0.6875
0.3125 0.75 0.6875 0.3125 0.9375 0.25 0.5625 0.6875 0.6875 0.6875
0.4375 0.25 0.5625 0.125 0.625 0.8125 0.1875 0.625 0.6875 0.1875
0.625 0.375 0.4375 0.5625 0 0.5 0.8125 0.875 0.875 0.75
0 0.0625 0.4375 0.9375 0.625 0 0.5 0.6875 0.4375 0.6875
0.25 0.375 0.4375 0.5 0.6875 1 0.3125 0.5 0.4375 0.625
0.875 0.6875 0.5 0.5 0.375 0.3125 0.3125 0.625 0.625 0.625
0.6875 0.75 0.8125 0.0625 0.75 0.375 0.4375 0 0.9375 0.5625
