50
40
30
0 0 0 0 1 0 0 0 0 0 0 0 0 0 0 1 1 0 0 1 1 0 1 0 1 0 0 1 0 0 0 0 1 0 1 0 0 0 0 0 0 0 1 0 0 0 0 0 1 1 0 0 0 0 0 0 0 0 0 1 1 0 1 0 0 1 0 0 1 1 0 1 0 0 0 0 0 0 0 1 0 0 0 1 0 1 0 0 0 1 0 1 0 0 1 0 0 0 1 0
0 0 1 2 0 0 1 0 0 0 1 0 0 0 0 0 0 0 0 1 0 0 0 0 0 0 0 0 0 0 0 0 0 0 0 0 1 0 0 0 0 0 0 0 0 0 0 0 0 0 1 0 1 0 0 1 0 0 1 0 0 0 0 1 0 0 0 0 1 0 0 0 0 0 0 0 0 0 0 0 1 0 0 0 1 0 0 0 0 0 1 0 0 0 0 1 1 1 0 0
0 2 0 0 0 0 0 1 0 0 0 0 0 0 0 0 0 0 0 0 0 0 0 0 0 0 1 1 1 0 0 0 0 0 0 0 1 0 0 0 0 0 0 0 0 0 0 0 0 1 0 0 0 0 0 0 0 1 1 0 0 0 0 1 1 0 0 0 0 1 0 0 0 1 0 0 0 0 0 0 0 0 0 1 0 0 0 0 0 1 1 0 0 0 1 1 0 0 0 0
0 0 0 0 1 0 0 1 0 0 0 1 0 0 0 0 0 0 0 0 1 0 0 1 0 0 0 0 0 0 0 0 1 0 0 0 0 0 0 0 0 0 1 0 0 0 0 0 0 0 2 0 0 0 0 1 0 1 1 0 0 0 1 0 0 0 1 1 0 0 1 0 1 1 0 0 0 0 0 0 0 0 0 0 0 0 1 0 0 1 0 0 0 0 1 0 0 0 0 1
0 0 0 0 0 0 1 0 1 0 0 0 0 0 0 1 1 1 0 0 0 0 0 0 1 0 0 0 1 0 0 0 0 0 0 0 0 0 0 0 0 0 1 0 0 0 0 0 0 0 1 1 0 0 1 0 0 0 0 1 0 0 0 2 0 0 1 0 1 0 2 0 0 0 0 0 0 0 0 0 0 0 0 0 0 0 0 0 0 0 0 0 0 0 1 0 0 1 0 1
0 0 0 0 0 0 0 0 0 0 0 1 0 0 0 0 0 0 0 0 0 0 0 0 0 0 0 0 0 0 1 0 1 0 0 0 0 0 1 0 0 0 2 0 0 0 0 0 1 0 0 0 0 0 0 0 0 0 0 0 0 0 0 0 1 0 0 0 0 1 0 1 0 0 0 0 0 1 0 1 0 2 2 1 0 1 0 0 0 0 0 0 0 0 0 1 0 0 0 1
0 1 1 0 0 0 0 0 0 1 1 0 1 0 0 0 0 0 0 0 0 0 0 0 0 0 0 0 0 0 0 0 0 0 1 0 0 0 0 0 1 1 1 1 0 0 0 0 0 0 0 1 0 0 0 0 0 0 0 0 0 1 0 1 0 1 1 0 0 0 0 0 0 0 0 1 0 1 0 0 0 0 0 0 0 0 0 0 0 0 1 0 0 0 0 0 0 1 1 1
0 0 0 0 1 0 0 0 1 0 0 1 0 1 0 0 0 0 0 0 0 0 0 0 1 0 1 1 0 0 0 0 0 0 0 0 0 0 0 0 0 1 0 0 2 0 0 0 0 0 1 0 0 0 0 0 0 0 0 1 1 1 1 0 1 0 1 0 0 0 0 0 1 1 0 0 1 0 1 1 0 0 0 0 1 1 1 0 0 0 0 0 0 0 0 0 0 0 0 0
0 0 0 1 0 0 0 0 0 0 0 0 0 0 1 1 1 0 0 0 0 1 1 0 1 0 1 0 0 0 0 0 0 0 1 0 1 0 0 0 0 1 0 0 0 1 1 0 0 0 0 0 0 0 0 0 0 0 0 0 0 0 0 1 0 0 0 0 0 0 0 1 0 0 0 0 0 1 0 0 0 0 0 0 1 0 1 0 0 1 1 0 0 1 0 0 1 0 0 2
0 1 0 0 0 0 1 0 0 0 0 0 1 0 0 0 0 0 0 0 1 1 0 0 1 0 0 1 0 0 0 1 0 1 0 1 1 1 0 0 0 0 1 0 1 0 0 2 0 0 1 0 0 0 1 0 0 0 0 0 0 0 0 1 0 0 0 0 1 1 0 0 0 0 0 1 0 0 0 0 0 0 0 0 0 1 0 0 0 0 0 1 0 1 0 0 0 0 0 0
0 0 0 0 1 0 0 1 1 0 0 0 0 0 0 0 0 1 0 0 1 0 0 0 0 0 0 0 1 0 0 0 0 0 0 1 0 0 0 1 0 0 1 0 0 0 0 0 0 0 1 2 0 2 0 1 0 0 0 0 0 0 0 0 2 0 0 0 0 1 0 0 0 0 0 0 0 0 0 0 1 0 0 0 1 0 0 0 0 0 0 1 0 0 0 0 1 1 0 0
0 1 0 0 1 0 0 0 0 0 0 0 0 0 1 0 0 0 1 0 0 0 0 0 1 0 0 0 1 0 0 0 1 0 2 0 0 0 0 0 0 0 0 1 0 0 0 0 1 1 0 0 1 0 0 0 0 0 0 0 0 0 0 0 0 1 0 0 0 1 0 1 0 0 1 1 1 0 0 0 0 0 0 0 0 0 0 1 0 0 0 0 0 1 0 0 0 0 0 0
1 0 0 0 0 0 0 0 0 0 0 0 0 0 0 0 1 0 0 1 0 0 0 0 0 0 0 0 0 0 0 0 0 0 0 0 0 0 0 0 0 0 0 0 0 0 1 0 0 0 0 0 0 0 0 0 0 0 0 0 0 0 0 0 0 1 1 0 0 0 1 0 0 1 0 0 0 0 0 0 0 1 0 1 1 0 0 0 1 0 0 1 0 0 1 0 0 0 0 0
0 0 0 0 1 0 0 1 0 0 1 0 0 0 1 0 0 2 0 0 0 0 0 0 0 0 1 1 0 0 1 0 0 0 0 1 0 0 0 1 1 0 1 0 1 0 1 0 0 0 0 0 0 1 0 0 1 0 0 0 1 0 0 0 0 0 0 1 0 0 2 0 1 0 1 0 0 0 0 0 1 0 0 0 0 0 0 0 0 0 0 0 0 0 0 0 0 0 1 0
1 0 1 0 0 0 0 0 0 0 0 0 0 0 0 0 0 0 1 0 1 1 0 0 0 0 0 0 1 0 1 1 0 0 0 0 0 0 0 0 0 0 0 0 0 0 0 0 0 0 0 0 0 0 0 0 0 0 0 0 0 0 0 0 1 0 0 0 0 0 0 0 0 1 1 0 0 0 1 1 0 0 0 0 0 0 0 0 0 0 0 1 0 0 0 0 0 1 0 1
1 0 0 0 1 0 0 0 1 0 0 1 0 1 0 0 0 0 0 0 0 0 0 1 1 0 0 0 1 1 1 0 1 0 1 0 0 0 0 0 0 0 0 0 0 0 0 0 1 0 0 1 0 0 0 0 1 0 0 0 0 0 0 0 0 1 0 0 1 0 0 0 0 0 0 0 0 1 0 0 0 0 1 0 0 1 0 0 0 1 0 0 0 0 0 0 0 0 0 0
0 0 0 0 0 1 1 0 0 1 0 0 1 1 1 0 0 0 1 0 1 1 0 0 0 0 0 1 0 0 0 0 0 0 0 0 0 0 0 0 0 1 0 0 0 0 0 0 0 1 0 0 0 0 1 0 1 0 0 1 1 0 0 0 0 0 1 0 0 0 0 0 0 0 0 0 0 0 0 0 1 0 0 0 0 0 0 0 0 0 0 0 0 1 0 0 1 0 0 0
0 0 0 0 0 0 0 0 1 0 0 0 0 0 0 0 1 0 0 0 0 0 2 0 1 0 0 0 0 1 0 0 0 0 0 0 0 0 0 1 0 1 1 0 0 1 1 0 0 0 0 0 0 0 0 0 0 0 0 0 0 0 0 0 0 1 0 0 0 0 0 0 1 0 1 0 0 0 0 0 0 0 0 0 1 0 0 1 0 0 0 0 0 0 0 0 0 0 0 1
1 0 0 0 0 0 0 0 0 0 1 0 0 0 0 0 0 1 0 0 0 0 0 0 0 0 0 0 0 0 0 0 0 0 0 0 0 0 0 0 0 0 0 0 0 0 1 0 0 1 0 0 0 0 0 0 0 1 1 0 0 0 0 1 0 0 0 0 0 0 0 0 0 0 0 0 0 0 0 0 0 0 0 0 0 0 0 0 0 0 0 0 2 0 0 1 0 0 0 0
0 0 0 0 0 0 0 1 1 0 0 1 0 1 0 0 1 0 0 0 0 0 0 0 0 0 0 0 0 0 0 1 1 0 1 1 1 1 0 0 1 0 1 0 0 0 0 0 0 1 0 0 0 1 0 0 0 0 0 0 0 1 1 0 0 0 1 0 0 0 0 0 0 1 0 0 0 0 0 1 0 0 0 0 0 0 0 0 1 0 0 0 1 0 0 0 0 0 0 0
0 0 0 1 0 0 1 0 0 0 0 0 1 0 0 0 0 0 1 1 2 0 0 0 0 0 0 1 0 1 0 0 1 1 0 0 0 1 1 0 0 0 1 1 0 0 0 0 0 0 1 0 0 0 0 0 0 0 0 0 1 0 0 0 0 1 0 0 0 0 0 0 0 0 0 1 1 0 0 0 0 0 0 0 1 0 0 0 0 2 0 0 0 0 0 0 1 0 0 0
0 0 0 1 0 1 0 0 0 0 0 0 0 1 1 0 0 1 0 0 0 0 1 0 1 0 0 0 1 0 0 0 0 0 0 0 0 0 1 0 0 0 1 0 0 0 0 0 0 0 1 0 0 0 0 0 0 0 0 0 1 1 0 0 0 0 0 0 1 0 1 0 1 0 0 0 0 1 0 0 0 0 1 0 0 0 0 0 0 0 0 0 0 0 1 0 0 0 1 1
0 0 0 0 0 0 1 0 0 1 0 0 0 1 0 0 0 0 0 0 0 0 1 0 0 0 1 0 0 0 0 0 0 0 0 1 0 0 1 0 0 0 0 0 0 0 0 0 0 1 0 0 1 0 0 0 0 0 0 0 0 0 0 0 0 0 0 0 0 0 0 0 0 0 0 0 1 0 0 0 0 1 0 0 0 0 1 0 0 0 0 1 0 0 0 0 0 0 0 0
0 0 0 0 0 0 1 0 0 0 0 1 0 0 0 1 0 1 0 0 0 1 0 0 0 0 0 0 0 0 0 0 0 0 0 0 0 0 0 0 0 0 1 0 0 0 0 0 0 0 0 1 0 0 0 0 1 0 0 0 0 0 0 0 0 0 0 2 0 1 1 0 0 0 0 0 0 0 1 1 0 0 0 0 0 0 0 0 0 0 0 0 0 1 0 0 0 0 0 0
1 1 1 0 0 0 1 1 0 0 0 0 0 1 0 0 0 0 0 0 0 0 0 0 0 0 0 0 0 0 2 0 1 0 0 0 0 0 0 0 0 0 0 0 1 1 0 0 1 0 0 0 0 0 0 1 0 0 0 0 1 0 0 0 0 0 0 1 0 0 0 0 0 0 1 0 0 0 1 0 1 0 0 0 0 0 0 0 0 0 0 0 0 1 0 1 0 1 0 1
0 0 0 1 0 1 0 0 1 0 0 0 0 0 0 0 0 0 0 0 1 0 1 0 0 1 0 0 0 0 0 1 0 1 1 1 0 1 0 1 0 0 1 1 0 0 0 0 0 0 0 0 1 0 0 0 0 0 1 0 0 0 0 0 0 0 0 1 1 1 1 0 0 0 1 0 0 0 0 0 0 0 1 0 0 0 0 0 0 0 0 2 1 0 0 0 1 0 0 1
0 0 0 0 1 0 0 0 1 0 0 0 0 1 0 1 0 1 0 0 0 1 0 0 0 0 0 0 1 0 0 0 1 1 0 0 0 0 0 0 0 0 0 0 0 0 0 1 0 0 0 0 1 1 0 0 1 0 0 0 1 0 1 0 0 0 0 0 0 0 0 0 0 0 0 0 0 1 0 1 0 0 0 1 0 0 0 1 0 0 0 0 0 0 1 0 0 0 0 0
0 0 0 0 0 1 1 0 0 0 0 1 0 1 0 1 0 0 1 0 1 0 1 1 1 1 0 0 0 0 0 0 0 0 0 0 0 0 0 0 0 0 0 0 0 1 0 0 0 2 0 0 1 1 0 0 0 0 0 0 0 0 0 0 0 0 0 0 0 0 0 0 0 0 1 0 1 1 0 0 0 0 0 0 0 0 0 0 0 0 1 1 0 0 0 0 0 1 1 0
0 0 0 0 0 0 0 0 0 0 0 0 0 0 1 0 0 0 0 0 0 1 0 0 0 1 0 0 0 0 0 0 0 0 2 0 0 1 1 1 0 0 1 0 1 0 0 0 0 0 0 0 0 0 1 0 0 0 1 0 0 0 1 0 0 0 0 0 0 1 0 0 1 0 0 0 0 0 0 0 0 0 0 0 0 0 1 0 0 0 0 0 0 0 1 0 1 0 0 0
0 1 0 1 0 0 0 1 0 0 0 0 0 0 1 0 0 0 0 0 1 0 0 0 0 0 0 1 0 1 0 0 0 0 0 1 0 0 0 0 0 1 2 0 1 0 0 1 0 0 1 0 0 0 0 0 0 1 0 1 0 0 0 1 1 0 0 1 0 0 0 0 0 0 1 1 0 0 0 0 0 0 0 0 0 0 0 1 0 0 0 0 0 0 2 0 0 0 0 0
10 13 12 12 12 15 16 19 18 8 25 11 20 34 12 18 10 12 16 15 12 13 14 16 11 16 13 25 17 18 9 21 23 8 24 12 13 15 13 13 14 23 17 13 15 26 16 15 14 11
17 18 16 21 23 23 13 17 12 13 16 24 14 17 12 15 7 15 18 19 23 23 21 10 21 13 18 15 10 12 19 9 18 16 23 11 16 17 18 18 17 20 17 13 19 17 12 23 19 15
19 17 21 14 26 18 19 14 20 16 11 10 12 11 17 15 15 11 13 18 11 12 20 12 16 13 15 23 17 17 18 14 16 14 21 16 13 18 7 16 11 14 19 22 14 14 14 17 13 22
19 15 15 16 18 14 29 22 21 11 16 22 17 10 18 13 21 13 19 21 10 15 15 11 13 11 15 12 10 18 15 11 12 16 14 20 14 18 17 15 21 13 28 23 17 19 21 10 21 15
21 21 21 27 17 25 16 19 13 19 12 18 15 20 11 16 13 28 11 7 13 11 18 14 13 14 20 18 15 21 18 15 13 13 19 17 15 23 16 13 23 12 19 12 15 22 19 15 18 20
10 20 16 13 14 25 24 14 7 17 14 20 26 15 17 16 18 12 14 9 12 21 13 17 24 14 22 20 12 21 11 19 18 23 17 12 13 19 19 9 18 13 12 15 17 18 20 16 13 11
22 13 15 17 12 11 13 14 18 12 14 21 21 11 19 18 14 15 15 14 15 12 19 14 10 16 13 9 19 10 16 15 14 19 10 13 14 19 18 20 17 18 16 14 8 23 16 19 17 21
22 12 10 21 22 16 17 10 15 15 16 11 16 10 11 20 20 10 20 10 13 12 16 16 15 13 17 17 21 18 14 15 14 19 23 14 26 17 19 18 16 16 16 22 15 9 11 7 12 14
25 13 16 18 15 16 12 13 20 11 17 23 24 18 16 12 14 14 16 19 12 11 12 18 27 30 16 16 12 18 16 19 12 14 16 22 8 11 16 19 16 19 12 13 9 19 14 10 13 12
18 16 9 18 17 19 20 20 19 13 18 24 19 9 14 26 13 18 17 15 17 16 20 15 13 19 11 13 10 8 23 27 24 12 17 11 17 19 11 13 17 14 18 14 11 15 11 17 13 18
19 16 14 15 16 19 13 19 19 19 11 19 15 16 17 26 17 14 12 21 15 13 11 20 11 12 20 17 16 14 25 24 14 12 21 21 10 10 18 11 27 9 16 13 18 17 16 13 20 17
17 25 20 17 22 14 11 10 16 13 14 19 14 19 17 18 17 9 16 18 24 12 13 19 12 11 16 22 16 22 15 20 15 12 23 23 19 18 15 18 8 11 18 20 19 9 15 18 16 15
15 10 17 19 11 13 25 17 16 21 12 19 19 13 13 14 15 13 15 15 21 23 15 18 10 16 16 18 19 16 25 19 17 14 23 20 15 26 19 13 16 19 22 17 16 16 17 17 16 18
16 13 16 12 13 21 16 7 13 15 12 18 19 14 16 13 13 17 23 11 14 19 25 17 19 23 8 17 18 23 14 17 14 12 18 16 10 20 12 15 17 9 17 22 16 9 16 10 12 18
24 16 15 18 19 23 17 15 19 15 17 18 20 17 12 12 13 26 17 20 24 12 20 21 15 19 16 18 18 14 22 23 9 19 13 18 14 8 16 17 19 8 10 19 18 10 14 13 19 18
18 19 15 11 22 23 10 22 13 14 15 22 14 20 14 17 20 14 10 12 20 13 12 14 20 14 13 18 24 26 16 26 15 14 14 16 12 35 15 21 15 18 11 13 21 15 9 11 19 12
12 19 15 7 24 13 19 10 18 11 21 16 11 16 19 18 19 16 19 8 11 10 12 19 23 15 14 13 16 13 14 29 6 15 18 18 12 17 11 14 22 14 21 12 9 10 9 14 11 19
16 12 9 28 21 14 25 18 14 10 12 12 24 15 10 18 23 8 17 17 13 10 11 14 20 16 24 20 19 20 14 23 8 13 24 10 14 14 16 12 13 20 12 15 8 9 17 21 12 22
23 12 24 17 16 13 13 19 16 15 12 18 19 9 8 17 8 18 20 11 12 10 14 10 21 9 19 23 17 23 8 19 12 19 21 15 8 15 16 16 16 13 16 10 14 11 18 20 17 17
9 11 16 20 12 23 14 13 24 28 14 16 12 16 21 16 10 18 17 16 16 20 14 17 12 21 10 20 20 19 17 8 14 19 22 15 9 15 13 23 16 13 19 18 14 21 14 26 13 13
14 19 15 16 14 18 22 21 15 7 20 10 18 13 25 16 13 19 21 13 17 15 24 17 17 13 18 18 15 14 9 15 15 21 15 12 21 15 19 19 27 13 20 12 11 17 25 27 14 21
24 18 21 19 11 21 23 19 21 19 11 15 14 14 14 14 15 15 8 23 13 20 18 16 13 20 17 15 24 16 10 15 12 10 15 15 18 21 13 11 17 25 18 13 20 13 11 12 12 17
16 26 17 20 15 15 18 18 20 25 39 5 22 17 15 17 12 18 25 9 22 13 10 20 17 12 12 13 20 17 12 15 12 17 10 25 15 14 16 17 22 16 21 18 27 15 24 21 23 21
15 17 15 21 17 11 13 6 19 13 14 17 17 10 17 17 13 18 13 10 7 13 14 18 14 25 15 15 21 13 19 17 11 19 14 21 17 11 10 16 17 13 20 25 14 15 12 24 15 8
22 11 24 11 14 15 14 15 18 21 17 15 13 17 18 14 16 14 10 19 14 12 15 16 20 19 17 39 17 16 19 13 16 8 11 18 9 9 18 15 14 15 20 17 14 16 20 12 24 17
23 22 16 15 19 15 22 19 18 17 18 20 7 16 17 10 16 14 23 31 9 20 16 18 21 11 16 17 15 16 12 17 22 16 18 19 14 12 22 19 29 15 29 24 14 16 19 9 12 22
17 24 28 12 12 14 15 18 18 20 21 18 23 11 14 25 16 12 13 15 13 24 17 23 17 17 18 21 13 23 13 29 15 8 17 17 19 17 27 25 23 17 13 34 14 18 12 12 17 12
17 10 17 22 22 15 11 20 12 18 15 17 16 21 23 24 10 13 13 17 18 19 18 24 23 17 17 12 14 16 17 24 18 19 12 22 10 13 27 20 17 15 14 18 18 10 26 25 20 23
18 22 16 17 24 13 11 22 18 20 16 16 13 22 16 11 23 16 19 18 21 20 10 12 19 27 13 18 14 18 14 17 11 17 11 17 10 22 21 9 16 20 15 13 19 20 17 18 10 17
13 14 15 16 17 14 16 11 14 12 17 19 17 19 17 12 23 16 16 20 10 15 17 15 20 18 12 13 23 15 17 22 17 21 17 16 15 18 22 19 21 19 28 16 11 17 22 11 17 27
9 25 20 18 27 16 20 15 25 15 18 11 20 9 20 22 14 32 10 8 13 18 11 9 15 18 14 9 12 12 13 15 15 27 18 10 17 17 21 16 13 13 18 14 11 19 14 16 13 13
13 14 18 15 18 19 18 25 12 22 26 22 17 25 17 16 18 12 14 17 12 16 14 23 17 24 15 11 37 25 12 16 16 22 13 14 15 22 11 11 14 16 13 12 12 17 23 21 11 18
21 16 21 14 11 16 19 19 19 11 17 16 12 20 9 16 20 9 26 14 12 12 26 11 21 17 15 23 21 11 13 13 13 16 17 22 20 15 17 14 19 14 12 22 14 12 16 21 18 15
18 13 23 22 18 19 13 14 18 16 9 16 13 17 10 19 13 17 24 9 10 15 18 16 10 21 12 22 15 17 14 14 12 18 17 15 13 14 27 13 11 20 11 14 15 18 18 13 27 15
14 16 13 20 12 13 19 9 19 18 17 11 16 17 20 18 17 13 7 21 12 8 25 11 14 13 16 16 12 15 13 14 14 20 18 18 8 18 21 16 11 8 15 19 10 17 14 23 8 16
18 23 10 16 18 11 21 16 14 11 13 9 12 23 19 13 20 23 7 16 16 14 10 12 12 20 12 18 11 18 19 16 19 18 15 18 18 13 16 10 10 27 20 13 21 12 16 18 14 15
15 12 18 16 22 21 13 13 16 14 23 14 12 17 13 16 21 17 16 10 19 22 9 9 16 14 18 12 18 13 16 12 18 21 11 16 20 18 13 28 8 10 10 14 18 22 12 19 12 19
25 17 20 12 19 17 16 12 12 18 22 14 9 24 23 18 20 16 17 20 18 15 21 13 22 19 18 11 16 10 18 14 22 11 20 15 20 17 18 14 20 20 14 10 15 16 12 28 19 16
16 18 14 13 18 21 12 15 12 13 18 14 11 15 15 21 21 10 14 16 20 18 10 20 25 15 12 18 12 20 15 11 16 18 18 18 24 10 17 12 20 23 10 12 17 12 18 24 14 13
21 15 15 21 21 13 18 22 17 9 17 12 22 15 17 12 12 13 17 16 25 17 16 14 23 13 19 23 9 20 19 11 12 19 12 16 16 12 22 17 9 20 15 12 16 16 24 19 18 14
0.9375 0.75 0.8125 0.8125 0.8125 0.625 0.5625 0.375 0.4375 1 0 0.875 0.3125 0 0.8125 0.4375 0.9375 0.8125 0.5625 0.625 0.8125 0.75 0.6875 0.5625 0.875 0.5625 0.75 0 0.5 0.4375 1 0.25 0.125 1 0.0625 0.8125 0.75 0.625 0.75 0.75 0.6875 0.125 0.5 0.75 0.625 0 0.5625 0.625 0.6875 0.875
0.5 0.4375 0.5625 0.25 0.125 0.125 0.75 0.5 0.8125 0.75 0.5625 0.0625 0.6875 0.5 0.8125 0.625 1 0.625 0.4375 0.375 0.125 0.125 0.25 0.9375 0.25 0.75 0.4375 0.625 0.9375 0.8125 0.375 1 0.4375 0.5625 0.125 0.875 0.5625 0.5 0.4375 0.4375 0.5 0.3125 0.5 0.75 0.375 0.5 0.8125 0.125 0.375 0.625
0.375 0.5 0.25 0.6875 0 0.4375 0.375 0.6875 0.3125 0.5625 0.875 0.9375 0.8125 0.875 0.5 0.625 0.625 0.875 0.75 0.4375 0.875 0.8125 0.3125 0.8125 0.5625 0.75 0.625 0.125 0.5 0.5 0.4375 0.6875 0.5625 0.6875 0.25 0.5625 0.75 0.4375 1 0.5625 0.875 0.6875 0.375 0.1875 0.6875 0.6875 0.6875 0.5 0.75 0.1875
0.375 0.625 0.625 0.5625 0.4375 0.6875 0 0.1875 0.25 0.875 0.5625 0.1875 0.5 0.9375 0.4375 0.75 0.25 0.75 0.375 0.25 0.9375 0.625 0.625 0.875 0.75 0.875 0.625 0.8125 0.9375 0.4375 0.625 0.875 0.8125 0.5625 0.6875 0.3125 0.6875 0.4375 0.5 0.625 0.25 0.75 0 0.125 0.5 0.375 0.25 0.9375 0.25 0.625
0.25 0.25 0.25 0 0.5 0 0.5625 0.375 0.75 0.375 0.8125 0.4375 0.625 0.3125 0.875 0.5625 0.75 0 0.875 1 0.75 0.875 0.4375 0.6875 0.75 0.6875 0.3125 0.4375 0.625 0.25 0.4375 0.625 0.75 0.75 0.375 0.5 0.625 0.125 0.5625 0.75 0.125 0.8125 0.375 0.8125 0.625 0.1875 0.375 0.625 0.4375 0.3125
0.9375 0.3125 0.5625 0.75 0.6875 0 0.0625 0.6875 1 0.5 0.6875 0.3125 0 0.625 0.5 0.5625 0.4375 0.8125 0.6875 1 0.8125 0.25 0.75 0.5 0.0625 0.6875 0.1875 0.3125 0.8125 0.25 0.875 0.375 0.4375 0.125 0.5 0.8125 0.75 0.375 0.375 1 0.4375 0.75 0.8125 0.625 0.5 0.4375 0.3125 0.5625 0.75 0.875
0.1875 0.75 0.625 0.5 0.8125 0.875 0.75 0.6875 0.4375 0.8125 0.6875 0.25 0.25 0.875 0.375 0.4375 0.6875 0.625 0.625 0.6875 0.625 0.8125 0.375 0.6875 0.9375 0.5625 0.75 1 0.375 0.9375 0.5625 0.625 0.6875 0.375 0.9375 0.75 0.6875 0.375 0.4375 0.3125 0.5 0.4375 0.5625 0.6875 1 0.125 0.5625 0.375 0.5 0.25
0.1875 0.8125 0.9375 0.25 0.1875 0.5625 0.5 0.9375 0.625 0.625 0.5625 0.875 0.5625 0.9375 0.875 0.3125 0.3125 0.9375 0.3125 0.9375 0.75 0.8125 0.5625 0.5625 0.625 0.75 0.5 0.5 0.25 0.4375 0.6875 0.625 0.6875 0.375 0.125 0.6875 0 0.5 0.375 0.4375 0.5625 0.5625 0.5625 0.1875 0.625 1 0.875 1 0.8125 0.6875
0 0.75 0.5625 0.4375 0.625 0.5625 0.8125 0.75 0.3125 0.875 0.5 0.125 0.0625 0.4375 0.5625 0.8125 0.6875 0.6875 0.5625 0.375 0.8125 0.875 0.8125 0.4375 0 0 0.5625 0.5625 0.8125 0.4375 0.5625 0.375 0.8125 0.6875 0.5625 0.1875 1 0.875 0.5625 0.375 0.5625 0.375 0.8125 0.75 1 0.375 0.6875 0.9375 0.75 0.8125
0.4375 0.5625 1 0.4375 0.5 0.375 0.3125 0.3125 0.375 0.75 0.4375 0.0625 0.375 1 0.6875 0 0.75 0.4375 0.5 0.625 0.5 0.5625 0.3125 0.625 0.75 0.375 0.875 0.75 0.9375 1 0.125 0 0.0625 0.8125 0.5 0.875 0.5 0.375 0.875 0.75 0.5 0.6875 0.4375 0.6875 0.875 0.625 0.875 0.5 0.75 0.4375
0.375 0.5625 0.6875 0.625 0.5625 0.375 0.75 0.375 0.375 0.375 0.875 0.375 0.625 0.5625 0.5 0 0.5 0.6875 0.8125 0.25 0.625 0.75 0.875 0.3125 0.875 0.8125 0.3125 0.5 0.5625 0.6875 0 0.0625 0.6875 0.8125 0.25 0.25 0.9375 0.9375 0.4375 0.875 0 1 0.5625 0.75 0.4375 0.5 0.5625 0.75 0.3125 0.5
0.5 0 0.3125 0.5 0.1875 0.6875 0.875 0.9375 0.5625 0.75 0.6875 0.375 0.6875 0.375 0.5 0.4375 0.5 1 0.5625 0.4375 0.0625 0.8125 0.75 0.375 0.8125 0.875 0.5625 0.1875 0.5625 0.1875 0.625 0.3125 0.625 0.8125 0.125 0.125 0.375 0.4375 0.625 0.4375 1 0.875 0.4375 0.3125 0.375 1 0.625 0.4375 0.5625 0.625
0.625 0.9375 0.5 0.375 0.875 0.75 0 0.5 0.5625 0.25 0.8125 0.375 0.375 0.75 0.75 0.6875 0.625 0.75 0.625 0.625 0.25 0.125 0.625 0.4375 0.9375 0.5625 0.5625 0.4375 0.375 0.5625 0 0.375 0.5 0.6875 0.125 0.3125 0.625 0 0.375 0.75 0.5625 0.375 0.1875 0.5 0.5625 0.5625 0.5 0.5 0.5625 0.4375
0.5625 0.75 0.5625 0.8125 0.75 0.25 0.5625 1 0.75 0.625 0.8125 0.4375 0.375 0.6875 0.5625 0.75 0.75 0.5 0.125 0.875 0.6875 0.375 0 0.5 0.375 0.125 1 0.5 0.4375 0.125 0.6875 0.5 0.6875 0.8125 0.4375 0.5625 0.9375 0.3125 0.8125 0.625 0.5 1 0.5 0.1875 0.5625 1 0.5625 0.9375 0.8125 0.4375
0.0625 0.5625 0.625 0.4375 0.375 0.125 0.5 0.625 0.375 0.625 0.5 0.4375 0.3125 0.5 0.8125 0.8125 0.75 0 0.5 0.3125 0.0625 0.8125 0.3125 0.25 0.625 0.375 0.5625 0.4375 0.4375 0.6875 0.1875 0.125 1 0.375 0.75 0.4375 0.6875 1 0.5625 0.5 0.375 1 0.9375 0.375 0.4375 0.9375 0.6875 0.75 0.375 0.4375
0.4375 0.375 0.625 0.875 0.1875 0.125 0.9375 0.1875 0.75 0.6875 0.625 0.1875 0.6875 0.3125 0.6875 0.5 0.3125 0.6875 0.9375 0.8125 0.3125 0.75 0.8125 0.6875 0.3125 0.6875 0.75 0.4375 0.0625 0 0.5625 0 0.625 0.6875 0.6875 0.5625 0.8125 0 0.625 0.25 0.625 0.4375 0.875 0.75 0.25 0.625 1 0.875 0.375 0.8125
0.8125 0.375 0.625 1 0.0625 0.75 0.375 0.9375 0.4375 0.875 0.25 0.5625 0.875 0.5625 0.375 0.4375 0.375 0.5625 0.375 1 0.875 0.9375 0.8125 0.375 0.125 0.625 0.6875 0.75 0.5625 0.75 0.6875 0 1 0.625 0.4375 0.4375 0.8125 0.5 0.875 0.6875 0.1875 0.6875 0.25 0.8125 1 0.9375 1 0.6875 0.875 0.375
0.5625 0.8125 1 0 0.25 0.6875 0 0.4375 0.6875 0.9375 0.8125 0.8125 0.0625 0.625 0.9375 0.4375 0.125 1 0.5 0.5 0.75 0.9375 0.875 0.6875 0.3125 0.5625 0.0625 0.3125 0.375 0.3125 0.6875 0.125 1 0.75 0.0625 0.9375 0.6875 0.6875 0.5625 0.8125 0.75 0.3125 0.8125 0.625 1 1 0.5 0.25 0.8125 0.1875
0.125 0.8125 0.0625 0.5 0.5625 0.75 0.75 0.375 0.5625 0.625 0.8125 0.4375 0.375 1 1 0.5 1 0.4375 0.3125 0.875 0.8125 0.9375 0.6875 0.9375 0.25 1 0.375 0.125 0.5 0.125 1 0.375 0.8125 0.375 0.25 0.625 1 0.625 0.5625 0.5625 0.5625 0.75 0.5625 0.9375 0.6875 0.875 0.4375 0.3125 0.5 0.5
1 0.875 0.5625 0.3125 0.8125 0.125 0.6875 0.75 0.0625 0 0.6875 0.5625 0.8125 0.5625 0.25 0.5625 0.9375 0.4375 0.5 0.5625 0.5625 0.3125 0.6875 0.5 0.8125 0.25 0.9375 0.3125 0.3125 0.375 0.5 1 0.6875 0.375 0.1875 0.625 1 0.625 0.75 0.125 0.5625 0.75 0.375 0.4375 0.6875 0.25 0.6875 0 0.75 0.75
0.6875 0.375 0.625 0.5625 0.6875 0.4375 0.1875 0.25 0.625 1 0.3125 0.9375 0.4375 0.75 0 0.5625 0.75 0.375 0.25 0.75 0.5 0.625 0.0625 0.5 0.5 0.75 0.4375 0.4375 0.625 0.6875 1 0.625 0.625 0.25 0.625 0.8125 0.25 0.625 0.375 0.375 0 0.75 0.3125 0.8125 0.875 0.5 0 0 0.6875 0.25
0.0625 0.4375 0.25 0.375 0.875 0.25 0.125 0.375 0.25 0.375 0.875 0.625 0.6875 0.6875 0.6875 0.6875 0.625 0.625 1 0.125 0.75 0.3125 0.4375 0.5625 0.75 0.3125 0.5 0.625 0.0625 0.5625 0.9375 0.625 0.8125 0.9375 0.625 0.625 0.4375 0.25 0.75 0.875 0.5 0 0.4375 0.75 0.3125 0.75 0.875 0.8125 0.8125 0.5
0.5625 0 0.5 0.3125 0.625 0.625 0.4375 0.4375 0.3125 0 0 1 0.1875 0.5 0.625 0.5 0.8125 0.4375 0 1 0.1875 0.75 0.9375 0.3125 0.5 0.8125 0.8125 0.75 0.3125 0.5 0.8125 0.625 0.8125 0.5 0.9375 0 0.625 0.6875 0.5625 0.5 0.1875 0.5625 0.25 0.4375 0 0.625 0.0625 0.25 0.125 0.25
0.625 0.5 0.625 0.25 0.5 0.875 0.75 1 0.375 0.75 0.6875 0.5 0.5 0.9375 0.5 0.5 0.75 0.4375 0.75 0.9375 1 0.75 0.6875 0.4375 0.6875 0 0.625 0.625 0.25 0.75 0.375 0.5 0.875 0.375 0.6875 0.25 0.5 0.875 0.9375 0.5625 0.5 0.75 0.3125 0 0.6875 0.625 0.8125 0.0625 0.625 1
0.1875 0.875 0.0625 0.875 0.6875 0.625 0.6875 0.625 0.4375 0.25 0.5 0.625 0.75 0.5 0.4375 0.6875 0.5625 0.6875 0.9375 0.375 0.6875 0.8125 0.625 0.5625 0.3125 0.375 0.5 0 0.5 0.5625 0.375 0.75 0.5625 1 0.875 0.4375 1 1 0.4375 0.625 0.6875 0.625 0.3125 0.5 0.6875 0.5625 0.3125 0.8125 0.0625 0.5
0.125 0.1875 0.5625 0.625 0.375 0.625 0.1875 0.375 0.4375 0.5 0.4375 0.3125 1 0.5625 0.5 0.9375 0.5625 0.6875 0.125 0 1 0.3125 0.5625 0.4375 0.25 0.875 0.5625 0.5 0.625 0.5625 0.8125 0.5 0.1875 0.5625 0.4375 0.375 0.6875 0.8125 0.1875 0.375 0 0.625 0 0.0625 0.6875 0.5625 0.375 1 0.8125 0.1875
0.5 0.0625 0 0.8125 0.8125 0.6875 0.625 0.4375 0.4375 0.3125 0.25 0.4375 0.125 0.875 0.6875 0 0.5625 0.8125 0.75 0.625 0.75 0.0625 0.5 0.125 0.5 0.5 0.4375 0.25 0.75 0.125 0.75 0 0.625 1 0.5 0.5 0.375 0.5 0 0 0.125 0.5 0.75 0 0.6875 0.4375 0.8125 0.8125 0.5 0.8125
0.5 0.9375 0.5 0.1875 0.1875 0.625 0.875 0.3125 0.8125 0.4375 0.625 0.5 0.5625 0.25 0.125 0.0625 0.9375 0.75 0.75 0.5 0.4375 0.375 0.4375 0.0625 0.125 0.5 0.5 0.8125 0.6875 0.5625 0.5 0.0625 0.4375 0.375 0.8125 0.1875 0.9375 0.75 0 0.3125 0.5 0.625 0.6875 0.4375 0.4375 0.9375 0 0 0.3125 0.125
0.4375 0.1875 0.5625 0.5 0.0625 0.75 0.875 0.1875 0.4375 0.3125 0.5625 0.5625 0.75 0.1875 0.5625 0.875 0.125 0.5625 0.375 0.4375 0.25 0.3125 0.9375 0.8125 0.375 0 0.75 0.4375 0.6875 0.4375 0.6875 0.5 0.875 0.5 0.875 0.5 0.9375 0.1875 0.25 1 0.5625 0.3125 0.625 0.75 0.375 0.3125 0.5 0.4375 0.9375 0.5
0.75 0.6875 0.625 0.5625 0.5 0.6875 0.5625 0.875 0.6875 0.8125 0.5 0.375 0.5 0.375 0.5 0.8125 0.125 0.5625 0.5625 0.3125 0.9375 0.625 0.5 0.625 0.3125 0.4375 0.8125 0.75 0.125 0.625 0.5 0.1875 0.5 0.25 0.5 0.5625 0.625 0.4375 0.1875 0.375 0.25 0.375 0 0.5625 0.875 0.5 0.1875 0.875 0.5 0
1 0 0.3125 0.4375 0 0.5625 0.3125 0.625 0 0.625 0.4375 0.875 0.3125 1 0.3125 0.1875 0.6875 0 0.9375 1 0.75 0.4375 0.875 1 0.625 0.4375 0.6875 1 0.8125 0.8125 0.75 0.625 0.625 0 0.4375 0.9375 0.5 0.5 0.25 0.5625 0.75 0.75 0.4375 0.6875 0.875 0.375 0.6875 0.5625 0.75 0.75
0.75 0.6875 0.4375 0.625 0.4375 0.375 0.4375 0 0.8125 0.1875 0 0.1875 0.5 0 0.5 0.5625 0.4375 0.8125 0.6875 0.5 0.8125 0.5625 0.6875 0.125 0.5 0.0625 0.625 0.875 0 0 0.8125 0.5625 0.5625 0.1875 0.75 0.6875 0.625 0.1875 0.875 0.875 0.6875 0.5625 0.75 0.8125 0.8125 0.5 0.125 0.25 0.875 0.4375
0.25 0.5625 0.25 0.6875 0.875 0.5625 0.375 0.375 0.375 0.875 0.5 0.5625 0.8125 0.3125 1 0.5625 0.3125 1 0 0.6875 0.8125 0.8125 0 0.875 0.25 0.5 0.625 0.125 0.25 0.875 0.75 0.75 0.75 0.5625 0.5 0.1875 0.3125 0.625 0.5 0.6875 0.375 0.6875 0.8125 0.1875 0.6875 0.8125 0.5625 0.25 0.4375 0.625
0.4375 0.75 0.125 0.1875 0.4375 0.375 0.75 0.6875 0.4375 0.5625 1 0.5625 0.75 0.5 0.9375 0.375 0.75 0.5 0.0625 1 0.9375 0.625 0.4375 0.5625 0.9375 0.25 0.8125 0.1875 0.625 0.5 0.6875 0.6875 0.8125 0.4375 0.5 0.625 0.75 0.6875 0 0.75 0.875 0.3125 0.875 0.6875 0.625 0.4375 0.4375 0.75 0 0.625
0.6875 0.5625 0.75 0.3125 0.8125 0.75 0.375 1 0.375 0.4375 0.5 0.875 0.5625 0.5 0.3125 0.4375 0.5 0.75 1 0.25 0.8125 1 0 0.875 0.6875 0.75 0.5625 0.5625 0.8125 0.625 0.75 0.6875 0.6875 0.3125 0.4375 0.4375 1 0.4375 0.25 0.5625 0.875 1 0.625 0.375 0.9375 0.5 0.6875 0.125 1 0.5625
0.4375 0.125 0.9375 0.5625 0.4375 0.875 0.25 0.5625 0.6875 0.875 0.75 1 0.8125 0.125 0.375 0.75 0.3125 0.125 1 0.5625 0.5625 0.6875 0.9375 0.8125 0.8125 0.3125 0.8125 0.4375 0.875 0.4375 0.375 0.5625 0.375 0.4375 0.625 0.4375 0.4375 0.75 0.5625 0.9375 0.9375 0 0.3125 0.75 0.25 0.8125 0.5625 0.4375 0.6875 0.625
0.625 0.8125 0.4375 0.5625 0.1875 0.25 0.75 0.75 0.5625 0.6875 0.125 0.6875 0.8125 0.5 0.75 0.5625 0.25 0.5 0.5625 0.9375 0.375 0.1875 1 1 0.5625 0.6875 0.4375 0.8125 0.4375 0.75 0.5625 0.8125 0.4375 0.25 0.875 0.5625 0.3125 0.4375 0.75 0 1 0.9375 0.9375 0.6875 0.4375 0.1875 0.8125 0.375 0.8125 0.375
0 0.5 0.3125 0.8125 0.375 0.5 0.5625 0.8125 0.8125 0.4375 0.1875 0.6875 1 0.0625 0.125 0.4375 0.3125 0.5625 0.5 0.3125 0.4375 0.625 0.25 0.75 0.1875 0.375 0.4375 0.875 0.5625 0.9375 0.4375 0.6875 0.1875 0.875 0.3125 0.625 0.3125 0.5 0.4375 0.6875 0.3125 0.3125 0.6875 0.9375 0.625 0.5625 0.8125 0 0.375 0.5625
0.5625 0.4375 0.6875 0.75 0.4375 0.25 0.8125 0.625 0.8125 0.75 0.4375 0.6875 0.875 0.625 0.625 0.25 0.25 0.9375 0.6875 0.5625 0.3125 0.4375 0.9375 0.3125 0 0.625 0.8125 0.4375 0.8125 0.3125 0.625 0.875 0.5625 0.4375 0.4375 0.4375 0.0625 0.9375 0.5 0.8125 0.3125 0.125 0.9375 0.8125 0.5 0.8125 0.4375 0.0625 0.6875 0.75
0.25 0.625 0.625 0.25 0.25 0.75 0.4375 0.1875 0.5 1 0.5 0.8125 0.1875 0.625 0.5 0.8125 0.8125 0.75 0.5 0.5625 0 0.5 0.5625 0.6875 0.125 0.75 0.375 0.125 1 0.3125 0.375 0.875 0.8125 0.375 0.8125 0.5625 0.5625 0.8125 0.1875 0.5 1 0.3125 0.625 0.8125 0.5625 0.5625 0.0625 0.375 0.4375 0.6875
