168
16
10
1 1 1 1 1 1 1 1 1 1 1 1 1 1 1 1 1 1 1 1 1 1 1 1 1 1 1 1 1 1 1 1 1 1 1 1 1 1 1 1 1 1 1 1 1 1 1 1 1 1 1 1 1 1 1 1 1 1 1 1 1 1 1 1 1 1 1 1 1 1 1 1 1 1 1 1 1 1 1 2 3 4 6 8 10 13 16 18 21 24 26 28 30 30 30 30 28 26 24 21 18 15 12 10 7 6 4 3 2 1 1 1 1 1 1 1 1 1 1 1 1 1 1 1 1 1 1 1 1 1 1 1 1 1 1 1 1 1 1 1 1 1 1 1 1 1 1 1 1 1 1 1 1 1 1 1 1 1 1 1 1 1 1 1 1 1 1 1
1 1 1 1 1 1 1 1 1 1 1 1 1 1 1 1 1 1 1 1 1 1 1 1 1 1 1 1 1 1 1 1 1 1 1 1 1 1 1 1 1 1 1 1 1 1 1 1 1 1 1 1 1 1 1 1 1 1 1 1 1 1 1 1 1 1 1 1 1 1 1 1 1 1 1 1 1 1 1 1 1 1 1 1 1 1 1 1 1 1 1 1 1 1 1 1 1 1 1 1 1 1 1 1 1 1 1 1 1 2 3 4 6 8 10 13 16 20 24 27 30 32 34 34 34 32 30 27 23 19 16 12 9 7 5 3 2 1 1 1 1 1 1 1 1 1 1 1 1 1 1 1 1 1 1 1 1 1 1 1 1 1 1 1 1 1 1 1
1 1 1 1 1 1 1 1 1 1 1 1 1 1 1 1 1 1 1 1 1 1 1 1 1 1 1 1 1 1 1 1 1 1 1 1 1 1 1 1 1 1 1 1 1 1 1 1 1 1 1 1 1 1 1 1 1 1 1 1 1 1 2 2 3 5 7 9 11 14 17 19 22 25 27 29 30 30 30 29 27 25 22 20 17 14 11 9 7 5 4 3 2 1 1 1 1 1 1 1 1 1 1 1 1 1 1 1 1 1 1 1 1 1 1 1 1 1 1 1 1 1 1 1 1 1 1 1 1 1 1 1 1 1 1 1 1 1 1 1 1 1 1 1 1 1 1 1 1 1 1 1 1 1 1 1 1 1 1 1 1 1 1 1 1 1 1 1
1 1 1 1 1 1 1 1 1 1 1 1 1 1 1 1 1 1 1 1 1 1 1 1 1 1 1 1 1 1 1 1 1 1 1 1 1 1 1 1 1 1 1 1 2 2 4 5 7 10 12 15 19 22 25 28 30 31 32 32 31 29 26 24 21 18 14 12 9 7 5 4 2 2 1 1 1 1 1 1 1 1 1 1 1 1 1 1 1 1 1 1 1 1 1 1 1 1 1 1 1 1 1 1 1 1 1 1 1 1 1 1 1 1 1 1 1 1 1 1 1 1 1 1 1 1 1 1 1 1 1 1 1 1 1 1 1 1 1 1 1 1 1 1 1 1 1 1 1 1 1 1 1 1 1 1 1 1 1 1 1 1 1 1 1 1 1 1
1 1 1 1 1 1 1 1 1 1 1 1 1 1 1 1 1 1 1 1 1 1 1 1 1 1 1 1 1 1 1 1 1 1 1 1 1 1 1 1 1 1 1 1 1 1 1 1 1 1 2 3 4 6 8 11 13 16 19 22 25 28 29 31 31 31 30 28 26 23 20 17 14 11 9 7 5 4 2 2 1 1 1 1 1 1 1 1 1 1 1 1 1 1 1 1 1 1 1 1 1 1 1 1 1 1 1 1 1 1 1 1 1 1 1 1 1 1 1 1 1 1 1 1 1 1 1 1 1 1 1 1 1 1 1 1 1 1 1 1 1 1 1 1 1 1 1 1 1 1 1 1 1 1 1 1 1 1 1 1 1 1 1 1 1 1 1 1
1 1 1 1 1 1 1 1 1 1 1 1 2 4 8 12 18 25 31 37 42 45 45 43 39 34 28 22 17 12 8 5 3 2 1 1 1 1 1 1 1 1 1 1 1 1 1 1 1 1 1 1 1 1 1 1 1 1 1 1 1 1 1 1 1 1 1 1 1 1 1 1 1 1 1 1 1 1 1 1 1 1 1 1 1 1 1 1 1 1 1 1 1 1 1 1 1 1 1 1 1 1 1 1 1 1 1 1 1 1 1 1 1 1 1 1 1 1 1 1 1 1 1 1 1 1 1 1 1 1 1 1 1 1 1 1 1 1 1 1 1 1 1 1 1 1 1 1 1 1 1 1 1 1 1 1 1 1 1 1 1 1 1 1 1 1 1 1
1 1 1 1 1 1 1 1 1 1 1 1 1 1 1 1 1 1 1 1 1 1 1 1 1 1 1 1 1 1 1 1 1 1 1 1 1 1 1 1 1 1 1 1 1 1 1 1 1 1 1 1 1 1 1 1 1 1 1 1 1 1 1 1 1 1 1 1 1 1 1 1 1 1 1 1 1 1 2 3 5 6 8 11 13 16 19 22 25 27 29 30 30 30 29 28 25 23 20 17 14 12 9 7 5 4 3 2 1 1 1 1 1 1 1 1 1 1 1 1 1 1 1 1 1 1 1 1 1 1 1 1 1 1 1 1 1 1 1 1 1 1 1 1 1 1 1 1 1 1 1 1 1 1 1 1 1 1 1 1 1 1 1 1 1 1 1 1
1 1 1 1 1 1 1 1 1 1 1 1 1 1 1 1 1 1 1 1 1 1 1 1 1 1 1 1 1 1 1 1 1 1 1 1 1 1 1 1 1 1 1 1 1 1 1 1 1 1 1 1 1 1 1 1 1 1 1 1 1 1 1 1 1 1 1 1 1 1 1 1 1 1 1 1 1 1 1 1 1 1 1 1 1 1 1 2 3 5 7 9 11 14 16 19 22 25 27 29 30 31 31 29 28 25 23 20 17 14 11 9 6 5 3 2 1 1 1 1 1 1 1 1 1 1 1 1 1 1 1 1 1 1 1 1 1 1 1 1 1 1 1 1 1 1 1 1 1 1 1 1 1 1 1 1 1 1 1 1 1 1 1 1 1 1 1 1
1 1 1 1 1 1 1 1 1 1 1 1 1 1 1 1 1 1 1 1 1 1 1 1 1 1 1 1 1 1 1 1 1 1 1 1 1 1 1 1 1 1 1 1 1 1 1 1 1 1 1 1 1 1 1 1 1 1 1 1 1 1 1 1 1 1 1 1 1 1 1 1 1 1 1 1 1 1 1 1 1 1 1 1 1 1 1 1 1 1 1 1 1 1 1 1 1 1 1 1 1 1 1 1 1 1 1 1 1 1 1 1 1 1 1 1 1 1 1 1 1 1 1 1 1 1 1 1 1 1 1 1 1 1 1 1 1 2 3 5 8 11 16 22 28 35 40 45 47 46 43 38 31 24 17 11 7 4 2 1 1 1 1 1 1 1 1 1
1 1 1 1 1 1 1 1 1 1 1 1 1 1 1 1 1 1 1 1 1 1 1 1 1 1 1 1 1 1 1 1 1 1 1 1 1 1 1 1 1 1 1 1 1 1 1 1 1 1 1 1 1 1 1 1 1 1 1 1 1 1 1 1 1 1 1 1 1 1 1 1 1 1 1 1 1 1 1 1 1 1 1 1 1 1 1 1 1 1 1 1 1 1 1 1 1 1 1 1 1 1 1 1 1 1 1 1 1 1 1 1 1 1 1 1 1 1 1 1 1 1 1 1 1 1 1 1 1 1 1 1 1 1 1 1 1 1 1 1 1 1 1 1 1 1 1 1 1 1 1 1 1 1 1 1 1 1 1 1 1 1 1 1 1 1 1 1
0 0 0 0 0 0 0 0 0 0 0 0 0 0 0 0 0 0 0 0 0 0 0 0 0 0 0 0 0 0 0 0 0 0 0 0 0 0 0 0 0 0 0 0 0 0 0 0 0 0 0 0 0 0 0 0 0 0 0 0 1 0 0 0 0 0 0 0 0 0 0 0 0 0 0 0 0 0 0 0 0 0 0 0 0 0 0 0 0 0 0 0 0 0 0 0 0 0 0 0 0 0 0 0 0 0 0 0 0 0 0 0 0 0 0 0 0 0 14 7 0 0 0 0 0 0 0 0 0 0 0 0 0 0 0 0 0 0 0 0 0 0 0 0 2 1 0 0 0 0 0 0 3 1 0 0 0 0 0 0 0 0 0 0 0 0 0 0 11 5 0 0 0 0 0 0 2 1 0 0 10 5 1 0 0 0 0 0 0 0 0 0 16 8 0 0 12 6 0 0 0 0 0 0 0 0 5 2 0 0 0 0 2 1 0 0 11 5 7 3 0 0 0 0 0 0 0 0 0 0 0 0 0 0 0 0 0 0 0 0 0 0 0 0 0 0 12 6 0 0 0 0 0 0 0 0 0 0 0 0 0 0 0 0 0 0 2 1 0 0 0 0 0 0 0 0 0 0 0 0 0 0 0 0 0 0 0 0 16 8 0 0 12 6 0 0 0 0 0 0 0 0 0 0 11 5 0 0 0 0 0 0 0 0 0 0 0 0 0 0 0 0 0 0 0 0 0 0 0 0 0 0 0 0 0 0
0 0 0 0 0 0 0 0 0 0 0 0 0 0 0 0 0 0 0 0 0 0 0 0 0 0 0 0 0 0 0 0 0 0 0 0 12 6 0 0 0 0 0 0 0 0 0 0 0 0 22 11 8 4 0 0 0 0 0 0 1 0 0 0 0 0 0 0 0 0 0 0 0 0 0 0 0 0 0 0 0 0 0 0 0 0 0 0 0 0 0 0 0 0 0 0 0 0 0 0 0 0 0 0 0 0 4 2 0 0 0 0 0 0 0 0 0 0 0 0 0 0 0 0 0 0 0 0 0 0 0 0 0 0 0 0 0 0 15 7 0 0 2 1 0 0 3 1 0 0 0 0 2 1 0 0 0 0 10 5 0 0 0 0 0 0 0 0 0 0 6 3 8 4 0 0 6 3 1 0 0 0 0 0 18 9 13 6 2 1 0 0 0 0 0 0 0 0 0 0 0 0 0 0 0 0 0 0 0 0 2 1 0 0 0 0 0 0 0 0 4 2 0 0 0 0 0 0 5 2 0 0 9 4 0 0 11 5 0 0 0 0 0 0 0 0 0 0 0 0 0 0 6 3 0 0 0 0 0 0 0 0 0 0 0 0 0 0 0 0 0 0 0 0 0 0 0 0 0 0 0 0 0 0 0 0 0 0 0 0 0 0 0 0 25 12 0 0 0 0 0 0 0 0 0 0 0 0 0 0 0 0 0 0 0 0 0 0 0 0 0 0 0 0 0 0 0 0 0 0 0 0 0 0 0 0
0 0 0 0 0 0 0 0 0 0 0 0 0 0 0 0 0 0 0 0 0 0 0 0 0 0 0 0 0 0 0 0 0 0 0 0 0 0 0 0 0 0 0 0 0 0 0 0 0 0 12 6 0 0 0 0 0 0 0 0 0 0 0 0 0 0 0 0 0 0 0 0 0 0 0 0 0 0 0 0 0 0 0 0 0 0 0 0 0 0 0 0 0 0 0 0 0 0 0 0 0 0 9 4 0 0 3 1 0 0 0 0 0 0 0 0 0 0 0 0 1 0 0 0 1 0 0 0 0 0 0 0 0 0 0 0 0 0 0 0 13 6 0 0 1 0 0 0 0 0 0 0 0 0 0 0 0 0 0 0 0 0 0 0 4 2 2 1 3 1 0 0 0 0 0 0 0 0 0 0 2 1 0 0 0 0 0 0 0 0 0 0 10 5 0 0 0 0 0 0 4 2 0 0 0 0 0 0 0 0 12 6 0 0 2 1 0 0 0 0 0 0 0 0 0 0 2 1 3 1 0 0 0 0 6 3 5 2 0 0 0 0 0 0 0 0 0 0 20 10 0 0 4 2 0 0 0 0 0 0 0 0 0 0 0 0 0 0 0 0 1 0 0 0 0 0 0 0 0 0 0 0 0 0 0 0 0 0 0 0 0 0 8 4 0 0 0 0 0 0 0 0 0 0 20 10 0 0 0 0 0 0 0 0 0 0 0 0 0 0 0 0 0 0 0 0 0 0 0 0 0 0 0 0 0 0
0 0 0 0 0 0 0 0 0 0 0 0 0 0 0 0 0 0 0 0 0 0 0 0 0 0 0 0 0 0 0 0 0 0 0 0 0 0 0 0 0 0 0 0 0 0 8 4 18 9 0 0 0 0 0 0 0 0 0 0 0 0 0 0 0 0 0 0 0 0 0 0 0 0 0 0 0 0 0 0 0 0 0 0 0 0 0 0 0 0 0 0 0 0 0 0 0 0 0 0 0 0 0 0 1 0 8 4 0 0 0 0 3 1 0 0 0 0 0 0 12 6 0 0 7 3 0 0 6 3 0 0 0 0 0 0 0 0 0 0 0 0 0 0 0 0 14 7 0 0 0 0 0 0 0 0 0 0 0 0 0 0 0 0 4 2 0 0 6 3 0 0 0 0 12 6 10 5 0 0 0 0 4 2 0 0 0 0 0 0 0 0 0 0 0 0 16 8 0 0 0 0 0 0 0 0 11 5 14 7 0 0 2 1 0 0 0 0 0 0 0 0 0 0 1 0 0 0 2 1 0 0 4 2 0 0 0 0 0 0 0 0 0 0 0 0 0 0 0 0 0 0 0 0 0 0 0 0 0 0 0 0 6 3 0 0 0 0 0 0 0 0 0 0 0 0 2 1 0 0 4 2 0 0 0 0 0 0 0 0 0 0 0 0 0 0 0 0 12 6 0 0 0 0 3 1 0 0 0 0 0 0 0 0 0 0 0 0 0 0 0 0 0 0 0 0 0 0 0 0 0 0 0 0 0 0
0 0 0 0 0 0 0 0 0 0 0 0 0 0 0 0 0 0 0 0 0 0 0 0 0 0 0 0 0 0 0 0 0 0 0 0 0 0 0 0 0 0 16 8 0 0 0 0 0 0 0 0 0 0 10 5 0 0 0 0 0 0 0 0 0 0 0 0 0 0 0 0 0 0 0 0 0 0 0 0 0 0 0 0 0 0 0 0 0 0 0 0 0 0 0 0 0 0 0 0 0 0 0 0 0 0 0 0 0 0 0 0 0 0 8 4 0 0 0 0 8 4 1 0 0 0 4 2 0 0 2 1 8 4 0 0 0 0 4 2 0 0 0 0 0 0 0 0 0 0 0 0 0 0 16 8 4 2 0 0 0 0 0 0 1 0 0 0 0 0 2 1 0 0 0 0 0 0 0 0 0 0 0 0 0 0 0 0 1 0 0 0 6 3 6 3 0 0 0 0 2 1 0 0 0 0 0 0 0 0 0 0 0 0 8 4 0 0 8 4 0 0 2 1 0 0 0 0 0 0 0 0 0 0 0 0 0 0 0 0 8 4 0 0 0 0 0 0 0 0 0 0 0 0 0 0 0 0 0 0 0 0 0 0 0 0 0 0 0 0 0 0 0 0 0 0 0 0 0 0 0 0 0 0 0 0 0 0 8 4 0 0 0 0 0 0 0 0 0 0 0 0 0 0 0 0 0 0 0 0 0 0 3 1 0 0 0 0 0 0 0 0 0 0 0 0 0 0 0 0 0 0 0 0 0 0
0 0 0 0 0 0 0 0 0 0 0 0 0 0 0 0 0 0 0 0 0 0 0 0 0 0 0 0 0 0 0 0 0 0 0 0 0 0 0 0 0 0 4 2 0 0 0 0 0 0 0 0 0 0 0 0 4 2 0 0 0 0 0 0 0 0 0 0 0 0 0 0 0 0 0 0 0 0 0 0 0 0 0 0 0 0 0 0 0 0 0 0 0 0 0 0 0 0 0 0 0 0 0 0 0 0 0 0 0 0 0 0 3 1 0 0 7 3 0 0 0 0 0 0 2 1 0 0 0 0 0 0 0 0 0 0 4 2 0 0 0 0 0 0 0 0 4 2 0 0 1 0 0 0 0 0 0 0 0 0 0 0 0 0 0 0 0 0 5 2 0 0 0 0 2 1 0 0 0 0 0 0 0 0 0 0 0 0 5 2 6 3 0 0 16 8 0 0 0 0 5 2 6 3 0 0 0 0 1 0 2 1 0 0 0 0 0 0 0 0 0 0 0 0 0 0 2 1 0 0 1 0 0 0 0 0 10 5 0 0 1 0 0 0 0 0 16 8 0 0 0 0 17 8 0 0 0 0 0 0 0 0 0 0 0 0 0 0 0 0 0 0 0 0 0 0 0 0 0 0 0 0 0 0 0 0 0 0 0 0 0 0 0 0 0 0 0 0 0 0 0 0 0 0 0 0 0 0 1 0 0 0 0 0 0 0 0 0 0 0 0 0 0 0 0 0 0 0 0 0 0 0 0 0 0 0
0 0 0 0 0 0 0 0 0 0 0 0 0 0 0 0 0 0 0 0 0 0 0 0 0 0 0 0 0 0 0 0 0 0 0 0 0 0 0 0 0 0 0 0 0 0 0 0 0 0 0 0 0 0 0 0 0 0 0 0 0 0 0 0 0 0 0 0 0 0 0 0 0 0 0 0 0 0 0 0 0 0 0 0 0 0 0 0 0 0 0 0 0 0 0 0 0 0 0 0 0 0 0 0 0 0 0 0 0 0 0 0 0 0 13 6 0 0 0 0 5 2 0 0 1 0 0 0 0 0 0 0 0 0 0 0 1 0 0 0 0 0 0 0 0 0 0 0 0 0 17 8 0 0 0 0 0 0 0 0 0 0 0 0 4 2 3 1 2 1 0 0 0 0 2 1 0 0 0 0 0 0 0 0 0 0 4 2 0 0 0 0 0 0 0 0 0 0 0 0 0 0 0 0 0 0 0 0 0 0 16 8 0 0 0 0 7 3 0 0 0 0 0 0 0 0 0 0 0 0 0 0 0 0 0 0 0 0 0 0 0 0 0 0 0 0 0 0 0 0 0 0 0 0 0 0 0 0 0 0 0 0 0 0 0 0 0 0 0 0 0 0 0 0 0 0 0 0 0 0 4 2 6 3 0 0 0 0 0 0 2 1 0 0 0 0 0 0 0 0 0 0 0 0 0 0 0 0 10 5 5 2 0 0 0 0 0 0 0 0 0 0 0 0 0 0 0 0 0 0 0 0 0 0 0 0
0 0 0 0 0 0 0 0 0 0 0 0 0 0 0 0 0 0 0 0 0 0 0 0 0 0 0 0 0 0 0 0 0 0 0 0 0 0 0 0 0 0 0 0 0 0 0 0 0 0 0 0 0 0 0 0 0 0 6 3 0 0 0 0 0 0 0 0 0 0 0 0 0 0 0 0 0 0 0 0 0 0 0 0 0 0 0 0 0 0 0 0 2 1 0 0 0 0 0 0 0 0 0 0 0 0 0 0 0 0 0 0 0 0 0 0 0 0 0 0 12 6 0 0 0 0 0 0 0 0 0 0 0 0 2 1 0 0 6 3 0 0 0 0 1 0 0 0 0 0 0 0 2 1 0 0 0 0 1 0 2 1 0 0 5 2 0 0 4 2 0 0 0 0 0 0 0 0 0 0 0 0 0 0 7 3 0 0 0 0 19 9 0 0 6 3 0 0 0 0 0 0 0 0 0 0 0 0 0 0 2 1 1 0 0 0 0 0 0 0 0 0 2 1 0 0 0 0 0 0 6 3 0 0 0 0 0 0 0 0 0 0 0 0 0 0 0 0 0 0 0 0 0 0 0 0 0 0 0 0 0 0 0 0 0 0 0 0 0 0 0 0 0 0 0 0 0 0 0 0 0 0 0 0 0 0 0 0 0 0 0 0 0 0 0 0 0 0 0 0 0 0 0 0 0 0 0 0 10 5 0 0 4 2 2 1 0 0 0 0 0 0 0 0 0 0 0 0 0 0 0 0 0 0 0 0
0 0 0 0 0 0 0 0 0 0 0 0 0 0 0 0 0 0 0 0 0 0 0 0 0 0 0 0 0 0 0 0 11 5 0 0 0 0 0 0 0 0 28 14 24 12 0 0 0 0 0 0 0 0 0 0 0 0 2 1 0 0 0 0 1 0 0 0 0 0 0 0 0 0 0 0 0 0 0 0 0 0 0 0 0 0 0 0 0 0 0 0 0 0 0 0 0 0 0 0 0 0 0 0 0 0 0 0 0 0 0 0 0 0 0 0 0 0 0 0 0 0 8 4 6 3 0 0 0 0 4 2 4 2 0 0 0 0 6 3 0 0 9 4 4 2 8 4 0 0 15 7 0 0 0 0 0 0 0 0 0 0 2 1 0 0 0 0 0 0 0 0 0 0 0 0 14 7 15 7 3 1 3 1 0 0 0 0 0 0 0 0 0 0 0 0 4 2 2 1 0 0 0 0 0 0 0 0 0 0 14 7 0 0 0 0 0 0 0 0 0 0 0 0 0 0 0 0 0 0 0 0 0 0 0 0 0 0 0 0 0 0 0 0 0 0 0 0 0 0 0 0 0 0 0 0 0 0 0 0 0 0 0 0 0 0 0 0 0 0 0 0 0 0 0 0 0 0 0 0 0 0 0 0 3 1 0 0 0 0 0 0 0 0 0 0 0 0 0 0 0 0 0 0 0 0 0 0 0 0 0 0 0 0 0 0 0 0 0 0 0 0 0 0 0 0 0 0 0 0 0 0 0 0 0 0
0 0 0 0 0 0 0 0 0 0 0 0 0 0 0 0 0 0 0 0 0 0 0 0 0 0 0 0 0 0 0 0 0 0 0 0 0 0 0 0 0 0 0 0 0 0 0 0 0 0 4 2 0 0 0 0 0 0 0 0 0 0 0 0 0 0 0 0 0 0 0 0 0 0 0 0 0 0 0 0 0 0 0 0 0 0 0 0 0 0 0 0 0 0 0 0 0 0 0 0 0 0 0 0 0 0 0 0 0 0 0 0 0 0 0 0 0 0 0 0 0 0 0 0 0 0 4 2 0 0 0 0 0 0 0 0 0 0 0 0 0 0 4 2 0 0 0 0 0 0 0 0 0 0 0 0 1 0 0 0 1 0 0 0 0 0 0 0 0 0 0 0 2 1 0 0 4 2 0 0 4 2 1 0 0 0 0 0 0 0 0 0 0 0 0 0 6 3 7 3 0 0 0 0 0 0 0 0 3 1 0 0 0 0 2 1 0 0 0 0 0 0 0 0 0 0 4 2 0 0 0 0 8 4 0 0 0 0 0 0 0 0 0 0 0 0 8 4 0 0 0 0 0 0 0 0 0 0 0 0 0 0 0 0 4 2 2 1 0 0 0 0 0 0 0 0 0 0 0 0 0 0 0 0 0 0 0 0 0 0 0 0 0 0 0 0 0 0 0 0 0 0 0 0 0 0 0 0 0 0 0 0 0 0 0 0 0 0 0 0 0 0 0 0 0 0 0 0 0 0 0 0 0 0 0 0
8 12 10 11 8 24 17 14 23 19 12 7 18 15 21 21 14 25 15 18 9 19 15 18 17 13 11 19 10 8 18 12 18 10 15 15 10 16 15 9 15 17 25 14 17 19 20 10 13 22 15 21 15 14 18 22 19 15 21 14 26 9 13 13 12 13 12 17 20 10 11 12 19 14 21 17 23 11 22 19 25 26 16 19 8 13 14 9 28 14 26 19 24 12 16 21 9 14 9 10 15 12 12 12 19 13 20 16 16 18 16 8 11 16 19 15 20 27 14 12 18 13 19 10 13 12 13 9 15 18 12 14 19 10 20 12 11 19 14 25 18 19 17 14 15 13 15 17 21 13 15 12 19 17 12 20 15 24 18 20 16 15 13 14 20 16 15 8
18 22 14 16 12 8 15 12 18 23 18 11 14 12 6 13 10 15 19 12 13 12 18 19 18 13 18 16 14 25 22 22 8 14 18 15 21 22 22 20 18 22 20 16 21 11 14 13 8 20 23 15 19 18 12 19 18 17 17 13 24 39 18 15 19 13 13 19 13 14 17 23 15 14 11 16 23 15 13 14 10 20 19 15 16 13 22 21 15 23 10 20 15 18 17 21 22 19 16 25 15 13 10 13 17 24 15 17 10 13 11 18 11 13 12 16 22 14 18 14 19 14 19 16 11 14 15 20 20 24 11 14 11 9 13 11 16 15 16 12 16 13 11 11 13 12 15 18 22 11 17 22 9 12 20 17 12 16 20 20 12 18 15 19 11 23 15 15
12 12 15 16 25 11 21 24 14 16 18 13 14 17 20 11 23 20 20 19 19 14 14 19 14 19 14 19 9 27 13 10 14 14 19 17 18 17 14 10 19 19 18 14 18 10 14 16 16 15 13 10 13 16 18 17 17 18 12 20 20 16 11 19 12 16 10 12 13 12 17 16 10 20 12 11 9 21 17 20 13 15 17 13 19 18 15 15 19 20 13 13 11 12 19 19 16 13 15 10 17 16 25 14 19 9 20 14 23 16 7 13 8 14 18 30 17 16 11 14 9 17 10 13 16 9 13 19 25 19 22 19 13 14 16 19 18 25 20 19 23 19 29 25 19 21 24 18 14 17 19 20 14 8 19 16 23 15 24 17 12 17 17 11 20 14 24 13
24 12 18 18 10 16 13 13 12 21 8 18 23 11 15 11 21 14 21 15 19 16 14 20 11 14 14 13 8 14 14 18 12 18 15 27 16 27 12 17 14 25 11 10 11 18 15 12 16 13 14 10 21 15 21 20 17 19 17 17 15 23 12 12 22 18 10 12 19 21 18 17 18 17 13 10 19 18 11 14 22 15 12 13 15 10 19 16 15 24 15 15 14 26 17 18 19 15 18 19 17 19 12 20 11 23 16 16 15 18 24 13 22 26 11 14 12 24 14 18 16 20 13 15 15 17 21 17 13 13 12 14 10 12 17 14 13 19 13 18 21 15 22 20 19 12 17 16 21 16 11 13 18 11 24 15 16 17 19 20 15 14 21 8 20 12 12 20
17 14 26 18 18 27 20 16 20 16 10 11 14 9 11 14 13 20 14 10 19 15 19 19 16 17 19 19 10 12 10 11 14 25 20 21 19 15 18 17 8 12 13 12 13 23 29 22 15 19 8 17 10 16 12 15 17 20 18 15 12 22 14 22 23 18 9 20 19 10 20 12 30 11 12 17 12 14 21 15 19 22 14 21 12 8 15 27 21 17 12 21 13 11 14 27 16 13 19 12 19 18 15 10 19 15 8 17 27 20 17 24 13 16 12 12 16 13 21 16 13 14 16 7 17 15 11 16 25 16 20 19 16 22 21 9 26 24 13 19 14 14 24 16 25 16 23 11 14 17 14 14 16 19 14 17 18 19 14 17 18 18 15 14 13 14 29 15
20 14 15 17 18 23 18 17 16 26 14 15 13 14 13 10 14 20 22 18 22 14 21 18 19 12 15 18 16 15 20 19 25 22 17 16 15 18 17 14 17 12 12 9 16 17 24 19 8 14 21 9 19 20 12 23 18 11 15 20 15 23 15 19 10 25 18 16 17 25 19 20 10 16 12 17 24 23 9 8 17 18 19 21 15 21 10 24 20 8 12 22 13 15 7 20 14 11 13 16 16 18 26 23 17 15 22 19 17 12 16 20 24 19 15 16 20 11 15 14 11 22 21 15 14 7 15 21 18 16 22 23 16 20 13 25 17 13 11 17 15 14 21 24 15 18 17 9 11 26 15 10 20 11 15 19 11 18 10 16 22 14 18 15 13 19 12 7
13 18 14 26 29 14 15 10 10 15 13 24 17 28 21 13 10 13 17 16 23 9 21 12 10 17 15 14 11 16 21 17 28 14 15 11 21 13 26 17 19 22 13 17 11 11 13 14 25 14 17 13 18 18 19 11 11 14 12 15 21 20 11 11 20 19 14 15 12 21 22 21 18 14 15 14 17 14 18 12 15 15 18 22 16 6 20 16 10 16 12 18 17 26 22 25 13 17 29 22 19 14 7 15 15 6 15 12 23 10 10 13 12 16 20 13 23 16 12 11 13 15 15 11 14 7 16 23 13 21 14 12 19 16 16 26 14 16 10 18 11 17 18 12 13 16 13 14 22 19 19 24 18 20 12 14 21 17 9 30 12 21 10 16 14 11 17 12
21 12 19 19 17 16 13 13 8 18 12 20 11 30 13 14 14 13 12 14 11 18 18 24 13 12 20 18 17 17 16 15 12 15 24 13 12 9 18 13 22 8 12 18 13 26 16 15 16 13 9 13 28 10 27 19 21 18 16 9 21 26 11 15 10 19 22 20 10 14 9 11 15 16 18 13 23 9 10 22 30 11 21 18 19 18 12 11 23 24 20 13 9 11 11 9 12 19 19 14 16 24 16 10 17 16 21 16 15 20 14 15 14 12 10 14 21 14 14 13 11 12 9 12 13 19 17 16 15 15 19 16 22 20 16 25 16 10 19 13 12 16 12 16 13 13 20 21 16 23 9 18 10 16 12 14 19 18 8 21 11 19 25 17 13 22 18 13
8 20 11 12 13 18 14 16 11 24 21 16 12 16 19 26 17 12 9 17 15 8 16 18 24 13 28 23 19 15 20 16 13 10 16 10 22 15 19 14 15 20 13 15 14 14 17 13 19 14 14 17 15 20 13 15 13 20 23 22 14 16 18 18 12 18 16 12 13 17 12 24 18 12 13 13 14 14 17 16 13 23 21 20 12 18 19 17 24 14 20 13 12 18 16 12 12 12 21 14 7 19 17 18 29 19 11 15 12 21 16 15 14 15 12 13 14 19 18 16 15 22 14 11 16 14 21 19 16 18 14 14 18 13 15 20 13 13 16 19 13 11 18 19 11 21 16 16 21 16 13 16 17 17 16 13 13 15 19 23 16 15 12 7 17 19 15 18
8 16 16 14 18 18 11 23 24 12 17 13 26 20 18 13 17 19 15 24 11 11 20 16 17 14 15 10 13 14 18 15 22 23 17 14 18 20 10 19 10 17 20 19 16 13 12 16 24 15 23 12 16 20 11 17 18 23 22 13 25 15 18 10 17 27 11 15 18 15 17 14 13 20 10 16 19 21 15 11 21 15 17 14 10 17 11 17 11 19 18 11 18 16 16 19 15 18 12 16 21 9 12 13 18 12 20 16 30 15 14 21 17 10 22 14 16 9 17 16 11 11 17 10 12 17 22 18 22 11 17 20 19 9 14 22 20 14 15 11 9 16 31 22 8 16 20 15 11 19 12 16 15 11 29 12 15 17 15 25 14 12 32 15 19 13 17 12
8 25 16 19 22 14 17 22 14 23 12 18 20 21 20 19 15 16 14 18 15 23 8 28 19 18 16 15 12 14 10 24 17 20 10 11 20 19 13 17 21 13 15 15 15 13 11 12 16 22 15 12 26 16 20 18 14 11 16 15 22 12 17 16 9 17 26 10 15 18 22 24 16 19 11 10 16 20 15 17 12 16 14 22 10 14 12 14 7 19 15 18 26 17 20 15 22 12 19 16 13 18 9 10 19 17 19 24 15 11 17 8 20 14 14 17 19 23 13 16 20 13 23 13 21 17 12 10 18 29 12 17 17 13 18 15 12 19 16 16 22 14 11 17 19 11 15 13 13 12 12 20 22 18 24 16 22 18 16 12 20 15 21 11 12 18 22 9
11 17 12 12 12 18 14 15 19 19 19 15 15 16 17 21 19 17 24 26 12 8 18 16 13 19 17 17 19 17 13 14 16 15 16 21 16 18 11 22 22 11 16 14 16 15 8 23 18 16 16 18 16 12 9 21 16 15 17 10 11 18 15 17 15 16 14 18 22 14 11 12 10 18 10 21 14 14 17 16 18 8 19 15 18 24 13 11 15 20 10 13 15 20 14 16 15 14 14 15 21 12 16 22 18 18 18 14 17 20 21 21 13 17 9 26 16 14 23 14 12 9 17 21 12 21 11 13 15 8 18 18 10 19 20 17 9 11 16 23 16 20 14 14 12 13 15 15 16 18 16 15 12 21 14 10 22 22 20 13 15 15 12 20 8 16 24 12
19 19 14 16 14 17 15 18 14 10 17 19 19 15 17 16 12 14 18 12 16 18 12 21 12 15 18 18 21 20 10 13 10 13 21 23 19 15 19 21 25 18 19 17 15 18 16 16 12 14 17 13 20 18 13 11 14 23 21 24 9 13 21 17 11 16 12 16 9 17 13 21 22 15 10 13 14 16 17 9 10 20 22 10 15 19 24 14 19 15 18 13 13 16 15 11 17 11 17 21 14 19 13 16 13 19 12 16 9 21 14 20 14 13 16 21 23 15 14 14 17 17 11 16 14 18 13 23 11 14 13 15 8 18 14 16 10 19 11 19 11 18 10 15 12 13 14 15 23 17 17 14 13 11 13 23 24 18 18 17 19 16 13 20 16 14 19 15
15 23 15 18 21 17 15 25 13 11 20 21 12 21 9 11 15 10 9 17 10 7 14 13 17 14 9 10 16 17 20 13 20 15 15 13 31 12 12 14 19 11 17 18 14 26 15 10 15 24 35 14 13 17 21 11 14 22 19 15 21 15 22 20 18 20 16 22 9 15 15 22 18 13 19 15 15 11 17 14 15 11 10 14 24 20 20 14 21 19 25 7 16 21 12 14 13 20 8 18 17 10 17 20 8 17 17 16 19 14 16 15 15 16 15 26 13 17 20 14 15 7 16 23 16 8 17 13 19 15 11 16 16 11 11 15 14 28 13 20 21 17 22 13 8 22 11 16 26 19 14 20 15 21 9 12 12 11 14 17 15 13 12 13 20 12 19 20
18 24 16 11 21 14 14 14 15 15 13 12 18 12 15 11 13 16 11 23 17 13 13 21 15 9 13 16 11 17 14 16 14 15 13 17 13 11 14 9 15 24 18 17 13 13 23 14 18 17 18 12 10 14 17 21 22 21 14 16 11 12 15 14 24 18 21 16 15 17 16 11 18 12 23 16 11 17 9 19 17 13 10 15 19 12 14 14 18 14 14 25 19 9 9 19 13 17 16 17 16 16 12 18 13 7 23 20 13 14 10 9 19 8 8 14 20 16 17 10 12 14 17 16 13 17 18 9 14 20 11 18 14 15 16 19 19 17 17 17 10 13 17 11 18 18 10 21 15 16 27 15 10 15 14 19 11 16 14 17 14 12 17 7 15 16 18 14
12 16 17 13 18 28 15 15 19 21 14 11 22 15 11 23 23 26 16 13 15 20 23 27 13 13 20 15 17 15 15 11 17 17 8 12 17 13 17 17 10 13 16 23 19 13 11 25 27 15 13 25 17 13 20 18 16 16 10 14 26 13 15 27 17 11 16 22 14 11 19 20 14 11 9 16 20 12 14 12 12 18 8 10 15 18 16 23 14 21 18 22 12 19 18 23 12 17 16 18 11 23 15 12 20 11 11 14 16 9 16 20 16 13 18 13 18 8 16 19 19 9 20 21 21 17 9 9 15 17 17 15 13 19 17 16 14 12 19 16 17 14 12 11 13 15 11 23 24 15 13 10 16 11 22 17 14 9 12 16 17 18 25 21 9 13 16 17
1 0.8125 0.9375 0.875 1 0.0625 0.5 0.6875 0.125 0.375 0.8125 1 0.4375 0.625 0.25 0.25 0.6875 0 0.625 0.4375 1 0.375 0.625 0.4375 0.5 0.75 0.875 0.375 0.9375 1 0.4375 0.8125 0.4375 0.9375 0.625 0.625 0.9375 0.5625 0.625 1 0.625 0.5 0 0.6875 0.5 0.375 0.3125 0.9375 0.75 0.1875 0.625 0.25 0.625 0.6875 0.4375 0.1875 0.375 0.625 0.25 0.6875 0 1 0.75 0.75 0.8125 0.75 0.8125 0.5 0.3125 0.9375 0.875 0.8125 0.375 0.6875 0.25 0.5 0.125 0.875 0.1875 0.375 0 0 0.5625 0.375 1 0.75 0.6875 1 0 0.6875 0 0.375 0.0625 0.8125 0.5625 0.25 1 0.6875 1 0.9375 0.625 0.8125 0.8125 0.8125 0.375 0.75 0.3125 0.5625 0.5625 0.4375 0.5625 1 0.875 0.5625 0.375 0.625 0.3125 0 0.6875 0.8125 0.4375 0.75 0.375 0.9375 0.75 0.8125 0.75 1 0.625 0.4375 0.8125 0.6875 0.375 0.9375 0.3125 0.8125 0.875 0.375 0.6875 0 0.4375 0.375 0.5 0.6875 0.625 0.75 0.625 0.5 0.25 0.75 0.625 0.8125 0.375 0.5 0.8125 0.3125 0.625 0.0625 0.4375 0.3125 0.5625 0.625 0.75 0.6875 0.3125 0.5625 0.625 1
0.4375 0.1875 0.6875 0.5625 0.8125 1 0.625 0.8125 0.4375 0.125 0.4375 0.875 0.6875 0.8125 1 0.75 0.9375 0.625 0.375 0.8125 0.75 0.8125 0.4375 0.375 0.4375 0.75 0.4375 0.5625 0.6875 0 0.1875 0.1875 1 0.6875 0.4375 0.625 0.25 0.1875 0.1875 0.3125 0.4375 0.1875 0.3125 0.5625 0.25 0.875 0.6875 0.75 1 0.3125 0.125 0.625 0.375 0.4375 0.8125 0.375 0.4375 0.5 0.5 0.75 0.0625 0 0.4375 0.625 0.375 0.75 0.75 0.375 0.75 0.6875 0.5 0.125 0.625 0.6875 0.875 0.5625 0.125 0.625 0.75 0.6875 0.9375 0.3125 0.375 0.625 0.5625 0.75 0.1875 0.25 0.625 0.125 0.9375 0.3125 0.625 0.4375 0.5 0.25 0.1875 0.375 0.5625 0 0.625 0.75 0.9375 0.75 0.5 0.0625 0.625 0.5 0.9375 0.75 0.875 0.4375 0.875 0.75 0.8125 0.5625 0.1875 0.6875 0.4375 0.6875 0.375 0.6875 0.375 0.5625 0.875 0.6875 0.625 0.3125 0.3125 0.0625 0.875 0.6875 0.875 1 0.75 0.875 0.5625 0.625 0.5625 0.8125 0.5625 0.75 0.875 0.875 0.75 0.8125 0.625 0.4375 0.1875 0.875 0.5 0.1875 1 0.8125 0.3125 0.5 0.8125 0.5625 0.3125 0.3125 0.8125 0.4375 0.625 0.375 0.875 0.125 0.625 0.625
0.8125 0.8125 0.625 0.5625 0 0.875 0.25 0.0625 0.6875 0.5625 0.4375 0.75 0.6875 0.5 0.3125 0.875 0.125 0.3125 0.3125 0.375 0.375 0.6875 0.6875 0.375 0.6875 0.375 0.6875 0.375 1 0 0.75 0.9375 0.6875 0.6875 0.375 0.5 0.4375 0.5 0.6875 0.9375 0.375 0.375 0.4375 0.6875 0.4375 0.9375 0.6875 0.5625 0.5625 0.625 0.75 0.9375 0.75 0.5625 0.4375 0.5 0.5 0.4375 0.8125 0.3125 0.3125 0.5625 0.875 0.375 0.8125 0.5625 0.9375 0.8125 0.75 0.8125 0.5 0.5625 0.9375 0.3125 0.8125 0.875 1 0.25 0.5 0.3125 0.75 0.625 0.5 0.75 0.375 0.4375 0.625 0.625 0.375 0.3125 0.75 0.75 0.875 0.8125 0.375 0.375 0.5625 0.75 0.625 0.9375 0.5 0.5625 0 0.6875 0.375 1 0.3125 0.6875 0.125 0.5625 1 0.75 1 0.6875 0.4375 0 0.5 0.5625 0.875 0.6875 1 0.5 0.9375 0.75 0.5625 1 0.75 0.375 0 0.375 0.1875 0.375 0.75 0.6875 0.5625 0.375 0.4375 0 0.3125 0.375 0.125 0.375 0 0 0.375 0.25 0.0625 0.4375 0.6875 0.5 0.375 0.3125 0.6875 1 0.375 0.5625 0.125 0.625 0.0625 0.5 0.8125 0.5 0.5 0.875 0.3125 0.6875 0.0625 0.75
0.0625 0.8125 0.4375 0.4375 0.9375 0.5625 0.75 0.75 0.8125 0.25 1 0.4375 0.125 0.875 0.625 0.875 0.25 0.6875 0.25 0.625 0.375 0.5625 0.6875 0.3125 0.875 0.6875 0.6875 0.75 1 0.6875 0.6875 0.4375 0.8125 0.4375 0.625 0 0.5625 0 0.8125 0.5 0.6875 0 0.875 0.9375 0.875 0.4375 0.625 0.8125 0.5625 0.75 0.6875 0.9375 0.25 0.625 0.25 0.3125 0.5 0.375 0.5 0.5 0.625 0.125 0.8125 0.8125 0.1875 0.4375 0.9375 0.8125 0.375 0.25 0.4375 0.5 0.4375 0.5 0.75 0.9375 0.375 0.4375 0.875 0.6875 0.1875 0.625 0.8125 0.75 0.625 0.9375 0.375 0.5625 0.625 0.0625 0.625 0.625 0.6875 0 0.5 0.4375 0.375 0.625 0.4375 0.375 0.5 0.375 0.8125 0.3125 0.875 0.125 0.5625 0.5625 0.625 0.4375 0.0625 0.75 0.1875 0 0.875 0.6875 0.8125 0.0625 0.6875 0.4375 0.5625 0.3125 0.75 0.625 0.625 0.5 0.25 0.5 0.75 0.75 0.8125 0.6875 0.9375 0.8125 0.5 0.6875 0.75 0.375 0.75 0.4375 0.25 0.625 0.1875 0.3125 0.375 0.8125 0.5 0.5625 0.25 0.5625 0.875 0.75 0.4375 0.875 0.0625 0.625 0.5625 0.5 0.375 0.3125 0.625 0.6875 0.25 1 0.3125 0.8125 0.8125 0.3125
0.5 0.6875 0 0.4375 0.4375 0 0.3125 0.5625 0.3125 0.5625 0.9375 0.875 0.6875 1 0.875 0.6875 0.75 0.3125 0.6875 0.9375 0.375 0.625 0.375 0.375 0.5625 0.5 0.375 0.375 0.9375 0.8125 0.9375 0.875 0.6875 0 0.3125 0.25 0.375 0.625 0.4375 0.5 1 0.8125 0.75 0.8125 0.75 0.125 0 0.1875 0.625 0.375 1 0.5 0.9375 0.5625 0.8125 0.625 0.5 0.3125 0.4375 0.625 0.8125 0.1875 0.6875 0.1875 0.125 0.4375 1 0.3125 0.375 0.9375 0.3125 0.8125 0 0.875 0.8125 0.5 0.8125 0.6875 0.25 0.625 0.375 0.1875 0.6875 0.25 0.8125 1 0.625 0 0.25 0.5 0.8125 0.25 0.75 0.875 0.6875 0 0.5625 0.75 0.375 0.8125 0.375 0.4375 0.625 0.9375 0.375 0.625 1 0.5 0 0.3125 0.5 0.0625 0.75 0.5625 0.8125 0.8125 0.5625 0.75 0.25 0.5625 0.75 0.6875 0.5625 1 0.5 0.625 0.875 0.5625 0 0.5625 0.3125 0.375 0.5625 0.1875 0.25 1 0 0.0625 0.75 0.375 0.6875 0.6875 0.0625 0.5625 0 0.5625 0.125 0.875 0.6875 0.5 0.6875 0.6875 0.5625 0.375 0.6875 0.5 0.4375 0.375 0.6875 0.5 0.4375 0.4375 0.625 0.6875 0.75 0.6875 0 0.625
0.3125 0.6875 0.625 0.5 0.4375 0.125 0.4375 0.5 0.5625 0 0.6875 0.625 0.75 0.6875 0.75 0.9375 0.6875 0.3125 0.1875 0.4375 0.1875 0.6875 0.25 0.4375 0.375 0.8125 0.625 0.4375 0.5625 0.625 0.3125 0.375 0 0.1875 0.5 0.5625 0.625 0.4375 0.5 0.6875 0.5 0.8125 0.8125 1 0.5625 0.5 0.0625 0.375 1 0.6875 0.25 1 0.375 0.3125 0.8125 0.125 0.4375 0.875 0.625 0.3125 0.625 0.125 0.625 0.375 0.9375 0 0.4375 0.5625 0.5 0 0.375 0.3125 0.9375 0.5625 0.8125 0.5 0.0625 0.125 1 1 0.5 0.4375 0.375 0.25 0.625 0.25 0.9375 0.0625 0.3125 1 0.8125 0.1875 0.75 0.625 1 0.3125 0.6875 0.875 0.75 0.5625 0.5625 0.4375 0 0.125 0.5 0.625 0.1875 0.375 0.5 0.8125 0.5625 0.3125 0.0625 0.375 0.625 0.5625 0.3125 0.875 0.625 0.6875 0.875 0.1875 0.25 0.625 0.6875 1 0.625 0.25 0.4375 0.5625 0.1875 0.125 0.5625 0.3125 0.75 0 0.5 0.75 0.875 0.5 0.625 0.6875 0.25 0.0625 0.625 0.4375 0.5 1 0.875 0 0.625 0.9375 0.3125 0.875 0.625 0.375 0.875 0.4375 0.9375 0.5625 0.1875 0.6875 0.4375 0.625 0.75 0.375 0.8125 1
0.75 0.4375 0.6875 0 0 0.6875 0.625 0.9375 0.9375 0.625 0.75 0.0625 0.5 0 0.25 0.75 0.9375 0.75 0.5 0.5625 0.125 1 0.25 0.8125 0.9375 0.5 0.625 0.6875 0.875 0.5625 0.25 0.5 0 0.6875 0.625 0.875 0.25 0.75 0 0.5 0.375 0.1875 0.75 0.5 0.875 0.875 0.75 0.6875 0 0.6875 0.5 0.75 0.4375 0.4375 0.375 0.875 0.875 0.6875 0.8125 0.625 0.25 0.3125 0.875 0.875 0.3125 0.375 0.6875 0.625 0.8125 0.25 0.1875 0.25 0.4375 0.6875 0.625 0.6875 0.5 0.6875 0.4375 0.8125 0.625 0.625 0.4375 0.1875 0.5625 1 0.3125 0.5625 0.9375 0.5625 0.8125 0.4375 0.5 0 0.1875 0 0.75 0.5 0 0.1875 0.375 0.6875 1 0.625 0.625 1 0.625 0.8125 0.125 0.9375 0.9375 0.75 0.8125 0.5625 0.3125 0.75 0.125 0.5625 0.8125 0.875 0.75 0.625 0.625 0.875 0.6875 1 0.5625 0.125 0.75 0.25 0.6875 0.8125 0.375 0.5625 0.5625 0 0.6875 0.5625 0.9375 0.4375 0.875 0.5 0.4375 0.8125 0.75 0.5625 0.75 0.6875 0.1875 0.375 0.375 0.0625 0.4375 0.3125 0.8125 0.6875 0.25 0.5 1 0 0.8125 0.25 0.9375 0.5625 0.6875 0.875 0.5 0.8125
0.25 0.8125 0.375 0.375 0.5 0.5625 0.75 0.75 1 0.4375 0.8125 0.3125 0.875 0 0.75 0.6875 0.6875 0.75 0.8125 0.6875 0.875 0.4375 0.4375 0.0625 0.75 0.8125 0.3125 0.4375 0.5 0.5 0.5625 0.625 0.8125 0.625 0.0625 0.75 0.8125 1 0.4375 0.75 0.1875 1 0.8125 0.4375 0.75 0 0.5625 0.625 0.5625 0.75 1 0.75 0 0.9375 0 0.375 0.25 0.4375 0.5625 1 0.25 0 0.875 0.625 0.9375 0.375 0.1875 0.3125 0.9375 0.6875 1 0.875 0.625 0.5625 0.4375 0.75 0.125 1 0.9375 0.1875 0 0.875 0.25 0.4375 0.375 0.4375 0.8125 0.875 0.125 0.0625 0.3125 0.75 1 0.875 0.875 1 0.8125 0.375 0.375 0.6875 0.5625 0.0625 0.5625 0.9375 0.5 0.5625 0.25 0.5625 0.625 0.3125 0.6875 0.625 0.6875 0.8125 0.9375 0.6875 0.25 0.6875 0.6875 0.75 0.875 0.8125 1 0.8125 0.75 0.375 0.5 0.5625 0.625 0.625 0.375 0.5625 0.1875 0.3125 0.5625 0 0.5625 0.9375 0.375 0.75 0.8125 0.5625 0.8125 0.5625 0.75 0.75 0.3125 0.25 0.5625 0.125 1 0.4375 0.9375 0.5625 0.8125 0.6875 0.375 0.4375 1 0.25 0.875 0.375 0 0.5 0.75 0.1875 0.4375 0.75
1 0.3125 0.875 0.8125 0.75 0.4375 0.6875 0.5625 0.875 0.0625 0.25 0.5625 0.8125 0.5625 0.375 0 0.5 0.8125 1 0.5 0.625 1 0.5625 0.4375 0.0625 0.75 0 0.125 0.375 0.625 0.3125 0.5625 0.75 0.9375 0.5625 0.9375 0.1875 0.625 0.375 0.6875 0.625 0.3125 0.75 0.625 0.6875 0.6875 0.5 0.75 0.375 0.6875 0.6875 0.5 0.625 0.3125 0.75 0.625 0.75 0.3125 0.125 0.1875 0.6875 0.5625 0.4375 0.4375 0.8125 0.4375 0.5625 0.8125 0.75 0.5 0.8125 0.0625 0.4375 0.8125 0.75 0.75 0.6875 0.6875 0.5 0.5625 0.75 0.125 0.25 0.3125 0.8125 0.4375 0.375 0.5 0.0625 0.6875 0.3125 0.75 0.8125 0.4375 0.5625 0.8125 0.8125 0.8125 0.25 0.6875 1 0.375 0.5 0.4375 0 0.375 0.875 0.625 0.8125 0.25 0.5625 0.625 0.6875 0.625 0.8125 0.75 0.6875 0.375 0.4375 0.5625 0.625 0.1875 0.6875 0.875 0.5625 0.6875 0.25 0.375 0.5625 0.4375 0.6875 0.6875 0.4375 0.75 0.625 0.3125 0.75 0.75 0.5625 0.375 0.75 0.875 0.4375 0.375 0.875 0.25 0.5625 0.5625 0.25 0.5625 0.75 0.5625 0.5 0.5 0.5625 0.75 0.75 0.625 0.375 0.125 0.5625 0.625 0.8125 1 0.5 0.375 0.625 0.4375
1 0.5625 0.5625 0.6875 0.4375 0.4375 0.875 0.125 0.0625 0.8125 0.5 0.75 0 0.3125 0.4375 0.75 0.5 0.375 0.625 0.0625 0.875 0.875 0.3125 0.5625 0.5 0.6875 0.625 0.9375 0.75 0.6875 0.4375 0.625 0.1875 0.125 0.5 0.6875 0.4375 0.3125 0.9375 0.375 0.9375 0.5 0.3125 0.375 0.5625 0.75 0.8125 0.5625 0.0625 0.625 0.125 0.8125 0.5625 0.3125 0.875 0.5 0.4375 0.125 0.1875 0.75 0 0.625 0.4375 0.9375 0.5 0 0.875 0.625 0.4375 0.625 0.5 0.6875 0.75 0.3125 0.9375 0.5625 0.375 0.25 0.625 0.875 0.25 0.625 0.5 0.6875 0.9375 0.5 0.875 0.5 0.875 0.375 0.4375 0.875 0.4375 0.5625 0.5625 0.375 0.625 0.4375 0.8125 0.5625 0.25 1 0.8125 0.75 0.4375 0.8125 0.3125 0.5625 0 0.625 0.6875 0.25 0.5 0.9375 0.1875 0.6875 0.5625 1 0.5 0.5625 0.875 0.875 0.5 0.9375 0.8125 0.5 0.1875 0.4375 0.1875 0.875 0.5 0.3125 0.375 1 0.6875 0.1875 0.3125 0.6875 0.625 0.875 1 0.5625 0 0.1875 1 0.5625 0.3125 0.625 0.875 0.375 0.8125 0.5625 0.625 0.875 0 0.8125 0.625 0.5 0.625 0 0.6875 0.8125 0 0.625 0.375 0.75 0.5 0.8125
1 0 0.5625 0.375 0.1875 0.6875 0.5 0.1875 0.6875 0.125 0.8125 0.4375 0.3125 0.25 0.3125 0.375 0.625 0.5625 0.6875 0.4375 0.625 0.125 1 0 0.375 0.4375 0.5625 0.625 0.8125 0.6875 0.9375 0.0625 0.5 0.3125 0.9375 0.875 0.3125 0.375 0.75 0.5 0.25 0.75 0.625 0.625 0.625 0.75 0.875 0.8125 0.5625 0.1875 0.625 0.8125 0 0.5625 0.3125 0.4375 0.6875 0.875 0.5625 0.625 0.1875 0.8125 0.5 0.5625 1 0.5 0 0.9375 0.625 0.4375 0.1875 0.0625 0.5625 0.375 0.875 0.9375 0.5625 0.3125 0.625 0.5 0.8125 0.5625 0.6875 0.1875 0.9375 0.6875 0.8125 0.6875 1 0.375 0.625 0.4375 0 0.5 0.3125 0.625 0.1875 0.8125 0.375 0.5625 0.75 0.4375 1 0.9375 0.375 0.5 0.375 0.0625 0.625 0.875 0.5 1 0.3125 0.6875 0.6875 0.5 0.375 0.125 0.75 0.5625 0.3125 0.75 0.125 0.75 0.25 0.5 0.8125 0.9375 0.4375 0 0.8125 0.5 0.5 0.75 0.4375 0.625 0.8125 0.375 0.5625 0.5625 0.1875 0.6875 0.875 0.5 0.375 0.875 0.625 0.75 0.75 0.8125 0.8125 0.3125 0.1875 0.4375 0.0625 0.5625 0.1875 0.4375 0.5625 0.8125 0.3125 0.625 0.25 0.875 0.8125 0.4375 0.1875 1
0.875 0.5 0.8125 0.8125 0.8125 0.4375 0.6875 0.625 0.375 0.375 0.375 0.625 0.625 0.5625 0.5 0.25 0.375 0.5 0.0625 0 0.8125 1 0.4375 0.5625 0.75 0.375 0.5 0.5 0.375 0.5 0.75 0.6875 0.5625 0.625 0.5625 0.25 0.5625 0.4375 0.875 0.1875 0.1875 0.875 0.5625 0.6875 0.5625 0.625 1 0.125 0.4375 0.5625 0.5625 0.4375 0.5625 0.8125 1 0.25 0.5625 0.625 0.5 0.9375 0.875 0.4375 0.625 0.5 0.625 0.5625 0.6875 0.4375 0.1875 0.6875 0.875 0.8125 0.9375 0.4375 0.9375 0.25 0.6875 0.6875 0.5 0.5625 0.4375 1 0.375 0.625 0.4375 0.0625 0.75 0.875 0.625 0.3125 0.9375 0.75 0.625 0.3125 0.6875 0.5625 0.625 0.6875 0.6875 0.625 0.25 0.8125 0.5625 0.1875 0.4375 0.4375 0.4375 0.6875 0.5 0.3125 0.25 0.25 0.75 0.5 1 0 0.5625 0.6875 0.125 0.6875 0.8125 1 0.5 0.25 0.8125 0.25 0.875 0.75 0.625 1 0.4375 0.4375 0.9375 0.375 0.3125 0.5 1 0.875 0.5625 0.125 0.5625 0.3125 0.6875 0.6875 0.8125 0.75 0.625 0.625 0.5625 0.4375 0.5625 0.625 0.8125 0.25 0.6875 0.9375 0.1875 0.1875 0.3125 0.75 0.625 0.625 0.8125 0.3125 1 0.5625 0.0625 0.8125
0.375 0.375 0.6875 0.5625 0.6875 0.5 0.625 0.4375 0.6875 0.9375 0.5 0.375 0.375 0.625 0.5 0.5625 0.8125 0.6875 0.4375 0.8125 0.5625 0.4375 0.8125 0.25 0.8125 0.625 0.4375 0.4375 0.25 0.3125 0.9375 0.75 0.9375 0.75 0.25 0.125 0.375 0.625 0.375 0.25 0 0.4375 0.375 0.5 0.625 0.4375 0.5625 0.5625 0.8125 0.6875 0.5 0.75 0.3125 0.4375 0.75 0.875 0.6875 0.125 0.25 0.0625 1 0.75 0.25 0.5 0.875 0.5625 0.8125 0.5625 1 0.5 0.75 0.25 0.1875 0.625 0.9375 0.75 0.6875 0.5625 0.5 1 0.9375 0.3125 0.1875 0.9375 0.625 0.375 0.0625 0.6875 0.375 0.625 0.4375 0.75 0.75 0.5625 0.625 0.875 0.5 0.875 0.5 0.25 0.6875 0.375 0.75 0.5625 0.75 0.375 0.8125 0.5625 1 0.25 0.6875 0.3125 0.6875 0.75 0.5625 0.25 0.125 0.625 0.6875 0.6875 0.5 0.5 0.875 0.5625 0.6875 0.4375 0.75 0.125 0.875 0.6875 0.75 0.625 1 0.4375 0.6875 0.5625 0.9375 0.375 0.875 0.375 0.875 0.4375 0.9375 0.625 0.8125 0.75 0.6875 0.625 0.125 0.5 0.5 0.6875 0.75 0.875 0.75 0.125 0.0625 0.4375 0.4375 0.5 0.375 0.5625 0.75 0.3125 0.5625 0.6875 0.375 0.625
0.625 0.125 0.625 0.4375 0.25 0.5 0.625 0 0.75 0.875 0.3125 0.25 0.8125 0.25 1 0.875 0.625 0.9375 1 0.5 0.9375 1 0.6875 0.75 0.5 0.6875 1 0.9375 0.5625 0.5 0.3125 0.75 0.3125 0.625 0.625 0.75 0 0.8125 0.8125 0.6875 0.375 0.875 0.5 0.4375 0.6875 0 0.625 0.9375 0.625 0.0625 0 0.6875 0.75 0.5 0.25 0.875 0.6875 0.1875 0.375 0.625 0.25 0.625 0.1875 0.3125 0.4375 0.3125 0.5625 0.1875 1 0.625 0.625 0.1875 0.4375 0.75 0.375 0.625 0.625 0.875 0.5 0.6875 0.625 0.875 0.9375 0.6875 0.0625 0.3125 0.3125 0.6875 0.25 0.375 0 1 0.5625 0.25 0.8125 0.6875 0.75 0.3125 1 0.4375 0.5 0.9375 0.5 0.3125 1 0.5 0.5 0.5625 0.375 0.6875 0.5625 0.625 0.625 0.5625 0.625 0 0.75 0.5 0.3125 0.6875 0.625 1 0.5625 0.125 0.5625 1 0.5 0.75 0.375 0.625 0.875 0.5625 0.5625 0.875 0.875 0.625 0.6875 0 0.75 0.3125 0.25 0.5 0.1875 0.75 1 0.1875 0.875 0.5625 0 0.375 0.6875 0.3125 0.625 0.25 1 0.8125 0.8125 0.875 0.6875 0.5 0.625 0.75 0.8125 0.75 0.3125 0.8125 0.375 0.3125
0.4375 0.0625 0.5625 0.875 0.25 0.6875 0.6875 0.6875 0.625 0.625 0.75 0.8125 0.4375 0.8125 0.625 0.875 0.75 0.5625 0.875 0.125 0.5 0.75 0.75 0.25 0.625 1 0.75 0.5625 0.875 0.5 0.6875 0.5625 0.6875 0.625 0.75 0.5 0.75 0.875 0.6875 1 0.625 0.0625 0.4375 0.5 0.75 0.75 0.125 0.6875 0.4375 0.5 0.4375 0.8125 0.9375 0.6875 0.5 0.25 0.1875 0.25 0.6875 0.5625 0.875 0.8125 0.625 0.6875 0.0625 0.4375 0.25 0.5625 0.625 0.5 0.5625 0.875 0.4375 0.8125 0.125 0.5625 0.875 0.5 1 0.375 0.5 0.75 0.9375 0.625 0.375 0.8125 0.6875 0.6875 0.4375 0.6875 0.6875 0 0.375 1 1 0.375 0.75 0.5 0.5625 0.5 0.5625 0.5625 0.8125 0.4375 0.75 1 0.125 0.3125 0.75 0.6875 0.9375 1 0.375 1 1 0.6875 0.3125 0.5625 0.5 0.9375 0.8125 0.6875 0.5 0.5625 0.75 0.5 0.4375 1 0.6875 0.3125 0.875 0.4375 0.6875 0.625 0.5625 0.375 0.375 0.5 0.5 0.5 0.9375 0.75 0.5 0.875 0.4375 0.4375 0.9375 0.25 0.625 0.5625 0 0.625 0.9375 0.625 0.6875 0.375 0.875 0.5625 0.6875 0.5 0.6875 0.8125 0.5 1 0.625 0.5625 0.4375 0.6875
0.8125 0.5625 0.5 0.75 0.4375 0 0.625 0.625 0.375 0.25 0.6875 0.875 0.1875 0.625 0.875 0.125 0.125 0 0.5625 0.75 0.625 0.3125 0.125 0 0.75 0.75 0.3125 0.625 0.5 0.625 0.625 0.875 0.5 0.5 1 0.8125 0.5 0.75 0.5 0.5 0.9375 0.75 0.5625 0.125 0.375 0.75 0.875 0 0 0.625 0.75 0 0.5 0.75 0.3125 0.4375 0.5625 0.5625 0.9375 0.6875 0 0.75 0.625 0 0.5 0.875 0.5625 0.1875 0.6875 0.875 0.375 0.3125 0.6875 0.875 1 0.5625 0.3125 0.8125 0.6875 0.8125 0.8125 0.4375 1 0.9375 0.625 0.4375 0.5625 0.125 0.6875 0.25 0.4375 0.1875 0.8125 0.375 0.4375 0.125 0.8125 0.5 0.5625 0.4375 0.875 0.125 0.625 0.8125 0.3125 0.875 0.875 0.6875 0.5625 1 0.5625 0.3125 0.5625 0.75 0.4375 0.75 0.4375 1 0.5625 0.375 0.375 1 0.3125 0.25 0.25 0.5 1 1 0.625 0.5 0.5 0.625 0.75 0.375 0.5 0.5625 0.6875 0.8125 0.375 0.5625 0.5 0.6875 0.8125 0.875 0.75 0.625 0.875 0.125 0.0625 0.625 0.75 0.9375 0.5625 0.875 0.1875 0.5 0.6875 1 0.8125 0.5625 0.5 0.4375 0 0.25 1 0.75 0.5625 0.5
1
2
3
3
3
3
3
2
2
4
2
3
2
2
4
4
