sí mejoró -3.192  GRASP elapsedtime 0.1625809669494629
[[0, 0], [0, 0], [0, 3], [0, 0], [0, 0], [3, 0], [1, 0], [0, 0], [2, 3], [0, 0], [0, 0], [0, 0], [0, 0], [0, 0], [0, 0], [0, 0]]
no mejoró -3.192 en initial L 2 con j = 0 localsearch 1 LS1 elapsedtime 0.3315927982330322
[[0, 3], [0, 0], [0, 0], [0, 0], [0, 0], [3, 0], [1, 0], [0, 0], [2, 3], [0, 0], [0, 0], [0, 0], [0, 0], [0, 0], [0, 0], [0, 0]]
no mejoró -3.192 en initial L 2 con j = 1 localsearch 1 LS1 elapsedtime 0.5198936462402344
[[0, 0], [0, 3], [0, 0], [0, 0], [0, 0], [3, 0], [1, 0], [0, 0], [2, 3], [0, 0], [0, 0], [0, 0], [0, 0], [0, 0], [0, 0], [0, 0]]
no mejoró -3.192 en initial L 2 con j = 3 localsearch 1 LS1 elapsedtime 0.8895506858825684
[[0, 0], [0, 0], [0, 0], [0, 3], [0, 0], [3, 0], [1, 0], [0, 0], [2, 3], [0, 0], [0, 0], [0, 0], [0, 0], [0, 0], [0, 0], [0, 0]]
no mejoró -3.192 en initial L 2 con j = 4 localsearch 1 LS1 elapsedtime 1.0938935279846191
[[0, 0], [0, 0], [0, 0], [0, 0], [0, 3], [3, 0], [1, 0], [0, 0], [2, 3], [0, 0], [0, 0], [0, 0], [0, 0], [0, 0], [0, 0], [0, 0]]
no mejoró -3.192 en initial L 2 con j = 7 localsearch 1 LS1 elapsedtime 1.2625524997711182
[[0, 0], [0, 0], [0, 0], [0, 0], [0, 0], [3, 0], [1, 0], [0, 3], [2, 3], [0, 0], [0, 0], [0, 0], [0, 0], [0, 0], [0, 0], [0, 0]]
no mejoró -3.192 en initial L 2 con j = 9 localsearch 1 LS1 elapsedtime 1.4415454864501953
[[0, 0], [0, 0], [0, 0], [0, 0], [0, 0], [3, 0], [1, 0], [0, 0], [2, 3], [0, 3], [0, 0], [0, 0], [0, 0], [0, 0], [0, 0], [0, 0]]
no mejoró -3.192 en initial L 2 con j = 10 localsearch 1 LS1 elapsedtime 1.6236765384674072
[[0, 0], [0, 0], [0, 0], [0, 0], [0, 0], [3, 0], [1, 0], [0, 0], [2, 3], [0, 0], [0, 3], [0, 0], [0, 0], [0, 0], [0, 0], [0, 0]]
no mejoró -3.192 en initial L 2 con j = 11 localsearch 1 LS1 elapsedtime 1.8215374946594238
[[0, 0], [0, 0], [0, 0], [0, 0], [0, 0], [3, 0], [1, 0], [0, 0], [2, 3], [0, 0], [0, 0], [0, 3], [0, 0], [0, 0], [0, 0], [0, 0]]
no mejoró -3.192 en initial L 2 con j = 12 localsearch 1 LS1 elapsedtime 2.0238497257232666
[[0, 0], [0, 0], [0, 0], [0, 0], [0, 0], [3, 0], [1, 0], [0, 0], [2, 3], [0, 0], [0, 0], [0, 0], [0, 3], [0, 0], [0, 0], [0, 0]]
no mejoró -3.192 en initial L 2 con j = 13 localsearch 1 LS1 elapsedtime 2.209667682647705
[[0, 0], [0, 0], [0, 0], [0, 0], [0, 0], [3, 0], [1, 0], [0, 0], [2, 3], [0, 0], [0, 0], [0, 0], [0, 0], [0, 3], [0, 0], [0, 0]]
no mejoró -3.192 en initial L 2 con j = 14 localsearch 1 LS1 elapsedtime 2.380915641784668
[[0, 0], [0, 0], [0, 0], [0, 0], [0, 0], [3, 0], [1, 0], [0, 0], [2, 3], [0, 0], [0, 0], [0, 0], [0, 0], [0, 0], [0, 3], [0, 0]]
sí mejoró -2.6585 en initial L 2 con j = 15 localsearch 1  LS1 elapsedtime 2.552290678024292
[[0, 0], [0, 0], [0, 0], [0, 0], [0, 0], [3, 0], [1, 0], [0, 0], [2, 3], [0, 0], [0, 0], [0, 0], [0, 0], [0, 0], [0, 0], [0, 3]]
no mejoró -2.6585 en initial L 5 con j = 0 localsearch 1 LS1 elapsedtime 2.7156805992126465
[[3, 0], [0, 0], [0, 0], [0, 0], [0, 0], [0, 0], [1, 0], [0, 0], [2, 3], [0, 0], [0, 0], [0, 0], [0, 0], [0, 0], [0, 0], [0, 3]]
no mejoró -2.6585 en initial L 5 con j = 1 localsearch 1 LS1 elapsedtime 2.92518949508667
[[0, 0], [3, 0], [0, 0], [0, 0], [0, 0], [0, 0], [1, 0], [0, 0], [2, 3], [0, 0], [0, 0], [0, 0], [0, 0], [0, 0], [0, 0], [0, 3]]
no mejoró -2.6585 en initial L 5 con j = 2 localsearch 1 LS1 elapsedtime 3.252089500427246
[[0, 0], [0, 0], [3, 0], [0, 0], [0, 0], [0, 0], [1, 0], [0, 0], [2, 3], [0, 0], [0, 0], [0, 0], [0, 0], [0, 0], [0, 0], [0, 3]]
no mejoró -2.6585 en initial L 5 con j = 3 localsearch 1 LS1 elapsedtime 3.4829821586608887
[[0, 0], [0, 0], [0, 0], [3, 0], [0, 0], [0, 0], [1, 0], [0, 0], [2, 3], [0, 0], [0, 0], [0, 0], [0, 0], [0, 0], [0, 0], [0, 3]]
no mejoró -2.6585 en initial L 5 con j = 4 localsearch 1 LS1 elapsedtime 3.700822114944458
[[0, 0], [0, 0], [0, 0], [0, 0], [3, 0], [0, 0], [1, 0], [0, 0], [2, 3], [0, 0], [0, 0], [0, 0], [0, 0], [0, 0], [0, 0], [0, 3]]
no mejoró -2.6585 en initial L 5 con j = 7 localsearch 1 LS1 elapsedtime 3.916351079940796
[[0, 0], [0, 0], [0, 0], [0, 0], [0, 0], [0, 0], [1, 0], [3, 0], [2, 3], [0, 0], [0, 0], [0, 0], [0, 0], [0, 0], [0, 0], [0, 3]]
no mejoró -2.6585 en initial L 5 con j = 9 localsearch 1 LS1 elapsedtime 4.096911191940308
[[0, 0], [0, 0], [0, 0], [0, 0], [0, 0], [0, 0], [1, 0], [0, 0], [2, 3], [3, 0], [0, 0], [0, 0], [0, 0], [0, 0], [0, 0], [0, 3]]
no mejoró -2.6585 en initial L 5 con j = 10 localsearch 1 LS1 elapsedtime 4.266843318939209
[[0, 0], [0, 0], [0, 0], [0, 0], [0, 0], [0, 0], [1, 0], [0, 0], [2, 3], [0, 0], [3, 0], [0, 0], [0, 0], [0, 0], [0, 0], [0, 3]]
no mejoró -2.6585 en initial L 5 con j = 11 localsearch 1 LS1 elapsedtime 4.43856143951416
[[0, 0], [0, 0], [0, 0], [0, 0], [0, 0], [0, 0], [1, 0], [0, 0], [2, 3], [0, 0], [0, 0], [3, 0], [0, 0], [0, 0], [0, 0], [0, 3]]
no mejoró -2.6585 en initial L 5 con j = 12 localsearch 1 LS1 elapsedtime 4.6277875900268555
[[0, 0], [0, 0], [0, 0], [0, 0], [0, 0], [0, 0], [1, 0], [0, 0], [2, 3], [0, 0], [0, 0], [0, 0], [3, 0], [0, 0], [0, 0], [0, 3]]
no mejoró -2.6585 en initial L 5 con j = 13 localsearch 1 LS1 elapsedtime 4.822936534881592
[[0, 0], [0, 0], [0, 0], [0, 0], [0, 0], [0, 0], [1, 0], [0, 0], [2, 3], [0, 0], [0, 0], [0, 0], [0, 0], [3, 0], [0, 0], [0, 3]]
no mejoró -2.6585 en initial L 5 con j = 14 localsearch 1 LS1 elapsedtime 5.016965389251709
[[0, 0], [0, 0], [0, 0], [0, 0], [0, 0], [0, 0], [1, 0], [0, 0], [2, 3], [0, 0], [0, 0], [0, 0], [0, 0], [0, 0], [3, 0], [0, 3]]
no mejoró -2.6585 en initial L 6 con j = 0 localsearch 1 LS1 elapsedtime 5.18973445892334
[[1, 0], [0, 0], [0, 0], [0, 0], [0, 0], [3, 0], [0, 0], [0, 0], [2, 3], [0, 0], [0, 0], [0, 0], [0, 0], [0, 0], [0, 0], [0, 3]]
no mejoró -2.6585 en initial L 6 con j = 1 localsearch 1 LS1 elapsedtime 5.3670265674591064
[[0, 0], [1, 0], [0, 0], [0, 0], [0, 0], [3, 0], [0, 0], [0, 0], [2, 3], [0, 0], [0, 0], [0, 0], [0, 0], [0, 0], [0, 0], [0, 3]]
no mejoró -2.6585 en initial L 6 con j = 2 localsearch 1 LS1 elapsedtime 5.538218259811401
[[0, 0], [0, 0], [1, 0], [0, 0], [0, 0], [3, 0], [0, 0], [0, 0], [2, 3], [0, 0], [0, 0], [0, 0], [0, 0], [0, 0], [0, 0], [0, 3]]
no mejoró -2.6585 en initial L 6 con j = 3 localsearch 1 LS1 elapsedtime 5.708048343658447
[[0, 0], [0, 0], [0, 0], [1, 0], [0, 0], [3, 0], [0, 0], [0, 0], [2, 3], [0, 0], [0, 0], [0, 0], [0, 0], [0, 0], [0, 0], [0, 3]]
no mejoró -2.6585 en initial L 6 con j = 4 localsearch 1 LS1 elapsedtime 6.005444288253784
[[0, 0], [0, 0], [0, 0], [0, 0], [1, 0], [3, 0], [0, 0], [0, 0], [2, 3], [0, 0], [0, 0], [0, 0], [0, 0], [0, 0], [0, 0], [0, 3]]
no mejoró -2.6585 en initial L 6 con j = 7 localsearch 1 LS1 elapsedtime 6.179738283157349
[[0, 0], [0, 0], [0, 0], [0, 0], [0, 0], [3, 0], [0, 0], [1, 0], [2, 3], [0, 0], [0, 0], [0, 0], [0, 0], [0, 0], [0, 0], [0, 3]]
no mejoró -2.6585 en initial L 6 con j = 9 localsearch 1 LS1 elapsedtime 6.389581203460693
[[0, 0], [0, 0], [0, 0], [0, 0], [0, 0], [3, 0], [0, 0], [0, 0], [2, 3], [1, 0], [0, 0], [0, 0], [0, 0], [0, 0], [0, 0], [0, 3]]
no mejoró -2.6585 en initial L 6 con j = 10 localsearch 1 LS1 elapsedtime 6.5747761726379395
[[0, 0], [0, 0], [0, 0], [0, 0], [0, 0], [3, 0], [0, 0], [0, 0], [2, 3], [0, 0], [1, 0], [0, 0], [0, 0], [0, 0], [0, 0], [0, 3]]
no mejoró -2.6585 en initial L 6 con j = 11 localsearch 1 LS1 elapsedtime 6.735257148742676
[[0, 0], [0, 0], [0, 0], [0, 0], [0, 0], [3, 0], [0, 0], [0, 0], [2, 3], [0, 0], [0, 0], [1, 0], [0, 0], [0, 0], [0, 0], [0, 3]]
no mejoró -2.6585 en initial L 6 con j = 12 localsearch 1 LS1 elapsedtime 6.8991100788116455
[[0, 0], [0, 0], [0, 0], [0, 0], [0, 0], [3, 0], [0, 0], [0, 0], [2, 3], [0, 0], [0, 0], [0, 0], [1, 0], [0, 0], [0, 0], [0, 3]]
no mejoró -2.6585 en initial L 6 con j = 13 localsearch 1 LS1 elapsedtime 7.10374116897583
[[0, 0], [0, 0], [0, 0], [0, 0], [0, 0], [3, 0], [0, 0], [0, 0], [2, 3], [0, 0], [0, 0], [0, 0], [0, 0], [1, 0], [0, 0], [0, 3]]
no mejoró -2.6585 en initial L 6 con j = 14 localsearch 1 LS1 elapsedtime 7.274566173553467
[[0, 0], [0, 0], [0, 0], [0, 0], [0, 0], [3, 0], [0, 0], [0, 0], [2, 3], [0, 0], [0, 0], [0, 0], [0, 0], [0, 0], [1, 0], [0, 3]]
no mejoró -2.6585 en initial L 8 con j = 0 localsearch 1 LS1 elapsedtime 7.46245813369751
[[2, 3], [0, 0], [0, 0], [0, 0], [0, 0], [3, 0], [1, 0], [0, 0], [0, 0], [0, 0], [0, 0], [0, 0], [0, 0], [0, 0], [0, 0], [0, 3]]
no mejoró -2.6585 en initial L 8 con j = 1 localsearch 1 LS1 elapsedtime 7.6335532665252686
[[0, 0], [2, 3], [0, 0], [0, 0], [0, 0], [3, 0], [1, 0], [0, 0], [0, 0], [0, 0], [0, 0], [0, 0], [0, 0], [0, 0], [0, 0], [0, 3]]
no mejoró -2.6585 en initial L 8 con j = 2 localsearch 1 LS1 elapsedtime 7.814441442489624
[[0, 0], [0, 0], [2, 3], [0, 0], [0, 0], [3, 0], [1, 0], [0, 0], [0, 0], [0, 0], [0, 0], [0, 0], [0, 0], [0, 0], [0, 0], [0, 3]]
no mejoró -2.6585 en initial L 8 con j = 3 localsearch 1 LS1 elapsedtime 7.988702297210693
[[0, 0], [0, 0], [0, 0], [2, 3], [0, 0], [3, 0], [1, 0], [0, 0], [0, 0], [0, 0], [0, 0], [0, 0], [0, 0], [0, 0], [0, 0], [0, 3]]
no mejoró -2.6585 en initial L 8 con j = 4 localsearch 1 LS1 elapsedtime 8.16167426109314
[[0, 0], [0, 0], [0, 0], [0, 0], [2, 3], [3, 0], [1, 0], [0, 0], [0, 0], [0, 0], [0, 0], [0, 0], [0, 0], [0, 0], [0, 0], [0, 3]]
no mejoró -2.6585 en initial L 8 con j = 7 localsearch 1 LS1 elapsedtime 8.446516275405884
[[0, 0], [0, 0], [0, 0], [0, 0], [0, 0], [3, 0], [1, 0], [2, 3], [0, 0], [0, 0], [0, 0], [0, 0], [0, 0], [0, 0], [0, 0], [0, 3]]
no mejoró -2.6585 en initial L 8 con j = 9 localsearch 1 LS1 elapsedtime 8.613445520401001
[[0, 0], [0, 0], [0, 0], [0, 0], [0, 0], [3, 0], [1, 0], [0, 0], [0, 0], [2, 3], [0, 0], [0, 0], [0, 0], [0, 0], [0, 0], [0, 3]]
no mejoró -2.6585 en initial L 8 con j = 10 localsearch 1 LS1 elapsedtime 8.775654554367065
[[0, 0], [0, 0], [0, 0], [0, 0], [0, 0], [3, 0], [1, 0], [0, 0], [0, 0], [0, 0], [2, 3], [0, 0], [0, 0], [0, 0], [0, 0], [0, 3]]
no mejoró -2.6585 en initial L 8 con j = 11 localsearch 1 LS1 elapsedtime 8.933202505111694
[[0, 0], [0, 0], [0, 0], [0, 0], [0, 0], [3, 0], [1, 0], [0, 0], [0, 0], [0, 0], [0, 0], [2, 3], [0, 0], [0, 0], [0, 0], [0, 3]]
no mejoró -2.6585 en initial L 8 con j = 12 localsearch 1 LS1 elapsedtime 9.094849824905396
[[0, 0], [0, 0], [0, 0], [0, 0], [0, 0], [3, 0], [1, 0], [0, 0], [0, 0], [0, 0], [0, 0], [0, 0], [2, 3], [0, 0], [0, 0], [0, 3]]
no mejoró -2.6585 en initial L 8 con j = 13 localsearch 1 LS1 elapsedtime 9.253100872039795
[[0, 0], [0, 0], [0, 0], [0, 0], [0, 0], [3, 0], [1, 0], [0, 0], [0, 0], [0, 0], [0, 0], [0, 0], [0, 0], [2, 3], [0, 0], [0, 3]]
sí mejoró -2.2965 en initial L 8 con j = 14 localsearch 1  LS1 elapsedtime 9.404995918273926
[[0, 0], [0, 0], [0, 0], [0, 0], [0, 0], [3, 0], [1, 0], [0, 0], [0, 0], [0, 0], [0, 0], [0, 0], [0, 0], [0, 0], [2, 3], [0, 3]]
no mejoró -2.6585 en initial L 14 con j = 0 localsearch 1 LS1 elapsedtime 9.563973903656006
[[2, 3], [0, 0], [0, 0], [0, 0], [0, 0], [3, 0], [1, 0], [0, 0], [0, 0], [0, 0], [0, 0], [0, 0], [0, 0], [0, 0], [0, 0], [0, 3]]
no mejoró -2.6585 en initial L 14 con j = 1 localsearch 1 LS1 elapsedtime 9.731373071670532
[[0, 0], [2, 3], [0, 0], [0, 0], [0, 0], [3, 0], [1, 0], [0, 0], [0, 0], [0, 0], [0, 0], [0, 0], [0, 0], [0, 0], [0, 0], [0, 3]]
no mejoró -2.6585 en initial L 14 con j = 2 localsearch 1 LS1 elapsedtime 9.896055936813354
[[0, 0], [0, 0], [2, 3], [0, 0], [0, 0], [3, 0], [1, 0], [0, 0], [0, 0], [0, 0], [0, 0], [0, 0], [0, 0], [0, 0], [0, 0], [0, 3]]
no mejoró -2.6585 en initial L 14 con j = 3 localsearch 1 LS1 elapsedtime 10.083147048950195
[[0, 0], [0, 0], [0, 0], [2, 3], [0, 0], [3, 0], [1, 0], [0, 0], [0, 0], [0, 0], [0, 0], [0, 0], [0, 0], [0, 0], [0, 0], [0, 3]]
no mejoró -2.6585 en initial L 14 con j = 4 localsearch 1 LS1 elapsedtime 10.267603158950806
[[0, 0], [0, 0], [0, 0], [0, 0], [2, 3], [3, 0], [1, 0], [0, 0], [0, 0], [0, 0], [0, 0], [0, 0], [0, 0], [0, 0], [0, 0], [0, 3]]
no mejoró -2.6585 en initial L 14 con j = 7 localsearch 1 LS1 elapsedtime 10.435786247253418
[[0, 0], [0, 0], [0, 0], [0, 0], [0, 0], [3, 0], [1, 0], [2, 3], [0, 0], [0, 0], [0, 0], [0, 0], [0, 0], [0, 0], [0, 0], [0, 3]]
no mejoró -2.6585 en initial L 14 con j = 8 localsearch 1 LS1 elapsedtime 10.608564138412476
[[0, 0], [0, 0], [0, 0], [0, 0], [0, 0], [3, 0], [1, 0], [0, 0], [2, 3], [0, 0], [0, 0], [0, 0], [0, 0], [0, 0], [0, 0], [0, 3]]
no mejoró -2.6585 en initial L 14 con j = 9 localsearch 1 LS1 elapsedtime 10.884283065795898
[[0, 0], [0, 0], [0, 0], [0, 0], [0, 0], [3, 0], [1, 0], [0, 0], [0, 0], [2, 3], [0, 0], [0, 0], [0, 0], [0, 0], [0, 0], [0, 3]]
no mejoró -2.6585 en initial L 14 con j = 10 localsearch 1 LS1 elapsedtime 11.04231309890747
[[0, 0], [0, 0], [0, 0], [0, 0], [0, 0], [3, 0], [1, 0], [0, 0], [0, 0], [0, 0], [2, 3], [0, 0], [0, 0], [0, 0], [0, 0], [0, 3]]
no mejoró -2.6585 en initial L 14 con j = 11 localsearch 1 LS1 elapsedtime 11.211153984069824
[[0, 0], [0, 0], [0, 0], [0, 0], [0, 0], [3, 0], [1, 0], [0, 0], [0, 0], [0, 0], [0, 0], [2, 3], [0, 0], [0, 0], [0, 0], [0, 3]]
no mejoró -2.6585 en initial L 14 con j = 12 localsearch 1 LS1 elapsedtime 11.366220951080322
[[0, 0], [0, 0], [0, 0], [0, 0], [0, 0], [3, 0], [1, 0], [0, 0], [0, 0], [0, 0], [0, 0], [0, 0], [2, 3], [0, 0], [0, 0], [0, 3]]
no mejoró -2.6585 en initial L 14 con j = 13 localsearch 1 LS1 elapsedtime 11.524027109146118
[[0, 0], [0, 0], [0, 0], [0, 0], [0, 0], [3, 0], [1, 0], [0, 0], [0, 0], [0, 0], [0, 0], [0, 0], [0, 0], [2, 3], [0, 0], [0, 3]]
no mejoró -3.192 en initial L 15 con j = 0 localsearch 1 LS1 elapsedtime 11.690528154373169
[[0, 3], [0, 0], [0, 0], [0, 0], [0, 0], [3, 0], [1, 0], [0, 0], [0, 0], [0, 0], [0, 0], [0, 0], [0, 0], [0, 0], [2, 3], [0, 0]]
no mejoró -3.192 en initial L 15 con j = 1 localsearch 1 LS1 elapsedtime 11.853332042694092
[[0, 0], [0, 3], [0, 0], [0, 0], [0, 0], [3, 0], [1, 0], [0, 0], [0, 0], [0, 0], [0, 0], [0, 0], [0, 0], [0, 0], [2, 3], [0, 0]]
no mejoró -3.192 en initial L 15 con j = 2 localsearch 1 LS1 elapsedtime 12.026161909103394
[[0, 0], [0, 0], [0, 3], [0, 0], [0, 0], [3, 0], [1, 0], [0, 0], [0, 0], [0, 0], [0, 0], [0, 0], [0, 0], [0, 0], [2, 3], [0, 0]]
no mejoró -3.192 en initial L 15 con j = 3 localsearch 1 LS1 elapsedtime 12.186321020126343
[[0, 0], [0, 0], [0, 0], [0, 3], [0, 0], [3, 0], [1, 0], [0, 0], [0, 0], [0, 0], [0, 0], [0, 0], [0, 0], [0, 0], [2, 3], [0, 0]]
no mejoró -3.192 en initial L 15 con j = 4 localsearch 1 LS1 elapsedtime 12.380367994308472
[[0, 0], [0, 0], [0, 0], [0, 0], [0, 3], [3, 0], [1, 0], [0, 0], [0, 0], [0, 0], [0, 0], [0, 0], [0, 0], [0, 0], [2, 3], [0, 0]]
no mejoró -3.192 en initial L 15 con j = 7 localsearch 1 LS1 elapsedtime 12.636219024658203
[[0, 0], [0, 0], [0, 0], [0, 0], [0, 0], [3, 0], [1, 0], [0, 3], [0, 0], [0, 0], [0, 0], [0, 0], [0, 0], [0, 0], [2, 3], [0, 0]]
no mejoró -3.192 en initial L 15 con j = 8 localsearch 1 LS1 elapsedtime 12.825835227966309
[[0, 0], [0, 0], [0, 0], [0, 0], [0, 0], [3, 0], [1, 0], [0, 0], [0, 3], [0, 0], [0, 0], [0, 0], [0, 0], [0, 0], [2, 3], [0, 0]]
no mejoró -3.192 en initial L 15 con j = 9 localsearch 1 LS1 elapsedtime 12.999766111373901
[[0, 0], [0, 0], [0, 0], [0, 0], [0, 0], [3, 0], [1, 0], [0, 0], [0, 0], [0, 3], [0, 0], [0, 0], [0, 0], [0, 0], [2, 3], [0, 0]]
no mejoró -3.192 en initial L 15 con j = 10 localsearch 1 LS1 elapsedtime 13.281602144241333
[[0, 0], [0, 0], [0, 0], [0, 0], [0, 0], [3, 0], [1, 0], [0, 0], [0, 0], [0, 0], [0, 3], [0, 0], [0, 0], [0, 0], [2, 3], [0, 0]]
no mejoró -3.192 en initial L 15 con j = 11 localsearch 1 LS1 elapsedtime 13.436064004898071
[[0, 0], [0, 0], [0, 0], [0, 0], [0, 0], [3, 0], [1, 0], [0, 0], [0, 0], [0, 0], [0, 0], [0, 3], [0, 0], [0, 0], [2, 3], [0, 0]]
no mejoró -3.192 en initial L 15 con j = 12 localsearch 1 LS1 elapsedtime 13.594842910766602
[[0, 0], [0, 0], [0, 0], [0, 0], [0, 0], [3, 0], [1, 0], [0, 0], [0, 0], [0, 0], [0, 0], [0, 0], [0, 3], [0, 0], [2, 3], [0, 0]]
no mejoró -3.192 en initial L 15 con j = 13 localsearch 1 LS1 elapsedtime 13.751615047454834
[[0, 0], [0, 0], [0, 0], [0, 0], [0, 0], [3, 0], [1, 0], [0, 0], [0, 0], [0, 0], [0, 0], [0, 0], [0, 0], [0, 3], [2, 3], [0, 0]]
no mejoró -2.2965 en initial L 5 con j = 6 localsearch 1 LS2 elapsedtime 13.920166254043579
[[0, 0], [0, 0], [0, 0], [0, 0], [0, 0], [2, 0], [2, 0], [0, 0], [0, 0], [0, 0], [0, 0], [0, 0], [0, 0], [0, 0], [2, 3], [0, 3]]
no mejoró -2.2965 en initial L 5 con j = 14 localsearch 1 LS2 elapsedtime 14.086014032363892
[[0, 0], [0, 0], [0, 0], [0, 0], [0, 0], [2, 0], [1, 0], [0, 0], [0, 0], [0, 0], [0, 0], [0, 0], [0, 0], [0, 0], [3, 3], [0, 3]]
sí mejoró -1.7415 en initial L 5 con j = 15 localsearch 1 LS2 elapsedtime 14.262423276901245
[[0, 0], [0, 0], [0, 0], [0, 0], [0, 0], [2, 0], [1, 0], [0, 0], [0, 0], [0, 0], [0, 0], [0, 0], [0, 0], [0, 0], [2, 3], [1, 3]]
no mejoró -1.7415 en initial L 6 con j = 5 localsearch 1 LS2 elapsedtime 14.434955358505249
[[0, 0], [0, 0], [0, 0], [0, 0], [0, 0], [2, 0], [1, 0], [0, 0], [0, 0], [0, 0], [0, 0], [0, 0], [0, 0], [0, 0], [2, 3], [1, 3]]
no mejoró -1.7415 en initial L 6 con j = 14 localsearch 1 LS2 elapsedtime 14.60082745552063
[[0, 0], [0, 0], [0, 0], [0, 0], [0, 0], [2, 0], [1, 0], [0, 0], [0, 0], [0, 0], [0, 0], [0, 0], [0, 0], [0, 0], [2, 3], [1, 3]]
no mejoró -1.7415 en initial L 6 con j = 15 localsearch 1 LS2 elapsedtime 14.78066110610962
[[0, 0], [0, 0], [0, 0], [0, 0], [0, 0], [2, 0], [1, 0], [0, 0], [0, 0], [0, 0], [0, 0], [0, 0], [0, 0], [0, 0], [2, 3], [1, 3]]
no mejoró -1.8225 en initial L 14 con j = 5 localsearch 1 LS2 elapsedtime 14.983896255493164
[[0, 0], [0, 0], [0, 0], [0, 0], [0, 0], [3, 1], [1, 0], [0, 0], [0, 0], [0, 0], [0, 0], [0, 0], [0, 0], [0, 0], [1, 2], [1, 3]]
no mejoró -1.8225 en initial L 14 con j = 6 localsearch 1 LS2 elapsedtime 15.182275295257568
[[0, 0], [0, 0], [0, 0], [0, 0], [0, 0], [2, 0], [2, 1], [0, 0], [0, 0], [0, 0], [0, 0], [0, 0], [0, 0], [0, 0], [1, 2], [1, 3]]
sí mejoró -1.308 en initial L 14 con j = 15 localsearch 1 LS2 elapsedtime 15.379263162612915
[[0, 0], [0, 0], [0, 0], [0, 0], [0, 0], [2, 0], [1, 0], [0, 0], [0, 0], [0, 0], [0, 0], [0, 0], [0, 0], [0, 0], [1, 2], [2, 4]]
no mejoró -1.893 en initial L 15 con j = 5 localsearch 1 LS2 elapsedtime 15.578068017959595
[[0, 0], [0, 0], [0, 0], [0, 0], [0, 0], [3, 2], [1, 0], [0, 0], [0, 0], [0, 0], [0, 0], [0, 0], [0, 0], [0, 0], [1, 2], [1, 2]]
no mejoró -1.893 en initial L 15 con j = 6 localsearch 1 LS2 elapsedtime 15.875921964645386
[[0, 0], [0, 0], [0, 0], [0, 0], [0, 0], [2, 0], [2, 2], [0, 0], [0, 0], [0, 0], [0, 0], [0, 0], [0, 0], [0, 0], [1, 2], [1, 2]]
no mejoró -1.893 en initial L 15 con j = 14 localsearch 1 LS2 elapsedtime 16.040506839752197
[[0, 0], [0, 0], [0, 0], [0, 0], [0, 0], [2, 0], [1, 0], [0, 0], [0, 0], [0, 0], [0, 0], [0, 0], [0, 0], [0, 0], [2, 4], [1, 2]]
no mejoró -1.308 en initial L 5 con j = 0 localsearch 1 LS3 elapsedtime 16.219094038009644
[[1, 0], [0, 0], [0, 0], [0, 0], [0, 0], [1, 0], [1, 0], [0, 0], [0, 0], [0, 0], [0, 0], [0, 0], [0, 0], [0, 0], [1, 2], [2, 4]]
no mejoró -1.308 en initial L 5 con j = 1 localsearch 1 LS3 elapsedtime 16.396798849105835
[[0, 0], [1, 0], [0, 0], [0, 0], [0, 0], [1, 0], [1, 0], [0, 0], [0, 0], [0, 0], [0, 0], [0, 0], [0, 0], [0, 0], [1, 2], [2, 4]]
no mejoró -1.308 en initial L 5 con j = 2 localsearch 1 LS3 elapsedtime 16.57397198677063
[[0, 0], [0, 0], [1, 0], [0, 0], [0, 0], [1, 0], [1, 0], [0, 0], [0, 0], [0, 0], [0, 0], [0, 0], [0, 0], [0, 0], [1, 2], [2, 4]]
no mejoró -1.308 en initial L 5 con j = 3 localsearch 1 LS3 elapsedtime 16.75663709640503
[[0, 0], [0, 0], [0, 0], [1, 0], [0, 0], [1, 0], [1, 0], [0, 0], [0, 0], [0, 0], [0, 0], [0, 0], [0, 0], [0, 0], [1, 2], [2, 4]]
no mejoró -1.308 en initial L 5 con j = 4 localsearch 1 LS3 elapsedtime 16.9457848072052
[[0, 0], [0, 0], [0, 0], [0, 0], [1, 0], [1, 0], [1, 0], [0, 0], [0, 0], [0, 0], [0, 0], [0, 0], [0, 0], [0, 0], [1, 2], [2, 4]]
no mejoró -1.308 en initial L 5 con j = 7 localsearch 1 LS3 elapsedtime 17.130314826965332
[[0, 0], [0, 0], [0, 0], [0, 0], [0, 0], [1, 0], [1, 0], [1, 0], [0, 0], [0, 0], [0, 0], [0, 0], [0, 0], [0, 0], [1, 2], [2, 4]]
no mejoró -1.308 en initial L 5 con j = 8 localsearch 1 LS3 elapsedtime 17.314330101013184
[[0, 0], [0, 0], [0, 0], [0, 0], [0, 0], [1, 0], [1, 0], [0, 0], [1, 0], [0, 0], [0, 0], [0, 0], [0, 0], [0, 0], [1, 2], [2, 4]]
no mejoró -1.308 en initial L 5 con j = 9 localsearch 1 LS3 elapsedtime 17.5295352935791
[[0, 0], [0, 0], [0, 0], [0, 0], [0, 0], [1, 0], [1, 0], [0, 0], [0, 0], [1, 0], [0, 0], [0, 0], [0, 0], [0, 0], [1, 2], [2, 4]]
no mejoró -1.308 en initial L 5 con j = 10 localsearch 1 LS3 elapsedtime 17.71433138847351
[[0, 0], [0, 0], [0, 0], [0, 0], [0, 0], [1, 0], [1, 0], [0, 0], [0, 0], [0, 0], [1, 0], [0, 0], [0, 0], [0, 0], [1, 2], [2, 4]]
no mejoró -1.308 en initial L 5 con j = 11 localsearch 1 LS3 elapsedtime 17.889193534851074
[[0, 0], [0, 0], [0, 0], [0, 0], [0, 0], [1, 0], [1, 0], [0, 0], [0, 0], [0, 0], [0, 0], [1, 0], [0, 0], [0, 0], [1, 2], [2, 4]]
no mejoró -1.308 en initial L 5 con j = 12 localsearch 1 LS3 elapsedtime 18.06865382194519
[[0, 0], [0, 0], [0, 0], [0, 0], [0, 0], [1, 0], [1, 0], [0, 0], [0, 0], [0, 0], [0, 0], [0, 0], [1, 0], [0, 0], [1, 2], [2, 4]]
sí mejoró -1.0375 en initial L 5 con j = 13 localsearch 1 LS3 elapsedtime 18.365903615951538
[[0, 0], [0, 0], [0, 0], [0, 0], [0, 0], [1, 0], [1, 0], [0, 0], [0, 0], [0, 0], [0, 0], [0, 0], [0, 0], [1, 0], [1, 2], [2, 4]]
no mejoró -1.0375 en initial L 6 con j = 0 localsearch 1 LS3 elapsedtime 18.54694652557373
[[0, 0], [0, 0], [0, 0], [0, 0], [0, 0], [1, 0], [1, 0], [0, 0], [0, 0], [0, 0], [0, 0], [0, 0], [0, 0], [1, 0], [1, 2], [2, 4]]
no mejoró -1.0375 en initial L 6 con j = 1 localsearch 1 LS3 elapsedtime 18.721644639968872
[[0, 0], [0, 0], [0, 0], [0, 0], [0, 0], [1, 0], [1, 0], [0, 0], [0, 0], [0, 0], [0, 0], [0, 0], [0, 0], [1, 0], [1, 2], [2, 4]]
no mejoró -1.0375 en initial L 6 con j = 2 localsearch 1 LS3 elapsedtime 18.903620719909668
[[0, 0], [0, 0], [0, 0], [0, 0], [0, 0], [1, 0], [1, 0], [0, 0], [0, 0], [0, 0], [0, 0], [0, 0], [0, 0], [1, 0], [1, 2], [2, 4]]
no mejoró -1.0375 en initial L 6 con j = 3 localsearch 1 LS3 elapsedtime 19.08422350883484
[[0, 0], [0, 0], [0, 0], [0, 0], [0, 0], [1, 0], [1, 0], [0, 0], [0, 0], [0, 0], [0, 0], [0, 0], [0, 0], [1, 0], [1, 2], [2, 4]]
no mejoró -1.0375 en initial L 6 con j = 4 localsearch 1 LS3 elapsedtime 19.258086442947388
[[0, 0], [0, 0], [0, 0], [0, 0], [0, 0], [1, 0], [1, 0], [0, 0], [0, 0], [0, 0], [0, 0], [0, 0], [0, 0], [1, 0], [1, 2], [2, 4]]
no mejoró -1.0375 en initial L 6 con j = 7 localsearch 1 LS3 elapsedtime 19.45425844192505
[[0, 0], [0, 0], [0, 0], [0, 0], [0, 0], [1, 0], [1, 0], [0, 0], [0, 0], [0, 0], [0, 0], [0, 0], [0, 0], [1, 0], [1, 2], [2, 4]]
no mejoró -1.0375 en initial L 6 con j = 8 localsearch 1 LS3 elapsedtime 19.640533447265625
[[0, 0], [0, 0], [0, 0], [0, 0], [0, 0], [1, 0], [1, 0], [0, 0], [0, 0], [0, 0], [0, 0], [0, 0], [0, 0], [1, 0], [1, 2], [2, 4]]
no mejoró -1.0375 en initial L 6 con j = 9 localsearch 1 LS3 elapsedtime 19.822498559951782
[[0, 0], [0, 0], [0, 0], [0, 0], [0, 0], [1, 0], [1, 0], [0, 0], [0, 0], [0, 0], [0, 0], [0, 0], [0, 0], [1, 0], [1, 2], [2, 4]]
no mejoró -1.0375 en initial L 6 con j = 10 localsearch 1 LS3 elapsedtime 20.002004861831665
[[0, 0], [0, 0], [0, 0], [0, 0], [0, 0], [1, 0], [1, 0], [0, 0], [0, 0], [0, 0], [0, 0], [0, 0], [0, 0], [1, 0], [1, 2], [2, 4]]
no mejoró -1.0375 en initial L 6 con j = 11 localsearch 1 LS3 elapsedtime 20.180871725082397
[[0, 0], [0, 0], [0, 0], [0, 0], [0, 0], [1, 0], [1, 0], [0, 0], [0, 0], [0, 0], [0, 0], [0, 0], [0, 0], [1, 0], [1, 2], [2, 4]]
no mejoró -1.0375 en initial L 6 con j = 12 localsearch 1 LS3 elapsedtime 20.35883092880249
[[0, 0], [0, 0], [0, 0], [0, 0], [0, 0], [1, 0], [1, 0], [0, 0], [0, 0], [0, 0], [0, 0], [0, 0], [0, 0], [1, 0], [1, 2], [2, 4]]
no mejoró -1.3495 en initial L 14 con j = 0 localsearch 1 LS3 elapsedtime 20.662100791931152
[[0, 1], [0, 0], [0, 0], [0, 0], [0, 0], [1, 0], [1, 0], [0, 0], [0, 0], [0, 0], [0, 0], [0, 0], [0, 0], [1, 0], [1, 1], [2, 4]]
no mejoró -1.3495 en initial L 14 con j = 1 localsearch 1 LS3 elapsedtime 20.868868827819824
[[0, 0], [0, 1], [0, 0], [0, 0], [0, 0], [1, 0], [1, 0], [0, 0], [0, 0], [0, 0], [0, 0], [0, 0], [0, 0], [1, 0], [1, 1], [2, 4]]
no mejoró -1.3495 en initial L 14 con j = 2 localsearch 1 LS3 elapsedtime 21.065486669540405
[[0, 0], [0, 0], [0, 1], [0, 0], [0, 0], [1, 0], [1, 0], [0, 0], [0, 0], [0, 0], [0, 0], [0, 0], [0, 0], [1, 0], [1, 1], [2, 4]]
no mejoró -1.3495 en initial L 14 con j = 3 localsearch 1 LS3 elapsedtime 21.254881620407104
[[0, 0], [0, 0], [0, 0], [0, 1], [0, 0], [1, 0], [1, 0], [0, 0], [0, 0], [0, 0], [0, 0], [0, 0], [0, 0], [1, 0], [1, 1], [2, 4]]
no mejoró -1.3495 en initial L 14 con j = 4 localsearch 1 LS3 elapsedtime 21.455196380615234
[[0, 0], [0, 0], [0, 0], [0, 0], [0, 1], [1, 0], [1, 0], [0, 0], [0, 0], [0, 0], [0, 0], [0, 0], [0, 0], [1, 0], [1, 1], [2, 4]]
no mejoró -1.3495 en initial L 14 con j = 7 localsearch 1 LS3 elapsedtime 21.675742387771606
[[0, 0], [0, 0], [0, 0], [0, 0], [0, 0], [1, 0], [1, 0], [0, 1], [0, 0], [0, 0], [0, 0], [0, 0], [0, 0], [1, 0], [1, 1], [2, 4]]
no mejoró -1.3495 en initial L 14 con j = 8 localsearch 1 LS3 elapsedtime 21.883991241455078
[[0, 0], [0, 0], [0, 0], [0, 0], [0, 0], [1, 0], [1, 0], [0, 0], [0, 1], [0, 0], [0, 0], [0, 0], [0, 0], [1, 0], [1, 1], [2, 4]]
no mejoró -1.3495 en initial L 14 con j = 9 localsearch 1 LS3 elapsedtime 22.086005210876465
[[0, 0], [0, 0], [0, 0], [0, 0], [0, 0], [1, 0], [1, 0], [0, 0], [0, 0], [0, 1], [0, 0], [0, 0], [0, 0], [1, 0], [1, 1], [2, 4]]
no mejoró -1.3495 en initial L 14 con j = 10 localsearch 1 LS3 elapsedtime 22.301706314086914
[[0, 0], [0, 0], [0, 0], [0, 0], [0, 0], [1, 0], [1, 0], [0, 0], [0, 0], [0, 0], [0, 1], [0, 0], [0, 0], [1, 0], [1, 1], [2, 4]]
no mejoró -1.3495 en initial L 14 con j = 11 localsearch 1 LS3 elapsedtime 22.635138273239136
[[0, 0], [0, 0], [0, 0], [0, 0], [0, 0], [1, 0], [1, 0], [0, 0], [0, 0], [0, 0], [0, 0], [0, 1], [0, 0], [1, 0], [1, 1], [2, 4]]
no mejoró -1.3495 en initial L 14 con j = 12 localsearch 1 LS3 elapsedtime 22.82975435256958
[[0, 0], [0, 0], [0, 0], [0, 0], [0, 0], [1, 0], [1, 0], [0, 0], [0, 0], [0, 0], [0, 0], [0, 0], [0, 1], [1, 0], [1, 1], [2, 4]]
no mejoró -1.723 en initial L 15 con j = 0 localsearch 1 LS3 elapsedtime 23.052477598190308
[[1, 2], [0, 0], [0, 0], [0, 0], [0, 0], [1, 0], [1, 0], [0, 0], [0, 0], [0, 0], [0, 0], [0, 0], [0, 0], [1, 0], [1, 2], [1, 2]]
no mejoró -1.723 en initial L 15 con j = 1 localsearch 1 LS3 elapsedtime 23.259628772735596
[[0, 0], [1, 2], [0, 0], [0, 0], [0, 0], [1, 0], [1, 0], [0, 0], [0, 0], [0, 0], [0, 0], [0, 0], [0, 0], [1, 0], [1, 2], [1, 2]]
no mejoró -1.723 en initial L 15 con j = 2 localsearch 1 LS3 elapsedtime 23.474774837493896
[[0, 0], [0, 0], [1, 2], [0, 0], [0, 0], [1, 0], [1, 0], [0, 0], [0, 0], [0, 0], [0, 0], [0, 0], [0, 0], [1, 0], [1, 2], [1, 2]]
no mejoró -1.723 en initial L 15 con j = 3 localsearch 1 LS3 elapsedtime 23.690261840820312
[[0, 0], [0, 0], [0, 0], [1, 2], [0, 0], [1, 0], [1, 0], [0, 0], [0, 0], [0, 0], [0, 0], [0, 0], [0, 0], [1, 0], [1, 2], [1, 2]]
no mejoró -1.723 en initial L 15 con j = 4 localsearch 1 LS3 elapsedtime 23.964550733566284
[[0, 0], [0, 0], [0, 0], [0, 0], [1, 2], [1, 0], [1, 0], [0, 0], [0, 0], [0, 0], [0, 0], [0, 0], [0, 0], [1, 0], [1, 2], [1, 2]]
no mejoró -1.723 en initial L 15 con j = 7 localsearch 1 LS3 elapsedtime 24.174484968185425
[[0, 0], [0, 0], [0, 0], [0, 0], [0, 0], [1, 0], [1, 0], [1, 2], [0, 0], [0, 0], [0, 0], [0, 0], [0, 0], [1, 0], [1, 2], [1, 2]]
no mejoró -1.723 en initial L 15 con j = 8 localsearch 1 LS3 elapsedtime 24.374204874038696
[[0, 0], [0, 0], [0, 0], [0, 0], [0, 0], [1, 0], [1, 0], [0, 0], [1, 2], [0, 0], [0, 0], [0, 0], [0, 0], [1, 0], [1, 2], [1, 2]]
no mejoró -1.723 en initial L 15 con j = 9 localsearch 1 LS3 elapsedtime 24.58404302597046
[[0, 0], [0, 0], [0, 0], [0, 0], [0, 0], [1, 0], [1, 0], [0, 0], [0, 0], [1, 2], [0, 0], [0, 0], [0, 0], [1, 0], [1, 2], [1, 2]]
no mejoró -1.723 en initial L 15 con j = 10 localsearch 1 LS3 elapsedtime 24.783812761306763
[[0, 0], [0, 0], [0, 0], [0, 0], [0, 0], [1, 0], [1, 0], [0, 0], [0, 0], [0, 0], [1, 2], [0, 0], [0, 0], [1, 0], [1, 2], [1, 2]]
no mejoró -1.723 en initial L 15 con j = 11 localsearch 1 LS3 elapsedtime 25.09149670600891
[[0, 0], [0, 0], [0, 0], [0, 0], [0, 0], [1, 0], [1, 0], [0, 0], [0, 0], [0, 0], [0, 0], [1, 2], [0, 0], [1, 0], [1, 2], [1, 2]]
no mejoró -1.643 en initial L 15 con j = 12 localsearch 1 LS3 elapsedtime 25.293829679489136
[[0, 0], [0, 0], [0, 0], [0, 0], [0, 0], [1, 0], [1, 0], [0, 0], [0, 0], [0, 0], [0, 0], [0, 0], [1, 2], [1, 0], [1, 2], [1, 2]]
no mejoró -1.0375 en initial L 5 con j = 6 localsearch 1 LS4 elapsedtime 25.467076063156128
[[0, 0], [0, 0], [0, 0], [0, 0], [0, 0], [0, 0], [2, 0], [0, 0], [0, 0], [0, 0], [0, 0], [0, 0], [0, 0], [1, 0], [1, 2], [2, 4]]
no mejoró -1.0375 en initial L 5 con j = 13 localsearch 1 LS4 elapsedtime 25.646095037460327
[[0, 0], [0, 0], [0, 0], [0, 0], [0, 0], [0, 0], [1, 0], [0, 0], [0, 0], [0, 0], [0, 0], [0, 0], [0, 0], [2, 0], [1, 2], [2, 4]]
sí mejoró -0.7555 en initial L 5 con j = 14 localsearch 1 LS4  elapsedtime 25.80426001548767
[[0, 0], [0, 0], [0, 0], [0, 0], [0, 0], [0, 0], [1, 0], [0, 0], [0, 0], [0, 0], [0, 0], [0, 0], [0, 0], [1, 0], [2, 2], [2, 4]]
no mejoró -0.7555 en initial L 5 con j = 15 localsearch 1 LS4 elapsedtime 25.96876311302185
[[0, 0], [0, 0], [0, 0], [0, 0], [0, 0], [0, 0], [1, 0], [0, 0], [0, 0], [0, 0], [0, 0], [0, 0], [0, 0], [1, 0], [2, 2], [2, 4]]
no mejoró -1.3705 en initial L 6 con j = 13 localsearch 1 LS4 elapsedtime 26.136108875274658
[[0, 0], [0, 0], [0, 0], [0, 0], [0, 0], [1, 0], [0, 0], [0, 0], [0, 0], [0, 0], [0, 0], [0, 0], [0, 0], [2, 0], [2, 2], [1, 4]]
no mejoró -1.3705 en initial L 6 con j = 14 localsearch 1 LS4 elapsedtime 26.301185846328735
[[0, 0], [0, 0], [0, 0], [0, 0], [0, 0], [1, 0], [0, 0], [0, 0], [0, 0], [0, 0], [0, 0], [0, 0], [0, 0], [1, 0], [3, 2], [1, 4]]
no mejoró -0.7555 en initial L 6 con j = 15 localsearch 1 LS4 elapsedtime 26.50683569908142
[[0, 0], [0, 0], [0, 0], [0, 0], [0, 0], [1, 0], [0, 0], [0, 0], [0, 0], [0, 0], [0, 0], [0, 0], [0, 0], [1, 0], [2, 2], [2, 4]]
no mejoró -1.5405 en initial L 13 con j = 6 localsearch 1 LS4 elapsedtime 26.67987895011902
[[0, 0], [0, 0], [0, 0], [0, 0], [0, 0], [1, 0], [2, 0], [0, 0], [0, 0], [0, 0], [0, 0], [0, 0], [0, 0], [0, 0], [2, 2], [1, 4]]
no mejoró -1.5405 en initial L 13 con j = 14 localsearch 1 LS4 elapsedtime 26.84782600402832
[[0, 0], [0, 0], [0, 0], [0, 0], [0, 0], [1, 0], [1, 0], [0, 0], [0, 0], [0, 0], [0, 0], [0, 0], [0, 0], [0, 0], [3, 2], [1, 4]]
no mejoró -1.227 en initial L 13 con j = 15 localsearch 1 LS4 elapsedtime 27.022125959396362
[[0, 0], [0, 0], [0, 0], [0, 0], [0, 0], [1, 0], [1, 0], [0, 0], [0, 0], [0, 0], [0, 0], [0, 0], [0, 0], [0, 0], [2, 2], [2, 4]]
no mejoró -2.3555 en initial L 14 con j = 6 localsearch 1 LS4 elapsedtime 27.195231199264526
[[0, 0], [0, 0], [0, 0], [0, 0], [0, 0], [1, 0], [3, 2], [0, 0], [0, 0], [0, 0], [0, 0], [0, 0], [0, 0], [1, 0], [0, 0], [1, 4]]
no mejoró -2.3555 en initial L 14 con j = 13 localsearch 1 LS4 elapsedtime 27.471185207366943
[[0, 0], [0, 0], [0, 0], [0, 0], [0, 0], [1, 0], [1, 0], [0, 0], [0, 0], [0, 0], [0, 0], [0, 0], [0, 0], [3, 2], [0, 0], [1, 4]]
no mejoró -2.234 en initial L 14 con j = 15 localsearch 1 LS4 elapsedtime 27.62618327140808
[[0, 0], [0, 0], [0, 0], [0, 0], [0, 0], [1, 0], [1, 0], [0, 0], [0, 0], [0, 0], [0, 0], [0, 0], [0, 0], [1, 0], [0, 0], [3, 6]]
no mejoró -3.192 en initial L 15 con j = 6 localsearch 1 LS4 elapsedtime 27.79883098602295
[[0, 0], [0, 0], [0, 0], [0, 0], [0, 0], [1, 0], [2, 4], [0, 0], [0, 0], [0, 0], [0, 0], [0, 0], [0, 0], [1, 0], [2, 2], [0, 0]]
no mejoró -3.192 en initial L 15 con j = 13 localsearch 1 LS4 elapsedtime 27.96614909172058
[[0, 0], [0, 0], [0, 0], [0, 0], [0, 0], [1, 0], [1, 0], [0, 0], [0, 0], [0, 0], [0, 0], [0, 0], [0, 0], [2, 4], [2, 2], [0, 0]]
no mejoró -3.192 en initial L 15 con j = 14 localsearch 1 LS4 elapsedtime 28.124558210372925
[[0, 0], [0, 0], [0, 0], [0, 0], [0, 0], [1, 0], [1, 0], [0, 0], [0, 0], [0, 0], [0, 0], [0, 0], [0, 0], [1, 0], [3, 6], [0, 0]]
iteracion de GRASP # 1
no mejoró -3.192  GRASP elapsedtime 28.31205105781555
[[0, 0], [0, 0], [1, 0], [0, 0], [0, 1], [2, 0], [0, 2], [0, 0], [2, 0], [0, 0], [0, 0], [0, 0], [0, 0], [1, 3], [0, 0], [0, 0]]
no mejoró -3.192 en initial L 2 con j = 0 localsearch 2 LS1 elapsedtime 28.50542902946472
[[1, 0], [0, 0], [0, 0], [0, 0], [0, 1], [2, 0], [0, 2], [0, 0], [2, 0], [0, 0], [0, 0], [0, 0], [0, 0], [1, 3], [0, 0], [0, 0]]
no mejoró -3.192 en initial L 2 con j = 1 localsearch 2 LS1 elapsedtime 28.71832299232483
[[0, 0], [1, 0], [0, 0], [0, 0], [0, 1], [2, 0], [0, 2], [0, 0], [2, 0], [0, 0], [0, 0], [0, 0], [0, 0], [1, 3], [0, 0], [0, 0]]
no mejoró -3.192 en initial L 2 con j = 3 localsearch 2 LS1 elapsedtime 28.952539205551147
[[0, 0], [0, 0], [0, 0], [1, 0], [0, 1], [2, 0], [0, 2], [0, 0], [2, 0], [0, 0], [0, 0], [0, 0], [0, 0], [1, 3], [0, 0], [0, 0]]
no mejoró -3.192 en initial L 2 con j = 7 localsearch 2 LS1 elapsedtime 29.190057277679443
[[0, 0], [0, 0], [0, 0], [0, 0], [0, 1], [2, 0], [0, 2], [1, 0], [2, 0], [0, 0], [0, 0], [0, 0], [0, 0], [1, 3], [0, 0], [0, 0]]
no mejoró -3.192 en initial L 2 con j = 9 localsearch 2 LS1 elapsedtime 29.43363118171692
[[0, 0], [0, 0], [0, 0], [0, 0], [0, 1], [2, 0], [0, 2], [0, 0], [2, 0], [1, 0], [0, 0], [0, 0], [0, 0], [1, 3], [0, 0], [0, 0]]
no mejoró -3.192 en initial L 2 con j = 10 localsearch 2 LS1 elapsedtime 29.626294136047363
[[0, 0], [0, 0], [0, 0], [0, 0], [0, 1], [2, 0], [0, 2], [0, 0], [2, 0], [0, 0], [1, 0], [0, 0], [0, 0], [1, 3], [0, 0], [0, 0]]
no mejoró -3.192 en initial L 2 con j = 11 localsearch 2 LS1 elapsedtime 29.923022270202637
[[0, 0], [0, 0], [0, 0], [0, 0], [0, 1], [2, 0], [0, 2], [0, 0], [2, 0], [0, 0], [0, 0], [1, 0], [0, 0], [1, 3], [0, 0], [0, 0]]
no mejoró -3.192 en initial L 2 con j = 12 localsearch 2 LS1 elapsedtime 30.10401749610901
[[0, 0], [0, 0], [0, 0], [0, 0], [0, 1], [2, 0], [0, 2], [0, 0], [2, 0], [0, 0], [0, 0], [0, 0], [1, 0], [1, 3], [0, 0], [0, 0]]
no mejoró -3.192 en initial L 2 con j = 14 localsearch 2 LS1 elapsedtime 30.295105695724487
[[0, 0], [0, 0], [0, 0], [0, 0], [0, 1], [2, 0], [0, 2], [0, 0], [2, 0], [0, 0], [0, 0], [0, 0], [0, 0], [1, 3], [1, 0], [0, 0]]
no mejoró -2.6075 en initial L 2 con j = 15 localsearch 2 LS1 elapsedtime 30.50022053718567
[[0, 0], [0, 0], [0, 0], [0, 0], [0, 1], [2, 0], [0, 2], [0, 0], [2, 0], [0, 0], [0, 0], [0, 0], [0, 0], [1, 3], [0, 0], [1, 0]]
no mejoró -3.192 en initial L 4 con j = 0 localsearch 2 LS1 elapsedtime 30.68713927268982
[[0, 1], [0, 0], [1, 0], [0, 0], [0, 0], [2, 0], [0, 2], [0, 0], [2, 0], [0, 0], [0, 0], [0, 0], [0, 0], [1, 3], [0, 0], [0, 0]]
no mejoró -3.192 en initial L 4 con j = 1 localsearch 2 LS1 elapsedtime 30.89391303062439
[[0, 0], [0, 1], [1, 0], [0, 0], [0, 0], [2, 0], [0, 2], [0, 0], [2, 0], [0, 0], [0, 0], [0, 0], [0, 0], [1, 3], [0, 0], [0, 0]]
no mejoró -3.192 en initial L 4 con j = 3 localsearch 2 LS1 elapsedtime 31.095932960510254
[[0, 0], [0, 0], [1, 0], [0, 1], [0, 0], [2, 0], [0, 2], [0, 0], [2, 0], [0, 0], [0, 0], [0, 0], [0, 0], [1, 3], [0, 0], [0, 0]]
no mejoró -3.192 en initial L 4 con j = 7 localsearch 2 LS1 elapsedtime 31.296982049942017
[[0, 0], [0, 0], [1, 0], [0, 0], [0, 0], [2, 0], [0, 2], [0, 1], [2, 0], [0, 0], [0, 0], [0, 0], [0, 0], [1, 3], [0, 0], [0, 0]]
no mejoró -3.192 en initial L 4 con j = 9 localsearch 2 LS1 elapsedtime 31.51580023765564
[[0, 0], [0, 0], [1, 0], [0, 0], [0, 0], [2, 0], [0, 2], [0, 0], [2, 0], [0, 1], [0, 0], [0, 0], [0, 0], [1, 3], [0, 0], [0, 0]]
no mejoró -3.192 en initial L 4 con j = 10 localsearch 2 LS1 elapsedtime 31.71933126449585
[[0, 0], [0, 0], [1, 0], [0, 0], [0, 0], [2, 0], [0, 2], [0, 0], [2, 0], [0, 0], [0, 1], [0, 0], [0, 0], [1, 3], [0, 0], [0, 0]]
no mejoró -3.192 en initial L 4 con j = 11 localsearch 2 LS1 elapsedtime 31.91124725341797
[[0, 0], [0, 0], [1, 0], [0, 0], [0, 0], [2, 0], [0, 2], [0, 0], [2, 0], [0, 0], [0, 0], [0, 1], [0, 0], [1, 3], [0, 0], [0, 0]]
no mejoró -3.192 en initial L 4 con j = 12 localsearch 2 LS1 elapsedtime 32.103371143341064
[[0, 0], [0, 0], [1, 0], [0, 0], [0, 0], [2, 0], [0, 2], [0, 0], [2, 0], [0, 0], [0, 0], [0, 0], [0, 1], [1, 3], [0, 0], [0, 0]]
no mejoró -3.192 en initial L 4 con j = 14 localsearch 2 LS1 elapsedtime 32.41361618041992
[[0, 0], [0, 0], [1, 0], [0, 0], [0, 0], [2, 0], [0, 2], [0, 0], [2, 0], [0, 0], [0, 0], [0, 0], [0, 0], [1, 3], [0, 1], [0, 0]]
no mejoró -3.0815 en initial L 4 con j = 15 localsearch 2 LS1 elapsedtime 32.59805107116699
[[0, 0], [0, 0], [1, 0], [0, 0], [0, 0], [2, 0], [0, 2], [0, 0], [2, 0], [0, 0], [0, 0], [0, 0], [0, 0], [1, 3], [0, 0], [0, 1]]
no mejoró -3.192 en initial L 5 con j = 0 localsearch 2 LS1 elapsedtime 32.788169860839844
[[2, 0], [0, 0], [1, 0], [0, 0], [0, 1], [0, 0], [0, 2], [0, 0], [2, 0], [0, 0], [0, 0], [0, 0], [0, 0], [1, 3], [0, 0], [0, 0]]
no mejoró -3.192 en initial L 5 con j = 1 localsearch 2 LS1 elapsedtime 32.978246212005615
[[0, 0], [2, 0], [1, 0], [0, 0], [0, 1], [0, 0], [0, 2], [0, 0], [2, 0], [0, 0], [0, 0], [0, 0], [0, 0], [1, 3], [0, 0], [0, 0]]
no mejoró -3.192 en initial L 5 con j = 3 localsearch 2 LS1 elapsedtime 33.165557861328125
[[0, 0], [0, 0], [1, 0], [2, 0], [0, 1], [0, 0], [0, 2], [0, 0], [2, 0], [0, 0], [0, 0], [0, 0], [0, 0], [1, 3], [0, 0], [0, 0]]
no mejoró -3.192 en initial L 5 con j = 7 localsearch 2 LS1 elapsedtime 33.37252402305603
[[0, 0], [0, 0], [1, 0], [0, 0], [0, 1], [0, 0], [0, 2], [2, 0], [2, 0], [0, 0], [0, 0], [0, 0], [0, 0], [1, 3], [0, 0], [0, 0]]
no mejoró -3.192 en initial L 5 con j = 9 localsearch 2 LS1 elapsedtime 33.60310387611389
[[0, 0], [0, 0], [1, 0], [0, 0], [0, 1], [0, 0], [0, 2], [0, 0], [2, 0], [2, 0], [0, 0], [0, 0], [0, 0], [1, 3], [0, 0], [0, 0]]
no mejoró -3.192 en initial L 5 con j = 10 localsearch 2 LS1 elapsedtime 33.79604911804199
[[0, 0], [0, 0], [1, 0], [0, 0], [0, 1], [0, 0], [0, 2], [0, 0], [2, 0], [0, 0], [2, 0], [0, 0], [0, 0], [1, 3], [0, 0], [0, 0]]
no mejoró -3.192 en initial L 5 con j = 11 localsearch 2 LS1 elapsedtime 33.99192714691162
[[0, 0], [0, 0], [1, 0], [0, 0], [0, 1], [0, 0], [0, 2], [0, 0], [2, 0], [0, 0], [0, 0], [2, 0], [0, 0], [1, 3], [0, 0], [0, 0]]
no mejoró -3.192 en initial L 5 con j = 12 localsearch 2 LS1 elapsedtime 34.19000720977783
[[0, 0], [0, 0], [1, 0], [0, 0], [0, 1], [0, 0], [0, 2], [0, 0], [2, 0], [0, 0], [0, 0], [0, 0], [2, 0], [1, 3], [0, 0], [0, 0]]
no mejoró -3.192 en initial L 5 con j = 14 localsearch 2 LS1 elapsedtime 34.39857602119446
[[0, 0], [0, 0], [1, 0], [0, 0], [0, 1], [0, 0], [0, 2], [0, 0], [2, 0], [0, 0], [0, 0], [0, 0], [0, 0], [1, 3], [2, 0], [0, 0]]
no mejoró -2.315 en initial L 5 con j = 15 localsearch 2 LS1 elapsedtime 34.58179712295532
[[0, 0], [0, 0], [1, 0], [0, 0], [0, 1], [0, 0], [0, 2], [0, 0], [2, 0], [0, 0], [0, 0], [0, 0], [0, 0], [1, 3], [0, 0], [2, 0]]
no mejoró -3.192 en initial L 6 con j = 0 localsearch 2 LS1 elapsedtime 34.88845944404602
[[0, 2], [0, 0], [1, 0], [0, 0], [0, 1], [2, 0], [0, 0], [0, 0], [2, 0], [0, 0], [0, 0], [0, 0], [0, 0], [1, 3], [0, 0], [0, 0]]
no mejoró -3.192 en initial L 6 con j = 1 localsearch 2 LS1 elapsedtime 35.07905340194702
[[0, 0], [0, 2], [1, 0], [0, 0], [0, 1], [2, 0], [0, 0], [0, 0], [2, 0], [0, 0], [0, 0], [0, 0], [0, 0], [1, 3], [0, 0], [0, 0]]
no mejoró -3.192 en initial L 6 con j = 3 localsearch 2 LS1 elapsedtime 35.26927638053894
[[0, 0], [0, 0], [1, 0], [0, 2], [0, 1], [2, 0], [0, 0], [0, 0], [2, 0], [0, 0], [0, 0], [0, 0], [0, 0], [1, 3], [0, 0], [0, 0]]
no mejoró -3.192 en initial L 6 con j = 7 localsearch 2 LS1 elapsedtime 35.46025562286377
[[0, 0], [0, 0], [1, 0], [0, 0], [0, 1], [2, 0], [0, 0], [0, 2], [2, 0], [0, 0], [0, 0], [0, 0], [0, 0], [1, 3], [0, 0], [0, 0]]
no mejoró -3.192 en initial L 6 con j = 9 localsearch 2 LS1 elapsedtime 35.665974617004395
[[0, 0], [0, 0], [1, 0], [0, 0], [0, 1], [2, 0], [0, 0], [0, 0], [2, 0], [0, 2], [0, 0], [0, 0], [0, 0], [1, 3], [0, 0], [0, 0]]
no mejoró -3.192 en initial L 6 con j = 10 localsearch 2 LS1 elapsedtime 35.86290955543518
[[0, 0], [0, 0], [1, 0], [0, 0], [0, 1], [2, 0], [0, 0], [0, 0], [2, 0], [0, 0], [0, 2], [0, 0], [0, 0], [1, 3], [0, 0], [0, 0]]
no mejoró -3.192 en initial L 6 con j = 11 localsearch 2 LS1 elapsedtime 36.086485385894775
[[0, 0], [0, 0], [1, 0], [0, 0], [0, 1], [2, 0], [0, 0], [0, 0], [2, 0], [0, 0], [0, 0], [0, 2], [0, 0], [1, 3], [0, 0], [0, 0]]
no mejoró -3.192 en initial L 6 con j = 12 localsearch 2 LS1 elapsedtime 36.305885314941406
[[0, 0], [0, 0], [1, 0], [0, 0], [0, 1], [2, 0], [0, 0], [0, 0], [2, 0], [0, 0], [0, 0], [0, 0], [0, 2], [1, 3], [0, 0], [0, 0]]
no mejoró -3.192 en initial L 6 con j = 14 localsearch 2 LS1 elapsedtime 36.50748324394226
[[0, 0], [0, 0], [1, 0], [0, 0], [0, 1], [2, 0], [0, 0], [0, 0], [2, 0], [0, 0], [0, 0], [0, 0], [0, 0], [1, 3], [0, 2], [0, 0]]
no mejoró -2.729 en initial L 6 con j = 15 localsearch 2 LS1 elapsedtime 36.70099401473999
[[0, 0], [0, 0], [1, 0], [0, 0], [0, 1], [2, 0], [0, 0], [0, 0], [2, 0], [0, 0], [0, 0], [0, 0], [0, 0], [1, 3], [0, 0], [0, 2]]
no mejoró -3.192 en initial L 8 con j = 0 localsearch 2 LS1 elapsedtime 36.889995098114014
[[2, 0], [0, 0], [1, 0], [0, 0], [0, 1], [2, 0], [0, 2], [0, 0], [0, 0], [0, 0], [0, 0], [0, 0], [0, 0], [1, 3], [0, 0], [0, 0]]
no mejoró -3.192 en initial L 8 con j = 1 localsearch 2 LS1 elapsedtime 37.082223892211914
[[0, 0], [2, 0], [1, 0], [0, 0], [0, 1], [2, 0], [0, 2], [0, 0], [0, 0], [0, 0], [0, 0], [0, 0], [0, 0], [1, 3], [0, 0], [0, 0]]
no mejoró -3.192 en initial L 8 con j = 3 localsearch 2 LS1 elapsedtime 37.38239073753357
[[0, 0], [0, 0], [1, 0], [2, 0], [0, 1], [2, 0], [0, 2], [0, 0], [0, 0], [0, 0], [0, 0], [0, 0], [0, 0], [1, 3], [0, 0], [0, 0]]
no mejoró -3.192 en initial L 8 con j = 7 localsearch 2 LS1 elapsedtime 37.62377166748047
[[0, 0], [0, 0], [1, 0], [0, 0], [0, 1], [2, 0], [0, 2], [2, 0], [0, 0], [0, 0], [0, 0], [0, 0], [0, 0], [1, 3], [0, 0], [0, 0]]
no mejoró -3.192 en initial L 8 con j = 9 localsearch 2 LS1 elapsedtime 37.862523794174194
[[0, 0], [0, 0], [1, 0], [0, 0], [0, 1], [2, 0], [0, 2], [0, 0], [0, 0], [2, 0], [0, 0], [0, 0], [0, 0], [1, 3], [0, 0], [0, 0]]
no mejoró -3.192 en initial L 8 con j = 10 localsearch 2 LS1 elapsedtime 38.07566261291504
[[0, 0], [0, 0], [1, 0], [0, 0], [0, 1], [2, 0], [0, 2], [0, 0], [0, 0], [0, 0], [2, 0], [0, 0], [0, 0], [1, 3], [0, 0], [0, 0]]
no mejoró -3.192 en initial L 8 con j = 11 localsearch 2 LS1 elapsedtime 38.28926372528076
[[0, 0], [0, 0], [1, 0], [0, 0], [0, 1], [2, 0], [0, 2], [0, 0], [0, 0], [0, 0], [0, 0], [2, 0], [0, 0], [1, 3], [0, 0], [0, 0]]
no mejoró -3.192 en initial L 8 con j = 12 localsearch 2 LS1 elapsedtime 38.57548952102661
[[0, 0], [0, 0], [1, 0], [0, 0], [0, 1], [2, 0], [0, 2], [0, 0], [0, 0], [0, 0], [0, 0], [0, 0], [2, 0], [1, 3], [0, 0], [0, 0]]
no mejoró -3.192 en initial L 8 con j = 14 localsearch 2 LS1 elapsedtime 38.79548764228821
[[0, 0], [0, 0], [1, 0], [0, 0], [0, 1], [2, 0], [0, 2], [0, 0], [0, 0], [0, 0], [0, 0], [0, 0], [0, 0], [1, 3], [2, 0], [0, 0]]
no mejoró -2.315 en initial L 8 con j = 15 localsearch 2 LS1 elapsedtime 39.012741804122925
[[0, 0], [0, 0], [1, 0], [0, 0], [0, 1], [2, 0], [0, 2], [0, 0], [0, 0], [0, 0], [0, 0], [0, 0], [0, 0], [1, 3], [0, 0], [2, 0]]
no mejoró -3.192 en initial L 13 con j = 0 localsearch 2 LS1 elapsedtime 39.26455879211426
[[1, 3], [0, 0], [1, 0], [0, 0], [0, 1], [2, 0], [0, 2], [0, 0], [2, 0], [0, 0], [0, 0], [0, 0], [0, 0], [0, 0], [0, 0], [0, 0]]
no mejoró -3.192 en initial L 13 con j = 1 localsearch 2 LS1 elapsedtime 39.465545654296875
[[0, 0], [1, 3], [1, 0], [0, 0], [0, 1], [2, 0], [0, 2], [0, 0], [2, 0], [0, 0], [0, 0], [0, 0], [0, 0], [0, 0], [0, 0], [0, 0]]
no mejoró -3.192 en initial L 13 con j = 3 localsearch 2 LS1 elapsedtime 39.70224857330322
[[0, 0], [0, 0], [1, 0], [1, 3], [0, 1], [2, 0], [0, 2], [0, 0], [2, 0], [0, 0], [0, 0], [0, 0], [0, 0], [0, 0], [0, 0], [0, 0]]
no mejoró -3.192 en initial L 13 con j = 7 localsearch 2 LS1 elapsedtime 39.90953254699707
[[0, 0], [0, 0], [1, 0], [0, 0], [0, 1], [2, 0], [0, 2], [1, 3], [2, 0], [0, 0], [0, 0], [0, 0], [0, 0], [0, 0], [0, 0], [0, 0]]
no mejoró -3.192 en initial L 13 con j = 9 localsearch 2 LS1 elapsedtime 40.23546862602234
[[0, 0], [0, 0], [1, 0], [0, 0], [0, 1], [2, 0], [0, 2], [0, 0], [2, 0], [1, 3], [0, 0], [0, 0], [0, 0], [0, 0], [0, 0], [0, 0]]
no mejoró -3.192 en initial L 13 con j = 10 localsearch 2 LS1 elapsedtime 40.42840552330017
[[0, 0], [0, 0], [1, 0], [0, 0], [0, 1], [2, 0], [0, 2], [0, 0], [2, 0], [0, 0], [1, 3], [0, 0], [0, 0], [0, 0], [0, 0], [0, 0]]
no mejoró -3.192 en initial L 13 con j = 11 localsearch 2 LS1 elapsedtime 40.66358256340027
[[0, 0], [0, 0], [1, 0], [0, 0], [0, 1], [2, 0], [0, 2], [0, 0], [2, 0], [0, 0], [0, 0], [1, 3], [0, 0], [0, 0], [0, 0], [0, 0]]
no mejoró -3.192 en initial L 13 con j = 12 localsearch 2 LS1 elapsedtime 40.847498655319214
[[0, 0], [0, 0], [1, 0], [0, 0], [0, 1], [2, 0], [0, 2], [0, 0], [2, 0], [0, 0], [0, 0], [0, 0], [1, 3], [0, 0], [0, 0], [0, 0]]
no mejoró -3.192 en initial L 13 con j = 14 localsearch 2 LS1 elapsedtime 41.086153984069824
[[0, 0], [0, 0], [1, 0], [0, 0], [0, 1], [2, 0], [0, 2], [0, 0], [2, 0], [0, 0], [0, 0], [0, 0], [0, 0], [0, 0], [1, 3], [0, 0]]
no mejoró -2.396 en initial L 13 con j = 15 localsearch 2 LS1 elapsedtime 41.31817007064819
[[0, 0], [0, 0], [1, 0], [0, 0], [0, 1], [2, 0], [0, 2], [0, 0], [2, 0], [0, 0], [0, 0], [0, 0], [0, 0], [0, 0], [0, 0], [1, 3]]
no mejoró -3.192 en initial L 2 con j = 4 localsearch 2 LS2 elapsedtime 41.5560359954834
[[0, 0], [0, 0], [1, 0], [0, 0], [0, 1], [2, 0], [0, 2], [0, 0], [2, 0], [0, 0], [0, 0], [0, 0], [0, 0], [1, 3], [0, 0], [0, 0]]
no mejoró -3.192 en initial L 2 con j = 5 localsearch 2 LS2 elapsedtime 41.76273989677429
[[0, 0], [0, 0], [1, 0], [0, 0], [0, 1], [2, 0], [0, 2], [0, 0], [2, 0], [0, 0], [0, 0], [0, 0], [0, 0], [1, 3], [0, 0], [0, 0]]
no mejoró -3.192 en initial L 2 con j = 6 localsearch 2 LS2 elapsedtime 41.980921030044556
[[0, 0], [0, 0], [1, 0], [0, 0], [0, 1], [2, 0], [0, 2], [0, 0], [2, 0], [0, 0], [0, 0], [0, 0], [0, 0], [1, 3], [0, 0], [0, 0]]
no mejoró -3.192 en initial L 2 con j = 8 localsearch 2 LS2 elapsedtime 42.198376178741455
[[0, 0], [0, 0], [1, 0], [0, 0], [0, 1], [2, 0], [0, 2], [0, 0], [2, 0], [0, 0], [0, 0], [0, 0], [0, 0], [1, 3], [0, 0], [0, 0]]
no mejoró -3.192 en initial L 2 con j = 13 localsearch 2 LS2 elapsedtime 42.4094934463501
[[0, 0], [0, 0], [1, 0], [0, 0], [0, 1], [2, 0], [0, 2], [0, 0], [2, 0], [0, 0], [0, 0], [0, 0], [0, 0], [1, 3], [0, 0], [0, 0]]
no mejoró -3.192 en initial L 4 con j = 2 localsearch 2 LS2 elapsedtime 42.6211154460907
[[0, 0], [0, 0], [1, 0], [0, 0], [0, 1], [2, 0], [0, 2], [0, 0], [2, 0], [0, 0], [0, 0], [0, 0], [0, 0], [1, 3], [0, 0], [0, 0]]
no mejoró -3.192 en initial L 4 con j = 5 localsearch 2 LS2 elapsedtime 42.91899538040161
[[0, 0], [0, 0], [1, 0], [0, 0], [0, 1], [2, 0], [0, 2], [0, 0], [2, 0], [0, 0], [0, 0], [0, 0], [0, 0], [1, 3], [0, 0], [0, 0]]
no mejoró -3.192 en initial L 4 con j = 6 localsearch 2 LS2 elapsedtime 43.095187187194824
[[0, 0], [0, 0], [1, 0], [0, 0], [0, 1], [2, 0], [0, 2], [0, 0], [2, 0], [0, 0], [0, 0], [0, 0], [0, 0], [1, 3], [0, 0], [0, 0]]
no mejoró -3.192 en initial L 4 con j = 8 localsearch 2 LS2 elapsedtime 43.277600049972534
[[0, 0], [0, 0], [1, 0], [0, 0], [0, 1], [2, 0], [0, 2], [0, 0], [2, 0], [0, 0], [0, 0], [0, 0], [0, 0], [1, 3], [0, 0], [0, 0]]
no mejoró -3.192 en initial L 4 con j = 13 localsearch 2 LS2 elapsedtime 43.46345925331116
[[0, 0], [0, 0], [1, 0], [0, 0], [0, 1], [2, 0], [0, 2], [0, 0], [2, 0], [0, 0], [0, 0], [0, 0], [0, 0], [1, 3], [0, 0], [0, 0]]
no mejoró -3.192 en initial L 5 con j = 2 localsearch 2 LS2 elapsedtime 43.638569355010986
[[0, 0], [0, 0], [2, 0], [0, 0], [0, 1], [1, 0], [0, 2], [0, 0], [2, 0], [0, 0], [0, 0], [0, 0], [0, 0], [1, 3], [0, 0], [0, 0]]
no mejoró -3.192 en initial L 5 con j = 4 localsearch 2 LS2 elapsedtime 43.83669424057007
[[0, 0], [0, 0], [1, 0], [0, 0], [1, 1], [1, 0], [0, 2], [0, 0], [2, 0], [0, 0], [0, 0], [0, 0], [0, 0], [1, 3], [0, 0], [0, 0]]
no mejoró -3.192 en initial L 5 con j = 6 localsearch 2 LS2 elapsedtime 44.03441023826599
[[0, 0], [0, 0], [1, 0], [0, 0], [0, 1], [1, 0], [1, 2], [0, 0], [2, 0], [0, 0], [0, 0], [0, 0], [0, 0], [1, 3], [0, 0], [0, 0]]
no mejoró -3.192 en initial L 5 con j = 8 localsearch 2 LS2 elapsedtime 44.21319317817688
[[0, 0], [0, 0], [1, 0], [0, 0], [0, 1], [1, 0], [0, 2], [0, 0], [3, 0], [0, 0], [0, 0], [0, 0], [0, 0], [1, 3], [0, 0], [0, 0]]
no mejoró -3.192 en initial L 5 con j = 13 localsearch 2 LS2 elapsedtime 44.394089221954346
[[0, 0], [0, 0], [1, 0], [0, 0], [0, 1], [1, 0], [0, 2], [0, 0], [2, 0], [0, 0], [0, 0], [0, 0], [0, 0], [2, 3], [0, 0], [0, 0]]
no mejoró -3.192 en initial L 6 con j = 2 localsearch 2 LS2 elapsedtime 44.593250036239624
[[0, 0], [0, 0], [1, 1], [0, 0], [0, 1], [2, 0], [0, 1], [0, 0], [2, 0], [0, 0], [0, 0], [0, 0], [0, 0], [1, 3], [0, 0], [0, 0]]
no mejoró -3.192 en initial L 6 con j = 4 localsearch 2 LS2 elapsedtime 44.76732897758484
[[0, 0], [0, 0], [1, 0], [0, 0], [0, 2], [2, 0], [0, 1], [0, 0], [2, 0], [0, 0], [0, 0], [0, 0], [0, 0], [1, 3], [0, 0], [0, 0]]
no mejoró -3.192 en initial L 6 con j = 5 localsearch 2 LS2 elapsedtime 45.07810020446777
[[0, 0], [0, 0], [1, 0], [0, 0], [0, 1], [2, 1], [0, 1], [0, 0], [2, 0], [0, 0], [0, 0], [0, 0], [0, 0], [1, 3], [0, 0], [0, 0]]
no mejoró -3.192 en initial L 6 con j = 8 localsearch 2 LS2 elapsedtime 45.27959418296814
[[0, 0], [0, 0], [1, 0], [0, 0], [0, 1], [2, 0], [0, 1], [0, 0], [2, 1], [0, 0], [0, 0], [0, 0], [0, 0], [1, 3], [0, 0], [0, 0]]
no mejoró -3.192 en initial L 6 con j = 13 localsearch 2 LS2 elapsedtime 45.4502911567688
[[0, 0], [0, 0], [1, 0], [0, 0], [0, 1], [2, 0], [0, 1], [0, 0], [2, 0], [0, 0], [0, 0], [0, 0], [0, 0], [1, 4], [0, 0], [0, 0]]
no mejoró -3.192 en initial L 8 con j = 2 localsearch 2 LS2 elapsedtime 45.63115310668945
[[0, 0], [0, 0], [2, 0], [0, 0], [0, 1], [2, 0], [0, 2], [0, 0], [1, 0], [0, 0], [0, 0], [0, 0], [0, 0], [1, 3], [0, 0], [0, 0]]
no mejoró -3.192 en initial L 8 con j = 4 localsearch 2 LS2 elapsedtime 45.820298194885254
[[0, 0], [0, 0], [1, 0], [0, 0], [1, 1], [2, 0], [0, 2], [0, 0], [1, 0], [0, 0], [0, 0], [0, 0], [0, 0], [1, 3], [0, 0], [0, 0]]
no mejoró -3.192 en initial L 8 con j = 5 localsearch 2 LS2 elapsedtime 46.002010107040405
[[0, 0], [0, 0], [1, 0], [0, 0], [0, 1], [3, 0], [0, 2], [0, 0], [1, 0], [0, 0], [0, 0], [0, 0], [0, 0], [1, 3], [0, 0], [0, 0]]
no mejoró -3.192 en initial L 8 con j = 6 localsearch 2 LS2 elapsedtime 46.20297622680664
[[0, 0], [0, 0], [1, 0], [0, 0], [0, 1], [2, 0], [1, 2], [0, 0], [1, 0], [0, 0], [0, 0], [0, 0], [0, 0], [1, 3], [0, 0], [0, 0]]
no mejoró -3.192 en initial L 8 con j = 13 localsearch 2 LS2 elapsedtime 46.388936042785645
[[0, 0], [0, 0], [1, 0], [0, 0], [0, 1], [2, 0], [0, 2], [0, 0], [1, 0], [0, 0], [0, 0], [0, 0], [0, 0], [2, 3], [0, 0], [0, 0]]
no mejoró -3.192 en initial L 13 con j = 2 localsearch 2 LS2 elapsedtime 46.58171510696411
[[0, 0], [0, 0], [1, 1], [0, 0], [0, 1], [2, 0], [0, 2], [0, 0], [2, 0], [0, 0], [0, 0], [0, 0], [0, 0], [1, 2], [0, 0], [0, 0]]
no mejoró -3.192 en initial L 13 con j = 4 localsearch 2 LS2 elapsedtime 46.76235914230347
[[0, 0], [0, 0], [1, 0], [0, 0], [0, 2], [2, 0], [0, 2], [0, 0], [2, 0], [0, 0], [0, 0], [0, 0], [0, 0], [1, 2], [0, 0], [0, 0]]
no mejoró -3.192 en initial L 13 con j = 5 localsearch 2 LS2 elapsedtime 46.95905518531799
[[0, 0], [0, 0], [1, 0], [0, 0], [0, 1], [2, 1], [0, 2], [0, 0], [2, 0], [0, 0], [0, 0], [0, 0], [0, 0], [1, 2], [0, 0], [0, 0]]
no mejoró -3.192 en initial L 13 con j = 6 localsearch 2 LS2 elapsedtime 47.13486194610596
[[0, 0], [0, 0], [1, 0], [0, 0], [0, 1], [2, 0], [0, 3], [0, 0], [2, 0], [0, 0], [0, 0], [0, 0], [0, 0], [1, 2], [0, 0], [0, 0]]
no mejoró -3.192 en initial L 13 con j = 8 localsearch 2 LS2 elapsedtime 47.33426284790039
[[0, 0], [0, 0], [1, 0], [0, 0], [0, 1], [2, 0], [0, 2], [0, 0], [2, 1], [0, 0], [0, 0], [0, 0], [0, 0], [1, 2], [0, 0], [0, 0]]
no mejoró -3.192 en initial L 2 con j = 0 localsearch 2 LS3 elapsedtime 47.51220464706421
[[0, 0], [0, 0], [1, 0], [0, 0], [0, 1], [2, 0], [0, 2], [0, 0], [2, 0], [0, 0], [0, 0], [0, 0], [0, 0], [1, 3], [0, 0], [0, 0]]
no mejoró -3.192 en initial L 2 con j = 1 localsearch 2 LS3 elapsedtime 47.795082569122314
[[0, 0], [0, 0], [1, 0], [0, 0], [0, 1], [2, 0], [0, 2], [0, 0], [2, 0], [0, 0], [0, 0], [0, 0], [0, 0], [1, 3], [0, 0], [0, 0]]
no mejoró -3.192 en initial L 2 con j = 3 localsearch 2 LS3 elapsedtime 47.979270458221436
[[0, 0], [0, 0], [1, 0], [0, 0], [0, 1], [2, 0], [0, 2], [0, 0], [2, 0], [0, 0], [0, 0], [0, 0], [0, 0], [1, 3], [0, 0], [0, 0]]
no mejoró -3.192 en initial L 2 con j = 7 localsearch 2 LS3 elapsedtime 48.16217350959778
[[0, 0], [0, 0], [1, 0], [0, 0], [0, 1], [2, 0], [0, 2], [0, 0], [2, 0], [0, 0], [0, 0], [0, 0], [0, 0], [1, 3], [0, 0], [0, 0]]
no mejoró -3.192 en initial L 2 con j = 9 localsearch 2 LS3 elapsedtime 48.34976649284363
[[0, 0], [0, 0], [1, 0], [0, 0], [0, 1], [2, 0], [0, 2], [0, 0], [2, 0], [0, 0], [0, 0], [0, 0], [0, 0], [1, 3], [0, 0], [0, 0]]
no mejoró -3.192 en initial L 2 con j = 10 localsearch 2 LS3 elapsedtime 48.5352885723114
[[0, 0], [0, 0], [1, 0], [0, 0], [0, 1], [2, 0], [0, 2], [0, 0], [2, 0], [0, 0], [0, 0], [0, 0], [0, 0], [1, 3], [0, 0], [0, 0]]
no mejoró -3.192 en initial L 2 con j = 11 localsearch 2 LS3 elapsedtime 48.71539878845215
[[0, 0], [0, 0], [1, 0], [0, 0], [0, 1], [2, 0], [0, 2], [0, 0], [2, 0], [0, 0], [0, 0], [0, 0], [0, 0], [1, 3], [0, 0], [0, 0]]
no mejoró -3.192 en initial L 2 con j = 12 localsearch 2 LS3 elapsedtime 48.89835500717163
[[0, 0], [0, 0], [1, 0], [0, 0], [0, 1], [2, 0], [0, 2], [0, 0], [2, 0], [0, 0], [0, 0], [0, 0], [0, 0], [1, 3], [0, 0], [0, 0]]
no mejoró -3.192 en initial L 2 con j = 14 localsearch 2 LS3 elapsedtime 49.083614110946655
[[0, 0], [0, 0], [1, 0], [0, 0], [0, 1], [2, 0], [0, 2], [0, 0], [2, 0], [0, 0], [0, 0], [0, 0], [0, 0], [1, 3], [0, 0], [0, 0]]
no mejoró -3.192 en initial L 2 con j = 15 localsearch 2 LS3 elapsedtime 49.259337186813354
[[0, 0], [0, 0], [1, 0], [0, 0], [0, 1], [2, 0], [0, 2], [0, 0], [2, 0], [0, 0], [0, 0], [0, 0], [0, 0], [1, 3], [0, 0], [0, 0]]
no mejoró -3.192 en initial L 4 con j = 0 localsearch 2 LS3 elapsedtime 49.44159412384033
[[0, 0], [0, 0], [1, 0], [0, 0], [0, 1], [2, 0], [0, 2], [0, 0], [2, 0], [0, 0], [0, 0], [0, 0], [0, 0], [1, 3], [0, 0], [0, 0]]
no mejoró -3.192 en initial L 4 con j = 1 localsearch 2 LS3 elapsedtime 49.62134909629822
[[0, 0], [0, 0], [1, 0], [0, 0], [0, 1], [2, 0], [0, 2], [0, 0], [2, 0], [0, 0], [0, 0], [0, 0], [0, 0], [1, 3], [0, 0], [0, 0]]
no mejoró -3.192 en initial L 4 con j = 3 localsearch 2 LS3 elapsedtime 49.898818016052246
[[0, 0], [0, 0], [1, 0], [0, 0], [0, 1], [2, 0], [0, 2], [0, 0], [2, 0], [0, 0], [0, 0], [0, 0], [0, 0], [1, 3], [0, 0], [0, 0]]
no mejoró -3.192 en initial L 4 con j = 7 localsearch 2 LS3 elapsedtime 50.07690715789795
[[0, 0], [0, 0], [1, 0], [0, 0], [0, 1], [2, 0], [0, 2], [0, 0], [2, 0], [0, 0], [0, 0], [0, 0], [0, 0], [1, 3], [0, 0], [0, 0]]
no mejoró -3.192 en initial L 4 con j = 9 localsearch 2 LS3 elapsedtime 50.260141372680664
[[0, 0], [0, 0], [1, 0], [0, 0], [0, 1], [2, 0], [0, 2], [0, 0], [2, 0], [0, 0], [0, 0], [0, 0], [0, 0], [1, 3], [0, 0], [0, 0]]
no mejoró -3.192 en initial L 4 con j = 10 localsearch 2 LS3 elapsedtime 50.452550411224365
[[0, 0], [0, 0], [1, 0], [0, 0], [0, 1], [2, 0], [0, 2], [0, 0], [2, 0], [0, 0], [0, 0], [0, 0], [0, 0], [1, 3], [0, 0], [0, 0]]
no mejoró -3.192 en initial L 4 con j = 11 localsearch 2 LS3 elapsedtime 50.635271310806274
[[0, 0], [0, 0], [1, 0], [0, 0], [0, 1], [2, 0], [0, 2], [0, 0], [2, 0], [0, 0], [0, 0], [0, 0], [0, 0], [1, 3], [0, 0], [0, 0]]
no mejoró -3.192 en initial L 4 con j = 12 localsearch 2 LS3 elapsedtime 50.82135629653931
[[0, 0], [0, 0], [1, 0], [0, 0], [0, 1], [2, 0], [0, 2], [0, 0], [2, 0], [0, 0], [0, 0], [0, 0], [0, 0], [1, 3], [0, 0], [0, 0]]
no mejoró -3.192 en initial L 4 con j = 14 localsearch 2 LS3 elapsedtime 51.00114130973816
[[0, 0], [0, 0], [1, 0], [0, 0], [0, 1], [2, 0], [0, 2], [0, 0], [2, 0], [0, 0], [0, 0], [0, 0], [0, 0], [1, 3], [0, 0], [0, 0]]
no mejoró -3.192 en initial L 4 con j = 15 localsearch 2 LS3 elapsedtime 51.18181538581848
[[0, 0], [0, 0], [1, 0], [0, 0], [0, 1], [2, 0], [0, 2], [0, 0], [2, 0], [0, 0], [0, 0], [0, 0], [0, 0], [1, 3], [0, 0], [0, 0]]
no mejoró -3.192 en initial L 5 con j = 0 localsearch 2 LS3 elapsedtime 51.376683712005615
[[1, 0], [0, 0], [1, 0], [0, 0], [0, 1], [1, 0], [0, 2], [0, 0], [2, 0], [0, 0], [0, 0], [0, 0], [0, 0], [1, 3], [0, 0], [0, 0]]
no mejoró -3.192 en initial L 5 con j = 1 localsearch 2 LS3 elapsedtime 51.56171989440918
[[0, 0], [1, 0], [1, 0], [0, 0], [0, 1], [1, 0], [0, 2], [0, 0], [2, 0], [0, 0], [0, 0], [0, 0], [0, 0], [1, 3], [0, 0], [0, 0]]
no mejoró -3.192 en initial L 5 con j = 3 localsearch 2 LS3 elapsedtime 51.75967192649841
[[0, 0], [0, 0], [1, 0], [1, 0], [0, 1], [1, 0], [0, 2], [0, 0], [2, 0], [0, 0], [0, 0], [0, 0], [0, 0], [1, 3], [0, 0], [0, 0]]
no mejoró -3.192 en initial L 5 con j = 7 localsearch 2 LS3 elapsedtime 52.05747985839844
[[0, 0], [0, 0], [1, 0], [0, 0], [0, 1], [1, 0], [0, 2], [1, 0], [2, 0], [0, 0], [0, 0], [0, 0], [0, 0], [1, 3], [0, 0], [0, 0]]
no mejoró -3.192 en initial L 5 con j = 9 localsearch 2 LS3 elapsedtime 52.248671770095825
[[0, 0], [0, 0], [1, 0], [0, 0], [0, 1], [1, 0], [0, 2], [0, 0], [2, 0], [1, 0], [0, 0], [0, 0], [0, 0], [1, 3], [0, 0], [0, 0]]
no mejoró -3.192 en initial L 5 con j = 10 localsearch 2 LS3 elapsedtime 52.45263195037842
[[0, 0], [0, 0], [1, 0], [0, 0], [0, 1], [1, 0], [0, 2], [0, 0], [2, 0], [0, 0], [1, 0], [0, 0], [0, 0], [1, 3], [0, 0], [0, 0]]
no mejoró -3.192 en initial L 5 con j = 11 localsearch 2 LS3 elapsedtime 52.67985224723816
[[0, 0], [0, 0], [1, 0], [0, 0], [0, 1], [1, 0], [0, 2], [0, 0], [2, 0], [0, 0], [0, 0], [1, 0], [0, 0], [1, 3], [0, 0], [0, 0]]
no mejoró -3.192 en initial L 5 con j = 12 localsearch 2 LS3 elapsedtime 52.88016414642334
[[0, 0], [0, 0], [1, 0], [0, 0], [0, 1], [1, 0], [0, 2], [0, 0], [2, 0], [0, 0], [0, 0], [0, 0], [1, 0], [1, 3], [0, 0], [0, 0]]
no mejoró -3.192 en initial L 5 con j = 14 localsearch 2 LS3 elapsedtime 53.060585260391235
[[0, 0], [0, 0], [1, 0], [0, 0], [0, 1], [1, 0], [0, 2], [0, 0], [2, 0], [0, 0], [0, 0], [0, 0], [0, 0], [1, 3], [1, 0], [0, 0]]
no mejoró -2.6075 en initial L 5 con j = 15 localsearch 2 LS3 elapsedtime 53.25038027763367
[[0, 0], [0, 0], [1, 0], [0, 0], [0, 1], [1, 0], [0, 2], [0, 0], [2, 0], [0, 0], [0, 0], [0, 0], [0, 0], [1, 3], [0, 0], [1, 0]]
no mejoró -3.192 en initial L 6 con j = 0 localsearch 2 LS3 elapsedtime 53.4511501789093
[[0, 1], [0, 0], [1, 0], [0, 0], [0, 1], [2, 0], [0, 1], [0, 0], [2, 0], [0, 0], [0, 0], [0, 0], [0, 0], [1, 3], [0, 0], [0, 0]]
no mejoró -3.192 en initial L 6 con j = 1 localsearch 2 LS3 elapsedtime 53.63952016830444
[[0, 0], [0, 1], [1, 0], [0, 0], [0, 1], [2, 0], [0, 1], [0, 0], [2, 0], [0, 0], [0, 0], [0, 0], [0, 0], [1, 3], [0, 0], [0, 0]]
no mejoró -3.192 en initial L 6 con j = 3 localsearch 2 LS3 elapsedtime 53.9422881603241
[[0, 0], [0, 0], [1, 0], [0, 1], [0, 1], [2, 0], [0, 1], [0, 0], [2, 0], [0, 0], [0, 0], [0, 0], [0, 0], [1, 3], [0, 0], [0, 0]]
no mejoró -3.192 en initial L 6 con j = 7 localsearch 2 LS3 elapsedtime 54.14087104797363
[[0, 0], [0, 0], [1, 0], [0, 0], [0, 1], [2, 0], [0, 1], [0, 1], [2, 0], [0, 0], [0, 0], [0, 0], [0, 0], [1, 3], [0, 0], [0, 0]]
no mejoró -3.192 en initial L 6 con j = 9 localsearch 2 LS3 elapsedtime 54.33698582649231
[[0, 0], [0, 0], [1, 0], [0, 0], [0, 1], [2, 0], [0, 1], [0, 0], [2, 0], [0, 1], [0, 0], [0, 0], [0, 0], [1, 3], [0, 0], [0, 0]]
no mejoró -3.192 en initial L 6 con j = 10 localsearch 2 LS3 elapsedtime 54.52738070487976
[[0, 0], [0, 0], [1, 0], [0, 0], [0, 1], [2, 0], [0, 1], [0, 0], [2, 0], [0, 0], [0, 1], [0, 0], [0, 0], [1, 3], [0, 0], [0, 0]]
no mejoró -3.192 en initial L 6 con j = 11 localsearch 2 LS3 elapsedtime 54.72346782684326
[[0, 0], [0, 0], [1, 0], [0, 0], [0, 1], [2, 0], [0, 1], [0, 0], [2, 0], [0, 0], [0, 0], [0, 1], [0, 0], [1, 3], [0, 0], [0, 0]]
no mejoró -3.192 en initial L 6 con j = 12 localsearch 2 LS3 elapsedtime 54.91842079162598
[[0, 0], [0, 0], [1, 0], [0, 0], [0, 1], [2, 0], [0, 1], [0, 0], [2, 0], [0, 0], [0, 0], [0, 0], [0, 1], [1, 3], [0, 0], [0, 0]]
no mejoró -3.192 en initial L 6 con j = 14 localsearch 2 LS3 elapsedtime 55.11666798591614
[[0, 0], [0, 0], [1, 0], [0, 0], [0, 1], [2, 0], [0, 1], [0, 0], [2, 0], [0, 0], [0, 0], [0, 0], [0, 0], [1, 3], [0, 1], [0, 0]]
no mejoró -3.0815 en initial L 6 con j = 15 localsearch 2 LS3 elapsedtime 55.3185031414032
[[0, 0], [0, 0], [1, 0], [0, 0], [0, 1], [2, 0], [0, 1], [0, 0], [2, 0], [0, 0], [0, 0], [0, 0], [0, 0], [1, 3], [0, 0], [0, 1]]
no mejoró -3.192 en initial L 8 con j = 0 localsearch 2 LS3 elapsedtime 55.50851917266846
[[1, 0], [0, 0], [1, 0], [0, 0], [0, 1], [2, 0], [0, 2], [0, 0], [1, 0], [0, 0], [0, 0], [0, 0], [0, 0], [1, 3], [0, 0], [0, 0]]
no mejoró -3.192 en initial L 8 con j = 1 localsearch 2 LS3 elapsedtime 55.6881639957428
[[0, 0], [1, 0], [1, 0], [0, 0], [0, 1], [2, 0], [0, 2], [0, 0], [1, 0], [0, 0], [0, 0], [0, 0], [0, 0], [1, 3], [0, 0], [0, 0]]
no mejoró -3.192 en initial L 8 con j = 3 localsearch 2 LS3 elapsedtime 55.88066506385803
[[0, 0], [0, 0], [1, 0], [1, 0], [0, 1], [2, 0], [0, 2], [0, 0], [1, 0], [0, 0], [0, 0], [0, 0], [0, 0], [1, 3], [0, 0], [0, 0]]
no mejoró -3.192 en initial L 8 con j = 7 localsearch 2 LS3 elapsedtime 56.073521852493286
[[0, 0], [0, 0], [1, 0], [0, 0], [0, 1], [2, 0], [0, 2], [1, 0], [1, 0], [0, 0], [0, 0], [0, 0], [0, 0], [1, 3], [0, 0], [0, 0]]
no mejoró -3.192 en initial L 8 con j = 9 localsearch 2 LS3 elapsedtime 56.25934290885925
[[0, 0], [0, 0], [1, 0], [0, 0], [0, 1], [2, 0], [0, 2], [0, 0], [1, 0], [1, 0], [0, 0], [0, 0], [0, 0], [1, 3], [0, 0], [0, 0]]
no mejoró -3.192 en initial L 8 con j = 10 localsearch 2 LS3 elapsedtime 56.45454478263855
[[0, 0], [0, 0], [1, 0], [0, 0], [0, 1], [2, 0], [0, 2], [0, 0], [1, 0], [0, 0], [1, 0], [0, 0], [0, 0], [1, 3], [0, 0], [0, 0]]
no mejoró -3.192 en initial L 8 con j = 11 localsearch 2 LS3 elapsedtime 56.76919889450073
[[0, 0], [0, 0], [1, 0], [0, 0], [0, 1], [2, 0], [0, 2], [0, 0], [1, 0], [0, 0], [0, 0], [1, 0], [0, 0], [1, 3], [0, 0], [0, 0]]
no mejoró -3.192 en initial L 8 con j = 12 localsearch 2 LS3 elapsedtime 56.957249879837036
[[0, 0], [0, 0], [1, 0], [0, 0], [0, 1], [2, 0], [0, 2], [0, 0], [1, 0], [0, 0], [0, 0], [0, 0], [1, 0], [1, 3], [0, 0], [0, 0]]
no mejoró -3.192 en initial L 8 con j = 14 localsearch 2 LS3 elapsedtime 57.15164875984192
[[0, 0], [0, 0], [1, 0], [0, 0], [0, 1], [2, 0], [0, 2], [0, 0], [1, 0], [0, 0], [0, 0], [0, 0], [0, 0], [1, 3], [1, 0], [0, 0]]
no mejoró -2.6075 en initial L 8 con j = 15 localsearch 2 LS3 elapsedtime 57.36753988265991
[[0, 0], [0, 0], [1, 0], [0, 0], [0, 1], [2, 0], [0, 2], [0, 0], [1, 0], [0, 0], [0, 0], [0, 0], [0, 0], [1, 3], [0, 0], [1, 0]]
no mejoró -3.192 en initial L 13 con j = 0 localsearch 2 LS3 elapsedtime 57.570361852645874
[[0, 1], [0, 0], [1, 0], [0, 0], [0, 1], [2, 0], [0, 2], [0, 0], [2, 0], [0, 0], [0, 0], [0, 0], [0, 0], [1, 2], [0, 0], [0, 0]]
no mejoró -3.192 en initial L 13 con j = 1 localsearch 2 LS3 elapsedtime 57.76594281196594
[[0, 0], [0, 1], [1, 0], [0, 0], [0, 1], [2, 0], [0, 2], [0, 0], [2, 0], [0, 0], [0, 0], [0, 0], [0, 0], [1, 2], [0, 0], [0, 0]]
no mejoró -3.192 en initial L 13 con j = 3 localsearch 2 LS3 elapsedtime 57.96744084358215
[[0, 0], [0, 0], [1, 0], [0, 1], [0, 1], [2, 0], [0, 2], [0, 0], [2, 0], [0, 0], [0, 0], [0, 0], [0, 0], [1, 2], [0, 0], [0, 0]]
no mejoró -3.192 en initial L 13 con j = 7 localsearch 2 LS3 elapsedtime 58.164795875549316
[[0, 0], [0, 0], [1, 0], [0, 0], [0, 1], [2, 0], [0, 2], [0, 1], [2, 0], [0, 0], [0, 0], [0, 0], [0, 0], [1, 2], [0, 0], [0, 0]]
no mejoró -3.192 en initial L 13 con j = 9 localsearch 2 LS3 elapsedtime 58.355480909347534
[[0, 0], [0, 0], [1, 0], [0, 0], [0, 1], [2, 0], [0, 2], [0, 0], [2, 0], [0, 1], [0, 0], [0, 0], [0, 0], [1, 2], [0, 0], [0, 0]]
no mejoró -3.192 en initial L 13 con j = 10 localsearch 2 LS3 elapsedtime 58.54746699333191
[[0, 0], [0, 0], [1, 0], [0, 0], [0, 1], [2, 0], [0, 2], [0, 0], [2, 0], [0, 0], [0, 1], [0, 0], [0, 0], [1, 2], [0, 0], [0, 0]]
no mejoró -3.192 en initial L 13 con j = 11 localsearch 2 LS3 elapsedtime 58.747894048690796
[[0, 0], [0, 0], [1, 0], [0, 0], [0, 1], [2, 0], [0, 2], [0, 0], [2, 0], [0, 0], [0, 0], [0, 1], [0, 0], [1, 2], [0, 0], [0, 0]]
no mejoró -3.192 en initial L 13 con j = 12 localsearch 2 LS3 elapsedtime 59.04586696624756
[[0, 0], [0, 0], [1, 0], [0, 0], [0, 1], [2, 0], [0, 2], [0, 0], [2, 0], [0, 0], [0, 0], [0, 0], [0, 1], [1, 2], [0, 0], [0, 0]]
no mejoró -3.192 en initial L 13 con j = 14 localsearch 2 LS3 elapsedtime 59.23673224449158
[[0, 0], [0, 0], [1, 0], [0, 0], [0, 1], [2, 0], [0, 2], [0, 0], [2, 0], [0, 0], [0, 0], [0, 0], [0, 0], [1, 2], [0, 1], [0, 0]]
no mejoró -3.0815 en initial L 13 con j = 15 localsearch 2 LS3 elapsedtime 59.432743072509766
[[0, 0], [0, 0], [1, 0], [0, 0], [0, 1], [2, 0], [0, 2], [0, 0], [2, 0], [0, 0], [0, 0], [0, 0], [0, 0], [1, 2], [0, 0], [0, 1]]
no mejoró -3.192 en initial L 2 con j = 4 localsearch 2 LS4 elapsedtime 59.627859115600586
[[0, 0], [0, 0], [0, 0], [0, 0], [1, 1], [2, 0], [0, 2], [0, 0], [2, 0], [0, 0], [0, 0], [0, 0], [0, 0], [1, 3], [0, 0], [0, 0]]
no mejoró -3.192 en initial L 2 con j = 5 localsearch 2 LS4 elapsedtime 59.799535036087036
[[0, 0], [0, 0], [0, 0], [0, 0], [0, 1], [3, 0], [0, 2], [0, 0], [2, 0], [0, 0], [0, 0], [0, 0], [0, 0], [1, 3], [0, 0], [0, 0]]
no mejoró -3.192 en initial L 2 con j = 6 localsearch 2 LS4 elapsedtime 60.01141881942749
[[0, 0], [0, 0], [0, 0], [0, 0], [0, 1], [2, 0], [1, 2], [0, 0], [2, 0], [0, 0], [0, 0], [0, 0], [0, 0], [1, 3], [0, 0], [0, 0]]
no mejoró -3.192 en initial L 2 con j = 8 localsearch 2 LS4 elapsedtime 60.21772384643555
[[0, 0], [0, 0], [0, 0], [0, 0], [0, 1], [2, 0], [0, 2], [0, 0], [3, 0], [0, 0], [0, 0], [0, 0], [0, 0], [1, 3], [0, 0], [0, 0]]
no mejoró -3.192 en initial L 2 con j = 13 localsearch 2 LS4 elapsedtime 60.40049171447754
[[0, 0], [0, 0], [0, 0], [0, 0], [0, 1], [2, 0], [0, 2], [0, 0], [2, 0], [0, 0], [0, 0], [0, 0], [0, 0], [2, 3], [0, 0], [0, 0]]
no mejoró -3.192 en initial L 4 con j = 2 localsearch 2 LS4 elapsedtime 60.58644771575928
[[0, 0], [0, 0], [1, 1], [0, 0], [0, 0], [2, 0], [0, 2], [0, 0], [2, 0], [0, 0], [0, 0], [0, 0], [0, 0], [1, 3], [0, 0], [0, 0]]
no mejoró -3.192 en initial L 4 con j = 5 localsearch 2 LS4 elapsedtime 60.76628255844116
[[0, 0], [0, 0], [1, 0], [0, 0], [0, 0], [2, 1], [0, 2], [0, 0], [2, 0], [0, 0], [0, 0], [0, 0], [0, 0], [1, 3], [0, 0], [0, 0]]
no mejoró -3.192 en initial L 4 con j = 6 localsearch 2 LS4 elapsedtime 60.92531156539917
[[0, 0], [0, 0], [1, 0], [0, 0], [0, 0], [2, 0], [0, 3], [0, 0], [2, 0], [0, 0], [0, 0], [0, 0], [0, 0], [1, 3], [0, 0], [0, 0]]
no mejoró -3.192 en initial L 4 con j = 8 localsearch 2 LS4 elapsedtime 61.10435366630554
[[0, 0], [0, 0], [1, 0], [0, 0], [0, 0], [2, 0], [0, 2], [0, 0], [2, 1], [0, 0], [0, 0], [0, 0], [0, 0], [1, 3], [0, 0], [0, 0]]
no mejoró -3.192 en initial L 4 con j = 13 localsearch 2 LS4 elapsedtime 61.38747978210449
[[0, 0], [0, 0], [1, 0], [0, 0], [0, 0], [2, 0], [0, 2], [0, 0], [2, 0], [0, 0], [0, 0], [0, 0], [0, 0], [1, 4], [0, 0], [0, 0]]
no mejoró -3.192 en initial L 5 con j = 2 localsearch 2 LS4 elapsedtime 61.54766058921814
[[0, 0], [0, 0], [3, 0], [0, 0], [0, 1], [0, 0], [0, 2], [0, 0], [2, 0], [0, 0], [0, 0], [0, 0], [0, 0], [1, 3], [0, 0], [0, 0]]
no mejoró -3.192 en initial L 5 con j = 4 localsearch 2 LS4 elapsedtime 61.74231457710266
[[0, 0], [0, 0], [1, 0], [0, 0], [2, 1], [0, 0], [0, 2], [0, 0], [2, 0], [0, 0], [0, 0], [0, 0], [0, 0], [1, 3], [0, 0], [0, 0]]
no mejoró -3.192 en initial L 5 con j = 6 localsearch 2 LS4 elapsedtime 61.93231558799744
[[0, 0], [0, 0], [1, 0], [0, 0], [0, 1], [0, 0], [2, 2], [0, 0], [2, 0], [0, 0], [0, 0], [0, 0], [0, 0], [1, 3], [0, 0], [0, 0]]
no mejoró -3.192 en initial L 5 con j = 8 localsearch 2 LS4 elapsedtime 62.103538513183594
[[0, 0], [0, 0], [1, 0], [0, 0], [0, 1], [0, 0], [0, 2], [0, 0], [4, 0], [0, 0], [0, 0], [0, 0], [0, 0], [1, 3], [0, 0], [0, 0]]
no mejoró -3.192 en initial L 5 con j = 13 localsearch 2 LS4 elapsedtime 62.277907371520996
[[0, 0], [0, 0], [1, 0], [0, 0], [0, 1], [0, 0], [0, 2], [0, 0], [2, 0], [0, 0], [0, 0], [0, 0], [0, 0], [3, 3], [0, 0], [0, 0]]
no mejoró -3.192 en initial L 6 con j = 2 localsearch 2 LS4 elapsedtime 62.457680463790894
[[0, 0], [0, 0], [1, 2], [0, 0], [0, 1], [2, 0], [0, 0], [0, 0], [2, 0], [0, 0], [0, 0], [0, 0], [0, 0], [1, 3], [0, 0], [0, 0]]
no mejoró -3.192 en initial L 6 con j = 4 localsearch 2 LS4 elapsedtime 62.623807430267334
[[0, 0], [0, 0], [1, 0], [0, 0], [0, 3], [2, 0], [0, 0], [0, 0], [2, 0], [0, 0], [0, 0], [0, 0], [0, 0], [1, 3], [0, 0], [0, 0]]
no mejoró -3.192 en initial L 6 con j = 5 localsearch 2 LS4 elapsedtime 62.80792808532715
[[0, 0], [0, 0], [1, 0], [0, 0], [0, 1], [2, 2], [0, 0], [0, 0], [2, 0], [0, 0], [0, 0], [0, 0], [0, 0], [1, 3], [0, 0], [0, 0]]
no mejoró -3.192 en initial L 6 con j = 8 localsearch 2 LS4 elapsedtime 62.982710123062134
[[0, 0], [0, 0], [1, 0], [0, 0], [0, 1], [2, 0], [0, 0], [0, 0], [2, 2], [0, 0], [0, 0], [0, 0], [0, 0], [1, 3], [0, 0], [0, 0]]
no mejoró -3.192 en initial L 6 con j = 13 localsearch 2 LS4 elapsedtime 63.149582862854004
[[0, 0], [0, 0], [1, 0], [0, 0], [0, 1], [2, 0], [0, 0], [0, 0], [2, 0], [0, 0], [0, 0], [0, 0], [0, 0], [1, 5], [0, 0], [0, 0]]
no mejoró -3.192 en initial L 8 con j = 2 localsearch 2 LS4 elapsedtime 63.317938804626465
[[0, 0], [0, 0], [3, 0], [0, 0], [0, 1], [2, 0], [0, 2], [0, 0], [0, 0], [0, 0], [0, 0], [0, 0], [0, 0], [1, 3], [0, 0], [0, 0]]
no mejoró -3.192 en initial L 8 con j = 4 localsearch 2 LS4 elapsedtime 63.50042486190796
[[0, 0], [0, 0], [1, 0], [0, 0], [2, 1], [2, 0], [0, 2], [0, 0], [0, 0], [0, 0], [0, 0], [0, 0], [0, 0], [1, 3], [0, 0], [0, 0]]
no mejoró -3.192 en initial L 8 con j = 5 localsearch 2 LS4 elapsedtime 63.77504110336304
[[0, 0], [0, 0], [1, 0], [0, 0], [0, 1], [4, 0], [0, 2], [0, 0], [0, 0], [0, 0], [0, 0], [0, 0], [0, 0], [1, 3], [0, 0], [0, 0]]
no mejoró -3.192 en initial L 8 con j = 6 localsearch 2 LS4 elapsedtime 63.95457315444946
[[0, 0], [0, 0], [1, 0], [0, 0], [0, 1], [2, 0], [2, 2], [0, 0], [0, 0], [0, 0], [0, 0], [0, 0], [0, 0], [1, 3], [0, 0], [0, 0]]
no mejoró -3.192 en initial L 8 con j = 13 localsearch 2 LS4 elapsedtime 64.14517712593079
[[0, 0], [0, 0], [1, 0], [0, 0], [0, 1], [2, 0], [0, 2], [0, 0], [0, 0], [0, 0], [0, 0], [0, 0], [0, 0], [3, 3], [0, 0], [0, 0]]
no mejoró -3.192 en initial L 13 con j = 2 localsearch 2 LS4 elapsedtime 64.32381939888
[[0, 0], [0, 0], [2, 3], [0, 0], [0, 1], [2, 0], [0, 2], [0, 0], [2, 0], [0, 0], [0, 0], [0, 0], [0, 0], [0, 0], [0, 0], [0, 0]]
no mejoró -3.192 en initial L 13 con j = 4 localsearch 2 LS4 elapsedtime 64.48973846435547
[[0, 0], [0, 0], [1, 0], [0, 0], [1, 4], [2, 0], [0, 2], [0, 0], [2, 0], [0, 0], [0, 0], [0, 0], [0, 0], [0, 0], [0, 0], [0, 0]]
no mejoró -3.192 en initial L 13 con j = 5 localsearch 2 LS4 elapsedtime 64.66848349571228
[[0, 0], [0, 0], [1, 0], [0, 0], [0, 1], [3, 3], [0, 2], [0, 0], [2, 0], [0, 0], [0, 0], [0, 0], [0, 0], [0, 0], [0, 0], [0, 0]]
no mejoró -3.192 en initial L 13 con j = 6 localsearch 2 LS4 elapsedtime 64.832754611969
[[0, 0], [0, 0], [1, 0], [0, 0], [0, 1], [2, 0], [1, 5], [0, 0], [2, 0], [0, 0], [0, 0], [0, 0], [0, 0], [0, 0], [0, 0], [0, 0]]
no mejoró -3.192 en initial L 13 con j = 8 localsearch 2 LS4 elapsedtime 65.00552678108215
[[0, 0], [0, 0], [1, 0], [0, 0], [0, 1], [2, 0], [0, 2], [0, 0], [3, 3], [0, 0], [0, 0], [0, 0], [0, 0], [0, 0], [0, 0], [0, 0]]
iteracion de GRASP # 2
