[[0, 0], [0, 0], [0, 0], [0, 0], [2, 2], [0, 0], [3, 0], [0, 0], [0, 0], [0, 0], [0, 0], [0, 0], [1, 3], [0, 0], [0, 0], [0, 0], [0, 0], [0, 0], [0, 0], [0, 0], [0, 0], [0, 0], [0, 0], [0, 0], [0, 0], [0, 0], [0, 1], [0, 0], [0, 0], [0, 0]]
 no mejoró 
[[0, 0], [0, 0], [0, 0], [0, 0], [2, 2], [0, 0], [3, 0], [0, 0], [0, 0], [0, 0], [0, 0], [0, 0], [1, 3], [0, 0], [0, 0], [0, 0], [0, 0], [0, 0], [0, 0], [0, 0], [0, 0], [0, 0], [0, 0], [0, 0], [0, 0], [0, 0], [0, 1], [0, 0], [0, 0], [0, 0]]
 no mejoró 
[[2, 2], [0, 0], [0, 0], [0, 0], [0, 0], [0, 0], [3, 0], [0, 0], [0, 0], [0, 0], [0, 0], [0, 0], [1, 3], [0, 0], [0, 0], [0, 0], [0, 0], [0, 0], [0, 0], [0, 0], [0, 0], [0, 0], [0, 0], [0, 0], [0, 0], [0, 0], [0, 1], [0, 0], [0, 0], [0, 0]]
 no mejoró 
[[0, 0], [0, 0], [2, 2], [0, 0], [0, 0], [0, 0], [3, 0], [0, 0], [0, 0], [0, 0], [0, 0], [0, 0], [1, 3], [0, 0], [0, 0], [0, 0], [0, 0], [0, 0], [0, 0], [0, 0], [0, 0], [0, 0], [0, 0], [0, 0], [0, 0], [0, 0], [0, 1], [0, 0], [0, 0], [0, 0]]
 no mejoró 
[[0, 0], [0, 0], [0, 0], [2, 2], [0, 0], [0, 0], [3, 0], [0, 0], [0, 0], [0, 0], [0, 0], [0, 0], [1, 3], [0, 0], [0, 0], [0, 0], [0, 0], [0, 0], [0, 0], [0, 0], [0, 0], [0, 0], [0, 0], [0, 0], [0, 0], [0, 0], [0, 1], [0, 0], [0, 0], [0, 0]]
 no mejoró 
[[0, 0], [0, 0], [0, 0], [0, 0], [0, 0], [0, 0], [3, 0], [2, 2], [0, 0], [0, 0], [0, 0], [0, 0], [1, 3], [0, 0], [0, 0], [0, 0], [0, 0], [0, 0], [0, 0], [0, 0], [0, 0], [0, 0], [0, 0], [0, 0], [0, 0], [0, 0], [0, 1], [0, 0], [0, 0], [0, 0]]
 no mejoró 
[[0, 0], [0, 0], [0, 0], [0, 0], [0, 0], [0, 0], [3, 0], [0, 0], [2, 2], [0, 0], [0, 0], [0, 0], [1, 3], [0, 0], [0, 0], [0, 0], [0, 0], [0, 0], [0, 0], [0, 0], [0, 0], [0, 0], [0, 0], [0, 0], [0, 0], [0, 0], [0, 1], [0, 0], [0, 0], [0, 0]]
 no mejoró 
[[0, 0], [0, 0], [0, 0], [0, 0], [0, 0], [0, 0], [3, 0], [0, 0], [0, 0], [2, 2], [0, 0], [0, 0], [1, 3], [0, 0], [0, 0], [0, 0], [0, 0], [0, 0], [0, 0], [0, 0], [0, 0], [0, 0], [0, 0], [0, 0], [0, 0], [0, 0], [0, 1], [0, 0], [0, 0], [0, 0]]
 no mejoró 
[[0, 0], [0, 0], [0, 0], [0, 0], [0, 0], [0, 0], [3, 0], [0, 0], [0, 0], [0, 0], [0, 0], [2, 2], [1, 3], [0, 0], [0, 0], [0, 0], [0, 0], [0, 0], [0, 0], [0, 0], [0, 0], [0, 0], [0, 0], [0, 0], [0, 0], [0, 0], [0, 1], [0, 0], [0, 0], [0, 0]]
 no mejoró 
[[0, 0], [0, 0], [0, 0], [0, 0], [0, 0], [0, 0], [3, 0], [0, 0], [0, 0], [0, 0], [0, 0], [0, 0], [1, 3], [2, 2], [0, 0], [0, 0], [0, 0], [0, 0], [0, 0], [0, 0], [0, 0], [0, 0], [0, 0], [0, 0], [0, 0], [0, 0], [0, 1], [0, 0], [0, 0], [0, 0]]
 no mejoró 
[[0, 0], [0, 0], [0, 0], [0, 0], [0, 0], [0, 0], [3, 0], [0, 0], [0, 0], [0, 0], [0, 0], [0, 0], [1, 3], [0, 0], [2, 2], [0, 0], [0, 0], [0, 0], [0, 0], [0, 0], [0, 0], [0, 0], [0, 0], [0, 0], [0, 0], [0, 0], [0, 1], [0, 0], [0, 0], [0, 0]]
 no mejoró 
[[0, 0], [0, 0], [0, 0], [0, 0], [0, 0], [0, 0], [3, 0], [0, 0], [0, 0], [0, 0], [0, 0], [0, 0], [1, 3], [0, 0], [0, 0], [2, 2], [0, 0], [0, 0], [0, 0], [0, 0], [0, 0], [0, 0], [0, 0], [0, 0], [0, 0], [0, 0], [0, 1], [0, 0], [0, 0], [0, 0]]
 no mejoró 
[[0, 0], [0, 0], [0, 0], [0, 0], [0, 0], [0, 0], [3, 0], [0, 0], [0, 0], [0, 0], [0, 0], [0, 0], [1, 3], [0, 0], [0, 0], [0, 0], [0, 0], [2, 2], [0, 0], [0, 0], [0, 0], [0, 0], [0, 0], [0, 0], [0, 0], [0, 0], [0, 1], [0, 0], [0, 0], [0, 0]]
 no mejoró 
[[0, 0], [0, 0], [0, 0], [0, 0], [0, 0], [0, 0], [3, 0], [0, 0], [0, 0], [0, 0], [0, 0], [0, 0], [1, 3], [0, 0], [0, 0], [0, 0], [0, 0], [0, 0], [2, 2], [0, 0], [0, 0], [0, 0], [0, 0], [0, 0], [0, 0], [0, 0], [0, 1], [0, 0], [0, 0], [0, 0]]
 no mejoró 
[[0, 0], [0, 0], [0, 0], [0, 0], [0, 0], [0, 0], [3, 0], [0, 0], [0, 0], [0, 0], [0, 0], [0, 0], [1, 3], [0, 0], [0, 0], [0, 0], [0, 0], [0, 0], [0, 0], [2, 2], [0, 0], [0, 0], [0, 0], [0, 0], [0, 0], [0, 0], [0, 1], [0, 0], [0, 0], [0, 0]]
 no mejoró 
[[0, 0], [0, 0], [0, 0], [0, 0], [0, 0], [0, 0], [3, 0], [0, 0], [0, 0], [0, 0], [0, 0], [0, 0], [1, 3], [0, 0], [0, 0], [0, 0], [0, 0], [0, 0], [0, 0], [0, 0], [2, 2], [0, 0], [0, 0], [0, 0], [0, 0], [0, 0], [0, 1], [0, 0], [0, 0], [0, 0]]
 no mejoró 
[[0, 0], [0, 0], [0, 0], [0, 0], [0, 0], [0, 0], [3, 0], [0, 0], [0, 0], [0, 0], [0, 0], [0, 0], [1, 3], [0, 0], [0, 0], [0, 0], [0, 0], [0, 0], [0, 0], [0, 0], [0, 0], [2, 2], [0, 0], [0, 0], [0, 0], [0, 0], [0, 1], [0, 0], [0, 0], [0, 0]]
 no mejoró 
[[0, 0], [0, 0], [0, 0], [0, 0], [0, 0], [0, 0], [3, 0], [0, 0], [0, 0], [0, 0], [0, 0], [0, 0], [1, 3], [0, 0], [0, 0], [0, 0], [0, 0], [0, 0], [0, 0], [0, 0], [0, 0], [0, 0], [0, 0], [2, 2], [0, 0], [0, 0], [0, 1], [0, 0], [0, 0], [0, 0]]
 no mejoró 
[[0, 0], [0, 0], [0, 0], [0, 0], [0, 0], [0, 0], [3, 0], [0, 0], [0, 0], [0, 0], [0, 0], [0, 0], [1, 3], [0, 0], [0, 0], [0, 0], [0, 0], [0, 0], [0, 0], [0, 0], [0, 0], [0, 0], [0, 0], [0, 0], [0, 0], [0, 0], [0, 1], [2, 2], [0, 0], [0, 0]]
 no mejoró 
[[0, 0], [0, 0], [0, 0], [0, 0], [0, 0], [0, 0], [3, 0], [0, 0], [0, 0], [0, 0], [0, 0], [0, 0], [1, 3], [0, 0], [0, 0], [0, 0], [0, 0], [0, 0], [0, 0], [0, 0], [0, 0], [0, 0], [0, 0], [0, 0], [0, 0], [0, 0], [0, 1], [0, 0], [2, 2], [0, 0]]
 no mejoró 
[[3, 0], [0, 0], [0, 0], [0, 0], [2, 2], [0, 0], [0, 0], [0, 0], [0, 0], [0, 0], [0, 0], [0, 0], [1, 3], [0, 0], [0, 0], [0, 0], [0, 0], [0, 0], [0, 0], [0, 0], [0, 0], [0, 0], [0, 0], [0, 0], [0, 0], [0, 0], [0, 1], [0, 0], [0, 0], [0, 0]]
 no mejoró 
[[0, 0], [3, 0], [0, 0], [0, 0], [2, 2], [0, 0], [0, 0], [0, 0], [0, 0], [0, 0], [0, 0], [0, 0], [1, 3], [0, 0], [0, 0], [0, 0], [0, 0], [0, 0], [0, 0], [0, 0], [0, 0], [0, 0], [0, 0], [0, 0], [0, 0], [0, 0], [0, 1], [0, 0], [0, 0], [0, 0]]
 no mejoró 
[[0, 0], [0, 0], [3, 0], [0, 0], [2, 2], [0, 0], [0, 0], [0, 0], [0, 0], [0, 0], [0, 0], [0, 0], [1, 3], [0, 0], [0, 0], [0, 0], [0, 0], [0, 0], [0, 0], [0, 0], [0, 0], [0, 0], [0, 0], [0, 0], [0, 0], [0, 0], [0, 1], [0, 0], [0, 0], [0, 0]]
 no mejoró 
[[0, 0], [0, 0], [0, 0], [3, 0], [2, 2], [0, 0], [0, 0], [0, 0], [0, 0], [0, 0], [0, 0], [0, 0], [1, 3], [0, 0], [0, 0], [0, 0], [0, 0], [0, 0], [0, 0], [0, 0], [0, 0], [0, 0], [0, 0], [0, 0], [0, 0], [0, 0], [0, 1], [0, 0], [0, 0], [0, 0]]
 no mejoró 
[[1, 3], [0, 0], [0, 0], [0, 0], [2, 2], [0, 0], [3, 0], [0, 0], [0, 0], [0, 0], [0, 0], [0, 0], [0, 0], [0, 0], [0, 0], [0, 0], [0, 0], [0, 0], [0, 0], [0, 0], [0, 0], [0, 0], [0, 0], [0, 0], [0, 0], [0, 0], [0, 1], [0, 0], [0, 0], [0, 0]]
 no mejoró 
[[0, 1], [0, 0], [0, 0], [0, 0], [2, 2], [0, 0], [3, 0], [0, 0], [0, 0], [0, 0], [0, 0], [0, 0], [1, 3], [0, 0], [0, 0], [0, 0], [0, 0], [0, 0], [0, 0], [0, 0], [0, 0], [0, 0], [0, 0], [0, 0], [0, 0], [0, 0], [0, 0], [0, 0], [0, 0], [0, 0]]
 no mejoró 
[[0, 0], [0, 0], [0, 0], [0, 0], [1, 1], [0, 0], [4, 1], [0, 0], [0, 0], [0, 0], [0, 0], [0, 0], [1, 3], [0, 0], [0, 0], [0, 0], [0, 0], [0, 0], [0, 0], [0, 0], [0, 0], [0, 0], [0, 0], [0, 0], [0, 0], [0, 0], [0, 1], [0, 0], [0, 0], [0, 0]]
 no mejoró 
[[0, 0], [0, 0], [0, 0], [0, 0], [1, 1], [0, 0], [3, 0], [0, 0], [0, 0], [0, 0], [0, 0], [0, 0], [2, 4], [0, 0], [0, 0], [0, 0], [0, 0], [0, 0], [0, 0], [0, 0], [0, 0], [0, 0], [0, 0], [0, 0], [0, 0], [0, 0], [0, 1], [0, 0], [0, 0], [0, 0]]
 no mejoró 
[[0, 0], [0, 0], [0, 0], [0, 0], [1, 1], [0, 0], [3, 0], [0, 0], [0, 0], [0, 0], [0, 0], [0, 0], [1, 3], [0, 0], [0, 0], [0, 0], [0, 0], [0, 0], [0, 0], [0, 0], [0, 0], [0, 0], [0, 0], [0, 0], [0, 0], [0, 0], [1, 2], [0, 0], [0, 0], [0, 0]]
 no mejoró 
[[0, 0], [0, 0], [0, 0], [0, 0], [3, 2], [0, 0], [2, 0], [0, 0], [0, 0], [0, 0], [0, 0], [0, 0], [1, 3], [0, 0], [0, 0], [0, 0], [0, 0], [0, 0], [0, 0], [0, 0], [0, 0], [0, 0], [0, 0], [0, 0], [0, 0], [0, 0], [0, 1], [0, 0], [0, 0], [0, 0]]
 no mejoró 
[[0, 0], [0, 0], [0, 0], [0, 0], [2, 2], [0, 0], [2, 0], [0, 0], [0, 0], [0, 0], [0, 0], [0, 0], [2, 3], [0, 0], [0, 0], [0, 0], [0, 0], [0, 0], [0, 0], [0, 0], [0, 0], [0, 0], [0, 0], [0, 0], [0, 0], [0, 0], [0, 1], [0, 0], [0, 0], [0, 0]]
 no mejoró 
[[0, 0], [0, 0], [0, 0], [0, 0], [2, 2], [0, 0], [2, 0], [0, 0], [0, 0], [0, 0], [0, 0], [0, 0], [1, 3], [0, 0], [0, 0], [0, 0], [0, 0], [0, 0], [0, 0], [0, 0], [0, 0], [0, 0], [0, 0], [0, 0], [0, 0], [0, 0], [1, 1], [0, 0], [0, 0], [0, 0]]
 no mejoró 
[[0, 0], [0, 0], [0, 0], [0, 0], [2, 3], [0, 0], [3, 0], [0, 0], [0, 0], [0, 0], [0, 0], [0, 0], [1, 2], [0, 0], [0, 0], [0, 0], [0, 0], [0, 0], [0, 0], [0, 0], [0, 0], [0, 0], [0, 0], [0, 0], [0, 0], [0, 0], [0, 1], [0, 0], [0, 0], [0, 0]]
 no mejoró 
[[0, 0], [0, 0], [0, 0], [0, 0], [2, 2], [0, 0], [3, 1], [0, 0], [0, 0], [0, 0], [0, 0], [0, 0], [1, 2], [0, 0], [0, 0], [0, 0], [0, 0], [0, 0], [0, 0], [0, 0], [0, 0], [0, 0], [0, 0], [0, 0], [0, 0], [0, 0], [0, 1], [0, 0], [0, 0], [0, 0]]
 no mejoró 
[[0, 0], [0, 0], [0, 0], [0, 0], [2, 2], [0, 0], [3, 0], [0, 0], [0, 0], [0, 0], [0, 0], [0, 0], [1, 2], [0, 0], [0, 0], [0, 0], [0, 0], [0, 0], [0, 0], [0, 0], [0, 0], [0, 0], [0, 0], [0, 0], [0, 0], [0, 0], [0, 2], [0, 0], [0, 0], [0, 0]]
 no mejoró 
[[1, 1], [0, 0], [0, 0], [0, 0], [1, 1], [0, 0], [3, 0], [0, 0], [0, 0], [0, 0], [0, 0], [0, 0], [1, 3], [0, 0], [0, 0], [0, 0], [0, 0], [0, 0], [0, 0], [0, 0], [0, 0], [0, 0], [0, 0], [0, 0], [0, 0], [0, 0], [0, 1], [0, 0], [0, 0], [0, 0]]
 no mejoró 
[[0, 0], [0, 0], [1, 1], [0, 0], [1, 1], [0, 0], [3, 0], [0, 0], [0, 0], [0, 0], [0, 0], [0, 0], [1, 3], [0, 0], [0, 0], [0, 0], [0, 0], [0, 0], [0, 0], [0, 0], [0, 0], [0, 0], [0, 0], [0, 0], [0, 0], [0, 0], [0, 1], [0, 0], [0, 0], [0, 0]]
 no mejoró 
[[0, 0], [0, 0], [0, 0], [1, 1], [1, 1], [0, 0], [3, 0], [0, 0], [0, 0], [0, 0], [0, 0], [0, 0], [1, 3], [0, 0], [0, 0], [0, 0], [0, 0], [0, 0], [0, 0], [0, 0], [0, 0], [0, 0], [0, 0], [0, 0], [0, 0], [0, 0], [0, 1], [0, 0], [0, 0], [0, 0]]
 no mejoró 
[[0, 0], [0, 0], [0, 0], [0, 0], [1, 1], [1, 1], [3, 0], [0, 0], [0, 0], [0, 0], [0, 0], [0, 0], [1, 3], [0, 0], [0, 0], [0, 0], [0, 0], [0, 0], [0, 0], [0, 0], [0, 0], [0, 0], [0, 0], [0, 0], [0, 0], [0, 0], [0, 1], [0, 0], [0, 0], [0, 0]]
 no mejoró 
[[0, 0], [0, 0], [0, 0], [0, 0], [1, 1], [0, 0], [3, 0], [1, 1], [0, 0], [0, 0], [0, 0], [0, 0], [1, 3], [0, 0], [0, 0], [0, 0], [0, 0], [0, 0], [0, 0], [0, 0], [0, 0], [0, 0], [0, 0], [0, 0], [0, 0], [0, 0], [0, 1], [0, 0], [0, 0], [0, 0]]
 no mejoró 
[[0, 0], [0, 0], [0, 0], [0, 0], [1, 1], [0, 0], [3, 0], [0, 0], [1, 1], [0, 0], [0, 0], [0, 0], [1, 3], [0, 0], [0, 0], [0, 0], [0, 0], [0, 0], [0, 0], [0, 0], [0, 0], [0, 0], [0, 0], [0, 0], [0, 0], [0, 0], [0, 1], [0, 0], [0, 0], [0, 0]]
 no mejoró 
[[0, 0], [0, 0], [0, 0], [0, 0], [1, 1], [0, 0], [3, 0], [0, 0], [0, 0], [1, 1], [0, 0], [0, 0], [1, 3], [0, 0], [0, 0], [0, 0], [0, 0], [0, 0], [0, 0], [0, 0], [0, 0], [0, 0], [0, 0], [0, 0], [0, 0], [0, 0], [0, 1], [0, 0], [0, 0], [0, 0]]
 no mejoró 
[[0, 0], [0, 0], [0, 0], [0, 0], [1, 1], [0, 0], [3, 0], [0, 0], [0, 0], [0, 0], [1, 1], [0, 0], [1, 3], [0, 0], [0, 0], [0, 0], [0, 0], [0, 0], [0, 0], [0, 0], [0, 0], [0, 0], [0, 0], [0, 0], [0, 0], [0, 0], [0, 1], [0, 0], [0, 0], [0, 0]]
 no mejoró 
[[0, 0], [0, 0], [0, 0], [0, 0], [1, 1], [0, 0], [3, 0], [0, 0], [0, 0], [0, 0], [0, 0], [0, 0], [1, 3], [1, 1], [0, 0], [0, 0], [0, 0], [0, 0], [0, 0], [0, 0], [0, 0], [0, 0], [0, 0], [0, 0], [0, 0], [0, 0], [0, 1], [0, 0], [0, 0], [0, 0]]
 no mejoró 
[[0, 0], [0, 0], [0, 0], [0, 0], [1, 1], [0, 0], [3, 0], [0, 0], [0, 0], [0, 0], [0, 0], [0, 0], [1, 3], [0, 0], [1, 1], [0, 0], [0, 0], [0, 0], [0, 0], [0, 0], [0, 0], [0, 0], [0, 0], [0, 0], [0, 0], [0, 0], [0, 1], [0, 0], [0, 0], [0, 0]]
 no mejoró 
[[0, 0], [0, 0], [0, 0], [0, 0], [1, 1], [0, 0], [3, 0], [0, 0], [0, 0], [0, 0], [0, 0], [0, 0], [1, 3], [0, 0], [0, 0], [1, 1], [0, 0], [0, 0], [0, 0], [0, 0], [0, 0], [0, 0], [0, 0], [0, 0], [0, 0], [0, 0], [0, 1], [0, 0], [0, 0], [0, 0]]
 no mejoró 
[[0, 0], [0, 0], [0, 0], [0, 0], [1, 1], [0, 0], [3, 0], [0, 0], [0, 0], [0, 0], [0, 0], [0, 0], [1, 3], [0, 0], [0, 0], [0, 0], [0, 0], [1, 1], [0, 0], [0, 0], [0, 0], [0, 0], [0, 0], [0, 0], [0, 0], [0, 0], [0, 1], [0, 0], [0, 0], [0, 0]]
 no mejoró 
[[0, 0], [0, 0], [0, 0], [0, 0], [1, 1], [0, 0], [3, 0], [0, 0], [0, 0], [0, 0], [0, 0], [0, 0], [1, 3], [0, 0], [0, 0], [0, 0], [0, 0], [0, 0], [1, 1], [0, 0], [0, 0], [0, 0], [0, 0], [0, 0], [0, 0], [0, 0], [0, 1], [0, 0], [0, 0], [0, 0]]
 no mejoró 
[[0, 0], [0, 0], [0, 0], [0, 0], [1, 1], [0, 0], [3, 0], [0, 0], [0, 0], [0, 0], [0, 0], [0, 0], [1, 3], [0, 0], [0, 0], [0, 0], [0, 0], [0, 0], [0, 0], [1, 1], [0, 0], [0, 0], [0, 0], [0, 0], [0, 0], [0, 0], [0, 1], [0, 0], [0, 0], [0, 0]]
 no mejoró 
[[0, 0], [0, 0], [0, 0], [0, 0], [1, 1], [0, 0], [3, 0], [0, 0], [0, 0], [0, 0], [0, 0], [0, 0], [1, 3], [0, 0], [0, 0], [0, 0], [0, 0], [0, 0], [0, 0], [0, 0], [1, 1], [0, 0], [0, 0], [0, 0], [0, 0], [0, 0], [0, 1], [0, 0], [0, 0], [0, 0]]
 no mejoró 
[[0, 0], [0, 0], [0, 0], [0, 0], [1, 1], [0, 0], [3, 0], [0, 0], [0, 0], [0, 0], [0, 0], [0, 0], [1, 3], [0, 0], [0, 0], [0, 0], [0, 0], [0, 0], [0, 0], [0, 0], [0, 0], [1, 1], [0, 0], [0, 0], [0, 0], [0, 0], [0, 1], [0, 0], [0, 0], [0, 0]]
 no mejoró 
[[0, 0], [0, 0], [0, 0], [0, 0], [1, 1], [0, 0], [3, 0], [0, 0], [0, 0], [0, 0], [0, 0], [0, 0], [1, 3], [0, 0], [0, 0], [0, 0], [0, 0], [0, 0], [0, 0], [0, 0], [0, 0], [0, 0], [1, 1], [0, 0], [0, 0], [0, 0], [0, 1], [0, 0], [0, 0], [0, 0]]
 no mejoró 
[[0, 0], [0, 0], [0, 0], [0, 0], [1, 1], [0, 0], [3, 0], [0, 0], [0, 0], [0, 0], [0, 0], [0, 0], [1, 3], [0, 0], [0, 0], [0, 0], [0, 0], [0, 0], [0, 0], [0, 0], [0, 0], [0, 0], [0, 0], [1, 1], [0, 0], [0, 0], [0, 1], [0, 0], [0, 0], [0, 0]]
 no mejoró 
[[0, 0], [0, 0], [0, 0], [0, 0], [1, 1], [0, 0], [3, 0], [0, 0], [0, 0], [0, 0], [0, 0], [0, 0], [1, 3], [0, 0], [0, 0], [0, 0], [0, 0], [0, 0], [0, 0], [0, 0], [0, 0], [0, 0], [0, 0], [0, 0], [1, 1], [0, 0], [0, 1], [0, 0], [0, 0], [0, 0]]
 no mejoró 
[[0, 0], [0, 0], [0, 0], [0, 0], [1, 1], [0, 0], [3, 0], [0, 0], [0, 0], [0, 0], [0, 0], [0, 0], [1, 3], [0, 0], [0, 0], [0, 0], [0, 0], [0, 0], [0, 0], [0, 0], [0, 0], [0, 0], [0, 0], [0, 0], [0, 0], [1, 1], [0, 1], [0, 0], [0, 0], [0, 0]]
 no mejoró 
[[0, 0], [0, 0], [0, 0], [0, 0], [1, 1], [0, 0], [3, 0], [0, 0], [0, 0], [0, 0], [0, 0], [0, 0], [1, 3], [0, 0], [0, 0], [0, 0], [0, 0], [0, 0], [0, 0], [0, 0], [0, 0], [0, 0], [0, 0], [0, 0], [0, 0], [0, 0], [0, 1], [1, 1], [0, 0], [0, 0]]
 no mejoró 
[[0, 0], [0, 0], [0, 0], [0, 0], [1, 1], [0, 0], [3, 0], [0, 0], [0, 0], [0, 0], [0, 0], [0, 0], [1, 3], [0, 0], [0, 0], [0, 0], [0, 0], [0, 0], [0, 0], [0, 0], [0, 0], [0, 0], [0, 0], [0, 0], [0, 0], [0, 0], [0, 1], [0, 0], [1, 1], [0, 0]]
 no mejoró 
[[0, 0], [0, 0], [0, 0], [0, 0], [1, 1], [0, 0], [3, 0], [0, 0], [0, 0], [0, 0], [0, 0], [0, 0], [1, 3], [0, 0], [0, 0], [0, 0], [0, 0], [0, 0], [0, 0], [0, 0], [0, 0], [0, 0], [0, 0], [0, 0], [0, 0], [0, 0], [0, 1], [0, 0], [0, 0], [1, 1]]
 no mejoró 
[[0, 0], [1, 0], [0, 0], [0, 0], [2, 2], [0, 0], [2, 0], [0, 0], [0, 0], [0, 0], [0, 0], [0, 0], [1, 3], [0, 0], [0, 0], [0, 0], [0, 0], [0, 0], [0, 0], [0, 0], [0, 0], [0, 0], [0, 0], [0, 0], [0, 0], [0, 0], [0, 1], [0, 0], [0, 0], [0, 0]]
 no mejoró 
[[0, 0], [0, 0], [1, 0], [0, 0], [2, 2], [0, 0], [2, 0], [0, 0], [0, 0], [0, 0], [0, 0], [0, 0], [1, 3], [0, 0], [0, 0], [0, 0], [0, 0], [0, 0], [0, 0], [0, 0], [0, 0], [0, 0], [0, 0], [0, 0], [0, 0], [0, 0], [0, 1], [0, 0], [0, 0], [0, 0]]
 no mejoró 
[[0, 0], [0, 0], [0, 0], [0, 0], [2, 2], [1, 0], [2, 0], [0, 0], [0, 0], [0, 0], [0, 0], [0, 0], [1, 3], [0, 0], [0, 0], [0, 0], [0, 0], [0, 0], [0, 0], [0, 0], [0, 0], [0, 0], [0, 0], [0, 0], [0, 0], [0, 0], [0, 1], [0, 0], [0, 0], [0, 0]]
 no mejoró 
[[0, 1], [0, 0], [0, 0], [0, 0], [2, 2], [0, 0], [3, 0], [0, 0], [0, 0], [0, 0], [0, 0], [0, 0], [1, 2], [0, 0], [0, 0], [0, 0], [0, 0], [0, 0], [0, 0], [0, 0], [0, 0], [0, 0], [0, 0], [0, 0], [0, 0], [0, 0], [0, 1], [0, 0], [0, 0], [0, 0]]
 no mejoró 
[[0, 0], [0, 0], [0, 0], [0, 0], [0, 0], [0, 0], [5, 2], [0, 0], [0, 0], [0, 0], [0, 0], [0, 0], [1, 3], [0, 0], [0, 0], [0, 0], [0, 0], [0, 0], [0, 0], [0, 0], [0, 0], [0, 0], [0, 0], [0, 0], [0, 0], [0, 0], [0, 1], [0, 0], [0, 0], [0, 0]]
 no mejoró 
[[0, 0], [0, 0], [0, 0], [0, 0], [0, 0], [0, 0], [3, 0], [0, 0], [0, 0], [0, 0], [0, 0], [0, 0], [1, 3], [0, 0], [0, 0], [0, 0], [0, 0], [0, 0], [0, 0], [0, 0], [0, 0], [0, 0], [0, 0], [0, 0], [0, 0], [0, 0], [2, 3], [0, 0], [0, 0], [0, 0]]
 no mejoró 
[[0, 0], [0, 0], [0, 0], [0, 0], [2, 2], [0, 0], [0, 0], [0, 0], [0, 0], [0, 0], [0, 0], [0, 0], [4, 3], [0, 0], [0, 0], [0, 0], [0, 0], [0, 0], [0, 0], [0, 0], [0, 0], [0, 0], [0, 0], [0, 0], [0, 0], [0, 0], [0, 1], [0, 0], [0, 0], [0, 0]]
 no mejoró 
[[0, 0], [0, 0], [0, 0], [0, 0], [2, 2], [0, 0], [0, 0], [0, 0], [0, 0], [0, 0], [0, 0], [0, 0], [1, 3], [0, 0], [0, 0], [0, 0], [0, 0], [0, 0], [0, 0], [0, 0], [0, 0], [0, 0], [0, 0], [0, 0], [0, 0], [0, 0], [3, 1], [0, 0], [0, 0], [0, 0]]
 no mejoró 
[[0, 0], [0, 0], [0, 0], [0, 0], [3, 5], [0, 0], [3, 0], [0, 0], [0, 0], [0, 0], [0, 0], [0, 0], [0, 0], [0, 0], [0, 0], [0, 0], [0, 0], [0, 0], [0, 0], [0, 0], [0, 0], [0, 0], [0, 0], [0, 0], [0, 0], [0, 0], [0, 1], [0, 0], [0, 0], [0, 0]]
 no mejoró 
[[0, 0], [0, 0], [0, 0], [0, 0], [2, 2], [0, 0], [4, 3], [0, 0], [0, 0], [0, 0], [0, 0], [0, 0], [0, 0], [0, 0], [0, 0], [0, 0], [0, 0], [0, 0], [0, 0], [0, 0], [0, 0], [0, 0], [0, 0], [0, 0], [0, 0], [0, 0], [0, 1], [0, 0], [0, 0], [0, 0]]
 no mejoró 
[[0, 0], [0, 0], [0, 0], [0, 0], [2, 2], [0, 0], [3, 0], [0, 0], [0, 0], [0, 0], [0, 0], [0, 0], [0, 0], [0, 0], [0, 0], [0, 0], [0, 0], [0, 0], [0, 0], [0, 0], [0, 0], [0, 0], [0, 0], [0, 0], [0, 0], [0, 0], [1, 4], [0, 0], [0, 0], [0, 0]]
 no mejoró 
[[0, 0], [0, 0], [0, 0], [0, 0], [2, 3], [0, 0], [3, 0], [0, 0], [0, 0], [0, 0], [0, 0], [0, 0], [1, 3], [0, 0], [0, 0], [0, 0], [0, 0], [0, 0], [0, 0], [0, 0], [0, 0], [0, 0], [0, 0], [0, 0], [0, 0], [0, 0], [0, 0], [0, 0], [0, 0], [0, 0]]
 no mejoró 
[[0, 0], [0, 0], [0, 0], [0, 0], [2, 2], [0, 0], [3, 1], [0, 0], [0, 0], [0, 0], [0, 0], [0, 0], [1, 3], [0, 0], [0, 0], [0, 0], [0, 0], [0, 0], [0, 0], [0, 0], [0, 0], [0, 0], [0, 0], [0, 0], [0, 0], [0, 0], [0, 0], [0, 0], [0, 0], [0, 0]]
 no mejoró 
[[0, 0], [0, 0], [0, 0], [0, 0], [2, 2], [0, 0], [3, 0], [0, 0], [0, 0], [0, 0], [0, 0], [0, 0], [1, 4], [0, 0], [0, 0], [0, 0], [0, 0], [0, 0], [0, 0], [0, 0], [0, 0], [0, 0], [0, 0], [0, 0], [0, 0], [0, 0], [0, 0], [0, 0], [0, 0], [0, 0]]
iteracion de GRASP # 89
