[[1, 1], [0, 0], [0, 0], [0, 0], [0, 0], [0, 0], [0, 0], [0, 1], [0, 0], [0, 0], [2, 3], [0, 1], [0, 0], [0, 0], [1, 0], [2, 0]]
 no mejoró 
[[1, 1], [0, 0], [0, 0], [0, 0], [0, 0], [0, 0], [0, 0], [0, 1], [0, 0], [0, 0], [2, 3], [0, 1], [0, 0], [0, 0], [1, 0], [2, 0]]
 no mejoró 
[[0, 0], [0, 0], [0, 0], [0, 0], [0, 0], [0, 0], [0, 0], [0, 1], [1, 1], [0, 0], [2, 3], [0, 1], [0, 0], [0, 0], [1, 0], [2, 0]]
 no mejoró 
[[1, 1], [0, 0], [0, 0], [0, 0], [0, 0], [0, 1], [0, 0], [0, 0], [0, 0], [0, 0], [2, 3], [0, 1], [0, 0], [0, 0], [1, 0], [2, 0]]
 no mejoró 
[[1, 1], [0, 0], [0, 0], [0, 0], [0, 0], [0, 0], [0, 0], [0, 0], [0, 1], [0, 0], [2, 3], [0, 1], [0, 0], [0, 0], [1, 0], [2, 0]]
 no mejoró 
[[1, 1], [0, 0], [2, 3], [0, 0], [0, 0], [0, 0], [0, 0], [0, 1], [0, 0], [0, 0], [0, 0], [0, 1], [0, 0], [0, 0], [1, 0], [2, 0]]
 no mejoró 
[[1, 1], [0, 0], [0, 0], [0, 0], [0, 0], [0, 0], [0, 0], [0, 1], [0, 1], [0, 0], [2, 3], [0, 0], [0, 0], [0, 0], [1, 0], [2, 0]]
 no mejoró 
[[1, 1], [0, 0], [0, 0], [0, 0], [1, 0], [0, 0], [0, 0], [0, 1], [0, 0], [0, 0], [2, 3], [0, 1], [0, 0], [0, 0], [0, 0], [2, 0]]
 no mejoró 
[[1, 1], [2, 0], [0, 0], [0, 0], [0, 0], [0, 0], [0, 0], [0, 1], [0, 0], [0, 0], [2, 3], [0, 1], [0, 0], [0, 0], [1, 0], [0, 0]]
iteracion de GRASP # 29
