1 Delayed_1 4 1 990 1
1 Delayed_1 16 1 990 1
3 Delayed_3 3 1 268 1
3 Delayed_3 4 1 268 1
3 Delayed_3 7 1 268 1
3 Delayed_3 8 1 268 1
3 Delayed_3 10 1 268 1
4 Delayed_4 1 1 1081 1
4 Delayed_4 6 1 508 1
4 Delayed_4 7 1 268 1
5 Delayed_5 5 1 773 1
6 Delayed_6 5 1 118 1
6 Delayed_6 12 1 853 1
6 Delayed_6 15 1 118 1
6 Delayed_6 15 1 853 1
7 Delayed_7 3 1 766 1
7 Delayed_7 3 1 840 1
7 Delayed_7 7 1 902 1
8 Delayed_8 2 1 814 1
8 Delayed_8 3 1 638 1
8 Delayed_8 12 1 638 1
8 Delayed_8 13 1 738 1
9 Delayed_9 1 1 885 1
10 Delayed_10 3 1 351 1
10 Delayed_10 3 1 493 1
10 Delayed_10 16 1 351 1
11 Delayed_11 13 1 737 1
12 Delayed_12 1 1 593 1
13 Delayed_13 4 1 698 1
15 Delayed_15 4 1 834 1
15 Delayed_15 15 1 834 1
15 Delayed_15 15 1 1174 1
16 Delayed_16 9 1 1224 1
16 Delayed_16 10 1 1224 1
17 Delayed_17 4 1 681 1
17 Delayed_17 6 1 681 1
18 Delayed_18 11 1 968 1
18 Delayed_18 13 1 968 1
20 Delayed_20 1 1 397 1
20 Delayed_20 4 1 831 1
20 Delayed_20 5 1 805 1
20 Delayed_20 6 1 805 1
21 Delayed_21 4 1 259 1
21 Delayed_21 15 1 639 1
22 Delayed_22 16 1 576 1
23 Delayed_23 13 1 728 1
24 Delayed_24 12 1 173 1
25 Delayed_25 14 1 431 1
26 Delayed_26 2 1 1049 1
27 Delayed_27 9 1 1171 1
28 Delayed_28 3 1 1004 1
30 Delayed_30 16 1 1182 1
32 Delayed_32 1 1 1002 1
32 Delayed_32 3 1 584 1
32 Delayed_32 3 1 668 1
32 Delayed_32 6 1 584 1
32 Delayed_32 16 1 584 1
33 Delayed_33 11 1 1255 1
35 Delayed_35 6 1 1055 1
35 Delayed_35 16 1 1055 1
36 Delayed_36 5 1 494 1
36 Delayed_36 11 1 494 1
36 Delayed_36 12 1 494 1
37 Delayed_37 11 1 741 1
37 Delayed_37 12 1 1043 1
37 Delayed_37 16 1 387 1
38 Delayed_38 1 1 1124 1
38 Delayed_38 4 1 430 1
38 Delayed_38 7 1 430 1
38 Delayed_38 16 1 430 1
40 Delayed_40 1 1 717 1
40 Delayed_40 3 1 360 1
41 Delayed_41 6 1 653 1
41 Delayed_41 10 1 677 1
41 Delayed_41 11 1 870 1
42 Delayed_42 3 1 858 1
42 Delayed_42 4 1 651 1
42 Delayed_42 13 1 651 1
42 Delayed_42 15 1 651 1
44 Delayed_44 6 1 629 1
45 Delayed_45 4 1 428 1
45 Delayed_45 12 1 1209 1
45 Delayed_45 15 1 1209 1
47 Delayed_47 7 1 995 1
47 Delayed_47 16 1 773 1
48 Delayed_48 1 1 913 1
48 Delayed_48 7 1 819 1
48 Delayed_48 11 1 1006 1
49 Delayed_49 5 1 1042 1
49 Delayed_49 12 1 1042 1
49 Delayed_49 16 1 491 1
50 Delayed_50 4 1 322 1
50 Delayed_50 4 1 1190 1
51 Delayed_51 5 1 626 1
52 Delayed_52 4 1 606 1
52 Delayed_52 11 1 984 1
53 Delayed_53 7 1 1191 1
56 Delayed_56 1 1 883 1
58 Delayed_58 5 1 1068 1
60 Delayed_60 10 1 1000 1
60 Delayed_60 16 1 1000 1
61 Delayed_61 6 1 817 1
62 Delayed_62 5 1 751 1
62 Delayed_62 9 1 784 1
63 Delayed_63 3 1 765 1
63 Delayed_63 10 1 876 1
64 Delayed_64 7 1 854 1
67 Delayed_67 16 1 641 1
68 Delayed_68 3 1 1024 1
68 Delayed_68 3 1 1318 1
68 Delayed_68 14 1 1163 1
68 Delayed_68 16 1 1024 1
69 Delayed_69 11 1 718 1
69 Delayed_69 15 1 718 1
69 Delayed_69 15 1 1322 1
71 Delayed_71 4 1 428 1
71 Delayed_71 5 1 428 1
71 Delayed_71 9 1 428 1
71 Delayed_71 16 1 428 1
72 Delayed_72 3 1 622 1
72 Delayed_72 13 1 622 1
72 Delayed_72 14 1 622 1
74 Delayed_74 7 1 847 1
75 Delayed_75 13 1 1153 1
76 Delayed_76 9 1 725 1
77 Delayed_77 4 1 900 1
77 Delayed_77 5 1 887 1
77 Delayed_77 7 1 887 1
78 Delayed_78 3 1 896 1
78 Delayed_78 4 1 985 1
78 Delayed_78 6 1 896 1
78 Delayed_78 16 1 740 1
79 Delayed_79 2 1 240 1
79 Delayed_79 16 1 561 1
79 Delayed_79 16 1 657 1
81 Delayed_81 15 1 994 1
81 Delayed_81 15 1 1252 1
82 Delayed_82 4 1 123 1
82 Delayed_82 13 1 123 1
83 Delayed_83 9 1 145 1
84 Delayed_84 1 1 1183 1
84 Delayed_84 4 1 438 1
85 Delayed_85 16 1 783 1
86 Delayed_86 5 1 147 1
87 Delayed_87 9 1 715 1
87 Delayed_87 14 1 324 1
89 Delayed_89 10 1 440 1
90 Delayed_90 9 1 660 1
90 Delayed_90 14 1 660 1
92 Delayed_92 9 1 588 1
92 Delayed_92 15 1 588 1
93 Delayed_93 1 1 1126 1
93 Delayed_93 3 1 589 1
93 Delayed_93 4 1 587 1
93 Delayed_93 6 1 589 1
93 Delayed_93 13 1 589 1
93 Delayed_93 15 1 477 1
93 Delayed_93 15 1 587 1
94 Delayed_94 4 1 1180 1
95 Delayed_95 10 1 977 1
97 Delayed_97 7 1 787 1
97 Delayed_97 9 1 1128 1
97 Delayed_97 11 1 787 1
97 Delayed_97 15 1 787 1
97 Delayed_97 15 1 898 1
97 Delayed_97 16 1 1264 1
98 Delayed_98 4 1 731 1
101 Delayed_101 4 1 630 1
101 Delayed_101 10 1 330 1
102 Delayed_102 1 1 905 1
102 Delayed_102 7 1 749 1
102 Delayed_102 16 1 554 1
103 Delayed_103 3 1 850 1
104 Delayed_104 6 1 591 1
105 Delayed_105 3 1 1013 1
106 Delayed_106 4 1 1098 1
106 Delayed_106 5 1 1098 1
107 Delayed_107 9 1 988 1
110 Delayed_110 7 1 718 1
110 Delayed_110 16 1 673 1
110 Delayed_110 16 1 718 1
111 Delayed_111 4 1 319 1
111 Delayed_111 4 1 817 1
111 Delayed_111 5 1 817 1
111 Delayed_111 10 1 817 1
112 Delayed_112 11 1 431 1
114 Delayed_114 1 1 282 1
115 Delayed_115 7 1 630 1
115 Delayed_115 16 1 630 1
116 Delayed_116 3 1 1049 1
116 Delayed_116 14 1 845 1
117 Delayed_117 6 1 577 1
118 Delayed_118 10 1 616 1
119 Delayed_119 2 1 789 1
119 Delayed_119 6 1 1387 1
119 Delayed_119 10 1 1113 1
120 Delayed_120 4 1 160 1
120 Delayed_120 10 1 762 1
120 Delayed_120 16 1 160 1
121 Delayed_121 1 1 579 1
122 Delayed_122 7 1 1019 1
122 Delayed_122 14 1 1019 1
124 Delayed_124 3 1 1127 1
125 Delayed_125 3 1 653 1
125 Delayed_125 3 1 1018 1
125 Delayed_125 7 1 1018 1
125 Delayed_125 16 1 721 1
126 Delayed_126 9 1 617 1
126 Delayed_126 13 1 1023 1
126 Delayed_126 16 1 729 1
127 Delayed_127 9 1 304 1
128 Delayed_128 3 1 250 1
128 Delayed_128 4 1 250 1
128 Delayed_128 7 1 250 1
130 Delayed_130 15 1 870 1
132 Delayed_132 8 1 1168 1
134 Delayed_134 1 1 488 1
134 Delayed_134 4 1 977 1
134 Delayed_134 5 1 136 1
134 Delayed_134 6 1 136 1
134 Delayed_134 8 1 977 1
135 Delayed_135 1 1 860 1
136 Delayed_136 6 1 440 1
136 Delayed_136 11 1 440 1
136 Delayed_136 12 1 806 1
136 Delayed_136 13 1 440 1
138 Delayed_138 14 1 1237 1
139 Delayed_139 3 1 1120 1
140 Delayed_140 14 1 995 1
141 Delayed_141 16 1 571 1
142 Delayed_142 1 1 744 1
142 Delayed_142 7 1 1255 1
142 Delayed_142 11 1 513 1
143 Delayed_143 4 1 410 1
144 Delayed_144 16 1 919 1
145 Delayed_145 14 1 1392 1
146 Delayed_146 1 1 532 1
146 Delayed_146 3 1 715 1
146 Delayed_146 3 1 741 1
147 Delayed_147 6 1 459 1
147 Delayed_147 7 1 361 1
147 Delayed_147 13 1 361 1
147 Delayed_147 15 1 386 1
148 Delayed_148 9 1 827 1
149 Delayed_149 1 1 750 1
149 Delayed_149 2 1 901 1
151 Delayed_151 12 1 624 1
152 Delayed_152 4 1 693 1
152 Delayed_152 10 1 693 1
153 Delayed_153 1 1 481 1
153 Delayed_153 7 1 497 1
154 Delayed_154 11 1 290 1
154 Delayed_154 14 1 462 1
155 Delayed_155 1 1 238 1
155 Delayed_155 15 1 758 1
156 Delayed_156 6 1 1417 1
156 Delayed_156 16 1 473 1
156 Delayed_156 16 1 1417 1
157 Delayed_157 10 1 803 1
159 Delayed_159 4 1 1386 1
159 Delayed_159 8 1 505 1
160 Delayed_160 3 1 429 1
160 Delayed_160 3 1 860 1
161 Delayed_161 2 1 476 1
161 Delayed_161 4 1 1177 1
161 Delayed_161 12 1 1003 1
161 Delayed_161 16 1 485 1
164 Delayed_164 1 1 871 1
164 Delayed_164 10 1 871 1
164 Delayed_164 11 1 1030 1
165 Delayed_165 3 1 636 1
165 Delayed_165 6 1 636 1
166 Delayed_166 7 1 766 1
167 Delayed_167 7 1 1164 1
167 Delayed_167 15 1 1164 1
168 Delayed_168 2 1 807 1
169 Delayed_169 4 1 1033 1
169 Delayed_169 16 1 340 1
170 Delayed_170 1 1 1044 1
170 Delayed_170 11 1 636 1
171 Delayed_171 3 1 747 1
171 Delayed_171 13 1 747 1
172 Delayed_172 1 1 1141 1
172 Delayed_172 9 1 782 1
172 Delayed_172 11 1 782 1
173 Delayed_173 5 1 985 1
173 Delayed_173 7 1 735 1
174 Delayed_174 1 1 689 1
174 Delayed_174 15 1 1311 1
175 Delayed_175 4 1 821 1
175 Delayed_175 5 1 1437 1
175 Delayed_175 7 1 862 1
175 Delayed_175 9 1 680 1
176 Delayed_176 2 1 400 1
176 Delayed_176 6 1 830 1
176 Delayed_176 7 1 999 1
176 Delayed_176 16 1 999 1
178 Delayed_178 11 1 569 1
178 Delayed_178 13 1 1180 1
178 Delayed_178 16 1 709 1
179 Delayed_179 2 1 399 1
179 Delayed_179 10 1 898 1
180 Delayed_180 8 1 1162 1
181 Delayed_181 1 1 825 1
181 Delayed_181 3 1 763 1
182 Delayed_182 4 1 387 1
182 Delayed_182 7 1 387 1
182 Delayed_182 8 1 1430 1
183 Delayed_183 4 1 971 1
185 Delayed_185 1 1 838 1
185 Delayed_185 4 1 898 1
185 Delayed_185 5 1 902 1
185 Delayed_185 7 1 902 1
185 Delayed_185 11 1 902 1
185 Delayed_185 12 1 902 1
186 Delayed_186 7 1 743 1
186 Delayed_186 15 1 743 1
187 Delayed_187 4 1 971 1
187 Delayed_187 5 1 971 1
187 Delayed_187 14 1 971 1
188 Delayed_188 3 1 611 1
188 Delayed_188 3 1 730 1
189 Delayed_189 3 1 270 1
190 Delayed_190 9 1 1004 1
192 Delayed_192 15 1 783 1
193 Delayed_193 14 1 401 1
193 Delayed_193 16 1 885 1
194 Delayed_194 9 1 597 1
194 Delayed_194 15 1 741 1
197 Delayed_197 4 1 603 1
197 Delayed_197 16 1 603 1
198 Delayed_198 6 1 614 1
198 Delayed_198 8 1 614 1
199 Delayed_199 3 1 405 1
200 Delayed_200 7 1 802 1
200 Delayed_200 10 1 496 1
