5
40
2
3
7
1 2 3 4 5 
1 2 3 4 5 6 7 8 9 10 11 12 13 14 15 16 17 18 19 20 21 22 23 24 25 26 27 28 29 30 31 32 33 34 35 36 37 38 39 40 
22
3 23 20 1 7 9 16 34 40 13 5 33 35 15 11 2 27 38 19 37 22 24 
34
19 34 15 1 38 6 4 25 16 14 23 30 22 37 5 35 11 31 2 27 40 29 17 12 10 8 21 18 3 13 24 9 7 26 
1 2 
1 2 3 
0 1 0 0 0 0 0 2 0 0 
0 0 0 0 0 3 0 1 0 0 
0 0 0 0 0 0 0 0 2 0 
0 0 0 0 1 0 0 0 2 0 
0 1 1 0 0 0 0 0 0 0 
0 0 0 0 0 0 0 0 1 2 
0 0 2 0 0 2 0 0 0 2 
16 27 14 44 37 
41 41 12 32 26 
12 39 33 32 24 
1000 1000 1000 1000 1000 
38 27 11 10 26 
1000 1000 1000 1000 1000 
24 37 38 29 27 
1000 1000 1000 1000 1000 
26 9 31 27 20 
1000 1000 1000 1000 1000 
31 42 41 13 38 
1000 1000 1000 1000 1000 
22 17 19 43 39 
1000 1000 1000 1000 1000 
10 29 44 13 29 
10 14 36 42 27 
1000 1000 1000 1000 1000 
1000 1000 1000 1000 1000 
40 30 26 13 35 
35 16 35 9 19 
1000 1000 1000 1000 1000 
43 40 19 20 32 
37 9 26 23 22 
28 11 39 34 32 
1000 1000 1000 1000 1000 
1000 1000 1000 1000 1000 
42 15 16 27 38 
1000 1000 1000 1000 1000 
1000 1000 1000 1000 1000 
1000 1000 1000 1000 1000 
1000 1000 1000 1000 1000 
1000 1000 1000 1000 1000 
14 21 19 19 10 
30 19 42 44 21 
25 39 16 17 23 
1000 1000 1000 1000 1000 
17 45 42 27 10 
12 12 26 13 14 
1000 1000 1000 1000 1000 
15 19 35 27 32 
18 31 15 28 32 
27 19 25 28 30 
26 32 33 25 32 
30 19 34 32 23 
24 18 35 25 30 
33 17 25 30 25 
22 15 15 29 35 
34 25 23 17 33 
22 31 26 30 35 
15 30 31 29 23 
27 23 17 24 24 
23 32 33 23 24 
21 34 35 33 34 
26 26 20 21 19 
21 22 23 26 29 
25 31 31 18 28 
34 29 17 34 27 
21 34 22 25 24 
34 27 22 27 26 
1000 1000 1000 1000 1000 
22 26 24 30 22 
22 26 32 29 29 
35 28 22 17 30 
22 18 21 33 32 
31 17 19 34 27 
19 22 23 23 34 
18 15 15 19 34 
1000 1000 1000 1000 1000 
22 22 34 22 15 
29 33 24 26 28 
21 29 34 29 25 
1000 1000 1000 1000 1000 
1000 1000 1000 1000 1000 
17 29 26 34 34 
31 24 24 15 31 
1000 1000 1000 1000 1000 
25 16 27 18 34 
34 24 31 22 32 
1000 1000 1000 1000 1000 
26 34 27 25 20 
0.15555555555555556 0.7111111111111111 0.06666666666666667 0 0.6444444444444445 0 0.3333333333333333 0 0.37777777777777777 0 0.4888888888888889 0 0.28888888888888886 0 0.022222222222222223 0.022222222222222223 0 0 0.6888888888888889 0.5777777777777777 0 0.7555555555555555 0.6222222222222222 0.4222222222222222 0 0 0.7333333333333333 0 0 0 0 0 0.1111111111111111 0.4666666666666667 0.35555555555555557 0 0.17777777777777778 0.06666666666666667 0 0.13333333333333333 
0.4 0.7111111111111111 0.6666666666666666 0 0.4 0 0.6222222222222222 0 0.0 0 0.7333333333333333 0 0.17777777777777778 0 0.4444444444444444 0.1111111111111111 0 0 0.4666666666666667 0.15555555555555556 0 0.6888888888888889 0.0 0.044444444444444446 0 0 0.13333333333333333 0 0 0 0 0 0.26666666666666666 0.2222222222222222 0.6666666666666666 0 0.8 0.06666666666666667 0 0.2222222222222222 
0.1111111111111111 0.06666666666666667 0.5333333333333333 0 0.044444444444444446 0 0.6444444444444445 0 0.4888888888888889 0 0.7111111111111111 0 0.2222222222222222 0 0.7777777777777778 0.6 0 0 0.37777777777777777 0.5777777777777777 0 0.2222222222222222 0.37777777777777777 0.6666666666666666 0 0 0.15555555555555556 0 0 0 0 0 0.2222222222222222 0.7333333333333333 0.15555555555555556 0 0.7333333333333333 0.37777777777777777 0 0.5777777777777777 
0.7777777777777778 0.5111111111111111 0.5111111111111111 0 0.022222222222222223 0 0.4444444444444444 0 0.4 0 0.08888888888888889 0 0.7555555555555555 0 0.08888888888888889 0.7333333333333333 0 0 0.08888888888888889 0.0 0 0.24444444444444444 0.3111111111111111 0.5555555555555556 0 0 0.4 0 0 0 0 0 0.2222222222222222 0.7777777777777778 0.17777777777777778 0 0.4 0.08888888888888889 0 0.4 
0.6222222222222222 0.37777777777777777 0.3333333333333333 0 0.37777777777777777 0 0.4 0 0.24444444444444444 0 0.6444444444444445 0 0.6666666666666666 0 0.4444444444444444 0.4 0 0 0.5777777777777777 0.2222222222222222 0 0.5111111111111111 0.28888888888888886 0.5111111111111111 0 0 0.6444444444444445 0 0 0 0 0 0.022222222222222223 0.26666666666666666 0.3111111111111111 0 0.022222222222222223 0.1111111111111111 0 0.5111111111111111 
