20
10
2
3
7
1 2 3 4 5 6 7 8 9 10 11 12 13 14 15 16 17 18 19 20 
1 2 3 4 5 6 7 8 9 10 
5
8 3 6 5 10 
8
3 9 10 2 1 5 8 7 
1 2 
1 2 3 
0 0 0 2 0 1 1 1 0 0 0 0 0 1 0 0 0 1 0 0 0 0 0 0 1 1 0 0 0 0 0 0 0 0 0 0 1 0 0 0 
0 0 0 1 0 0 0 0 0 2 0 1 0 0 0 0 0 0 0 1 0 0 3 0 3 0 0 0 0 0 0 0 0 1 0 0 0 1 0 1 
0 1 0 3 0 0 0 0 0 1 0 0 0 0 0 0 0 2 1 0 1 0 0 0 2 2 1 0 0 1 0 1 0 0 0 0 0 0 0 0 
2 1 1 0 0 0 0 0 0 0 0 0 0 0 2 0 0 1 0 0 0 0 0 2 0 0 0 1 0 0 0 1 0 1 0 0 0 0 0 0 
0 0 3 0 1 0 0 0 0 1 0 0 0 0 0 0 0 0 1 0 0 1 0 1 0 0 1 0 1 0 1 0 0 0 0 0 0 0 0 2 
3 0 0 1 0 0 0 0 2 0 0 1 0 0 0 0 1 0 0 0 0 0 0 0 0 1 0 1 1 1 0 0 0 0 0 0 0 0 0 0 
0 0 0 0 0 0 3 2 2 0 0 0 0 1 1 1 0 0 0 0 1 0 1 3 0 1 0 1 0 1 0 0 1 0 0 2 0 1 0 0 
1000 1000 1000 1000 1000 1000 1000 1000 1000 1000 1000 1000 1000 1000 1000 1000 1000 1000 1000 1000 
1000 1000 1000 1000 1000 1000 1000 1000 1000 1000 1000 1000 1000 1000 1000 1000 1000 1000 1000 1000 
12 31 30 35 41 11 45 23 39 44 31 29 19 43 42 22 22 40 19 39 
1000 1000 1000 1000 1000 1000 1000 1000 1000 1000 1000 1000 1000 1000 1000 1000 1000 1000 1000 1000 
14 39 37 25 38 35 29 9 10 23 16 10 41 29 32 11 36 41 41 41 
16 15 30 28 18 10 31 21 41 20 43 17 44 37 44 19 11 33 27 26 
1000 1000 1000 1000 1000 1000 1000 1000 1000 1000 1000 1000 1000 1000 1000 1000 1000 1000 1000 1000 
26 21 39 30 36 14 17 15 14 41 10 26 11 43 15 12 16 13 12 15 
1000 1000 1000 1000 1000 1000 1000 1000 1000 1000 1000 1000 1000 1000 1000 1000 1000 1000 1000 1000 
9 44 40 26 34 35 42 44 39 13 36 28 40 11 21 44 42 38 11 10 
24 35 24 32 35 30 35 29 21 31 24 25 19 18 24 22 19 23 25 19 
21 16 29 27 35 31 20 29 20 22 26 19 16 26 33 29 16 34 31 24 
29 32 22 35 22 27 18 17 30 15 26 27 33 20 18 19 29 28 33 30 
1000 1000 1000 1000 1000 1000 1000 1000 1000 1000 1000 1000 1000 1000 1000 1000 1000 1000 1000 1000 
34 16 15 29 20 19 25 16 25 17 27 23 28 33 27 25 31 27 21 19 
1000 1000 1000 1000 1000 1000 1000 1000 1000 1000 1000 1000 1000 1000 1000 1000 1000 1000 1000 1000 
17 23 33 15 34 22 25 22 20 35 26 24 24 15 27 15 34 29 26 22 
20 31 16 31 30 19 16 31 34 34 21 34 22 23 16 20 31 18 34 24 
28 30 29 28 33 26 24 17 31 32 17 33 31 16 32 16 28 30 32 17 
27 24 20 30 27 23 21 29 15 21 22 21 30 15 32 35 18 25 33 23 
0 0 0.06666666666666667 0 0.1111111111111111 0.15555555555555556 0 0.37777777777777777 0 0.0 
0 0 0.4888888888888889 0 0.6666666666666666 0.13333333333333333 0 0.26666666666666666 0 0.7777777777777778 
0 0 0.4666666666666667 0 0.6222222222222222 0.4666666666666667 0 0.6666666666666666 0 0.6888888888888889 
0 0 0.5777777777777777 0 0.35555555555555557 0.4222222222222222 0 0.4666666666666667 0 0.37777777777777777 
0 0 0.7111111111111111 0 0.6444444444444445 0.2 0 0.6 0 0.5555555555555556 
0 0 0.044444444444444446 0 0.5777777777777777 0.022222222222222223 0 0.1111111111111111 0 0.5777777777777777 
0 0 0.8 0 0.4444444444444444 0.4888888888888889 0 0.17777777777777778 0 0.7333333333333333 
0 0 0.3111111111111111 0 0.0 0.26666666666666666 0 0.13333333333333333 0 0.7777777777777778 
0 0 0.6666666666666666 0 0.022222222222222223 0.7111111111111111 0 0.1111111111111111 0 0.6666666666666666 
0 0 0.7777777777777778 0 0.3111111111111111 0.24444444444444444 0 0.7111111111111111 0 0.08888888888888889 
0 0 0.4888888888888889 0 0.15555555555555556 0.7555555555555555 0 0.022222222222222223 0 0.6 
0 0 0.4444444444444444 0 0.022222222222222223 0.17777777777777778 0 0.37777777777777777 0 0.4222222222222222 
0 0 0.2222222222222222 0 0.7111111111111111 0.7777777777777778 0 0.044444444444444446 0 0.6888888888888889 
0 0 0.7555555555555555 0 0.4444444444444444 0.6222222222222222 0 0.7555555555555555 0 0.044444444444444446 
0 0 0.7333333333333333 0 0.5111111111111111 0.7777777777777778 0 0.13333333333333333 0 0.26666666666666666 
0 0 0.28888888888888886 0 0.044444444444444446 0.2222222222222222 0 0.06666666666666667 0 0.7777777777777778 
0 0 0.28888888888888886 0 0.6 0.044444444444444446 0 0.15555555555555556 0 0.7333333333333333 
0 0 0.6888888888888889 0 0.7111111111111111 0.5333333333333333 0 0.08888888888888889 0 0.6444444444444445 
0 0 0.2222222222222222 0 0.7111111111111111 0.4 0 0.06666666666666667 0 0.044444444444444446 
0 0 0.6666666666666666 0 0.7111111111111111 0.37777777777777777 0 0.13333333333333333 0 0.022222222222222223 
