20
40
2
3
12
1 2 3 4 5 6 7 8 9 10 11 12 13 14 15 16 17 18 19 20 
1 2 3 4 5 6 7 8 9 10 11 12 13 14 15 16 17 18 19 20 21 22 23 24 25 26 27 28 29 30 31 32 33 34 35 36 37 38 39 40 
22
40 11 17 26 37 14 8 31 21 30 39 23 6 33 9 25 10 15 19 35 32 4 
34
4 19 27 34 17 37 5 1 22 23 31 9 8 30 29 2 18 33 14 20 24 12 10 3 13 40 32 35 25 11 6 26 39 36 
1 2 
1 2 3 
0 0 2 1 0 0 2 1 0 0 0 0 0 0 0 0 0 0 0 1 0 2 0 0 0 1 2 0 0 0 2 2 0 0 0 0 0 0 0 0 
1 0 0 0 1 1 1 0 0 0 1 0 1 0 0 0 0 0 0 0 0 0 0 1 0 0 1 0 0 3 1 0 0 0 0 2 1 0 0 1 
0 0 0 0 1 0 0 0 0 0 0 0 0 1 1 1 0 0 1 1 0 0 0 0 0 2 1 2 1 0 0 0 0 0 0 2 0 2 0 1 
0 0 1 0 0 0 0 0 0 0 0 0 0 0 0 3 0 0 0 0 0 0 0 0 0 0 0 2 0 1 1 0 0 2 0 0 1 0 0 0 
0 0 0 2 0 0 0 1 0 0 0 2 0 0 0 0 0 0 0 0 1 2 1 0 0 0 0 1 0 0 2 0 0 0 1 1 1 2 1 0 
0 0 0 0 0 0 0 1 0 0 0 0 1 2 0 1 0 0 0 1 0 0 1 0 0 0 0 1 0 2 0 0 3 0 0 0 0 0 0 0 
0 1 1 0 0 0 1 2 0 0 0 0 0 0 0 0 0 0 0 0 0 0 0 0 0 1 0 1 0 2 0 1 1 0 0 1 0 0 1 0 
2 2 0 0 0 0 0 0 0 1 0 1 0 0 0 0 0 0 1 0 0 0 3 0 0 0 0 0 0 0 0 0 0 1 0 1 1 1 0 0 
0 0 0 0 0 0 0 1 0 0 0 0 1 0 0 0 1 0 0 0 0 1 0 0 0 1 1 1 0 1 0 2 0 0 0 1 0 0 0 0 
0 0 0 0 3 0 0 0 0 1 0 0 0 0 0 0 0 1 0 0 0 0 0 1 1 1 0 0 0 0 0 0 0 0 0 0 2 0 0 0 
0 0 0 0 0 0 0 1 0 0 2 0 0 0 0 0 0 0 0 0 2 0 1 0 0 1 0 0 0 1 0 0 0 0 0 0 0 1 0 0 
0 1 0 0 0 1 0 0 0 2 0 0 0 0 1 0 0 0 0 0 0 0 0 0 1 1 0 1 0 0 0 0 0 0 0 0 0 1 0 0 
1000 1000 1000 1000 1000 1000 1000 1000 1000 1000 1000 1000 1000 1000 1000 1000 1000 1000 1000 1000 
1000 1000 1000 1000 1000 1000 1000 1000 1000 1000 1000 1000 1000 1000 1000 1000 1000 1000 1000 1000 
1000 1000 1000 1000 1000 1000 1000 1000 1000 1000 1000 1000 1000 1000 1000 1000 1000 1000 1000 1000 
18 14 18 38 41 32 40 9 35 30 42 11 31 45 39 33 39 44 33 21 
1000 1000 1000 1000 1000 1000 1000 1000 1000 1000 1000 1000 1000 1000 1000 1000 1000 1000 1000 1000 
20 43 30 19 23 34 42 45 33 39 39 20 19 16 24 44 24 20 36 27 
1000 1000 1000 1000 1000 1000 1000 1000 1000 1000 1000 1000 1000 1000 1000 1000 1000 1000 1000 1000 
32 27 43 13 25 36 21 36 30 34 16 13 44 20 25 19 25 12 21 41 
34 34 15 41 18 31 21 45 12 40 39 33 14 33 20 42 24 33 9 21 
44 18 26 23 11 9 17 18 18 14 9 38 19 35 22 27 45 44 18 23 
28 38 45 31 33 15 35 38 9 23 19 19 11 37 9 18 23 10 18 21 
1000 1000 1000 1000 1000 1000 1000 1000 1000 1000 1000 1000 1000 1000 1000 1000 1000 1000 1000 1000 
1000 1000 1000 1000 1000 1000 1000 1000 1000 1000 1000 1000 1000 1000 1000 1000 1000 1000 1000 1000 
35 28 11 21 39 27 23 27 32 38 20 28 21 31 25 35 33 32 17 37 
38 37 18 23 22 44 26 36 41 40 20 34 33 19 23 12 35 19 32 40 
1000 1000 1000 1000 1000 1000 1000 1000 1000 1000 1000 1000 1000 1000 1000 1000 1000 1000 1000 1000 
16 30 17 25 36 37 14 19 32 30 21 25 37 18 12 45 16 29 28 16 
1000 1000 1000 1000 1000 1000 1000 1000 1000 1000 1000 1000 1000 1000 1000 1000 1000 1000 1000 1000 
22 27 14 16 17 33 10 35 37 19 29 18 24 40 19 10 12 44 12 39 
1000 1000 1000 1000 1000 1000 1000 1000 1000 1000 1000 1000 1000 1000 1000 1000 1000 1000 1000 1000 
14 43 26 13 36 45 39 28 16 30 12 12 31 9 45 44 13 39 25 41 
1000 1000 1000 1000 1000 1000 1000 1000 1000 1000 1000 1000 1000 1000 1000 1000 1000 1000 1000 1000 
13 16 23 40 35 34 19 10 45 42 43 23 24 36 20 34 33 29 15 41 
1000 1000 1000 1000 1000 1000 1000 1000 1000 1000 1000 1000 1000 1000 1000 1000 1000 1000 1000 1000 
42 14 26 11 37 43 23 45 33 28 24 13 42 37 37 19 18 14 29 34 
9 39 40 41 13 28 30 20 34 32 25 38 28 23 39 30 15 13 13 33 
1000 1000 1000 1000 1000 1000 1000 1000 1000 1000 1000 1000 1000 1000 1000 1000 1000 1000 1000 1000 
1000 1000 1000 1000 1000 1000 1000 1000 1000 1000 1000 1000 1000 1000 1000 1000 1000 1000 1000 1000 
1000 1000 1000 1000 1000 1000 1000 1000 1000 1000 1000 1000 1000 1000 1000 1000 1000 1000 1000 1000 
28 21 29 33 20 20 12 36 9 34 38 15 24 37 15 41 16 13 22 35 
37 20 41 9 10 43 28 14 37 18 44 18 44 33 27 44 44 12 26 31 
41 36 14 18 29 29 40 17 15 27 27 17 37 14 21 13 26 17 27 34 
23 14 40 13 27 33 32 39 30 29 9 31 9 16 44 20 35 42 14 36 
1000 1000 1000 1000 1000 1000 1000 1000 1000 1000 1000 1000 1000 1000 1000 1000 1000 1000 1000 1000 
30 14 9 36 9 13 18 24 15 32 45 30 25 38 21 23 16 34 31 26 
1000 1000 1000 1000 1000 1000 1000 1000 1000 1000 1000 1000 1000 1000 1000 1000 1000 1000 1000 1000 
27 24 18 16 19 12 24 40 29 29 27 30 25 21 22 21 14 38 17 12 
1000 1000 1000 1000 1000 1000 1000 1000 1000 1000 1000 1000 1000 1000 1000 1000 1000 1000 1000 1000 
13 40 36 18 20 38 44 41 14 40 21 17 31 9 27 24 17 16 27 19 
20 23 45 33 24 31 31 24 45 28 33 34 22 13 36 23 33 21 30 18 
26 18 29 25 25 31 34 28 20 27 26 30 16 24 21 19 19 30 25 20 
27 24 18 35 29 35 28 28 25 24 23 30 32 23 26 30 15 31 17 27 
25 17 27 22 25 27 33 25 27 30 27 25 26 18 24 30 35 20 20 22 
32 26 21 18 30 32 15 20 18 15 21 29 17 29 24 25 33 21 25 24 
33 22 19 22 32 17 33 26 30 35 23 33 19 29 23 31 20 23 19 35 
20 17 21 35 17 28 17 15 27 20 18 18 20 26 32 18 34 16 30 15 
1000 1000 1000 1000 1000 1000 1000 1000 1000 1000 1000 1000 1000 1000 1000 1000 1000 1000 1000 1000 
23 21 28 33 21 22 18 24 15 18 24 32 21 33 30 22 24 30 15 17 
26 31 17 33 31 29 21 35 15 29 23 22 32 21 21 15 21 19 27 27 
19 16 29 35 32 16 26 32 22 30 19 29 23 24 26 34 19 20 22 24 
23 35 28 28 17 30 16 21 27 23 29 27 15 32 27 25 22 27 35 28 
19 25 35 17 34 17 32 27 26 33 21 23 16 22 29 19 31 17 24 20 
25 27 18 17 17 17 35 26 30 18 26 19 15 28 26 27 17 28 23 24 
24 26 25 21 23 19 29 19 21 23 16 25 23 23 34 26 18 19 23 15 
1000 1000 1000 1000 1000 1000 1000 1000 1000 1000 1000 1000 1000 1000 1000 1000 1000 1000 1000 1000 
1000 1000 1000 1000 1000 1000 1000 1000 1000 1000 1000 1000 1000 1000 1000 1000 1000 1000 1000 1000 
35 18 28 32 15 32 29 25 23 23 15 24 30 21 34 26 35 26 33 21 
17 23 24 24 33 30 21 25 34 24 34 23 20 25 23 28 31 22 22 19 
29 35 27 35 17 30 33 33 27 28 29 16 28 35 31 30 19 27 34 18 
26 18 31 16 19 30 16 35 18 31 23 18 28 22 18 22 21 32 35 25 
1000 1000 1000 1000 1000 1000 1000 1000 1000 1000 1000 1000 1000 1000 1000 1000 1000 1000 1000 1000 
23 22 34 35 30 30 33 25 15 18 28 32 31 23 29 34 17 27 28 32 
21 32 21 30 33 25 34 23 23 31 21 27 18 29 19 17 25 26 25 35 
21 34 34 25 21 30 23 25 21 35 24 35 15 29 15 22 28 27 34 31 
17 31 21 26 35 31 30 22 18 27 31 24 17 22 27 23 24 24 16 17 
25 24 29 16 28 26 25 28 18 28 23 22 16 17 30 17 24 27 16 33 
33 17 28 20 24 35 23 16 25 30 30 35 27 28 20 15 18 24 27 18 
1000 1000 1000 1000 1000 1000 1000 1000 1000 1000 1000 1000 1000 1000 1000 1000 1000 1000 1000 1000 
25 18 19 29 22 22 21 15 15 27 29 31 15 21 26 31 18 29 20 29 
18 26 16 23 16 23 20 34 21 20 24 30 18 31 18 17 29 20 18 20 
27 20 22 24 30 15 31 27 28 33 24 25 20 17 26 35 26 27 25 16 
27 30 21 32 26 22 18 33 24 21 15 30 18 29 20 30 35 33 26 19 
30 27 21 26 15 20 32 18 27 26 33 24 18 30 32 17 21 19 29 17 
19 25 35 17 26 35 25 18 32 21 17 22 17 22 24 24 32 24 16 22 
34 16 34 30 33 24 19 28 30 23 21 31 35 16 29 26 23 19 32 26 
16 19 24 27 18 34 29 21 21 16 26 33 23 25 35 35 33 15 18 25 
30 15 32 24 26 23 18 35 17 29 18 31 24 35 25 18 18 34 27 34 
1000 1000 1000 1000 1000 1000 1000 1000 1000 1000 1000 1000 1000 1000 1000 1000 1000 1000 1000 1000 
31 16 34 20 22 16 34 19 25 26 30 24 17 15 26 27 26 28 21 35 
15 22 27 18 24 21 33 33 28 19 17 21 23 28 30 24 33 17 21 17 
0 0 0 0.2 0 0.24444444444444444 0 0.5111111111111111 0.5555555555555556 0.7777777777777778 0.4222222222222222 0 0 0.5777777777777777 0.6444444444444445 0 0.15555555555555556 0 0.28888888888888886 0 0.1111111111111111 0 0.08888888888888889 0 0.7333333333333333 0.0 0 0 0 0.4222222222222222 0.6222222222222222 0.7111111111111111 0.3111111111111111 0 0.4666666666666667 0 0.4 0 0.08888888888888889 0.24444444444444444 
0 0 0 0.1111111111111111 0 0.7555555555555555 0 0.4 0.5555555555555556 0.2 0.6444444444444445 0 0 0.4222222222222222 0.6222222222222222 0 0.4666666666666667 0 0.4 0 0.7555555555555555 0 0.15555555555555556 0 0.1111111111111111 0.6666666666666666 0 0 0 0.26666666666666666 0.24444444444444444 0.6 0.1111111111111111 0 0.1111111111111111 0 0.3333333333333333 0 0.6888888888888889 0.3111111111111111 
0 0 0 0.2 0 0.4666666666666667 0 0.7555555555555555 0.13333333333333333 0.37777777777777777 0.8 0 0 0.044444444444444446 0.2 0 0.17777777777777778 0 0.1111111111111111 0 0.37777777777777777 0 0.3111111111111111 0 0.37777777777777777 0.6888888888888889 0 0 0 0.4444444444444444 0.7111111111111111 0.1111111111111111 0.6888888888888889 0 0.0 0 0.2 0 0.6 0.8 
0 0 0 0.6444444444444445 0 0.2222222222222222 0 0.08888888888888889 0.7111111111111111 0.3111111111111111 0.4888888888888889 0 0 0.26666666666666666 0.3111111111111111 0 0.35555555555555557 0 0.15555555555555556 0 0.08888888888888889 0 0.6888888888888889 0 0.044444444444444446 0.7111111111111111 0 0 0 0.5333333333333333 0.0 0.2 0.08888888888888889 0 0.6 0 0.15555555555555556 0 0.2 0.5333333333333333 
0 0 0 0.7111111111111111 0 0.3111111111111111 0 0.35555555555555557 0.2 0.044444444444444446 0.5333333333333333 0 0 0.6666666666666666 0.28888888888888886 0 0.6 0 0.17777777777777778 0 0.6 0 0.5777777777777777 0 0.6222222222222222 0.08888888888888889 0 0 0 0.24444444444444444 0.022222222222222223 0.4444444444444444 0.4 0 0.0 0 0.2222222222222222 0 0.24444444444444444 0.3333333333333333 
0 0 0 0.5111111111111111 0 0.5555555555555556 0 0.6 0.4888888888888889 0.0 0.13333333333333333 0 0 0.4 0.7777777777777778 0 0.6222222222222222 0 0.5333333333333333 0 0.8 0 0.5555555555555556 0 0.7555555555555555 0.4222222222222222 0 0 0 0.24444444444444444 0.7555555555555555 0.4444444444444444 0.5333333333333333 0 0.08888888888888889 0 0.06666666666666667 0 0.6444444444444445 0.4888888888888889 
0 0 0 0.6888888888888889 0 0.7333333333333333 0 0.26666666666666666 0.26666666666666666 0.17777777777777778 0.5777777777777777 0 0 0.3111111111111111 0.37777777777777777 0 0.1111111111111111 0 0.022222222222222223 0 0.6666666666666666 0 0.2222222222222222 0 0.3111111111111111 0.4666666666666667 0 0 0 0.06666666666666667 0.4222222222222222 0.6888888888888889 0.5111111111111111 0 0.2 0 0.3333333333333333 0 0.7777777777777778 0.4888888888888889 
0 0 0 0.0 0 0.8 0 0.6 0.8 0.2 0.6444444444444445 0 0 0.4 0.6 0 0.2222222222222222 0 0.5777777777777777 0 0.4222222222222222 0 0.022222222222222223 0 0.8 0.24444444444444444 0 0 0 0.6 0.1111111111111111 0.17777777777777778 0.6666666666666666 0 0.3333333333333333 0 0.6888888888888889 0 0.7111111111111111 0.3333333333333333 
0 0 0 0.5777777777777777 0 0.5333333333333333 0 0.4666666666666667 0.06666666666666667 0.2 0.0 0 0 0.5111111111111111 0.7111111111111111 0 0.5111111111111111 0 0.6222222222222222 0 0.15555555555555556 0 0.8 0 0.5333333333333333 0.5555555555555556 0 0 0 0.0 0.6222222222222222 0.13333333333333333 0.4666666666666667 0 0.13333333333333333 0 0.4444444444444444 0 0.1111111111111111 0.8 
0 0 0 0.4666666666666667 0 0.6666666666666666 0 0.5555555555555556 0.6888888888888889 0.1111111111111111 0.3111111111111111 0 0 0.6444444444444445 0.6888888888888889 0 0.4666666666666667 0 0.2222222222222222 0 0.4666666666666667 0 0.7333333333333333 0 0.4222222222222222 0.5111111111111111 0 0 0 0.5555555555555556 0.2 0.4 0.4444444444444444 0 0.5111111111111111 0 0.4444444444444444 0 0.6888888888888889 0.4222222222222222 
0 0 0 0.7333333333333333 0 0.6666666666666666 0 0.15555555555555556 0.6666666666666666 0.0 0.2222222222222222 0 0 0.24444444444444444 0.24444444444444444 0 0.26666666666666666 0 0.4444444444444444 0 0.06666666666666667 0 0.7555555555555555 0 0.3333333333333333 0.35555555555555557 0 0 0 0.6444444444444445 0.7777777777777778 0.4 0.0 0 0.8 0 0.4 0 0.26666666666666666 0.5333333333333333 
0 0 0 0.044444444444444446 0 0.24444444444444444 0 0.08888888888888889 0.5333333333333333 0.6444444444444445 0.2222222222222222 0 0 0.4222222222222222 0.5555555555555556 0 0.35555555555555557 0 0.2 0 0.06666666666666667 0 0.3111111111111111 0 0.08888888888888889 0.6444444444444445 0 0 0 0.13333333333333333 0.2 0.17777777777777778 0.4888888888888889 0 0.4666666666666667 0 0.4666666666666667 0 0.17777777777777778 0.5555555555555556 
0 0 0 0.4888888888888889 0 0.2222222222222222 0 0.7777777777777778 0.1111111111111111 0.2222222222222222 0.044444444444444446 0 0 0.26666666666666666 0.5333333333333333 0 0.6222222222222222 0 0.3333333333333333 0 0.4888888888888889 0 0.3333333333333333 0 0.7333333333333333 0.4222222222222222 0 0 0 0.3333333333333333 0.7777777777777778 0.6222222222222222 0.0 0 0.35555555555555557 0 0.35555555555555557 0 0.4888888888888889 0.28888888888888886 
0 0 0 0.8 0 0.15555555555555556 0 0.24444444444444444 0.5333333333333333 0.5777777777777777 0.6222222222222222 0 0 0.4888888888888889 0.2222222222222222 0 0.2 0 0.6888888888888889 0 0.0 0 0.6 0 0.6222222222222222 0.3111111111111111 0 0 0 0.6222222222222222 0.5333333333333333 0.1111111111111111 0.15555555555555556 0 0.6444444444444445 0 0.26666666666666666 0 0.0 0.08888888888888889 
0 0 0 0.6666666666666666 0 0.3333333333333333 0 0.35555555555555557 0.24444444444444444 0.28888888888888886 0.0 0 0 0.35555555555555557 0.3111111111111111 0 0.06666666666666667 0 0.2222222222222222 0 0.8 0 0.24444444444444444 0 0.6222222222222222 0.6666666666666666 0 0 0 0.13333333333333333 0.4 0.26666666666666666 0.7777777777777778 0 0.26666666666666666 0 0.28888888888888886 0 0.4 0.6 
0 0 0 0.5333333333333333 0 0.7777777777777778 0 0.2222222222222222 0.7333333333333333 0.4 0.2 0 0 0.5777777777777777 0.06666666666666667 0 0.8 0 0.022222222222222223 0 0.7777777777777778 0 0.5555555555555556 0 0.2222222222222222 0.4666666666666667 0 0 0 0.7111111111111111 0.7777777777777778 0.08888888888888889 0.24444444444444444 0 0.3111111111111111 0 0.26666666666666666 0 0.3333333333333333 0.3111111111111111 
0 0 0 0.6666666666666666 0 0.3333333333333333 0 0.35555555555555557 0.3333333333333333 0.8 0.3111111111111111 0 0 0.5333333333333333 0.5777777777777777 0 0.15555555555555556 0 0.06666666666666667 0 0.08888888888888889 0 0.5333333333333333 0 0.2 0.13333333333333333 0 0 0 0.15555555555555556 0.7777777777777778 0.37777777777777777 0.5777777777777777 0 0.15555555555555556 0 0.1111111111111111 0 0.17777777777777778 0.5333333333333333 
0 0 0 0.7777777777777778 0 0.24444444444444444 0 0.06666666666666667 0.5333333333333333 0.7777777777777778 0.022222222222222223 0 0 0.5111111111111111 0.2222222222222222 0 0.4444444444444444 0 0.7777777777777778 0 0.6666666666666666 0 0.4444444444444444 0 0.1111111111111111 0.08888888888888889 0 0 0 0.08888888888888889 0.06666666666666667 0.17777777777777778 0.7333333333333333 0 0.5555555555555556 0 0.6444444444444445 0 0.15555555555555556 0.26666666666666666 
0 0 0 0.5333333333333333 0 0.6 0 0.26666666666666666 0.0 0.2 0.2 0 0 0.17777777777777778 0.5111111111111111 0 0.4222222222222222 0 0.06666666666666667 0 0.35555555555555557 0 0.13333333333333333 0 0.4444444444444444 0.08888888888888889 0 0 0 0.28888888888888886 0.37777777777777777 0.4 0.1111111111111111 0 0.4888888888888889 0 0.17777777777777778 0 0.4 0.4666666666666667 
0 0 0 0.26666666666666666 0 0.4 0 0.7111111111111111 0.26666666666666666 0.3111111111111111 0.26666666666666666 0 0 0.6222222222222222 0.6888888888888889 0 0.15555555555555556 0 0.6666666666666666 0 0.7111111111111111 0 0.7111111111111111 0 0.5555555555555556 0.5333333333333333 0 0 0 0.5777777777777777 0.4888888888888889 0.5555555555555556 0.6 0 0.37777777777777777 0 0.06666666666666667 0 0.2222222222222222 0.2 
