20
25
2
3
7
1 2 3 4 5 6 7 8 9 10 11 12 13 14 15 16 17 18 19 20 
1 2 3 4 5 6 7 8 9 10 11 12 13 14 15 16 17 18 19 20 21 22 23 24 25 
13
8 1 6 23 3 22 10 19 13 16 5 2 20 
21
10 12 4 24 9 25 16 11 2 20 17 6 18 15 14 1 13 3 7 23 5 
1 2 
1 2 3 
0 0 0 0 0 0 0 0 0 0 0 0 0 0 0 1 0 0 0 0 2 0 0 0 0 0 0 0 2 0 0 0 0 0 0 0 0 0 0 1 
0 0 2 0 0 1 0 1 2 0 2 0 1 0 0 0 0 0 0 0 0 0 0 0 1 0 1 1 0 1 1 0 0 0 0 0 0 0 1 0 
0 0 3 0 2 0 0 2 0 0 0 0 0 0 0 0 0 0 0 0 0 0 0 3 0 0 2 1 0 0 0 1 0 0 0 0 2 0 1 0 
1 1 0 2 0 0 0 0 1 0 0 0 0 1 0 0 0 1 0 1 0 1 2 0 1 0 1 1 0 1 2 0 0 0 0 0 0 1 0 1 
0 0 1 1 1 0 1 0 0 0 0 0 0 0 0 0 0 0 0 0 0 0 0 0 0 0 0 0 1 0 0 0 0 0 0 1 0 1 0 0 
0 0 0 1 1 0 0 0 2 0 2 0 0 0 0 0 0 0 0 1 0 0 0 0 0 0 0 0 0 0 1 0 0 0 2 0 0 1 1 0 
1 2 0 0 1 0 0 2 0 0 2 0 1 0 0 0 2 1 0 0 0 0 0 0 2 0 0 0 1 0 0 0 1 0 0 1 0 0 0 0 
32 14 13 45 11 26 35 44 23 44 19 11 42 37 28 45 32 27 42 11 
42 34 31 26 27 10 18 44 26 27 38 14 23 25 41 45 19 15 41 30 
43 32 31 35 39 31 22 14 27 28 39 14 40 43 9 15 35 38 20 29 
1000 1000 1000 1000 1000 1000 1000 1000 1000 1000 1000 1000 1000 1000 1000 1000 1000 1000 1000 1000 
27 18 32 45 13 11 41 21 25 33 35 20 21 24 36 30 39 13 20 19 
32 16 17 42 14 21 35 32 35 10 35 16 15 45 18 38 39 26 10 15 
1000 1000 1000 1000 1000 1000 1000 1000 1000 1000 1000 1000 1000 1000 1000 1000 1000 1000 1000 1000 
10 19 15 23 41 25 26 26 43 19 43 22 33 41 30 41 32 19 45 41 
1000 1000 1000 1000 1000 1000 1000 1000 1000 1000 1000 1000 1000 1000 1000 1000 1000 1000 1000 1000 
35 15 18 44 11 43 16 41 15 34 36 36 13 39 26 15 19 21 13 24 
1000 1000 1000 1000 1000 1000 1000 1000 1000 1000 1000 1000 1000 1000 1000 1000 1000 1000 1000 1000 
1000 1000 1000 1000 1000 1000 1000 1000 1000 1000 1000 1000 1000 1000 1000 1000 1000 1000 1000 1000 
24 20 10 31 27 12 16 18 39 37 11 39 24 37 21 24 13 33 29 13 
1000 1000 1000 1000 1000 1000 1000 1000 1000 1000 1000 1000 1000 1000 1000 1000 1000 1000 1000 1000 
1000 1000 1000 1000 1000 1000 1000 1000 1000 1000 1000 1000 1000 1000 1000 1000 1000 1000 1000 1000 
33 12 22 35 10 15 21 17 26 10 32 27 29 12 22 14 44 40 39 33 
1000 1000 1000 1000 1000 1000 1000 1000 1000 1000 1000 1000 1000 1000 1000 1000 1000 1000 1000 1000 
1000 1000 1000 1000 1000 1000 1000 1000 1000 1000 1000 1000 1000 1000 1000 1000 1000 1000 1000 1000 
16 25 17 22 44 35 35 32 23 33 27 39 29 34 13 21 41 30 31 12 
39 21 15 26 42 36 19 13 27 44 28 26 39 29 18 27 33 41 16 35 
1000 1000 1000 1000 1000 1000 1000 1000 1000 1000 1000 1000 1000 1000 1000 1000 1000 1000 1000 1000 
31 18 31 41 11 17 12 25 35 38 27 14 27 20 25 11 37 41 24 23 
17 34 25 34 40 13 12 30 12 36 39 27 18 12 42 34 37 42 9 42 
1000 1000 1000 1000 1000 1000 1000 1000 1000 1000 1000 1000 1000 1000 1000 1000 1000 1000 1000 1000 
1000 1000 1000 1000 1000 1000 1000 1000 1000 1000 1000 1000 1000 1000 1000 1000 1000 1000 1000 1000 
29 28 34 33 25 20 27 25 19 28 32 31 17 32 16 26 20 28 15 28 
32 15 18 35 21 18 23 22 32 26 18 21 32 29 30 30 33 16 26 17 
18 20 19 18 30 33 32 24 28 21 22 19 35 35 15 31 23 29 33 27 
16 20 26 33 29 26 19 18 32 16 34 22 20 17 22 18 25 18 23 29 
24 20 17 19 24 33 31 26 33 19 30 31 27 18 30 27 18 32 22 18 
33 15 30 24 17 27 25 16 29 20 23 30 15 16 23 20 34 26 16 25 
26 29 28 30 22 23 28 15 26 23 35 33 20 22 31 17 35 20 19 24 
1000 1000 1000 1000 1000 1000 1000 1000 1000 1000 1000 1000 1000 1000 1000 1000 1000 1000 1000 1000 
24 31 27 26 15 24 32 24 35 16 18 27 33 32 31 32 29 25 19 27 
27 20 22 17 34 15 18 22 29 23 17 25 35 25 31 33 30 16 17 25 
24 28 20 27 29 33 15 35 27 31 31 33 31 32 20 25 32 21 24 15 
21 24 22 23 25 31 26 35 23 28 30 23 30 34 23 35 23 22 29 35 
25 29 20 21 23 21 18 25 30 24 17 21 26 25 32 23 22 22 28 35 
29 22 17 21 16 35 23 23 35 16 20 17 32 18 20 33 19 30 26 20 
19 24 35 17 18 32 30 32 27 28 30 33 33 34 34 21 21 25 23 30 
26 25 29 27 31 26 23 34 16 31 30 21 32 25 35 17 20 15 31 23 
28 30 27 21 17 15 17 20 22 28 21 18 34 25 16 19 34 32 35 28 
16 32 29 17 22 21 28 16 23 34 16 30 33 21 28 18 27 22 27 22 
1000 1000 1000 1000 1000 1000 1000 1000 1000 1000 1000 1000 1000 1000 1000 1000 1000 1000 1000 1000 
18 15 27 15 23 25 22 19 25 17 30 29 19 29 15 22 32 30 28 30 
1000 1000 1000 1000 1000 1000 1000 1000 1000 1000 1000 1000 1000 1000 1000 1000 1000 1000 1000 1000 
1000 1000 1000 1000 1000 1000 1000 1000 1000 1000 1000 1000 1000 1000 1000 1000 1000 1000 1000 1000 
27 34 32 27 17 35 27 23 26 27 25 20 20 22 33 18 21 24 24 32 
26 34 17 26 16 18 32 16 21 20 21 26 21 26 31 21 22 25 26 32 
29 22 22 18 35 15 31 22 25 22 19 19 22 16 35 17 16 31 20 26 
0.5111111111111111 0.7333333333333333 0.7555555555555555 0 0.4 0.5111111111111111 0 0.022222222222222223 0 0.5777777777777777 0 0 0.3333333333333333 0 0 0.5333333333333333 0 0 0.15555555555555556 0.6666666666666666 0 0.4888888888888889 0.17777777777777778 0 0 
0.1111111111111111 0.5555555555555556 0.5111111111111111 0 0.2 0.15555555555555556 0 0.2222222222222222 0 0.13333333333333333 0 0 0.24444444444444444 0 0 0.06666666666666667 0 0 0.35555555555555557 0.26666666666666666 0 0.2 0.5555555555555556 0 0 
0.08888888888888889 0.4888888888888889 0.4888888888888889 0 0.5111111111111111 0.17777777777777778 0 0.13333333333333333 0 0.2 0 0 0.022222222222222223 0 0 0.28888888888888886 0 0 0.17777777777777778 0.13333333333333333 0 0.4888888888888889 0.35555555555555557 0 0 
0.8 0.37777777777777777 0.5777777777777777 0 0.8 0.7333333333333333 0 0.3111111111111111 0 0.7777777777777778 0 0 0.4888888888888889 0 0 0.5777777777777777 0 0 0.28888888888888886 0.37777777777777777 0 0.7111111111111111 0.5555555555555556 0 0 
0.044444444444444446 0.4 0.6666666666666666 0 0.08888888888888889 0.1111111111111111 0 0.7111111111111111 0 0.044444444444444446 0 0 0.4 0 0 0.022222222222222223 0 0 0.7777777777777778 0.7333333333333333 0 0.044444444444444446 0.6888888888888889 0 0 
0.37777777777777777 0.022222222222222223 0.4888888888888889 0 0.044444444444444446 0.26666666666666666 0 0.35555555555555557 0 0.7555555555555555 0 0 0.06666666666666667 0 0 0.13333333333333333 0 0 0.5777777777777777 0.6 0 0.17777777777777778 0.08888888888888889 0 0 
0.5777777777777777 0.2 0.28888888888888886 0 0.7111111111111111 0.5777777777777777 0 0.37777777777777777 0 0.15555555555555556 0 0 0.15555555555555556 0 0 0.26666666666666666 0 0 0.5777777777777777 0.2222222222222222 0 0.06666666666666667 0.06666666666666667 0 0 
0.7777777777777778 0.7777777777777778 0.1111111111111111 0 0.26666666666666666 0.5111111111111111 0 0.37777777777777777 0 0.7111111111111111 0 0 0.2 0 0 0.17777777777777778 0 0 0.5111111111111111 0.08888888888888889 0 0.35555555555555557 0.4666666666666667 0 0 
0.3111111111111111 0.37777777777777777 0.4 0 0.35555555555555557 0.5777777777777777 0 0.7555555555555555 0 0.13333333333333333 0 0 0.6666666666666666 0 0 0.37777777777777777 0 0 0.3111111111111111 0.4 0 0.5777777777777777 0.06666666666666667 0 0 
0.7777777777777778 0.4 0.4222222222222222 0 0.5333333333333333 0.022222222222222223 0 0.2222222222222222 0 0.5555555555555556 0 0 0.6222222222222222 0 0 0.022222222222222223 0 0 0.5333333333333333 0.7777777777777778 0 0.6444444444444445 0.6 0 0 
0.2222222222222222 0.6444444444444445 0.6666666666666666 0 0.5777777777777777 0.5777777777777777 0 0.7555555555555555 0 0.6 0 0 0.044444444444444446 0 0 0.5111111111111111 0 0 0.4 0.4222222222222222 0 0.4 0.6666666666666666 0 0 
0.044444444444444446 0.1111111111111111 0.1111111111111111 0 0.24444444444444444 0.15555555555555556 0 0.28888888888888886 0 0.6 0 0 0.6666666666666666 0 0 0.4 0 0 0.6666666666666666 0.37777777777777777 0 0.1111111111111111 0.4 0 0 
0.7333333333333333 0.3111111111111111 0.6888888888888889 0 0.26666666666666666 0.13333333333333333 0 0.5333333333333333 0 0.08888888888888889 0 0 0.3333333333333333 0 0 0.4444444444444444 0 0 0.4444444444444444 0.6666666666666666 0 0.4 0.2 0 0 
0.6222222222222222 0.35555555555555557 0.7555555555555555 0 0.3333333333333333 0.8 0 0.7111111111111111 0 0.6666666666666666 0 0 0.6222222222222222 0 0 0.06666666666666667 0 0 0.5555555555555556 0.4444444444444444 0 0.24444444444444444 0.06666666666666667 0 0 
0.4222222222222222 0.7111111111111111 0.0 0 0.6 0.2 0 0.4666666666666667 0 0.37777777777777777 0 0 0.26666666666666666 0 0 0.28888888888888886 0 0 0.08888888888888889 0.2 0 0.35555555555555557 0.7333333333333333 0 0 
0.8 0.8 0.13333333333333333 0 0.4666666666666667 0.6444444444444445 0 0.7111111111111111 0 0.13333333333333333 0 0 0.3333333333333333 0 0 0.1111111111111111 0 0 0.26666666666666666 0.4 0 0.044444444444444446 0.5555555555555556 0 0 
0.5111111111111111 0.2222222222222222 0.5777777777777777 0 0.6666666666666666 0.6666666666666666 0 0.5111111111111111 0 0.2222222222222222 0 0 0.08888888888888889 0 0 0.7777777777777778 0 0 0.7111111111111111 0.5333333333333333 0 0.6222222222222222 0.6222222222222222 0 0 
0.4 0.13333333333333333 0.6444444444444445 0 0.08888888888888889 0.37777777777777777 0 0.2222222222222222 0 0.26666666666666666 0 0 0.5333333333333333 0 0 0.6888888888888889 0 0 0.4666666666666667 0.7111111111111111 0 0.7111111111111111 0.7333333333333333 0 0 
0.7333333333333333 0.7111111111111111 0.24444444444444444 0 0.24444444444444444 0.022222222222222223 0 0.8 0 0.08888888888888889 0 0 0.4444444444444444 0 0 0.6666666666666666 0 0 0.4888888888888889 0.15555555555555556 0 0.3333333333333333 0.0 0 0 
0.044444444444444446 0.4666666666666667 0.4444444444444444 0 0.2222222222222222 0.13333333333333333 0 0.7111111111111111 0 0.3333333333333333 0 0 0.08888888888888889 0 0 0.5333333333333333 0 0 0.06666666666666667 0.5777777777777777 0 0.3111111111111111 0.7333333333333333 0 0 
