1 Delayed_1 4 1 990 1
1 Delayed_1 16 1 990 1
3 Delayed_3 3 2 1020 1
3 Delayed_3 3 1 1102 1
3 Delayed_3 4 1 268 1
3 Delayed_3 7 1 268 1
3 Delayed_3 8 2 675 1
3 Delayed_3 8 1 869 1
3 Delayed_3 10 1 836 1
4 Delayed_4 1 1 891 1
4 Delayed_4 6 1 891 1
4 Delayed_4 7 1 508 1
4 Delayed_4 14 2 647 1
5 Delayed_5 5 1 773 1
6 Delayed_6 4 2 365 1
6 Delayed_6 5 1 118 1
6 Delayed_6 8 2 1058 1
6 Delayed_6 12 2 782 1
6 Delayed_6 12 1 853 1
6 Delayed_6 15 1 118 1
6 Delayed_6 15 1 450 1
6 Delayed_6 15 2 1214 1
7 Delayed_7 3 1 766 1
7 Delayed_7 3 2 850 1
7 Delayed_7 3 1 902 1
7 Delayed_7 7 1 902 1
8 Delayed_8 2 1 400 1
8 Delayed_8 2 2 428 1
8 Delayed_8 3 1 1150 1
8 Delayed_8 12 2 360 1
8 Delayed_8 12 1 1150 1
8 Delayed_8 13 1 738 1
8 Delayed_8 13 2 738 1
9 Delayed_9 1 1 756 1
9 Delayed_9 9 2 1248 1
10 Delayed_10 3 1 351 1
10 Delayed_10 3 1 493 1
10 Delayed_10 3 2 646 1
10 Delayed_10 16 1 493 1
11 Delayed_11 13 2 592 1
11 Delayed_11 13 1 680 1
12 Delayed_12 1 1 755 1
12 Delayed_12 3 2 902 1
13 Delayed_13 4 2 705 1
13 Delayed_13 4 1 909 1
13 Delayed_13 16 2 1069 1
15 Delayed_15 4 1 834 1
15 Delayed_15 9 2 1174 1
15 Delayed_15 11 2 614 1
15 Delayed_15 15 1 594 1
15 Delayed_15 15 1 834 1
15 Delayed_15 15 2 991 1
16 Delayed_16 8 2 1036 1
16 Delayed_16 9 2 1177 1
16 Delayed_16 9 1 1224 1
16 Delayed_16 10 1 1101 1
16 Delayed_16 11 2 956 1
17 Delayed_17 4 1 681 1
17 Delayed_17 6 1 145 1
18 Delayed_18 8 2 912 1
18 Delayed_18 9 2 1182 1
18 Delayed_18 11 2 576 1
18 Delayed_18 11 1 968 1
18 Delayed_18 13 2 836 1
18 Delayed_18 13 1 968 1
20 Delayed_20 1 1 944 1
20 Delayed_20 3 2 830 1
20 Delayed_20 4 1 805 1
20 Delayed_20 4 2 1003 1
20 Delayed_20 5 1 1018 1
20 Delayed_20 6 1 805 1
21 Delayed_21 3 2 685 1
21 Delayed_21 4 1 639 1
21 Delayed_21 8 2 770 1
21 Delayed_21 15 1 165 1
22 Delayed_22 2 2 772 1
22 Delayed_22 13 2 788 1
22 Delayed_22 16 1 576 1
22 Delayed_22 16 2 806 1
23 Delayed_23 9 2 977 1
23 Delayed_23 13 1 728 1
23 Delayed_23 13 2 784 1
24 Delayed_24 2 2 283 1
24 Delayed_24 12 1 489 1
24 Delayed_24 12 2 851 1
24 Delayed_24 15 2 737 1
25 Delayed_25 14 1 307 1
25 Delayed_25 14 2 444 1
26 Delayed_26 2 2 560 1
26 Delayed_26 2 1 1049 1
26 Delayed_26 9 2 903 1
26 Delayed_26 14 2 1049 1
27 Delayed_27 9 1 665 1
27 Delayed_27 9 2 809 1
27 Delayed_27 12 2 907 1
27 Delayed_27 13 2 288 1
28 Delayed_28 3 1 240 1
29 Delayed_29 8 2 283 1
30 Delayed_30 2 2 1068 1
30 Delayed_30 16 1 1182 1
32 Delayed_32 1 1 1395 1
32 Delayed_32 3 1 668 1
32 Delayed_32 3 2 827 1
32 Delayed_32 3 1 852 1
32 Delayed_32 6 1 584 1
32 Delayed_32 16 1 584 1
33 Delayed_33 11 1 266 1
33 Delayed_33 11 2 1255 1
35 Delayed_35 4 2 763 1
35 Delayed_35 6 1 590 1
35 Delayed_35 16 1 1055 1
36 Delayed_36 5 1 494 1
36 Delayed_36 11 1 494 1
36 Delayed_36 11 2 1330 1
36 Delayed_36 12 2 630 1
36 Delayed_36 12 1 1330 1
37 Delayed_37 8 2 800 1
37 Delayed_37 11 2 387 1
37 Delayed_37 11 1 1043 1
37 Delayed_37 12 2 331 1
37 Delayed_37 12 1 741 1
37 Delayed_37 13 2 1217 1
37 Delayed_37 14 2 816 1
37 Delayed_37 16 1 741 1
38 Delayed_38 1 1 785 1
38 Delayed_38 4 1 430 1
38 Delayed_38 7 1 560 1
38 Delayed_38 16 1 730 1
40 Delayed_40 1 1 496 1
40 Delayed_40 2 2 581 1
40 Delayed_40 3 1 835 1
41 Delayed_41 6 1 870 1
41 Delayed_41 8 2 749 1
41 Delayed_41 10 1 870 1
41 Delayed_41 11 2 677 1
41 Delayed_41 11 1 1098 1
42 Delayed_42 3 1 858 1
42 Delayed_42 4 1 858 1
42 Delayed_42 13 1 651 1
42 Delayed_42 13 2 1227 1
42 Delayed_42 15 1 651 1
44 Delayed_44 6 1 629 1
45 Delayed_45 4 1 1209 1
45 Delayed_45 12 2 1020 1
45 Delayed_45 12 1 1178 1
45 Delayed_45 15 1 1209 1
45 Delayed_45 15 2 1335 1
47 Delayed_47 7 1 403 1
47 Delayed_47 16 1 773 1
48 Delayed_48 1 1 921 1
48 Delayed_48 2 2 806 1
48 Delayed_48 7 1 1043 1
48 Delayed_48 11 2 986 1
48 Delayed_48 11 1 1043 1
49 Delayed_49 5 1 491 1
49 Delayed_49 12 1 975 1
49 Delayed_49 12 2 1042 1
49 Delayed_49 14 2 1168 1
49 Delayed_49 16 1 1042 1
50 Delayed_50 4 1 322 1
50 Delayed_50 4 2 763 1
50 Delayed_50 4 1 1190 1
51 Delayed_51 5 1 376 1
51 Delayed_51 14 2 376 1
52 Delayed_52 4 1 606 1
52 Delayed_52 11 1 606 1
52 Delayed_52 11 2 620 1
52 Delayed_52 14 2 822 1
53 Delayed_53 7 1 1191 1
53 Delayed_53 11 2 1058 1
55 Delayed_55 13 2 162 1
56 Delayed_56 1 1 704 1
56 Delayed_56 8 2 429 1
57 Delayed_57 14 2 972 1
58 Delayed_58 3 2 741 1
58 Delayed_58 5 1 1068 1
58 Delayed_58 11 2 1374 1
58 Delayed_58 14 2 591 1
60 Delayed_60 10 1 1085 1
60 Delayed_60 16 1 1085 1
61 Delayed_61 4 2 809 1
61 Delayed_61 6 1 1434 1
61 Delayed_61 8 2 595 1
61 Delayed_61 15 2 570 1
62 Delayed_62 5 1 784 1
62 Delayed_62 8 2 295 1
62 Delayed_62 9 1 784 1
62 Delayed_62 9 2 875 1
63 Delayed_63 3 1 885 1
63 Delayed_63 3 2 909 1
63 Delayed_63 10 1 1158 1
63 Delayed_63 16 2 589 1
64 Delayed_64 3 2 614 1
64 Delayed_64 7 1 854 1
65 Delayed_65 14 2 531 1
66 Delayed_66 2 2 168 1
67 Delayed_67 16 1 429 1
67 Delayed_67 16 2 1165 1
68 Delayed_68 3 2 968 1
68 Delayed_68 3 1 1042 1
68 Delayed_68 3 1 1318 1
68 Delayed_68 14 1 1042 1
68 Delayed_68 14 2 1042 1
68 Delayed_68 16 1 1024 1
68 Delayed_68 16 2 1318 1
69 Delayed_69 11 1 718 1
69 Delayed_69 11 2 718 1
69 Delayed_69 15 2 611 1
69 Delayed_69 15 1 718 1
69 Delayed_69 15 1 1322 1
70 Delayed_70 13 2 132 1
71 Delayed_71 4 1 428 1
71 Delayed_71 5 1 1019 1
71 Delayed_71 9 1 428 1
71 Delayed_71 9 2 505 1
71 Delayed_71 11 2 766 1
71 Delayed_71 16 1 1421 1
72 Delayed_72 3 1 747 1
72 Delayed_72 13 2 809 1
72 Delayed_72 13 1 871 1
72 Delayed_72 14 1 622 1
72 Delayed_72 14 2 747 1
74 Delayed_74 7 1 847 1
75 Delayed_75 13 2 587 1
75 Delayed_75 13 1 1153 1
76 Delayed_76 9 2 162 1
76 Delayed_76 9 1 909 1
77 Delayed_77 4 1 900 1
77 Delayed_77 5 1 258 1
77 Delayed_77 7 1 258 1
77 Delayed_77 9 2 900 1
78 Delayed_78 3 1 467 1
78 Delayed_78 4 1 631 1
78 Delayed_78 6 1 919 1
78 Delayed_78 8 2 985 1
78 Delayed_78 13 2 764 1
78 Delayed_78 16 1 919 1
79 Delayed_79 2 2 705 1
79 Delayed_79 2 1 958 1
79 Delayed_79 16 1 657 1
79 Delayed_79 16 2 823 1
79 Delayed_79 16 1 967 1
80 Delayed_80 4 2 589 1
80 Delayed_80 8 2 571 1
81 Delayed_81 4 2 760 1
81 Delayed_81 15 1 994 1
81 Delayed_81 15 1 1062 1
81 Delayed_81 15 2 1072 1
82 Delayed_82 4 1 123 1
82 Delayed_82 4 2 334 1
82 Delayed_82 13 1 123 1
82 Delayed_82 13 2 1162 1
82 Delayed_82 15 2 636 1
83 Delayed_83 8 1 646 1
83 Delayed_83 8 2 991 1
83 Delayed_83 9 1 646 1
83 Delayed_83 9 2 832 1
84 Delayed_84 1 1 257 1
84 Delayed_84 4 1 541 1
84 Delayed_84 4 2 1049 1
85 Delayed_85 16 2 979 1
85 Delayed_85 16 1 1247 1
86 Delayed_86 5 1 1158 1
86 Delayed_86 8 2 494 1
86 Delayed_86 9 2 599 1
87 Delayed_87 9 1 609 1
87 Delayed_87 9 2 1172 1
87 Delayed_87 11 2 629 1
87 Delayed_87 14 1 629 1
87 Delayed_87 14 2 706 1
89 Delayed_89 10 1 145 1
89 Delayed_89 14 2 1000 1
90 Delayed_90 8 2 685 1
90 Delayed_90 9 1 660 1
90 Delayed_90 9 2 1042 1
90 Delayed_90 13 2 853 1
90 Delayed_90 14 1 660 1
90 Delayed_90 14 2 875 1
92 Delayed_92 8 2 1042 1
92 Delayed_92 9 1 588 1
92 Delayed_92 9 2 1113 1
92 Delayed_92 15 1 1171 1
93 Delayed_93 1 1 861 1
93 Delayed_93 3 1 974 1
93 Delayed_93 4 1 589 1
93 Delayed_93 6 1 1061 1
93 Delayed_93 13 2 587 1
93 Delayed_93 13 1 589 1
93 Delayed_93 15 2 369 1
93 Delayed_93 15 1 417 1
93 Delayed_93 15 1 528 1
94 Delayed_94 4 1 1180 1
94 Delayed_94 14 2 1180 1
95 Delayed_95 2 2 1055 1
95 Delayed_95 10 1 956 1
97 Delayed_97 7 1 898 1
97 Delayed_97 9 2 248 1
97 Delayed_97 9 1 898 1
97 Delayed_97 11 1 787 1
97 Delayed_97 11 2 1128 1
97 Delayed_97 15 1 787 1
97 Delayed_97 15 2 787 1
97 Delayed_97 15 1 995 1
97 Delayed_97 16 1 510 1
98 Delayed_98 4 1 807 1
100 Delayed_100 12 2 949 1
101 Delayed_101 2 2 178 1
101 Delayed_101 4 1 430 1
101 Delayed_101 10 1 330 1
102 Delayed_102 1 1 554 1
102 Delayed_102 7 1 759 1
102 Delayed_102 16 1 1056 1
103 Delayed_103 3 1 363 1
104 Delayed_104 6 1 591 1
105 Delayed_105 3 1 898 1
106 Delayed_106 4 1 1448 1
106 Delayed_106 5 1 1098 1
106 Delayed_106 9 2 694 1
107 Delayed_107 9 1 598 1
107 Delayed_107 9 2 784 1
108 Delayed_108 2 2 816 1
110 Delayed_110 7 1 738 1
110 Delayed_110 11 2 284 1
110 Delayed_110 16 1 563 1
110 Delayed_110 16 1 738 1
110 Delayed_110 16 2 738 1
111 Delayed_111 4 1 817 1
111 Delayed_111 4 2 1274 1
111 Delayed_111 4 1 1356 1
111 Delayed_111 5 1 817 1
111 Delayed_111 10 1 1356 1
112 Delayed_112 11 1 431 1
112 Delayed_112 11 2 577 1
112 Delayed_112 14 2 912 1
113 Delayed_113 9 2 1234 1
114 Delayed_114 1 1 457 1
114 Delayed_114 4 2 566 1
115 Delayed_115 7 1 630 1
115 Delayed_115 12 2 1212 1
115 Delayed_115 16 1 630 1
116 Delayed_116 3 1 111 1
116 Delayed_116 11 2 1177 1
116 Delayed_116 14 2 569 1
116 Delayed_116 14 1 1177 1
117 Delayed_117 6 1 577 1
117 Delayed_117 15 2 1036 1
118 Delayed_118 10 1 616 1
118 Delayed_118 14 2 757 1
119 Delayed_119 2 1 1387 1
119 Delayed_119 2 2 1387 1
119 Delayed_119 6 1 1387 1
119 Delayed_119 9 2 822 1
119 Delayed_119 10 1 904 1
120 Delayed_120 4 1 160 1
120 Delayed_120 4 2 674 1
120 Delayed_120 10 1 160 1
120 Delayed_120 12 2 773 1
120 Delayed_120 16 1 381 1
121 Delayed_121 1 1 445 1
121 Delayed_121 2 2 749 1
122 Delayed_122 7 1 1019 1
122 Delayed_122 14 1 1019 1
122 Delayed_122 14 2 1019 1
124 Delayed_124 3 1 1001 1
125 Delayed_125 3 2 345 1
125 Delayed_125 3 1 808 1
125 Delayed_125 3 1 824 1
125 Delayed_125 7 1 1018 1
125 Delayed_125 16 1 1018 1
126 Delayed_126 9 2 662 1
126 Delayed_126 9 1 729 1
126 Delayed_126 13 1 159 1
126 Delayed_126 13 2 1182 1
126 Delayed_126 14 2 919 1
126 Delayed_126 16 1 1375 1
127 Delayed_127 2 2 912 1
127 Delayed_127 9 1 304 1
127 Delayed_127 9 2 1033 1
128 Delayed_128 3 1 724 1
128 Delayed_128 4 1 250 1
128 Delayed_128 7 1 250 1
130 Delayed_130 15 1 671 1
132 Delayed_132 2 2 906 1
132 Delayed_132 8 2 937 1
132 Delayed_132 8 1 1168 1
134 Delayed_134 1 1 977 1
134 Delayed_134 4 1 977 1
134 Delayed_134 4 2 1233 1
134 Delayed_134 5 1 369 1
134 Delayed_134 6 1 136 1
134 Delayed_134 8 1 369 1
134 Delayed_134 8 2 508 1
134 Delayed_134 13 2 529 1
135 Delayed_135 1 1 874 1
135 Delayed_135 2 2 969 1
136 Delayed_136 6 1 932 1
136 Delayed_136 7 1 440 1
136 Delayed_136 11 1 932 1
136 Delayed_136 11 2 1027 1
136 Delayed_136 12 1 440 1
136 Delayed_136 12 2 763 1
136 Delayed_136 13 2 932 1
136 Delayed_136 16 2 512 1
138 Delayed_138 11 2 505 1
138 Delayed_138 14 1 646 1
138 Delayed_138 14 2 783 1
139 Delayed_139 3 1 761 1
139 Delayed_139 16 2 1246 1
140 Delayed_140 14 2 516 1
140 Delayed_140 14 1 808 1
141 Delayed_141 16 1 571 1
142 Delayed_142 1 1 927 1
142 Delayed_142 7 1 1024 1
142 Delayed_142 11 1 564 1
142 Delayed_142 11 2 1249 1
143 Delayed_143 4 1 522 1
144 Delayed_144 16 1 919 1
145 Delayed_145 14 2 677 1
145 Delayed_145 14 1 829 1
145 Delayed_145 16 2 1025 1
146 Delayed_146 1 1 715 1
146 Delayed_146 3 1 715 1
146 Delayed_146 3 1 741 1
146 Delayed_146 3 2 1051 1
146 Delayed_146 4 2 533 1
146 Delayed_146 9 2 800 1
147 Delayed_147 6 1 361 1
147 Delayed_147 7 1 361 1
147 Delayed_147 9 2 166 1
147 Delayed_147 13 1 459 1
147 Delayed_147 13 2 735 1
147 Delayed_147 15 1 459 1
148 Delayed_148 9 1 827 1
148 Delayed_148 9 2 1056 1
149 Delayed_149 1 1 901 1
149 Delayed_149 2 2 651 1
149 Delayed_149 2 1 897 1
151 Delayed_151 4 2 834 1
151 Delayed_151 12 1 680 1
151 Delayed_151 12 2 700 1
152 Delayed_152 4 1 693 1
152 Delayed_152 10 1 693 1
152 Delayed_152 11 2 1033 1
153 Delayed_153 1 1 385 1
153 Delayed_153 7 1 484 1
153 Delayed_153 9 2 1115 1
154 Delayed_154 11 2 630 1
154 Delayed_154 11 1 652 1
154 Delayed_154 14 1 652 1
154 Delayed_154 14 2 1226 1
155 Delayed_155 1 1 422 1
155 Delayed_155 4 2 725 1
155 Delayed_155 13 2 887 1
155 Delayed_155 15 1 758 1
155 Delayed_155 15 2 830 1
156 Delayed_156 6 1 1417 1
156 Delayed_156 16 1 806 1
156 Delayed_156 16 1 1417 1
156 Delayed_156 16 2 1417 1
157 Delayed_157 10 1 930 1
158 Delayed_158 14 2 829 1
159 Delayed_159 3 2 494 1
159 Delayed_159 4 2 501 1
159 Delayed_159 4 1 1386 1
159 Delayed_159 8 1 447 1
159 Delayed_159 8 2 1422 1
159 Delayed_159 14 2 774 1
160 Delayed_160 3 1 429 1
160 Delayed_160 3 1 906 1
160 Delayed_160 3 2 1192 1
161 Delayed_161 2 2 476 1
161 Delayed_161 2 1 1003 1
161 Delayed_161 4 1 627 1
161 Delayed_161 12 2 447 1
161 Delayed_161 12 1 485 1
161 Delayed_161 16 1 1003 1
162 Delayed_162 14 2 134 1
163 Delayed_163 13 2 345 1
164 Delayed_164 1 1 404 1
164 Delayed_164 10 1 399 1
164 Delayed_164 11 1 1224 1
164 Delayed_164 11 2 1224 1
165 Delayed_165 3 1 636 1
165 Delayed_165 6 1 636 1
166 Delayed_166 7 1 766 1
166 Delayed_166 13 2 830 1
167 Delayed_167 7 1 239 1
167 Delayed_167 9 2 742 1
167 Delayed_167 11 2 562 1
167 Delayed_167 15 1 239 1
168 Delayed_168 2 2 1238 1
168 Delayed_168 4 1 360 1
168 Delayed_168 4 2 977 1
168 Delayed_168 11 2 807 1
168 Delayed_168 13 2 531 1
168 Delayed_168 15 2 590 1
169 Delayed_169 4 1 1033 1
169 Delayed_169 16 1 1033 1
170 Delayed_170 1 1 301 1
170 Delayed_170 4 2 826 1
170 Delayed_170 11 1 636 1
170 Delayed_170 11 2 1366 1
171 Delayed_171 3 1 828 1
171 Delayed_171 3 2 1042 1
171 Delayed_171 13 1 747 1
171 Delayed_171 13 2 1089 1
172 Delayed_172 1 1 772 1
172 Delayed_172 4 2 1001 1
172 Delayed_172 9 2 147 1
172 Delayed_172 9 1 467 1
172 Delayed_172 11 1 576 1
172 Delayed_172 11 2 782 1
173 Delayed_173 5 1 158 1
173 Delayed_173 7 1 1101 1
173 Delayed_173 9 2 909 1
174 Delayed_174 1 1 392 1
174 Delayed_174 9 2 162 1
174 Delayed_174 15 1 645 1
175 Delayed_175 4 1 1113 1
175 Delayed_175 5 1 1113 1
175 Delayed_175 7 1 850 1
175 Delayed_175 9 2 607 1
175 Delayed_175 9 1 939 1
175 Delayed_175 16 2 616 1
176 Delayed_176 2 2 1007 1
176 Delayed_176 2 1 1081 1
176 Delayed_176 6 1 799 1
176 Delayed_176 7 1 830 1
176 Delayed_176 16 2 288 1
176 Delayed_176 16 1 894 1
177 Delayed_177 9 2 1209 1
178 Delayed_178 11 2 798 1
178 Delayed_178 11 1 1180 1
178 Delayed_178 12 2 1154 1
178 Delayed_178 13 1 569 1
178 Delayed_178 13 2 906 1
178 Delayed_178 16 1 1180 1
179 Delayed_179 2 2 631 1
179 Delayed_179 2 1 1156 1
179 Delayed_179 10 1 1055 1
179 Delayed_179 12 2 620 1
180 Delayed_180 8 1 438 1
180 Delayed_180 8 2 1193 1
181 Delayed_181 1 1 763 1
181 Delayed_181 3 1 763 1
181 Delayed_181 12 2 949 1
182 Delayed_182 2 2 694 1
182 Delayed_182 4 1 1430 1
182 Delayed_182 7 1 387 1
182 Delayed_182 8 2 787 1
182 Delayed_182 8 1 1430 1
183 Delayed_183 4 1 634 1
183 Delayed_183 4 2 1336 1
185 Delayed_185 1 1 775 1
185 Delayed_185 4 2 1092 1
185 Delayed_185 5 1 706 1
185 Delayed_185 7 1 493 1
185 Delayed_185 9 2 493 1
185 Delayed_185 10 1 706 1
185 Delayed_185 11 1 493 1
185 Delayed_185 11 2 569 1
185 Delayed_185 12 2 806 1
185 Delayed_185 12 1 902 1
186 Delayed_186 7 1 767 1
186 Delayed_186 9 2 169 1
186 Delayed_186 15 1 743 1
186 Delayed_186 15 2 743 1
187 Delayed_187 2 2 971 1
187 Delayed_187 3 1 795 1
187 Delayed_187 3 2 795 1
187 Delayed_187 4 1 971 1
187 Delayed_187 5 1 971 1
187 Delayed_187 14 2 550 1
188 Delayed_188 3 1 730 1
188 Delayed_188 3 2 730 1
188 Delayed_188 3 1 745 1
188 Delayed_188 8 2 1190 1
188 Delayed_188 11 2 1042 1
188 Delayed_188 13 2 353 1
189 Delayed_189 2 2 817 1
189 Delayed_189 3 1 1410 1
190 Delayed_190 9 1 592 1
190 Delayed_190 9 2 706 1
192 Delayed_192 15 2 500 1
192 Delayed_192 15 1 722 1
193 Delayed_193 14 2 191 1
193 Delayed_193 14 1 401 1
193 Delayed_193 16 1 857 1
194 Delayed_194 9 1 741 1
194 Delayed_194 9 2 809 1
194 Delayed_194 15 2 639 1
194 Delayed_194 15 1 741 1
195 Delayed_195 2 2 485 1
195 Delayed_195 14 2 774 1
196 Delayed_196 2 2 571 1
196 Delayed_196 11 2 627 1
197 Delayed_197 4 1 603 1
197 Delayed_197 4 2 826 1
197 Delayed_197 16 1 138 1
197 Delayed_197 16 2 741 1
198 Delayed_198 6 1 614 1
198 Delayed_198 8 1 614 1
198 Delayed_198 8 2 1054 1
199 Delayed_199 3 1 870 1
199 Delayed_199 9 2 1101 1
200 Delayed_200 7 1 456 1
200 Delayed_200 10 1 802 1
