1 Delayed_1 1 2 546 1
1 Delayed_1 6 1 547 1
1 Delayed_1 18 2 18 1
1 Delayed_1 30 1 458 1
1 Delayed_1 31 2 296 1
1 Delayed_1 31 1 333 1
1 Delayed_1 43 2 430 1
1 Delayed_1 43 1 547 1
1 Delayed_1 50 1 559 1
2 Delayed_2 1 2 88 1
2 Delayed_2 1 1 360 1
2 Delayed_2 5 1 88 1
2 Delayed_2 23 1 88 1
2 Delayed_2 30 1 417 1
2 Delayed_2 31 2 176 1
2 Delayed_2 31 1 489 1
2 Delayed_2 50 1 300 1
3 Delayed_3 1 2 363 1
3 Delayed_3 1 1 569 1
3 Delayed_3 10 1 449 1
3 Delayed_3 16 2 168 1
3 Delayed_3 21 1 313 1
3 Delayed_3 21 2 500 1
3 Delayed_3 25 1 310 1
3 Delayed_3 36 1 117 1
3 Delayed_3 36 2 195 1
3 Delayed_3 38 2 488 1
4 Delayed_4 10 1 740 1
4 Delayed_4 15 1 17 1
4 Delayed_4 15 2 17 1
4 Delayed_4 45 1 17 1
4 Delayed_4 50 1 565 1
4 Delayed_4 50 2 584 1
5 Delayed_5 6 1 277 1
5 Delayed_5 17 1 206 1
5 Delayed_5 17 2 298 1
5 Delayed_5 31 1 206 1
5 Delayed_5 31 2 397 1
5 Delayed_5 46 2 472 1
6 Delayed_6 8 2 342 1
6 Delayed_6 12 1 258 1
6 Delayed_6 12 2 337 1
6 Delayed_6 16 1 27 1
6 Delayed_6 16 2 27 1
6 Delayed_6 19 1 241 1
6 Delayed_6 23 1 27 1
6 Delayed_6 25 1 294 1
7 Delayed_7 17 1 22 1
7 Delayed_7 17 2 427 1
7 Delayed_7 30 1 22 1
7 Delayed_7 50 2 22 1
7 Delayed_7 50 1 237 1
7 Delayed_7 50 1 447 1
8 Delayed_8 12 2 230 1
8 Delayed_8 18 2 466 1
8 Delayed_8 23 1 90 1
8 Delayed_8 31 1 90 1
8 Delayed_8 31 2 90 1
8 Delayed_8 35 2 494 1
9 Delayed_9 2 1 185 1
9 Delayed_9 10 1 545 1
9 Delayed_9 36 2 334 1
9 Delayed_9 46 1 271 1
9 Delayed_9 46 2 505 1
9 Delayed_9 49 1 185 1
10 Delayed_10 9 2 148 1
10 Delayed_10 21 2 512 1
10 Delayed_10 50 1 341 1
11 Delayed_11 8 1 146 1
11 Delayed_11 8 2 414 1
11 Delayed_11 33 1 146 1
11 Delayed_11 33 2 165 1
11 Delayed_11 38 2 323 1
11 Delayed_11 38 1 502 1
11 Delayed_11 50 2 146 1
11 Delayed_11 50 1 481 1
12 Delayed_12 13 2 599 1
12 Delayed_12 49 1 67 1
12 Delayed_12 50 1 538 1
13 Delayed_13 6 1 673 1
13 Delayed_13 10 1 163 1
13 Delayed_13 17 1 163 1
13 Delayed_13 17 2 187 1
13 Delayed_13 43 2 463 1
14 Delayed_14 5 1 409 1
14 Delayed_14 13 1 263 1
14 Delayed_14 13 2 543 1
14 Delayed_14 17 2 329 1
14 Delayed_14 25 1 323 1
14 Delayed_14 39 1 453 1
14 Delayed_14 39 2 599 1
14 Delayed_14 50 1 393 1
15 Delayed_15 14 1 84 1
16 Delayed_16 13 2 216 1
16 Delayed_16 13 1 322 1
16 Delayed_16 14 1 531 1
16 Delayed_16 16 2 138 1
16 Delayed_16 16 1 263 1
16 Delayed_16 21 2 400 1
16 Delayed_16 43 1 327 1
16 Delayed_16 43 2 639 1
17 Delayed_17 8 1 311 1
17 Delayed_17 8 2 617 1
17 Delayed_17 13 2 161 1
17 Delayed_17 18 2 222 1
17 Delayed_17 33 2 487 1
17 Delayed_17 35 2 423 1
17 Delayed_17 35 1 631 1
17 Delayed_17 45 1 397 1
17 Delayed_17 50 1 445 1
17 Delayed_17 50 1 453 1
17 Delayed_17 50 2 618 1
18 Delayed_18 14 1 423 1
18 Delayed_18 33 2 349 1
18 Delayed_18 33 1 730 1
19 Delayed_19 50 2 278 1
19 Delayed_19 50 1 284 1
20 Delayed_20 14 1 671 1
20 Delayed_20 15 2 338 1
20 Delayed_20 15 1 495 1
20 Delayed_20 19 1 347 1
20 Delayed_20 21 2 242 1
20 Delayed_20 21 1 402 1
20 Delayed_20 28 1 402 1
20 Delayed_20 31 2 624 1
20 Delayed_20 33 2 618 1
20 Delayed_20 33 1 671 1
20 Delayed_20 37 1 545 1
20 Delayed_20 43 1 394 1
20 Delayed_20 43 2 606 1
20 Delayed_20 45 1 622 1
20 Delayed_20 47 1 387 1
21 Delayed_21 14 1 54 1
21 Delayed_21 19 1 221 1
21 Delayed_21 37 1 356 1
21 Delayed_21 46 1 54 1
21 Delayed_21 46 2 54 1
21 Delayed_21 50 1 461 1
21 Delayed_21 50 2 787 1
22 Delayed_22 8 2 243 1
22 Delayed_22 17 2 205 1
22 Delayed_22 18 2 218 1
22 Delayed_22 35 2 558 1
22 Delayed_22 49 1 660 1
22 Delayed_22 50 2 477 1
22 Delayed_22 50 1 598 1
22 Delayed_22 50 1 625 1
23 Delayed_23 15 1 138 1
23 Delayed_23 15 2 208 1
23 Delayed_23 50 2 470 1
23 Delayed_23 50 1 498 1
23 Delayed_23 50 1 668 1
24 Delayed_24 38 1 188 1
24 Delayed_24 38 2 188 1
25 Delayed_25 21 2 630 1
25 Delayed_25 30 1 211 1
25 Delayed_25 50 1 240 1
25 Delayed_25 50 2 513 1
26 Delayed_26 10 1 177 1
26 Delayed_26 25 1 489 1
26 Delayed_26 30 1 614 1
26 Delayed_26 35 2 408 1
26 Delayed_26 37 1 839 1
26 Delayed_26 39 1 282 1
26 Delayed_26 39 2 534 1
26 Delayed_26 49 1 402 1
27 Delayed_27 8 2 478 1
27 Delayed_27 19 1 476 1
27 Delayed_27 31 2 155 1
27 Delayed_27 31 1 446 1
27 Delayed_27 33 2 379 1
27 Delayed_27 46 2 324 1
27 Delayed_27 50 1 615 1
28 Delayed_28 18 2 285 1
28 Delayed_28 31 2 318 1
28 Delayed_28 39 1 108 1
28 Delayed_28 39 2 108 1
28 Delayed_28 46 2 459 1
29 Delayed_29 11 1 424 1
29 Delayed_29 11 2 580 1
29 Delayed_29 37 1 313 1
29 Delayed_29 43 2 277 1
29 Delayed_29 47 1 185 1
29 Delayed_29 50 1 468 1
29 Delayed_29 50 2 568 1
30 Delayed_30 10 1 763 1
30 Delayed_30 11 2 630 1
30 Delayed_30 12 1 360 1
30 Delayed_30 12 2 559 1
30 Delayed_30 23 1 510 1
30 Delayed_30 38 2 479 1
30 Delayed_30 39 1 415 1
30 Delayed_30 39 2 616 1
30 Delayed_30 43 1 188 1
30 Delayed_30 43 2 249 1
30 Delayed_30 46 2 344 1
31 Delayed_31 5 1 98 1
31 Delayed_31 49 1 98 1
31 Delayed_31 50 1 433 1
32 Delayed_32 38 1 141 1
32 Delayed_32 38 2 141 1
33 Delayed_33 6 1 423 1
33 Delayed_33 13 2 316 1
33 Delayed_33 13 1 403 1
33 Delayed_33 28 1 564 1
33 Delayed_33 38 2 423 1
33 Delayed_33 43 1 104 1
33 Delayed_33 43 2 552 1
33 Delayed_33 47 1 564 1
33 Delayed_33 50 2 300 1
33 Delayed_33 50 1 430 1
34 Delayed_34 12 2 247 1
34 Delayed_34 13 1 182 1
34 Delayed_34 13 2 440 1
34 Delayed_34 37 1 314 1
34 Delayed_34 50 2 358 1
35 Delayed_35 1 2 606 1
35 Delayed_35 5 1 440 1
35 Delayed_35 13 1 485 1
35 Delayed_35 13 2 497 1
35 Delayed_35 23 1 486 1
35 Delayed_35 39 1 325 1
35 Delayed_35 39 2 640 1
35 Delayed_35 43 2 528 1
35 Delayed_35 46 1 147 1
35 Delayed_35 46 2 564 1
35 Delayed_35 50 1 351 1
35 Delayed_35 50 2 556 1
35 Delayed_35 50 1 678 1
36 Delayed_36 12 2 468 1
36 Delayed_36 12 1 620 1
36 Delayed_36 18 2 527 1
36 Delayed_36 18 1 599 1
36 Delayed_36 23 1 214 1
36 Delayed_36 35 2 214 1
36 Delayed_36 50 1 223 1
37 Delayed_37 8 2 291 1
37 Delayed_37 9 1 61 1
37 Delayed_37 9 2 118 1
37 Delayed_37 17 2 576 1
37 Delayed_37 38 2 453 1
37 Delayed_37 39 2 277 1
38 Delayed_38 13 2 44 1
38 Delayed_38 18 2 428 1
38 Delayed_38 45 1 481 1
39 Delayed_39 10 1 401 1
39 Delayed_39 17 2 335 1
39 Delayed_39 17 1 462 1
39 Delayed_39 50 1 756 1
40 Delayed_40 9 2 287 1
40 Delayed_40 13 1 133 1
40 Delayed_40 13 2 222 1
40 Delayed_40 46 2 426 1
40 Delayed_40 50 1 441 1
41 Delayed_41 9 2 402 1
41 Delayed_41 10 1 123 1
41 Delayed_41 36 1 123 1
41 Delayed_41 36 2 441 1
42 Delayed_42 17 1 113 1
42 Delayed_42 17 2 271 1
42 Delayed_42 46 1 113 1
42 Delayed_42 46 2 695 1
42 Delayed_42 50 1 356 1
42 Delayed_42 50 1 374 1
42 Delayed_42 50 2 403 1
43 Delayed_43 50 1 261 1
44 Delayed_44 1 2 341 1
44 Delayed_44 10 1 100 1
44 Delayed_44 15 2 100 1
45 Delayed_45 17 2 423 1
45 Delayed_45 18 1 517 1
45 Delayed_45 18 2 568 1
45 Delayed_45 23 1 569 1
45 Delayed_45 31 2 427 1
45 Delayed_45 33 1 119 1
45 Delayed_45 33 2 333 1
45 Delayed_45 35 2 360 1
45 Delayed_45 50 1 329 1
45 Delayed_45 50 1 423 1
45 Delayed_45 50 2 565 1
46 Delayed_46 6 1 102 1
46 Delayed_46 45 1 102 1
48 Delayed_48 28 1 192 1
48 Delayed_48 35 1 192 1
48 Delayed_48 35 2 459 1
48 Delayed_48 50 2 533 1
49 Delayed_49 2 1 606 1
49 Delayed_49 25 1 498 1
49 Delayed_49 38 2 560 1
49 Delayed_49 46 2 100 1
49 Delayed_49 46 1 569 1
50 Delayed_50 1 2 219 1
50 Delayed_50 35 2 306 1
51 Delayed_51 18 1 368 1
51 Delayed_51 18 2 394 1
51 Delayed_51 31 2 242 1
51 Delayed_51 45 1 140 1
52 Delayed_52 14 1 415 1
52 Delayed_52 37 1 642 1
52 Delayed_52 46 2 185 1
52 Delayed_52 46 1 231 1
53 Delayed_53 31 2 530 1
53 Delayed_53 33 2 356 1
53 Delayed_53 43 2 755 1
53 Delayed_53 50 1 343 1
53 Delayed_53 50 2 466 1
53 Delayed_53 50 1 487 1
54 Delayed_54 15 2 301 1
54 Delayed_54 17 1 150 1
54 Delayed_54 17 2 424 1
54 Delayed_54 46 1 407 1
54 Delayed_54 46 2 514 1
55 Delayed_55 6 1 327 1
55 Delayed_55 11 2 512 1
55 Delayed_55 18 1 480 1
55 Delayed_55 18 2 519 1
55 Delayed_55 23 1 439 1
55 Delayed_55 35 2 95 1
55 Delayed_55 35 1 422 1
55 Delayed_55 50 2 358 1
55 Delayed_55 50 1 446 1
55 Delayed_55 50 1 679 1
56 Delayed_56 8 2 622 1
56 Delayed_56 10 1 277 1
56 Delayed_56 11 2 374 1
56 Delayed_56 14 1 395 1
56 Delayed_56 18 2 514 1
56 Delayed_56 21 2 794 1
56 Delayed_56 35 2 390 1
56 Delayed_56 39 2 185 1
56 Delayed_56 49 1 353 1
57 Delayed_57 9 1 565 1
57 Delayed_57 9 2 642 1
57 Delayed_57 12 2 366 1
57 Delayed_57 14 1 565 1
57 Delayed_57 15 2 428 1
57 Delayed_57 18 2 156 1
57 Delayed_57 30 1 366 1
57 Delayed_57 37 1 440 1
57 Delayed_57 49 1 777 1
57 Delayed_57 50 1 269 1
58 Delayed_58 8 1 143 1
58 Delayed_58 8 2 143 1
58 Delayed_58 14 1 143 1
58 Delayed_58 17 2 628 1
58 Delayed_58 45 1 576 1
58 Delayed_58 46 2 318 1
59 Delayed_59 1 2 172 1
59 Delayed_59 9 2 323 1
59 Delayed_59 9 1 410 1
59 Delayed_59 10 1 458 1
59 Delayed_59 15 2 344 1
59 Delayed_59 15 1 459 1
59 Delayed_59 17 2 304 1
59 Delayed_59 19 1 323 1
59 Delayed_59 43 2 247 1
60 Delayed_60 6 1 169 1
60 Delayed_60 15 2 653 1
60 Delayed_60 17 2 638 1
60 Delayed_60 38 1 169 1
60 Delayed_60 38 2 169 1
60 Delayed_60 43 2 296 1
60 Delayed_60 50 2 788 1
61 Delayed_61 8 1 524 1
61 Delayed_61 8 2 557 1
61 Delayed_61 9 1 154 1
61 Delayed_61 9 2 560 1
61 Delayed_61 11 1 133 1
61 Delayed_61 11 2 506 1
61 Delayed_61 15 2 489 1
61 Delayed_61 31 2 159 1
61 Delayed_61 38 2 765 1
61 Delayed_61 50 1 358 1
61 Delayed_61 50 2 622 1
62 Delayed_62 23 1 56 1
62 Delayed_62 50 2 56 1
62 Delayed_62 50 1 184 1
62 Delayed_62 50 1 267 1
63 Delayed_63 2 1 592 1
63 Delayed_63 5 1 208 1
63 Delayed_63 8 2 265 1
63 Delayed_63 8 1 569 1
63 Delayed_63 21 1 300 1
63 Delayed_63 21 2 476 1
63 Delayed_63 31 2 409 1
63 Delayed_63 33 2 280 1
63 Delayed_63 36 2 84 1
63 Delayed_63 36 1 280 1
63 Delayed_63 38 2 684 1
63 Delayed_63 46 1 446 1
63 Delayed_63 46 2 560 1
63 Delayed_63 49 1 520 1
63 Delayed_63 50 1 256 1
64 Delayed_64 13 2 116 1
64 Delayed_64 13 1 508 1
64 Delayed_64 17 1 116 1
64 Delayed_64 17 2 427 1
64 Delayed_64 49 1 116 1
65 Delayed_65 12 2 495 1
65 Delayed_65 17 2 307 1
65 Delayed_65 17 1 341 1
65 Delayed_65 38 2 352 1
65 Delayed_65 38 1 499 1
65 Delayed_65 49 1 438 1
66 Delayed_66 21 1 93 1
66 Delayed_66 21 2 93 1
66 Delayed_66 38 1 93 1
66 Delayed_66 38 2 567 1
67 Delayed_67 1 2 645 1
67 Delayed_67 1 1 751 1
67 Delayed_67 6 1 691 1
67 Delayed_67 9 2 240 1
67 Delayed_67 9 1 645 1
67 Delayed_67 16 2 553 1
67 Delayed_67 16 1 623 1
67 Delayed_67 18 2 303 1
67 Delayed_67 18 1 385 1
67 Delayed_67 45 1 573 1
67 Delayed_67 49 1 230 1
68 Delayed_68 13 2 390 1
68 Delayed_68 19 1 285 1
68 Delayed_68 25 1 58 1
68 Delayed_68 36 2 551 1
68 Delayed_68 37 1 335 1
68 Delayed_68 45 1 58 1
68 Delayed_68 50 1 198 1
69 Delayed_69 6 1 593 1
69 Delayed_69 8 2 451 1
69 Delayed_69 12 2 348 1
69 Delayed_69 13 2 14 1
69 Delayed_69 14 1 398 1
69 Delayed_69 18 2 455 1
69 Delayed_69 18 1 615 1
69 Delayed_69 19 1 431 1
69 Delayed_69 30 1 101 1
69 Delayed_69 46 1 14 1
69 Delayed_69 46 2 498 1
70 Delayed_70 8 2 283 1
70 Delayed_70 17 2 268 1
70 Delayed_70 37 1 533 1
70 Delayed_70 38 2 170 1
70 Delayed_70 38 1 572 1
70 Delayed_70 39 2 489 1
70 Delayed_70 50 1 397 1
70 Delayed_70 50 1 585 1
70 Delayed_70 50 2 804 1
71 Delayed_71 16 2 130 1
71 Delayed_71 21 2 517 1
71 Delayed_71 37 1 130 1
71 Delayed_71 50 1 203 1
71 Delayed_71 50 1 409 1
71 Delayed_71 50 2 617 1
72 Delayed_72 35 1 65 1
72 Delayed_72 35 2 65 1
73 Delayed_73 1 1 381 1
73 Delayed_73 1 2 448 1
73 Delayed_73 23 1 296 1
73 Delayed_73 25 1 150 1
73 Delayed_73 30 1 150 1
73 Delayed_73 31 2 150 1
73 Delayed_73 35 2 430 1
73 Delayed_73 38 2 364 1
75 Delayed_75 18 2 643 1
75 Delayed_75 50 1 407 1
76 Delayed_76 18 2 490 1
76 Delayed_76 21 2 453 1
76 Delayed_76 25 1 439 1
76 Delayed_76 39 1 95 1
76 Delayed_76 39 2 465 1
77 Delayed_77 1 2 171 1
77 Delayed_77 50 1 172 1
78 Delayed_78 18 2 611 1
78 Delayed_78 50 1 300 1
79 Delayed_79 2 1 171 1
79 Delayed_79 5 1 367 1
79 Delayed_79 8 2 494 1
79 Delayed_79 43 2 136 1
79 Delayed_79 45 1 403 1
79 Delayed_79 50 2 140 1
79 Delayed_79 50 1 171 1
79 Delayed_79 50 1 631 1
80 Delayed_80 1 2 331 1
80 Delayed_80 2 1 402 1
80 Delayed_80 6 1 444 1
80 Delayed_80 8 2 571 1
80 Delayed_80 9 2 401 1
80 Delayed_80 9 1 402 1
80 Delayed_80 12 1 261 1
80 Delayed_80 12 2 444 1
80 Delayed_80 14 1 444 1
80 Delayed_80 16 2 245 1
80 Delayed_80 17 2 705 1
80 Delayed_80 18 2 402 1
80 Delayed_80 25 1 593 1
80 Delayed_80 35 1 508 1
80 Delayed_80 35 2 509 1
80 Delayed_80 37 1 215 1
81 Delayed_81 8 2 138 1
81 Delayed_81 10 1 326 1
81 Delayed_81 14 1 167 1
81 Delayed_81 47 1 167 1
81 Delayed_81 49 1 511 1
82 Delayed_82 9 2 294 1
82 Delayed_82 16 1 152 1
82 Delayed_82 16 2 262 1
82 Delayed_82 37 1 176 1
82 Delayed_82 39 1 152 1
82 Delayed_82 39 2 813 1
82 Delayed_82 49 1 335 1
82 Delayed_82 50 1 262 1
82 Delayed_82 50 2 323 1
82 Delayed_82 50 1 468 1
83 Delayed_83 14 1 312 1
83 Delayed_83 25 1 34 1
84 Delayed_84 1 2 284 1
84 Delayed_84 6 1 637 1
84 Delayed_84 8 1 323 1
84 Delayed_84 8 2 419 1
84 Delayed_84 13 2 222 1
84 Delayed_84 13 1 515 1
84 Delayed_84 14 1 564 1
84 Delayed_84 15 1 173 1
84 Delayed_84 15 2 219 1
84 Delayed_84 33 2 760 1
84 Delayed_84 35 2 202 1
84 Delayed_84 36 2 323 1
84 Delayed_84 36 1 702 1
84 Delayed_84 39 2 173 1
84 Delayed_84 39 1 546 1
84 Delayed_84 46 2 243 1
84 Delayed_84 50 1 411 1
85 Delayed_85 8 2 468 1
85 Delayed_85 9 2 164 1
85 Delayed_85 9 1 409 1
85 Delayed_85 13 1 164 1
85 Delayed_85 13 2 654 1
85 Delayed_85 14 1 511 1
85 Delayed_85 47 1 449 1
86 Delayed_86 16 2 544 1
86 Delayed_86 16 1 622 1
86 Delayed_86 37 1 639 1
86 Delayed_86 47 1 544 1
86 Delayed_86 50 2 409 1
86 Delayed_86 50 1 419 1
86 Delayed_86 50 1 722 1
87 Delayed_87 18 2 305 1
87 Delayed_87 43 2 394 1
87 Delayed_87 43 1 438 1
87 Delayed_87 46 1 86 1
87 Delayed_87 46 2 393 1
87 Delayed_87 50 1 244 1
87 Delayed_87 50 1 263 1
87 Delayed_87 50 2 346 1
88 Delayed_88 2 1 32 1
88 Delayed_88 16 2 533 1
88 Delayed_88 19 1 122 1
88 Delayed_88 37 1 428 1
88 Delayed_88 38 2 558 1
88 Delayed_88 39 2 448 1
88 Delayed_88 39 1 565 1
89 Delayed_89 15 2 255 1
89 Delayed_89 16 2 620 1
89 Delayed_89 38 2 539 1
89 Delayed_89 49 1 423 1
89 Delayed_89 50 1 242 1
90 Delayed_90 50 2 517 1
90 Delayed_90 50 1 534 1
90 Delayed_90 50 1 584 1
91 Delayed_91 13 2 91 1
91 Delayed_91 17 2 260 1
91 Delayed_91 18 2 442 1
91 Delayed_91 35 2 587 1
91 Delayed_91 50 1 409 1
92 Delayed_92 10 1 463 1
92 Delayed_92 31 2 156 1
92 Delayed_92 50 2 170 1
92 Delayed_92 50 1 599 1
94 Delayed_94 2 1 548 1
94 Delayed_94 14 1 618 1
94 Delayed_94 18 2 250 1
94 Delayed_94 39 2 584 1
94 Delayed_94 46 2 160 1
94 Delayed_94 50 1 585 1
95 Delayed_95 8 2 610 1
95 Delayed_95 10 1 277 1
95 Delayed_95 14 1 214 1
95 Delayed_95 50 2 569 1
96 Delayed_96 17 2 382 1
96 Delayed_96 50 1 325 1
98 Delayed_98 2 1 158 1
99 Delayed_99 18 2 258 1
99 Delayed_99 18 1 430 1
99 Delayed_99 33 2 171 1
99 Delayed_99 33 1 337 1
99 Delayed_99 38 2 98 1
99 Delayed_99 38 1 580 1
99 Delayed_99 50 1 418 1
100 Delayed_100 1 2 197 1
100 Delayed_100 1 1 589 1
100 Delayed_100 15 1 426 1
100 Delayed_100 15 2 543 1
100 Delayed_100 19 1 143 1
100 Delayed_100 21 2 143 1
100 Delayed_100 21 1 891 1
100 Delayed_100 30 1 407 1
100 Delayed_100 45 1 197 1
100 Delayed_100 46 1 326 1
100 Delayed_100 46 2 397 1
101 Delayed_101 2 1 189 1
101 Delayed_101 31 2 189 1
101 Delayed_101 38 2 534 1
101 Delayed_101 50 1 522 1
102 Delayed_102 8 1 145 1
102 Delayed_102 8 2 145 1
102 Delayed_102 18 2 479 1
102 Delayed_102 28 1 514 1
102 Delayed_102 38 1 145 1
102 Delayed_102 38 2 560 1
102 Delayed_102 50 1 497 1
103 Delayed_103 1 2 278 1
103 Delayed_103 5 1 328 1
103 Delayed_103 10 1 267 1
103 Delayed_103 12 2 422 1
103 Delayed_103 12 1 823 1
103 Delayed_103 13 2 316 1
103 Delayed_103 15 2 404 1
103 Delayed_103 15 1 405 1
103 Delayed_103 17 2 328 1
103 Delayed_103 46 2 823 1
103 Delayed_103 49 1 422 1
104 Delayed_104 1 1 34 1
104 Delayed_104 1 2 291 1
104 Delayed_104 9 2 95 1
104 Delayed_104 47 1 409 1
104 Delayed_104 50 1 401 1
104 Delayed_104 50 2 470 1
104 Delayed_104 50 1 538 1
105 Delayed_105 6 1 110 1
105 Delayed_105 46 1 110 1
105 Delayed_105 46 2 110 1
106 Delayed_106 50 2 116 1
106 Delayed_106 50 1 192 1
106 Delayed_106 50 1 481 1
107 Delayed_107 49 1 383 1
108 Delayed_108 5 1 16 1
108 Delayed_108 6 1 519 1
108 Delayed_108 14 1 579 1
108 Delayed_108 19 1 639 1
108 Delayed_108 35 1 16 1
108 Delayed_108 35 2 16 1
109 Delayed_109 10 1 287 1
109 Delayed_109 31 2 519 1
109 Delayed_109 31 1 548 1
109 Delayed_109 35 1 172 1
109 Delayed_109 35 2 172 1
109 Delayed_109 39 2 548 1
110 Delayed_110 6 1 373 1
110 Delayed_110 12 2 290 1
110 Delayed_110 18 2 317 1
110 Delayed_110 18 1 468 1
110 Delayed_110 21 2 286 1
111 Delayed_111 5 1 18 1
111 Delayed_111 10 1 18 1
111 Delayed_111 47 1 705 1
112 Delayed_112 17 1 58 1
112 Delayed_112 17 2 58 1
112 Delayed_112 38 1 58 1
112 Delayed_112 38 2 412 1
112 Delayed_112 50 1 381 1
112 Delayed_112 50 1 493 1
112 Delayed_112 50 2 605 1
113 Delayed_113 1 2 330 1
113 Delayed_113 36 1 468 1
113 Delayed_113 36 2 682 1
113 Delayed_113 38 2 246 1
113 Delayed_113 46 1 409 1
113 Delayed_113 46 2 424 1
113 Delayed_113 50 1 323 1
114 Delayed_114 38 1 43 1
114 Delayed_114 38 2 43 1
115 Delayed_115 38 2 56 1
115 Delayed_115 50 2 450 1
115 Delayed_115 50 1 517 1
117 Delayed_117 16 1 159 1
117 Delayed_117 49 1 159 1
117 Delayed_117 50 2 159 1
117 Delayed_117 50 1 428 1
117 Delayed_117 50 1 644 1
118 Delayed_118 1 1 565 1
118 Delayed_118 1 2 786 1
118 Delayed_118 12 1 232 1
118 Delayed_118 12 2 440 1
118 Delayed_118 15 2 175 1
118 Delayed_118 16 2 530 1
118 Delayed_118 17 2 483 1
118 Delayed_118 18 1 322 1
118 Delayed_118 18 2 489 1
118 Delayed_118 31 1 175 1
118 Delayed_118 31 2 391 1
118 Delayed_118 35 1 271 1
118 Delayed_118 35 2 322 1
118 Delayed_118 46 1 428 1
118 Delayed_118 46 2 638 1
118 Delayed_118 50 1 322 1
119 Delayed_119 38 2 237 1
119 Delayed_119 50 1 200 1
119 Delayed_119 50 2 467 1
120 Delayed_120 15 2 29 1
120 Delayed_120 21 1 29 1
120 Delayed_120 21 2 475 1
120 Delayed_120 31 2 324 1
120 Delayed_120 47 1 482 1
121 Delayed_121 8 2 258 1
121 Delayed_121 10 1 402 1
121 Delayed_121 12 1 250 1
121 Delayed_121 12 2 402 1
121 Delayed_121 13 2 622 1
121 Delayed_121 14 1 453 1
121 Delayed_121 15 1 453 1
121 Delayed_121 15 2 453 1
121 Delayed_121 16 1 258 1
121 Delayed_121 16 2 504 1
121 Delayed_121 23 1 622 1
121 Delayed_121 25 1 622 1
121 Delayed_121 33 2 420 1
121 Delayed_121 49 1 643 1
121 Delayed_121 50 1 258 1
122 Delayed_122 14 1 349 1
122 Delayed_122 15 2 424 1
122 Delayed_122 30 1 424 1
122 Delayed_122 45 1 372 1
123 Delayed_123 2 1 407 1
123 Delayed_123 15 1 408 1
123 Delayed_123 15 2 408 1
123 Delayed_123 19 1 793 1
123 Delayed_123 25 1 442 1
124 Delayed_124 5 1 514 1
124 Delayed_124 10 1 341 1
124 Delayed_124 11 2 422 1
124 Delayed_124 12 1 320 1
124 Delayed_124 12 2 504 1
124 Delayed_124 21 2 787 1
124 Delayed_124 23 1 448 1
124 Delayed_124 33 2 409 1
124 Delayed_124 50 1 340 1
124 Delayed_124 50 1 435 1
124 Delayed_124 50 2 514 1
125 Delayed_125 2 1 503 1
125 Delayed_125 11 1 342 1
125 Delayed_125 11 2 503 1
125 Delayed_125 17 2 341 1
125 Delayed_125 18 2 599 1
125 Delayed_125 30 1 569 1
125 Delayed_125 31 2 346 1
125 Delayed_125 45 1 322 1
125 Delayed_125 50 1 87 1
125 Delayed_125 50 2 152 1
125 Delayed_125 50 1 667 1
126 Delayed_126 25 1 154 1
127 Delayed_127 1 1 210 1
127 Delayed_127 1 2 210 1
128 Delayed_128 2 1 353 1
128 Delayed_128 16 2 197 1
128 Delayed_128 16 1 399 1
128 Delayed_128 19 1 327 1
128 Delayed_128 30 1 139 1
129 Delayed_129 19 1 177 1
129 Delayed_129 50 1 240 1
129 Delayed_129 50 1 423 1
129 Delayed_129 50 2 493 1
130 Delayed_130 18 2 433 1
130 Delayed_130 21 1 18 1
130 Delayed_130 21 2 18 1
130 Delayed_130 25 1 303 1
130 Delayed_130 38 1 18 1
130 Delayed_130 38 2 778 1
132 Delayed_132 18 1 52 1
132 Delayed_132 18 2 455 1
132 Delayed_132 33 1 52 1
132 Delayed_132 33 2 258 1
133 Delayed_133 16 2 207 1
133 Delayed_133 19 1 88 1
133 Delayed_133 45 1 88 1
134 Delayed_134 1 2 592 1
134 Delayed_134 1 1 647 1
134 Delayed_134 5 1 444 1
134 Delayed_134 12 2 429 1
134 Delayed_134 25 1 222 1
134 Delayed_134 30 1 380 1
134 Delayed_134 39 2 266 1
134 Delayed_134 45 1 444 1
134 Delayed_134 50 1 767 1
135 Delayed_135 25 1 49 1
135 Delayed_135 35 2 248 1
135 Delayed_135 45 1 49 1
135 Delayed_135 50 2 49 1
135 Delayed_135 50 1 508 1
136 Delayed_136 1 2 161 1
136 Delayed_136 8 1 311 1
136 Delayed_136 8 2 484 1
136 Delayed_136 13 1 272 1
136 Delayed_136 13 2 434 1
136 Delayed_136 14 1 405 1
136 Delayed_136 21 1 161 1
136 Delayed_136 21 2 645 1
136 Delayed_136 23 1 272 1
136 Delayed_136 39 2 380 1
136 Delayed_136 47 1 423 1
136 Delayed_136 50 1 172 1
136 Delayed_136 50 1 412 1
136 Delayed_136 50 2 485 1
137 Delayed_137 2 1 607 1
137 Delayed_137 31 2 565 1
137 Delayed_137 31 1 577 1
137 Delayed_137 38 2 29 1
137 Delayed_137 38 1 617 1
137 Delayed_137 39 2 394 1
137 Delayed_137 45 1 623 1
137 Delayed_137 50 1 174 1
138 Delayed_138 1 2 534 1
138 Delayed_138 17 1 147 1
138 Delayed_138 17 2 158 1
138 Delayed_138 19 1 147 1
138 Delayed_138 28 1 158 1
138 Delayed_138 35 1 437 1
138 Delayed_138 35 2 542 1
138 Delayed_138 38 2 522 1
139 Delayed_139 1 2 564 1
139 Delayed_139 1 1 569 1
139 Delayed_139 10 1 655 1
139 Delayed_139 18 2 574 1
139 Delayed_139 31 2 580 1
139 Delayed_139 31 1 594 1
139 Delayed_139 35 2 246 1
139 Delayed_139 43 1 356 1
139 Delayed_139 50 2 377 1
139 Delayed_139 50 1 485 1
140 Delayed_140 2 1 533 1
140 Delayed_140 6 1 252 1
140 Delayed_140 16 2 226 1
140 Delayed_140 16 1 575 1
141 Delayed_141 8 2 131 1
141 Delayed_141 14 1 786 1
141 Delayed_141 50 2 538 1
141 Delayed_141 50 1 544 1
141 Delayed_141 50 1 615 1
143 Delayed_143 2 1 613 1
143 Delayed_143 23 1 594 1
143 Delayed_143 50 1 556 1
144 Delayed_144 2 1 117 1
144 Delayed_144 16 2 238 1
144 Delayed_144 37 1 117 1
144 Delayed_144 38 2 117 1
144 Delayed_144 46 1 217 1
144 Delayed_144 46 2 389 1
145 Delayed_145 8 2 588 1
145 Delayed_145 14 1 615 1
145 Delayed_145 25 1 143 1
145 Delayed_145 43 1 143 1
145 Delayed_145 43 2 143 1
146 Delayed_146 13 2 586 1
146 Delayed_146 17 1 137 1
146 Delayed_146 17 2 309 1
146 Delayed_146 45 1 340 1
146 Delayed_146 49 1 517 1
146 Delayed_146 50 1 539 1
147 Delayed_147 2 1 194 1
147 Delayed_147 21 2 520 1
147 Delayed_147 31 2 194 1
148 Delayed_148 5 1 360 1
148 Delayed_148 6 1 420 1
148 Delayed_148 12 1 107 1
148 Delayed_148 12 2 107 1
148 Delayed_148 15 1 107 1
148 Delayed_148 15 2 529 1
148 Delayed_148 17 2 580 1
148 Delayed_148 50 1 407 1
149 Delayed_149 1 2 586 1
149 Delayed_149 5 1 701 1
149 Delayed_149 8 2 790 1
149 Delayed_149 11 2 383 1
149 Delayed_149 11 1 543 1
149 Delayed_149 12 1 402 1
149 Delayed_149 15 2 402 1
149 Delayed_149 16 1 402 1
149 Delayed_149 16 2 547 1
149 Delayed_149 17 1 404 1
149 Delayed_149 17 2 655 1
149 Delayed_149 19 1 227 1
149 Delayed_149 23 1 586 1
149 Delayed_149 25 1 586 1
149 Delayed_149 28 1 701 1
149 Delayed_149 35 2 543 1
149 Delayed_149 35 1 547 1
149 Delayed_149 38 2 410 1
149 Delayed_149 43 2 206 1
149 Delayed_149 46 2 432 1
149 Delayed_149 49 1 547 1
149 Delayed_149 50 2 227 1
149 Delayed_149 50 1 432 1
149 Delayed_149 50 1 776 1
150 Delayed_150 10 1 643 1
150 Delayed_150 12 1 201 1
150 Delayed_150 12 2 201 1
150 Delayed_150 14 1 524 1
150 Delayed_150 17 2 418 1
150 Delayed_150 17 1 743 1
150 Delayed_150 19 1 364 1
150 Delayed_150 25 1 418 1
150 Delayed_150 33 2 312 1
150 Delayed_150 33 1 377 1
150 Delayed_150 35 2 743 1
150 Delayed_150 43 2 438 1
151 Delayed_151 1 1 224 1
151 Delayed_151 1 2 537 1
151 Delayed_151 8 2 497 1
151 Delayed_151 9 2 754 1
151 Delayed_151 15 2 328 1
151 Delayed_151 39 2 544 1
151 Delayed_151 50 1 423 1
152 Delayed_152 2 1 231 1
152 Delayed_152 15 2 136 1
152 Delayed_152 50 2 465 1
152 Delayed_152 50 1 528 1
153 Delayed_153 6 1 94 1
153 Delayed_153 17 2 590 1
153 Delayed_153 23 1 94 1
153 Delayed_153 35 2 94 1
153 Delayed_153 46 2 406 1
154 Delayed_154 2 1 324 1
154 Delayed_154 8 1 134 1
154 Delayed_154 8 2 134 1
154 Delayed_154 30 1 373 1
154 Delayed_154 45 1 134 1
155 Delayed_155 18 2 301 1
155 Delayed_155 18 1 373 1
155 Delayed_155 35 1 213 1
155 Delayed_155 35 2 214 1
155 Delayed_155 45 1 565 1
156 Delayed_156 16 2 562 1
156 Delayed_156 16 1 563 1
157 Delayed_157 6 1 124 1
157 Delayed_157 19 1 124 1
157 Delayed_157 36 2 124 1
158 Delayed_158 5 1 339 1
158 Delayed_158 11 1 252 1
158 Delayed_158 11 2 472 1
158 Delayed_158 13 2 835 1
158 Delayed_158 21 2 219 1
158 Delayed_158 25 1 355 1
158 Delayed_158 31 1 203 1
158 Delayed_158 31 2 463 1
159 Delayed_159 1 2 53 1
159 Delayed_159 1 1 210 1
159 Delayed_159 21 2 325 1
160 Delayed_160 9 1 535 1
160 Delayed_160 12 2 395 1
160 Delayed_160 14 1 174 1
160 Delayed_160 17 2 211 1
160 Delayed_160 31 2 618 1
160 Delayed_160 38 2 344 1
160 Delayed_160 39 2 188 1
160 Delayed_160 39 1 344 1
160 Delayed_160 43 2 420 1
161 Delayed_161 5 1 608 1
161 Delayed_161 9 2 364 1
161 Delayed_161 9 1 501 1
161 Delayed_161 12 1 270 1
161 Delayed_161 12 2 595 1
161 Delayed_161 14 1 246 1
161 Delayed_161 25 1 246 1
161 Delayed_161 36 2 384 1
161 Delayed_161 38 2 458 1
161 Delayed_161 38 1 501 1
161 Delayed_161 50 1 633 1
162 Delayed_162 46 1 149 1
162 Delayed_162 46 2 182 1
163 Delayed_163 15 1 207 1
163 Delayed_163 15 2 378 1
163 Delayed_163 16 2 470 1
163 Delayed_163 49 1 207 1
164 Delayed_164 11 1 14 1
164 Delayed_164 11 2 293 1
164 Delayed_164 21 2 14 1
164 Delayed_164 50 1 250 1
164 Delayed_164 50 1 298 1
164 Delayed_164 50 2 637 1
165 Delayed_165 2 1 171 1
165 Delayed_165 5 1 556 1
165 Delayed_165 49 1 628 1
165 Delayed_165 50 1 333 1
165 Delayed_165 50 2 354 1
165 Delayed_165 50 1 476 1
166 Delayed_166 19 1 110 1
166 Delayed_166 47 1 110 1
167 Delayed_167 18 2 347 1
167 Delayed_167 21 2 57 1
167 Delayed_167 21 1 527 1
167 Delayed_167 28 1 706 1
167 Delayed_167 33 2 638 1
167 Delayed_167 35 2 397 1
167 Delayed_167 35 1 463 1
167 Delayed_167 36 2 143 1
167 Delayed_167 36 1 806 1
167 Delayed_167 50 1 397 1
168 Delayed_168 11 2 285 1
168 Delayed_168 17 2 355 1
168 Delayed_168 17 1 552 1
168 Delayed_168 21 2 347 1
168 Delayed_168 21 1 366 1
168 Delayed_168 36 2 409 1
168 Delayed_168 36 1 578 1
168 Delayed_168 49 1 419 1
168 Delayed_168 50 1 310 1
169 Delayed_169 36 2 292 1
170 Delayed_170 18 2 566 1
170 Delayed_170 18 1 584 1
170 Delayed_170 23 1 452 1
170 Delayed_170 33 2 569 1
171 Delayed_171 5 1 322 1
171 Delayed_171 6 1 503 1
171 Delayed_171 9 2 459 1
171 Delayed_171 13 1 318 1
171 Delayed_171 13 2 503 1
171 Delayed_171 17 2 322 1
171 Delayed_171 18 1 263 1
171 Delayed_171 18 2 551 1
171 Delayed_171 21 2 492 1
171 Delayed_171 25 1 369 1
171 Delayed_171 30 1 176 1
171 Delayed_171 43 2 263 1
171 Delayed_171 43 1 375 1
171 Delayed_171 45 1 263 1
171 Delayed_171 46 1 490 1
171 Delayed_171 46 2 624 1
172 Delayed_172 2 1 166 1
172 Delayed_172 21 1 166 1
172 Delayed_172 21 2 166 1
173 Delayed_173 2 1 507 1
173 Delayed_173 11 2 315 1
173 Delayed_173 11 1 354 1
173 Delayed_173 17 2 422 1
173 Delayed_173 18 2 543 1
173 Delayed_173 28 1 347 1
173 Delayed_173 36 1 525 1
173 Delayed_173 36 2 718 1
173 Delayed_173 46 2 455 1
173 Delayed_173 47 1 660 1
174 Delayed_174 13 2 354 1
174 Delayed_174 13 1 544 1
174 Delayed_174 18 1 214 1
174 Delayed_174 18 2 406 1
174 Delayed_174 19 1 413 1
174 Delayed_174 39 2 546 1
174 Delayed_174 50 1 347 1
175 Delayed_175 6 1 484 1
175 Delayed_175 13 1 446 1
175 Delayed_175 13 2 477 1
175 Delayed_175 17 2 529 1
175 Delayed_175 31 2 305 1
175 Delayed_175 31 1 700 1
175 Delayed_175 35 1 23 1
175 Delayed_175 35 2 23 1
176 Delayed_176 19 1 336 1
176 Delayed_176 30 1 583 1
176 Delayed_176 31 1 23 1
176 Delayed_176 31 2 517 1
176 Delayed_176 45 1 378 1
176 Delayed_176 46 1 23 1
176 Delayed_176 46 2 23 1
177 Delayed_177 28 1 306 1
177 Delayed_177 39 2 176 1
177 Delayed_177 39 1 548 1
178 Delayed_178 30 1 118 1
178 Delayed_178 37 1 118 1
179 Delayed_179 12 2 801 1
179 Delayed_179 13 2 33 1
179 Delayed_179 43 2 318 1
179 Delayed_179 50 1 199 1
179 Delayed_179 50 2 533 1
179 Delayed_179 50 1 551 1
180 Delayed_180 19 1 175 1
180 Delayed_180 30 1 175 1
180 Delayed_180 50 1 221 1
180 Delayed_180 50 2 364 1
180 Delayed_180 50 1 441 1
181 Delayed_181 18 2 542 1
181 Delayed_181 21 2 367 1
181 Delayed_181 21 1 637 1
181 Delayed_181 46 2 626 1
181 Delayed_181 47 1 344 1
182 Delayed_182 2 1 156 1
182 Delayed_182 28 1 156 1
182 Delayed_182 50 1 813 1
183 Delayed_183 2 1 277 1
183 Delayed_183 13 2 133 1
184 Delayed_184 9 2 237 1
184 Delayed_184 9 1 513 1
184 Delayed_184 16 1 224 1
184 Delayed_184 16 2 657 1
184 Delayed_184 17 2 310 1
184 Delayed_184 18 2 406 1
184 Delayed_184 21 2 285 1
184 Delayed_184 25 1 116 1
184 Delayed_184 30 1 423 1
184 Delayed_184 35 2 401 1
184 Delayed_184 37 1 116 1
184 Delayed_184 38 2 184 1
184 Delayed_184 38 1 336 1
184 Delayed_184 39 1 252 1
184 Delayed_184 39 2 517 1
185 Delayed_185 1 2 586 1
185 Delayed_185 12 2 292 1
185 Delayed_185 15 1 141 1
185 Delayed_185 15 2 421 1
185 Delayed_185 36 2 533 1
185 Delayed_185 37 1 415 1
185 Delayed_185 49 1 556 1
186 Delayed_186 11 2 128 1
186 Delayed_186 12 2 422 1
186 Delayed_186 16 2 22 1
186 Delayed_186 23 1 429 1
186 Delayed_186 50 1 313 1
186 Delayed_186 50 2 493 1
187 Delayed_187 8 2 582 1
187 Delayed_187 16 2 21 1
187 Delayed_187 35 1 21 1
187 Delayed_187 35 2 617 1
187 Delayed_187 39 2 323 1
187 Delayed_187 50 1 703 1
188 Delayed_188 10 1 744 1
188 Delayed_188 16 1 96 1
188 Delayed_188 16 2 473 1
188 Delayed_188 17 2 96 1
188 Delayed_188 38 2 586 1
188 Delayed_188 39 1 96 1
188 Delayed_188 39 2 279 1
189 Delayed_189 18 1 207 1
189 Delayed_189 18 2 488 1
190 Delayed_190 1 2 452 1
190 Delayed_190 1 1 582 1
190 Delayed_190 5 1 337 1
190 Delayed_190 37 1 389 1
190 Delayed_190 50 1 300 1
190 Delayed_190 50 2 358 1
191 Delayed_191 31 2 377 1
191 Delayed_191 46 1 16 1
191 Delayed_191 46 2 268 1
192 Delayed_192 23 1 29 1
192 Delayed_192 50 1 506 1
193 Delayed_193 12 2 545 1
193 Delayed_193 18 1 23 1
193 Delayed_193 18 2 85 1
193 Delayed_193 30 1 23 1
193 Delayed_193 38 2 23 1
193 Delayed_193 43 2 612 1
193 Delayed_193 47 1 612 1
194 Delayed_194 17 2 560 1
194 Delayed_194 39 2 530 1
195 Delayed_195 45 1 22 1
195 Delayed_195 46 2 22 1
196 Delayed_196 10 1 468 1
196 Delayed_196 30 1 556 1
196 Delayed_196 35 2 153 1
196 Delayed_196 38 2 532 1
196 Delayed_196 50 2 430 1
196 Delayed_196 50 1 505 1
196 Delayed_196 50 1 888 1
197 Delayed_197 11 2 522 1
197 Delayed_197 18 1 432 1
197 Delayed_197 18 2 511 1
197 Delayed_197 19 1 561 1
197 Delayed_197 25 1 511 1
197 Delayed_197 38 1 681 1
197 Delayed_197 38 2 709 1
197 Delayed_197 49 1 834 1
197 Delayed_197 50 2 381 1
198 Delayed_198 2 1 454 1
198 Delayed_198 17 1 145 1
198 Delayed_198 17 2 478 1
198 Delayed_198 35 2 145 1
199 Delayed_199 15 1 166 1
199 Delayed_199 15 2 231 1
199 Delayed_199 19 1 801 1
199 Delayed_199 50 1 655 1
200 Delayed_200 35 1 173 1
200 Delayed_200 35 2 453 1
