1 Delayed_1 2 1 449 1
1 Delayed_1 9 1 238 1
1 Delayed_1 9 2 238 1
1 Delayed_1 17 1 331 1
1 Delayed_1 19 1 238 1
1 Delayed_1 34 2 238 1
1 Delayed_1 34 1 284 1
1 Delayed_1 41 2 322 1
1 Delayed_1 49 1 176 1
2 Delayed_2 9 1 81 1
2 Delayed_2 9 2 281 1
2 Delayed_2 16 1 281 1
2 Delayed_2 33 1 302 1
2 Delayed_2 34 2 298 1
2 Delayed_2 34 1 319 1
2 Delayed_2 46 2 81 1
2 Delayed_2 46 1 285 1
3 Delayed_3 29 2 272 1
3 Delayed_3 29 1 344 1
3 Delayed_3 46 1 266 1
3 Delayed_3 46 2 266 1
4 Delayed_4 27 2 186 1
4 Delayed_4 27 1 308 1
4 Delayed_4 29 2 316 1
4 Delayed_4 29 1 317 1
4 Delayed_4 34 1 352 1
4 Delayed_4 34 2 352 1
4 Delayed_4 40 1 288 1
4 Delayed_4 43 1 228 1
4 Delayed_4 43 2 352 1
4 Delayed_4 46 2 186 1
4 Delayed_4 46 1 341 1
4 Delayed_4 47 1 228 1
4 Delayed_4 47 2 345 1
4 Delayed_4 50 2 221 1
4 Delayed_4 50 2 308 1
4 Delayed_4 50 1 341 1
5 Delayed_5 3 1 294 1
5 Delayed_5 16 1 284 1
5 Delayed_5 28 1 338 1
5 Delayed_5 29 2 61 1
5 Delayed_5 33 1 290 1
5 Delayed_5 35 2 208 1
5 Delayed_5 35 1 250 1
5 Delayed_5 49 1 242 1
6 Delayed_6 18 1 91 1
6 Delayed_6 27 2 147 1
6 Delayed_6 28 1 274 1
6 Delayed_6 30 2 186 1
6 Delayed_6 34 2 186 1
6 Delayed_6 50 2 181 1
6 Delayed_6 50 1 189 1
7 Delayed_7 9 2 163 1
7 Delayed_7 41 1 207 1
7 Delayed_7 41 2 258 1
7 Delayed_7 42 1 283 1
8 Delayed_8 8 1 326 1
8 Delayed_8 9 1 239 1
8 Delayed_8 9 2 258 1
8 Delayed_8 14 2 108 1
8 Delayed_8 27 2 239 1
8 Delayed_8 27 1 302 1
8 Delayed_8 28 1 359 1
8 Delayed_8 34 1 192 1
8 Delayed_8 34 2 314 1
8 Delayed_8 40 1 108 1
9 Delayed_9 8 1 283 1
9 Delayed_9 12 1 152 1
9 Delayed_9 16 1 338 1
9 Delayed_9 28 1 301 1
9 Delayed_9 29 2 283 1
9 Delayed_9 47 2 251 1
10 Delayed_10 7 2 146 1
10 Delayed_10 7 1 265 1
10 Delayed_10 18 1 251 1
10 Delayed_10 22 1 95 1
10 Delayed_10 27 2 213 1
10 Delayed_10 27 1 299 1
10 Delayed_10 42 1 299 1
11 Delayed_11 2 1 142 1
11 Delayed_11 9 2 237 1
11 Delayed_11 29 2 171 1
11 Delayed_11 33 1 301 1
11 Delayed_11 40 1 301 1
11 Delayed_11 41 1 142 1
11 Delayed_11 41 2 324 1
11 Delayed_11 43 1 237 1
11 Delayed_11 43 2 448 1
11 Delayed_11 45 1 165 1
12 Delayed_12 44 1 7 1
12 Delayed_12 47 1 7 1
12 Delayed_12 47 2 319 1
13 Delayed_13 17 1 322 1
13 Delayed_13 33 1 291 1
13 Delayed_13 42 1 100 1
13 Delayed_13 45 1 202 1
13 Delayed_13 49 1 291 1
13 Delayed_13 50 2 214 1
14 Delayed_14 19 1 237 1
14 Delayed_14 29 1 119 1
14 Delayed_14 29 2 233 1
14 Delayed_14 40 1 119 1
14 Delayed_14 50 2 179 1
14 Delayed_14 50 1 362 1
15 Delayed_15 2 1 236 1
15 Delayed_15 11 1 156 1
15 Delayed_15 11 2 275 1
15 Delayed_15 12 1 188 1
15 Delayed_15 15 2 131 1
15 Delayed_15 16 1 150 1
15 Delayed_15 22 1 329 1
15 Delayed_15 22 2 340 1
15 Delayed_15 28 1 210 1
15 Delayed_15 41 2 156 1
15 Delayed_15 41 1 275 1
15 Delayed_15 45 1 167 1
15 Delayed_15 47 2 131 1
15 Delayed_15 50 1 184 1
15 Delayed_15 50 2 275 1
16 Delayed_16 18 1 85 1
16 Delayed_16 28 1 274 1
16 Delayed_16 33 1 177 1
16 Delayed_16 35 2 302 1
16 Delayed_16 42 1 286 1
16 Delayed_16 46 1 168 1
16 Delayed_16 46 2 308 1
16 Delayed_16 50 1 147 1
16 Delayed_16 50 2 304 1
17 Delayed_17 12 1 381 1
17 Delayed_17 13 2 231 1
17 Delayed_17 13 1 240 1
17 Delayed_17 19 1 263 1
17 Delayed_17 44 1 444 1
18 Delayed_18 3 1 227 1
18 Delayed_18 14 2 194 1
18 Delayed_18 14 1 254 1
18 Delayed_18 22 2 155 1
18 Delayed_18 22 1 238 1
18 Delayed_18 33 1 252 1
18 Delayed_18 42 1 85 1
18 Delayed_18 49 1 274 1
18 Delayed_18 50 1 286 1
18 Delayed_18 50 2 323 1
18 Delayed_18 50 1 348 1
18 Delayed_18 50 2 462 1
19 Delayed_19 3 1 112 1
19 Delayed_19 16 1 347 1
19 Delayed_19 18 1 112 1
19 Delayed_19 19 1 331 1
19 Delayed_19 39 2 205 1
19 Delayed_19 46 2 367 1
19 Delayed_19 47 1 130 1
19 Delayed_19 47 2 307 1
20 Delayed_20 34 1 212 1
20 Delayed_20 34 2 301 1
20 Delayed_20 39 1 39 1
20 Delayed_20 39 2 328 1
20 Delayed_20 41 1 306 1
20 Delayed_20 41 2 315 1
20 Delayed_20 47 1 39 1
20 Delayed_20 47 2 240 1
20 Delayed_20 50 1 169 1
20 Delayed_20 50 2 291 1
20 Delayed_20 50 2 328 1
20 Delayed_20 50 1 367 1
21 Delayed_21 50 2 230 1
21 Delayed_21 50 1 273 1
21 Delayed_21 50 2 339 1
22 Delayed_22 11 2 413 1
22 Delayed_22 17 1 147 1
22 Delayed_22 44 1 86 1
22 Delayed_22 45 1 316 1
23 Delayed_23 2 1 286 1
23 Delayed_23 7 1 169 1
23 Delayed_23 7 2 300 1
23 Delayed_23 27 2 12 1
23 Delayed_23 27 1 257 1
23 Delayed_23 29 1 212 1
23 Delayed_23 29 2 328 1
24 Delayed_24 12 1 428 1
24 Delayed_24 17 1 333 1
24 Delayed_24 18 1 201 1
24 Delayed_24 30 2 333 1
24 Delayed_24 39 2 203 1
24 Delayed_24 39 1 308 1
24 Delayed_24 41 1 203 1
24 Delayed_24 41 2 308 1
24 Delayed_24 43 2 349 1
24 Delayed_24 46 2 211 1
24 Delayed_24 47 1 203 1
24 Delayed_24 47 2 424 1
25 Delayed_25 3 1 72 1
25 Delayed_25 16 1 45 1
25 Delayed_25 29 1 283 1
25 Delayed_25 29 2 388 1
25 Delayed_25 42 1 45 1
25 Delayed_25 49 1 427 1
25 Delayed_25 50 2 144 1
25 Delayed_25 50 1 286 1
25 Delayed_25 50 2 322 1
26 Delayed_26 7 1 264 1
26 Delayed_26 7 2 264 1
26 Delayed_26 9 1 213 1
26 Delayed_26 9 2 328 1
26 Delayed_26 22 2 213 1
26 Delayed_26 24 1 234 1
26 Delayed_26 24 2 409 1
26 Delayed_26 27 2 286 1
26 Delayed_26 35 2 213 1
26 Delayed_26 35 1 302 1
26 Delayed_26 40 1 302 1
26 Delayed_26 41 1 86 1
26 Delayed_26 41 2 286 1
26 Delayed_26 45 1 294 1
27 Delayed_27 3 1 335 1
27 Delayed_27 9 1 203 1
27 Delayed_27 9 2 349 1
27 Delayed_27 40 1 90 1
28 Delayed_28 34 2 93 1
28 Delayed_28 34 1 304 1
28 Delayed_28 47 1 79 1
28 Delayed_28 47 2 160 1
29 Delayed_29 14 1 82 1
29 Delayed_29 14 2 173 1
29 Delayed_29 30 2 109 1
29 Delayed_29 30 1 192 1
29 Delayed_29 34 1 90 1
29 Delayed_29 34 2 280 1
29 Delayed_29 41 1 345 1
29 Delayed_29 41 2 345 1
30 Delayed_30 12 1 160 1
30 Delayed_30 22 2 374 1
30 Delayed_30 39 2 374 1
30 Delayed_30 46 2 292 1
30 Delayed_30 46 1 325 1
30 Delayed_30 50 1 211 1
30 Delayed_30 50 2 325 1
31 Delayed_31 7 2 183 1
31 Delayed_31 8 1 328 1
31 Delayed_31 15 2 90 1
31 Delayed_31 15 1 265 1
31 Delayed_31 44 1 333 1
31 Delayed_31 46 2 90 1
31 Delayed_31 47 2 114 1
31 Delayed_31 50 1 116 1
31 Delayed_31 50 2 288 1
32 Delayed_32 47 1 80 1
32 Delayed_32 47 2 303 1
33 Delayed_33 9 2 306 1
33 Delayed_33 11 1 162 1
33 Delayed_33 11 2 328 1
33 Delayed_33 12 1 322 1
33 Delayed_33 29 2 372 1
33 Delayed_33 29 1 373 1
33 Delayed_33 33 1 187 1
33 Delayed_33 42 1 40 1
33 Delayed_33 50 1 91 1
33 Delayed_33 50 2 249 1
34 Delayed_34 3 1 304 1
34 Delayed_34 11 2 119 1
34 Delayed_34 11 1 209 1
34 Delayed_34 18 1 54 1
34 Delayed_34 22 2 202 1
34 Delayed_34 22 1 251 1
34 Delayed_34 41 2 337 1
34 Delayed_34 41 1 355 1
34 Delayed_34 42 1 54 1
34 Delayed_34 47 1 174 1
34 Delayed_34 47 2 408 1
34 Delayed_34 49 1 187 1
34 Delayed_34 50 1 147 1
34 Delayed_34 50 2 275 1
34 Delayed_34 50 1 300 1
34 Delayed_34 50 2 352 1
35 Delayed_35 3 1 345 1
35 Delayed_35 7 2 281 1
35 Delayed_35 8 1 86 1
35 Delayed_35 28 1 227 1
35 Delayed_35 33 1 86 1
35 Delayed_35 34 2 318 1
35 Delayed_35 44 1 372 1
35 Delayed_35 46 2 281 1
35 Delayed_35 47 2 158 1
35 Delayed_35 47 1 161 1
35 Delayed_35 50 1 187 1
35 Delayed_35 50 2 247 1
35 Delayed_35 50 2 318 1
35 Delayed_35 50 1 344 1
36 Delayed_36 16 1 120 1
36 Delayed_36 24 2 201 1
36 Delayed_36 35 1 233 1
36 Delayed_36 35 2 447 1
36 Delayed_36 41 2 145 1
36 Delayed_36 41 1 229 1
36 Delayed_36 42 1 229 1
36 Delayed_36 43 1 120 1
36 Delayed_36 43 2 183 1
36 Delayed_36 45 1 257 1
36 Delayed_36 47 1 57 1
36 Delayed_36 47 2 286 1
37 Delayed_37 7 1 292 1
37 Delayed_37 7 2 339 1
37 Delayed_37 11 2 164 1
37 Delayed_37 29 2 339 1
37 Delayed_37 33 1 124 1
37 Delayed_37 43 2 203 1
37 Delayed_37 43 1 283 1
37 Delayed_37 44 1 68 1
37 Delayed_37 46 2 89 1
37 Delayed_37 46 1 240 1
37 Delayed_37 47 2 241 1
37 Delayed_37 47 1 303 1
37 Delayed_37 50 1 198 1
37 Delayed_37 50 2 334 1
38 Delayed_38 3 1 360 1
38 Delayed_38 22 2 89 1
38 Delayed_38 22 1 399 1
38 Delayed_38 28 1 187 1
38 Delayed_38 33 1 263 1
38 Delayed_38 44 1 288 1
38 Delayed_38 46 2 263 1
38 Delayed_38 46 1 429 1
38 Delayed_38 50 2 307 1
38 Delayed_38 50 1 308 1
39 Delayed_39 7 2 242 1
39 Delayed_39 12 1 294 1
39 Delayed_39 33 1 75 1
39 Delayed_39 44 1 288 1
39 Delayed_39 50 1 241 1
39 Delayed_39 50 2 242 1
40 Delayed_40 2 1 286 1
40 Delayed_40 16 1 213 1
40 Delayed_40 22 2 101 1
40 Delayed_40 24 1 298 1
40 Delayed_40 24 2 356 1
40 Delayed_40 34 2 340 1
40 Delayed_40 41 2 233 1
40 Delayed_40 43 2 274 1
40 Delayed_40 44 1 337 1
40 Delayed_40 46 1 171 1
40 Delayed_40 46 2 284 1
41 Delayed_41 33 1 271 1
41 Delayed_41 41 2 279 1
41 Delayed_41 42 1 114 1
41 Delayed_41 45 1 265 1
41 Delayed_41 50 1 178 1
41 Delayed_41 50 2 275 1
41 Delayed_41 50 2 323 1
41 Delayed_41 50 1 456 1
42 Delayed_42 8 1 162 1
42 Delayed_42 9 1 109 1
42 Delayed_42 9 2 322 1
42 Delayed_42 15 1 221 1
42 Delayed_42 15 2 324 1
42 Delayed_42 19 1 292 1
42 Delayed_42 30 1 109 1
42 Delayed_42 33 1 318 1
42 Delayed_42 35 1 239 1
42 Delayed_42 35 2 369 1
42 Delayed_42 45 1 263 1
42 Delayed_42 46 2 162 1
43 Delayed_43 8 1 99 1
43 Delayed_43 30 2 139 1
43 Delayed_43 35 1 138 1
43 Delayed_43 35 2 138 1
43 Delayed_43 42 1 75 1
44 Delayed_44 24 1 131 1
44 Delayed_44 24 2 140 1
44 Delayed_44 40 1 131 1
44 Delayed_44 43 1 175 1
44 Delayed_44 43 2 297 1
44 Delayed_44 45 1 224 1
45 Delayed_45 29 1 102 1
45 Delayed_45 29 2 334 1
45 Delayed_45 42 1 329 1
45 Delayed_45 44 1 82 1
45 Delayed_45 50 2 314 1
45 Delayed_45 50 2 328 1
46 Delayed_46 2 1 132 1
46 Delayed_46 11 2 137 1
46 Delayed_46 17 1 272 1
46 Delayed_46 43 2 165 1
46 Delayed_46 43 1 249 1
46 Delayed_46 44 1 70 1
46 Delayed_46 45 1 261 1
46 Delayed_46 47 1 70 1
46 Delayed_46 47 2 356 1
47 Delayed_47 3 1 298 1
47 Delayed_47 7 2 332 1
47 Delayed_47 9 2 225 1
47 Delayed_47 9 1 332 1
47 Delayed_47 27 2 105 1
47 Delayed_47 27 1 298 1
47 Delayed_47 43 2 105 1
47 Delayed_47 43 1 260 1
47 Delayed_47 50 1 105 1
47 Delayed_47 50 2 311 1
47 Delayed_47 50 2 333 1
48 Delayed_48 3 1 358 1
48 Delayed_48 7 2 218 1
48 Delayed_48 18 1 77 1
48 Delayed_48 19 1 237 1
48 Delayed_48 34 2 228 1
48 Delayed_48 39 1 77 1
48 Delayed_48 40 1 322 1
48 Delayed_48 42 1 218 1
48 Delayed_48 50 1 153 1
48 Delayed_48 50 2 305 1
48 Delayed_48 50 2 322 1
48 Delayed_48 50 1 355 1
49 Delayed_49 2 1 396 1
49 Delayed_49 11 1 140 1
49 Delayed_49 11 2 374 1
49 Delayed_49 33 1 162 1
49 Delayed_49 40 1 170 1
51 Delayed_51 8 1 213 1
51 Delayed_51 16 1 16 1
51 Delayed_51 17 1 16 1
51 Delayed_51 46 2 256 1
51 Delayed_51 50 1 167 1
51 Delayed_51 50 2 262 1
52 Delayed_52 12 1 354 1
52 Delayed_52 19 1 186 1
52 Delayed_52 34 2 221 1
53 Delayed_53 19 1 69 1
53 Delayed_53 39 2 254 1
53 Delayed_53 39 1 262 1
53 Delayed_53 40 1 69 1
53 Delayed_53 49 1 101 1
53 Delayed_53 50 2 248 1
53 Delayed_53 50 1 407 1
54 Delayed_54 8 1 266 1
54 Delayed_54 14 2 106 1
54 Delayed_54 14 1 291 1
54 Delayed_54 29 1 240 1
54 Delayed_54 29 2 338 1
54 Delayed_54 39 2 171 1
55 Delayed_55 2 1 418 1
55 Delayed_55 12 1 344 1
55 Delayed_55 13 2 292 1
55 Delayed_55 13 1 454 1
55 Delayed_55 16 1 261 1
55 Delayed_55 18 1 97 1
55 Delayed_55 22 2 261 1
55 Delayed_55 22 1 454 1
55 Delayed_55 43 1 253 1
55 Delayed_55 43 2 292 1
55 Delayed_55 47 2 454 1
55 Delayed_55 50 2 315 1
55 Delayed_55 50 1 324 1
56 Delayed_56 18 1 65 1
56 Delayed_56 24 2 152 1
56 Delayed_56 24 1 308 1
56 Delayed_56 34 1 65 1
56 Delayed_56 34 2 151 1
56 Delayed_56 40 1 247 1
56 Delayed_56 50 2 238 1
56 Delayed_56 50 1 273 1
57 Delayed_57 13 2 335 1
57 Delayed_57 14 1 220 1
57 Delayed_57 14 2 261 1
57 Delayed_57 18 1 335 1
57 Delayed_57 19 1 274 1
57 Delayed_57 24 2 279 1
57 Delayed_57 28 1 274 1
57 Delayed_57 29 2 220 1
57 Delayed_57 35 2 153 1
57 Delayed_57 44 1 270 1
57 Delayed_57 46 2 153 1
57 Delayed_57 46 1 300 1
57 Delayed_57 49 1 255 1
57 Delayed_57 50 1 253 1
57 Delayed_57 50 2 255 1
57 Delayed_57 50 2 279 1
57 Delayed_57 50 1 302 1
58 Delayed_58 29 2 203 1
58 Delayed_58 41 2 249 1
58 Delayed_58 50 2 154 1
59 Delayed_59 3 1 316 1
59 Delayed_59 18 1 108 1
59 Delayed_59 24 2 108 1
59 Delayed_59 33 1 316 1
59 Delayed_59 39 1 305 1
59 Delayed_59 39 2 327 1
59 Delayed_59 42 1 369 1
59 Delayed_59 44 1 108 1
59 Delayed_59 45 1 267 1
59 Delayed_59 46 1 271 1
59 Delayed_59 46 2 301 1
59 Delayed_59 49 1 162 1
60 Delayed_60 2 1 97 1
60 Delayed_60 8 1 228 1
60 Delayed_60 9 2 223 1
60 Delayed_60 11 2 187 1
60 Delayed_60 15 1 263 1
60 Delayed_60 15 2 363 1
60 Delayed_60 22 2 196 1
60 Delayed_60 22 1 223 1
60 Delayed_60 35 2 252 1
60 Delayed_60 35 1 255 1
60 Delayed_60 42 1 96 1
60 Delayed_60 43 1 96 1
60 Delayed_60 43 2 252 1
60 Delayed_60 47 2 223 1
60 Delayed_60 50 1 187 1
60 Delayed_60 50 2 255 1
60 Delayed_60 50 2 263 1
60 Delayed_60 50 1 348 1
61 Delayed_61 15 2 178 1
61 Delayed_61 15 1 240 1
61 Delayed_61 17 1 320 1
61 Delayed_61 18 1 13 1
61 Delayed_61 40 1 127 1
61 Delayed_61 49 1 326 1
61 Delayed_61 50 1 211 1
61 Delayed_61 50 2 275 1
61 Delayed_61 50 1 302 1
61 Delayed_61 50 2 325 1
62 Delayed_62 2 1 293 1
62 Delayed_62 3 1 290 1
62 Delayed_62 13 1 283 1
62 Delayed_62 13 2 305 1
62 Delayed_62 15 1 11 1
62 Delayed_62 15 2 305 1
62 Delayed_62 16 1 290 1
62 Delayed_62 18 1 11 1
62 Delayed_62 29 2 11 1
62 Delayed_62 41 2 303 1
62 Delayed_62 41 1 305 1
62 Delayed_62 42 1 380 1
62 Delayed_62 43 2 291 1
62 Delayed_62 45 1 159 1
62 Delayed_62 46 2 261 1
62 Delayed_62 49 1 221 1
62 Delayed_62 50 1 305 1
62 Delayed_62 50 2 353 1
63 Delayed_63 15 2 169 1
63 Delayed_63 17 1 81 1
63 Delayed_63 50 2 367 1
64 Delayed_64 12 1 263 1
64 Delayed_64 16 1 43 1
64 Delayed_64 17 1 261 1
64 Delayed_64 18 1 43 1
64 Delayed_64 47 1 260 1
64 Delayed_64 47 2 272 1
64 Delayed_64 50 2 261 1
64 Delayed_64 50 1 277 1
65 Delayed_65 18 1 79 1
65 Delayed_65 24 2 93 1
65 Delayed_65 24 1 197 1
65 Delayed_65 33 1 79 1
65 Delayed_65 42 1 218 1
65 Delayed_65 49 1 160 1
65 Delayed_65 50 1 184 1
65 Delayed_65 50 2 305 1
65 Delayed_65 50 2 322 1
66 Delayed_66 12 1 202 1
66 Delayed_66 28 1 143 1
66 Delayed_66 40 1 243 1
66 Delayed_66 45 1 266 1
67 Delayed_67 2 1 213 1
67 Delayed_67 12 1 36 1
67 Delayed_67 17 1 285 1
67 Delayed_67 18 1 36 1
67 Delayed_67 27 2 269 1
67 Delayed_67 29 2 36 1
67 Delayed_67 41 1 213 1
67 Delayed_67 41 2 452 1
67 Delayed_67 43 2 36 1
67 Delayed_67 44 1 194 1
67 Delayed_67 47 2 283 1
67 Delayed_67 47 1 451 1
67 Delayed_67 50 1 302 1
67 Delayed_67 50 1 306 1
67 Delayed_67 50 2 351 1
67 Delayed_67 50 2 374 1
68 Delayed_68 11 2 246 1
68 Delayed_68 17 1 146 1
68 Delayed_68 18 1 76 1
68 Delayed_68 33 1 261 1
69 Delayed_69 3 1 236 1
69 Delayed_69 16 1 188 1
69 Delayed_69 17 1 435 1
69 Delayed_69 19 1 394 1
69 Delayed_69 29 1 109 1
69 Delayed_69 29 2 169 1
69 Delayed_69 39 2 169 1
69 Delayed_69 40 1 240 1
69 Delayed_69 41 2 441 1
69 Delayed_69 45 1 240 1
69 Delayed_69 50 2 304 1
70 Delayed_70 14 2 210 1
70 Delayed_70 16 1 88 1
70 Delayed_70 44 1 147 1
70 Delayed_70 46 1 88 1
70 Delayed_70 46 2 253 1
70 Delayed_70 49 1 312 1
70 Delayed_70 50 2 196 1
70 Delayed_70 50 2 314 1
70 Delayed_70 50 1 323 1
71 Delayed_71 3 1 295 1
71 Delayed_71 7 1 94 1
71 Delayed_71 14 1 255 1
71 Delayed_71 14 2 281 1
71 Delayed_71 16 1 384 1
71 Delayed_71 24 1 184 1
71 Delayed_71 24 2 264 1
71 Delayed_71 27 1 303 1
71 Delayed_71 27 2 314 1
71 Delayed_71 33 1 184 1
71 Delayed_71 34 1 94 1
71 Delayed_71 34 2 314 1
71 Delayed_71 35 1 281 1
71 Delayed_71 35 2 303 1
71 Delayed_71 39 2 241 1
71 Delayed_71 39 1 255 1
71 Delayed_71 41 1 196 1
71 Delayed_71 41 2 303 1
71 Delayed_71 42 1 265 1
71 Delayed_71 50 2 384 1
72 Delayed_72 3 1 259 1
72 Delayed_72 18 1 113 1
72 Delayed_72 19 1 262 1
72 Delayed_72 24 1 219 1
72 Delayed_72 24 2 228 1
72 Delayed_72 33 1 250 1
72 Delayed_72 34 1 259 1
72 Delayed_72 34 2 400 1
72 Delayed_72 46 2 228 1
72 Delayed_72 49 1 282 1
72 Delayed_72 50 1 166 1
72 Delayed_72 50 1 212 1
72 Delayed_72 50 2 282 1
72 Delayed_72 50 2 284 1
73 Delayed_73 14 1 88 1
73 Delayed_73 14 2 308 1
73 Delayed_73 22 2 148 1
73 Delayed_73 42 1 28 1
73 Delayed_73 45 1 100 1
73 Delayed_73 47 1 176 1
73 Delayed_73 47 2 252 1
73 Delayed_73 50 2 79 1
73 Delayed_73 50 2 100 1
73 Delayed_73 50 1 139 1
73 Delayed_73 50 1 169 1
74 Delayed_74 8 1 213 1
74 Delayed_74 11 2 196 1
74 Delayed_74 27 1 77 1
74 Delayed_74 27 2 161 1
74 Delayed_74 29 1 91 1
74 Delayed_74 29 2 163 1
74 Delayed_74 34 1 263 1
74 Delayed_74 34 2 377 1
74 Delayed_74 39 2 230 1
74 Delayed_74 39 1 302 1
74 Delayed_74 41 1 313 1
74 Delayed_74 41 2 329 1
74 Delayed_74 43 1 161 1
74 Delayed_74 43 2 230 1
74 Delayed_74 45 1 161 1
74 Delayed_74 46 2 263 1
74 Delayed_74 46 1 272 1
74 Delayed_74 47 2 229 1
74 Delayed_74 50 2 77 1
75 Delayed_75 3 1 383 1
75 Delayed_75 12 1 90 1
75 Delayed_75 14 1 90 1
75 Delayed_75 14 2 219 1
75 Delayed_75 27 2 219 1
75 Delayed_75 33 1 277 1
75 Delayed_75 35 2 383 1
75 Delayed_75 46 2 395 1
75 Delayed_75 50 2 324 1
75 Delayed_75 50 2 325 1
76 Delayed_76 12 1 381 1
76 Delayed_76 14 1 194 1
76 Delayed_76 14 2 217 1
76 Delayed_76 18 1 74 1
76 Delayed_76 27 2 178 1
76 Delayed_76 27 1 331 1
76 Delayed_76 30 2 245 1
76 Delayed_76 39 2 381 1
76 Delayed_76 43 1 140 1
76 Delayed_76 43 2 143 1
77 Delayed_77 2 1 251 1
77 Delayed_77 13 2 352 1
77 Delayed_77 13 1 376 1
77 Delayed_77 18 1 101 1
77 Delayed_77 19 1 192 1
77 Delayed_77 22 1 251 1
77 Delayed_77 22 2 352 1
77 Delayed_77 28 1 292 1
77 Delayed_77 34 2 159 1
77 Delayed_77 34 1 210 1
77 Delayed_77 43 1 208 1
77 Delayed_77 43 2 308 1
78 Delayed_78 40 1 147 1
78 Delayed_78 41 1 217 1
78 Delayed_78 41 2 419 1
78 Delayed_78 42 1 78 1
78 Delayed_78 45 1 202 1
79 Delayed_79 2 1 158 1
80 Delayed_80 8 1 131 1
80 Delayed_80 14 1 198 1
80 Delayed_80 14 2 302 1
80 Delayed_80 28 1 91 1
80 Delayed_80 29 2 310 1
80 Delayed_80 29 1 320 1
80 Delayed_80 43 2 91 1
81 Delayed_81 3 1 429 1
81 Delayed_81 11 2 328 1
81 Delayed_81 14 2 203 1
81 Delayed_81 14 1 205 1
81 Delayed_81 27 2 328 1
81 Delayed_81 29 1 225 1
81 Delayed_81 29 2 388 1
81 Delayed_81 33 1 139 1
81 Delayed_81 50 2 294 1
81 Delayed_81 50 2 341 1
82 Delayed_82 11 1 97 1
82 Delayed_82 11 2 273 1
82 Delayed_82 18 1 97 1
82 Delayed_82 43 2 273 1
82 Delayed_82 47 2 312 1
82 Delayed_82 47 1 360 1
83 Delayed_83 9 2 180 1
83 Delayed_83 12 1 115 1
83 Delayed_83 14 1 140 1
83 Delayed_83 14 2 234 1
83 Delayed_83 15 2 110 1
83 Delayed_83 29 2 115 1
83 Delayed_83 29 1 293 1
83 Delayed_83 44 1 201 1
83 Delayed_83 45 1 234 1
83 Delayed_83 47 2 357 1
83 Delayed_83 49 1 115 1
84 Delayed_84 3 1 355 1
84 Delayed_84 7 1 216 1
84 Delayed_84 7 2 252 1
84 Delayed_84 8 1 274 1
84 Delayed_84 29 1 252 1
84 Delayed_84 29 2 252 1
84 Delayed_84 33 1 136 1
84 Delayed_84 47 2 255 1
84 Delayed_84 49 1 255 1
84 Delayed_84 50 2 164 1
84 Delayed_84 50 1 335 1
85 Delayed_85 7 2 265 1
85 Delayed_85 8 1 407 1
85 Delayed_85 11 2 154 1
85 Delayed_85 11 1 286 1
85 Delayed_85 13 1 157 1
85 Delayed_85 13 2 240 1
85 Delayed_85 14 2 247 1
85 Delayed_85 14 1 259 1
85 Delayed_85 19 1 449 1
85 Delayed_85 27 1 154 1
85 Delayed_85 27 2 286 1
85 Delayed_85 29 2 154 1
85 Delayed_85 29 1 286 1
85 Delayed_85 39 2 265 1
85 Delayed_85 39 1 359 1
85 Delayed_85 40 1 407 1
85 Delayed_85 42 1 316 1
85 Delayed_85 50 2 55 1
86 Delayed_86 18 1 83 1
86 Delayed_86 34 2 256 1
86 Delayed_86 34 1 357 1
86 Delayed_86 41 2 249 1
87 Delayed_87 3 1 233 1
87 Delayed_87 8 1 110 1
87 Delayed_87 16 1 102 1
87 Delayed_87 49 1 102 1
87 Delayed_87 50 2 347 1
88 Delayed_88 17 1 85 1
88 Delayed_88 22 2 172 1
88 Delayed_88 22 1 253 1
88 Delayed_88 40 1 85 1
89 Delayed_89 15 1 147 1
89 Delayed_89 15 2 366 1
89 Delayed_89 18 1 58 1
89 Delayed_89 19 1 353 1
89 Delayed_89 22 2 268 1
89 Delayed_89 34 2 249 1
89 Delayed_89 47 2 290 1
89 Delayed_89 47 1 356 1
89 Delayed_89 50 1 274 1
89 Delayed_89 50 2 341 1
90 Delayed_90 12 1 271 1
90 Delayed_90 13 2 84 1
90 Delayed_90 13 1 334 1
90 Delayed_90 42 1 84 1
90 Delayed_90 49 1 231 1
90 Delayed_90 50 2 216 1
90 Delayed_90 50 1 316 1
91 Delayed_91 12 1 265 1
91 Delayed_91 24 1 386 1
91 Delayed_91 24 2 388 1
91 Delayed_91 34 2 159 1
91 Delayed_91 34 1 236 1
91 Delayed_91 40 1 69 1
91 Delayed_91 41 1 297 1
91 Delayed_91 41 2 454 1
91 Delayed_91 44 1 159 1
91 Delayed_91 46 2 169 1
91 Delayed_91 46 1 230 1
91 Delayed_91 47 2 119 1
91 Delayed_91 47 1 241 1
92 Delayed_92 2 1 241 1
92 Delayed_92 7 2 167 1
92 Delayed_92 7 1 303 1
92 Delayed_92 9 2 126 1
92 Delayed_92 9 1 259 1
92 Delayed_92 14 2 315 1
92 Delayed_92 22 2 164 1
92 Delayed_92 22 1 196 1
92 Delayed_92 33 1 111 1
92 Delayed_92 50 1 164 1
92 Delayed_92 50 2 300 1
93 Delayed_93 3 1 294 1
93 Delayed_93 11 1 222 1
93 Delayed_93 11 2 328 1
93 Delayed_93 14 1 222 1
93 Delayed_93 14 2 222 1
93 Delayed_93 35 2 81 1
93 Delayed_93 41 2 119 1
93 Delayed_93 44 1 328 1
93 Delayed_93 45 1 81 1
94 Delayed_94 9 2 247 1
94 Delayed_94 9 1 351 1
94 Delayed_94 29 2 53 1
94 Delayed_94 29 1 306 1
95 Delayed_95 2 1 410 1
95 Delayed_95 17 1 318 1
95 Delayed_95 19 1 309 1
95 Delayed_95 22 1 155 1
95 Delayed_95 22 2 307 1
95 Delayed_95 33 1 341 1
95 Delayed_95 34 2 156 1
95 Delayed_95 34 1 415 1
95 Delayed_95 42 1 37 1
95 Delayed_95 43 2 307 1
95 Delayed_95 49 1 307 1
95 Delayed_95 50 2 72 1
95 Delayed_95 50 2 237 1
95 Delayed_95 50 1 341 1
95 Delayed_95 50 1 344 1
96 Delayed_96 33 1 286 1
96 Delayed_96 45 1 259 1
96 Delayed_96 50 2 87 1
96 Delayed_96 50 1 393 1
97 Delayed_97 2 1 125 1
97 Delayed_97 7 2 215 1
97 Delayed_97 9 1 260 1
97 Delayed_97 9 2 260 1
97 Delayed_97 11 2 146 1
97 Delayed_97 12 1 356 1
97 Delayed_97 18 1 125 1
97 Delayed_97 50 1 260 1
97 Delayed_97 50 2 305 1
98 Delayed_98 2 1 213 1
98 Delayed_98 3 1 290 1
98 Delayed_98 17 1 290 1
98 Delayed_98 24 2 159 1
98 Delayed_98 24 1 392 1
98 Delayed_98 34 2 132 1
98 Delayed_98 49 1 159 1
99 Delayed_99 14 1 255 1
99 Delayed_99 14 2 320 1
99 Delayed_99 24 2 145 1
99 Delayed_99 43 2 125 1
99 Delayed_99 44 1 83 1
100 Delayed_100 7 2 202 1
100 Delayed_100 13 2 91 1
100 Delayed_100 17 1 147 1
100 Delayed_100 18 1 91 1
100 Delayed_100 19 1 268 1
100 Delayed_100 30 2 91 1
100 Delayed_100 30 1 218 1
100 Delayed_100 34 2 268 1
100 Delayed_100 35 2 195 1
100 Delayed_100 35 1 271 1
100 Delayed_100 40 1 335 1
100 Delayed_100 41 2 183 1
100 Delayed_100 41 1 205 1
100 Delayed_100 46 1 130 1
100 Delayed_100 46 2 335 1
101 Delayed_101 7 2 294 1
101 Delayed_101 11 1 271 1
101 Delayed_101 11 2 276 1
101 Delayed_101 12 1 232 1
101 Delayed_101 17 1 201 1
101 Delayed_101 18 1 6 1
101 Delayed_101 19 1 174 1
101 Delayed_101 29 2 232 1
101 Delayed_101 30 2 239 1
101 Delayed_101 34 1 229 1
101 Delayed_101 34 2 253 1
101 Delayed_101 41 2 239 1
101 Delayed_101 41 1 253 1
101 Delayed_101 43 2 211 1
101 Delayed_101 44 1 276 1
101 Delayed_101 45 1 271 1
101 Delayed_101 49 1 308 1
101 Delayed_101 50 2 232 1
102 Delayed_102 3 1 331 1
102 Delayed_102 13 2 293 1
102 Delayed_102 16 1 238 1
102 Delayed_102 33 1 310 1
102 Delayed_102 45 1 315 1
103 Delayed_103 9 1 44 1
103 Delayed_103 9 2 230 1
103 Delayed_103 27 1 207 1
103 Delayed_103 27 2 229 1
103 Delayed_103 41 2 93 1
103 Delayed_103 43 1 300 1
103 Delayed_103 43 2 303 1
103 Delayed_103 44 1 196 1
103 Delayed_103 45 1 315 1
103 Delayed_103 49 1 303 1
104 Delayed_104 18 1 270 1
104 Delayed_104 42 1 52 1
105 Delayed_105 12 1 130 1
105 Delayed_105 15 1 316 1
105 Delayed_105 15 2 450 1
105 Delayed_105 16 1 316 1
105 Delayed_105 22 2 450 1
105 Delayed_105 28 1 187 1
105 Delayed_105 30 2 291 1
105 Delayed_105 30 1 313 1
105 Delayed_105 39 1 36 1
105 Delayed_105 39 2 317 1
105 Delayed_105 41 2 338 1
106 Delayed_106 11 1 134 1
106 Delayed_106 11 2 369 1
106 Delayed_106 14 2 268 1
106 Delayed_106 18 1 56 1
106 Delayed_106 19 1 316 1
106 Delayed_106 44 1 241 1
106 Delayed_106 50 2 268 1
106 Delayed_106 50 2 316 1
107 Delayed_107 18 1 81 1
107 Delayed_107 40 1 221 1
107 Delayed_107 42 1 81 1
107 Delayed_107 46 2 154 1
107 Delayed_107 46 1 311 1
107 Delayed_107 47 2 238 1
108 Delayed_108 7 2 153 1
108 Delayed_108 9 2 227 1
108 Delayed_108 14 2 90 1
108 Delayed_108 14 1 298 1
108 Delayed_108 24 2 82 1
108 Delayed_108 24 1 210 1
108 Delayed_108 33 1 295 1
108 Delayed_108 39 2 465 1
108 Delayed_108 46 2 82 1
109 Delayed_109 3 1 76 1
109 Delayed_109 40 1 76 1
109 Delayed_109 46 2 247 1
109 Delayed_109 46 1 322 1
109 Delayed_109 50 2 186 1
110 Delayed_110 3 1 264 1
110 Delayed_110 12 1 134 1
110 Delayed_110 15 2 74 1
110 Delayed_110 22 1 134 1
110 Delayed_110 22 2 270 1
110 Delayed_110 39 2 89 1
110 Delayed_110 42 1 378 1
110 Delayed_110 50 2 183 1
110 Delayed_110 50 2 228 1
110 Delayed_110 50 1 267 1
110 Delayed_110 50 1 300 1
111 Delayed_111 12 1 263 1
111 Delayed_111 15 2 124 1
111 Delayed_111 15 1 393 1
111 Delayed_111 17 1 374 1
111 Delayed_111 27 1 294 1
111 Delayed_111 27 2 336 1
111 Delayed_111 29 2 393 1
111 Delayed_111 33 1 124 1
111 Delayed_111 41 2 124 1
111 Delayed_111 42 1 79 1
111 Delayed_111 45 1 263 1
111 Delayed_111 50 2 214 1
111 Delayed_111 50 1 336 1
112 Delayed_112 3 1 308 1
112 Delayed_112 14 1 323 1
112 Delayed_112 14 2 323 1
112 Delayed_112 30 2 288 1
112 Delayed_112 43 2 274 1
112 Delayed_112 44 1 231 1
113 Delayed_113 2 1 321 1
113 Delayed_113 8 1 114 1
113 Delayed_113 14 2 158 1
113 Delayed_113 30 2 325 1
113 Delayed_113 43 2 168 1
113 Delayed_113 45 1 155 1
113 Delayed_113 46 2 168 1
113 Delayed_113 46 1 225 1
113 Delayed_113 50 2 149 1
114 Delayed_114 2 1 306 1
114 Delayed_114 12 1 266 1
114 Delayed_114 13 2 294 1
114 Delayed_114 14 2 255 1
114 Delayed_114 18 1 139 1
114 Delayed_114 22 1 72 1
114 Delayed_114 22 2 263 1
114 Delayed_114 29 2 306 1
114 Delayed_114 41 2 348 1
114 Delayed_114 42 1 320 1
114 Delayed_114 43 2 119 1
114 Delayed_114 43 1 138 1
114 Delayed_114 47 1 324 1
114 Delayed_114 47 2 324 1
114 Delayed_114 50 2 266 1
114 Delayed_114 50 2 306 1
114 Delayed_114 50 1 348 1
115 Delayed_115 12 1 387 1
115 Delayed_115 13 2 229 1
115 Delayed_115 14 2 387 1
115 Delayed_115 17 1 288 1
115 Delayed_115 40 1 85 1
115 Delayed_115 41 2 288 1
115 Delayed_115 46 2 314 1
115 Delayed_115 47 2 230 1
115 Delayed_115 49 1 318 1
115 Delayed_115 50 1 224 1
115 Delayed_115 50 2 373 1
116 Delayed_116 22 1 221 1
116 Delayed_116 22 2 410 1
116 Delayed_116 28 1 219 1
117 Delayed_117 2 1 411 1
117 Delayed_117 19 1 181 1
117 Delayed_117 22 1 180 1
117 Delayed_117 22 2 410 1
117 Delayed_117 29 1 181 1
117 Delayed_117 29 2 410 1
117 Delayed_117 46 2 181 1
117 Delayed_117 47 2 198 1
118 Delayed_118 7 1 97 1
118 Delayed_118 7 2 232 1
118 Delayed_118 18 1 97 1
118 Delayed_118 33 1 250 1
118 Delayed_118 41 2 260 1
118 Delayed_118 43 2 322 1
118 Delayed_118 50 2 97 1
118 Delayed_118 50 1 216 1
118 Delayed_118 50 1 316 1
118 Delayed_118 50 2 414 1
119 Delayed_119 2 1 302 1
119 Delayed_119 3 1 353 1
119 Delayed_119 7 2 195 1
119 Delayed_119 34 2 276 1
119 Delayed_119 34 1 326 1
119 Delayed_119 42 1 132 1
119 Delayed_119 43 2 263 1
119 Delayed_119 43 1 319 1
119 Delayed_119 44 1 357 1
119 Delayed_119 50 2 322 1
120 Delayed_120 14 2 137 1
120 Delayed_120 14 1 316 1
120 Delayed_120 29 2 137 1
120 Delayed_120 35 2 140 1
120 Delayed_120 43 1 241 1
120 Delayed_120 43 2 341 1
121 Delayed_121 42 1 85 1
121 Delayed_121 49 1 402 1
121 Delayed_121 50 2 251 1
122 Delayed_122 2 1 346 1
122 Delayed_122 8 1 304 1
122 Delayed_122 16 1 291 1
122 Delayed_122 33 1 259 1
122 Delayed_122 34 2 269 1
122 Delayed_122 34 1 291 1
122 Delayed_122 40 1 71 1
122 Delayed_122 44 1 293 1
123 Delayed_123 12 1 140 1
123 Delayed_123 24 2 84 1
123 Delayed_123 24 1 212 1
123 Delayed_123 27 2 155 1
123 Delayed_123 27 1 283 1
123 Delayed_123 28 1 145 1
123 Delayed_123 40 1 316 1
123 Delayed_123 41 2 84 1
123 Delayed_123 47 1 128 1
123 Delayed_123 47 2 194 1
123 Delayed_123 50 1 112 1
123 Delayed_123 50 2 128 1
123 Delayed_123 50 1 194 1
123 Delayed_123 50 2 194 1
124 Delayed_124 18 1 74 1
124 Delayed_124 19 1 335 1
124 Delayed_124 28 1 206 1
124 Delayed_124 49 1 338 1
125 Delayed_125 2 1 217 1
125 Delayed_125 17 1 379 1
125 Delayed_125 24 2 219 1
125 Delayed_125 41 2 446 1
126 Delayed_126 11 1 147 1
126 Delayed_126 11 2 270 1
126 Delayed_126 35 2 354 1
126 Delayed_126 50 2 212 1
127 Delayed_127 15 2 170 1
127 Delayed_127 16 1 290 1
127 Delayed_127 45 1 303 1
128 Delayed_128 2 1 172 1
128 Delayed_128 13 2 274 1
128 Delayed_128 13 1 308 1
128 Delayed_128 14 1 244 1
128 Delayed_128 14 2 308 1
128 Delayed_128 28 1 138 1
128 Delayed_128 47 2 186 1
128 Delayed_128 47 1 370 1
128 Delayed_128 50 1 180 1
128 Delayed_128 50 1 209 1
128 Delayed_128 50 2 272 1
128 Delayed_128 50 2 308 1
129 Delayed_129 11 1 92 1
129 Delayed_129 11 2 253 1
129 Delayed_129 14 2 327 1
129 Delayed_129 16 1 92 1
129 Delayed_129 22 2 337 1
129 Delayed_129 28 1 337 1
129 Delayed_129 34 2 122 1
129 Delayed_129 34 1 187 1
129 Delayed_129 39 2 337 1
129 Delayed_129 39 1 415 1
129 Delayed_129 42 1 334 1
129 Delayed_129 44 1 187 1
129 Delayed_129 50 2 107 1
129 Delayed_129 50 1 250 1
129 Delayed_129 50 2 327 1
130 Delayed_130 7 1 302 1
130 Delayed_130 7 2 328 1
130 Delayed_130 8 1 116 1
130 Delayed_130 11 2 346 1
130 Delayed_130 13 2 467 1
130 Delayed_130 14 1 269 1
130 Delayed_130 14 2 334 1
130 Delayed_130 33 1 116 1
130 Delayed_130 34 1 213 1
130 Delayed_130 34 2 304 1
130 Delayed_130 39 2 346 1
130 Delayed_130 45 1 416 1
130 Delayed_130 50 2 246 1
130 Delayed_130 50 1 334 1
131 Delayed_131 19 1 271 1
131 Delayed_131 28 1 340 1
131 Delayed_131 46 1 297 1
131 Delayed_131 46 2 304 1
131 Delayed_131 50 1 139 1
131 Delayed_131 50 2 210 1
132 Delayed_132 2 1 268 1
132 Delayed_132 7 2 172 1
132 Delayed_132 17 1 64 1
132 Delayed_132 30 2 102 1
132 Delayed_132 35 2 309 1
132 Delayed_132 47 1 195 1
132 Delayed_132 47 2 216 1
132 Delayed_132 50 1 268 1
132 Delayed_132 50 2 300 1
133 Delayed_133 14 2 314 1
133 Delayed_133 14 1 319 1
133 Delayed_133 50 2 244 1
133 Delayed_133 50 1 273 1
134 Delayed_134 15 2 181 1
134 Delayed_134 15 1 228 1
134 Delayed_134 40 1 77 1
134 Delayed_134 50 1 169 1
134 Delayed_134 50 2 238 1
135 Delayed_135 15 2 155 1
135 Delayed_135 17 1 88 1
135 Delayed_135 30 1 123 1
135 Delayed_135 30 2 326 1
135 Delayed_135 40 1 330 1
136 Delayed_136 3 1 109 1
136 Delayed_136 12 1 304 1
136 Delayed_136 22 2 75 1
136 Delayed_136 22 1 319 1
136 Delayed_136 30 2 177 1
136 Delayed_136 30 1 340 1
136 Delayed_136 45 1 304 1
136 Delayed_136 50 2 140 1
136 Delayed_136 50 2 253 1
136 Delayed_136 50 1 378 1
137 Delayed_137 2 1 196 1
137 Delayed_137 11 2 269 1
137 Delayed_137 11 1 298 1
137 Delayed_137 16 1 360 1
137 Delayed_137 34 1 99 1
137 Delayed_137 34 2 255 1
137 Delayed_137 50 2 145 1
138 Delayed_138 2 1 123 1
138 Delayed_138 16 1 217 1
138 Delayed_138 33 1 232 1
138 Delayed_138 50 1 64 1
138 Delayed_138 50 2 64 1
139 Delayed_139 13 2 333 1
139 Delayed_139 17 1 459 1
139 Delayed_139 18 1 87 1
139 Delayed_139 22 2 150 1
139 Delayed_139 22 1 292 1
139 Delayed_139 42 1 87 1
139 Delayed_139 43 2 305 1
139 Delayed_139 47 1 162 1
139 Delayed_139 47 2 200 1
139 Delayed_139 50 1 275 1
139 Delayed_139 50 2 305 1
140 Delayed_140 3 1 222 1
140 Delayed_140 13 1 142 1
140 Delayed_140 13 2 185 1
140 Delayed_140 15 2 263 1
140 Delayed_140 19 1 303 1
140 Delayed_140 28 1 142 1
140 Delayed_140 39 1 247 1
140 Delayed_140 39 2 306 1
140 Delayed_140 50 2 246 1
140 Delayed_140 50 2 338 1
141 Delayed_141 3 1 218 1
141 Delayed_141 9 2 218 1
141 Delayed_141 13 2 165 1
141 Delayed_141 13 1 260 1
141 Delayed_141 17 1 305 1
141 Delayed_141 46 2 308 1
141 Delayed_141 46 1 383 1
141 Delayed_141 50 2 218 1
142 Delayed_142 9 2 213 1
142 Delayed_142 16 1 274 1
142 Delayed_142 19 1 111 1
142 Delayed_142 34 1 281 1
142 Delayed_142 34 2 346 1
142 Delayed_142 41 2 414 1
142 Delayed_142 44 1 249 1
142 Delayed_142 45 1 295 1
142 Delayed_142 50 2 309 1
143 Delayed_143 7 2 184 1
143 Delayed_143 9 2 414 1
143 Delayed_143 11 2 163 1
143 Delayed_143 12 1 298 1
143 Delayed_143 14 2 272 1
143 Delayed_143 18 1 108 1
143 Delayed_143 27 2 163 1
143 Delayed_143 34 1 283 1
143 Delayed_143 34 2 290 1
143 Delayed_143 39 2 184 1
143 Delayed_143 39 1 199 1
143 Delayed_143 41 1 195 1
143 Delayed_143 41 2 229 1
143 Delayed_143 45 1 255 1
143 Delayed_143 46 1 163 1
143 Delayed_143 47 2 229 1
143 Delayed_143 47 1 290 1
143 Delayed_143 50 2 199 1
143 Delayed_143 50 1 463 1
144 Delayed_144 7 2 231 1
144 Delayed_144 16 1 324 1
144 Delayed_144 18 1 68 1
144 Delayed_144 33 1 290 1
144 Delayed_144 50 2 165 1
145 Delayed_145 11 2 246 1
145 Delayed_145 11 1 277 1
145 Delayed_145 16 1 342 1
145 Delayed_145 39 2 160 1
145 Delayed_145 39 1 285 1
146 Delayed_146 3 1 180 1
146 Delayed_146 11 2 338 1
146 Delayed_146 50 2 366 1
147 Delayed_147 18 1 30 1
147 Delayed_147 22 1 306 1
147 Delayed_147 22 2 310 1
148 Delayed_148 13 1 180 1
148 Delayed_148 13 2 239 1
148 Delayed_148 15 1 206 1
148 Delayed_148 15 2 397 1
148 Delayed_148 33 1 180 1
148 Delayed_148 46 2 210 1
148 Delayed_148 46 1 327 1
148 Delayed_148 50 2 149 1
148 Delayed_148 50 2 327 1
149 Delayed_149 11 1 186 1
149 Delayed_149 11 2 339 1
149 Delayed_149 15 2 185 1
149 Delayed_149 15 1 341 1
149 Delayed_149 22 1 228 1
149 Delayed_149 22 2 228 1
150 Delayed_150 9 2 228 1
150 Delayed_150 14 1 334 1
150 Delayed_150 14 2 406 1
150 Delayed_150 42 1 248 1
150 Delayed_150 45 1 218 1
150 Delayed_150 49 1 252 1
150 Delayed_150 50 2 287 1
150 Delayed_150 50 1 340 1
151 Delayed_151 16 1 81 1
152 Delayed_152 9 2 233 1
152 Delayed_152 11 2 229 1
152 Delayed_152 16 1 59 1
152 Delayed_152 35 2 278 1
152 Delayed_152 50 2 204 1
152 Delayed_152 50 1 288 1
153 Delayed_153 16 1 224 1
153 Delayed_153 18 1 58 1
153 Delayed_153 42 1 58 1
153 Delayed_153 43 1 256 1
153 Delayed_153 43 2 256 1
153 Delayed_153 45 1 303 1
153 Delayed_153 47 2 58 1
153 Delayed_153 47 1 216 1
153 Delayed_153 50 1 104 1
153 Delayed_153 50 1 129 1
153 Delayed_153 50 2 264 1
153 Delayed_153 50 2 312 1
154 Delayed_154 35 2 272 1
154 Delayed_154 35 1 340 1
154 Delayed_154 47 2 233 1
154 Delayed_154 47 1 234 1
155 Delayed_155 2 1 14 1
155 Delayed_155 3 1 366 1
155 Delayed_155 9 2 153 1
155 Delayed_155 11 1 151 1
155 Delayed_155 11 2 151 1
155 Delayed_155 15 2 452 1
155 Delayed_155 19 1 277 1
155 Delayed_155 29 2 277 1
155 Delayed_155 41 1 277 1
155 Delayed_155 41 2 330 1
156 Delayed_156 3 1 187 1
156 Delayed_156 9 2 413 1
156 Delayed_156 15 2 83 1
156 Delayed_156 22 1 74 1
156 Delayed_156 22 2 333 1
156 Delayed_156 27 2 219 1
156 Delayed_156 35 1 333 1
156 Delayed_156 35 2 413 1
156 Delayed_156 43 1 111 1
156 Delayed_156 43 2 333 1
156 Delayed_156 46 1 83 1
156 Delayed_156 46 2 236 1
156 Delayed_156 47 1 213 1
156 Delayed_156 47 2 219 1
157 Delayed_157 3 1 161 1
157 Delayed_157 11 1 96 1
157 Delayed_157 11 2 206 1
157 Delayed_157 18 1 67 1
157 Delayed_157 19 1 151 1
157 Delayed_157 29 1 161 1
157 Delayed_157 29 2 225 1
157 Delayed_157 35 2 245 1
157 Delayed_157 50 2 151 1
158 Delayed_158 7 2 65 1
158 Delayed_158 9 2 241 1
158 Delayed_158 19 1 104 1
158 Delayed_158 22 1 65 1
158 Delayed_158 22 2 409 1
158 Delayed_158 24 2 74 1
158 Delayed_158 47 2 290 1
158 Delayed_158 47 1 296 1
159 Delayed_159 9 2 227 1
159 Delayed_159 9 1 263 1
159 Delayed_159 11 2 227 1
159 Delayed_159 11 1 228 1
159 Delayed_159 17 1 196 1
159 Delayed_159 28 1 196 1
159 Delayed_159 45 1 289 1
159 Delayed_159 50 2 232 1
159 Delayed_159 50 1 263 1
160 Delayed_160 2 1 195 1
160 Delayed_160 3 1 146 1
160 Delayed_160 33 1 212 1
161 Delayed_161 28 1 67 1
161 Delayed_161 40 1 255 1
161 Delayed_161 50 1 293 1
161 Delayed_161 50 2 345 1
162 Delayed_162 2 1 331 1
162 Delayed_162 17 1 232 1
162 Delayed_162 28 1 193 1
162 Delayed_162 34 1 144 1
162 Delayed_162 34 2 308 1
162 Delayed_162 40 1 343 1
162 Delayed_162 46 1 59 1
162 Delayed_162 46 2 179 1
163 Delayed_163 15 1 78 1
163 Delayed_163 15 2 166 1
163 Delayed_163 17 1 323 1
163 Delayed_163 27 2 298 1
163 Delayed_163 29 2 198 1
163 Delayed_163 29 1 282 1
163 Delayed_163 30 1 131 1
163 Delayed_163 30 2 273 1
163 Delayed_163 35 2 346 1
163 Delayed_163 35 1 368 1
163 Delayed_163 42 1 78 1
163 Delayed_163 47 2 78 1
163 Delayed_163 47 1 323 1
163 Delayed_163 50 1 166 1
163 Delayed_163 50 2 303 1
163 Delayed_163 50 1 306 1
163 Delayed_163 50 2 323 1
164 Delayed_164 12 1 61 1
164 Delayed_164 39 1 61 1
164 Delayed_164 39 2 146 1
164 Delayed_164 50 2 118 1
164 Delayed_164 50 1 217 1
165 Delayed_165 7 2 196 1
165 Delayed_165 7 1 279 1
165 Delayed_165 9 2 185 1
165 Delayed_165 9 1 202 1
165 Delayed_165 22 1 115 1
165 Delayed_165 22 2 327 1
165 Delayed_165 39 2 279 1
165 Delayed_165 40 1 265 1
165 Delayed_165 42 1 49 1
165 Delayed_165 50 1 85 1
165 Delayed_165 50 2 85 1
166 Delayed_166 13 2 231 1
166 Delayed_166 18 1 38 1
166 Delayed_166 19 1 231 1
166 Delayed_166 24 1 216 1
166 Delayed_166 24 2 327 1
166 Delayed_166 41 1 273 1
166 Delayed_166 41 2 330 1
167 Delayed_167 2 1 167 1
167 Delayed_167 11 2 168 1
167 Delayed_167 11 1 396 1
167 Delayed_167 14 2 219 1
167 Delayed_167 14 1 258 1
167 Delayed_167 17 1 168 1
167 Delayed_167 18 1 9 1
167 Delayed_167 19 1 253 1
167 Delayed_167 22 1 304 1
167 Delayed_167 22 2 318 1
167 Delayed_167 45 1 395 1
167 Delayed_167 49 1 219 1
168 Delayed_168 3 1 299 1
168 Delayed_168 29 1 270 1
168 Delayed_168 29 2 310 1
168 Delayed_168 44 1 440 1
168 Delayed_168 46 1 74 1
168 Delayed_168 46 2 323 1
169 Delayed_169 16 1 372 1
169 Delayed_169 27 1 149 1
169 Delayed_169 27 2 350 1
169 Delayed_169 29 2 131 1
169 Delayed_169 35 1 198 1
169 Delayed_169 35 2 231 1
170 Delayed_170 19 1 82 1
170 Delayed_170 40 1 82 1
170 Delayed_170 44 1 281 1
170 Delayed_170 50 2 163 1
170 Delayed_170 50 1 298 1
171 Delayed_171 9 2 342 1
171 Delayed_171 19 1 194 1
171 Delayed_171 24 1 148 1
171 Delayed_171 24 2 262 1
171 Delayed_171 27 2 148 1
171 Delayed_171 27 1 281 1
171 Delayed_171 41 2 148 1
171 Delayed_171 41 1 255 1
172 Delayed_172 27 1 81 1
172 Delayed_172 27 2 82 1
172 Delayed_172 33 1 243 1
172 Delayed_172 40 1 166 1
172 Delayed_172 50 2 202 1
172 Delayed_172 50 1 221 1
173 Delayed_173 2 1 172 1
173 Delayed_173 7 1 155 1
173 Delayed_173 12 1 301 1
173 Delayed_173 14 2 304 1
173 Delayed_173 19 1 329 1
173 Delayed_173 22 2 329 1
173 Delayed_173 50 1 291 1
173 Delayed_173 50 2 293 1
173 Delayed_173 50 2 297 1
174 Delayed_174 8 1 235 1
174 Delayed_174 11 2 229 1
174 Delayed_174 11 1 283 1
174 Delayed_174 16 1 184 1
174 Delayed_174 17 1 286 1
174 Delayed_174 27 2 294 1
174 Delayed_174 29 2 210 1
174 Delayed_174 40 1 286 1
174 Delayed_174 45 1 259 1
174 Delayed_174 47 2 262 1
175 Delayed_175 14 2 247 1
175 Delayed_175 22 2 310 1
175 Delayed_175 45 1 423 1
176 Delayed_176 2 1 77 1
176 Delayed_176 19 1 77 1
177 Delayed_177 3 1 263 1
177 Delayed_177 14 2 360 1
177 Delayed_177 34 1 345 1
177 Delayed_177 34 2 353 1
177 Delayed_177 39 2 247 1
177 Delayed_177 46 2 353 1
177 Delayed_177 46 1 399 1
178 Delayed_178 3 1 264 1
178 Delayed_178 7 2 160 1
178 Delayed_178 7 1 327 1
178 Delayed_178 15 2 246 1
178 Delayed_178 16 1 291 1
178 Delayed_178 18 1 116 1
178 Delayed_178 24 2 160 1
178 Delayed_178 50 2 148 1
178 Delayed_178 50 1 287 1
179 Delayed_179 12 1 273 1
179 Delayed_179 15 2 239 1
179 Delayed_179 50 2 239 1
180 Delayed_180 7 2 326 1
180 Delayed_180 11 2 92 1
180 Delayed_180 11 1 333 1
180 Delayed_180 12 1 326 1
180 Delayed_180 16 1 296 1
180 Delayed_180 22 1 92 1
180 Delayed_180 22 2 92 1
180 Delayed_180 44 1 320 1
180 Delayed_180 50 2 305 1
180 Delayed_180 50 1 313 1
181 Delayed_181 17 1 283 1
181 Delayed_181 27 1 60 1
181 Delayed_181 27 2 245 1
181 Delayed_181 29 1 59 1
181 Delayed_181 29 2 277 1
181 Delayed_181 41 2 258 1
181 Delayed_181 41 1 352 1
181 Delayed_181 43 2 217 1
181 Delayed_181 43 1 277 1
182 Delayed_182 3 1 209 1
182 Delayed_182 11 1 323 1
182 Delayed_182 11 2 363 1
182 Delayed_182 12 1 104 1
182 Delayed_182 14 1 209 1
182 Delayed_182 14 2 328 1
182 Delayed_182 27 2 90 1
182 Delayed_182 27 1 217 1
182 Delayed_182 43 2 90 1
182 Delayed_182 43 1 316 1
182 Delayed_182 49 1 316 1
182 Delayed_182 50 1 199 1
182 Delayed_182 50 1 271 1
182 Delayed_182 50 2 319 1
182 Delayed_182 50 2 328 1
183 Delayed_183 16 1 271 1
183 Delayed_183 45 1 283 1
183 Delayed_183 50 1 274 1
183 Delayed_183 50 2 293 1
184 Delayed_184 24 1 334 1
184 Delayed_184 24 2 338 1
184 Delayed_184 28 1 335 1
184 Delayed_184 43 1 204 1
184 Delayed_184 43 2 307 1
184 Delayed_184 45 1 303 1
185 Delayed_185 7 2 73 1
185 Delayed_185 11 1 198 1
185 Delayed_185 11 2 276 1
185 Delayed_185 16 1 369 1
185 Delayed_185 19 1 369 1
185 Delayed_185 24 2 99 1
185 Delayed_185 24 1 139 1
185 Delayed_185 28 1 210 1
185 Delayed_185 49 1 231 1
185 Delayed_185 50 1 274 1
185 Delayed_185 50 2 322 1
186 Delayed_186 2 1 180 1
186 Delayed_186 7 2 151 1
186 Delayed_186 7 1 407 1
186 Delayed_186 9 2 149 1
186 Delayed_186 13 2 302 1
186 Delayed_186 33 1 318 1
186 Delayed_186 34 1 151 1
186 Delayed_186 34 2 301 1
186 Delayed_186 45 1 407 1
186 Delayed_186 46 1 167 1
186 Delayed_186 46 2 409 1
186 Delayed_186 50 2 110 1
186 Delayed_186 50 1 283 1
187 Delayed_187 12 1 175 1
187 Delayed_187 24 1 104 1
187 Delayed_187 24 2 212 1
187 Delayed_187 30 1 104 1
187 Delayed_187 30 2 212 1
188 Delayed_188 7 1 78 1
188 Delayed_188 7 2 218 1
188 Delayed_188 11 2 257 1
188 Delayed_188 12 1 378 1
188 Delayed_188 13 2 80 1
188 Delayed_188 13 1 443 1
188 Delayed_188 14 2 218 1
188 Delayed_188 14 1 257 1
188 Delayed_188 24 1 267 1
188 Delayed_188 24 2 280 1
188 Delayed_188 30 1 243 1
188 Delayed_188 30 2 257 1
188 Delayed_188 35 1 240 1
188 Delayed_188 35 2 301 1
188 Delayed_188 39 2 240 1
188 Delayed_188 41 2 267 1
188 Delayed_188 41 1 378 1
188 Delayed_188 42 1 308 1
188 Delayed_188 47 2 280 1
188 Delayed_188 49 1 443 1
189 Delayed_189 2 1 72 1
189 Delayed_189 7 2 164 1
189 Delayed_189 7 1 319 1
189 Delayed_189 18 1 99 1
189 Delayed_189 39 1 72 1
189 Delayed_189 39 2 164 1
190 Delayed_190 12 1 306 1
190 Delayed_190 13 2 395 1
190 Delayed_190 14 1 346 1
190 Delayed_190 14 2 354 1
190 Delayed_190 39 2 207 1
190 Delayed_190 39 1 221 1
191 Delayed_191 2 1 165 1
191 Delayed_191 11 2 233 1
191 Delayed_191 11 1 261 1
191 Delayed_191 13 1 127 1
191 Delayed_191 13 2 288 1
191 Delayed_191 35 2 286 1
191 Delayed_191 40 1 301 1
191 Delayed_191 45 1 273 1
191 Delayed_191 50 2 127 1
191 Delayed_191 50 2 173 1
191 Delayed_191 50 1 238 1
191 Delayed_191 50 1 274 1
192 Delayed_192 8 1 137 1
192 Delayed_192 39 2 108 1
192 Delayed_192 39 1 319 1
192 Delayed_192 50 2 163 1
192 Delayed_192 50 1 228 1
192 Delayed_192 50 1 230 1
192 Delayed_192 50 2 284 1
193 Delayed_193 14 2 216 1
193 Delayed_193 14 1 429 1
193 Delayed_193 39 1 265 1
193 Delayed_193 39 2 298 1
193 Delayed_193 41 2 256 1
193 Delayed_193 41 1 339 1
193 Delayed_193 43 2 148 1
193 Delayed_193 43 1 293 1
194 Delayed_194 2 1 394 1
194 Delayed_194 43 2 154 1
194 Delayed_194 43 1 223 1
195 Delayed_195 9 2 239 1
195 Delayed_195 9 1 315 1
195 Delayed_195 29 2 279 1
195 Delayed_195 29 1 384 1
195 Delayed_195 46 2 285 1
195 Delayed_195 50 2 285 1
195 Delayed_195 50 1 298 1
196 Delayed_196 16 1 45 1
197 Delayed_197 7 2 132 1
197 Delayed_197 12 1 193 1
197 Delayed_197 13 2 184 1
197 Delayed_197 18 1 72 1
197 Delayed_197 29 1 372 1
197 Delayed_197 29 2 372 1
197 Delayed_197 33 1 352 1
197 Delayed_197 50 2 157 1
198 Delayed_198 12 1 286 1
198 Delayed_198 13 2 109 1
198 Delayed_198 13 1 316 1
198 Delayed_198 14 1 135 1
198 Delayed_198 14 2 345 1
198 Delayed_198 15 2 465 1
198 Delayed_198 22 2 235 1
198 Delayed_198 28 1 250 1
198 Delayed_198 50 2 135 1
198 Delayed_198 50 1 302 1
199 Delayed_199 2 1 188 1
199 Delayed_199 7 2 142 1
199 Delayed_199 7 1 188 1
199 Delayed_199 8 1 118 1
199 Delayed_199 16 1 295 1
199 Delayed_199 17 1 88 1
199 Delayed_199 24 2 175 1
199 Delayed_199 40 1 324 1
199 Delayed_199 41 1 322 1
199 Delayed_199 41 2 348 1
199 Delayed_199 46 1 298 1
199 Delayed_199 46 2 298 1
199 Delayed_199 49 1 118 1
199 Delayed_199 50 1 169 1
199 Delayed_199 50 2 398 1
200 Delayed_200 9 2 354 1
200 Delayed_200 9 1 372 1
200 Delayed_200 42 1 372 1
200 Delayed_200 45 1 245 1
