1 Delayed_1 16 1 292 1
1 Delayed_1 30 2 751 1
1 Delayed_1 44 1 292 1
2 Delayed_2 29 2 308 1
2 Delayed_2 41 2 771 1
2 Delayed_2 62 1 197 1
4 Delayed_4 29 2 85 1
5 Delayed_5 46 1 207 1
5 Delayed_5 46 2 314 1
5 Delayed_5 66 2 557 1
5 Delayed_5 66 1 563 1
5 Delayed_5 70 2 428 1
5 Delayed_5 70 1 513 1
5 Delayed_5 70 1 563 1
6 Delayed_6 32 2 220 1
6 Delayed_6 41 2 829 1
6 Delayed_6 62 1 398 1
7 Delayed_7 20 2 463 1
7 Delayed_7 70 1 612 1
8 Delayed_8 2 2 426 1
8 Delayed_8 4 2 325 1
8 Delayed_8 4 1 363 1
8 Delayed_8 18 1 426 1
8 Delayed_8 18 2 443 1
8 Delayed_8 29 2 388 1
8 Delayed_8 32 2 405 1
8 Delayed_8 42 1 277 1
8 Delayed_8 42 2 439 1
8 Delayed_8 49 2 321 1
8 Delayed_8 49 1 363 1
8 Delayed_8 55 1 519 1
8 Delayed_8 70 1 607 1
9 Delayed_9 2 2 449 1
9 Delayed_9 4 1 356 1
9 Delayed_9 4 2 447 1
9 Delayed_9 14 1 472 1
9 Delayed_9 21 1 582 1
9 Delayed_9 24 1 268 1
9 Delayed_9 24 2 582 1
9 Delayed_9 46 1 364 1
9 Delayed_9 46 2 440 1
9 Delayed_9 49 2 771 1
9 Delayed_9 61 2 827 1
9 Delayed_9 70 1 382 1
10 Delayed_10 24 2 240 1
10 Delayed_10 24 1 469 1
10 Delayed_10 39 1 617 1
11 Delayed_11 23 1 224 1
11 Delayed_11 23 2 245 1
11 Delayed_11 25 2 326 1
11 Delayed_11 25 1 344 1
11 Delayed_11 29 2 619 1
11 Delayed_11 61 1 748 1
11 Delayed_11 61 2 748 1
11 Delayed_11 70 2 270 1
11 Delayed_11 70 1 429 1
11 Delayed_11 70 1 658 1
12 Delayed_12 42 2 314 1
12 Delayed_12 70 1 378 1
13 Delayed_13 2 2 418 1
13 Delayed_13 18 2 208 1
13 Delayed_13 21 1 280 1
13 Delayed_13 61 2 399 1
14 Delayed_14 18 1 464 1
14 Delayed_14 18 2 487 1
14 Delayed_14 25 2 218 1
14 Delayed_14 49 2 446 1
14 Delayed_14 49 1 552 1
14 Delayed_14 57 2 514 1
15 Delayed_15 18 2 551 1
15 Delayed_15 20 1 369 1
15 Delayed_15 20 2 378 1
15 Delayed_15 41 1 506 1
15 Delayed_15 41 2 688 1
15 Delayed_15 44 1 154 1
15 Delayed_15 62 1 233 1
16 Delayed_16 17 1 486 1
17 Delayed_17 2 2 314 1
17 Delayed_17 4 2 418 1
17 Delayed_17 30 2 468 1
17 Delayed_17 45 1 264 1
18 Delayed_18 32 2 549 1
18 Delayed_18 32 1 730 1
18 Delayed_18 39 1 515 1
18 Delayed_18 45 1 578 1
18 Delayed_18 48 1 234 1
18 Delayed_18 57 2 361 1
18 Delayed_18 57 1 812 1
18 Delayed_18 70 1 228 1
18 Delayed_18 70 2 472 1
19 Delayed_19 9 2 396 1
19 Delayed_19 21 1 863 1
19 Delayed_19 70 2 414 1
19 Delayed_19 70 1 496 1
20 Delayed_20 24 2 326 1
20 Delayed_20 70 1 113 1
21 Delayed_21 4 2 531 1
21 Delayed_21 17 1 474 1
21 Delayed_21 19 1 364 1
21 Delayed_21 58 1 425 1
21 Delayed_21 61 2 246 1
21 Delayed_21 64 1 166 1
21 Delayed_21 70 1 493 1
22 Delayed_22 2 2 515 1
22 Delayed_22 4 2 500 1
22 Delayed_22 23 2 463 1
22 Delayed_22 46 1 357 1
22 Delayed_22 46 2 710 1
23 Delayed_23 5 1 247 1
23 Delayed_23 21 1 481 1
23 Delayed_23 24 1 396 1
23 Delayed_23 24 2 412 1
24 Delayed_24 61 2 165 1
24 Delayed_24 70 1 598 1
25 Delayed_25 16 1 211 1
25 Delayed_25 46 1 289 1
25 Delayed_25 46 2 505 1
25 Delayed_25 49 2 364 1
25 Delayed_25 61 2 447 1
25 Delayed_25 66 1 289 1
25 Delayed_25 66 2 483 1
25 Delayed_25 70 2 202 1
25 Delayed_25 70 1 421 1
27 Delayed_27 4 2 566 1
27 Delayed_27 32 2 464 1
27 Delayed_27 41 2 514 1
27 Delayed_27 64 1 629 1
28 Delayed_28 17 1 454 1
28 Delayed_28 42 2 447 1
28 Delayed_28 42 1 481 1
28 Delayed_28 49 2 386 1
28 Delayed_28 62 1 407 1
29 Delayed_29 70 1 527 1
30 Delayed_30 23 2 776 1
30 Delayed_30 23 1 802 1
31 Delayed_31 17 1 334 1
31 Delayed_31 46 1 575 1
31 Delayed_31 46 2 772 1
31 Delayed_31 61 2 328 1
31 Delayed_31 61 1 590 1
32 Delayed_32 19 1 714 1
32 Delayed_32 70 1 432 1
33 Delayed_33 20 2 571 1
33 Delayed_33 25 2 95 1
33 Delayed_33 25 1 423 1
33 Delayed_33 29 2 205 1
33 Delayed_33 41 1 449 1
33 Delayed_33 41 2 491 1
33 Delayed_33 48 1 95 1
33 Delayed_33 61 2 454 1
34 Delayed_34 9 2 207 1
34 Delayed_34 25 2 373 1
34 Delayed_34 49 2 425 1
34 Delayed_34 70 1 204 1
35 Delayed_35 16 1 703 1
35 Delayed_35 17 1 703 1
35 Delayed_35 21 1 99 1
35 Delayed_35 25 1 542 1
35 Delayed_35 25 2 709 1
35 Delayed_35 46 2 509 1
35 Delayed_35 46 1 893 1
35 Delayed_35 49 2 326 1
35 Delayed_35 57 2 431 1
36 Delayed_36 23 2 389 1
36 Delayed_36 46 1 465 1
36 Delayed_36 46 2 684 1
36 Delayed_36 49 2 314 1
36 Delayed_36 57 2 505 1
37 Delayed_37 23 2 474 1
37 Delayed_37 45 1 384 1
37 Delayed_37 62 1 374 1
37 Delayed_37 64 1 414 1
38 Delayed_38 9 2 214 1
38 Delayed_38 49 2 414 1
38 Delayed_38 70 1 357 1
39 Delayed_39 17 1 444 1
39 Delayed_39 20 2 205 1
39 Delayed_39 23 2 251 1
39 Delayed_39 25 2 410 1
39 Delayed_39 25 1 461 1
39 Delayed_39 41 2 805 1
39 Delayed_39 49 2 99 1
39 Delayed_39 49 1 784 1
39 Delayed_39 51 1 99 1
39 Delayed_39 51 2 422 1
39 Delayed_39 55 1 422 1
39 Delayed_39 66 2 487 1
39 Delayed_39 70 1 442 1
40 Delayed_40 2 2 429 1
40 Delayed_40 44 1 331 1
40 Delayed_40 45 1 631 1
40 Delayed_40 61 2 444 1
40 Delayed_40 66 2 461 1
40 Delayed_40 70 1 518 1
41 Delayed_41 23 2 412 1
41 Delayed_41 23 1 483 1
41 Delayed_41 32 2 345 1
41 Delayed_41 45 1 347 1
41 Delayed_41 57 2 222 1
41 Delayed_41 70 1 323 1
41 Delayed_41 70 1 414 1
41 Delayed_41 70 2 414 1
42 Delayed_42 9 2 237 1
42 Delayed_42 9 1 768 1
42 Delayed_42 11 1 691 1
42 Delayed_42 42 1 237 1
42 Delayed_42 42 2 337 1
42 Delayed_42 46 2 514 1
42 Delayed_42 46 1 562 1
43 Delayed_43 14 1 486 1
43 Delayed_43 25 1 419 1
43 Delayed_43 25 2 449 1
43 Delayed_43 58 1 709 1
43 Delayed_43 61 2 377 1
43 Delayed_43 64 1 408 1
43 Delayed_43 70 1 381 1
43 Delayed_43 70 1 475 1
43 Delayed_43 70 2 709 1
44 Delayed_44 17 1 490 1
45 Delayed_45 29 2 359 1
45 Delayed_45 70 2 235 1
45 Delayed_45 70 1 426 1
46 Delayed_46 19 1 354 1
46 Delayed_46 24 2 102 1
46 Delayed_46 24 1 427 1
47 Delayed_47 16 1 370 1
47 Delayed_47 23 1 222 1
47 Delayed_47 23 2 239 1
47 Delayed_47 70 1 449 1
48 Delayed_48 24 1 353 1
48 Delayed_48 24 2 514 1
48 Delayed_48 32 1 183 1
48 Delayed_48 32 2 641 1
48 Delayed_48 70 1 793 1
49 Delayed_49 18 1 402 1
49 Delayed_49 18 2 455 1
49 Delayed_49 51 2 292 1
49 Delayed_49 51 1 363 1
49 Delayed_49 57 1 572 1
49 Delayed_49 57 2 823 1
49 Delayed_49 58 1 402 1
50 Delayed_50 46 2 301 1
50 Delayed_50 46 1 414 1
50 Delayed_50 70 1 452 1
51 Delayed_51 5 1 552 1
51 Delayed_51 25 2 211 1
51 Delayed_51 25 1 552 1
51 Delayed_51 57 2 342 1
51 Delayed_51 57 1 622 1
52 Delayed_52 18 2 459 1
52 Delayed_52 29 2 425 1
52 Delayed_52 29 1 487 1
52 Delayed_52 51 2 441 1
52 Delayed_52 51 1 638 1
53 Delayed_53 5 1 441 1
53 Delayed_53 9 2 311 1
53 Delayed_53 9 1 431 1
53 Delayed_53 14 1 478 1
53 Delayed_53 25 1 435 1
53 Delayed_53 25 2 693 1
53 Delayed_53 58 1 894 1
53 Delayed_53 70 1 311 1
54 Delayed_54 42 1 437 1
54 Delayed_54 42 2 466 1
55 Delayed_55 5 1 438 1
55 Delayed_55 51 2 389 1
55 Delayed_55 57 2 552 1
55 Delayed_55 66 2 866 1
55 Delayed_55 70 1 438 1
56 Delayed_56 5 1 359 1
56 Delayed_56 51 2 248 1
56 Delayed_56 51 1 297 1
56 Delayed_56 57 2 477 1
56 Delayed_56 57 1 645 1
56 Delayed_56 64 1 297 1
56 Delayed_56 66 1 262 1
56 Delayed_56 66 2 338 1
57 Delayed_57 9 2 598 1
57 Delayed_57 64 1 503 1
57 Delayed_57 70 1 289 1
57 Delayed_57 70 1 352 1
57 Delayed_57 70 2 662 1
58 Delayed_58 4 2 100 1
58 Delayed_58 25 2 282 1
58 Delayed_58 70 1 632 1
59 Delayed_59 9 2 473 1
59 Delayed_59 9 1 798 1
59 Delayed_59 18 2 461 1
59 Delayed_59 18 1 544 1
59 Delayed_59 24 2 477 1
59 Delayed_59 44 1 726 1
59 Delayed_59 46 2 378 1
59 Delayed_59 46 1 461 1
59 Delayed_59 51 1 771 1
59 Delayed_59 51 2 798 1
59 Delayed_59 70 1 447 1
60 Delayed_60 66 1 399 1
60 Delayed_60 66 2 892 1
60 Delayed_60 70 1 431 1
61 Delayed_61 5 1 610 1
61 Delayed_61 25 2 485 1
61 Delayed_61 30 2 382 1
61 Delayed_61 46 2 414 1
61 Delayed_61 55 1 313 1
61 Delayed_61 64 1 496 1
61 Delayed_61 70 1 485 1
63 Delayed_63 41 2 429 1
63 Delayed_63 41 1 504 1
64 Delayed_64 4 2 787 1
64 Delayed_64 21 1 493 1
64 Delayed_64 23 2 447 1
65 Delayed_65 2 2 459 1
65 Delayed_65 29 1 237 1
65 Delayed_65 29 2 601 1
66 Delayed_66 70 1 97 1
67 Delayed_67 25 1 210 1
67 Delayed_67 25 2 480 1
67 Delayed_67 55 1 698 1
67 Delayed_67 62 1 361 1
68 Delayed_68 4 1 456 1
68 Delayed_68 4 2 473 1
68 Delayed_68 11 1 199 1
68 Delayed_68 21 1 250 1
68 Delayed_68 25 2 456 1
68 Delayed_68 29 2 782 1
68 Delayed_68 70 1 402 1
68 Delayed_68 70 1 487 1
68 Delayed_68 70 2 558 1
70 Delayed_70 20 1 437 1
70 Delayed_70 20 2 473 1
70 Delayed_70 29 2 350 1
70 Delayed_70 58 1 455 1
70 Delayed_70 61 2 643 1
70 Delayed_70 66 2 466 1
70 Delayed_70 70 1 115 1
71 Delayed_71 4 1 303 1
71 Delayed_71 4 2 347 1
71 Delayed_71 45 1 717 1
72 Delayed_72 42 2 364 1
72 Delayed_72 70 1 285 1
72 Delayed_72 70 1 341 1
72 Delayed_72 70 2 549 1
73 Delayed_73 14 1 481 1
73 Delayed_73 21 1 481 1
73 Delayed_73 24 2 432 1
73 Delayed_73 24 1 632 1
73 Delayed_73 45 1 479 1
73 Delayed_73 70 1 769 1
74 Delayed_74 18 2 359 1
74 Delayed_74 19 1 458 1
74 Delayed_74 42 1 400 1
74 Delayed_74 42 2 418 1
75 Delayed_75 9 1 419 1
75 Delayed_75 9 2 592 1
75 Delayed_75 18 1 338 1
75 Delayed_75 18 2 462 1
75 Delayed_75 21 1 630 1
75 Delayed_75 30 2 465 1
75 Delayed_75 32 2 197 1
75 Delayed_75 39 1 465 1
75 Delayed_75 45 1 387 1
75 Delayed_75 49 1 214 1
75 Delayed_75 49 2 419 1
75 Delayed_75 64 1 387 1
76 Delayed_76 17 1 511 1
76 Delayed_76 18 2 461 1
76 Delayed_76 25 2 384 1
76 Delayed_76 25 1 476 1
76 Delayed_76 29 2 409 1
76 Delayed_76 29 1 461 1
76 Delayed_76 41 1 294 1
76 Delayed_76 41 2 331 1
76 Delayed_76 42 2 283 1
76 Delayed_76 70 2 255 1
76 Delayed_76 70 1 476 1
76 Delayed_76 70 1 511 1
77 Delayed_77 11 1 346 1
77 Delayed_77 18 2 106 1
77 Delayed_77 30 2 748 1
78 Delayed_78 24 2 84 1
78 Delayed_78 29 2 332 1
78 Delayed_78 32 2 299 1
78 Delayed_78 32 1 468 1
78 Delayed_78 45 1 253 1
78 Delayed_78 57 2 493 1
78 Delayed_78 57 1 707 1
78 Delayed_78 70 1 253 1
78 Delayed_78 70 2 610 1
78 Delayed_78 70 1 720 1
79 Delayed_79 9 1 416 1
79 Delayed_79 9 2 423 1
79 Delayed_79 51 2 312 1
79 Delayed_79 51 1 620 1
80 Delayed_80 25 2 312 1
80 Delayed_80 55 1 580 1
80 Delayed_80 70 1 767 1
81 Delayed_81 4 2 102 1
81 Delayed_81 4 1 680 1
81 Delayed_81 5 1 274 1
81 Delayed_81 9 1 663 1
81 Delayed_81 9 2 783 1
81 Delayed_81 20 2 648 1
81 Delayed_81 42 2 87 1
82 Delayed_82 18 1 416 1
82 Delayed_82 18 2 495 1
82 Delayed_82 21 1 659 1
82 Delayed_82 24 2 663 1
82 Delayed_82 24 1 716 1
82 Delayed_82 42 2 343 1
82 Delayed_82 42 1 455 1
82 Delayed_82 57 2 335 1
83 Delayed_83 2 2 243 1
83 Delayed_83 14 1 349 1
83 Delayed_83 29 2 455 1
83 Delayed_83 42 2 662 1
83 Delayed_83 45 1 630 1
84 Delayed_84 39 1 640 1
85 Delayed_85 14 1 486 1
85 Delayed_85 25 2 474 1
85 Delayed_85 39 1 389 1
86 Delayed_86 5 1 455 1
86 Delayed_86 9 2 350 1
86 Delayed_86 44 1 211 1
87 Delayed_87 5 1 412 1
87 Delayed_87 11 1 516 1
87 Delayed_87 16 1 354 1
87 Delayed_87 48 1 523 1
88 Delayed_88 2 2 280 1
88 Delayed_88 4 2 262 1
88 Delayed_88 11 1 516 1
88 Delayed_88 66 2 428 1
89 Delayed_89 25 2 709 1
89 Delayed_89 32 1 372 1
89 Delayed_89 32 2 436 1
89 Delayed_89 49 2 417 1
89 Delayed_89 49 1 589 1
89 Delayed_89 51 2 589 1
89 Delayed_89 55 1 402 1
89 Delayed_89 64 1 589 1
90 Delayed_90 30 2 229 1
90 Delayed_90 70 2 746 1
91 Delayed_91 18 2 472 1
91 Delayed_91 18 1 567 1
91 Delayed_91 64 1 456 1
91 Delayed_91 70 1 425 1
92 Delayed_92 4 1 435 1
92 Delayed_92 4 2 489 1
92 Delayed_92 16 1 435 1
92 Delayed_92 24 1 378 1
92 Delayed_92 24 2 559 1
92 Delayed_92 39 1 568 1
92 Delayed_92 55 1 608 1
92 Delayed_92 64 1 559 1
92 Delayed_92 70 1 559 1
93 Delayed_93 30 2 314 1
93 Delayed_93 30 1 335 1
94 Delayed_94 17 1 642 1
94 Delayed_94 70 1 310 1
95 Delayed_95 4 2 396 1
95 Delayed_95 39 1 452 1
95 Delayed_95 41 1 201 1
95 Delayed_95 41 2 382 1
95 Delayed_95 61 2 356 1
95 Delayed_95 70 2 609 1
95 Delayed_95 70 1 827 1
95 Delayed_95 70 1 830 1
96 Delayed_96 4 1 227 1
96 Delayed_96 4 2 450 1
96 Delayed_96 9 1 431 1
96 Delayed_96 9 2 615 1
96 Delayed_96 11 1 450 1
96 Delayed_96 14 1 247 1
96 Delayed_96 17 1 535 1
96 Delayed_96 20 1 302 1
96 Delayed_96 20 2 606 1
96 Delayed_96 32 2 347 1
96 Delayed_96 51 2 461 1
96 Delayed_96 66 2 227 1
96 Delayed_96 70 1 227 1
96 Delayed_96 70 2 448 1
96 Delayed_96 70 1 490 1
97 Delayed_97 2 2 432 1
97 Delayed_97 17 1 516 1
97 Delayed_97 29 2 464 1
97 Delayed_97 29 1 484 1
97 Delayed_97 55 1 610 1
97 Delayed_97 70 1 345 1
97 Delayed_97 70 1 363 1
97 Delayed_97 70 2 508 1
98 Delayed_98 30 1 414 1
98 Delayed_98 30 2 414 1
98 Delayed_98 48 1 338 1
98 Delayed_98 51 1 368 1
98 Delayed_98 51 2 537 1
98 Delayed_98 55 1 759 1
98 Delayed_98 62 1 518 1
99 Delayed_99 2 2 446 1
99 Delayed_99 4 2 573 1
99 Delayed_99 70 2 648 1
99 Delayed_99 70 1 704 1
100 Delayed_100 2 2 286 1
100 Delayed_100 11 1 343 1
100 Delayed_100 23 2 753 1
100 Delayed_100 24 2 343 1
100 Delayed_100 24 1 494 1
100 Delayed_100 29 2 366 1
100 Delayed_100 32 2 405 1
100 Delayed_100 45 1 286 1
100 Delayed_100 61 2 442 1
100 Delayed_100 70 1 501 1
101 Delayed_101 70 1 318 1
101 Delayed_101 70 1 481 1
101 Delayed_101 70 2 645 1
102 Delayed_102 2 2 359 1
102 Delayed_102 45 1 476 1
102 Delayed_102 70 1 305 1
103 Delayed_103 18 2 454 1
103 Delayed_103 29 2 353 1
103 Delayed_103 30 2 208 1
103 Delayed_103 30 1 373 1
103 Delayed_103 32 2 373 1
103 Delayed_103 46 2 274 1
103 Delayed_103 48 1 200 1
103 Delayed_103 57 2 200 1
103 Delayed_103 57 1 856 1
103 Delayed_103 64 1 373 1
103 Delayed_103 66 1 99 1
103 Delayed_103 66 2 244 1
104 Delayed_104 30 2 363 1
104 Delayed_104 30 1 742 1
104 Delayed_104 41 2 287 1
104 Delayed_104 58 1 706 1
104 Delayed_104 62 1 782 1
104 Delayed_104 66 2 786 1
104 Delayed_104 70 1 440 1
105 Delayed_105 21 1 325 1
105 Delayed_105 23 2 325 1
105 Delayed_105 23 1 410 1
105 Delayed_105 41 1 100 1
105 Delayed_105 41 2 468 1
105 Delayed_105 51 2 339 1
105 Delayed_105 51 1 389 1
105 Delayed_105 55 1 99 1
105 Delayed_105 70 1 429 1
106 Delayed_106 2 2 605 1
106 Delayed_106 23 1 440 1
106 Delayed_106 23 2 457 1
106 Delayed_106 32 2 515 1
106 Delayed_106 39 1 468 1
106 Delayed_106 48 1 546 1
106 Delayed_106 57 1 468 1
106 Delayed_106 57 2 542 1
107 Delayed_107 70 1 358 1
108 Delayed_108 25 2 466 1
108 Delayed_108 55 1 752 1
108 Delayed_108 57 1 466 1
108 Delayed_108 57 2 693 1
108 Delayed_108 61 2 545 1
108 Delayed_108 61 1 608 1
108 Delayed_108 70 1 517 1
108 Delayed_108 70 1 560 1
108 Delayed_108 70 2 752 1
109 Delayed_109 2 2 381 1
109 Delayed_109 4 2 354 1
109 Delayed_109 4 1 472 1
109 Delayed_109 20 2 237 1
109 Delayed_109 42 1 237 1
109 Delayed_109 42 2 290 1
109 Delayed_109 51 1 430 1
109 Delayed_109 51 2 544 1
109 Delayed_109 70 1 471 1
110 Delayed_110 25 2 304 1
110 Delayed_110 30 1 267 1
110 Delayed_110 30 2 405 1
110 Delayed_110 61 2 335 1
111 Delayed_111 24 2 210 1
111 Delayed_111 24 1 670 1
111 Delayed_111 70 1 259 1
112 Delayed_112 2 2 488 1
112 Delayed_112 30 2 544 1
113 Delayed_113 25 2 213 1
114 Delayed_114 23 2 428 1
114 Delayed_114 23 1 550 1
114 Delayed_114 58 1 428 1
114 Delayed_114 64 1 399 1
114 Delayed_114 66 2 341 1
114 Delayed_114 70 2 412 1
116 Delayed_116 9 2 459 1
116 Delayed_116 42 1 336 1
116 Delayed_116 42 2 401 1
116 Delayed_116 45 1 397 1
116 Delayed_116 58 1 656 1
116 Delayed_116 70 1 658 1
117 Delayed_117 2 2 649 1
117 Delayed_117 24 2 243 1
117 Delayed_117 39 1 615 1
117 Delayed_117 62 1 111 1
117 Delayed_117 66 1 348 1
117 Delayed_117 66 2 348 1
118 Delayed_118 2 2 412 1
118 Delayed_118 32 2 408 1
118 Delayed_118 42 2 544 1
118 Delayed_118 57 2 473 1
118 Delayed_118 70 2 277 1
119 Delayed_119 70 1 429 1
120 Delayed_120 4 2 238 1
120 Delayed_120 11 1 687 1
120 Delayed_120 44 1 489 1
120 Delayed_120 64 1 274 1
120 Delayed_120 70 1 470 1
120 Delayed_120 70 2 521 1
121 Delayed_121 4 1 359 1
121 Delayed_121 4 2 817 1
121 Delayed_121 9 2 447 1
121 Delayed_121 66 1 166 1
121 Delayed_121 66 2 166 1
122 Delayed_122 29 2 103 1
122 Delayed_122 29 1 476 1
122 Delayed_122 32 2 321 1
122 Delayed_122 32 1 572 1
122 Delayed_122 39 1 103 1
123 Delayed_123 51 2 437 1
123 Delayed_123 51 1 594 1
123 Delayed_123 57 1 429 1
123 Delayed_123 57 2 827 1
123 Delayed_123 58 1 518 1
124 Delayed_124 2 2 533 1
124 Delayed_124 4 2 213 1
124 Delayed_124 49 1 627 1
124 Delayed_124 49 2 775 1
125 Delayed_125 4 1 269 1
125 Delayed_125 4 2 328 1
125 Delayed_125 49 2 765 1
125 Delayed_125 51 2 832 1
125 Delayed_125 70 2 483 1
125 Delayed_125 70 1 496 1
126 Delayed_126 21 1 547 1
126 Delayed_126 24 2 436 1
126 Delayed_126 24 1 547 1
126 Delayed_126 29 2 204 1
126 Delayed_126 32 2 314 1
126 Delayed_126 32 1 649 1
126 Delayed_126 42 2 245 1
126 Delayed_126 42 1 630 1
126 Delayed_126 57 2 154 1
126 Delayed_126 57 1 649 1
126 Delayed_126 64 1 360 1
127 Delayed_127 17 1 267 1
127 Delayed_127 18 1 276 1
127 Delayed_127 18 2 505 1
127 Delayed_127 20 1 226 1
127 Delayed_127 20 2 726 1
127 Delayed_127 21 1 367 1
127 Delayed_127 29 2 426 1
127 Delayed_127 39 1 429 1
127 Delayed_127 42 2 103 1
128 Delayed_128 70 2 412 1
128 Delayed_128 70 1 511 1
128 Delayed_128 70 1 636 1
129 Delayed_129 4 2 441 1
129 Delayed_129 30 2 438 1
129 Delayed_129 30 1 555 1
129 Delayed_129 41 2 572 1
129 Delayed_129 48 1 485 1
130 Delayed_130 2 2 202 1
130 Delayed_130 23 2 293 1
130 Delayed_130 23 1 348 1
130 Delayed_130 41 2 508 1
130 Delayed_130 46 1 270 1
130 Delayed_130 46 2 354 1
130 Delayed_130 61 2 645 1
130 Delayed_130 66 2 483 1
130 Delayed_130 70 1 359 1
130 Delayed_130 70 2 431 1
130 Delayed_130 70 1 656 1
131 Delayed_131 2 2 213 1
131 Delayed_131 16 1 213 1
131 Delayed_131 23 2 241 1
132 Delayed_132 23 2 404 1
132 Delayed_132 48 1 438 1
132 Delayed_132 49 2 787 1
133 Delayed_133 16 1 487 1
133 Delayed_133 17 1 669 1
133 Delayed_133 23 1 439 1
133 Delayed_133 23 2 862 1
133 Delayed_133 45 1 495 1
133 Delayed_133 70 2 301 1
133 Delayed_133 70 1 471 1
134 Delayed_134 2 2 376 1
134 Delayed_134 9 2 380 1
134 Delayed_134 41 2 186 1
134 Delayed_134 51 2 401 1
134 Delayed_134 51 1 460 1
134 Delayed_134 70 1 453 1
134 Delayed_134 70 2 460 1
135 Delayed_135 44 1 100 1
136 Delayed_136 5 1 692 1
136 Delayed_136 11 1 222 1
136 Delayed_136 17 1 480 1
136 Delayed_136 19 1 509 1
136 Delayed_136 20 2 337 1
136 Delayed_136 20 1 521 1
136 Delayed_136 23 2 428 1
136 Delayed_136 41 1 480 1
136 Delayed_136 41 2 641 1
136 Delayed_136 42 2 692 1
136 Delayed_136 46 1 428 1
136 Delayed_136 46 2 681 1
136 Delayed_136 51 2 480 1
136 Delayed_136 51 1 783 1
136 Delayed_136 61 2 783 1
136 Delayed_136 70 2 314 1
136 Delayed_136 70 1 428 1
137 Delayed_137 9 2 815 1
137 Delayed_137 11 1 433 1
137 Delayed_137 25 2 167 1
137 Delayed_137 30 1 235 1
137 Delayed_137 30 2 523 1
137 Delayed_137 45 1 168 1
137 Delayed_137 57 2 520 1
137 Delayed_137 70 1 338 1
137 Delayed_137 70 1 461 1
137 Delayed_137 70 2 474 1
138 Delayed_138 2 2 314 1
138 Delayed_138 4 2 349 1
138 Delayed_138 14 1 607 1
138 Delayed_138 23 2 607 1
138 Delayed_138 29 1 434 1
138 Delayed_138 29 2 772 1
138 Delayed_138 46 2 96 1
139 Delayed_139 20 2 228 1
139 Delayed_139 20 1 263 1
139 Delayed_139 29 2 351 1
139 Delayed_139 29 1 463 1
139 Delayed_139 57 1 97 1
139 Delayed_139 57 2 473 1
139 Delayed_139 70 1 487 1
139 Delayed_139 70 1 567 1
139 Delayed_139 70 2 640 1
140 Delayed_140 5 1 389 1
140 Delayed_140 48 1 389 1
140 Delayed_140 51 2 476 1
140 Delayed_140 57 2 369 1
140 Delayed_140 62 1 562 1
140 Delayed_140 64 1 509 1
140 Delayed_140 70 1 192 1
141 Delayed_141 11 1 431 1
141 Delayed_141 55 1 271 1
141 Delayed_141 70 1 473 1
142 Delayed_142 2 2 755 1
142 Delayed_142 16 1 483 1
142 Delayed_142 18 1 95 1
142 Delayed_142 18 2 764 1
142 Delayed_142 24 1 116 1
142 Delayed_142 24 2 570 1
142 Delayed_142 41 2 380 1
142 Delayed_142 41 1 860 1
142 Delayed_142 42 2 515 1
142 Delayed_142 42 1 713 1
142 Delayed_142 61 2 671 1
142 Delayed_142 66 1 423 1
142 Delayed_142 66 2 483 1
142 Delayed_142 70 1 401 1
142 Delayed_142 70 2 860 1
143 Delayed_143 46 1 433 1
143 Delayed_143 46 2 627 1
143 Delayed_143 49 2 505 1
144 Delayed_144 17 1 261 1
144 Delayed_144 24 1 248 1
144 Delayed_144 24 2 473 1
144 Delayed_144 25 2 105 1
144 Delayed_144 25 1 726 1
144 Delayed_144 29 2 280 1
144 Delayed_144 29 1 421 1
144 Delayed_144 51 1 624 1
144 Delayed_144 51 2 624 1
144 Delayed_144 57 2 120 1
144 Delayed_144 57 1 540 1
144 Delayed_144 58 1 105 1
144 Delayed_144 70 2 372 1
144 Delayed_144 70 1 509 1
144 Delayed_144 70 1 624 1
145 Delayed_145 2 2 460 1
145 Delayed_145 18 2 757 1
145 Delayed_145 25 1 478 1
145 Delayed_145 25 2 669 1
145 Delayed_145 41 2 466 1
145 Delayed_145 41 1 582 1
145 Delayed_145 62 1 324 1
146 Delayed_146 48 1 604 1
146 Delayed_146 55 1 493 1
146 Delayed_146 62 1 422 1
146 Delayed_146 70 1 575 1
147 Delayed_147 4 1 340 1
147 Delayed_147 4 2 463 1
147 Delayed_147 16 1 437 1
147 Delayed_147 21 1 310 1
147 Delayed_147 24 1 310 1
147 Delayed_147 24 2 641 1
147 Delayed_147 39 1 662 1
147 Delayed_147 44 1 470 1
148 Delayed_148 2 2 445 1
148 Delayed_148 19 1 658 1
148 Delayed_148 21 1 783 1
148 Delayed_148 30 1 428 1
148 Delayed_148 30 2 524 1
148 Delayed_148 39 1 310 1
148 Delayed_148 46 2 409 1
148 Delayed_148 66 2 506 1
148 Delayed_148 70 1 501 1
149 Delayed_149 21 1 511 1
149 Delayed_149 48 1 435 1
149 Delayed_149 49 2 229 1
149 Delayed_149 70 2 476 1
149 Delayed_149 70 1 763 1
150 Delayed_150 23 1 217 1
150 Delayed_150 23 2 771 1
150 Delayed_150 48 1 95 1
150 Delayed_150 51 2 649 1
150 Delayed_150 64 1 95 1
150 Delayed_150 70 2 154 1
150 Delayed_150 70 1 629 1
150 Delayed_150 70 1 733 1
