1 Delayed_1 3 1 515 1
1 Delayed_1 4 1 1064 1
1 Delayed_1 6 1 972 1
1 Delayed_1 10 1 990 1
1 Delayed_1 14 1 972 1
1 Delayed_1 15 1 990 1
1 Delayed_1 16 1 972 1
1 Delayed_1 16 1 990 1
2 Delayed_2 14 1 1246 1
2 Delayed_2 15 1 1246 1
2 Delayed_2 16 1 758 1
3 Delayed_3 3 1 176 1
3 Delayed_3 3 1 1228 1
3 Delayed_3 4 1 268 1
3 Delayed_3 5 1 268 1
3 Delayed_3 6 1 836 1
3 Delayed_3 7 1 268 1
3 Delayed_3 7 1 760 1
3 Delayed_3 8 1 531 1
3 Delayed_3 8 1 1058 1
3 Delayed_3 9 1 1203 1
3 Delayed_3 10 1 760 1
3 Delayed_3 10 1 836 1
3 Delayed_3 12 1 1203 1
4 Delayed_4 1 1 610 1
4 Delayed_4 1 1 891 1
4 Delayed_4 6 1 268 1
4 Delayed_4 6 1 891 1
4 Delayed_4 7 1 508 1
4 Delayed_4 7 1 1192 1
5 Delayed_5 1 1 291 1
5 Delayed_5 1 1 773 1
5 Delayed_5 5 1 773 1
5 Delayed_5 5 1 888 1
5 Delayed_5 13 1 291 1
5 Delayed_5 16 1 773 1
6 Delayed_6 3 1 836 1
6 Delayed_6 4 1 836 1
6 Delayed_6 5 1 450 1
6 Delayed_6 5 1 659 1
6 Delayed_6 8 1 811 1
6 Delayed_6 12 1 118 1
6 Delayed_6 12 1 836 1
6 Delayed_6 15 1 118 1
6 Delayed_6 15 1 450 1
6 Delayed_6 15 1 659 1
6 Delayed_6 16 1 118 1
7 Delayed_7 3 1 724 1
7 Delayed_7 3 1 766 1
7 Delayed_7 3 1 1141 1
7 Delayed_7 7 1 766 1
7 Delayed_7 7 1 902 1
7 Delayed_7 9 1 766 1
7 Delayed_7 15 1 902 1
7 Delayed_7 16 1 902 1
8 Delayed_8 1 1 683 1
8 Delayed_8 2 1 181 1
8 Delayed_8 2 1 853 1
8 Delayed_8 3 1 428 1
8 Delayed_8 3 1 738 1
8 Delayed_8 8 1 890 1
8 Delayed_8 9 1 738 1
8 Delayed_8 10 1 683 1
8 Delayed_8 12 1 428 1
8 Delayed_8 12 1 738 1
8 Delayed_8 13 1 428 1
8 Delayed_8 13 1 683 1
9 Delayed_9 1 1 767 1
9 Delayed_9 1 1 879 1
9 Delayed_9 2 1 175 1
9 Delayed_9 6 1 888 1
9 Delayed_9 7 1 888 1
9 Delayed_9 9 1 888 1
9 Delayed_9 15 1 576 1
10 Delayed_10 3 1 351 1
10 Delayed_10 3 1 428 1
10 Delayed_10 3 1 1292 1
10 Delayed_10 7 1 428 1
10 Delayed_10 10 1 351 1
10 Delayed_10 12 1 1292 1
10 Delayed_10 14 1 428 1
10 Delayed_10 16 1 351 1
10 Delayed_10 16 1 1292 1
11 Delayed_11 2 1 856 1
11 Delayed_11 13 1 680 1
11 Delayed_11 13 1 1269 1
11 Delayed_11 16 1 737 1
12 Delayed_12 1 1 712 1
12 Delayed_12 1 1 895 1
12 Delayed_12 2 1 605 1
12 Delayed_12 5 1 1026 1
12 Delayed_12 7 1 1026 1
12 Delayed_12 9 1 1026 1
13 Delayed_13 4 1 672 1
13 Delayed_13 7 1 771 1
13 Delayed_13 8 1 909 1
13 Delayed_13 8 1 978 1
13 Delayed_13 9 1 559 1
13 Delayed_13 13 1 978 1
13 Delayed_13 14 1 909 1
13 Delayed_13 16 1 909 1
14 Delayed_14 7 1 397 1
14 Delayed_14 9 1 983 1
15 Delayed_15 3 1 1158 1
15 Delayed_15 4 1 834 1
15 Delayed_15 5 1 1158 1
15 Delayed_15 8 1 1012 1
15 Delayed_15 11 1 834 1
15 Delayed_15 13 1 834 1
15 Delayed_15 15 1 928 1
15 Delayed_15 15 1 1158 1
15 Delayed_15 15 1 1174 1
16 Delayed_16 6 1 1101 1
16 Delayed_16 7 1 1101 1
16 Delayed_16 9 1 752 1
16 Delayed_16 9 1 1101 1
16 Delayed_16 10 1 752 1
16 Delayed_16 10 1 1224 1
16 Delayed_16 13 1 1224 1
16 Delayed_16 14 1 1224 1
16 Delayed_16 15 1 752 1
17 Delayed_17 1 1 892 1
17 Delayed_17 3 1 892 1
17 Delayed_17 4 1 681 1
17 Delayed_17 5 1 681 1
17 Delayed_17 6 1 681 1
17 Delayed_17 6 1 794 1
17 Delayed_17 7 1 145 1
17 Delayed_17 10 1 145 1
18 Delayed_18 1 1 1323 1
18 Delayed_18 5 1 968 1
18 Delayed_18 8 1 968 1
18 Delayed_18 11 1 1182 1
18 Delayed_18 11 1 1323 1
18 Delayed_18 13 1 968 1
18 Delayed_18 13 1 1323 1
19 Delayed_19 2 1 1261 1
19 Delayed_19 5 1 1261 1
19 Delayed_19 7 1 875 1
19 Delayed_19 8 1 875 1
19 Delayed_19 12 1 875 1
19 Delayed_19 16 1 127 1
20 Delayed_20 1 1 479 1
20 Delayed_20 1 1 831 1
20 Delayed_20 3 1 492 1
20 Delayed_20 4 1 1018 1
20 Delayed_20 5 1 805 1
20 Delayed_20 5 1 1018 1
20 Delayed_20 6 1 744 1
20 Delayed_20 6 1 805 1
20 Delayed_20 9 1 805 1
20 Delayed_20 16 1 1018 1
21 Delayed_21 1 1 902 1
21 Delayed_21 2 1 296 1
21 Delayed_21 4 1 738 1
21 Delayed_21 5 1 639 1
21 Delayed_21 6 1 165 1
21 Delayed_21 6 1 902 1
21 Delayed_21 7 1 982 1
21 Delayed_21 8 1 639 1
21 Delayed_21 10 1 639 1
21 Delayed_21 15 1 982 1
21 Delayed_21 15 1 1033 1
21 Delayed_21 16 1 902 1
22 Delayed_22 2 1 463 1
22 Delayed_22 3 1 985 1
22 Delayed_22 8 1 576 1
22 Delayed_22 9 1 576 1
22 Delayed_22 16 1 576 1
22 Delayed_22 16 1 985 1
23 Delayed_23 6 1 728 1
23 Delayed_23 7 1 728 1
23 Delayed_23 9 1 784 1
23 Delayed_23 11 1 728 1
23 Delayed_23 13 1 660 1
23 Delayed_23 13 1 784 1
24 Delayed_24 5 1 173 1
24 Delayed_24 9 1 741 1
24 Delayed_24 12 1 737 1
24 Delayed_24 12 1 741 1
24 Delayed_24 15 1 489 1
25 Delayed_25 3 1 815 1
25 Delayed_25 9 1 900 1
25 Delayed_25 14 1 307 1
25 Delayed_25 14 1 900 1
26 Delayed_26 1 1 879 1
26 Delayed_26 2 1 818 1
26 Delayed_26 2 1 1040 1
26 Delayed_26 3 1 1049 1
26 Delayed_26 7 1 516 1
26 Delayed_26 9 1 1049 1
26 Delayed_26 10 1 516 1
26 Delayed_26 14 1 516 1
27 Delayed_27 1 1 608 1
27 Delayed_27 5 1 1171 1
27 Delayed_27 6 1 630 1
27 Delayed_27 7 1 1171 1
27 Delayed_27 9 1 630 1
27 Delayed_27 9 1 1171 1
27 Delayed_27 12 1 1353 1
27 Delayed_27 13 1 630 1
27 Delayed_27 16 1 603 1
28 Delayed_28 3 1 632 1
28 Delayed_28 3 1 784 1
28 Delayed_28 5 1 760 1
28 Delayed_28 5 1 795 1
29 Delayed_29 3 1 670 1
29 Delayed_29 8 1 670 1
30 Delayed_30 2 1 567 1
30 Delayed_30 7 1 1182 1
30 Delayed_30 8 1 732 1
30 Delayed_30 10 1 732 1
30 Delayed_30 14 1 732 1
30 Delayed_30 16 1 894 1
30 Delayed_30 16 1 1182 1
31 Delayed_31 2 1 724 1
31 Delayed_31 3 1 738 1
31 Delayed_31 12 1 738 1
32 Delayed_32 1 1 781 1
32 Delayed_32 1 1 815 1
32 Delayed_32 3 1 815 1
32 Delayed_32 3 1 827 1
32 Delayed_32 3 1 1253 1
32 Delayed_32 6 1 827 1
32 Delayed_32 6 1 1395 1
32 Delayed_32 8 1 584 1
32 Delayed_32 9 1 584 1
32 Delayed_32 16 1 584 1
32 Delayed_32 16 1 1395 1
33 Delayed_33 2 1 1255 1
33 Delayed_33 11 1 266 1
33 Delayed_33 11 1 1426 1
33 Delayed_33 12 1 266 1
33 Delayed_33 15 1 266 1
34 Delayed_34 1 1 871 1
34 Delayed_34 7 1 871 1
34 Delayed_34 9 1 704 1
35 Delayed_35 6 1 640 1
35 Delayed_35 6 1 1055 1
35 Delayed_35 7 1 1055 1
35 Delayed_35 12 1 590 1
35 Delayed_35 13 1 1055 1
35 Delayed_35 16 1 590 1
35 Delayed_35 16 1 831 1
36 Delayed_36 5 1 258 1
36 Delayed_36 5 1 1330 1
36 Delayed_36 8 1 494 1
36 Delayed_36 11 1 632 1
36 Delayed_36 11 1 1330 1
36 Delayed_36 12 1 1149 1
36 Delayed_36 12 1 1330 1
37 Delayed_37 6 1 387 1
37 Delayed_37 7 1 446 1
37 Delayed_37 8 1 741 1
37 Delayed_37 9 1 387 1
37 Delayed_37 11 1 331 1
37 Delayed_37 11 1 446 1
37 Delayed_37 12 1 626 1
37 Delayed_37 12 1 741 1
37 Delayed_37 13 1 288 1
37 Delayed_37 15 1 741 1
37 Delayed_37 16 1 387 1
37 Delayed_37 16 1 1043 1
38 Delayed_38 1 1 560 1
38 Delayed_38 1 1 804 1
38 Delayed_38 4 1 430 1
38 Delayed_38 7 1 687 1
38 Delayed_38 7 1 730 1
38 Delayed_38 9 1 730 1
38 Delayed_38 13 1 430 1
38 Delayed_38 16 1 430 1
38 Delayed_38 16 1 730 1
39 Delayed_39 9 1 641 1
40 Delayed_40 1 1 785 1
40 Delayed_40 1 1 808 1
40 Delayed_40 3 1 360 1
40 Delayed_40 3 1 1011 1
40 Delayed_40 14 1 360 1
41 Delayed_41 6 1 677 1
41 Delayed_41 6 1 1098 1
41 Delayed_41 8 1 870 1
41 Delayed_41 10 1 870 1
41 Delayed_41 10 1 1098 1
41 Delayed_41 11 1 870 1
41 Delayed_41 11 1 1098 1
42 Delayed_42 1 1 844 1
42 Delayed_42 3 1 549 1
42 Delayed_42 3 1 858 1
42 Delayed_42 4 1 651 1
42 Delayed_42 6 1 858 1
42 Delayed_42 9 1 651 1
42 Delayed_42 12 1 599 1
42 Delayed_42 13 1 651 1
42 Delayed_42 13 1 1207 1
42 Delayed_42 15 1 858 1
42 Delayed_42 15 1 1224 1
43 Delayed_43 1 1 408 1
43 Delayed_43 7 1 827 1
43 Delayed_43 15 1 1029 1
44 Delayed_44 2 1 733 1
44 Delayed_44 6 1 258 1
44 Delayed_44 6 1 576 1
44 Delayed_44 8 1 250 1
44 Delayed_44 10 1 480 1
44 Delayed_44 10 1 902 1
44 Delayed_44 15 1 576 1
45 Delayed_45 4 1 1007 1
45 Delayed_45 6 1 1209 1
45 Delayed_45 12 1 869 1
45 Delayed_45 12 1 1209 1
45 Delayed_45 15 1 1007 1
45 Delayed_45 15 1 1209 1
46 Delayed_46 14 1 1165 1
47 Delayed_47 1 1 750 1
47 Delayed_47 7 1 750 1
47 Delayed_47 7 1 761 1
47 Delayed_47 10 1 761 1
47 Delayed_47 13 1 773 1
47 Delayed_47 16 1 501 1
47 Delayed_47 16 1 761 1
48 Delayed_48 1 1 557 1
48 Delayed_48 1 1 1325 1
48 Delayed_48 2 1 1325 1
48 Delayed_48 3 1 943 1
48 Delayed_48 3 1 1325 1
48 Delayed_48 5 1 1043 1
48 Delayed_48 7 1 819 1
48 Delayed_48 7 1 1043 1
48 Delayed_48 8 1 1335 1
48 Delayed_48 11 1 727 1
48 Delayed_48 11 1 1335 1
48 Delayed_48 16 1 1043 1
49 Delayed_49 4 1 491 1
49 Delayed_49 5 1 794 1
49 Delayed_49 5 1 1042 1
49 Delayed_49 6 1 586 1
49 Delayed_49 8 1 491 1
49 Delayed_49 9 1 1042 1
49 Delayed_49 10 1 1042 1
49 Delayed_49 11 1 586 1
49 Delayed_49 12 1 777 1
49 Delayed_49 12 1 1085 1
49 Delayed_49 15 1 494 1
49 Delayed_49 16 1 491 1
49 Delayed_49 16 1 586 1
50 Delayed_50 2 1 597 1
50 Delayed_50 4 1 619 1
50 Delayed_50 4 1 1190 1
50 Delayed_50 10 1 1190 1
51 Delayed_51 5 1 834 1
51 Delayed_51 5 1 851 1
51 Delayed_51 10 1 851 1
51 Delayed_51 13 1 851 1
51 Delayed_51 16 1 217 1
52 Delayed_52 4 1 706 1
52 Delayed_52 5 1 478 1
52 Delayed_52 6 1 606 1
52 Delayed_52 7 1 984 1
52 Delayed_52 11 1 478 1
52 Delayed_52 11 1 606 1
52 Delayed_52 12 1 1041 1
52 Delayed_52 14 1 606 1
52 Delayed_52 16 1 957 1
53 Delayed_53 6 1 1191 1
53 Delayed_53 7 1 1009 1
53 Delayed_53 7 1 1026 1
53 Delayed_53 8 1 1009 1
53 Delayed_53 9 1 1191 1
53 Delayed_53 12 1 1009 1
53 Delayed_53 16 1 1191 1
54 Delayed_54 7 1 1177 1
54 Delayed_54 12 1 1177 1
55 Delayed_55 8 1 694 1
55 Delayed_55 9 1 1379 1
55 Delayed_55 15 1 694 1
56 Delayed_56 1 1 861 1
56 Delayed_56 1 1 867 1
56 Delayed_56 11 1 794 1
56 Delayed_56 15 1 794 1
57 Delayed_57 3 1 885 1
57 Delayed_57 16 1 809 1
58 Delayed_58 3 1 591 1
58 Delayed_58 5 1 1022 1
58 Delayed_58 5 1 1068 1
58 Delayed_58 10 1 150 1
58 Delayed_58 11 1 1128 1
58 Delayed_58 12 1 1068 1
58 Delayed_58 14 1 1362 1
58 Delayed_58 16 1 1068 1
59 Delayed_59 7 1 550 1
59 Delayed_59 10 1 1179 1
59 Delayed_59 11 1 1179 1
59 Delayed_59 15 1 550 1
60 Delayed_60 7 1 308 1
60 Delayed_60 10 1 1000 1
60 Delayed_60 10 1 1085 1
60 Delayed_60 16 1 1000 1
60 Delayed_60 16 1 1085 1
61 Delayed_61 2 1 925 1
61 Delayed_61 4 1 817 1
61 Delayed_61 6 1 472 1
61 Delayed_61 6 1 817 1
61 Delayed_61 8 1 472 1
61 Delayed_61 9 1 764 1
61 Delayed_61 13 1 817 1
61 Delayed_61 14 1 902 1
61 Delayed_61 15 1 472 1
62 Delayed_62 1 1 913 1
62 Delayed_62 5 1 637 1
62 Delayed_62 5 1 751 1
62 Delayed_62 6 1 751 1
62 Delayed_62 8 1 784 1
62 Delayed_62 9 1 666 1
62 Delayed_62 9 1 751 1
62 Delayed_62 11 1 784 1
62 Delayed_62 12 1 784 1
63 Delayed_63 3 1 405 1
63 Delayed_63 3 1 483 1
63 Delayed_63 7 1 876 1
63 Delayed_63 10 1 875 1
63 Delayed_63 10 1 1158 1
63 Delayed_63 16 1 1281 1
64 Delayed_64 3 1 854 1
64 Delayed_64 7 1 854 1
64 Delayed_64 7 1 1318 1
65 Delayed_65 1 1 889 1
65 Delayed_65 8 1 258 1
65 Delayed_65 14 1 258 1
65 Delayed_65 15 1 258 1
66 Delayed_66 13 1 451 1
67 Delayed_67 6 1 1165 1
67 Delayed_67 7 1 391 1
67 Delayed_67 8 1 1029 1
67 Delayed_67 16 1 899 1
67 Delayed_67 16 1 1151 1
68 Delayed_68 1 1 1163 1
68 Delayed_68 2 1 992 1
68 Delayed_68 3 1 656 1
68 Delayed_68 3 1 890 1
68 Delayed_68 3 1 1318 1
68 Delayed_68 9 1 1318 1
68 Delayed_68 13 1 1024 1
68 Delayed_68 14 1 1024 1
68 Delayed_68 14 1 1318 1
68 Delayed_68 16 1 1024 1
68 Delayed_68 16 1 1242 1
69 Delayed_69 3 1 1322 1
69 Delayed_69 6 1 707 1
69 Delayed_69 11 1 718 1
69 Delayed_69 11 1 764 1
69 Delayed_69 15 1 683 1
69 Delayed_69 15 1 718 1
69 Delayed_69 15 1 1322 1
69 Delayed_69 16 1 718 1
70 Delayed_70 1 1 885 1
70 Delayed_70 5 1 169 1
70 Delayed_70 7 1 1054 1
70 Delayed_70 12 1 1054 1
70 Delayed_70 13 1 169 1
70 Delayed_70 14 1 673 1
71 Delayed_71 1 1 309 1
71 Delayed_71 4 1 607 1
71 Delayed_71 5 1 294 1
71 Delayed_71 5 1 428 1
71 Delayed_71 9 1 428 1
71 Delayed_71 9 1 607 1
71 Delayed_71 11 1 428 1
71 Delayed_71 16 1 294 1
71 Delayed_71 16 1 607 1
72 Delayed_72 3 1 747 1
72 Delayed_72 3 1 809 1
72 Delayed_72 5 1 747 1
72 Delayed_72 6 1 622 1
72 Delayed_72 10 1 622 1
72 Delayed_72 13 1 747 1
72 Delayed_72 13 1 809 1
72 Delayed_72 14 1 622 1
72 Delayed_72 14 1 809 1
73 Delayed_73 8 1 193 1
73 Delayed_73 9 1 660 1
73 Delayed_73 12 1 709 1
73 Delayed_73 15 1 660 1
74 Delayed_74 7 1 149 1
74 Delayed_74 7 1 1025 1
74 Delayed_74 11 1 149 1
74 Delayed_74 12 1 149 1
75 Delayed_75 4 1 1043 1
75 Delayed_75 7 1 1439 1
75 Delayed_75 8 1 1043 1
75 Delayed_75 13 1 751 1
75 Delayed_75 13 1 1439 1
75 Delayed_75 16 1 1153 1
76 Delayed_76 9 1 725 1
76 Delayed_76 9 1 909 1
76 Delayed_76 16 1 909 1
77 Delayed_77 4 1 829 1
77 Delayed_77 5 1 829 1
77 Delayed_77 5 1 887 1
77 Delayed_77 7 1 900 1
77 Delayed_77 7 1 1235 1
77 Delayed_77 9 1 815 1
77 Delayed_77 10 1 887 1
77 Delayed_77 11 1 1321 1
77 Delayed_77 16 1 829 1
78 Delayed_78 1 1 989 1
78 Delayed_78 3 1 827 1
78 Delayed_78 3 1 919 1
78 Delayed_78 4 1 731 1
78 Delayed_78 6 1 631 1
78 Delayed_78 6 1 731 1
78 Delayed_78 8 1 919 1
78 Delayed_78 10 1 827 1
78 Delayed_78 13 1 731 1
78 Delayed_78 16 1 827 1
78 Delayed_78 16 1 919 1
79 Delayed_79 1 1 808 1
79 Delayed_79 2 1 561 1
79 Delayed_79 2 1 716 1
79 Delayed_79 7 1 657 1
79 Delayed_79 8 1 657 1
79 Delayed_79 16 1 240 1
79 Delayed_79 16 1 657 1
79 Delayed_79 16 1 803 1
80 Delayed_80 3 1 662 1
80 Delayed_80 4 1 235 1
81 Delayed_81 1 1 842 1
81 Delayed_81 5 1 994 1
81 Delayed_81 7 1 1062 1
81 Delayed_81 8 1 994 1
81 Delayed_81 15 1 396 1
81 Delayed_81 15 1 994 1
81 Delayed_81 15 1 1062 1
82 Delayed_82 1 1 1031 1
82 Delayed_82 3 1 932 1
82 Delayed_82 4 1 123 1
82 Delayed_82 7 1 932 1
82 Delayed_82 10 1 123 1
82 Delayed_82 10 1 932 1
82 Delayed_82 13 1 123 1
82 Delayed_82 13 1 1031 1
82 Delayed_82 14 1 772 1
83 Delayed_83 1 1 991 1
83 Delayed_83 2 1 161 1
83 Delayed_83 3 1 881 1
83 Delayed_83 8 1 748 1
83 Delayed_83 9 1 646 1
83 Delayed_83 9 1 674 1
83 Delayed_83 14 1 940 1
83 Delayed_83 15 1 646 1
83 Delayed_83 16 1 870 1
84 Delayed_84 1 1 438 1
84 Delayed_84 1 1 762 1
84 Delayed_84 4 1 438 1
84 Delayed_84 7 1 943 1
84 Delayed_84 13 1 1084 1
84 Delayed_84 15 1 430 1
84 Delayed_84 16 1 1113 1
85 Delayed_85 6 1 727 1
85 Delayed_85 16 1 138 1
85 Delayed_85 16 1 764 1
86 Delayed_86 1 1 1185 1
86 Delayed_86 5 1 147 1
86 Delayed_86 5 1 1000 1
86 Delayed_86 8 1 147 1
86 Delayed_86 9 1 788 1
86 Delayed_86 10 1 907 1
86 Delayed_86 16 1 907 1
87 Delayed_87 3 1 715 1
87 Delayed_87 8 1 870 1
87 Delayed_87 9 1 715 1
87 Delayed_87 9 1 870 1
87 Delayed_87 10 1 860 1
87 Delayed_87 14 1 715 1
87 Delayed_87 14 1 870 1
88 Delayed_88 9 1 774 1
88 Delayed_88 16 1 1416 1
89 Delayed_89 2 1 618 1
89 Delayed_89 10 1 440 1
89 Delayed_89 10 1 592 1
89 Delayed_89 12 1 440 1
90 Delayed_90 1 1 478 1
90 Delayed_90 2 1 1248 1
90 Delayed_90 3 1 1183 1
90 Delayed_90 7 1 825 1
90 Delayed_90 8 1 660 1
90 Delayed_90 9 1 660 1
90 Delayed_90 9 1 1248 1
90 Delayed_90 13 1 442 1
90 Delayed_90 14 1 660 1
90 Delayed_90 14 1 823 1
90 Delayed_90 16 1 1248 1
91 Delayed_91 10 1 787 1
91 Delayed_91 16 1 787 1
92 Delayed_92 1 1 1434 1
92 Delayed_92 7 1 887 1
92 Delayed_92 8 1 887 1
92 Delayed_92 9 1 235 1
92 Delayed_92 9 1 457 1
92 Delayed_92 15 1 235 1
92 Delayed_92 15 1 580 1
92 Delayed_92 16 1 235 1
93 Delayed_93 1 1 587 1
93 Delayed_93 1 1 1126 1
93 Delayed_93 3 1 369 1
93 Delayed_93 3 1 587 1
93 Delayed_93 4 1 1024 1
93 Delayed_93 6 1 477 1
93 Delayed_93 6 1 589 1
93 Delayed_93 10 1 589 1
93 Delayed_93 13 1 587 1
93 Delayed_93 13 1 1024 1
93 Delayed_93 15 1 369 1
93 Delayed_93 15 1 382 1
93 Delayed_93 15 1 589 1
94 Delayed_94 4 1 906 1
94 Delayed_94 6 1 1180 1
94 Delayed_94 9 1 906 1
94 Delayed_94 10 1 1180 1
94 Delayed_94 14 1 1180 1
94 Delayed_94 16 1 906 1
95 Delayed_95 2 1 1053 1
95 Delayed_95 3 1 797 1
95 Delayed_95 5 1 1055 1
95 Delayed_95 8 1 797 1
95 Delayed_95 10 1 977 1
95 Delayed_95 10 1 1055 1
95 Delayed_95 13 1 977 1
95 Delayed_95 15 1 956 1
95 Delayed_95 16 1 977 1
96 Delayed_96 1 1 904 1
96 Delayed_96 2 1 645 1
96 Delayed_96 7 1 527 1
96 Delayed_96 10 1 527 1
96 Delayed_96 13 1 527 1
97 Delayed_97 1 1 804 1
97 Delayed_97 3 1 1128 1
97 Delayed_97 7 1 283 1
97 Delayed_97 7 1 1030 1
97 Delayed_97 9 1 729 1
97 Delayed_97 9 1 1030 1
97 Delayed_97 11 1 510 1
97 Delayed_97 11 1 811 1
97 Delayed_97 15 1 283 1
97 Delayed_97 15 1 729 1
97 Delayed_97 15 1 1128 1
97 Delayed_97 16 1 700 1
97 Delayed_97 16 1 1264 1
98 Delayed_98 4 1 807 1
98 Delayed_98 7 1 807 1
98 Delayed_98 15 1 807 1
99 Delayed_99 11 1 1098 1
100 Delayed_100 1 1 1072 1
100 Delayed_100 12 1 571 1
101 Delayed_101 2 1 404 1
101 Delayed_101 2 1 430 1
101 Delayed_101 4 1 430 1
101 Delayed_101 9 1 904 1
101 Delayed_101 10 1 630 1
101 Delayed_101 10 1 904 1
101 Delayed_101 11 1 904 1
101 Delayed_101 13 1 330 1
102 Delayed_102 1 1 464 1
102 Delayed_102 1 1 759 1
102 Delayed_102 7 1 554 1
102 Delayed_102 7 1 1056 1
102 Delayed_102 8 1 749 1
102 Delayed_102 12 1 1056 1
102 Delayed_102 16 1 554 1
102 Delayed_102 16 1 1056 1
103 Delayed_103 1 1 1302 1
103 Delayed_103 2 1 521 1
103 Delayed_103 3 1 363 1
103 Delayed_103 3 1 850 1
103 Delayed_103 6 1 363 1
103 Delayed_103 9 1 363 1
104 Delayed_104 2 1 872 1
104 Delayed_104 6 1 591 1
104 Delayed_104 6 1 747 1
104 Delayed_104 9 1 990 1
104 Delayed_104 12 1 893 1
104 Delayed_104 16 1 591 1
105 Delayed_105 3 1 792 1
105 Delayed_105 3 1 1181 1
105 Delayed_105 9 1 960 1
106 Delayed_106 4 1 538 1
106 Delayed_106 5 1 538 1
106 Delayed_106 5 1 1098 1
106 Delayed_106 7 1 1098 1
106 Delayed_106 15 1 811 1
106 Delayed_106 16 1 1098 1
107 Delayed_107 2 1 296 1
107 Delayed_107 7 1 296 1
107 Delayed_107 9 1 763 1
107 Delayed_107 9 1 906 1
107 Delayed_107 11 1 906 1
107 Delayed_107 12 1 412 1
107 Delayed_107 16 1 1355 1
108 Delayed_108 2 1 508 1
108 Delayed_108 3 1 508 1
108 Delayed_108 5 1 816 1
108 Delayed_108 6 1 508 1
109 Delayed_109 9 1 657 1
109 Delayed_109 10 1 143 1
110 Delayed_110 3 1 575 1
110 Delayed_110 7 1 718 1
110 Delayed_110 7 1 738 1
110 Delayed_110 16 1 570 1
110 Delayed_110 16 1 718 1
110 Delayed_110 16 1 761 1
111 Delayed_111 4 1 319 1
111 Delayed_111 4 1 817 1
111 Delayed_111 5 1 912 1
111 Delayed_111 5 1 934 1
111 Delayed_111 7 1 817 1
111 Delayed_111 10 1 817 1
111 Delayed_111 10 1 1356 1
112 Delayed_112 5 1 907 1
112 Delayed_112 6 1 431 1
112 Delayed_112 6 1 912 1
112 Delayed_112 8 1 1276 1
112 Delayed_112 9 1 431 1
112 Delayed_112 11 1 114 1
112 Delayed_112 11 1 431 1
113 Delayed_113 9 1 901 1
113 Delayed_113 14 1 713 1
114 Delayed_114 1 1 559 1
114 Delayed_114 1 1 1145 1
114 Delayed_114 3 1 1035 1
114 Delayed_114 6 1 735 1
114 Delayed_114 7 1 581 1
114 Delayed_114 8 1 581 1
114 Delayed_114 12 1 723 1
114 Delayed_114 13 1 581 1
115 Delayed_115 3 1 1231 1
115 Delayed_115 5 1 630 1
115 Delayed_115 7 1 439 1
115 Delayed_115 7 1 630 1
115 Delayed_115 11 1 630 1
115 Delayed_115 16 1 562 1
115 Delayed_115 16 1 732 1
116 Delayed_116 3 1 111 1
116 Delayed_116 3 1 845 1
116 Delayed_116 5 1 619 1
116 Delayed_116 7 1 619 1
116 Delayed_116 11 1 619 1
116 Delayed_116 14 1 111 1
116 Delayed_116 14 1 845 1
117 Delayed_117 6 1 577 1
117 Delayed_117 6 1 845 1
117 Delayed_117 9 1 577 1
117 Delayed_117 15 1 577 1
118 Delayed_118 1 1 616 1
118 Delayed_118 5 1 616 1
118 Delayed_118 7 1 690 1
118 Delayed_118 8 1 757 1
118 Delayed_118 10 1 432 1
118 Delayed_118 10 1 642 1
118 Delayed_118 14 1 616 1
118 Delayed_118 15 1 949 1
119 Delayed_119 2 1 359 1
119 Delayed_119 2 1 1065 1
119 Delayed_119 5 1 718 1
119 Delayed_119 6 1 395 1
119 Delayed_119 6 1 1387 1
119 Delayed_119 9 1 900 1
119 Delayed_119 10 1 382 1
119 Delayed_119 10 1 660 1
119 Delayed_119 12 1 801 1
119 Delayed_119 13 1 1387 1
119 Delayed_119 14 1 1387 1
119 Delayed_119 16 1 718 1
120 Delayed_120 1 1 762 1
120 Delayed_120 3 1 1309 1
120 Delayed_120 4 1 160 1
120 Delayed_120 5 1 160 1
120 Delayed_120 8 1 160 1
120 Delayed_120 10 1 707 1
120 Delayed_120 10 1 1044 1
120 Delayed_120 12 1 1177 1
120 Delayed_120 15 1 863 1
120 Delayed_120 16 1 640 1
120 Delayed_120 16 1 922 1
121 Delayed_121 1 1 1306 1
121 Delayed_121 1 1 1413 1
121 Delayed_121 11 1 1331 1
121 Delayed_121 15 1 1022 1
122 Delayed_122 1 1 457 1
122 Delayed_122 7 1 720 1
122 Delayed_122 7 1 959 1
122 Delayed_122 12 1 1019 1
122 Delayed_122 13 1 1019 1
122 Delayed_122 14 1 720 1
122 Delayed_122 14 1 1107 1
122 Delayed_122 16 1 720 1
123 Delayed_123 1 1 445 1
123 Delayed_123 6 1 591 1
123 Delayed_123 16 1 591 1
124 Delayed_124 3 1 864 1
124 Delayed_124 3 1 1001 1
124 Delayed_124 7 1 1001 1
124 Delayed_124 11 1 629 1
124 Delayed_124 16 1 1001 1
125 Delayed_125 3 1 571 1
125 Delayed_125 3 1 677 1
125 Delayed_125 3 1 812 1
125 Delayed_125 7 1 571 1
125 Delayed_125 7 1 677 1
125 Delayed_125 8 1 677 1
125 Delayed_125 16 1 571 1
125 Delayed_125 16 1 1018 1
126 Delayed_126 7 1 246 1
126 Delayed_126 9 1 757 1
126 Delayed_126 9 1 795 1
126 Delayed_126 11 1 1027 1
126 Delayed_126 13 1 159 1
126 Delayed_126 13 1 795 1
126 Delayed_126 14 1 757 1
126 Delayed_126 15 1 795 1
126 Delayed_126 16 1 509 1
126 Delayed_126 16 1 757 1
127 Delayed_127 5 1 258 1
127 Delayed_127 6 1 304 1
127 Delayed_127 9 1 258 1
127 Delayed_127 9 1 304 1
127 Delayed_127 13 1 472 1
127 Delayed_127 15 1 304 1
127 Delayed_127 16 1 258 1
128 Delayed_128 1 1 271 1
128 Delayed_128 3 1 250 1
128 Delayed_128 3 1 276 1
128 Delayed_128 4 1 250 1
128 Delayed_128 5 1 276 1
128 Delayed_128 7 1 250 1
128 Delayed_128 7 1 276 1
128 Delayed_128 16 1 850 1
129 Delayed_129 3 1 1055 1
130 Delayed_130 6 1 671 1
130 Delayed_130 9 1 107 1
130 Delayed_130 15 1 671 1
130 Delayed_130 15 1 931 1
131 Delayed_131 1 1 704 1
131 Delayed_131 13 1 783 1
131 Delayed_131 15 1 783 1
132 Delayed_132 2 1 838 1
132 Delayed_132 8 1 578 1
132 Delayed_132 8 1 906 1
132 Delayed_132 9 1 906 1
132 Delayed_132 11 1 578 1
132 Delayed_132 16 1 906 1
134 Delayed_134 1 1 977 1
134 Delayed_134 1 1 999 1
134 Delayed_134 4 1 136 1
134 Delayed_134 5 1 369 1
134 Delayed_134 5 1 977 1
134 Delayed_134 6 1 256 1
134 Delayed_134 6 1 369 1
134 Delayed_134 8 1 256 1
134 Delayed_134 8 1 369 1
134 Delayed_134 13 1 977 1
134 Delayed_134 14 1 256 1
135 Delayed_135 1 1 386 1
135 Delayed_135 1 1 1302 1
135 Delayed_135 2 1 125 1
135 Delayed_135 2 1 957 1
135 Delayed_135 10 1 730 1
136 Delayed_136 6 1 440 1
136 Delayed_136 6 1 932 1
136 Delayed_136 7 1 806 1
136 Delayed_136 8 1 440 1
136 Delayed_136 11 1 806 1
136 Delayed_136 11 1 932 1
136 Delayed_136 12 1 793 1
136 Delayed_136 12 1 1388 1
136 Delayed_136 13 1 440 1
136 Delayed_136 13 1 806 1
136 Delayed_136 15 1 932 1
136 Delayed_136 16 1 858 1
137 Delayed_137 3 1 906 1
137 Delayed_137 5 1 493 1
137 Delayed_137 6 1 906 1
138 Delayed_138 1 1 768 1
138 Delayed_138 3 1 559 1
138 Delayed_138 3 1 768 1
138 Delayed_138 6 1 1237 1
138 Delayed_138 8 1 1237 1
138 Delayed_138 14 1 768 1
138 Delayed_138 14 1 1237 1
139 Delayed_139 2 1 905 1
139 Delayed_139 3 1 168 1
139 Delayed_139 3 1 845 1
139 Delayed_139 11 1 845 1
139 Delayed_139 13 1 168 1
139 Delayed_139 14 1 761 1
139 Delayed_139 16 1 761 1
140 Delayed_140 7 1 403 1
140 Delayed_140 8 1 403 1
140 Delayed_140 14 1 403 1
140 Delayed_140 14 1 937 1
141 Delayed_141 3 1 422 1
141 Delayed_141 5 1 571 1
141 Delayed_141 6 1 867 1
141 Delayed_141 7 1 571 1
141 Delayed_141 8 1 818 1
141 Delayed_141 15 1 422 1
141 Delayed_141 16 1 571 1
141 Delayed_141 16 1 818 1
142 Delayed_142 1 1 615 1
142 Delayed_142 1 1 975 1
142 Delayed_142 3 1 615 1
142 Delayed_142 6 1 1024 1
142 Delayed_142 7 1 764 1
142 Delayed_142 7 1 1024 1
142 Delayed_142 11 1 764 1
142 Delayed_142 11 1 1024 1
142 Delayed_142 16 1 764 1
143 Delayed_143 2 1 609 1
143 Delayed_143 4 1 847 1
143 Delayed_143 5 1 847 1
144 Delayed_144 14 1 919 1
144 Delayed_144 16 1 919 1
144 Delayed_144 16 1 1329 1
145 Delayed_145 5 1 829 1
145 Delayed_145 6 1 829 1
145 Delayed_145 14 1 1037 1
145 Delayed_145 14 1 1392 1
145 Delayed_145 16 1 829 1
146 Delayed_146 1 1 304 1
146 Delayed_146 1 1 838 1
146 Delayed_146 3 1 304 1
146 Delayed_146 3 1 741 1
146 Delayed_146 3 1 927 1
146 Delayed_146 9 1 304 1
146 Delayed_146 9 1 715 1
146 Delayed_146 10 1 741 1
146 Delayed_146 14 1 715 1
146 Delayed_146 15 1 715 1
147 Delayed_147 2 1 733 1
147 Delayed_147 6 1 166 1
147 Delayed_147 6 1 361 1
147 Delayed_147 7 1 459 1
147 Delayed_147 7 1 904 1
147 Delayed_147 9 1 361 1
147 Delayed_147 13 1 258 1
147 Delayed_147 13 1 361 1
147 Delayed_147 14 1 459 1
147 Delayed_147 15 1 325 1
147 Delayed_147 15 1 823 1
147 Delayed_147 16 1 166 1
148 Delayed_148 1 1 797 1
148 Delayed_148 1 1 1022 1
148 Delayed_148 3 1 1419 1
148 Delayed_148 9 1 827 1
148 Delayed_148 9 1 1022 1
148 Delayed_148 11 1 1022 1
149 Delayed_149 1 1 196 1
149 Delayed_149 1 1 619 1
149 Delayed_149 2 1 895 1
149 Delayed_149 2 1 899 1
149 Delayed_149 3 1 749 1
149 Delayed_149 5 1 651 1
149 Delayed_149 5 1 909 1
149 Delayed_149 13 1 909 1
151 Delayed_151 3 1 738 1
151 Delayed_151 5 1 680 1
151 Delayed_151 7 1 738 1
151 Delayed_151 10 1 680 1
151 Delayed_151 12 1 624 1
151 Delayed_151 12 1 680 1
152 Delayed_152 4 1 607 1
152 Delayed_152 5 1 1046 1
152 Delayed_152 10 1 751 1
152 Delayed_152 10 1 882 1
152 Delayed_152 11 1 637 1
152 Delayed_152 12 1 693 1
153 Delayed_153 1 1 835 1
153 Delayed_153 1 1 1353 1
153 Delayed_153 7 1 334 1
153 Delayed_153 7 1 1353 1
153 Delayed_153 9 1 385 1
154 Delayed_154 1 1 354 1
154 Delayed_154 1 1 824 1
154 Delayed_154 5 1 290 1
154 Delayed_154 10 1 290 1
154 Delayed_154 10 1 462 1
154 Delayed_154 11 1 462 1
154 Delayed_154 11 1 1084 1
154 Delayed_154 14 1 290 1
154 Delayed_154 14 1 492 1
155 Delayed_155 1 1 756 1
155 Delayed_155 1 1 1201 1
155 Delayed_155 7 1 361 1
155 Delayed_155 9 1 361 1
155 Delayed_155 13 1 361 1
155 Delayed_155 15 1 758 1
155 Delayed_155 15 1 853 1
156 Delayed_156 6 1 976 1
156 Delayed_156 6 1 1056 1
156 Delayed_156 7 1 795 1
156 Delayed_156 7 1 1180 1
156 Delayed_156 9 1 976 1
156 Delayed_156 12 1 1417 1
156 Delayed_156 14 1 1056 1
156 Delayed_156 15 1 1417 1
156 Delayed_156 16 1 976 1
156 Delayed_156 16 1 1056 1
156 Delayed_156 16 1 1417 1
157 Delayed_157 10 1 165 1
157 Delayed_157 10 1 250 1
157 Delayed_157 15 1 930 1
158 Delayed_158 7 1 829 1
158 Delayed_158 8 1 1162 1
158 Delayed_158 14 1 910 1
159 Delayed_159 3 1 1386 1
159 Delayed_159 4 1 505 1
159 Delayed_159 6 1 447 1
159 Delayed_159 8 1 505 1
159 Delayed_159 8 1 1386 1
159 Delayed_159 12 1 591 1
159 Delayed_159 14 1 505 1
160 Delayed_160 2 1 1433 1
160 Delayed_160 3 1 429 1
160 Delayed_160 3 1 539 1
160 Delayed_160 3 1 634 1
160 Delayed_160 5 1 429 1
160 Delayed_160 7 1 429 1
161 Delayed_161 2 1 402 1
161 Delayed_161 2 1 975 1
161 Delayed_161 4 1 476 1
161 Delayed_161 6 1 1003 1
161 Delayed_161 12 1 485 1
161 Delayed_161 12 1 1003 1
161 Delayed_161 13 1 476 1
161 Delayed_161 14 1 1003 1
161 Delayed_161 16 1 476 1
161 Delayed_161 16 1 1183 1
162 Delayed_162 1 1 474 1
162 Delayed_162 1 1 899 1
162 Delayed_162 5 1 134 1
162 Delayed_162 10 1 134 1
163 Delayed_163 1 1 899 1
163 Delayed_163 6 1 1311 1
163 Delayed_163 10 1 1311 1
163 Delayed_163 11 1 1311 1
164 Delayed_164 1 1 617 1
164 Delayed_164 1 1 860 1
164 Delayed_164 5 1 163 1
164 Delayed_164 7 1 1039 1
164 Delayed_164 10 1 351 1
164 Delayed_164 10 1 579 1
164 Delayed_164 11 1 859 1
164 Delayed_164 11 1 871 1
165 Delayed_165 3 1 636 1
165 Delayed_165 3 1 813 1
165 Delayed_165 6 1 718 1
165 Delayed_165 6 1 966 1
165 Delayed_165 13 1 636 1
165 Delayed_165 16 1 636 1
166 Delayed_166 1 1 831 1
166 Delayed_166 7 1 766 1
166 Delayed_166 7 1 1042 1
166 Delayed_166 10 1 766 1
166 Delayed_166 12 1 1042 1
166 Delayed_166 13 1 766 1
166 Delayed_166 15 1 1042 1
167 Delayed_167 1 1 1164 1
167 Delayed_167 7 1 1164 1
167 Delayed_167 7 1 1271 1
167 Delayed_167 9 1 239 1
167 Delayed_167 10 1 730 1
167 Delayed_167 11 1 239 1
167 Delayed_167 15 1 239 1
167 Delayed_167 15 1 1164 1
168 Delayed_168 1 1 294 1
168 Delayed_168 2 1 294 1
168 Delayed_168 2 1 969 1
168 Delayed_168 7 1 360 1
168 Delayed_168 9 1 294 1
168 Delayed_168 11 1 807 1
168 Delayed_168 13 1 360 1
168 Delayed_168 15 1 360 1
169 Delayed_169 4 1 1033 1
169 Delayed_169 15 1 595 1
169 Delayed_169 16 1 688 1
169 Delayed_169 16 1 1378 1
170 Delayed_170 1 1 439 1
170 Delayed_170 1 1 477 1
170 Delayed_170 3 1 500 1
170 Delayed_170 5 1 636 1
170 Delayed_170 7 1 636 1
170 Delayed_170 8 1 1044 1
170 Delayed_170 9 1 1044 1
170 Delayed_170 11 1 864 1
170 Delayed_170 11 1 1044 1
170 Delayed_170 16 1 636 1
171 Delayed_171 3 1 1026 1
171 Delayed_171 3 1 1042 1
171 Delayed_171 5 1 1003 1
171 Delayed_171 7 1 1026 1
171 Delayed_171 8 1 1003 1
171 Delayed_171 13 1 1003 1
171 Delayed_171 13 1 1026 1
172 Delayed_172 1 1 238 1
172 Delayed_172 1 1 907 1
172 Delayed_172 9 1 772 1
172 Delayed_172 9 1 907 1
172 Delayed_172 11 1 629 1
172 Delayed_172 11 1 847 1
172 Delayed_172 16 1 782 1
173 Delayed_173 5 1 742 1
173 Delayed_173 5 1 985 1
173 Delayed_173 7 1 158 1
173 Delayed_173 7 1 985 1
173 Delayed_173 9 1 742 1
173 Delayed_173 11 1 985 1
174 Delayed_174 1 1 577 1
174 Delayed_174 1 1 952 1
174 Delayed_174 2 1 1236 1
174 Delayed_174 4 1 1311 1
174 Delayed_174 5 1 645 1
174 Delayed_174 8 1 1311 1
174 Delayed_174 9 1 645 1
174 Delayed_174 15 1 533 1
174 Delayed_174 15 1 645 1
175 Delayed_175 1 1 390 1
175 Delayed_175 4 1 830 1
175 Delayed_175 5 1 830 1
175 Delayed_175 5 1 1208 1
175 Delayed_175 7 1 888 1
175 Delayed_175 7 1 1046 1
175 Delayed_175 8 1 888 1
175 Delayed_175 9 1 614 1
175 Delayed_175 9 1 1046 1
175 Delayed_175 11 1 1036 1
175 Delayed_175 12 1 237 1
175 Delayed_175 15 1 862 1
175 Delayed_175 16 1 830 1
176 Delayed_176 2 1 844 1
176 Delayed_176 2 1 960 1
176 Delayed_176 3 1 895 1
176 Delayed_176 6 1 830 1
176 Delayed_176 6 1 1313 1
176 Delayed_176 7 1 802 1
176 Delayed_176 7 1 830 1
176 Delayed_176 16 1 786 1
176 Delayed_176 16 1 830 1
177 Delayed_177 5 1 977 1
177 Delayed_177 6 1 977 1
177 Delayed_177 10 1 453 1
178 Delayed_178 3 1 341 1
178 Delayed_178 9 1 569 1
178 Delayed_178 11 1 563 1
178 Delayed_178 11 1 798 1
178 Delayed_178 12 1 1180 1
178 Delayed_178 13 1 569 1
178 Delayed_178 13 1 1180 1
178 Delayed_178 15 1 1180 1
178 Delayed_178 16 1 537 1
178 Delayed_178 16 1 569 1
179 Delayed_179 2 1 754 1
179 Delayed_179 2 1 974 1
179 Delayed_179 5 1 1007 1
179 Delayed_179 7 1 430 1
179 Delayed_179 10 1 469 1
179 Delayed_179 10 1 1007 1
179 Delayed_179 11 1 1055 1
179 Delayed_179 15 1 1007 1
180 Delayed_180 1 1 767 1
180 Delayed_180 8 1 782 1
180 Delayed_180 8 1 800 1
181 Delayed_181 1 1 235 1
181 Delayed_181 1 1 1113 1
181 Delayed_181 3 1 235 1
181 Delayed_181 3 1 825 1
181 Delayed_181 4 1 1113 1
181 Delayed_181 6 1 763 1
181 Delayed_181 7 1 763 1
181 Delayed_181 13 1 763 1
182 Delayed_182 1 1 974 1
182 Delayed_182 2 1 1092 1
182 Delayed_182 3 1 1430 1
182 Delayed_182 4 1 1092 1
182 Delayed_182 7 1 387 1
182 Delayed_182 7 1 1430 1
182 Delayed_182 8 1 897 1
182 Delayed_182 8 1 1430 1
182 Delayed_182 15 1 387 1
182 Delayed_182 16 1 387 1
183 Delayed_183 4 1 909 1
183 Delayed_183 4 1 971 1
183 Delayed_183 6 1 909 1
183 Delayed_183 7 1 634 1
183 Delayed_183 9 1 971 1
183 Delayed_183 14 1 634 1
183 Delayed_183 16 1 909 1
184 Delayed_184 5 1 869 1
185 Delayed_185 1 1 782 1
185 Delayed_185 1 1 1032 1
185 Delayed_185 4 1 493 1
185 Delayed_185 5 1 902 1
185 Delayed_185 5 1 1092 1
185 Delayed_185 7 1 493 1
185 Delayed_185 7 1 706 1
185 Delayed_185 9 1 902 1
185 Delayed_185 10 1 1092 1
185 Delayed_185 11 1 706 1
185 Delayed_185 11 1 1092 1
185 Delayed_185 12 1 518 1
185 Delayed_185 12 1 902 1
185 Delayed_185 14 1 493 1
186 Delayed_186 2 1 1443 1
186 Delayed_186 7 1 538 1
186 Delayed_186 7 1 1443 1
186 Delayed_186 9 1 743 1
186 Delayed_186 10 1 743 1
186 Delayed_186 15 1 743 1
186 Delayed_186 15 1 950 1
187 Delayed_187 1 1 695 1
187 Delayed_187 2 1 1048 1
187 Delayed_187 3 1 247 1
187 Delayed_187 3 1 412 1
187 Delayed_187 4 1 971 1
187 Delayed_187 5 1 1048 1
187 Delayed_187 5 1 1198 1
187 Delayed_187 6 1 804 1
187 Delayed_187 9 1 971 1
187 Delayed_187 12 1 971 1
187 Delayed_187 14 1 233 1
187 Delayed_187 16 1 412 1
188 Delayed_188 1 1 1012 1
188 Delayed_188 3 1 611 1
188 Delayed_188 3 1 730 1
188 Delayed_188 3 1 1012 1
188 Delayed_188 7 1 611 1
188 Delayed_188 8 1 906 1
188 Delayed_188 12 1 906 1
188 Delayed_188 13 1 611 1
189 Delayed_189 1 1 1410 1
189 Delayed_189 2 1 684 1
189 Delayed_189 3 1 450 1
189 Delayed_189 3 1 903 1
189 Delayed_189 6 1 751 1
189 Delayed_189 10 1 591 1
190 Delayed_190 2 1 558 1
190 Delayed_190 9 1 592 1
190 Delayed_190 9 1 1427 1
190 Delayed_190 14 1 1427 1
191 Delayed_191 7 1 826 1
191 Delayed_191 11 1 826 1
191 Delayed_191 14 1 818 1
191 Delayed_191 15 1 826 1
192 Delayed_192 6 1 783 1
192 Delayed_192 7 1 751 1
192 Delayed_192 14 1 783 1
192 Delayed_192 15 1 751 1
192 Delayed_192 15 1 1227 1
193 Delayed_193 3 1 401 1
193 Delayed_193 13 1 401 1
193 Delayed_193 14 1 857 1
193 Delayed_193 14 1 1379 1
193 Delayed_193 16 1 401 1
193 Delayed_193 16 1 857 1
194 Delayed_194 1 1 1384 1
194 Delayed_194 8 1 741 1
194 Delayed_194 9 1 539 1
194 Delayed_194 9 1 741 1
194 Delayed_194 11 1 1384 1
194 Delayed_194 15 1 741 1
194 Delayed_194 15 1 1384 1
195 Delayed_195 1 1 1304 1
195 Delayed_195 5 1 760 1
195 Delayed_195 6 1 845 1
195 Delayed_195 10 1 845 1
195 Delayed_195 13 1 1025 1
195 Delayed_195 14 1 1025 1
195 Delayed_195 15 1 845 1
196 Delayed_196 2 1 634 1
196 Delayed_196 5 1 1045 1
196 Delayed_196 8 1 1045 1
196 Delayed_196 11 1 295 1
196 Delayed_196 12 1 1045 1
196 Delayed_196 13 1 809 1
197 Delayed_197 4 1 603 1
197 Delayed_197 11 1 603 1
197 Delayed_197 13 1 603 1
197 Delayed_197 16 1 337 1
197 Delayed_197 16 1 396 1
198 Delayed_198 6 1 462 1
198 Delayed_198 6 1 614 1
198 Delayed_198 8 1 807 1
198 Delayed_198 8 1 1003 1
198 Delayed_198 10 1 614 1
199 Delayed_199 2 1 885 1
199 Delayed_199 3 1 759 1
199 Delayed_199 3 1 870 1
199 Delayed_199 7 1 1032 1
199 Delayed_199 13 1 772 1
200 Delayed_200 6 1 907 1
200 Delayed_200 7 1 440 1
200 Delayed_200 7 1 802 1
200 Delayed_200 8 1 907 1
200 Delayed_200 10 1 802 1
200 Delayed_200 10 1 907 1
200 Delayed_200 11 1 802 1
