1 Delayed_1 35 1 294 1
1 Delayed_1 36 2 329 1
1 Delayed_1 42 2 101 1
1 Delayed_1 59 1 175 1
1 Delayed_1 78 2 175 1
1 Delayed_1 78 1 329 1
1 Delayed_1 94 2 217 1
1 Delayed_1 94 1 329 1
1 Delayed_1 100 2 201 1
2 Delayed_2 16 2 88 1
2 Delayed_2 34 1 173 1
2 Delayed_2 36 1 324 1
2 Delayed_2 36 2 324 1
2 Delayed_2 66 1 324 1
2 Delayed_2 66 2 462 1
2 Delayed_2 92 2 162 1
2 Delayed_2 92 1 178 1
3 Delayed_3 8 2 447 1
4 Delayed_4 16 2 249 1
4 Delayed_4 35 1 346 1
4 Delayed_4 42 2 74 1
4 Delayed_4 56 1 244 1
4 Delayed_4 71 1 242 1
4 Delayed_4 100 1 74 1
4 Delayed_4 100 2 242 1
5 Delayed_5 16 2 356 1
5 Delayed_5 24 1 267 1
5 Delayed_5 25 2 115 1
5 Delayed_5 25 1 408 1
5 Delayed_5 28 1 311 1
5 Delayed_5 42 2 219 1
5 Delayed_5 66 2 258 1
5 Delayed_5 78 1 267 1
5 Delayed_5 78 2 299 1
5 Delayed_5 81 1 219 1
5 Delayed_5 84 1 63 1
5 Delayed_5 84 2 372 1
5 Delayed_5 88 1 311 1
5 Delayed_5 100 2 251 1
5 Delayed_5 100 1 370 1
5 Delayed_5 100 2 370 1
5 Delayed_5 100 1 381 1
6 Delayed_6 8 2 313 1
6 Delayed_6 96 1 203 1
6 Delayed_6 96 2 275 1
6 Delayed_6 100 2 68 1
6 Delayed_6 100 1 305 1
7 Delayed_7 36 1 287 1
7 Delayed_7 36 2 300 1
7 Delayed_7 69 1 146 1
7 Delayed_7 69 2 281 1
7 Delayed_7 100 2 489 1
8 Delayed_8 16 2 410 1
8 Delayed_8 58 1 399 1
8 Delayed_8 72 2 418 1
8 Delayed_8 76 2 399 1
8 Delayed_8 96 2 51 1
8 Delayed_8 100 1 114 1
8 Delayed_8 100 2 227 1
8 Delayed_8 100 1 399 1
8 Delayed_8 100 2 418 1
9 Delayed_9 8 2 170 1
9 Delayed_9 25 2 190 1
9 Delayed_9 25 1 292 1
9 Delayed_9 26 2 234 1
9 Delayed_9 26 1 355 1
9 Delayed_9 36 2 359 1
9 Delayed_9 66 2 231 1
9 Delayed_9 74 1 355 1
10 Delayed_10 28 1 369 1
10 Delayed_10 34 1 369 1
10 Delayed_10 72 2 120 1
10 Delayed_10 100 2 94 1
12 Delayed_12 9 1 307 1
12 Delayed_12 24 1 261 1
12 Delayed_12 34 1 235 1
12 Delayed_12 66 1 197 1
12 Delayed_12 66 2 271 1
12 Delayed_12 74 1 153 1
12 Delayed_12 93 1 153 1
12 Delayed_12 100 2 291 1
12 Delayed_12 100 1 399 1
13 Delayed_13 37 2 186 1
13 Delayed_13 37 1 254 1
13 Delayed_13 81 1 308 1
13 Delayed_13 96 1 254 1
13 Delayed_13 96 2 377 1
14 Delayed_14 16 2 285 1
14 Delayed_14 100 1 101 1
14 Delayed_14 100 2 324 1
14 Delayed_14 100 2 348 1
14 Delayed_14 100 1 360 1
15 Delayed_15 8 2 92 1
15 Delayed_15 23 1 266 1
15 Delayed_15 59 1 440 1
15 Delayed_15 78 2 276 1
15 Delayed_15 94 2 266 1
15 Delayed_15 94 1 304 1
15 Delayed_15 96 2 113 1
15 Delayed_15 96 1 304 1
15 Delayed_15 100 2 131 1
15 Delayed_15 100 2 233 1
15 Delayed_15 100 1 276 1
16 Delayed_16 12 1 381 1
16 Delayed_16 12 2 381 1
16 Delayed_16 42 1 299 1
16 Delayed_16 92 2 172 1
16 Delayed_16 92 1 427 1
16 Delayed_16 100 1 58 1
16 Delayed_16 100 2 58 1
17 Delayed_17 37 2 166 1
17 Delayed_17 37 1 467 1
17 Delayed_17 56 1 299 1
17 Delayed_17 59 1 379 1
17 Delayed_17 69 2 286 1
17 Delayed_17 69 1 290 1
17 Delayed_17 93 1 290 1
17 Delayed_17 96 1 56 1
17 Delayed_17 96 2 293 1
17 Delayed_17 100 2 56 1
17 Delayed_17 100 2 184 1
18 Delayed_18 12 2 284 1
18 Delayed_18 23 1 369 1
18 Delayed_18 34 1 377 1
18 Delayed_18 36 1 377 1
18 Delayed_18 36 2 377 1
18 Delayed_18 42 2 86 1
18 Delayed_18 42 1 279 1
18 Delayed_18 59 1 379 1
18 Delayed_18 74 1 284 1
18 Delayed_18 81 1 132 1
19 Delayed_19 88 1 317 1
19 Delayed_19 100 2 126 1
19 Delayed_19 100 2 222 1
19 Delayed_19 100 1 234 1
19 Delayed_19 100 1 317 1
20 Delayed_20 24 1 268 1
20 Delayed_20 27 1 191 1
21 Delayed_21 8 2 382 1
21 Delayed_21 56 1 377 1
21 Delayed_21 81 1 290 1
21 Delayed_21 84 1 287 1
21 Delayed_21 84 2 366 1
22 Delayed_22 10 1 266 1
22 Delayed_22 25 2 67 1
22 Delayed_22 27 1 450 1
22 Delayed_22 36 2 121 1
22 Delayed_22 42 2 54 1
22 Delayed_22 59 1 208 1
22 Delayed_22 66 2 195 1
23 Delayed_23 10 2 199 1
23 Delayed_23 10 1 273 1
23 Delayed_23 69 2 240 1
23 Delayed_23 69 1 284 1
23 Delayed_23 100 1 213 1
23 Delayed_23 100 2 213 1
24 Delayed_24 16 2 321 1
24 Delayed_24 78 2 162 1
25 Delayed_25 9 1 107 1
25 Delayed_25 10 1 225 1
25 Delayed_25 10 2 242 1
25 Delayed_25 23 1 355 1
25 Delayed_25 27 1 383 1
25 Delayed_25 36 2 200 1
25 Delayed_25 59 1 183 1
25 Delayed_25 76 2 183 1
25 Delayed_25 100 2 190 1
25 Delayed_25 100 1 355 1
26 Delayed_26 28 1 335 1
26 Delayed_26 58 1 223 1
26 Delayed_26 76 2 46 1
26 Delayed_26 76 1 181 1
27 Delayed_27 8 2 345 1
27 Delayed_27 23 1 110 1
27 Delayed_27 25 1 265 1
27 Delayed_27 42 1 103 1
27 Delayed_27 42 2 356 1
27 Delayed_27 69 2 110 1
27 Delayed_27 69 1 356 1
27 Delayed_27 81 1 356 1
27 Delayed_27 92 2 281 1
27 Delayed_27 92 1 345 1
27 Delayed_27 96 2 407 1
27 Delayed_27 100 1 110 1
27 Delayed_27 100 1 361 1
27 Delayed_27 100 2 361 1
28 Delayed_28 37 2 166 1
28 Delayed_28 58 1 302 1
28 Delayed_28 100 2 171 1
28 Delayed_28 100 2 246 1
28 Delayed_28 100 1 306 1
28 Delayed_28 100 1 362 1
29 Delayed_29 24 1 301 1
29 Delayed_29 27 1 387 1
29 Delayed_29 72 2 166 1
29 Delayed_29 78 2 387 1
29 Delayed_29 84 2 116 1
29 Delayed_29 84 1 340 1
29 Delayed_29 94 2 340 1
29 Delayed_29 100 1 18 1
29 Delayed_29 100 2 429 1
30 Delayed_30 9 1 373 1
30 Delayed_30 25 2 326 1
30 Delayed_30 35 1 186 1
30 Delayed_30 72 2 196 1
30 Delayed_30 72 1 312 1
30 Delayed_30 74 1 186 1
31 Delayed_31 24 1 382 1
31 Delayed_31 28 1 221 1
31 Delayed_31 66 2 404 1
31 Delayed_31 93 1 320 1
31 Delayed_31 100 2 281 1
32 Delayed_32 23 1 369 1
32 Delayed_32 94 2 241 1
32 Delayed_32 94 1 347 1
32 Delayed_32 100 2 122 1
33 Delayed_33 10 1 322 1
33 Delayed_33 10 2 367 1
33 Delayed_33 69 2 311 1
33 Delayed_33 69 1 322 1
33 Delayed_33 94 2 127 1
33 Delayed_33 94 1 170 1
34 Delayed_34 24 1 455 1
34 Delayed_34 35 1 470 1
34 Delayed_34 84 2 298 1
34 Delayed_34 84 1 323 1
34 Delayed_34 96 2 141 1
34 Delayed_34 100 2 169 1
34 Delayed_34 100 1 273 1
34 Delayed_34 100 1 455 1
34 Delayed_34 100 2 472 1
35 Delayed_35 9 1 381 1
35 Delayed_35 23 1 423 1
35 Delayed_35 26 2 184 1
35 Delayed_35 28 1 284 1
35 Delayed_35 56 1 194 1
35 Delayed_35 74 1 184 1
36 Delayed_36 28 1 353 1
36 Delayed_36 35 1 353 1
36 Delayed_36 36 2 348 1
36 Delayed_36 59 1 193 1
36 Delayed_36 72 2 92 1
36 Delayed_36 100 1 92 1
36 Delayed_36 100 1 109 1
36 Delayed_36 100 2 184 1
36 Delayed_36 100 2 299 1
37 Delayed_37 10 2 142 1
37 Delayed_37 25 2 327 1
37 Delayed_37 27 1 377 1
37 Delayed_37 94 1 251 1
37 Delayed_37 94 2 377 1
37 Delayed_37 96 2 154 1
37 Delayed_37 96 1 189 1
37 Delayed_37 100 1 338 1
37 Delayed_37 100 2 348 1
38 Delayed_38 9 1 358 1
38 Delayed_38 10 2 214 1
38 Delayed_38 10 1 381 1
38 Delayed_38 24 1 139 1
38 Delayed_38 26 1 54 1
38 Delayed_38 26 2 258 1
38 Delayed_38 28 1 368 1
38 Delayed_38 37 2 139 1
38 Delayed_38 59 1 54 1
38 Delayed_38 76 2 139 1
38 Delayed_38 76 1 184 1
38 Delayed_38 100 2 54 1
38 Delayed_38 100 1 126 1
38 Delayed_38 100 2 339 1
39 Delayed_39 26 2 129 1
39 Delayed_39 26 1 359 1
39 Delayed_39 35 1 313 1
39 Delayed_39 37 2 188 1
39 Delayed_39 56 1 378 1
39 Delayed_39 100 2 296 1
39 Delayed_39 100 1 378 1
40 Delayed_40 84 2 224 1
40 Delayed_40 84 1 303 1
40 Delayed_40 96 2 133 1
40 Delayed_40 96 1 224 1
41 Delayed_41 8 2 254 1
41 Delayed_41 42 2 93 1
41 Delayed_41 42 1 387 1
41 Delayed_41 71 1 209 1
41 Delayed_41 72 2 195 1
41 Delayed_41 81 1 361 1
41 Delayed_41 88 1 361 1
41 Delayed_41 92 2 131 1
42 Delayed_42 25 2 424 1
42 Delayed_42 81 1 290 1
42 Delayed_42 100 2 77 1
43 Delayed_43 25 2 315 1
43 Delayed_43 25 1 373 1
43 Delayed_43 26 2 258 1
43 Delayed_43 26 1 373 1
43 Delayed_43 76 2 291 1
43 Delayed_43 76 1 304 1
43 Delayed_43 88 1 264 1
43 Delayed_43 96 2 310 1
43 Delayed_43 100 1 136 1
43 Delayed_43 100 2 202 1
43 Delayed_43 100 1 258 1
43 Delayed_43 100 2 373 1
44 Delayed_44 100 2 27 1
44 Delayed_44 100 1 282 1
44 Delayed_44 100 1 351 1
44 Delayed_44 100 2 381 1
45 Delayed_45 8 2 228 1
45 Delayed_45 9 1 304 1
45 Delayed_45 10 2 102 1
45 Delayed_45 10 1 295 1
45 Delayed_45 12 2 246 1
45 Delayed_45 36 1 215 1
45 Delayed_45 36 2 247 1
45 Delayed_45 37 2 98 1
45 Delayed_45 59 1 140 1
45 Delayed_45 94 2 297 1
45 Delayed_45 100 2 305 1
46 Delayed_46 27 1 112 1
46 Delayed_46 56 1 162 1
46 Delayed_46 93 1 306 1
47 Delayed_47 10 2 289 1
47 Delayed_47 23 1 205 1
47 Delayed_47 36 2 224 1
47 Delayed_47 58 1 224 1
47 Delayed_47 78 2 47 1
48 Delayed_48 8 2 128 1
48 Delayed_48 20 1 307 1
48 Delayed_48 36 2 182 1
48 Delayed_48 42 2 128 1
48 Delayed_48 88 1 307 1
49 Delayed_49 10 2 244 1
49 Delayed_49 37 1 299 1
49 Delayed_49 37 2 370 1
49 Delayed_49 81 1 365 1
50 Delayed_50 36 1 245 1
50 Delayed_50 36 2 296 1
50 Delayed_50 56 1 188 1
50 Delayed_50 69 1 188 1
50 Delayed_50 69 2 198 1
51 Delayed_51 35 1 456 1
51 Delayed_51 37 2 302 1
51 Delayed_51 37 1 319 1
51 Delayed_51 69 2 131 1
51 Delayed_51 69 1 319 1
51 Delayed_51 84 2 50 1
51 Delayed_51 84 1 69 1
51 Delayed_51 100 1 50 1
51 Delayed_51 100 2 147 1
52 Delayed_52 37 2 339 1
52 Delayed_52 100 2 173 1
52 Delayed_52 100 1 323 1
53 Delayed_53 9 1 193 1
53 Delayed_53 23 1 353 1
53 Delayed_53 36 2 222 1
53 Delayed_53 93 1 284 1
54 Delayed_54 10 2 277 1
54 Delayed_54 10 1 404 1
54 Delayed_54 12 2 293 1
54 Delayed_54 12 1 320 1
54 Delayed_54 56 1 404 1
54 Delayed_54 81 1 288 1
55 Delayed_55 16 2 277 1
55 Delayed_55 96 2 174 1
55 Delayed_55 96 1 323 1
56 Delayed_56 28 1 281 1
56 Delayed_56 36 2 359 1
56 Delayed_56 100 2 129 1
56 Delayed_56 100 1 281 1
56 Delayed_56 100 2 317 1
57 Delayed_57 9 1 307 1
57 Delayed_57 36 1 236 1
57 Delayed_57 37 2 321 1
57 Delayed_57 42 2 148 1
57 Delayed_57 42 1 151 1
57 Delayed_57 58 1 205 1
57 Delayed_57 69 2 279 1
58 Delayed_58 69 1 80 1
58 Delayed_58 69 2 110 1
58 Delayed_58 93 1 108 1
59 Delayed_59 94 2 225 1
59 Delayed_59 100 2 113 1
59 Delayed_59 100 1 251 1
60 Delayed_60 9 1 271 1
60 Delayed_60 35 1 73 1
60 Delayed_60 92 2 237 1
61 Delayed_61 12 2 112 1
61 Delayed_61 12 1 347 1
61 Delayed_61 25 1 326 1
61 Delayed_61 25 2 358 1
61 Delayed_61 27 1 112 1
61 Delayed_61 56 1 147 1
61 Delayed_61 69 1 112 1
61 Delayed_61 69 2 147 1
61 Delayed_61 93 1 47 1
62 Delayed_62 27 1 182 1
62 Delayed_62 28 1 298 1
62 Delayed_62 100 2 290 1
62 Delayed_62 100 1 377 1
63 Delayed_63 26 2 113 1
63 Delayed_63 26 1 408 1
63 Delayed_63 34 1 421 1
63 Delayed_63 35 1 253 1
63 Delayed_63 42 2 176 1
63 Delayed_63 59 1 162 1
63 Delayed_63 66 2 238 1
63 Delayed_63 66 1 276 1
63 Delayed_63 72 2 82 1
63 Delayed_63 76 2 189 1
63 Delayed_63 92 1 53 1
63 Delayed_63 92 2 207 1
63 Delayed_63 100 1 53 1
63 Delayed_63 100 2 113 1
63 Delayed_63 100 1 145 1
63 Delayed_63 100 2 207 1
65 Delayed_65 66 2 164 1
65 Delayed_65 78 2 368 1
65 Delayed_65 78 1 392 1
65 Delayed_65 81 1 392 1
65 Delayed_65 84 2 159 1
65 Delayed_65 92 2 164 1
65 Delayed_65 100 1 106 1
65 Delayed_65 100 1 110 1
65 Delayed_65 100 2 368 1
65 Delayed_65 100 2 392 1
66 Delayed_66 9 1 257 1
66 Delayed_66 12 2 138 1
66 Delayed_66 16 2 79 1
66 Delayed_66 37 2 163 1
66 Delayed_66 37 1 312 1
66 Delayed_66 58 1 139 1
66 Delayed_66 96 2 104 1
66 Delayed_66 96 1 139 1
66 Delayed_66 100 1 138 1
66 Delayed_66 100 2 317 1
66 Delayed_66 100 1 423 1
66 Delayed_66 100 2 423 1
67 Delayed_67 16 2 186 1
67 Delayed_67 16 1 230 1
67 Delayed_67 26 1 300 1
67 Delayed_67 26 2 315 1
67 Delayed_67 37 2 193 1
67 Delayed_67 58 1 191 1
67 Delayed_67 59 1 459 1
67 Delayed_67 81 1 459 1
67 Delayed_67 92 2 158 1
67 Delayed_67 100 2 324 1
67 Delayed_67 100 1 417 1
68 Delayed_68 8 2 369 1
68 Delayed_68 23 1 356 1
68 Delayed_68 28 1 90 1
68 Delayed_68 59 1 343 1
68 Delayed_68 71 1 253 1
68 Delayed_68 76 1 253 1
68 Delayed_68 76 2 356 1
68 Delayed_68 81 1 162 1
68 Delayed_68 84 2 368 1
68 Delayed_68 100 1 171 1
68 Delayed_68 100 2 301 1
69 Delayed_69 9 1 141 1
69 Delayed_69 58 1 277 1
69 Delayed_69 88 1 192 1
70 Delayed_70 12 2 193 1
70 Delayed_70 23 1 291 1
70 Delayed_70 42 2 148 1
70 Delayed_70 69 2 293 1
70 Delayed_70 84 2 375 1
70 Delayed_70 100 2 184 1
70 Delayed_70 100 2 240 1
70 Delayed_70 100 1 257 1
70 Delayed_70 100 1 362 1
71 Delayed_71 8 2 254 1
71 Delayed_71 9 1 35 1
71 Delayed_71 10 1 324 1
71 Delayed_71 10 2 380 1
71 Delayed_71 12 1 257 1
71 Delayed_71 12 2 257 1
71 Delayed_71 26 2 213 1
71 Delayed_71 34 1 280 1
71 Delayed_71 36 1 155 1
71 Delayed_71 36 2 242 1
71 Delayed_71 42 2 168 1
71 Delayed_71 42 1 305 1
71 Delayed_71 69 1 275 1
71 Delayed_71 69 2 275 1
71 Delayed_71 71 1 275 1
71 Delayed_71 74 1 280 1
71 Delayed_71 76 2 280 1
71 Delayed_71 76 1 305 1
71 Delayed_71 96 1 254 1
71 Delayed_71 96 2 278 1
71 Delayed_71 100 2 324 1
72 Delayed_72 26 2 166 1
72 Delayed_72 26 1 410 1
72 Delayed_72 100 1 153 1
72 Delayed_72 100 2 166 1
72 Delayed_72 100 2 239 1
73 Delayed_73 23 1 174 1
73 Delayed_73 42 2 289 1
73 Delayed_73 42 1 418 1
73 Delayed_73 66 2 14 1
73 Delayed_73 69 2 308 1
73 Delayed_73 88 1 307 1
73 Delayed_73 94 1 307 1
73 Delayed_73 100 2 122 1
74 Delayed_74 24 1 254 1
74 Delayed_74 26 2 240 1
74 Delayed_74 26 1 472 1
74 Delayed_74 66 2 111 1
74 Delayed_74 66 1 182 1
74 Delayed_74 81 1 147 1
74 Delayed_74 93 1 147 1
74 Delayed_74 100 1 111 1
74 Delayed_74 100 2 240 1
75 Delayed_75 8 2 172 1
75 Delayed_75 37 2 305 1
75 Delayed_75 56 1 333 1
75 Delayed_75 58 1 365 1
75 Delayed_75 69 2 132 1
75 Delayed_75 69 1 418 1
75 Delayed_75 71 1 418 1
75 Delayed_75 76 2 365 1
75 Delayed_75 78 2 122 1
75 Delayed_75 78 1 132 1
75 Delayed_75 100 2 470 1
76 Delayed_76 27 1 193 1
76 Delayed_76 100 2 234 1
76 Delayed_76 100 2 275 1
76 Delayed_76 100 1 314 1
76 Delayed_76 100 1 354 1
77 Delayed_77 26 1 249 1
77 Delayed_77 26 2 293 1
77 Delayed_77 27 1 293 1
77 Delayed_77 28 1 121 1
77 Delayed_77 34 1 121 1
77 Delayed_77 69 2 101 1
78 Delayed_78 16 1 110 1
78 Delayed_78 16 2 359 1
78 Delayed_78 25 2 148 1
78 Delayed_78 35 1 274 1
78 Delayed_78 72 2 126 1
78 Delayed_78 84 2 125 1
78 Delayed_78 84 1 295 1
78 Delayed_78 100 2 116 1
78 Delayed_78 100 1 148 1
79 Delayed_79 12 2 191 1
79 Delayed_79 12 1 326 1
79 Delayed_79 16 2 310 1
79 Delayed_79 23 1 166 1
79 Delayed_79 26 1 310 1
79 Delayed_79 26 2 351 1
79 Delayed_79 27 1 86 1
79 Delayed_79 35 1 255 1
79 Delayed_79 56 1 138 1
79 Delayed_79 71 1 138 1
79 Delayed_79 76 2 86 1
79 Delayed_79 76 1 326 1
79 Delayed_79 93 1 320 1
79 Delayed_79 100 2 166 1
79 Delayed_79 100 1 444 1
80 Delayed_80 8 2 359 1
80 Delayed_80 16 2 56 1
80 Delayed_80 16 1 315 1
80 Delayed_80 34 1 315 1
80 Delayed_80 36 2 115 1
80 Delayed_80 36 1 192 1
80 Delayed_80 37 2 333 1
80 Delayed_80 74 1 192 1
80 Delayed_80 92 1 56 1
80 Delayed_80 92 2 208 1
81 Delayed_81 58 1 369 1
81 Delayed_81 66 2 174 1
81 Delayed_81 69 1 99 1
81 Delayed_81 69 2 414 1
81 Delayed_81 81 1 78 1
81 Delayed_81 100 1 122 1
81 Delayed_81 100 2 214 1
82 Delayed_82 69 1 259 1
82 Delayed_82 69 2 373 1
82 Delayed_82 100 1 46 1
82 Delayed_82 100 2 308 1
84 Delayed_84 16 1 316 1
84 Delayed_84 16 2 318 1
84 Delayed_84 26 1 10 1
84 Delayed_84 26 2 221 1
84 Delayed_84 69 2 218 1
84 Delayed_84 71 1 221 1
84 Delayed_84 78 2 10 1
84 Delayed_84 78 1 235 1
84 Delayed_84 92 2 10 1
84 Delayed_84 92 1 221 1
85 Delayed_85 10 2 234 1
85 Delayed_85 24 1 327 1
85 Delayed_85 36 2 140 1
85 Delayed_85 36 1 215 1
85 Delayed_85 37 1 132 1
85 Delayed_85 37 2 283 1
85 Delayed_85 56 1 132 1
86 Delayed_86 10 1 192 1
86 Delayed_86 10 2 425 1
87 Delayed_87 23 1 419 1
87 Delayed_87 26 2 436 1
87 Delayed_87 84 2 306 1
87 Delayed_87 100 1 227 1
87 Delayed_87 100 2 284 1
88 Delayed_88 34 1 277 1
88 Delayed_88 71 1 117 1
88 Delayed_88 88 1 264 1
89 Delayed_89 10 2 169 1
89 Delayed_89 10 1 317 1
89 Delayed_89 27 1 314 1
89 Delayed_89 59 1 237 1
89 Delayed_89 71 1 201 1
89 Delayed_89 76 2 237 1
89 Delayed_89 76 1 464 1
89 Delayed_89 78 1 192 1
89 Delayed_89 78 2 237 1
89 Delayed_89 94 1 192 1
89 Delayed_89 94 2 271 1
89 Delayed_89 96 2 255 1
89 Delayed_89 100 2 168 1
89 Delayed_89 100 1 271 1
90 Delayed_90 78 2 193 1
90 Delayed_90 100 2 180 1
91 Delayed_91 8 2 473 1
91 Delayed_91 12 2 296 1
91 Delayed_91 16 2 106 1
91 Delayed_91 16 1 294 1
91 Delayed_91 20 1 294 1
91 Delayed_91 23 1 329 1
91 Delayed_91 58 1 329 1
91 Delayed_91 66 2 455 1
91 Delayed_91 88 1 455 1
91 Delayed_91 92 2 315 1
91 Delayed_91 92 1 455 1
91 Delayed_91 100 2 199 1
92 Delayed_92 42 2 226 1
92 Delayed_92 59 1 377 1
92 Delayed_92 100 1 352 1
92 Delayed_92 100 2 470 1
93 Delayed_93 12 2 362 1
93 Delayed_93 78 1 283 1
93 Delayed_93 78 2 328 1
93 Delayed_93 100 2 157 1
93 Delayed_93 100 1 386 1
94 Delayed_94 12 1 319 1
94 Delayed_94 12 2 445 1
94 Delayed_94 84 2 257 1
94 Delayed_94 92 2 263 1
94 Delayed_94 100 2 248 1
94 Delayed_94 100 2 273 1
94 Delayed_94 100 1 382 1
94 Delayed_94 100 1 458 1
95 Delayed_95 16 2 186 1
95 Delayed_95 16 1 371 1
95 Delayed_95 24 1 331 1
95 Delayed_95 26 1 329 1
95 Delayed_95 26 2 371 1
95 Delayed_95 34 1 238 1
95 Delayed_95 66 2 208 1
95 Delayed_95 66 1 284 1
95 Delayed_95 74 1 284 1
95 Delayed_95 78 2 294 1
95 Delayed_95 100 1 120 1
95 Delayed_95 100 2 120 1
95 Delayed_95 100 1 151 1
95 Delayed_95 100 2 253 1
96 Delayed_96 27 1 326 1
96 Delayed_96 42 2 194 1
96 Delayed_96 69 2 306 1
97 Delayed_97 23 1 347 1
97 Delayed_97 25 1 187 1
97 Delayed_97 25 2 260 1
97 Delayed_97 100 2 190 1
97 Delayed_97 100 2 209 1
97 Delayed_97 100 1 255 1
97 Delayed_97 100 1 404 1
98 Delayed_98 8 2 90 1
98 Delayed_98 20 1 240 1
98 Delayed_98 23 1 446 1
98 Delayed_98 25 1 277 1
98 Delayed_98 25 2 370 1
98 Delayed_98 26 1 245 1
98 Delayed_98 26 2 277 1
98 Delayed_98 34 1 245 1
98 Delayed_98 72 2 261 1
98 Delayed_98 72 1 360 1
98 Delayed_98 76 2 343 1
98 Delayed_98 84 2 90 1
98 Delayed_98 84 1 360 1
98 Delayed_98 93 1 370 1
99 Delayed_99 8 2 452 1
99 Delayed_99 20 1 293 1
99 Delayed_99 24 1 246 1
99 Delayed_99 36 2 229 1
99 Delayed_99 36 1 307 1
99 Delayed_99 69 1 307 1
99 Delayed_99 69 2 307 1
100 Delayed_100 10 2 49 1
100 Delayed_100 10 1 318 1
100 Delayed_100 12 2 297 1
100 Delayed_100 12 1 318 1
100 Delayed_100 16 2 258 1
100 Delayed_100 20 1 175 1
100 Delayed_100 58 1 119 1
100 Delayed_100 59 1 148 1
100 Delayed_100 84 1 49 1
100 Delayed_100 84 2 119 1
100 Delayed_100 88 1 49 1
100 Delayed_100 92 2 119 1
100 Delayed_100 96 2 201 1
101 Delayed_101 9 1 381 1
101 Delayed_101 25 1 136 1
101 Delayed_101 25 2 348 1
101 Delayed_101 26 2 234 1
101 Delayed_101 76 2 109 1
101 Delayed_101 100 2 247 1
101 Delayed_101 100 1 281 1
102 Delayed_102 16 2 100 1
102 Delayed_102 16 1 354 1
102 Delayed_102 36 1 175 1
102 Delayed_102 36 2 367 1
102 Delayed_102 59 1 368 1
102 Delayed_102 71 1 368 1
103 Delayed_103 81 1 310 1
103 Delayed_103 100 1 323 1
103 Delayed_103 100 1 324 1
103 Delayed_103 100 2 324 1
103 Delayed_103 100 2 376 1
104 Delayed_104 24 1 82 1
104 Delayed_104 26 2 414 1
104 Delayed_104 94 2 491 1
104 Delayed_104 96 1 108 1
104 Delayed_104 96 2 336 1
105 Delayed_105 66 2 264 1
105 Delayed_105 66 1 294 1
105 Delayed_105 93 1 273 1
106 Delayed_106 12 2 317 1
106 Delayed_106 12 1 355 1
106 Delayed_106 24 1 368 1
106 Delayed_106 25 2 293 1
106 Delayed_106 25 1 324 1
106 Delayed_106 26 2 300 1
106 Delayed_106 42 1 234 1
106 Delayed_106 42 2 307 1
106 Delayed_106 66 1 168 1
106 Delayed_106 66 2 303 1
106 Delayed_106 71 1 168 1
106 Delayed_106 100 1 111 1
106 Delayed_106 100 2 111 1
107 Delayed_107 8 2 186 1
107 Delayed_107 58 1 318 1
107 Delayed_107 76 2 220 1
107 Delayed_107 76 1 328 1
107 Delayed_107 84 2 100 1
108 Delayed_108 20 1 238 1
108 Delayed_108 35 1 403 1
108 Delayed_108 58 1 403 1
108 Delayed_108 66 1 314 1
108 Delayed_108 66 2 372 1
108 Delayed_108 93 1 115 1
108 Delayed_108 100 1 401 1
108 Delayed_108 100 2 403 1
109 Delayed_109 42 2 126 1
109 Delayed_109 59 1 91 1
109 Delayed_109 66 2 197 1
110 Delayed_110 8 2 211 1
110 Delayed_110 10 2 228 1
110 Delayed_110 36 2 100 1
110 Delayed_110 56 1 360 1
110 Delayed_110 59 1 260 1
110 Delayed_110 69 1 78 1
110 Delayed_110 69 2 116 1
110 Delayed_110 100 1 78 1
110 Delayed_110 100 2 78 1
111 Delayed_111 24 1 399 1
111 Delayed_111 25 2 235 1
111 Delayed_111 25 1 399 1
111 Delayed_111 58 1 392 1
111 Delayed_111 66 1 168 1
111 Delayed_111 66 2 399 1
112 Delayed_112 23 1 267 1
112 Delayed_112 26 1 296 1
112 Delayed_112 26 2 352 1
112 Delayed_112 37 1 352 1
112 Delayed_112 37 2 456 1
112 Delayed_112 42 2 98 1
112 Delayed_112 42 1 352 1
112 Delayed_112 88 1 296 1
112 Delayed_112 96 1 98 1
112 Delayed_112 96 2 208 1
113 Delayed_113 88 1 345 1
113 Delayed_113 96 2 230 1
113 Delayed_113 96 1 345 1
114 Delayed_114 72 2 120 1
114 Delayed_114 100 1 258 1
114 Delayed_114 100 2 300 1
114 Delayed_114 100 2 339 1
115 Delayed_115 8 2 369 1
115 Delayed_115 27 1 377 1
115 Delayed_115 36 2 359 1
115 Delayed_115 100 2 190 1
115 Delayed_115 100 1 383 1
116 Delayed_116 10 2 173 1
116 Delayed_116 12 2 171 1
116 Delayed_116 12 1 296 1
116 Delayed_116 56 1 306 1
116 Delayed_116 72 2 109 1
116 Delayed_116 72 1 297 1
116 Delayed_116 88 1 223 1
116 Delayed_116 92 2 352 1
117 Delayed_117 9 1 390 1
117 Delayed_117 35 1 176 1
117 Delayed_117 42 2 223 1
117 Delayed_117 42 1 281 1
117 Delayed_117 81 1 281 1
118 Delayed_118 16 2 130 1
118 Delayed_118 16 1 298 1
118 Delayed_118 76 2 212 1
118 Delayed_118 76 1 320 1
119 Delayed_119 96 1 200 1
119 Delayed_119 96 2 294 1
119 Delayed_119 100 2 163 1
120 Delayed_120 16 2 11 1
120 Delayed_120 16 1 291 1
120 Delayed_120 27 1 291 1
120 Delayed_120 37 2 59 1
120 Delayed_120 74 1 383 1
120 Delayed_120 84 2 214 1
120 Delayed_120 84 1 383 1
120 Delayed_120 88 1 11 1
120 Delayed_120 100 1 11 1
120 Delayed_120 100 2 11 1
121 Delayed_121 8 2 77 1
121 Delayed_121 9 1 383 1
121 Delayed_121 10 2 113 1
121 Delayed_121 10 1 272 1
121 Delayed_121 20 1 383 1
121 Delayed_121 23 1 62 1
121 Delayed_121 27 1 295 1
121 Delayed_121 35 1 187 1
121 Delayed_121 42 1 39 1
121 Delayed_121 42 2 295 1
121 Delayed_121 56 1 39 1
121 Delayed_121 59 1 187 1
121 Delayed_121 66 2 39 1
121 Delayed_121 71 1 77 1
121 Delayed_121 72 2 183 1
121 Delayed_121 72 1 311 1
121 Delayed_121 74 1 77 1
121 Delayed_121 76 2 416 1
121 Delayed_121 84 2 183 1
121 Delayed_121 84 1 311 1
121 Delayed_121 100 2 162 1
121 Delayed_121 100 1 295 1
122 Delayed_122 35 1 323 1
122 Delayed_122 42 2 231 1
122 Delayed_122 42 1 319 1
122 Delayed_122 88 1 319 1
123 Delayed_123 26 2 319 1
123 Delayed_123 26 1 359 1
123 Delayed_123 58 1 359 1
123 Delayed_123 71 1 282 1
123 Delayed_123 100 2 218 1
123 Delayed_123 100 1 282 1
123 Delayed_123 100 1 296 1
123 Delayed_123 100 2 319 1
124 Delayed_124 9 1 397 1
124 Delayed_124 81 1 479 1
124 Delayed_124 93 1 479 1
124 Delayed_124 94 2 70 1
124 Delayed_124 94 1 340 1
124 Delayed_124 100 2 61 1
124 Delayed_124 100 1 215 1
125 Delayed_125 20 1 347 1
125 Delayed_125 58 1 308 1
125 Delayed_125 72 2 169 1
125 Delayed_125 72 1 253 1
125 Delayed_125 88 1 272 1
125 Delayed_125 100 2 109 1
125 Delayed_125 100 1 272 1
126 Delayed_126 25 2 248 1
126 Delayed_126 28 1 347 1
126 Delayed_126 36 1 248 1
126 Delayed_126 36 2 271 1
126 Delayed_126 100 1 169 1
126 Delayed_126 100 1 248 1
126 Delayed_126 100 2 347 1
126 Delayed_126 100 2 371 1
127 Delayed_127 12 2 228 1
127 Delayed_127 36 2 252 1
127 Delayed_127 37 2 297 1
127 Delayed_127 58 1 227 1
127 Delayed_127 78 1 304 1
127 Delayed_127 78 2 330 1
128 Delayed_128 71 1 194 1
129 Delayed_129 25 2 183 1
129 Delayed_129 100 2 269 1
129 Delayed_129 100 1 319 1
130 Delayed_130 66 2 266 1
130 Delayed_130 100 2 195 1
131 Delayed_131 36 1 302 1
131 Delayed_131 36 2 305 1
131 Delayed_131 58 1 65 1
131 Delayed_131 94 2 202 1
131 Delayed_131 100 2 65 1
132 Delayed_132 8 2 193 1
132 Delayed_132 12 2 137 1
132 Delayed_132 12 1 300 1
132 Delayed_132 26 1 65 1
132 Delayed_132 26 2 65 1
132 Delayed_132 27 1 282 1
132 Delayed_132 42 2 193 1
132 Delayed_132 71 1 157 1
132 Delayed_132 92 1 157 1
132 Delayed_132 92 2 293 1
132 Delayed_132 100 1 3 1
132 Delayed_132 100 1 137 1
132 Delayed_132 100 2 251 1
132 Delayed_132 100 2 290 1
133 Delayed_133 12 2 187 1
133 Delayed_133 56 1 303 1
133 Delayed_133 96 2 244 1
133 Delayed_133 96 1 254 1
134 Delayed_134 8 2 110 1
134 Delayed_134 9 1 371 1
134 Delayed_134 23 1 362 1
134 Delayed_134 34 1 404 1
134 Delayed_134 37 2 362 1
134 Delayed_134 37 1 404 1
134 Delayed_134 69 1 110 1
134 Delayed_134 69 2 112 1
134 Delayed_134 84 2 365 1
134 Delayed_134 94 1 110 1
134 Delayed_134 94 2 312 1
134 Delayed_134 100 2 371 1
135 Delayed_135 66 2 188 1
135 Delayed_135 66 1 293 1
135 Delayed_135 76 2 313 1
135 Delayed_135 100 2 250 1
135 Delayed_135 100 1 320 1
136 Delayed_136 23 1 484 1
137 Delayed_137 9 1 323 1
137 Delayed_137 12 2 372 1
137 Delayed_137 26 2 385 1
137 Delayed_137 66 2 130 1
137 Delayed_137 66 1 175 1
137 Delayed_137 74 1 130 1
137 Delayed_137 96 2 289 1
138 Delayed_138 8 2 116 1
138 Delayed_138 26 1 243 1
138 Delayed_138 26 2 408 1
138 Delayed_138 35 1 378 1
138 Delayed_138 37 2 224 1
138 Delayed_138 37 1 292 1
138 Delayed_138 93 1 378 1
138 Delayed_138 96 2 227 1
138 Delayed_138 100 2 305 1
139 Delayed_139 9 1 255 1
139 Delayed_139 28 1 126 1
139 Delayed_139 42 2 361 1
139 Delayed_139 59 1 165 1
140 Delayed_140 8 2 312 1
140 Delayed_140 34 1 309 1
140 Delayed_140 58 1 316 1
141 Delayed_141 27 1 319 1
141 Delayed_141 35 1 295 1
141 Delayed_141 42 2 272 1
141 Delayed_141 42 1 295 1
141 Delayed_141 59 1 82 1
141 Delayed_141 72 2 295 1
141 Delayed_141 100 1 82 1
141 Delayed_141 100 2 82 1
141 Delayed_141 100 1 116 1
141 Delayed_141 100 2 406 1
142 Delayed_142 59 1 355 1
142 Delayed_142 66 1 117 1
142 Delayed_142 66 2 312 1
142 Delayed_142 69 2 292 1
142 Delayed_142 93 1 355 1
142 Delayed_142 100 2 252 1
143 Delayed_143 26 2 293 1
143 Delayed_143 66 2 336 1
143 Delayed_143 74 1 345 1
143 Delayed_143 100 2 137 1
143 Delayed_143 100 1 363 1
144 Delayed_144 23 1 281 1
144 Delayed_144 37 2 411 1
144 Delayed_144 84 2 296 1
144 Delayed_144 94 2 232 1
145 Delayed_145 37 2 170 1
145 Delayed_145 37 1 247 1
145 Delayed_145 69 2 200 1
145 Delayed_145 69 1 379 1
146 Delayed_146 25 1 234 1
146 Delayed_146 25 2 276 1
146 Delayed_146 88 1 234 1
146 Delayed_146 93 1 150 1
147 Delayed_147 16 2 247 1
147 Delayed_147 16 1 346 1
147 Delayed_147 27 1 346 1
147 Delayed_147 42 2 243 1
147 Delayed_147 42 1 326 1
147 Delayed_147 84 2 185 1
147 Delayed_147 84 1 326 1
148 Delayed_148 28 1 275 1
148 Delayed_148 34 1 85 1
148 Delayed_148 56 1 240 1
149 Delayed_149 78 2 14 1
149 Delayed_149 78 1 355 1
150 Delayed_150 16 2 293 1
150 Delayed_150 34 1 306 1
150 Delayed_150 42 2 72 1
150 Delayed_150 42 1 329 1
150 Delayed_150 58 1 371 1
150 Delayed_150 59 1 371 1
150 Delayed_150 71 1 427 1
150 Delayed_150 84 1 243 1
150 Delayed_150 84 2 306 1
150 Delayed_150 92 2 192 1
150 Delayed_150 92 1 243 1
150 Delayed_150 94 1 301 1
150 Delayed_150 94 2 301 1
151 Delayed_151 78 1 157 1
151 Delayed_151 78 2 160 1
151 Delayed_151 100 2 371 1
152 Delayed_152 23 1 401 1
152 Delayed_152 42 2 237 1
152 Delayed_152 42 1 286 1
152 Delayed_152 76 2 180 1
152 Delayed_152 92 2 155 1
152 Delayed_152 92 1 286 1
152 Delayed_152 100 1 155 1
152 Delayed_152 100 2 252 1
153 Delayed_153 8 2 225 1
153 Delayed_153 94 2 171 1
153 Delayed_153 94 1 187 1
153 Delayed_153 100 2 85 1
153 Delayed_153 100 1 309 1
154 Delayed_154 20 1 314 1
154 Delayed_154 74 1 367 1
154 Delayed_154 78 2 492 1
155 Delayed_155 10 1 155 1
155 Delayed_155 10 2 295 1
155 Delayed_155 81 1 356 1
155 Delayed_155 100 1 356 1
155 Delayed_155 100 2 385 1
156 Delayed_156 12 2 450 1
156 Delayed_156 37 2 208 1
156 Delayed_156 58 1 99 1
156 Delayed_156 76 2 249 1
156 Delayed_156 76 1 446 1
156 Delayed_156 84 2 118 1
156 Delayed_156 94 2 261 1
156 Delayed_156 100 1 118 1
156 Delayed_156 100 1 154 1
156 Delayed_156 100 2 197 1
156 Delayed_156 100 2 298 1
157 Delayed_157 8 2 148 1
157 Delayed_157 28 1 426 1
157 Delayed_157 35 1 270 1
157 Delayed_157 72 1 270 1
157 Delayed_157 72 2 485 1
158 Delayed_158 23 1 281 1
158 Delayed_158 24 1 317 1
158 Delayed_158 25 1 239 1
158 Delayed_158 25 2 240 1
158 Delayed_158 100 2 157 1
158 Delayed_158 100 1 341 1
159 Delayed_159 9 1 319 1
159 Delayed_159 74 1 383 1
159 Delayed_159 78 2 158 1
159 Delayed_159 78 1 182 1
159 Delayed_159 84 1 5 1
159 Delayed_159 84 2 324 1
159 Delayed_159 92 1 5 1
159 Delayed_159 92 2 284 1
159 Delayed_159 100 2 147 1
159 Delayed_159 100 1 281 1
160 Delayed_160 8 2 174 1
160 Delayed_160 9 1 335 1
160 Delayed_160 10 2 318 1
160 Delayed_160 10 1 335 1
160 Delayed_160 16 1 90 1
160 Delayed_160 16 2 90 1
160 Delayed_160 37 1 267 1
160 Delayed_160 37 2 381 1
160 Delayed_160 42 1 90 1
160 Delayed_160 42 2 364 1
160 Delayed_160 88 1 318 1
160 Delayed_160 92 2 362 1
160 Delayed_160 100 2 267 1
160 Delayed_160 100 1 296 1
160 Delayed_160 100 1 302 1
160 Delayed_160 100 2 364 1
161 Delayed_161 25 2 282 1
161 Delayed_161 72 2 349 1
161 Delayed_161 94 2 177 1
161 Delayed_161 94 1 291 1
161 Delayed_161 100 2 110 1
161 Delayed_161 100 1 295 1
161 Delayed_161 100 2 448 1
162 Delayed_162 66 2 207 1
162 Delayed_162 76 2 159 1
162 Delayed_162 76 1 361 1
162 Delayed_162 88 1 254 1
163 Delayed_163 8 2 417 1
163 Delayed_163 36 2 476 1
163 Delayed_163 36 1 493 1
163 Delayed_163 59 1 363 1
163 Delayed_163 69 2 245 1
163 Delayed_163 81 1 252 1
163 Delayed_163 100 2 134 1
163 Delayed_163 100 2 252 1
163 Delayed_163 100 1 275 1
163 Delayed_163 100 1 367 1
164 Delayed_164 12 2 273 1
164 Delayed_164 12 1 353 1
164 Delayed_164 24 1 307 1
164 Delayed_164 37 2 142 1
164 Delayed_164 66 1 97 1
164 Delayed_164 66 2 250 1
164 Delayed_164 100 2 142 1
165 Delayed_165 12 1 358 1
165 Delayed_165 12 2 365 1
165 Delayed_165 20 1 240 1
165 Delayed_165 92 2 171 1
165 Delayed_165 92 1 240 1
165 Delayed_165 96 2 362 1
165 Delayed_165 100 2 229 1
166 Delayed_166 10 2 319 1
166 Delayed_166 10 1 320 1
166 Delayed_166 16 1 163 1
166 Delayed_166 16 2 467 1
166 Delayed_166 26 2 159 1
166 Delayed_166 26 1 293 1
166 Delayed_166 56 1 284 1
166 Delayed_166 100 2 319 1
167 Delayed_167 66 2 152 1
167 Delayed_167 66 1 399 1
167 Delayed_167 72 2 148 1
167 Delayed_167 84 2 382 1
168 Delayed_168 25 1 224 1
168 Delayed_168 25 2 375 1
168 Delayed_168 71 1 244 1
168 Delayed_168 76 2 224 1
168 Delayed_168 76 1 387 1
168 Delayed_168 78 2 261 1
168 Delayed_168 92 1 293 1
168 Delayed_168 92 2 387 1
170 Delayed_170 28 1 359 1
170 Delayed_170 34 1 359 1
170 Delayed_170 56 1 333 1
170 Delayed_170 84 1 81 1
170 Delayed_170 84 2 82 1
171 Delayed_171 9 1 215 1
171 Delayed_171 69 2 115 1
171 Delayed_171 69 1 370 1
171 Delayed_171 93 1 258 1
172 Delayed_172 8 2 213 1
172 Delayed_172 9 1 494 1
172 Delayed_172 74 1 302 1
172 Delayed_172 76 2 89 1
172 Delayed_172 84 2 353 1
172 Delayed_172 84 1 384 1
172 Delayed_172 92 1 346 1
172 Delayed_172 92 2 353 1
172 Delayed_172 100 1 177 1
172 Delayed_172 100 2 283 1
173 Delayed_173 100 2 222 1
173 Delayed_173 100 2 284 1
173 Delayed_173 100 1 304 1
174 Delayed_174 9 1 409 1
174 Delayed_174 10 2 258 1
174 Delayed_174 10 1 366 1
174 Delayed_174 36 1 229 1
174 Delayed_174 36 2 261 1
174 Delayed_174 37 2 257 1
174 Delayed_174 76 1 65 1
174 Delayed_174 76 2 229 1
174 Delayed_174 81 1 461 1
174 Delayed_174 84 2 248 1
174 Delayed_174 96 2 265 1
174 Delayed_174 100 1 65 1
174 Delayed_174 100 2 312 1
175 Delayed_175 37 1 404 1
175 Delayed_175 37 2 417 1
175 Delayed_175 69 2 476 1
175 Delayed_175 71 1 417 1
175 Delayed_175 93 1 417 1
175 Delayed_175 100 2 286 1
175 Delayed_175 100 2 305 1
175 Delayed_175 100 1 404 1
176 Delayed_176 10 2 109 1
176 Delayed_176 23 1 389 1
176 Delayed_176 26 2 342 1
176 Delayed_176 26 1 389 1
176 Delayed_176 37 2 296 1
176 Delayed_176 56 1 240 1
176 Delayed_176 69 2 177 1
176 Delayed_176 69 1 240 1
176 Delayed_176 94 2 166 1
176 Delayed_176 94 1 332 1
176 Delayed_176 100 2 213 1
176 Delayed_176 100 1 332 1
177 Delayed_177 56 1 99 1
177 Delayed_177 74 1 376 1
177 Delayed_177 76 1 244 1
177 Delayed_177 76 2 344 1
177 Delayed_177 84 2 119 1
178 Delayed_178 16 1 266 1
178 Delayed_178 16 2 266 1
178 Delayed_178 25 2 490 1
178 Delayed_178 34 1 303 1
178 Delayed_178 42 1 303 1
178 Delayed_178 42 2 303 1
178 Delayed_178 74 1 275 1
178 Delayed_178 78 2 251 1
178 Delayed_178 81 1 290 1
178 Delayed_178 96 1 290 1
178 Delayed_178 96 2 364 1
178 Delayed_178 100 2 357 1
178 Delayed_178 100 1 424 1
179 Delayed_179 10 2 362 1
179 Delayed_179 16 2 129 1
179 Delayed_179 16 1 327 1
179 Delayed_179 56 1 245 1
179 Delayed_179 58 1 306 1
179 Delayed_179 72 2 298 1
179 Delayed_179 72 1 337 1
179 Delayed_179 84 2 201 1
179 Delayed_179 84 1 204 1
179 Delayed_179 88 1 176 1
179 Delayed_179 100 2 143 1
179 Delayed_179 100 1 337 1
180 Delayed_180 42 2 122 1
180 Delayed_180 42 1 269 1
180 Delayed_180 59 1 329 1
180 Delayed_180 78 2 269 1
180 Delayed_180 78 1 329 1
180 Delayed_180 100 1 269 1
180 Delayed_180 100 2 281 1
181 Delayed_181 10 2 241 1
181 Delayed_181 10 1 379 1
181 Delayed_181 27 1 379 1
181 Delayed_181 34 1 241 1
181 Delayed_181 58 1 74 1
181 Delayed_181 100 2 313 1
182 Delayed_182 12 2 380 1
182 Delayed_182 16 2 312 1
182 Delayed_182 16 1 413 1
182 Delayed_182 24 1 216 1
182 Delayed_182 25 2 216 1
182 Delayed_182 25 1 469 1
182 Delayed_182 28 1 413 1
182 Delayed_182 100 2 215 1
183 Delayed_183 12 2 361 1
183 Delayed_183 37 1 258 1
183 Delayed_183 37 2 264 1
183 Delayed_183 42 2 150 1
183 Delayed_183 42 1 316 1
184 Delayed_184 93 1 318 1
185 Delayed_185 36 1 137 1
185 Delayed_185 36 2 189 1
185 Delayed_185 71 1 317 1
186 Delayed_186 16 2 373 1
186 Delayed_186 35 1 181 1
186 Delayed_186 56 1 413 1
186 Delayed_186 69 2 292 1
187 Delayed_187 8 2 252 1
187 Delayed_187 9 1 91 1
187 Delayed_187 10 1 370 1
187 Delayed_187 10 2 379 1
187 Delayed_187 34 1 91 1
187 Delayed_187 42 2 113 1
187 Delayed_187 42 1 339 1
187 Delayed_187 66 1 146 1
187 Delayed_187 66 2 339 1
187 Delayed_187 84 1 146 1
187 Delayed_187 84 2 161 1
187 Delayed_187 88 1 141 1
187 Delayed_187 92 1 141 1
187 Delayed_187 92 2 247 1
187 Delayed_187 100 1 137 1
187 Delayed_187 100 2 288 1
188 Delayed_188 34 1 288 1
188 Delayed_188 66 2 388 1
188 Delayed_188 66 1 459 1
188 Delayed_188 93 1 275 1
188 Delayed_188 100 2 273 1
189 Delayed_189 10 2 188 1
189 Delayed_189 36 1 188 1
189 Delayed_189 36 2 289 1
189 Delayed_189 71 1 307 1
189 Delayed_189 94 2 382 1
189 Delayed_189 100 2 226 1
189 Delayed_189 100 2 239 1
189 Delayed_189 100 1 303 1
190 Delayed_190 72 2 140 1
190 Delayed_190 100 1 343 1
190 Delayed_190 100 2 363 1
191 Delayed_191 81 1 386 1
191 Delayed_191 100 1 383 1
191 Delayed_191 100 2 423 1
192 Delayed_192 56 1 260 1
193 Delayed_193 20 1 344 1
193 Delayed_193 23 1 276 1
193 Delayed_193 26 1 241 1
193 Delayed_193 26 2 276 1
193 Delayed_193 66 1 103 1
193 Delayed_193 66 2 108 1
193 Delayed_193 76 2 109 1
193 Delayed_193 78 1 281 1
193 Delayed_193 78 2 311 1
193 Delayed_193 92 2 177 1
193 Delayed_193 92 1 281 1
193 Delayed_193 96 1 259 1
193 Delayed_193 96 2 278 1
193 Delayed_193 100 1 103 1
193 Delayed_193 100 2 187 1
193 Delayed_193 100 2 344 1
194 Delayed_194 56 1 374 1
194 Delayed_194 78 1 275 1
194 Delayed_194 78 2 333 1
194 Delayed_194 100 2 47 1
195 Delayed_195 88 1 369 1
195 Delayed_195 100 2 56 1
196 Delayed_196 100 2 479 1
197 Delayed_197 20 1 293 1
197 Delayed_197 58 1 319 1
197 Delayed_197 84 2 211 1
197 Delayed_197 84 1 319 1
197 Delayed_197 100 1 49 1
197 Delayed_197 100 2 99 1
197 Delayed_197 100 1 110 1
197 Delayed_197 100 2 319 1
198 Delayed_198 12 2 177 1
198 Delayed_198 12 1 334 1
198 Delayed_198 37 2 63 1
198 Delayed_198 37 1 114 1
198 Delayed_198 42 2 168 1
198 Delayed_198 76 1 63 1
198 Delayed_198 76 2 124 1
198 Delayed_198 96 1 114 1
198 Delayed_198 96 2 447 1
198 Delayed_198 100 2 162 1
198 Delayed_198 100 2 304 1
199 Delayed_199 16 2 298 1
199 Delayed_199 23 1 303 1
199 Delayed_199 34 1 298 1
199 Delayed_199 92 2 160 1
200 Delayed_200 8 2 462 1
200 Delayed_200 16 2 237 1
200 Delayed_200 27 1 370 1
200 Delayed_200 35 1 351 1
200 Delayed_200 69 1 320 1
200 Delayed_200 69 2 322 1
200 Delayed_200 76 2 137 1
200 Delayed_200 92 2 88 1
200 Delayed_200 92 1 320 1
200 Delayed_200 100 2 134 1
