2 Delayed_2 3 1 327 1
2 Delayed_2 3 2 957 1
2 Delayed_2 5 2 636 1
2 Delayed_2 8 1 1250 1
2 Delayed_2 13 1 681 1
2 Delayed_2 47 1 1250 1
2 Delayed_2 58 2 693 1
2 Delayed_2 63 1 754 1
2 Delayed_2 100 2 525 1
2 Delayed_2 100 2 812 1
3 Delayed_3 2 1 741 1
3 Delayed_3 2 2 941 1
3 Delayed_3 21 2 485 1
3 Delayed_3 58 2 762 1
3 Delayed_3 65 1 1033 1
3 Delayed_3 78 2 440 1
3 Delayed_3 83 2 364 1
3 Delayed_3 83 1 597 1
3 Delayed_3 91 1 508 1
3 Delayed_3 97 1 1277 1
4 Delayed_4 12 1 1240 1
4 Delayed_4 76 1 1240 1
5 Delayed_5 12 1 1276 1
5 Delayed_5 65 1 511 1
6 Delayed_6 21 2 361 1
6 Delayed_6 38 1 361 1
6 Delayed_6 47 1 579 1
6 Delayed_6 83 2 361 1
7 Delayed_7 68 2 305 1
7 Delayed_7 68 1 1296 1
7 Delayed_7 72 2 850 1
7 Delayed_7 100 2 803 1
8 Delayed_8 1 1 1150 1
8 Delayed_8 60 1 1035 1
8 Delayed_8 100 2 1168 1
9 Delayed_9 65 1 1238 1
10 Delayed_10 15 2 527 1
10 Delayed_10 58 1 661 1
10 Delayed_10 58 2 976 1
10 Delayed_10 69 2 661 1
10 Delayed_10 69 1 1426 1
10 Delayed_10 74 1 1108 1
11 Delayed_11 39 2 938 1
11 Delayed_11 68 2 1149 1
11 Delayed_11 78 2 478 1
11 Delayed_11 100 2 877 1
12 Delayed_12 3 2 456 1
12 Delayed_12 13 1 1238 1
12 Delayed_12 21 2 1066 1
12 Delayed_12 38 1 584 1
12 Delayed_12 57 1 653 1
12 Delayed_12 58 2 1066 1
12 Delayed_12 69 2 891 1
12 Delayed_12 100 2 456 1
12 Delayed_12 100 2 974 1
12 Delayed_12 100 1 1238 1
13 Delayed_13 62 2 810 1
13 Delayed_13 68 2 987 1
13 Delayed_13 81 2 589 1
13 Delayed_13 97 1 1000 1
13 Delayed_13 100 2 185 1
13 Delayed_13 100 1 1211 1
14 Delayed_14 72 1 386 1
14 Delayed_14 72 2 926 1
15 Delayed_15 14 1 1418 1
15 Delayed_15 72 2 726 1
16 Delayed_16 23 1 696 1
16 Delayed_16 39 1 696 1
16 Delayed_16 39 2 1066 1
16 Delayed_16 47 1 749 1
16 Delayed_16 64 1 749 1
16 Delayed_16 69 1 918 1
16 Delayed_16 69 2 918 1
17 Delayed_17 1 1 1260 1
17 Delayed_17 3 2 616 1
17 Delayed_17 62 2 895 1
17 Delayed_17 62 1 1233 1
17 Delayed_17 68 2 663 1
17 Delayed_17 99 2 520 1
17 Delayed_17 99 1 895 1
18 Delayed_18 15 2 949 1
18 Delayed_18 47 1 491 1
20 Delayed_20 39 2 708 1
20 Delayed_20 39 1 1309 1
21 Delayed_21 58 2 667 1
22 Delayed_22 2 2 471 1
22 Delayed_22 2 1 629 1
22 Delayed_22 3 2 1153 1
22 Delayed_22 13 1 629 1
22 Delayed_22 58 2 471 1
23 Delayed_23 91 1 1308 1
24 Delayed_24 74 1 1051 1
24 Delayed_24 100 2 145 1
25 Delayed_25 5 2 330 1
25 Delayed_25 52 2 668 1
26 Delayed_26 2 2 41 1
26 Delayed_26 13 1 1314 1
26 Delayed_26 57 1 891 1
26 Delayed_26 60 1 1314 1
27 Delayed_27 3 2 690 1
27 Delayed_27 52 2 289 1
27 Delayed_27 83 1 867 1
27 Delayed_27 83 2 1012 1
27 Delayed_27 100 2 105 1
27 Delayed_27 100 2 755 1
27 Delayed_27 100 1 969 1
28 Delayed_28 11 2 730 1
28 Delayed_28 21 2 932 1
28 Delayed_28 97 1 540 1
28 Delayed_28 100 2 892 1
29 Delayed_29 8 1 586 1
29 Delayed_29 38 1 1452 1
29 Delayed_29 91 1 1164 1
30 Delayed_30 3 2 156 1
30 Delayed_30 21 2 697 1
30 Delayed_30 74 1 949 1
31 Delayed_31 21 2 528 1
31 Delayed_31 57 1 537 1
31 Delayed_31 64 1 1174 1
31 Delayed_31 72 2 103 1
31 Delayed_31 83 2 628 1
32 Delayed_32 68 2 576 1
32 Delayed_32 91 1 903 1
33 Delayed_33 11 2 372 1
33 Delayed_33 58 2 640 1
33 Delayed_33 91 1 1431 1
33 Delayed_33 100 2 981 1
34 Delayed_34 13 1 1263 1
34 Delayed_34 62 2 631 1
35 Delayed_35 2 2 907 1
35 Delayed_35 64 1 1448 1
35 Delayed_35 68 2 730 1
35 Delayed_35 68 1 1448 1
36 Delayed_36 3 2 935 1
36 Delayed_36 3 1 1279 1
37 Delayed_37 52 2 454 1
37 Delayed_37 68 2 633 1
37 Delayed_37 78 1 422 1
37 Delayed_37 78 2 927 1
37 Delayed_37 91 1 826 1
38 Delayed_38 83 1 805 1
38 Delayed_38 83 2 918 1
40 Delayed_40 15 2 228 1
40 Delayed_40 74 1 548 1
41 Delayed_41 13 1 1278 1
41 Delayed_41 21 2 746 1
41 Delayed_41 78 2 1002 1
41 Delayed_41 81 2 1111 1
42 Delayed_42 11 2 630 1
42 Delayed_42 39 2 499 1
42 Delayed_42 39 1 1309 1
42 Delayed_42 57 1 842 1
43 Delayed_43 11 2 315 1
43 Delayed_43 81 2 711 1
44 Delayed_44 21 2 808 1
44 Delayed_44 100 2 1259 1
45 Delayed_45 1 1 1255 1
45 Delayed_45 15 2 1176 1
46 Delayed_46 3 2 948 1
46 Delayed_46 21 2 847 1
47 Delayed_47 5 2 48 1
47 Delayed_47 68 2 987 1
48 Delayed_48 3 2 578 1
48 Delayed_48 5 2 230 1
48 Delayed_48 5 1 1264 1
48 Delayed_48 15 2 1259 1
48 Delayed_48 47 1 576 1
48 Delayed_48 58 1 950 1
48 Delayed_48 58 2 965 1
48 Delayed_48 62 2 851 1
48 Delayed_48 76 1 1264 1
49 Delayed_49 1 1 765 1
49 Delayed_49 12 1 1161 1
49 Delayed_49 69 2 1010 1
49 Delayed_49 100 2 765 1
50 Delayed_50 100 2 485 1
51 Delayed_51 83 2 1165 1
52 Delayed_52 100 2 44 1
53 Delayed_53 69 2 921 1
53 Delayed_53 75 2 717 1
53 Delayed_53 78 2 620 1
53 Delayed_53 78 1 921 1
54 Delayed_54 2 2 511 1
54 Delayed_54 2 1 885 1
54 Delayed_54 60 1 1427 1
54 Delayed_54 75 1 1102 1
54 Delayed_54 75 2 1427 1
55 Delayed_55 100 2 221 1
56 Delayed_56 75 2 1046 1
56 Delayed_56 75 1 1426 1
57 Delayed_57 21 2 730 1
58 Delayed_58 15 2 730 1
58 Delayed_58 21 2 936 1
58 Delayed_58 100 2 1053 1
59 Delayed_59 3 2 951 1
59 Delayed_59 3 1 1140 1
59 Delayed_59 5 2 139 1
59 Delayed_59 14 1 1218 1
59 Delayed_59 15 2 837 1
59 Delayed_59 74 1 346 1
59 Delayed_59 75 2 734 1
59 Delayed_59 83 2 631 1
59 Delayed_59 83 1 833 1
59 Delayed_59 97 1 561 1
60 Delayed_60 2 2 904 1
61 Delayed_61 63 1 1448 1
62 Delayed_62 81 2 344 1
63 Delayed_63 1 1 1163 1
63 Delayed_63 78 2 705 1
64 Delayed_64 5 1 912 1
64 Delayed_64 5 2 932 1
64 Delayed_64 72 2 706 1
65 Delayed_65 15 2 780 1
65 Delayed_65 62 2 862 1
65 Delayed_65 62 1 1209 1
65 Delayed_65 72 1 768 1
65 Delayed_65 72 2 1041 1
65 Delayed_65 81 2 729 1
65 Delayed_65 91 1 1221 1
66 Delayed_66 14 1 1268 1
66 Delayed_66 15 2 650 1
66 Delayed_66 39 2 729 1
67 Delayed_67 100 2 926 1
68 Delayed_68 85 1 1216 1
69 Delayed_69 63 1 1234 1
69 Delayed_69 85 1 843 1
69 Delayed_69 100 2 176 1
69 Delayed_69 100 1 465 1
69 Delayed_69 100 2 490 1
70 Delayed_70 11 2 470 1
70 Delayed_70 21 2 730 1
70 Delayed_70 64 1 1439 1
70 Delayed_70 99 2 470 1
70 Delayed_70 99 1 771 1
71 Delayed_71 3 1 380 1
71 Delayed_71 3 2 804 1
71 Delayed_71 5 2 1080 1
71 Delayed_71 5 1 1176 1
71 Delayed_71 100 2 342 1
71 Delayed_71 100 1 1176 1
72 Delayed_72 8 1 591 1
72 Delayed_72 60 1 1287 1
72 Delayed_72 65 1 833 1
72 Delayed_72 74 1 648 1
73 Delayed_73 14 1 1168 1
74 Delayed_74 83 1 291 1
74 Delayed_74 83 2 840 1
75 Delayed_75 14 1 1428 1
76 Delayed_76 21 2 1432 1
76 Delayed_76 58 2 690 1
76 Delayed_76 81 2 1180 1
76 Delayed_76 83 1 670 1
76 Delayed_76 83 2 1432 1
77 Delayed_77 11 2 620 1
77 Delayed_77 11 1 1222 1
77 Delayed_77 68 1 355 1
77 Delayed_77 68 2 1138 1
77 Delayed_77 76 1 620 1
77 Delayed_77 97 1 711 1
78 Delayed_78 62 2 994 1
79 Delayed_79 1 1 472 1
79 Delayed_79 11 1 516 1
79 Delayed_79 11 2 689 1
79 Delayed_79 14 1 377 1
79 Delayed_79 69 1 472 1
79 Delayed_79 69 2 695 1
79 Delayed_79 83 2 715 1
80 Delayed_80 85 1 1274 1
81 Delayed_81 3 2 798 1
81 Delayed_81 11 2 526 1
81 Delayed_81 11 1 1203 1
81 Delayed_81 14 1 356 1
81 Delayed_81 75 1 384 1
81 Delayed_81 75 2 729 1
81 Delayed_81 99 2 1000 1
81 Delayed_81 100 2 113 1
82 Delayed_82 15 2 1004 1
83 Delayed_83 3 2 874 1
83 Delayed_83 57 1 1208 1
83 Delayed_83 99 2 568 1
83 Delayed_83 100 1 697 1
83 Delayed_83 100 2 713 1
83 Delayed_83 100 1 1116 1
83 Delayed_83 100 2 1124 1
84 Delayed_84 64 1 1204 1
84 Delayed_84 65 1 681 1
84 Delayed_84 68 2 1110 1
84 Delayed_84 68 1 1204 1
84 Delayed_84 69 2 480 1
84 Delayed_84 69 1 661 1
84 Delayed_84 75 1 496 1
84 Delayed_84 75 2 668 1
84 Delayed_84 78 2 1167 1
85 Delayed_85 39 2 940 1
85 Delayed_85 75 2 1086 1
85 Delayed_85 100 2 658 1
86 Delayed_86 58 2 610 1
86 Delayed_86 81 2 512 1
87 Delayed_87 62 2 428 1
87 Delayed_87 99 2 754 1
88 Delayed_88 62 2 471 1
89 Delayed_89 62 2 669 1
89 Delayed_89 68 2 975 1
89 Delayed_89 72 2 444 1
89 Delayed_89 81 2 38 1
90 Delayed_90 5 2 629 1
90 Delayed_90 8 1 520 1
90 Delayed_90 11 2 1229 1
90 Delayed_90 74 1 670 1
90 Delayed_90 83 2 1127 1
92 Delayed_92 3 2 626 1
92 Delayed_92 3 1 1421 1
92 Delayed_92 15 2 618 1
92 Delayed_92 52 2 614 1
92 Delayed_92 99 1 756 1
92 Delayed_92 99 2 990 1
93 Delayed_93 5 2 657 1
93 Delayed_93 38 1 1282 1
93 Delayed_93 39 2 1126 1
93 Delayed_93 100 2 1131 1
94 Delayed_94 64 1 1224 1
94 Delayed_94 100 2 553 1
95 Delayed_95 13 1 1270 1
95 Delayed_95 75 2 649 1
95 Delayed_95 75 1 910 1
95 Delayed_95 100 2 617 1
95 Delayed_95 100 1 1270 1
96 Delayed_96 11 2 742 1
96 Delayed_96 11 1 864 1
96 Delayed_96 52 1 745 1
96 Delayed_96 52 2 929 1
96 Delayed_96 64 1 1252 1
97 Delayed_97 99 2 487 1
97 Delayed_97 99 1 1263 1
97 Delayed_97 100 2 558 1
98 Delayed_98 39 2 1140 1
98 Delayed_98 75 2 405 1
98 Delayed_98 75 1 1197 1
98 Delayed_98 85 1 316 1
98 Delayed_98 100 2 907 1
98 Delayed_98 100 1 994 1
98 Delayed_98 100 2 1197 1
99 Delayed_99 23 1 1287 1
99 Delayed_99 83 2 471 1
100 Delayed_100 38 1 860 1
100 Delayed_100 63 1 1295 1
100 Delayed_100 75 2 477 1
101 Delayed_101 15 2 849 1
102 Delayed_102 5 2 448 1
102 Delayed_102 5 1 854 1
102 Delayed_102 11 2 431 1
102 Delayed_102 11 1 470 1
102 Delayed_102 23 1 752 1
102 Delayed_102 97 1 1011 1
102 Delayed_102 100 2 987 1
103 Delayed_103 2 2 1163 1
103 Delayed_103 21 2 467 1
103 Delayed_103 38 1 683 1
103 Delayed_103 72 2 233 1
103 Delayed_103 81 2 217 1
104 Delayed_104 1 1 458 1
104 Delayed_104 5 2 522 1
104 Delayed_104 12 1 1428 1
104 Delayed_104 72 2 845 1
104 Delayed_104 72 1 1428 1
104 Delayed_104 81 2 631 1
104 Delayed_104 100 2 569 1
105 Delayed_105 63 1 564 1
106 Delayed_106 64 1 530 1
107 Delayed_107 21 2 492 1
107 Delayed_107 38 1 1262 1
107 Delayed_107 76 1 1262 1
107 Delayed_107 81 2 868 1
108 Delayed_108 62 1 481 1
108 Delayed_108 62 2 813 1
109 Delayed_109 2 1 851 1
109 Delayed_109 2 2 1194 1
109 Delayed_109 5 2 1247 1
109 Delayed_109 47 1 504 1
109 Delayed_109 58 2 703 1
109 Delayed_109 58 1 766 1
109 Delayed_109 72 2 471 1
109 Delayed_109 99 2 852 1
109 Delayed_109 99 1 1194 1
109 Delayed_109 100 2 1247 1
110 Delayed_110 2 2 965 1
110 Delayed_110 12 1 1181 1
110 Delayed_110 23 1 1181 1
110 Delayed_110 47 1 612 1
110 Delayed_110 57 1 460 1
110 Delayed_110 76 1 1038 1
111 Delayed_111 83 2 872 1
112 Delayed_112 2 2 1107 1
112 Delayed_112 2 1 1423 1
112 Delayed_112 100 2 139 1
113 Delayed_113 58 1 693 1
113 Delayed_113 58 2 1114 1
113 Delayed_113 100 2 354 1
114 Delayed_114 11 2 1151 1
114 Delayed_114 12 1 1172 1
114 Delayed_114 39 2 694 1
114 Delayed_114 39 1 747 1
114 Delayed_114 62 2 951 1
114 Delayed_114 62 1 1172 1
114 Delayed_114 65 1 1429 1
114 Delayed_114 81 2 700 1
114 Delayed_114 85 1 437 1
115 Delayed_115 62 1 826 1
115 Delayed_115 62 2 828 1
115 Delayed_115 65 1 641 1
115 Delayed_115 69 2 619 1
115 Delayed_115 69 1 1280 1
116 Delayed_116 69 2 763 1
116 Delayed_116 69 1 1294 1
116 Delayed_116 74 1 763 1
117 Delayed_117 5 2 553 1
117 Delayed_117 5 1 852 1
117 Delayed_117 21 2 891 1
118 Delayed_118 13 1 1428 1
118 Delayed_118 57 1 784 1
118 Delayed_118 62 2 617 1
118 Delayed_118 63 1 1198 1
118 Delayed_118 69 2 820 1
118 Delayed_118 69 1 921 1
118 Delayed_118 72 2 576 1
118 Delayed_118 76 1 1428 1
118 Delayed_118 83 2 920 1
118 Delayed_118 91 1 685 1
118 Delayed_118 100 1 340 1
118 Delayed_118 100 1 570 1
118 Delayed_118 100 2 1139 1
118 Delayed_118 100 2 1198 1
119 Delayed_119 15 2 950 1
119 Delayed_119 99 2 926 1
120 Delayed_120 62 2 1254 1
121 Delayed_121 52 2 1200 1
121 Delayed_121 63 1 1200 1
121 Delayed_121 99 2 730 1
122 Delayed_122 1 1 1285 1
122 Delayed_122 23 1 844 1
122 Delayed_122 39 2 826 1
122 Delayed_122 57 1 734 1
122 Delayed_122 58 2 631 1
122 Delayed_122 58 1 1114 1
122 Delayed_122 60 1 943 1
122 Delayed_122 64 1 887 1
122 Delayed_122 83 1 326 1
122 Delayed_122 83 2 453 1
123 Delayed_123 5 2 522 1
123 Delayed_123 75 2 489 1
123 Delayed_123 75 1 1238 1
123 Delayed_123 78 1 489 1
123 Delayed_123 78 2 729 1
124 Delayed_124 14 1 492 1
125 Delayed_125 3 2 1246 1
125 Delayed_125 13 1 1106 1
125 Delayed_125 100 1 690 1
125 Delayed_125 100 2 723 1
125 Delayed_125 100 1 1106 1
125 Delayed_125 100 2 1246 1
126 Delayed_126 21 2 340 1
126 Delayed_126 58 2 765 1
126 Delayed_126 74 1 1064 1
127 Delayed_127 3 2 1107 1
127 Delayed_127 8 1 1107 1
127 Delayed_127 12 1 1077 1
127 Delayed_127 65 1 938 1
127 Delayed_127 69 2 369 1
127 Delayed_127 81 2 928 1
127 Delayed_127 91 1 1107 1
128 Delayed_128 1 1 1273 1
128 Delayed_128 100 2 819 1
129 Delayed_129 15 2 598 1
130 Delayed_130 8 1 1255 1
130 Delayed_130 11 2 1063 1
130 Delayed_130 11 1 1255 1
130 Delayed_130 68 2 215 1
131 Delayed_131 12 1 357 1
132 Delayed_132 3 2 314 1
132 Delayed_132 15 2 1169 1
132 Delayed_132 63 1 1194 1
132 Delayed_132 78 2 866 1
132 Delayed_132 81 2 368 1
133 Delayed_133 14 1 673 1
133 Delayed_133 23 1 731 1
134 Delayed_134 100 2 614 1
134 Delayed_134 100 1 1437 1
135 Delayed_135 81 2 1254 1
135 Delayed_135 100 2 1254 1
136 Delayed_136 2 2 761 1
136 Delayed_136 23 1 1451 1
136 Delayed_136 97 1 1451 1
137 Delayed_137 14 1 1138 1
137 Delayed_137 62 2 833 1
137 Delayed_137 76 1 838 1
138 Delayed_138 100 2 729 1
138 Delayed_138 100 1 958 1
139 Delayed_139 13 1 1430 1
139 Delayed_139 100 1 1430 1
139 Delayed_139 100 2 1430 1
140 Delayed_140 23 1 1245 1
140 Delayed_140 58 2 690 1
140 Delayed_140 60 1 1245 1
141 Delayed_141 100 1 609 1
141 Delayed_141 100 2 644 1
141 Delayed_141 100 2 835 1
141 Delayed_141 100 1 1248 1
142 Delayed_142 2 2 1002 1
142 Delayed_142 72 2 104 1
142 Delayed_142 81 2 898 1
144 Delayed_144 47 1 1176 1
144 Delayed_144 97 1 858 1
145 Delayed_145 5 1 847 1
145 Delayed_145 5 2 940 1
145 Delayed_145 12 1 925 1
145 Delayed_145 60 1 1264 1
146 Delayed_146 3 1 1173 1
146 Delayed_146 3 2 1259 1
146 Delayed_146 5 2 148 1
146 Delayed_146 21 2 148 1
146 Delayed_146 39 2 101 1
146 Delayed_146 39 1 1438 1
146 Delayed_146 52 2 644 1
146 Delayed_146 75 2 1131 1
146 Delayed_146 75 1 1438 1
147 Delayed_147 64 1 1253 1
148 Delayed_148 5 1 817 1
148 Delayed_148 5 2 1225 1
148 Delayed_148 21 2 820 1
148 Delayed_148 100 2 930 1
148 Delayed_148 100 1 1225 1
149 Delayed_149 15 2 391 1
149 Delayed_149 65 1 1204 1
149 Delayed_149 78 2 667 1
149 Delayed_149 78 1 762 1
