1 Delayed_1 41 2 612 1
1 Delayed_1 47 1 652 1
1 Delayed_1 49 2 499 1
1 Delayed_1 49 1 689 1
1 Delayed_1 53 2 353 1
1 Delayed_1 69 1 645 1
1 Delayed_1 89 1 120 1
1 Delayed_1 89 2 689 1
2 Delayed_2 8 2 409 1
2 Delayed_2 8 1 616 1
2 Delayed_2 18 2 737 1
2 Delayed_2 19 2 244 1
2 Delayed_2 19 1 644 1
2 Delayed_2 95 1 526 1
2 Delayed_2 95 2 533 1
2 Delayed_2 96 1 596 1
2 Delayed_2 100 2 137 1
2 Delayed_2 100 1 245 1
3 Delayed_3 20 2 403 1
3 Delayed_3 70 2 345 1
4 Delayed_4 18 2 529 1
4 Delayed_4 20 2 233 1
4 Delayed_4 33 1 495 1
4 Delayed_4 40 2 653 1
4 Delayed_4 70 2 684 1
4 Delayed_4 82 1 265 1
4 Delayed_4 89 1 330 1
4 Delayed_4 89 2 704 1
4 Delayed_4 93 1 286 1
4 Delayed_4 93 2 647 1
4 Delayed_4 94 1 485 1
4 Delayed_4 100 2 382 1
6 Delayed_6 18 2 309 1
6 Delayed_6 23 2 372 1
7 Delayed_7 86 1 174 1
7 Delayed_7 86 2 478 1
7 Delayed_7 89 2 550 1
7 Delayed_7 95 2 361 1
7 Delayed_7 100 1 527 1
8 Delayed_8 41 2 515 1
8 Delayed_8 41 1 519 1
9 Delayed_9 23 1 391 1
9 Delayed_9 23 2 774 1
9 Delayed_9 64 1 399 1
9 Delayed_9 66 2 393 1
10 Delayed_10 20 1 239 1
10 Delayed_10 20 2 410 1
10 Delayed_10 82 1 415 1
10 Delayed_10 86 2 464 1
11 Delayed_11 41 1 642 1
11 Delayed_11 41 2 684 1
11 Delayed_11 78 1 693 1
11 Delayed_11 78 2 832 1
13 Delayed_13 6 1 314 1
13 Delayed_13 66 2 359 1
13 Delayed_13 69 1 278 1
13 Delayed_13 78 1 278 1
13 Delayed_13 78 2 621 1
14 Delayed_14 6 1 445 1
14 Delayed_14 8 2 402 1
14 Delayed_14 9 1 833 1
14 Delayed_14 49 2 454 1
14 Delayed_14 61 1 388 1
14 Delayed_14 70 2 439 1
14 Delayed_14 70 1 687 1
14 Delayed_14 85 2 767 1
14 Delayed_14 93 2 833 1
14 Delayed_14 95 1 665 1
14 Delayed_14 95 2 667 1
14 Delayed_14 100 1 652 1
14 Delayed_14 100 2 687 1
15 Delayed_15 20 1 646 1
15 Delayed_15 20 2 676 1
15 Delayed_15 66 2 591 1
15 Delayed_15 93 2 503 1
15 Delayed_15 93 1 676 1
15 Delayed_15 95 2 201 1
16 Delayed_16 53 2 515 1
16 Delayed_16 53 1 661 1
16 Delayed_16 61 1 450 1
16 Delayed_16 78 2 133 1
16 Delayed_16 100 1 298 1
16 Delayed_16 100 2 450 1
16 Delayed_16 100 1 452 1
18 Delayed_18 20 2 320 1
18 Delayed_18 20 1 694 1
18 Delayed_18 53 2 231 1
18 Delayed_18 53 1 261 1
18 Delayed_18 78 2 342 1
19 Delayed_19 19 2 115 1
19 Delayed_19 19 1 523 1
19 Delayed_19 23 2 412 1
19 Delayed_19 25 1 115 1
19 Delayed_19 67 1 553 1
19 Delayed_19 71 2 553 1
20 Delayed_20 19 1 680 1
20 Delayed_20 19 2 680 1
20 Delayed_20 25 1 680 1
20 Delayed_20 100 1 570 1
21 Delayed_21 100 2 165 1
21 Delayed_21 100 1 511 1
21 Delayed_21 100 1 653 1
22 Delayed_22 5 1 618 1
22 Delayed_22 33 1 618 1
22 Delayed_22 70 2 322 1
22 Delayed_22 71 2 448 1
22 Delayed_22 71 1 882 1
23 Delayed_23 64 1 356 1
23 Delayed_23 69 1 463 1
24 Delayed_24 33 1 376 1
24 Delayed_24 49 1 239 1
24 Delayed_24 49 2 366 1
24 Delayed_24 66 2 456 1
24 Delayed_24 71 1 430 1
24 Delayed_24 71 2 561 1
24 Delayed_24 86 2 623 1
24 Delayed_24 100 2 239 1
24 Delayed_24 100 1 372 1
25 Delayed_25 41 2 512 1
25 Delayed_25 46 2 270 1
25 Delayed_25 46 1 473 1
25 Delayed_25 66 2 601 1
25 Delayed_25 71 2 157 1
25 Delayed_25 83 1 375 1
26 Delayed_26 93 2 514 1
26 Delayed_26 100 1 361 1
26 Delayed_26 100 1 514 1
26 Delayed_26 100 2 803 1
27 Delayed_27 8 2 546 1
27 Delayed_27 100 1 462 1
29 Delayed_29 8 2 785 1
29 Delayed_29 70 2 657 1
29 Delayed_29 71 1 352 1
29 Delayed_29 71 2 455 1
29 Delayed_29 82 1 785 1
30 Delayed_30 5 1 639 1
30 Delayed_30 8 2 507 1
30 Delayed_30 20 2 182 1
30 Delayed_30 23 2 336 1
30 Delayed_30 53 2 344 1
30 Delayed_30 53 1 393 1
30 Delayed_30 100 1 351 1
30 Delayed_30 100 2 762 1
31 Delayed_31 19 2 315 1
31 Delayed_31 85 2 328 1
31 Delayed_31 85 1 516 1
31 Delayed_31 89 1 640 1
31 Delayed_31 89 2 876 1
31 Delayed_31 93 2 436 1
31 Delayed_31 100 1 640 1
31 Delayed_31 100 2 893 1
32 Delayed_32 8 2 520 1
32 Delayed_32 9 1 294 1
32 Delayed_32 41 2 635 1
32 Delayed_32 96 1 294 1
32 Delayed_32 100 1 718 1
33 Delayed_33 94 1 305 1
33 Delayed_33 100 1 673 1
34 Delayed_34 6 1 674 1
34 Delayed_34 70 2 674 1
34 Delayed_34 85 2 567 1
34 Delayed_34 85 1 682 1
34 Delayed_34 94 1 653 1
35 Delayed_35 8 2 425 1
35 Delayed_35 25 1 534 1
35 Delayed_35 46 2 345 1
35 Delayed_35 89 1 425 1
35 Delayed_35 89 2 534 1
35 Delayed_35 100 1 112 1
35 Delayed_35 100 2 429 1
35 Delayed_35 100 1 572 1
36 Delayed_36 71 2 231 1
36 Delayed_36 83 1 582 1
37 Delayed_37 46 2 318 1
37 Delayed_37 71 2 478 1
37 Delayed_37 85 2 336 1
37 Delayed_37 86 2 487 1
38 Delayed_38 41 2 117 1
39 Delayed_39 66 2 537 1
39 Delayed_39 82 1 476 1
40 Delayed_40 18 2 677 1
40 Delayed_40 40 2 635 1
40 Delayed_40 61 1 484 1
40 Delayed_40 66 2 442 1
40 Delayed_40 85 2 299 1
41 Delayed_41 6 1 659 1
41 Delayed_41 18 2 837 1
41 Delayed_41 53 2 668 1
41 Delayed_41 86 1 468 1
41 Delayed_41 86 2 482 1
41 Delayed_41 96 1 399 1
42 Delayed_42 5 1 351 1
42 Delayed_42 8 2 351 1
42 Delayed_42 100 1 413 1
44 Delayed_44 49 2 247 1
44 Delayed_44 66 2 503 1
44 Delayed_44 70 1 690 1
44 Delayed_44 70 2 796 1
44 Delayed_44 93 1 335 1
44 Delayed_44 93 2 398 1
44 Delayed_44 96 1 341 1
45 Delayed_45 20 2 345 1
45 Delayed_45 20 1 503 1
45 Delayed_45 23 1 116 1
45 Delayed_45 23 2 673 1
45 Delayed_45 33 1 680 1
45 Delayed_45 66 2 764 1
45 Delayed_45 71 2 507 1
45 Delayed_45 100 1 351 1
45 Delayed_45 100 2 366 1
45 Delayed_45 100 1 680 1
46 Delayed_46 19 2 515 1
48 Delayed_48 85 1 455 1
48 Delayed_48 85 2 667 1
48 Delayed_48 95 1 455 1
48 Delayed_48 95 2 634 1
48 Delayed_48 100 1 665 1
49 Delayed_49 71 1 333 1
49 Delayed_49 71 2 394 1
49 Delayed_49 78 2 507 1
49 Delayed_49 100 1 406 1
50 Delayed_50 18 2 253 1
50 Delayed_50 67 1 436 1
50 Delayed_50 86 2 522 1
50 Delayed_50 86 1 879 1
50 Delayed_50 100 1 323 1
51 Delayed_51 47 1 355 1
51 Delayed_51 49 2 352 1
51 Delayed_51 70 2 520 1
51 Delayed_51 83 1 111 1
51 Delayed_51 86 2 425 1
52 Delayed_52 82 1 623 1
53 Delayed_53 18 2 232 1
53 Delayed_53 18 1 711 1
53 Delayed_53 20 2 325 1
53 Delayed_53 20 1 393 1
53 Delayed_53 33 1 683 1
53 Delayed_53 40 2 509 1
53 Delayed_53 40 1 682 1
53 Delayed_53 53 2 238 1
53 Delayed_53 53 1 683 1
53 Delayed_53 66 2 798 1
54 Delayed_54 46 1 446 1
54 Delayed_54 46 2 595 1
54 Delayed_54 70 1 446 1
54 Delayed_54 70 2 698 1
54 Delayed_54 78 1 373 1
54 Delayed_54 78 2 479 1
55 Delayed_55 18 2 576 1
55 Delayed_55 19 1 253 1
55 Delayed_55 19 2 592 1
55 Delayed_55 69 1 253 1
55 Delayed_55 100 2 253 1
55 Delayed_55 100 1 545 1
55 Delayed_55 100 1 598 1
56 Delayed_56 41 2 335 1
56 Delayed_56 86 2 188 1
56 Delayed_56 100 1 546 1
57 Delayed_57 18 2 392 1
57 Delayed_57 40 2 304 1
57 Delayed_57 61 1 450 1
57 Delayed_57 64 1 669 1
57 Delayed_57 67 1 314 1
57 Delayed_57 85 2 256 1
58 Delayed_58 85 2 237 1
58 Delayed_58 86 2 450 1
58 Delayed_58 86 1 516 1
59 Delayed_59 50 1 634 1
59 Delayed_59 78 2 332 1
60 Delayed_60 71 2 335 1
60 Delayed_60 71 1 356 1
60 Delayed_60 100 2 490 1
61 Delayed_61 49 2 504 1
61 Delayed_61 70 1 200 1
61 Delayed_61 70 2 283 1
61 Delayed_61 100 1 302 1
62 Delayed_62 18 2 120 1
62 Delayed_62 18 1 514 1
62 Delayed_62 46 2 381 1
62 Delayed_62 70 2 675 1
62 Delayed_62 85 2 325 1
62 Delayed_62 85 1 675 1
63 Delayed_63 82 1 413 1
64 Delayed_64 53 2 667 1
64 Delayed_64 70 2 427 1
65 Delayed_65 66 2 295 1
65 Delayed_65 100 1 480 1
65 Delayed_65 100 2 559 1
66 Delayed_66 8 2 343 1
66 Delayed_66 67 1 328 1
66 Delayed_66 100 1 627 1
67 Delayed_67 47 1 237 1
67 Delayed_67 50 1 641 1
68 Delayed_68 5 1 549 1
68 Delayed_68 89 2 484 1
68 Delayed_68 93 2 396 1
68 Delayed_68 93 1 504 1
68 Delayed_68 100 1 621 1
69 Delayed_69 47 1 410 1
69 Delayed_69 78 2 427 1
70 Delayed_70 70 2 277 1
70 Delayed_70 70 1 628 1
70 Delayed_70 71 2 435 1
70 Delayed_70 95 2 433 1
70 Delayed_70 100 2 364 1
70 Delayed_70 100 1 653 1
70 Delayed_70 100 1 690 1
71 Delayed_71 100 1 389 1
71 Delayed_71 100 1 530 1
71 Delayed_71 100 2 806 1
72 Delayed_72 19 2 384 1
72 Delayed_72 20 2 240 1
72 Delayed_72 66 2 592 1
72 Delayed_72 85 2 415 1
72 Delayed_72 100 1 370 1
73 Delayed_73 23 2 570 1
73 Delayed_73 40 2 457 1
73 Delayed_73 40 1 517 1
73 Delayed_73 89 2 683 1
74 Delayed_74 93 2 490 1
74 Delayed_74 100 1 323 1
75 Delayed_75 78 2 373 1
75 Delayed_75 78 1 814 1
76 Delayed_76 66 2 258 1
76 Delayed_76 70 2 550 1
76 Delayed_76 85 2 190 1
77 Delayed_77 23 2 540 1
77 Delayed_77 23 1 693 1
77 Delayed_77 49 2 298 1
77 Delayed_77 49 1 497 1
77 Delayed_77 66 2 346 1
77 Delayed_77 85 1 366 1
77 Delayed_77 85 2 693 1
77 Delayed_77 86 2 414 1
77 Delayed_77 100 2 354 1
78 Delayed_78 100 1 650 1
79 Delayed_79 19 2 663 1
79 Delayed_79 61 1 678 1
79 Delayed_79 100 1 258 1
79 Delayed_79 100 2 515 1
79 Delayed_79 100 1 667 1
80 Delayed_80 33 1 545 1
80 Delayed_80 46 2 496 1
80 Delayed_80 86 2 247 1
80 Delayed_80 86 1 659 1
80 Delayed_80 89 2 330 1
80 Delayed_80 89 1 625 1
81 Delayed_81 70 1 434 1
81 Delayed_81 70 2 434 1
81 Delayed_81 86 2 145 1
81 Delayed_81 86 1 491 1
81 Delayed_81 89 2 372 1
82 Delayed_82 25 1 296 1
82 Delayed_82 33 1 432 1
82 Delayed_82 41 2 325 1
82 Delayed_82 83 1 321 1
82 Delayed_82 85 1 413 1
82 Delayed_82 85 2 517 1
82 Delayed_82 86 2 523 1
82 Delayed_82 96 1 434 1
83 Delayed_83 5 1 471 1
83 Delayed_83 18 2 416 1
83 Delayed_83 100 1 682 1
84 Delayed_84 18 2 248 1
85 Delayed_85 41 2 248 1
85 Delayed_85 71 2 167 1
85 Delayed_85 71 1 590 1
85 Delayed_85 83 1 531 1
85 Delayed_85 100 1 289 1
86 Delayed_86 20 2 230 1
86 Delayed_86 49 1 390 1
86 Delayed_86 49 2 663 1
86 Delayed_86 94 1 508 1
87 Delayed_87 8 2 298 1
87 Delayed_87 53 2 533 1
87 Delayed_87 53 1 741 1
87 Delayed_87 64 1 588 1
87 Delayed_87 66 2 332 1
87 Delayed_87 100 1 687 1
88 Delayed_88 6 1 504 1
88 Delayed_88 8 2 461 1
88 Delayed_88 23 2 593 1
88 Delayed_88 23 1 672 1
88 Delayed_88 100 1 485 1
89 Delayed_89 53 1 429 1
89 Delayed_89 53 2 445 1
89 Delayed_89 64 1 673 1
89 Delayed_89 100 1 685 1
90 Delayed_90 25 1 151 1
90 Delayed_90 71 2 389 1
90 Delayed_90 95 2 446 1
91 Delayed_91 78 2 328 1
91 Delayed_91 100 1 353 1
91 Delayed_91 100 1 400 1
91 Delayed_91 100 2 470 1
92 Delayed_92 6 1 403 1
92 Delayed_92 23 2 368 1
92 Delayed_92 95 1 670 1
92 Delayed_92 95 2 704 1
92 Delayed_92 100 1 348 1
92 Delayed_92 100 2 768 1
93 Delayed_93 8 2 393 1
93 Delayed_93 9 1 586 1
93 Delayed_93 33 1 562 1
93 Delayed_93 41 2 333 1
93 Delayed_93 41 1 545 1
93 Delayed_93 64 1 276 1
93 Delayed_93 70 2 768 1
93 Delayed_93 70 1 782 1
93 Delayed_93 95 2 508 1
94 Delayed_94 83 1 555 1
94 Delayed_94 100 1 442 1
95 Delayed_95 8 1 343 1
95 Delayed_95 8 2 675 1
95 Delayed_95 23 1 483 1
95 Delayed_95 23 2 545 1
95 Delayed_95 40 2 256 1
95 Delayed_95 61 1 403 1
95 Delayed_95 70 2 309 1
95 Delayed_95 70 1 809 1
95 Delayed_95 95 2 274 1
95 Delayed_95 95 1 364 1
95 Delayed_95 100 2 492 1
95 Delayed_95 100 1 545 1
96 Delayed_96 5 1 603 1
96 Delayed_96 33 1 443 1
96 Delayed_96 83 1 443 1
96 Delayed_96 95 2 127 1
96 Delayed_96 100 1 653 1
97 Delayed_97 9 1 522 1
97 Delayed_97 69 1 389 1
97 Delayed_97 86 2 593 1
98 Delayed_98 5 1 492 1
98 Delayed_98 8 2 396 1
98 Delayed_98 19 1 367 1
98 Delayed_98 19 2 372 1
98 Delayed_98 20 2 302 1
98 Delayed_98 25 1 372 1
98 Delayed_98 69 1 415 1
98 Delayed_98 78 2 351 1
98 Delayed_98 89 2 676 1
99 Delayed_99 8 2 671 1
99 Delayed_99 40 2 592 1
99 Delayed_99 41 1 235 1
99 Delayed_99 41 2 504 1
99 Delayed_99 61 1 701 1
99 Delayed_99 69 1 662 1
99 Delayed_99 100 2 451 1
100 Delayed_100 8 2 178 1
100 Delayed_100 85 2 320 1
100 Delayed_100 85 1 681 1
101 Delayed_101 40 2 302 1
101 Delayed_101 40 1 463 1
101 Delayed_101 53 2 510 1
101 Delayed_101 100 1 424 1
102 Delayed_102 100 1 448 1
103 Delayed_103 89 2 241 1
103 Delayed_103 89 1 716 1
105 Delayed_105 9 1 405 1
105 Delayed_105 66 2 840 1
105 Delayed_105 71 1 436 1
105 Delayed_105 71 2 463 1
105 Delayed_105 82 1 463 1
105 Delayed_105 100 2 448 1
105 Delayed_105 100 1 840 1
106 Delayed_106 23 2 619 1
107 Delayed_107 23 1 247 1
107 Delayed_107 23 2 285 1
107 Delayed_107 49 2 308 1
107 Delayed_107 95 2 537 1
107 Delayed_107 95 1 672 1
108 Delayed_108 49 2 256 1
108 Delayed_108 67 1 420 1
108 Delayed_108 96 1 495 1
108 Delayed_108 100 1 495 1
109 Delayed_109 18 2 682 1
109 Delayed_109 50 1 841 1
109 Delayed_109 69 1 361 1
109 Delayed_109 71 2 417 1
109 Delayed_109 78 2 209 1
109 Delayed_109 82 1 518 1
109 Delayed_109 85 2 841 1
109 Delayed_109 86 2 557 1
109 Delayed_109 89 2 314 1
109 Delayed_109 95 2 354 1
109 Delayed_109 100 1 691 1
110 Delayed_110 6 1 389 1
110 Delayed_110 66 2 266 1
110 Delayed_110 95 2 336 1
112 Delayed_112 6 1 570 1
112 Delayed_112 61 1 570 1
112 Delayed_112 86 2 601 1
113 Delayed_113 49 1 702 1
113 Delayed_113 71 2 339 1
113 Delayed_113 100 1 635 1
114 Delayed_114 18 2 671 1
114 Delayed_114 19 2 153 1
114 Delayed_114 19 1 691 1
114 Delayed_114 71 1 447 1
114 Delayed_114 71 2 453 1
114 Delayed_114 100 1 337 1
115 Delayed_115 64 1 664 1
115 Delayed_115 71 2 341 1
115 Delayed_115 100 1 527 1
116 Delayed_116 100 2 548 1
117 Delayed_117 9 1 436 1
117 Delayed_117 18 2 671 1
117 Delayed_117 64 1 443 1
117 Delayed_117 95 2 504 1
117 Delayed_117 100 2 368 1
117 Delayed_117 100 1 523 1
117 Delayed_117 100 1 688 1
119 Delayed_119 8 2 525 1
119 Delayed_119 66 2 636 1
119 Delayed_119 70 2 184 1
119 Delayed_119 71 1 510 1
119 Delayed_119 71 2 579 1
119 Delayed_119 100 2 401 1
120 Delayed_120 49 2 379 1
120 Delayed_120 49 1 443 1
120 Delayed_120 50 1 341 1
120 Delayed_120 89 2 151 1
120 Delayed_120 89 1 523 1
120 Delayed_120 94 1 556 1
120 Delayed_120 95 2 549 1
120 Delayed_120 100 2 288 1
120 Delayed_120 100 1 442 1
120 Delayed_120 100 1 556 1
121 Delayed_121 9 1 840 1
121 Delayed_121 20 2 582 1
121 Delayed_121 46 2 439 1
122 Delayed_122 19 2 493 1
122 Delayed_122 23 2 341 1
122 Delayed_122 89 2 662 1
123 Delayed_123 19 2 425 1
123 Delayed_123 33 1 477 1
123 Delayed_123 49 2 631 1
123 Delayed_123 50 1 290 1
124 Delayed_124 46 2 788 1
124 Delayed_124 49 2 373 1
124 Delayed_124 67 1 443 1
124 Delayed_124 71 1 435 1
124 Delayed_124 71 2 592 1
124 Delayed_124 89 2 405 1
124 Delayed_124 89 1 788 1
124 Delayed_124 96 1 418 1
125 Delayed_125 9 1 676 1
125 Delayed_125 18 2 435 1
125 Delayed_125 18 1 676 1
125 Delayed_125 19 2 375 1
125 Delayed_125 46 2 325 1
125 Delayed_125 46 1 646 1
125 Delayed_125 50 1 510 1
125 Delayed_125 66 2 273 1
125 Delayed_125 78 2 442 1
125 Delayed_125 83 1 315 1
125 Delayed_125 94 1 442 1
125 Delayed_125 100 1 293 1
125 Delayed_125 100 2 676 1
126 Delayed_126 19 1 521 1
126 Delayed_126 19 2 563 1
126 Delayed_126 100 1 155 1
127 Delayed_127 19 2 452 1
127 Delayed_127 25 1 551 1
127 Delayed_127 47 1 505 1
127 Delayed_127 66 2 693 1
127 Delayed_127 86 2 568 1
127 Delayed_127 100 2 247 1
127 Delayed_127 100 1 453 1
127 Delayed_127 100 1 638 1
128 Delayed_128 18 1 262 1
128 Delayed_128 18 2 689 1
128 Delayed_128 23 2 796 1
128 Delayed_128 49 2 284 1
128 Delayed_128 66 2 417 1
128 Delayed_128 100 1 262 1
128 Delayed_128 100 1 365 1
128 Delayed_128 100 2 365 1
129 Delayed_129 9 1 373 1
129 Delayed_129 40 1 346 1
129 Delayed_129 40 2 419 1
129 Delayed_129 89 1 401 1
129 Delayed_129 89 2 504 1
130 Delayed_130 41 2 448 1
130 Delayed_130 41 1 625 1
131 Delayed_131 20 2 663 1
131 Delayed_131 41 2 659 1
131 Delayed_131 94 1 293 1
132 Delayed_132 78 2 300 1
133 Delayed_133 18 1 448 1
133 Delayed_133 18 2 527 1
133 Delayed_133 25 1 652 1
133 Delayed_133 46 2 548 1
133 Delayed_133 86 2 382 1
133 Delayed_133 86 1 492 1
133 Delayed_133 100 1 492 1
134 Delayed_134 23 2 451 1
134 Delayed_134 23 1 653 1
134 Delayed_134 66 2 411 1
134 Delayed_134 100 1 371 1
134 Delayed_134 100 2 635 1
134 Delayed_134 100 1 768 1
135 Delayed_135 8 2 358 1
135 Delayed_135 49 1 482 1
135 Delayed_135 49 2 514 1
135 Delayed_135 64 1 450 1
135 Delayed_135 78 1 465 1
135 Delayed_135 78 2 677 1
135 Delayed_135 85 2 275 1
135 Delayed_135 100 2 245 1
135 Delayed_135 100 1 444 1
136 Delayed_136 5 1 389 1
136 Delayed_136 89 1 265 1
136 Delayed_136 89 2 673 1
136 Delayed_136 100 1 328 1
136 Delayed_136 100 1 344 1
136 Delayed_136 100 2 684 1
137 Delayed_137 40 2 791 1
137 Delayed_137 93 2 343 1
137 Delayed_137 93 1 409 1
137 Delayed_137 100 1 159 1
138 Delayed_138 46 2 747 1
138 Delayed_138 67 1 278 1
138 Delayed_138 89 2 239 1
138 Delayed_138 100 1 239 1
138 Delayed_138 100 1 498 1
138 Delayed_138 100 2 697 1
139 Delayed_139 53 2 436 1
139 Delayed_139 67 1 688 1
139 Delayed_139 85 1 427 1
139 Delayed_139 85 2 703 1
140 Delayed_140 6 1 810 1
140 Delayed_140 8 2 322 1
140 Delayed_140 94 1 439 1
141 Delayed_141 23 1 449 1
141 Delayed_141 23 2 649 1
141 Delayed_141 41 2 434 1
141 Delayed_141 46 2 684 1
141 Delayed_141 64 1 504 1
141 Delayed_141 100 1 526 1
142 Delayed_142 46 2 433 1
142 Delayed_142 49 2 435 1
142 Delayed_142 85 1 472 1
142 Delayed_142 85 2 515 1
142 Delayed_142 86 2 479 1
142 Delayed_142 93 2 693 1
142 Delayed_142 96 1 365 1
143 Delayed_143 40 2 553 1
143 Delayed_143 40 1 672 1
143 Delayed_143 67 1 519 1
143 Delayed_143 70 2 697 1
143 Delayed_143 85 2 741 1
144 Delayed_144 25 1 418 1
144 Delayed_144 94 1 643 1
144 Delayed_144 96 1 803 1
145 Delayed_145 9 1 800 1
145 Delayed_145 49 2 654 1
145 Delayed_145 66 2 502 1
145 Delayed_145 82 1 414 1
145 Delayed_145 95 1 654 1
145 Delayed_145 95 2 765 1
146 Delayed_146 41 2 360 1
146 Delayed_146 66 2 823 1
146 Delayed_146 94 1 425 1
146 Delayed_146 96 1 485 1
146 Delayed_146 100 2 376 1
146 Delayed_146 100 1 424 1
147 Delayed_147 41 2 329 1
147 Delayed_147 41 1 508 1
147 Delayed_147 69 1 566 1
148 Delayed_148 6 1 806 1
148 Delayed_148 8 2 640 1
148 Delayed_148 8 1 806 1
148 Delayed_148 53 1 625 1
148 Delayed_148 53 2 806 1
148 Delayed_148 70 1 506 1
148 Delayed_148 70 2 671 1
148 Delayed_148 85 2 498 1
148 Delayed_148 100 1 744 1
149 Delayed_149 53 2 640 1
150 Delayed_150 8 2 343 1
150 Delayed_150 18 1 514 1
150 Delayed_150 18 2 670 1
150 Delayed_150 20 1 439 1
150 Delayed_150 20 2 816 1
150 Delayed_150 49 2 776 1
150 Delayed_150 53 2 705 1
150 Delayed_150 95 2 411 1
150 Delayed_150 100 1 429 1
150 Delayed_150 100 1 696 1
150 Delayed_150 100 2 718 1
