0 0 0 0 0 0 0 13 0 0 0 0 0 0 0 0 0 0 0 0 0 0 0 0 0 0 0 0 0 0 0 0 0 0 0 0 0 0 0 0 0 0 0 0 0 0 1 0 1 0 6 0 21 0 0 3 0 0 0 0 0 0 0 0 0 0 0 0 3 4 3 0 0 0 0 10 0 0 0 25 0 0 0 0 3 4 0 0 0 9 0 0 0 9 0 0 12 0 3 1 0 0 0 6 0 0 4 0 18 27 12 0 0 0 0 0 0 0 18 0 1 15 0 24 0 0 0 0 0 0 1 0 0 12 0 0 0 30 0 0 0 0 0 0 0 0 0 0 0 0 0 0 0 0 0 0 0 0 0 0 0 0 0 0 0 0 0 0 
0 0 0 0 0 0 0 0 0 3 0 0 0 0 0 0 0 0 0 0 0 0 0 0 0 0 0 0 0 0 0 0 0 0 0 0 0 0 0 0 0 0 0 0 0 0 30 0 0 0 0 0 0 0 0 0 0 3 0 0 0 0 0 0 0 0 3 0 0 9 0 0 0 0 19 0 0 0 0 0 0 0 24 4 0 0 0 0 0 0 25 0 18 0 0 0 0 0 0 0 0 0 0 0 12 15 0 0 6 0 0 3 3 0 0 0 0 0 0 0 10 0 0 12 0 0 0 0 0 0 0 0 0 0 0 0 0 0 0 0 0 0 0 0 0 0 1 0 0 0 0 0 9 0 0 0 0 0 0 0 0 0 0 15 0 0 0 0 
0 0 0 0 0 0 0 0 0 0 0 0 0 0 0 0 0 0 0 0 0 0 0 0 0 0 0 0 0 0 0 0 0 0 0 0 6 0 0 0 0 24 0 0 0 0 0 12 0 0 0 0 0 0 0 6 0 0 3 0 0 0 0 0 0 0 0 1 9 0 15 0 6 0 0 0 0 1 0 19 0 0 0 0 1 0 16 0 0 0 24 0 0 0 0 0 0 0 0 0 0 0 0 4 0 1 0 0 0 0 6 0 0 15 0 0 0 0 0 0 0 0 0 3 0 0 0 0 0 0 0 0 0 0 0 0 0 0 0 0 0 0 0 0 0 0 0 0 0 0 0 0 0 3 0 0 0 0 0 0 0 0 0 15 0 0 0 0 
0 0 0 0 0 0 0 0 0 0 0 0 0 0 0 0 0 0 0 0 0 0 0 0 0 0 0 18 0 0 0 0 1 0 0 12 0 0 0 0 0 0 3 0 0 0 10 0 0 3 0 0 0 0 0 0 0 6 0 0 0 13 0 0 0 0 0 0 0 0 0 0 0 22 0 0 0 0 0 4 0 0 0 0 0 0 0 0 0 1 0 0 3 15 0 0 3 0 0 9 0 0 0 0 0 12 1 0 0 10 0 13 0 0 6 0 0 15 0 0 0 0 0 0 18 0 0 0 0 0 0 0 0 0 0 33 0 0 0 0 0 0 0 0 0 0 0 0 3 0 0 0 0 0 0 0 0 0 0 0 0 0 0 0 7 0 0 0 
0 0 0 0 0 0 0 0 0 0 0 0 0 0 0 0 0 0 0 0 0 0 0 0 0 0 0 0 0 0 0 0 0 0 0 0 0 0 6 0 0 0 0 0 0 0 0 0 0 0 0 0 1 21 3 0 10 0 9 0 0 27 1 0 0 0 0 0 0 0 0 0 0 0 0 0 0 0 0 0 0 0 0 0 0 0 0 0 0 0 15 0 0 0 0 0 0 0 10 0 0 0 4 0 3 0 0 0 24 3 0 0 0 0 0 0 0 9 12 0 0 1 0 7 0 0 0 0 0 0 0 0 0 1 0 0 0 0 0 0 0 0 0 3 0 0 0 0 0 0 0 0 0 6 0 0 0 0 0 0 0 0 0 0 0 0 0 0 
0 0 0 0 0 0 0 0 0 0 0 0 0 0 0 0 0 0 0 0 0 0 0 0 0 0 0 0 9 0 0 0 0 0 0 0 0 0 0 0 0 0 0 3 1 0 0 0 0 0 0 18 0 0 0 0 0 0 0 0 0 0 0 0 7 0 16 12 7 0 0 0 6 0 0 0 0 0 0 1 0 0 0 0 0 0 0 1 0 0 0 0 0 0 0 9 0 0 0 0 3 9 0 0 22 0 22 0 0 3 0 0 9 0 0 0 0 0 7 0 0 3 3 3 15 0 0 0 0 0 0 0 0 0 0 0 21 0 0 0 0 0 0 0 0 0 0 0 0 0 0 0 0 0 0 0 0 0 0 0 0 0 0 0 0 0 0 0 
0 0 0 0 0 0 0 0 0 0 0 0 0 0 0 0 0 0 0 0 28 0 0 0 0 0 0 0 0 0 0 0 0 0 0 0 0 0 0 0 0 0 0 0 0 0 0 0 0 0 0 18 0 0 3 0 0 0 0 0 0 27 21 0 3 0 0 12 0 0 0 0 0 22 1 9 0 0 0 0 12 1 0 6 0 0 0 0 1 0 0 0 0 0 0 0 3 7 0 0 0 0 0 12 0 19 4 0 0 0 6 0 0 0 0 0 0 0 0 0 0 0 0 0 3 0 0 0 12 28 0 24 0 0 0 27 3 0 1 0 0 0 0 0 0 0 0 0 0 0 0 0 0 0 0 0 0 0 0 0 0 0 0 0 0 0 0 0 
0 0 0 0 0 0 0 0 0 0 0 0 0 0 0 0 0 0 0 0 0 0 0 0 0 0 0 0 0 0 0 0 0 0 0 0 0 0 0 0 0 3 0 0 0 0 0 7 0 0 0 0 0 0 0 0 0 0 0 0 0 0 0 12 0 0 0 0 0 0 0 0 4 0 0 0 0 0 0 4 7 0 6 0 16 0 0 0 16 0 0 0 0 0 0 0 0 0 9 0 0 9 0 0 0 0 0 0 0 0 1 0 0 10 0 0 0 0 12 0 0 4 0 0 0 0 0 0 0 0 0 0 0 1 0 0 0 0 0 0 0 0 15 0 0 0 0 30 0 0 0 21 0 0 0 0 0 0 0 0 0 0 0 0 0 0 0 0 
0 0 0 0 0 0 0 0 0 0 0 0 0 0 0 0 0 0 0 0 0 0 0 0 19 0 6 0 0 0 0 0 0 0 0 0 0 0 0 0 0 0 0 0 0 0 0 0 0 0 1 0 3 0 0 0 0 7 0 0 0 0 0 3 0 0 0 1 0 0 0 0 0 0 4 0 0 0 0 0 0 0 3 0 0 10 0 0 0 7 0 0 0 0 3 15 0 15 0 1 7 0 0 0 0 15 0 0 0 0 0 0 19 0 0 0 0 0 10 1 0 6 0 0 16 4 0 0 0 0 0 10 0 0 0 0 0 0 0 0 0 0 0 0 0 0 0 0 0 0 0 0 0 0 0 0 0 0 0 0 0 0 0 0 0 0 0 0 
0 0 0 0 0 0 0 0 0 0 0 0 0 0 6 0 0 25 0 0 0 0 0 0 0 0 0 0 0 9 0 0 0 0 0 3 15 0 0 0 0 0 0 0 0 0 0 0 0 0 0 6 0 0 0 0 0 0 0 0 1 0 3 1 0 0 0 0 4 0 0 0 4 0 0 0 0 0 0 0 0 0 0 0 0 0 1 27 0 3 0 0 0 0 0 0 0 0 0 6 4 3 0 0 3 6 0 0 0 0 0 0 18 0 0 0 4 0 0 0 30 0 0 0 0 9 30 0 0 0 3 0 21 0 0 0 0 0 0 0 0 0 0 0 0 0 0 0 0 0 25 0 0 0 0 0 0 0 0 0 0 0 0 0 0 0 0 0 
0 0 0 0 0 0 0 0 0 0 0 0 0 0 0 0 0 0 0 0 0 0 0 0 0 0 0 0 0 0 3 0 0 0 0 0 0 0 0 0 0 0 12 4 0 0 0 0 0 0 0 0 0 0 0 16 0 4 0 0 0 0 0 0 0 0 0 3 0 0 0 0 0 0 0 0 0 9 0 9 0 0 0 0 0 0 0 10 0 0 0 1 0 0 0 0 0 0 3 10 0 0 0 21 0 0 0 0 0 0 0 0 16 0 0 0 0 0 6 0 0 0 0 0 0 0 15 0 0 0 0 0 0 0 0 0 0 0 0 0 0 0 0 0 0 0 0 0 0 0 0 0 0 0 0 0 0 0 0 0 0 0 0 0 0 0 0 0 
0 0 0 0 0 0 9 0 0 0 0 0 0 0 0 0 0 0 0 0 0 0 0 0 0 0 0 0 0 0 0 0 0 0 1 0 0 0 0 22 9 10 0 24 0 0 0 0 0 0 12 0 0 0 0 0 0 0 0 0 0 0 0 0 0 0 21 19 0 0 0 0 0 0 0 0 0 0 0 0 13 0 3 0 0 0 3 0 24 0 0 0 0 3 0 0 21 0 18 0 0 0 0 16 12 4 0 0 0 0 27 0 0 0 0 0 0 0 0 0 0 0 0 0 0 0 0 0 28 0 0 0 0 0 0 0 1 0 0 0 0 9 0 0 0 0 0 0 0 0 0 0 0 0 0 0 0 0 0 0 0 0 0 0 0 0 0 0 
0 0 0 0 0 0 0 0 0 0 1 0 0 0 0 0 0 0 0 0 0 0 0 0 0 0 0 36 0 0 0 0 0 0 0 0 0 0 0 0 0 0 3 0 0 0 0 0 0 0 0 0 0 0 0 0 4 3 3 0 0 0 0 0 0 0 0 0 0 18 0 0 0 0 0 21 0 7 0 0 9 12 6 0 0 7 1 0 15 0 0 0 0 0 0 0 0 0 0 0 0 0 0 0 0 25 0 0 24 30 0 0 1 3 0 0 0 0 0 1 0 0 0 0 0 0 0 0 0 0 0 0 0 0 0 0 0 0 0 6 0 0 0 0 0 0 0 0 0 0 0 0 0 0 0 0 0 0 0 0 0 0 0 0 0 0 0 0 
0 0 0 0 0 0 0 0 0 0 0 0 0 0 0 0 0 0 0 0 0 0 0 0 0 0 0 0 0 0 0 0 6 0 0 16 0 0 0 0 0 3 0 0 0 0 0 0 0 0 0 15 0 12 0 27 0 0 0 0 0 0 0 0 0 0 3 0 4 4 0 0 10 4 1 0 0 0 0 0 0 0 0 0 0 0 1 0 0 0 0 0 0 0 0 0 0 1 9 0 0 0 6 0 1 0 0 0 0 0 0 0 0 0 15 0 0 12 0 0 0 0 0 0 0 0 0 31 0 0 0 15 0 3 0 0 0 0 0 0 0 0 0 0 0 7 0 0 0 0 0 0 0 0 0 0 0 0 0 0 0 0 0 0 0 0 0 0 
0 0 0 0 0 0 0 0 0 0 0 0 0 0 0 4 0 0 0 0 0 0 0 0 0 0 1 0 6 0 0 6 0 0 0 0 0 0 0 0 4 0 0 0 0 0 0 0 0 0 22 0 0 0 0 0 0 0 0 0 0 0 0 1 0 0 0 0 10 15 3 12 9 0 0 0 0 0 0 0 0 0 15 7 0 0 0 3 0 0 27 0 0 6 0 9 0 0 0 0 0 0 0 0 0 0 0 0 0 16 0 0 12 0 0 0 0 0 0 0 0 1 6 4 0 0 0 0 0 0 0 0 0 0 0 0 0 0 0 0 0 0 0 0 0 0 0 0 0 0 0 0 0 0 0 0 0 0 0 0 0 0 0 0 0 0 0 0 
0 0 0 0 0 0 0 0 0 0 0 0 0 0 0 0 0 0 0 0 0 0 0 0 0 0 0 0 0 0 0 0 0 0 1 0 0 0 0 0 0 0 9 0 0 0 0 21 0 0 0 0 0 0 0 0 1 0 6 6 3 0 0 0 0 0 15 0 0 0 0 0 0 0 0 9 0 1 0 3 0 0 0 0 0 0 15 0 0 0 0 0 0 0 0 0 1 0 3 0 0 0 0 3 0 0 0 0 0 0 0 0 0 0 0 0 0 3 10 0 0 0 0 0 0 10 9 0 0 0 0 0 0 0 0 0 0 0 0 16 0 0 0 0 0 0 0 0 0 0 0 0 0 0 0 0 0 0 0 0 0 0 0 0 0 0 105 0 
0 0 0 0 0 0 0 0 0 0 0 0 0 0 0 0 0 0 0 0 0 0 0 0 0 0 0 0 0 0 0 0 0 0 3 0 0 0 0 0 21 0 0 0 9 0 0 0 0 0 3 0 0 12 0 0 0 0 0 0 0 0 1 0 0 0 0 0 0 0 0 0 0 0 0 0 0 9 0 0 0 0 0 4 0 0 4 3 0 0 0 0 0 0 24 0 0 0 0 0 0 0 0 0 0 15 0 0 0 0 0 1 0 0 0 0 0 0 0 9 0 0 0 0 0 0 0 0 0 0 3 0 0 0 0 0 0 0 0 0 0 0 0 0 0 0 0 0 0 0 0 0 0 0 0 0 0 0 0 0 0 0 0 0 0 0 0 0 
0 0 0 0 0 0 0 0 0 0 0 0 0 0 0 0 0 0 0 0 0 0 0 0 0 0 0 0 0 0 0 6 0 0 0 0 30 0 24 0 0 0 0 0 0 0 0 0 0 4 0 0 0 0 6 0 3 0 9 0 0 12 0 3 6 0 6 0 3 0 0 0 24 0 0 18 3 0 15 21 0 0 22 1 0 1 0 0 1 0 0 1 0 0 0 0 0 0 0 22 18 0 0 6 13 7 0 0 9 0 0 4 0 0 0 7 0 3 0 0 9 3 4 0 0 0 0 0 0 0 33 0 0 0 0 0 0 0 0 0 0 0 0 0 0 0 0 0 0 0 0 0 0 0 0 0 0 0 0 0 0 0 0 0 0 0 0 0 
0 0 0 0 0 0 0 0 0 0 0 24 0 0 0 0 0 0 0 0 0 0 0 0 0 0 4 0 0 0 0 0 0 0 0 0 0 0 0 10 0 0 0 0 0 0 0 3 0 0 0 0 0 0 0 0 0 0 0 0 1 0 0 0 0 0 0 0 0 0 0 0 4 0 19 0 0 1 0 6 0 0 0 0 0 0 1 9 0 0 0 0 0 0 0 13 0 0 0 0 7 0 0 0 0 0 4 0 0 0 0 0 0 0 0 0 0 0 1 0 0 0 0 0 0 0 1 0 0 0 0 3 0 30 0 0 0 0 0 0 6 0 25 0 0 0 0 0 0 0 0 0 0 0 0 0 0 0 0 0 0 0 0 0 0 0 0 0 
0 0 0 0 0 0 0 0 0 0 0 0 0 13 0 0 0 0 0 0 0 0 0 0 0 0 0 0 0 0 0 0 0 0 0 0 15 0 3 0 9 0 0 0 0 0 0 1 0 0 0 0 0 0 0 22 0 0 0 0 0 0 0 3 6 9 21 0 0 0 4 25 0 0 0 0 0 0 0 0 0 3 0 0 0 7 0 13 0 1 0 24 0 0 0 4 1 0 0 0 4 0 0 1 0 0 6 0 0 0 0 0 0 0 0 0 0 0 0 3 6 4 0 0 0 0 0 0 0 0 0 0 1 0 3 0 0 27 0 0 0 0 0 0 0 0 0 0 0 0 0 0 0 0 0 0 0 0 0 0 0 0 0 0 0 0 0 0 
0 0 0 0 0 0 0 0 0 0 0 0 0 0 0 1 0 0 0 0 0 0 0 0 0 0 0 0 0 0 0 0 0 0 0 0 0 0 0 0 0 0 0 3 0 0 0 0 0 0 0 13 1 0 0 0 0 0 0 0 0 0 0 0 0 1 1 0 0 0 0 0 0 3 0 0 0 0 10 0 13 0 7 1 0 0 0 0 4 0 9 0 0 13 0 0 0 4 0 4 7 0 0 0 0 0 7 1 0 0 0 0 16 0 0 0 0 0 0 0 1 0 0 4 0 0 0 0 0 0 0 0 0 0 0 3 0 0 0 0 0 0 0 0 0 0 0 0 0 0 0 0 0 0 0 0 0 0 0 0 0 0 0 0 0 0 0 0 
0 0 0 0 0 0 0 0 0 0 0 0 0 0 0 0 0 0 0 0 0 0 0 0 0 0 0 0 0 0 0 0 4 0 0 0 0 0 0 0 0 0 0 0 9 0 4 0 0 0 0 0 0 9 9 1 0 0 0 0 0 0 0 0 0 0 0 6 0 4 0 0 0 0 0 0 4 0 12 0 0 6 0 15 0 0 0 3 0 0 0 0 0 0 0 10 0 0 0 1 0 22 6 0 0 12 0 0 3 0 27 0 0 0 0 3 15 0 0 0 0 0 0 0 0 0 0 0 0 0 0 0 0 0 0 0 0 0 0 12 0 0 0 0 0 0 0 0 0 15 0 0 0 0 0 0 0 0 0 0 0 0 0 0 0 0 0 0 
0 0 0 0 0 0 0 0 0 0 0 0 0 0 0 0 0 0 0 0 0 0 0 0 0 3 0 0 0 0 0 0 0 0 1 0 0 0 0 0 0 0 0 0 0 0 0 0 6 27 0 0 7 0 0 0 3 0 0 0 0 0 0 0 0 0 0 3 0 0 0 0 24 0 0 0 0 0 0 0 21 19 0 0 0 3 24 0 0 0 0 0 0 0 0 0 16 0 0 15 0 0 0 0 0 0 0 0 0 13 0 3 10 0 0 21 3 3 0 0 0 0 1 0 0 0 10 0 0 0 0 0 0 10 0 0 0 0 0 0 12 0 0 0 0 0 0 0 0 0 0 0 0 0 0 0 0 0 0 0 0 0 0 0 0 0 0 0 
0 0 0 0 0 0 0 0 0 0 0 0 0 0 0 0 0 0 0 0 0 0 0 0 0 0 0 0 0 0 0 0 0 0 0 0 0 27 0 0 0 0 0 0 0 7 0 18 0 0 0 0 0 0 0 0 0 1 0 0 0 0 10 0 0 0 0 0 0 12 0 0 0 0 1 0 0 15 0 0 0 0 0 6 0 0 0 0 0 0 0 1 0 0 18 15 0 0 0 0 0 0 0 6 21 0 0 0 0 0 0 0 0 0 0 3 0 0 0 0 0 0 0 0 0 0 0 0 0 0 0 0 1 0 0 0 0 0 0 0 0 0 0 0 0 0 0 0 0 0 0 0 0 0 0 0 0 0 0 0 0 0 0 0 0 0 0 0 
0 0 0 0 0 0 0 0 0 0 0 0 0 0 0 0 0 0 0 0 0 0 0 0 0 0 0 0 0 0 15 0 0 0 0 0 0 22 0 6 13 0 27 0 0 0 0 3 0 0 13 0 9 0 6 0 0 0 0 0 0 0 6 0 0 3 0 0 4 0 0 0 0 0 0 0 0 0 1 0 15 0 0 0 0 0 0 0 0 0 0 0 0 0 24 15 0 0 6 25 18 0 0 6 0 0 0 0 0 21 0 1 0 16 0 0 0 0 0 0 0 0 0 12 0 15 0 0 0 0 0 0 0 0 0 0 0 0 0 0 0 0 0 0 0 0 0 0 0 0 25 0 0 0 0 0 0 0 0 0 0 0 0 0 0 0 0 0 
0 0 0 0 0 0 0 0 0 0 0 0 0 0 0 0 0 0 0 0 0 0 0 0 0 12 0 0 0 0 0 0 0 3 0 0 21 3 0 0 0 0 0 18 12 0 4 0 0 0 0 0 0 0 0 0 0 1 30 1 0 0 3 0 0 0 0 0 0 0 27 0 0 0 0 24 0 0 0 0 0 0 19 12 6 0 0 0 0 0 0 0 0 1 0 0 4 0 0 3 12 7 0 0 0 0 0 1 0 0 0 0 3 0 0 0 0 0 0 0 0 0 0 0 0 9 9 0 0 0 0 3 0 0 0 0 0 0 0 0 0 0 0 0 0 0 0 0 0 15 0 0 0 0 0 0 0 0 10 0 0 0 0 0 0 0 0 0 
0 0 0 0 0 0 0 0 0 0 0 0 0 0 0 0 0 0 0 0 0 0 0 0 0 0 0 3 0 0 0 0 0 0 0 9 10 0 0 0 0 0 0 0 0 0 1 0 0 0 0 0 0 0 0 0 0 0 0 0 19 0 0 0 0 0 0 0 0 0 0 9 16 12 0 0 3 0 6 3 0 27 0 3 0 0 0 0 0 1 4 0 0 0 0 0 0 0 9 0 0 0 0 0 0 0 3 0 0 0 0 0 0 0 0 0 0 0 0 3 0 0 0 0 0 0 0 3 0 0 0 0 0 0 0 0 0 0 0 0 0 0 0 0 0 0 0 0 0 0 0 0 0 0 0 0 0 0 0 0 22 0 0 0 6 0 0 0 
0 0 0 0 0 0 0 0 0 0 0 0 0 0 0 0 0 0 0 3 0 0 0 0 0 0 0 0 0 0 0 0 0 0 0 0 0 0 0 0 15 0 0 4 0 0 0 28 0 3 0 22 0 6 0 0 0 0 0 0 0 3 0 3 0 0 0 0 0 0 0 0 0 0 15 0 0 1 4 1 7 7 1 0 0 0 0 0 0 0 3 0 0 6 0 1 0 0 0 3 0 0 12 0 0 0 0 0 3 0 0 10 0 0 3 0 0 0 0 0 9 0 0 0 0 0 0 0 0 0 0 0 0 9 0 0 0 0 0 0 0 0 0 6 0 0 0 0 0 0 0 0 0 12 0 0 0 0 3 0 0 0 0 0 0 0 0 0 
0 0 0 0 0 0 0 0 0 0 0 0 0 0 0 0 0 0 0 0 0 0 0 0 0 0 0 0 0 0 0 0 0 0 0 0 0 0 0 21 0 0 1 0 0 6 0 31 0 9 0 0 0 0 0 13 0 0 0 0 1 0 0 0 0 18 0 3 0 0 0 0 0 0 0 0 0 0 0 0 3 0 0 1 0 0 6 0 0 0 0 0 6 0 0 0 3 7 12 0 0 0 0 0 0 0 3 0 0 0 0 0 0 3 1 0 0 27 0 0 0 0 0 0 0 0 0 0 0 0 4 0 0 0 0 0 0 0 0 0 0 0 0 0 0 0 0 0 0 0 0 0 0 0 0 0 0 0 0 0 0 57 0 0 0 0 0 0 
0 0 0 0 0 0 0 0 0 0 0 0 0 0 0 0 0 0 0 0 0 0 0 0 0 0 0 0 0 0 0 0 0 0 0 0 0 0 0 0 0 24 0 33 0 0 0 0 0 1 0 24 0 10 0 0 0 0 0 0 0 0 3 0 3 9 0 0 0 0 0 0 0 21 0 0 0 0 1 9 0 0 0 0 0 0 30 0 0 0 6 0 1 9 0 0 0 0 4 0 0 3 0 0 13 0 0 0 6 1 0 19 10 0 0 0 0 0 0 0 0 0 0 0 0 0 0 9 0 0 0 0 0 0 0 0 0 0 0 0 0 0 0 0 0 0 0 0 0 0 0 0 0 6 0 0 0 0 0 0 0 0 0 0 0 0 0 0 
0 0 0 0 0 0 0 0 0 0 0 0 55 0 0 0 0 0 0 0 0 0 0 0 0 0 0 0 0 0 0 0 0 0 27 4 3 0 0 0 0 3 0 0 0 0 0 0 0 0 0 0 0 0 0 0 0 0 0 0 0 0 3 0 0 0 0 3 0 0 3 0 0 0 0 1 3 0 0 0 0 0 0 3 0 0 0 0 0 0 0 0 0 9 0 19 0 0 0 16 0 6 18 0 0 3 0 0 1 0 3 0 0 0 0 0 0 6 0 0 0 1 3 0 22 0 0 1 0 9 0 0 0 0 0 22 0 0 0 1 0 0 0 0 0 0 0 0 0 0 0 0 0 0 0 0 0 0 0 0 0 0 0 0 0 0 0 0 
0 0 0 0 0 0 0 0 0 0 0 0 0 0 0 0 0 0 0 0 0 0 0 0 0 9 0 16 0 0 0 0 0 4 0 0 0 1 0 0 0 0 22 0 7 0 0 0 0 3 0 0 0 12 0 0 0 0 0 3 0 0 0 0 0 0 0 0 9 0 0 0 0 0 12 0 0 0 10 0 0 0 0 0 0 0 0 0 6 3 3 0 0 0 1 15 0 3 0 1 0 0 4 0 0 0 0 0 0 0 0 0 0 15 0 0 0 0 0 0 0 0 0 0 0 6 30 12 0 0 0 0 0 0 4 0 0 0 0 0 0 0 0 0 0 0 0 0 0 0 0 0 0 0 0 0 0 0 0 0 0 0 0 0 0 0 0 0 
0 0 0 0 0 0 0 0 0 0 0 0 0 0 0 0 0 0 0 0 0 0 0 0 0 0 0 0 0 0 0 0 0 12 0 0 0 6 0 0 0 0 0 0 9 0 0 24 0 0 0 0 0 0 0 0 0 0 0 0 16 0 0 0 0 0 0 0 6 0 0 0 0 9 0 0 0 0 0 0 0 0 0 0 0 0 3 0 0 0 0 6 0 0 1 12 0 0 0 0 6 0 0 24 0 3 0 0 0 0 1 15 0 0 0 0 3 0 0 10 0 0 0 0 1 0 0 0 0 0 0 0 0 0 0 0 0 0 0 0 0 0 0 0 0 0 0 31 0 0 0 0 0 0 0 0 0 0 0 0 0 0 0 0 0 0 0 0 
0 0 0 0 0 0 0 0 0 0 0 0 0 0 0 0 19 0 0 0 0 0 0 0 0 13 0 0 0 33 0 0 0 0 0 0 12 9 0 0 4 0 0 0 0 0 0 0 0 1 0 0 0 0 0 21 0 0 3 1 0 25 0 0 0 0 0 0 0 0 0 4 1 6 6 0 0 6 0 0 0 4 6 7 9 0 0 0 1 0 0 0 0 3 0 0 4 3 0 4 9 0 0 0 0 15 0 0 0 0 0 0 0 15 0 0 0 0 0 0 0 0 0 0 0 0 0 0 0 3 0 27 0 0 0 0 0 0 0 25 0 0 0 0 0 0 0 0 0 0 0 0 0 0 0 0 0 0 0 0 0 0 0 0 0 0 0 0 
0 0 0 0 0 0 0 0 0 0 0 0 0 0 0 0 0 0 0 0 0 0 0 0 0 0 0 0 0 0 0 0 0 0 0 0 0 0 0 1 0 0 0 0 0 0 0 0 1 0 0 0 0 0 0 0 0 0 15 6 0 0 0 0 0 0 9 21 0 6 0 0 0 0 0 0 24 0 0 1 1 0 1 0 0 0 0 7 0 0 0 0 25 0 12 1 0 0 0 0 0 0 12 0 13 4 1 0 0 0 0 0 0 15 0 0 0 0 0 4 3 0 1 0 7 0 0 0 0 0 0 0 0 3 0 0 0 0 0 0 0 0 0 0 0 0 0 0 0 0 0 0 0 0 0 0 0 0 0 0 0 0 0 0 0 0 0 0 
0 0 0 0 0 0 0 0 0 0 0 0 0 0 0 0 0 0 0 9 0 0 0 0 0 21 0 0 0 0 0 3 0 0 0 0 0 0 0 0 0 0 0 0 0 0 1 0 0 0 7 0 0 0 0 0 12 0 0 0 0 0 0 0 28 15 18 0 0 0 0 4 0 0 0 0 13 0 0 0 0 0 0 0 0 0 27 0 0 0 0 0 0 0 10 0 0 0 0 0 0 0 0 0 9 0 18 3 0 0 0 0 0 3 0 3 0 0 0 3 0 0 0 0 3 0 0 0 0 0 0 0 0 0 0 0 0 0 0 0 0 0 0 0 0 0 0 0 0 0 0 0 0 6 0 0 0 0 0 0 0 0 0 0 0 0 0 0 
0 0 0 0 0 0 0 0 0 0 0 0 0 0 0 0 0 0 0 0 0 0 0 0 0 0 0 0 0 0 0 0 0 9 0 0 0 0 3 0 0 0 0 0 0 0 0 0 0 0 0 0 0 10 0 0 9 0 0 0 0 3 0 3 6 0 3 19 0 0 0 0 0 0 3 0 0 0 0 1 0 3 1 0 6 0 0 9 0 0 15 0 0 0 1 30 0 0 0 0 0 0 0 0 0 0 13 0 0 0 9 0 0 6 12 0 6 0 0 9 16 0 0 0 0 0 0 0 3 30 0 0 0 0 0 0 0 0 0 0 0 0 0 0 0 0 0 0 0 0 0 0 6 0 0 0 0 0 0 0 0 0 0 0 0 0 0 0 
0 0 0 0 0 0 0 0 0 0 0 0 0 0 0 0 0 0 0 0 0 0 0 0 0 0 0 0 0 0 9 0 0 0 0 0 0 0 0 4 0 0 0 0 0 0 0 0 0 28 0 0 0 0 0 0 0 1 3 0 0 0 0 0 0 1 6 0 3 0 0 0 0 0 0 21 0 0 0 0 0 0 24 0 0 0 0 10 0 3 6 0 0 0 0 16 0 0 0 0 0 0 0 0 0 0 0 0 0 0 0 6 0 0 0 18 0 0 0 0 0 0 0 0 0 0 0 0 0 0 0 0 0 0 0 6 1 0 0 0 0 0 0 0 0 28 0 0 0 0 0 0 0 0 0 0 0 0 0 0 0 0 0 0 0 0 0 0 
0 0 0 0 0 0 0 0 0 0 0 0 0 0 0 0 39 0 0 0 0 0 0 0 0 0 0 0 0 0 4 0 3 0 0 0 0 0 0 1 0 6 0 0 0 16 0 0 0 0 0 0 0 0 15 0 3 0 0 0 3 0 0 0 0 0 0 0 0 0 0 0 0 0 0 0 0 0 21 19 0 0 0 0 3 0 0 0 0 0 0 0 3 0 22 1 0 0 0 4 6 0 0 9 0 0 7 0 0 0 0 0 0 0 0 0 0 0 0 6 0 0 0 0 0 0 0 0 0 0 6 0 0 0 0 0 0 0 0 0 0 18 0 0 0 0 0 0 0 0 0 0 0 0 0 0 0 0 0 0 0 0 0 0 0 0 0 0 
0 0 0 0 0 0 0 0 0 0 0 0 0 0 0 0 0 0 0 0 0 0 0 0 0 0 0 0 0 0 0 0 21 9 0 0 0 0 0 12 19 0 15 0 0 0 0 0 0 0 0 0 0 16 0 0 0 4 1 0 0 0 0 0 3 0 0 0 6 0 10 0 0 0 0 10 0 0 0 0 0 0 0 0 0 0 0 0 24 0 3 0 4 3 0 0 0 1 0 1 0 0 0 0 4 0 0 0 0 0 0 1 0 0 13 0 0 10 0 0 0 0 0 0 0 3 0 0 15 1 0 0 0 0 0 0 0 0 0 0 0 0 0 0 0 0 0 0 0 0 0 0 0 0 0 0 0 0 0 0 0 0 0 0 0 0 0 0 
0 0 0 0 0 0 0 0 0 0 0 0 0 0 0 0 0 42 0 0 0 0 0 0 0 0 0 0 0 0 0 0 0 0 0 0 0 0 0 0 0 0 0 0 9 0 0 0 0 0 0 0 0 0 0 0 0 0 0 3 0 0 6 0 0 0 0 0 0 3 0 4 0 6 0 0 0 0 0 0 0 0 9 4 0 0 7 6 3 6 0 0 0 0 0 0 0 0 0 4 0 21 0 0 0 0 0 3 0 0 0 7 6 19 0 0 0 0 0 15 0 0 0 0 0 0 1 0 0 0 9 0 0 0 9 0 0 0 0 0 0 0 0 0 0 0 0 0 0 0 0 0 0 0 0 0 0 0 0 0 0 0 0 0 0 0 0 0 
0 0 0 0 0 0 0 0 0 0 0 0 0 0 0 0 0 0 0 0 0 0 0 0 0 0 0 0 0 0 0 0 0 0 0 0 0 0 0 0 0 15 0 0 0 0 1 0 0 10 0 0 0 0 0 0 0 18 16 0 0 0 0 0 6 0 0 0 0 0 0 1 15 0 0 0 0 0 0 0 0 0 0 0 0 0 0 0 0 0 0 0 0 0 0 3 0 0 0 6 1 0 21 0 1 0 6 0 0 31 0 0 1 0 0 0 0 0 0 0 0 10 30 0 0 0 0 0 0 0 0 0 0 0 0 1 0 0 0 0 0 0 0 0 0 0 37 0 0 0 0 0 0 12 0 0 0 0 0 0 0 0 0 0 0 0 0 0 
0 0 0 0 0 0 0 0 0 0 28 0 0 0 0 0 0 0 0 0 0 0 0 0 0 0 0 0 0 0 0 0 3 0 0 6 3 0 10 13 0 0 0 0 0 21 0 0 0 0 0 0 0 0 0 9 0 0 0 0 0 0 0 0 0 0 0 0 0 16 16 0 0 0 0 1 0 15 0 0 21 9 3 0 0 0 0 0 0 0 0 0 0 0 0 0 0 0 1 0 0 6 21 0 0 1 0 0 0 0 0 4 18 0 0 18 0 0 3 0 0 0 3 0 6 0 0 0 19 0 0 0 9 0 0 0 0 0 0 0 0 0 0 0 24 0 0 0 0 0 0 0 0 0 0 3 0 0 0 0 0 0 0 0 0 0 0 0 
0 0 0 0 0 0 0 0 0 0 0 0 0 0 0 0 0 0 0 0 0 0 0 0 0 0 0 0 0 0 0 0 0 0 0 0 0 0 3 0 10 0 0 0 12 0 0 0 0 0 0 0 0 0 0 0 13 0 3 0 1 0 0 0 0 9 0 0 0 0 0 0 0 0 0 0 1 18 0 0 0 0 0 0 0 0 12 0 0 0 12 18 7 0 0 0 24 0 0 0 15 0 6 1 0 0 12 1 0 21 12 0 0 0 0 0 0 16 0 0 0 0 0 0 0 0 0 9 0 0 0 0 0 0 0 0 1 0 0 0 0 0 0 0 0 0 0 28 0 0 0 0 0 0 0 0 0 0 0 0 0 0 0 0 0 0 0 0 
0 0 0 0 0 0 0 0 0 0 0 0 0 0 0 0 0 0 0 45 0 0 0 0 0 0 0 0 0 0 0 0 0 0 0 0 0 0 1 0 0 0 0 0 0 0 0 0 0 0 33 0 1 0 9 0 16 0 3 0 0 0 0 0 0 0 0 3 0 6 0 0 1 0 1 0 0 12 12 0 13 0 27 0 0 0 0 0 0 0 0 0 0 0 9 0 0 13 0 3 0 0 0 0 0 0 0 3 0 0 7 0 0 0 0 0 6 0 0 0 1 1 0 0 0 0 0 0 0 0 0 0 0 0 0 0 0 0 0 12 16 0 0 0 0 0 0 0 0 0 0 0 0 0 0 0 0 0 0 0 0 0 0 0 0 0 0 0 
0 0 0 0 0 0 0 0 0 0 0 0 0 0 0 0 0 0 0 0 0 0 0 0 0 0 0 0 0 0 0 0 0 0 9 0 0 0 0 0 0 0 7 0 3 0 0 0 0 0 0 0 6 0 0 0 0 0 0 0 0 0 0 0 0 6 0 0 0 13 0 0 10 6 0 3 3 10 0 0 0 0 0 13 0 0 0 0 4 15 0 0 0 0 0 0 0 0 0 30 10 0 0 0 0 21 10 0 0 0 0 0 0 0 0 0 0 0 6 7 0 22 0 0 0 0 0 0 0 0 0 0 0 0 0 0 7 0 0 0 0 0 0 4 0 0 0 0 0 0 0 0 0 0 0 0 0 0 0 0 0 0 0 0 0 0 0 0 
0 0 0 0 0 0 0 0 0 0 0 0 0 0 36 0 0 0 0 0 0 0 0 21 0 0 0 0 0 0 0 0 0 0 0 0 0 0 0 9 3 0 0 0 0 0 3 0 0 0 0 0 0 0 0 9 0 0 0 0 0 0 0 0 0 0 0 0 0 0 0 0 0 3 0 18 3 0 9 18 3 0 0 0 0 0 0 0 0 0 0 0 0 0 0 0 0 0 0 0 0 0 0 13 3 0 0 0 0 9 0 27 7 0 0 0 0 4 10 0 0 0 0 0 0 0 0 9 0 0 0 0 0 0 0 0 0 0 0 0 0 0 0 0 0 0 0 0 0 0 0 0 0 0 0 0 0 0 0 0 0 0 0 0 0 0 0 0 
0 0 0 0 0 0 0 0 4 0 0 0 0 0 0 0 0 0 0 0 0 0 0 0 0 0 0 0 0 0 0 7 0 0 0 0 3 0 0 0 4 0 0 12 0 0 0 0 0 9 0 0 12 0 1 0 0 19 28 0 0 0 7 0 0 0 0 0 0 0 10 0 18 0 3 0 0 0 1 0 0 3 0 0 10 3 0 24 3 0 0 0 0 0 0 0 0 0 3 0 0 0 1 0 0 3 0 0 0 0 0 0 0 0 0 0 0 15 0 0 0 3 0 0 0 1 0 0 0 0 0 0 0 0 0 0 0 0 0 4 0 0 0 0 10 0 0 0 0 0 0 0 0 0 0 0 0 0 0 0 0 0 0 0 0 0 0 0 
0 0 0 0 0 0 0 0 0 0 0 0 0 0 0 0 0 0 0 0 0 0 0 0 0 0 0 0 0 0 0 0 0 7 0 0 0 1 0 6 0 0 0 0 1 0 0 0 0 0 7 0 0 0 0 0 0 0 0 0 0 0 0 1 3 0 0 0 0 15 0 0 6 0 0 0 0 0 0 12 0 0 0 6 3 0 6 0 0 0 9 0 0 0 1 0 0 4 0 0 0 0 0 0 0 0 0 0 0 3 0 21 12 0 0 0 4 0 6 18 0 0 0 0 15 0 12 0 1 0 0 0 0 0 0 0 0 0 3 0 0 3 0 0 0 0 0 0 0 0 0 0 0 3 0 0 0 0 0 0 0 0 0 0 0 0 0 0 
0 0 0 0 0 0 0 0 0 0 0 0 0 0 0 0 1 0 0 3 0 0 0 0 0 9 0 0 0 0 0 0 0 0 0 0 0 0 0 0 0 0 0 0 0 0 0 0 0 0 0 0 0 0 0 0 0 0 0 0 0 0 0 0 0 0 1 0 0 1 0 0 0 10 0 18 0 0 0 0 22 0 9 0 0 6 0 0 0 3 25 3 0 0 9 0 0 0 18 0 0 0 1 0 0 0 0 0 0 0 0 0 0 0 0 6 0 0 0 0 0 0 0 0 0 0 0 0 0 0 18 0 0 0 0 22 0 0 0 9 0 0 0 0 0 0 0 0 0 0 0 0 0 0 0 0 0 0 0 0 0 0 0 16 0 0 0 0 
0 0 0 0 0 0 0 0 0 0 0 0 0 0 0 0 0 0 0 0 0 0 0 0 0 0 0 0 0 0 0 0 0 0 0 0 1 34 0 6 0 3 0 0 0 0 0 0 0 0 0 7 0 0 0 15 0 0 0 0 0 3 0 0 0 0 6 0 0 0 0 1 0 0 1 0 0 0 3 0 0 0 9 0 0 0 0 0 0 0 0 0 0 0 0 0 0 0 0 9 1 0 0 0 0 0 0 7 0 0 1 1 0 0 0 15 0 0 0 0 0 0 0 4 0 0 0 0 0 25 0 0 0 21 0 0 0 6 0 0 0 18 12 0 0 3 0 0 0 0 0 0 0 0 0 0 0 0 0 0 0 0 0 0 0 0 0 0 
0 0 0 0 0 0 0 0 0 0 0 0 0 0 0 0 0 0 0 0 0 0 0 0 0 0 0 0 0 0 0 0 0 0 0 0 0 0 0 0 0 0 0 0 0 0 13 0 18 0 0 0 0 0 0 0 0 0 0 0 0 0 0 0 10 0 0 0 3 0 0 0 0 0 0 0 0 0 0 0 0 0 0 3 0 0 0 0 0 0 0 0 0 0 0 0 0 0 16 0 21 0 0 0 0 0 0 19 0 0 0 6 0 4 0 0 0 0 7 0 0 0 0 0 0 0 0 0 0 0 0 0 0 0 0 0 0 0 0 0 0 0 0 0 0 0 0 0 0 0 0 0 0 0 0 0 0 0 0 0 0 0 0 0 0 0 0 0 
0 0 0 0 0 0 0 0 0 0 0 0 0 51 0 0 0 0 0 0 0 0 0 0 0 0 0 0 0 0 0 0 0 0 0 15 0 0 0 0 0 0 0 0 0 13 0 0 0 0 0 0 0 3 0 0 0 0 0 0 6 0 10 0 3 0 0 1 24 6 4 0 0 0 0 0 0 0 0 3 15 0 0 0 0 0 13 0 0 0 0 0 0 0 0 0 27 0 0 0 0 0 0 0 0 0 10 0 0 0 0 0 0 0 0 7 0 3 0 0 0 0 0 7 0 3 0 0 0 0 0 4 0 0 0 0 0 0 3 0 0 0 0 0 0 0 0 0 0 0 0 0 0 0 0 0 0 0 0 0 0 0 0 0 0 0 0 0 
0 0 0 0 0 0 0 3 0 0 0 0 0 0 0 0 0 3 1 0 0 0 0 10 0 0 0 0 0 0 0 0 0 0 0 0 0 0 0 0 0 0 0 0 0 0 0 0 0 1 0 0 0 0 9 0 0 0 0 3 0 3 0 4 0 0 0 0 0 0 0 0 0 15 0 0 30 6 1 0 0 0 0 0 4 0 0 0 0 10 3 0 13 0 0 3 3 0 0 0 0 0 0 0 0 0 15 0 13 9 0 0 0 0 0 18 0 0 0 0 9 0 0 0 0 0 0 0 0 0 0 0 0 0 0 0 0 0 0 0 0 0 0 0 0 0 0 0 0 0 0 0 0 0 0 0 0 0 0 0 0 0 0 0 0 0 0 0 
0 0 0 0 0 0 0 0 0 0 0 0 0 0 0 0 0 0 0 0 0 0 0 0 0 0 0 0 0 0 0 0 0 0 24 0 0 0 0 0 0 0 0 0 0 0 0 0 0 0 0 9 3 0 0 0 0 9 0 0 3 6 0 1 12 0 0 0 18 3 0 0 0 0 0 0 0 0 0 0 0 0 0 0 10 3 0 4 0 0 0 0 0 0 0 0 12 0 0 0 0 10 0 0 0 0 0 0 0 0 0 0 0 0 0 0 0 9 0 0 15 0 0 0 0 12 0 0 3 0 0 0 0 0 0 0 0 0 0 0 0 0 0 0 0 0 0 0 0 0 0 0 0 0 0 0 0 0 0 0 0 0 0 0 0 0 0 0 
0 0 0 0 0 0 0 0 0 0 0 0 0 0 0 0 0 0 0 0 0 0 0 0 0 0 0 4 0 0 0 0 0 0 0 15 0 0 0 24 3 0 0 0 0 19 0 19 7 0 0 1 0 0 0 19 0 0 0 0 0 0 0 0 0 0 0 0 0 0 0 0 0 0 0 15 0 0 0 0 9 0 3 3 3 0 0 0 1 0 0 9 0 0 0 0 0 0 0 0 12 7 1 0 0 0 12 18 0 0 0 0 15 0 0 0 0 0 0 0 10 0 0 0 33 0 0 0 0 0 0 4 0 0 0 0 27 0 0 0 0 0 0 0 0 7 0 0 0 0 0 0 0 0 0 0 0 0 0 0 0 0 0 0 0 0 0 0 
0 0 0 0 0 0 0 0 0 0 0 0 0 0 0 0 0 0 0 0 0 0 0 0 0 0 0 0 0 0 3 0 0 0 0 0 3 0 0 0 1 0 0 0 0 0 4 0 0 0 0 0 0 12 0 0 0 0 0 0 0 0 0 0 0 0 0 0 0 18 0 0 21 0 0 10 0 21 0 0 0 0 21 0 0 0 0 0 3 0 0 6 6 0 1 0 0 0 0 0 1 0 0 3 0 0 25 0 0 6 0 12 6 0 19 0 0 0 3 0 0 0 0 0 0 0 6 0 0 0 0 0 0 0 0 0 0 3 0 0 0 0 0 0 0 0 0 0 0 0 0 0 0 0 0 0 0 0 0 0 0 0 0 0 0 0 0 0 
0 0 0 0 0 0 0 0 0 0 0 0 0 0 0 0 15 0 0 0 0 0 0 0 0 0 0 0 0 0 0 0 0 0 0 0 0 15 0 0 0 0 18 0 0 0 0 9 15 0 0 15 0 0 0 0 0 3 0 0 0 0 0 0 6 0 0 0 0 12 0 0 1 3 0 0 24 0 0 0 0 0 0 0 0 0 3 1 0 0 0 0 0 0 0 0 0 3 0 0 0 0 0 0 0 0 12 0 0 0 0 0 0 0 0 0 28 0 0 0 3 0 0 9 0 0 0 0 0 0 0 0 0 0 0 27 0 0 3 0 0 0 0 27 0 0 0 0 0 0 0 0 0 0 0 0 0 0 0 0 0 0 0 0 0 0 0 0 
0 0 0 0 0 0 0 0 0 0 0 0 0 0 0 0 0 0 0 0 0 0 0 0 0 0 0 0 0 3 0 0 0 0 0 0 0 0 0 0 0 0 0 9 0 16 0 1 0 0 0 0 0 0 15 0 0 0 0 0 0 0 0 15 0 0 0 6 0 0 0 0 13 0 0 0 0 0 6 1 0 7 0 0 0 0 0 3 0 16 0 0 0 0 0 0 0 25 0 0 0 9 0 3 15 0 0 7 0 0 1 0 9 7 0 0 0 0 0 0 0 0 0 0 4 0 0 0 0 0 0 0 0 0 0 0 3 0 0 0 0 0 0 0 0 0 0 0 0 0 0 0 0 0 4 0 0 0 0 0 0 0 0 0 0 0 18 0 
0 0 0 0 0 0 0 0 0 0 0 0 0 0 0 0 0 0 0 0 3 0 0 0 0 0 0 0 0 0 0 0 0 0 0 0 9 0 0 0 0 0 0 0 0 0 0 0 0 0 0 0 18 6 12 0 0 0 1 0 0 0 0 3 0 0 0 0 0 6 0 9 0 10 0 0 1 0 0 1 0 0 0 0 4 6 0 0 0 0 0 0 0 6 0 7 0 0 0 0 0 0 0 0 0 3 0 0 0 0 6 0 0 0 0 0 0 0 0 0 0 0 0 0 0 0 0 0 0 0 0 0 0 0 0 0 0 0 0 0 0 0 0 0 0 0 0 0 0 12 0 0 0 0 0 0 0 0 0 40 0 0 0 0 0 0 0 0 
0 0 0 0 0 0 0 0 0 0 0 0 0 0 0 0 0 0 0 0 0 0 0 0 0 0 0 0 4 0 0 0 0 0 0 0 0 0 0 24 0 0 0 0 0 0 21 0 0 0 0 0 6 0 0 0 0 6 0 0 0 0 0 0 0 21 1 0 0 0 0 0 3 3 0 0 0 0 0 0 0 4 0 0 0 0 0 0 0 4 0 0 0 0 0 0 0 0 0 0 12 0 0 3 0 0 21 0 0 6 0 21 0 0 0 0 0 0 0 0 30 0 0 0 0 0 3 0 0 0 0 0 0 0 0 3 0 0 0 0 0 0 0 0 0 0 0 0 0 0 0 0 0 0 0 0 0 0 0 0 0 0 0 0 0 0 0 0 
0 0 0 0 0 0 4 0 0 0 0 0 0 0 0 0 0 0 0 0 0 0 0 0 0 0 0 0 0 0 0 0 0 0 0 0 12 0 0 1 0 0 0 0 1 0 0 0 0 0 0 3 0 0 27 0 0 0 3 0 0 0 0 0 0 6 0 0 0 0 0 0 7 0 15 3 1 0 0 0 0 0 0 0 0 3 0 0 0 6 15 3 0 0 6 1 0 4 1 0 0 0 0 0 0 21 0 0 0 0 0 0 3 0 0 0 0 0 0 0 0 1 0 3 0 0 0 0 0 0 0 0 0 9 0 0 0 6 0 0 0 0 0 0 0 0 0 0 0 0 0 10 0 0 0 0 0 0 0 0 0 0 0 0 0 0 0 0 
0 0 0 0 0 0 0 0 0 0 0 0 0 0 0 0 0 0 4 0 0 0 0 1 0 0 0 0 0 0 0 0 0 0 22 0 0 0 0 0 0 0 0 0 0 0 0 0 22 0 0 0 0 0 0 15 0 0 0 1 0 0 4 0 12 12 0 0 0 0 0 0 0 21 7 13 0 0 0 0 13 0 0 0 0 6 4 0 0 0 6 0 0 21 13 7 18 18 0 0 0 0 1 0 0 12 0 0 0 0 0 0 0 0 0 0 0 0 6 0 0 0 0 0 0 0 0 0 0 0 0 0 0 0 0 0 1 0 0 0 0 0 0 0 0 0 0 0 0 0 0 1 0 0 0 0 0 0 0 0 0 0 0 0 0 0 0 0 
0 0 0 0 0 0 0 0 0 0 0 0 0 0 0 0 0 0 0 0 0 0 0 0 0 0 0 39 1 0 12 15 0 0 1 3 0 0 1 0 0 0 0 12 7 21 0 0 3 1 0 3 0 0 0 0 0 0 0 0 0 0 0 0 0 0 12 0 0 0 0 0 3 0 0 0 0 0 0 3 0 0 0 0 0 6 0 0 1 3 7 9 6 0 0 0 0 3 9 0 0 0 0 0 0 0 0 0 0 0 0 13 1 31 0 0 0 0 0 0 0 0 0 0 0 0 0 0 0 0 0 0 0 1 0 0 0 0 0 0 0 0 0 10 0 0 0 0 0 0 0 0 0 0 0 0 1 0 0 0 0 0 0 0 0 0 0 0 
0 0 0 0 0 0 0 0 0 0 0 0 0 0 0 0 0 0 0 0 0 0 21 0 0 4 0 0 0 0 0 0 0 0 0 0 6 12 33 0 22 0 30 0 0 0 1 0 0 0 0 0 0 0 0 0 10 0 0 0 0 0 0 0 1 12 0 0 0 0 0 6 0 22 0 0 0 3 18 0 0 0 0 0 0 0 18 16 3 0 3 9 0 0 0 0 0 0 0 0 0 9 0 1 0 0 0 0 0 0 1 0 0 0 0 0 0 0 0 0 0 0 3 0 0 22 0 0 0 0 24 0 0 0 0 0 0 0 1 0 0 0 0 0 18 0 0 0 0 0 0 0 0 0 0 0 0 0 0 0 0 0 0 0 0 0 0 0 
0 0 0 0 0 0 0 0 0 0 0 0 0 0 0 0 0 0 0 0 0 0 0 9 0 0 0 0 0 4 0 0 0 0 0 0 0 0 0 0 0 0 0 18 0 0 3 0 0 0 0 0 0 0 0 0 0 0 0 0 0 0 0 0 12 0 0 0 0 0 0 0 0 0 0 0 0 10 0 0 12 0 0 0 0 0 6 0 0 3 3 0 0 0 0 0 1 0 4 0 0 0 0 0 0 0 18 0 0 0 0 0 0 3 0 0 0 0 0 0 0 0 0 0 0 0 0 0 0 0 0 0 0 0 0 0 0 0 0 0 0 0 0 0 0 0 0 0 0 0 0 0 0 0 0 0 0 0 0 0 0 0 0 0 0 0 0 0 
0 0 0 0 0 0 0 0 0 0 0 0 0 0 0 0 0 0 0 0 0 0 0 0 10 0 0 0 0 4 0 0 0 0 0 0 18 6 0 0 0 0 12 0 0 0 9 0 0 0 0 0 0 9 0 0 0 0 0 0 0 0 18 0 10 0 0 0 0 0 0 0 0 4 0 7 3 0 0 0 0 9 3 0 0 6 0 0 0 0 18 0 0 0 0 0 0 0 0 0 0 0 0 0 0 15 0 0 0 0 0 24 0 0 0 0 0 0 0 0 1 27 1 0 0 0 0 0 0 0 0 0 0 0 0 0 0 0 0 0 0 0 0 0 0 0 0 0 0 0 0 0 0 0 0 0 0 0 0 0 0 0 0 0 0 0 0 0 
0 0 0 0 0 0 0 0 0 0 0 0 0 0 0 0 0 0 0 0 0 0 0 0 0 1 0 0 0 0 0 0 0 0 0 12 0 0 7 0 0 0 0 0 0 0 0 0 0 0 4 0 0 0 0 0 0 0 0 0 0 0 0 0 0 6 0 19 0 0 0 0 0 0 0 0 0 0 1 0 0 0 4 0 0 0 0 6 0 0 0 0 0 10 0 0 0 0 0 0 0 0 3 0 0 0 0 0 6 3 1 0 0 0 0 0 0 0 0 0 0 0 0 0 9 0 0 0 0 0 0 0 0 0 0 0 0 0 0 0 0 0 0 0 0 0 0 0 0 0 0 0 0 0 0 0 0 0 0 0 0 0 0 0 0 0 0 0 
0 0 0 0 0 0 0 0 0 0 0 0 0 0 0 0 0 0 0 0 0 0 0 0 0 9 0 0 0 0 0 0 6 0 0 0 0 0 3 0 0 0 1 0 0 0 0 0 0 0 0 0 0 0 0 0 0 0 0 0 0 6 0 0 0 0 0 0 0 6 0 0 3 3 0 7 0 12 0 6 0 0 0 0 0 0 0 0 0 0 0 0 0 4 0 6 0 18 0 10 0 0 21 0 0 0 0 0 22 0 0 0 27 0 0 0 0 0 0 0 0 0 0 0 0 0 0 0 0 0 0 0 0 0 3 0 0 0 0 0 0 0 0 0 0 0 0 0 0 0 0 0 0 0 0 0 0 0 0 0 0 0 0 0 0 0 0 0 
0 0 0 0 0 0 0 0 0 0 0 0 0 13 0 0 0 0 0 6 0 12 0 0 0 3 0 0 0 0 0 0 15 0 0 0 4 0 0 0 19 0 1 0 0 0 0 0 0 0 12 13 22 12 12 0 0 0 0 0 0 0 0 0 0 15 15 0 4 0 0 0 0 0 0 0 0 0 6 0 0 6 0 0 0 0 0 12 0 0 0 0 0 4 19 0 0 0 24 0 0 0 0 0 0 18 0 0 0 15 0 0 0 7 0 21 0 0 0 4 0 0 0 0 3 0 0 0 0 0 0 0 0 0 0 0 0 0 0 0 0 0 0 0 0 0 0 0 0 0 0 0 0 0 0 0 0 0 0 0 0 0 0 0 0 0 0 0 
0 0 0 0 0 0 0 0 0 0 0 0 0 0 0 0 0 0 0 0 0 0 0 0 3 0 0 0 0 0 0 0 27 0 0 0 0 0 0 0 0 0 0 0 0 0 0 0 0 0 6 0 0 0 0 0 0 0 0 0 4 0 0 0 0 0 0 0 0 12 0 0 0 0 0 0 0 16 0 3 21 6 6 1 0 0 10 0 16 0 12 0 0 6 0 0 0 0 0 22 0 0 0 0 0 0 0 1 0 28 0 0 0 0 0 0 3 0 0 0 4 0 0 0 0 33 0 0 0 0 0 0 0 0 0 0 1 0 0 0 0 0 0 0 18 0 0 0 0 0 0 0 0 0 0 0 0 0 0 0 0 0 0 0 0 0 0 0 
0 0 0 0 0 0 0 0 0 0 0 0 0 0 0 0 0 0 0 0 0 0 0 1 0 0 0 0 0 0 0 0 6 0 0 0 0 0 21 0 0 0 0 0 0 18 27 0 0 0 0 7 0 9 0 0 0 4 0 0 0 0 0 0 0 3 0 16 0 0 0 0 0 12 1 0 0 0 10 0 9 0 1 0 1 7 0 0 12 0 0 10 24 0 0 0 0 7 0 0 0 0 0 0 0 0 0 6 0 0 6 0 0 12 0 0 0 0 9 0 10 13 1 0 0 0 0 3 0 0 0 0 0 0 0 0 0 0 0 0 0 0 0 0 0 0 0 0 0 0 0 0 0 0 0 0 0 0 0 0 0 0 0 0 0 0 0 0 
0 0 0 0 0 0 0 0 0 0 0 0 0 0 0 0 0 0 0 0 0 0 0 0 0 0 0 0 0 0 0 0 0 0 15 0 0 0 0 0 0 0 0 0 0 0 15 0 0 0 0 0 0 21 0 0 0 0 0 0 6 6 0 4 0 0 0 0 0 0 0 0 0 0 6 0 0 0 0 0 0 18 0 0 0 3 0 1 0 0 3 0 0 0 7 0 12 4 0 3 0 3 0 0 0 18 0 0 0 0 0 0 21 18 0 0 0 0 0 0 0 0 0 1 0 0 0 0 0 0 0 13 0 0 0 0 0 0 0 0 0 0 0 0 0 0 0 0 0 0 0 0 0 0 0 0 0 0 0 0 0 0 0 0 0 0 0 0 
0 0 0 0 0 0 0 0 0 0 0 0 0 0 0 0 0 0 0 0 0 0 0 0 0 0 6 27 0 0 28 0 0 0 0 0 0 0 0 0 0 0 0 0 27 0 0 0 0 0 0 0 0 0 0 0 0 0 6 0 0 0 0 7 0 0 0 15 0 4 0 1 0 0 0 0 21 0 0 0 0 0 0 0 0 0 0 0 0 0 0 0 0 9 21 0 15 0 3 0 0 0 13 3 0 0 27 6 0 0 0 0 0 3 0 0 0 0 0 9 0 0 0 0 0 0 0 0 0 0 0 0 0 0 0 0 0 0 0 0 0 4 0 0 0 0 0 0 0 0 0 0 0 0 0 0 0 0 0 0 0 0 0 0 0 0 0 0 
0 0 0 0 0 0 0 0 0 0 0 0 0 0 0 0 0 0 0 0 0 0 0 0 0 0 0 0 0 0 0 3 0 0 0 0 0 0 0 0 0 0 0 25 0 0 0 0 0 0 0 1 0 6 0 0 0 0 0 0 0 0 12 0 0 0 0 0 0 0 0 0 0 0 0 0 0 13 0 0 0 0 0 0 0 0 0 0 4 0 0 0 0 13 0 0 0 0 16 0 0 4 0 0 0 0 0 0 0 0 0 12 0 0 0 0 3 0 4 0 0 0 0 0 0 0 0 0 0 0 0 0 3 0 4 0 0 0 0 0 0 0 0 0 0 0 0 6 0 36 0 0 0 0 0 0 0 0 0 0 0 0 0 0 0 0 0 0 
0 0 0 0 0 0 0 0 0 0 0 0 0 0 0 0 0 0 0 6 0 0 0 0 0 0 0 0 0 0 0 0 0 0 0 0 0 0 0 10 0 0 27 0 0 0 28 0 0 3 0 0 9 0 3 0 0 6 0 0 6 0 3 0 0 0 0 0 0 0 0 0 0 0 0 0 0 3 0 4 0 0 1 0 0 0 24 0 0 0 0 0 0 0 0 0 6 0 15 0 0 0 0 0 0 0 0 0 18 0 0 10 0 0 0 0 0 0 0 0 0 0 0 0 0 0 0 0 0 0 0 0 0 0 0 0 0 0 0 0 0 0 0 0 0 0 0 0 0 0 0 0 0 0 0 0 0 0 0 0 0 0 0 0 0 0 0 0 
0 0 0 0 0 0 0 0 0 0 0 0 0 0 0 0 0 0 0 0 0 0 0 0 0 0 3 0 0 15 0 0 0 25 0 0 0 0 0 3 0 0 0 0 0 0 15 0 0 0 0 0 0 0 0 0 0 3 0 0 0 0 0 0 0 0 15 12 21 0 0 0 15 0 0 15 0 18 0 0 0 0 3 7 0 0 1 0 0 0 0 0 0 0 12 0 13 0 0 0 0 0 0 0 0 0 0 0 0 0 0 0 0 0 16 0 0 0 0 0 0 0 0 0 0 0 0 12 0 0 0 0 3 0 0 0 0 18 0 0 0 10 0 0 0 0 0 0 0 0 0 0 0 0 0 0 0 0 0 25 0 0 0 0 0 0 0 0 
0 0 0 0 0 0 0 0 0 0 0 0 0 0 0 0 0 0 0 0 12 15 0 0 1 0 0 0 0 0 0 0 0 0 3 28 0 0 0 0 0 3 13 18 1 6 0 0 0 9 0 3 0 0 0 31 0 0 6 0 0 0 0 0 0 27 6 0 0 1 0 10 0 0 9 0 15 1 0 0 0 0 3 12 0 0 0 0 0 1 0 15 0 0 0 0 0 0 6 0 0 0 0 15 0 0 21 0 0 0 0 0 0 0 0 4 0 0 0 0 0 0 0 0 0 0 0 0 0 0 0 0 1 0 0 0 0 0 7 0 0 4 0 0 0 0 0 0 0 0 0 0 0 0 0 0 0 0 0 0 0 0 0 0 0 0 0 0 
0 0 0 0 0 0 0 0 0 0 19 0 0 0 0 0 36 0 0 0 6 0 0 0 0 0 12 3 0 0 0 0 0 0 0 0 0 0 0 0 0 0 18 0 0 0 0 0 0 0 0 0 0 0 0 3 0 0 0 0 0 0 18 0 0 0 0 0 0 0 0 1 0 0 0 0 16 24 0 4 0 0 0 0 0 0 0 1 0 0 0 0 0 0 3 9 0 6 0 0 0 0 0 0 12 0 0 0 0 0 0 3 0 0 15 0 0 9 6 0 0 0 0 0 0 0 0 0 0 0 0 0 0 0 0 0 0 0 0 0 0 0 0 0 0 0 0 0 0 0 0 0 3 0 0 0 0 0 0 0 10 0 0 6 0 0 0 0 
0 0 0 0 0 0 0 0 0 0 12 0 0 0 0 0 0 0 0 0 0 0 0 0 0 0 0 0 0 0 0 19 0 0 0 12 0 0 0 0 0 0 0 15 0 25 0 0 0 13 0 0 0 16 0 0 0 0 0 0 9 0 0 0 0 0 0 0 0 0 12 0 0 1 6 0 21 3 4 0 0 3 0 0 0 6 3 4 0 0 0 0 0 1 0 0 0 0 0 0 0 0 0 0 0 0 0 0 9 0 0 0 0 0 0 0 0 0 0 0 0 0 0 0 0 0 1 0 0 0 0 0 0 0 0 0 1 0 0 15 0 0 0 0 0 0 0 0 0 0 0 0 0 0 0 0 0 0 0 0 0 0 0 0 0 0 0 0 
0 0 0 0 0 0 0 0 0 0 0 0 0 0 0 0 0 0 0 0 0 0 0 0 0 0 0 0 0 0 0 0 0 0 0 9 0 1 0 0 10 0 3 0 0 0 0 0 0 0 0 0 3 12 0 27 0 0 1 0 0 0 0 0 0 1 0 0 0 0 0 24 0 0 0 12 0 0 0 15 0 0 0 0 0 0 0 0 0 3 0 9 19 9 0 0 0 0 0 0 9 0 0 10 0 0 0 0 0 3 0 22 0 0 0 0 0 0 0 0 0 0 18 0 9 0 0 0 0 0 0 0 3 0 6 0 0 0 0 0 0 0 0 0 0 0 0 0 0 0 0 0 0 0 0 0 0 0 0 0 0 0 0 0 0 0 63 0 
0 0 0 0 0 0 0 1 0 0 0 0 0 0 0 0 0 0 0 0 21 0 0 0 0 0 0 0 0 0 0 0 0 0 0 27 0 0 0 0 0 0 0 0 0 0 0 0 3 0 0 0 0 0 0 1 12 1 0 0 0 24 0 0 0 0 0 0 12 0 21 0 0 0 0 0 3 1 0 0 0 0 0 3 21 0 0 0 0 0 0 0 0 0 28 0 0 0 0 0 0 0 0 12 1 0 0 0 0 0 0 0 1 3 0 3 21 18 0 0 3 0 0 0 0 0 0 0 0 0 0 0 0 0 0 0 1 0 0 0 0 9 0 0 0 0 0 0 0 0 0 0 0 0 0 0 0 0 0 0 0 0 0 0 0 0 0 0 
0 0 0 0 0 0 0 0 0 0 0 0 0 0 0 0 31 0 0 0 0 0 0 0 9 1 0 0 0 0 18 0 0 0 0 12 3 0 3 0 3 3 0 0 3 0 0 0 10 18 0 3 0 0 0 0 0 0 0 0 0 3 0 0 0 4 21 0 21 0 0 4 0 0 0 0 0 0 0 0 0 9 0 0 1 0 28 0 0 0 0 0 15 0 0 0 0 0 0 0 0 0 0 0 0 0 0 0 25 0 0 0 0 15 0 0 0 0 0 0 0 0 0 0 0 0 0 0 0 0 0 0 0 0 0 0 0 0 0 0 0 0 0 0 0 0 3 0 0 0 0 0 3 0 0 0 0 0 0 0 0 0 0 0 0 0 0 0 
0 0 0 0 0 0 0 0 0 0 0 0 0 16 0 0 0 0 0 0 0 0 0 0 6 0 0 0 31 0 0 0 0 0 0 0 0 0 0 0 0 0 9 0 0 0 0 0 12 0 9 0 0 0 0 0 0 0 0 0 0 0 0 0 0 0 0 4 0 0 0 0 0 0 0 0 0 1 6 0 18 0 0 0 3 24 0 0 0 7 0 0 0 0 3 0 0 0 0 1 0 0 0 12 0 4 24 12 3 0 0 0 0 1 27 0 0 3 6 3 0 0 0 0 0 0 0 0 0 0 0 0 0 0 6 0 0 0 0 0 0 0 0 0 0 0 0 0 0 0 0 0 0 0 0 0 0 0 0 0 0 0 0 0 0 0 0 0 
0 0 0 0 0 0 0 0 0 0 0 0 0 0 0 0 0 0 0 0 0 0 0 0 0 0 0 0 0 0 0 1 0 0 9 1 0 0 0 3 0 0 0 0 0 0 6 0 0 4 1 0 0 0 0 0 0 0 0 0 27 0 0 1 6 0 0 0 18 19 0 0 13 0 0 0 9 0 0 0 0 21 0 0 22 0 0 0 0 0 0 0 0 0 0 0 0 0 0 0 0 0 0 0 0 0 0 0 0 0 0 0 1 0 1 18 0 0 0 0 0 0 0 0 0 0 0 0 0 7 0 0 0 0 0 0 0 0 0 0 0 0 0 0 0 0 0 0 0 0 0 0 0 0 0 0 0 0 0 0 0 0 0 0 0 0 0 0 
0 0 0 0 0 0 0 0 0 0 0 0 0 0 0 0 21 0 0 0 0 0 0 0 0 0 0 0 0 0 0 0 0 0 3 0 0 0 0 24 0 0 0 0 0 0 0 0 0 10 0 0 0 0 0 0 0 0 0 0 0 0 0 0 6 0 27 0 0 0 0 9 0 0 0 0 0 0 0 0 0 9 0 7 0 0 3 0 0 0 0 0 0 1 0 0 0 1 0 1 0 0 0 6 0 0 0 0 0 0 0 0 15 7 21 0 0 0 0 0 6 0 0 4 0 0 0 12 0 0 0 0 0 0 0 0 36 0 0 0 0 0 0 0 0 0 0 0 0 0 0 0 0 0 0 0 0 0 0 0 0 0 0 0 0 0 0 0 
0 0 0 0 0 0 0 0 0 0 0 0 13 0 0 0 0 0 0 0 0 0 0 0 0 0 0 0 0 0 0 0 0 18 0 0 0 3 0 0 0 0 6 0 0 21 0 0 12 0 0 0 0 0 0 0 0 0 0 4 0 0 0 0 3 0 0 0 0 0 0 7 0 0 0 0 0 0 0 0 0 0 0 0 0 7 24 0 0 0 0 0 0 0 0 0 0 3 0 0 0 0 0 0 0 0 0 0 0 0 0 0 0 0 27 0 0 15 3 0 0 0 0 0 0 0 4 0 28 0 0 0 0 0 3 0 0 0 6 0 0 0 0 0 10 0 0 0 0 0 0 0 0 0 0 0 0 0 0 0 0 0 0 0 0 0 0 0 
0 0 0 0 0 0 0 0 0 0 0 0 0 0 0 0 0 0 0 0 0 0 0 0 0 0 0 0 0 0 0 0 0 0 0 0 0 0 0 0 0 0 0 0 0 28 0 0 0 0 0 0 0 0 0 10 4 0 3 0 0 9 0 0 0 0 0 0 0 0 0 0 1 9 3 0 0 4 0 3 0 24 1 0 15 3 4 0 0 3 0 9 0 1 0 1 0 0 0 0 0 0 6 1 3 0 0 0 0 7 0 9 0 0 0 0 0 24 0 1 0 0 0 0 0 0 0 0 3 0 0 0 0 0 0 0 0 0 0 0 0 0 0 0 18 0 0 0 0 0 0 0 0 0 0 0 0 0 0 0 0 0 0 0 0 0 0 0 
0 0 0 0 0 0 0 0 0 0 0 0 0 49 0 0 0 0 0 0 0 0 0 0 0 0 0 0 0 0 0 0 0 0 0 0 0 0 0 15 0 21 0 0 0 0 15 0 0 9 0 0 0 0 0 0 0 0 0 0 0 3 3 0 12 0 3 9 0 0 0 4 0 0 0 0 0 0 0 0 0 0 0 3 13 3 3 0 0 0 21 9 0 0 9 0 12 0 0 0 15 0 0 0 0 0 0 0 0 3 0 0 0 18 19 0 0 0 0 0 0 0 0 0 0 0 0 0 0 0 0 0 0 0 0 0 0 0 0 0 0 0 0 0 0 0 0 0 0 0 0 6 0 0 0 0 0 0 0 0 0 0 0 0 0 0 0 0 
0 0 0 0 0 0 0 0 0 0 0 0 0 33 0 0 0 0 0 0 0 0 0 0 0 0 0 36 0 3 0 0 0 0 0 0 0 6 0 0 0 0 0 0 0 24 0 0 0 0 0 7 0 0 0 0 0 0 0 0 6 0 0 0 0 0 0 7 0 0 1 0 0 1 0 24 0 0 0 19 0 0 0 4 0 21 0 3 18 0 0 0 0 0 0 0 0 0 0 0 0 0 0 0 0 0 0 24 0 21 6 0 0 0 0 0 0 24 0 0 0 25 18 6 15 0 0 0 0 0 0 0 0 0 3 24 0 1 0 0 0 0 0 0 0 0 0 0 0 0 0 0 0 0 0 0 0 0 0 0 0 0 0 0 0 0 0 0 
0 0 0 0 0 0 0 0 0 0 0 0 0 0 0 0 0 0 0 0 0 0 0 0 0 0 0 0 0 0 0 0 0 0 30 1 0 0 0 0 0 0 0 0 0 24 0 21 0 0 0 0 1 0 0 0 0 0 0 0 0 16 0 1 0 0 0 4 0 0 0 13 0 0 0 0 0 0 0 0 0 0 0 15 15 9 0 0 1 0 0 0 7 0 30 1 0 0 0 0 0 0 0 0 0 0 0 0 0 0 0 0 0 1 0 0 0 0 0 9 0 6 1 0 0 0 0 0 0 0 0 0 0 0 0 0 0 0 0 0 0 0 0 0 0 0 0 0 0 0 0 0 0 0 0 0 0 0 0 0 0 0 0 0 0 0 0 0 
0 0 0 0 0 0 0 0 0 0 0 0 0 0 0 0 0 0 0 0 0 0 0 4 0 9 0 0 0 0 0 0 0 0 0 0 0 0 0 12 4 0 0 16 0 0 0 30 0 0 0 0 0 9 0 4 0 4 0 1 0 0 0 0 0 9 18 3 0 0 0 0 7 0 0 0 0 0 13 0 0 0 18 0 1 21 19 3 0 0 0 0 0 0 0 0 0 0 0 0 0 0 0 0 0 0 15 0 0 0 0 0 0 0 0 0 7 0 0 0 0 0 3 0 0 6 0 0 0 0 0 0 0 0 0 0 0 0 13 0 0 0 3 0 0 0 0 0 0 0 0 0 0 0 0 0 0 0 0 0 0 0 0 0 0 0 0 0 
0 0 0 0 0 0 0 0 0 0 0 0 0 0 0 0 0 0 0 0 0 0 0 0 0 0 0 0 0 0 0 1 0 0 0 0 0 13 0 1 0 0 0 0 0 0 21 0 0 0 19 9 0 6 0 0 0 12 0 0 0 0 3 0 0 0 0 0 15 12 0 0 0 0 1 0 0 0 13 0 0 0 0 0 0 0 1 0 0 4 0 18 0 0 18 0 0 0 0 0 3 9 9 0 1 0 0 0 0 25 0 0 0 0 0 0 3 6 0 0 0 3 3 0 0 0 0 3 0 0 27 0 0 0 0 0 0 0 0 0 0 0 0 0 0 0 0 0 21 19 0 0 0 0 0 0 0 0 0 0 0 0 0 0 0 0 0 0 
0 0 0 0 0 0 0 0 0 0 0 0 0 0 0 0 0 0 0 0 0 0 0 0 0 0 0 0 0 0 0 0 12 0 0 10 0 0 0 0 0 24 0 24 0 0 0 0 0 0 4 4 0 0 0 0 0 0 0 0 0 0 0 0 0 0 0 0 0 13 0 0 9 0 0 0 0 1 0 0 0 0 0 0 12 22 3 0 0 0 0 0 0 0 0 0 0 0 0 3 0 9 0 0 0 10 0 0 0 0 3 0 0 0 0 9 0 6 0 0 15 0 1 25 0 0 10 0 0 0 0 0 0 0 0 0 0 0 0 0 0 0 0 0 0 0 0 0 0 0 0 0 0 0 0 0 0 0 0 0 0 0 0 0 0 0 0 0 
0 0 0 0 0 0 0 0 0 0 0 0 0 0 0 0 0 3 0 0 0 0 0 0 0 0 0 0 0 0 0 6 0 0 0 0 0 0 0 0 0 0 0 0 0 0 0 0 9 0 4 0 0 0 0 0 0 0 3 0 0 0 0 0 0 0 9 6 0 1 0 0 27 0 0 0 0 1 0 0 0 0 0 0 0 0 3 0 4 0 0 7 0 0 0 0 0 0 0 0 0 18 10 0 0 0 0 0 0 10 0 0 28 0 0 0 0 0 3 0 0 0 0 0 0 0 0 6 0 0 6 0 0 0 0 0 0 0 0 0 0 0 0 0 0 0 0 0 0 0 0 0 0 0 0 0 0 0 0 0 0 0 0 0 0 0 0 0 
0 0 0 0 0 0 0 0 0 0 0 0 0 0 0 0 0 0 0 0 0 12 0 0 0 0 0 0 0 0 0 0 0 0 0 0 0 0 31 0 0 0 18 0 0 0 0 0 0 21 1 0 0 0 0 0 0 0 3 0 0 0 0 0 0 0 0 0 0 18 0 1 0 0 0 10 0 0 0 0 18 0 0 0 1 0 0 0 0 0 18 0 0 0 0 1 0 0 0 0 0 0 0 0 0 0 1 1 21 0 0 0 3 0 1 18 1 0 0 0 0 0 0 0 0 0 0 0 0 0 0 0 1 0 0 0 0 0 0 0 0 0 0 0 0 0 0 0 0 0 0 0 0 0 0 0 0 0 0 0 0 0 7 0 0 0 0 0 
0 0 0 0 0 0 0 0 0 0 0 0 0 0 0 0 0 0 0 0 0 0 0 0 0 0 0 0 0 0 0 0 1 4 0 0 0 0 0 0 1 0 0 0 0 0 0 12 0 0 0 3 0 0 0 0 0 0 0 0 0 0 0 0 0 0 0 16 3 0 13 3 0 0 6 0 6 0 0 0 0 0 0 0 0 0 0 0 0 0 16 0 0 0 0 0 0 3 4 0 0 0 24 0 0 0 0 0 0 0 0 0 0 0 0 0 0 0 0 0 0 0 1 6 0 0 0 0 0 0 0 0 0 0 3 0 0 0 0 0 0 0 0 0 0 0 0 0 0 0 0 0 0 0 0 0 0 0 0 0 0 0 0 0 0 0 0 0 
0 0 0 0 0 0 0 0 0 0 0 0 0 0 0 0 0 0 0 21 0 0 0 0 7 0 0 0 0 0 0 0 0 0 0 0 0 18 0 1 0 0 0 0 0 0 0 0 0 0 0 0 0 0 15 0 0 0 0 0 0 3 0 0 6 3 3 0 0 0 0 0 0 6 0 0 0 0 0 7 0 0 0 3 4 0 3 0 0 9 0 0 0 0 0 0 0 3 12 0 0 0 0 0 0 3 0 0 0 0 0 0 0 0 27 0 0 0 0 15 0 9 0 0 0 0 0 0 0 19 0 1 0 0 0 0 0 0 0 0 0 0 0 0 0 0 0 0 0 0 0 0 0 0 0 0 0 0 0 0 0 0 0 0 0 0 0 0 
0 0 0 0 0 0 0 0 0 0 0 0 0 0 0 0 0 0 0 0 0 0 0 6 0 0 0 0 0 0 0 0 0 21 0 0 0 12 0 0 7 0 1 0 0 18 0 0 0 9 0 7 0 0 0 0 9 0 0 0 0 0 0 0 0 1 9 0 0 0 0 0 0 0 0 0 0 0 0 0 0 0 0 0 0 0 0 0 0 0 0 0 0 0 0 0 4 0 0 24 0 0 3 15 0 6 0 0 0 0 1 0 0 27 0 0 0 0 0 0 0 0 0 0 0 0 0 4 15 18 0 0 0 0 0 0 0 0 0 0 0 0 0 0 0 0 0 0 0 0 0 0 0 0 0 0 1 0 0 0 0 0 0 0 0 0 0 0 
0 0 0 0 0 0 0 0 0 0 0 0 0 0 0 0 0 0 0 0 0 0 0 0 0 0 0 0 1 0 0 0 0 0 0 0 0 0 0 0 0 0 0 0 0 0 0 0 0 0 0 0 0 0 0 0 0 0 0 0 0 0 1 0 0 0 0 0 3 0 0 0 0 0 0 0 0 0 0 0 0 0 0 0 0 3 0 0 0 0 0 0 0 0 3 13 0 0 3 0 0 7 6 0 0 0 27 0 0 0 9 0 0 0 6 0 0 0 0 3 9 0 0 0 15 0 0 0 0 0 0 0 0 0 0 0 0 0 6 0 0 0 0 0 0 0 0 0 0 0 0 0 9 0 0 3 0 0 0 0 0 0 0 0 0 0 0 0 
