0 0 0 0 0 0 0 0 0 0 0 0 0 0 0 0 0 0 0 0 0 0 0 0 0 0 0 4 0 0 0 0 0 0 0 0 0 0 10 15 0 0 0 0 0 0 0 0 0 0 1 0 0 0 12 0 0 7 0 0 0 9 0 0 0 1 13 25 0 0 0 0 0 0 0 4 0 0 3 0 0 0 3 12 0 0 24 0 0 0 4 0 0 12 0 0 0 0 0 0 0 1 0 0 0 0 0 0 1 0 0 0 0 0 0 0 0 0 0 19 0 0 0 0 0 0 0 3 33 0 0 0 13 0 0 0 0 0 0 0 0 0 0 0 0 0 0 3 0 0 0 0 0 0 0 0 0 0 0 0 0 0 0 0 0 0 0 0 
0 57 0 0 0 0 0 0 0 0 0 0 0 0 0 0 0 0 0 0 0 24 1 0 0 0 0 0 0 0 0 0 0 0 0 0 0 27 9 3 0 0 0 0 0 0 0 9 0 0 0 22 0 1 0 6 15 0 0 0 0 0 0 0 0 0 3 0 0 1 0 0 0 0 0 1 0 4 0 0 6 9 3 6 0 0 0 0 0 3 0 16 3 0 9 18 0 0 0 0 16 0 0 4 0 6 0 0 0 0 0 0 0 0 3 0 3 0 0 0 0 0 0 21 6 0 0 0 0 0 0 0 0 0 34 0 0 0 1 0 0 0 0 0 0 0 0 0 0 0 0 0 0 0 0 0 0 0 0 0 0 0 0 0 0 0 0 0 
0 0 0 0 0 0 0 0 0 0 0 0 0 0 0 0 0 0 0 0 0 0 0 0 0 0 0 0 0 0 0 0 0 0 0 0 0 0 0 0 0 0 0 0 0 0 0 0 0 0 0 0 0 0 0 0 0 0 7 0 1 0 4 0 0 12 3 0 0 0 0 15 0 9 0 0 0 0 0 0 0 0 7 1 0 0 0 0 0 9 0 0 0 1 7 3 0 1 0 0 0 1 1 3 6 0 4 24 10 1 0 31 0 0 0 0 0 10 0 0 0 0 0 0 0 0 0 0 1 0 0 0 0 0 0 1 0 24 0 0 0 0 0 0 0 0 0 0 0 0 0 0 0 0 0 0 0 30 0 0 0 0 0 0 0 0 0 0 
0 0 0 0 0 0 0 0 0 0 0 0 0 0 0 0 0 0 0 0 0 0 0 0 0 0 0 21 0 0 0 0 0 0 0 0 0 0 0 0 0 0 0 0 0 0 0 0 0 0 0 0 0 0 0 13 0 0 0 0 0 0 0 4 0 0 0 0 0 4 6 0 0 19 0 0 0 0 9 0 0 0 1 0 9 21 0 0 0 0 21 0 3 9 0 21 6 0 0 0 3 0 0 3 4 0 0 0 13 0 0 0 0 3 0 0 0 0 0 0 0 0 0 0 0 0 0 0 0 0 0 0 0 0 0 0 0 0 0 0 0 0 0 0 0 0 0 0 0 0 0 0 6 0 0 0 0 0 0 0 0 0 0 0 0 0 0 0 
0 0 0 0 0 0 0 0 0 0 0 0 0 0 0 0 0 0 0 0 0 0 0 0 0 0 0 0 0 0 0 0 0 0 0 0 0 0 0 0 0 0 0 0 0 0 0 0 0 0 0 0 0 0 0 0 0 0 0 6 3 0 0 0 0 0 18 0 0 0 0 0 0 0 0 0 13 1 0 0 0 0 0 0 6 0 12 0 0 9 24 0 3 0 0 0 0 24 0 0 0 0 10 0 6 0 4 0 0 18 1 0 0 0 0 0 0 0 0 0 0 0 0 0 0 0 0 0 9 0 0 0 0 0 3 0 0 0 1 0 0 0 0 0 0 0 0 16 0 0 0 0 0 0 3 0 0 0 0 0 0 0 0 0 0 0 0 0 
0 0 0 0 0 0 0 0 0 0 0 0 0 0 0 0 0 0 0 0 0 0 0 0 0 0 0 0 0 0 0 0 0 0 0 0 0 0 0 0 0 0 0 0 0 0 0 0 0 0 0 0 0 0 0 0 0 0 6 0 9 0 0 1 0 1 6 0 0 0 0 0 0 0 0 3 6 25 0 0 1 0 0 0 0 3 10 7 7 0 0 0 0 0 0 0 0 0 1 0 6 7 3 0 0 0 0 1 0 0 0 0 0 0 0 1 0 0 0 9 0 0 0 6 0 0 0 0 0 0 0 0 0 0 0 0 4 0 0 12 0 0 0 0 0 0 0 0 0 0 27 0 0 0 0 0 0 0 0 0 0 0 0 0 0 0 0 0 
0 0 0 0 0 0 0 0 0 0 0 0 0 0 0 0 0 0 0 0 0 0 0 0 0 0 0 0 0 0 0 0 0 0 0 0 0 0 0 0 0 0 0 0 0 0 12 0 0 0 0 0 0 0 0 0 0 0 0 0 1 0 0 0 0 0 9 0 24 0 3 0 3 3 6 0 1 0 18 0 0 4 12 15 25 12 0 0 0 0 0 3 0 0 0 0 0 0 16 0 0 0 0 1 16 21 19 0 0 0 0 0 6 0 24 0 0 0 1 3 0 0 0 0 0 0 0 0 0 0 0 0 0 0 0 0 0 0 0 0 3 0 0 0 0 0 0 0 0 0 0 0 3 0 0 0 0 0 0 0 0 0 0 0 0 0 0 0 
0 0 0 0 0 0 0 0 0 0 0 0 0 0 0 0 0 0 0 0 0 0 0 0 0 0 0 0 0 0 0 0 0 0 0 0 0 0 0 0 0 33 0 0 0 0 0 4 0 0 0 18 0 0 0 0 0 0 0 0 0 4 0 0 0 0 0 0 0 3 0 21 0 0 0 0 0 0 0 0 0 0 0 0 4 0 0 7 0 0 0 0 0 0 0 1 0 7 0 1 0 0 0 0 0 3 6 0 0 0 0 0 0 0 0 0 3 0 0 18 0 0 0 6 0 0 0 0 0 0 0 0 0 0 0 0 0 0 0 0 0 0 0 0 0 0 0 0 0 0 0 0 0 0 0 0 0 0 0 0 15 0 0 0 0 0 0 0 
0 0 0 0 0 0 0 0 0 0 0 0 0 0 0 0 0 0 0 0 0 0 0 0 0 0 0 0 0 0 0 0 0 0 0 0 0 0 0 0 0 3 0 6 0 0 0 0 0 0 0 0 15 0 0 0 0 0 0 0 0 0 0 0 0 0 0 0 6 0 19 0 0 0 0 0 0 0 0 0 0 18 0 3 18 3 0 0 0 0 7 0 12 0 0 18 0 0 0 6 0 0 0 0 0 1 0 0 0 0 0 0 0 12 0 0 0 0 0 0 0 0 0 0 0 0 0 0 0 0 0 0 0 0 1 0 0 0 0 0 0 0 0 0 0 0 0 0 0 0 1 0 0 0 0 0 0 0 0 0 0 0 0 0 0 0 0 0 
0 0 0 0 0 0 0 0 0 0 0 0 0 0 0 0 0 0 1 0 0 0 0 0 0 0 0 0 0 0 0 0 0 0 0 22 3 3 0 0 0 0 0 0 0 0 0 0 0 0 0 0 0 0 0 0 0 9 0 0 0 0 0 0 0 0 4 0 0 0 0 1 0 0 0 0 0 0 0 0 0 0 0 0 0 3 0 0 0 0 0 24 3 15 0 18 0 0 0 0 0 3 3 0 0 0 6 1 0 0 3 0 12 0 0 3 0 0 0 0 7 0 0 19 0 18 0 0 0 0 0 0 0 0 0 9 0 0 0 0 0 0 0 0 0 0 0 0 0 0 0 0 0 0 0 0 0 0 0 0 0 0 0 0 0 0 0 0 
0 0 0 0 0 0 0 0 0 0 0 0 0 0 0 0 0 0 0 0 0 0 0 0 0 0 0 0 0 0 0 0 0 0 0 0 0 0 0 0 0 21 24 0 3 16 0 0 0 0 0 0 0 0 0 0 12 21 4 6 0 0 0 0 0 10 0 0 0 0 0 0 13 0 0 0 0 0 0 1 0 0 22 12 0 0 28 9 0 0 0 0 0 0 22 0 0 0 0 27 1 0 0 0 0 0 3 0 3 0 0 0 0 0 0 0 0 0 0 0 0 0 0 0 0 0 0 0 0 0 0 0 0 0 0 0 0 9 0 0 0 0 0 0 0 0 0 0 0 0 0 0 0 0 0 0 1 0 0 0 0 0 0 0 0 0 0 0 
0 0 0 0 0 0 0 0 0 0 0 0 0 0 0 0 0 0 0 0 0 0 0 0 0 0 0 0 0 0 0 0 0 0 0 0 0 0 0 27 0 0 0 6 10 10 0 0 0 0 0 0 12 0 13 0 0 0 12 18 0 6 0 0 9 0 0 7 0 0 0 0 0 0 0 12 0 0 0 0 0 0 0 1 3 0 0 0 0 0 0 0 0 1 3 27 0 0 0 0 0 0 6 0 0 0 0 0 3 0 10 0 12 0 0 0 0 0 27 0 0 0 0 0 0 15 0 0 0 12 0 1 0 0 0 0 0 24 0 0 0 0 0 0 1 0 0 0 0 0 0 0 0 0 0 0 0 0 0 0 0 0 0 0 0 0 0 0 
0 0 0 0 0 0 0 0 0 0 0 0 0 0 0 0 0 0 0 0 0 0 4 0 0 0 0 0 0 0 0 0 0 0 19 6 0 0 0 0 27 0 0 0 0 0 0 0 0 0 0 0 18 0 0 0 0 0 9 0 3 0 13 12 0 0 0 6 0 4 0 0 0 0 0 0 0 0 1 7 4 0 0 0 0 0 0 12 0 0 0 0 9 0 1 6 0 0 0 3 0 0 1 0 0 0 0 0 0 0 0 0 0 0 0 0 15 0 0 0 0 16 0 0 0 0 0 3 0 0 0 0 0 0 0 0 0 0 0 0 0 0 0 0 0 0 36 0 0 0 0 0 0 0 0 0 0 0 0 0 0 0 0 0 0 0 0 0 
0 0 0 0 0 0 0 0 0 0 0 0 0 0 0 0 0 0 0 0 0 0 0 0 0 0 0 0 0 0 0 4 0 0 16 0 0 0 0 0 0 0 0 0 0 0 0 0 0 3 0 0 0 0 0 0 0 21 0 0 0 0 0 0 0 0 0 0 3 0 0 0 15 3 3 0 0 0 0 0 24 0 0 0 6 0 0 9 24 3 0 0 0 0 12 7 3 0 3 0 0 3 3 0 0 0 9 0 0 0 0 0 3 0 0 0 0 0 0 0 0 0 0 0 0 0 0 0 0 33 9 0 0 0 0 0 0 0 0 0 0 0 0 0 0 3 0 0 0 0 0 0 0 0 0 0 0 0 0 0 0 0 0 0 0 0 0 0 
0 0 0 0 0 0 0 0 0 0 0 0 0 0 0 0 0 0 0 0 0 0 0 0 0 0 0 0 0 0 0 0 0 0 0 0 0 0 0 0 0 0 0 0 0 0 0 0 0 0 0 0 0 0 0 0 0 0 0 0 4 0 0 0 0 0 0 0 0 1 0 0 0 0 9 6 0 0 0 1 0 0 0 6 1 0 0 0 0 9 27 9 0 0 0 0 0 0 1 0 1 0 6 0 0 0 10 0 7 0 0 0 0 0 0 0 24 0 0 0 0 0 0 0 0 0 0 0 0 0 0 0 0 0 0 0 0 0 0 0 0 0 0 0 0 0 0 0 0 0 0 0 0 0 6 0 0 0 0 0 0 0 0 0 0 0 0 0 
0 0 0 0 0 0 0 0 0 0 0 0 0 0 0 0 0 0 0 0 6 0 0 0 0 0 0 0 1 0 0 0 6 0 0 0 0 0 0 0 0 0 0 0 0 0 0 0 0 0 0 0 0 0 0 0 0 9 3 0 22 0 0 0 0 0 0 0 0 0 0 0 0 0 1 12 1 0 0 0 0 10 0 7 3 9 0 30 12 24 9 0 0 0 0 0 0 0 0 0 6 0 3 9 0 0 0 0 0 0 0 12 9 0 0 0 0 6 7 15 0 0 0 0 0 0 0 0 0 0 0 0 0 9 0 0 0 0 0 0 0 0 0 0 0 0 0 0 0 0 0 0 0 0 9 0 0 0 0 0 0 0 0 0 0 0 0 0 
0 0 0 0 0 0 0 0 0 0 0 0 0 0 0 0 0 0 0 0 0 0 0 0 3 0 0 0 0 0 0 0 0 0 0 0 0 0 0 0 0 0 0 0 0 0 0 0 0 0 0 0 0 21 0 0 0 0 0 0 0 0 6 0 0 21 0 0 0 0 0 0 0 0 9 0 3 0 0 3 0 0 0 0 21 0 7 10 0 0 15 0 0 0 0 6 0 3 0 0 0 0 0 0 3 4 0 0 0 0 0 0 3 0 0 0 30 1 3 0 0 0 0 0 3 3 0 21 0 0 0 0 0 0 0 0 0 0 0 0 0 0 0 0 9 0 0 0 0 0 0 0 0 0 0 0 0 0 0 0 0 0 0 0 0 0 0 0 
0 0 0 0 0 0 0 0 0 0 0 0 0 0 0 0 0 0 0 0 0 0 0 0 0 0 0 0 0 0 0 0 0 0 0 28 0 0 0 0 0 0 0 0 0 0 0 0 0 0 10 0 0 24 0 0 4 3 9 24 0 0 6 0 0 0 0 0 0 0 0 3 0 0 0 0 9 12 0 0 0 10 0 0 0 0 6 0 0 0 0 0 0 0 0 0 24 0 0 0 9 0 0 0 9 0 0 3 0 0 0 0 28 0 0 0 3 0 0 0 0 0 12 0 0 0 0 0 0 0 0 0 0 0 0 0 0 0 1 0 0 0 0 0 0 0 0 0 0 0 0 0 0 0 0 0 0 0 0 0 0 0 0 0 0 0 0 0 
0 0 0 0 0 0 0 0 0 0 0 0 0 0 0 0 0 0 0 0 30 0 0 0 0 0 0 0 0 0 0 0 0 0 0 0 0 0 0 0 0 0 0 1 0 0 0 0 0 0 0 0 0 0 0 0 0 0 0 12 4 27 0 0 0 0 0 0 0 0 0 0 0 0 0 0 0 0 0 0 0 0 0 0 0 0 0 13 0 0 0 0 6 0 0 0 0 0 0 0 0 1 6 0 12 0 1 0 0 0 0 0 0 0 0 0 0 0 0 0 0 0 0 0 3 0 0 0 0 0 0 0 0 0 0 0 0 0 0 0 0 0 0 0 31 0 0 0 0 0 0 0 0 0 0 0 0 0 0 0 0 0 0 0 0 0 0 0 
0 0 0 0 0 0 0 0 0 15 0 0 0 0 0 0 0 0 0 0 0 0 0 0 0 0 0 0 0 0 0 0 0 0 0 0 0 0 0 0 0 4 0 0 3 22 0 0 0 0 0 0 0 10 18 0 4 0 6 0 0 0 21 0 0 0 0 0 0 0 0 18 0 0 16 9 6 0 0 3 0 0 0 0 0 16 13 0 0 0 0 1 0 0 0 0 0 0 6 3 18 3 0 4 0 6 0 0 0 0 0 12 25 0 0 0 0 0 0 0 0 0 0 0 0 0 0 12 0 0 0 0 0 0 0 0 0 0 0 0 0 0 0 0 0 0 0 0 0 0 0 0 0 0 0 0 0 0 0 0 0 0 0 0 0 0 0 0 
0 0 0 0 0 0 0 0 0 0 0 0 0 0 0 0 0 0 0 0 0 0 0 0 0 0 4 0 0 0 0 0 0 0 0 30 0 0 0 0 0 0 0 0 3 0 0 0 0 0 0 0 0 0 24 0 0 0 0 0 0 0 0 0 3 0 9 0 0 0 0 0 0 0 3 0 1 0 0 3 0 0 0 0 3 6 1 0 0 0 4 0 0 4 27 0 4 0 10 6 0 0 3 0 22 0 0 0 0 1 0 0 0 0 0 0 0 3 4 0 0 0 0 0 0 1 0 0 0 0 0 0 0 0 0 0 0 0 0 0 0 0 0 0 0 0 0 0 0 0 0 0 0 0 0 0 1 0 0 0 0 0 0 0 0 0 0 0 
0 0 0 0 0 0 0 0 0 0 0 0 0 0 0 0 0 0 0 0 0 0 0 0 0 0 0 0 0 3 0 0 0 0 0 0 0 1 0 0 0 0 0 0 0 0 0 0 0 0 0 0 0 0 0 0 9 0 0 0 0 0 4 0 0 9 21 0 0 0 0 0 0 0 0 0 0 4 0 0 0 0 0 0 0 0 0 0 10 0 0 0 1 0 18 0 27 7 0 0 21 0 0 0 0 1 0 1 0 0 1 0 0 24 0 0 0 9 0 0 0 0 9 0 0 0 0 1 0 0 0 0 0 0 0 0 0 0 3 0 0 0 0 0 0 0 0 0 0 0 0 0 0 0 0 0 0 0 0 0 0 0 0 0 0 0 0 0 
0 0 0 0 0 0 0 0 0 0 0 0 0 0 0 0 0 0 0 0 0 0 0 0 0 0 0 0 0 0 0 0 0 6 0 0 0 0 0 0 0 0 0 0 0 0 0 0 0 0 0 0 9 0 0 0 0 0 0 0 0 0 0 0 0 0 0 0 0 0 0 4 0 0 0 7 0 0 3 3 6 0 0 0 15 0 0 0 0 0 7 1 10 0 0 0 3 7 1 0 1 21 0 0 0 1 6 0 1 0 12 0 6 0 0 0 0 0 0 0 0 0 0 19 0 0 0 9 7 0 0 0 0 0 0 0 0 0 25 0 0 0 0 0 0 0 0 0 0 0 0 0 0 0 0 0 0 0 0 0 0 0 0 0 0 0 0 0 
0 0 0 0 0 0 0 0 0 0 0 0 0 0 0 0 0 0 0 0 0 0 0 0 0 0 0 0 0 0 0 0 0 0 0 0 0 0 0 0 0 0 0 0 4 0 9 0 0 0 0 0 0 0 0 0 0 0 0 0 0 0 0 10 0 0 3 0 3 6 3 0 0 0 0 0 0 0 0 1 0 7 0 12 0 6 0 0 0 0 12 0 22 0 0 0 0 0 0 3 1 0 1 0 0 0 0 0 0 0 0 0 0 18 0 0 0 21 0 0 0 3 0 0 0 0 18 0 0 0 0 0 0 0 0 0 3 10 6 0 0 0 0 0 0 0 0 0 0 0 0 0 0 0 0 27 0 0 0 0 0 0 0 0 0 0 0 0 
0 0 0 0 0 0 0 0 0 0 0 0 0 0 0 0 0 0 0 0 0 0 0 0 0 0 0 0 0 0 1 0 0 0 0 0 0 0 0 0 0 1 12 0 0 0 0 0 0 0 0 0 0 0 0 0 0 0 0 0 0 12 0 0 0 0 0 0 1 1 0 0 0 4 3 0 0 3 1 0 0 0 0 0 0 0 0 0 0 0 0 0 0 0 0 0 3 16 0 0 0 24 0 0 1 0 0 0 0 0 0 0 0 18 0 3 25 0 0 0 0 0 0 1 0 0 0 0 0 0 0 0 0 21 0 6 0 0 0 0 0 0 0 0 0 0 0 0 0 0 0 0 13 0 0 0 0 0 0 0 0 0 0 0 0 0 0 0 
0 0 0 0 0 0 0 0 0 0 0 0 0 0 0 0 0 0 0 0 0 0 0 0 0 0 0 0 0 0 0 0 0 0 0 0 0 0 0 0 0 0 0 0 0 10 0 0 0 0 0 0 0 0 0 1 0 0 0 0 4 0 0 0 0 18 0 0 0 3 0 0 0 0 18 0 0 0 0 0 6 9 0 0 0 13 0 0 0 0 0 7 3 0 0 16 12 0 0 0 0 0 0 0 4 0 0 15 0 0 0 7 0 0 0 0 0 3 0 3 0 0 0 0 0 0 0 0 0 0 0 0 0 0 0 0 0 0 0 0 0 3 0 0 0 0 0 0 0 0 0 0 9 0 0 0 0 0 13 0 0 0 0 0 0 0 0 0 
0 0 0 0 0 0 0 0 0 0 0 0 0 0 0 0 0 0 0 0 0 0 0 0 0 0 0 0 0 0 0 0 6 0 0 0 0 0 0 0 0 0 0 0 0 0 3 0 0 0 0 0 0 0 0 0 0 0 0 0 0 7 13 0 0 0 0 0 19 0 0 0 0 0 0 0 0 0 0 0 0 3 0 18 0 3 0 0 6 0 0 0 6 0 0 7 0 0 0 0 15 0 0 0 6 0 0 7 0 0 0 0 0 0 19 0 0 21 0 10 28 0 0 13 0 3 0 0 0 0 0 0 3 0 0 1 0 0 0 0 0 0 12 0 0 0 0 0 0 0 0 0 0 0 0 0 0 0 0 0 0 0 0 0 0 0 0 0 
0 0 0 0 0 0 0 0 0 0 0 0 0 0 0 0 0 0 0 0 0 0 0 0 0 0 0 0 0 0 0 0 0 0 0 0 0 0 0 0 0 0 0 0 0 0 0 0 0 0 0 3 0 0 0 3 13 18 0 0 0 0 0 0 3 13 0 0 0 0 9 0 0 0 16 0 0 3 0 0 0 0 13 3 0 0 0 0 0 0 0 12 0 0 4 0 4 0 6 0 1 0 0 0 0 0 0 0 0 6 3 0 0 0 0 0 0 7 0 24 0 4 0 30 4 0 0 0 0 0 0 0 0 0 0 0 0 0 0 0 0 0 0 0 0 0 0 1 0 0 0 1 0 0 0 0 0 0 0 0 0 0 0 0 0 0 0 0 
0 0 0 0 0 0 0 0 0 0 0 0 0 0 0 0 0 0 0 0 0 0 0 0 0 0 0 0 0 0 0 0 0 9 0 0 0 0 0 6 0 0 0 0 12 0 0 0 9 0 0 0 0 0 16 16 0 12 0 0 0 0 0 0 0 1 0 0 1 1 0 0 0 0 0 0 0 0 0 0 12 3 10 3 3 24 0 0 13 0 0 0 0 3 0 0 0 6 6 0 0 1 0 0 7 0 1 0 0 0 0 0 0 0 0 0 0 0 0 0 0 0 0 0 0 0 0 0 0 0 0 0 0 0 0 0 1 0 0 0 0 0 0 0 0 0 0 0 0 0 0 0 0 0 0 0 0 0 0 0 0 0 0 0 0 0 0 0 
0 0 0 0 0 0 0 0 0 0 0 0 0 0 0 0 0 0 0 0 0 0 0 0 0 0 0 0 0 0 0 0 0 4 0 0 10 21 0 0 0 0 0 0 0 0 0 0 0 0 0 0 0 0 0 0 0 0 3 1 0 0 3 16 24 0 0 0 0 0 0 13 3 0 0 12 10 12 0 4 0 7 0 3 4 0 0 0 0 0 3 21 0 0 0 0 0 3 0 18 0 0 0 0 0 0 0 0 0 1 13 0 0 0 0 6 0 0 0 0 0 0 0 0 0 0 7 0 0 4 0 0 0 0 0 0 0 0 0 0 0 0 0 0 0 1 0 0 0 0 0 0 0 0 0 0 0 0 0 0 0 0 0 0 0 0 0 0 
0 0 0 0 0 0 0 0 0 0 0 0 0 0 0 0 0 0 0 0 0 0 0 0 0 0 0 0 0 0 0 0 0 0 0 0 0 0 0 0 0 0 0 0 0 0 0 0 0 0 0 0 0 0 0 0 0 0 0 0 3 6 0 0 0 0 0 0 0 0 3 0 0 0 0 4 0 0 0 12 0 1 0 0 0 15 0 0 0 0 6 0 0 0 0 0 0 0 12 18 4 0 0 0 0 0 0 0 0 10 0 0 0 0 0 0 0 0 0 0 15 0 0 0 6 0 0 9 0 0 0 0 0 0 0 0 0 0 0 0 0 1 0 0 0 0 0 6 0 0 0 0 0 0 0 0 0 0 0 0 0 0 0 0 0 0 0 0 
0 0 0 0 0 0 0 0 0 0 0 0 0 0 0 0 0 0 0 0 0 0 0 0 0 0 0 0 10 0 0 0 1 0 0 0 0 0 0 0 0 0 0 0 10 0 0 0 0 0 3 0 0 0 0 0 0 0 3 0 0 0 0 1 0 0 0 0 0 4 25 0 6 0 9 0 0 0 0 0 0 0 0 0 19 0 0 0 0 0 0 0 0 18 0 0 0 0 0 0 3 3 10 0 30 0 0 6 0 0 0 0 30 0 0 0 0 0 1 15 0 19 0 0 0 0 0 9 0 0 0 0 0 0 0 0 0 0 0 0 0 0 0 7 0 0 0 0 0 0 0 0 12 0 0 0 0 0 0 0 0 0 0 0 0 0 0 0 
0 0 0 0 0 0 0 0 0 0 0 0 0 0 0 0 0 0 0 0 0 0 0 0 0 0 0 0 0 0 0 0 0 0 0 0 36 24 0 0 0 0 0 0 0 0 0 0 1 0 27 0 0 0 0 0 0 0 0 7 0 0 0 6 0 0 0 0 0 0 0 0 0 0 0 0 0 0 0 3 0 3 9 0 0 0 0 0 0 7 28 0 0 0 0 0 0 0 0 9 3 1 0 0 0 0 21 0 0 0 0 0 0 0 0 9 18 1 0 0 0 0 0 0 0 0 0 0 0 0 0 0 0 0 0 0 0 0 0 0 0 12 0 0 0 0 0 0 0 0 0 0 0 0 0 0 0 0 0 0 0 0 0 0 0 0 0 0 
0 0 0 0 0 0 0 0 0 0 0 0 0 0 0 0 0 0 0 0 0 0 0 0 0 0 0 0 0 0 0 0 0 33 0 0 0 0 0 0 0 18 0 16 0 0 0 0 15 0 0 0 3 0 0 0 0 0 0 0 0 0 0 1 0 3 0 0 0 0 0 0 0 0 12 0 0 0 0 0 0 0 0 12 12 24 0 0 0 0 0 0 9 4 0 1 0 0 0 1 0 0 0 0 0 0 0 0 0 1 0 9 0 4 27 13 0 0 1 0 9 0 0 0 0 0 0 0 6 0 0 0 0 0 6 3 0 0 10 0 0 0 0 0 0 0 0 0 9 0 0 15 0 0 0 0 0 0 0 0 0 0 0 0 0 0 0 0 
0 0 0 0 0 0 0 0 0 0 0 0 0 0 0 0 0 0 0 0 0 40 0 0 0 0 3 0 0 0 0 1 0 0 21 0 0 0 0 0 0 0 0 6 0 0 0 0 0 0 0 0 0 0 0 0 7 0 0 3 0 0 0 3 7 12 0 1 0 0 0 0 0 0 0 0 3 0 0 0 0 1 3 0 0 0 0 0 6 0 0 0 0 3 0 0 0 0 0 3 0 15 0 0 0 0 0 0 0 0 0 0 0 0 0 0 0 0 0 0 0 0 0 0 0 0 0 0 0 0 0 0 0 21 12 0 0 0 0 0 0 0 0 0 0 0 0 0 0 0 0 0 0 0 0 0 0 0 0 0 0 0 12 0 0 0 0 0 
0 0 0 0 0 0 0 0 0 0 0 0 0 0 0 0 0 0 0 0 0 0 0 0 0 3 0 0 0 0 0 0 0 0 0 0 0 0 0 0 0 0 0 0 0 0 0 0 0 0 3 0 0 0 0 0 0 0 0 0 16 0 0 0 0 3 0 0 0 0 0 0 0 0 0 3 0 0 0 0 0 0 0 0 3 1 6 0 0 13 0 21 0 0 12 9 7 0 0 0 0 0 6 0 0 10 1 0 0 1 0 0 0 0 16 1 0 0 4 0 12 1 0 0 0 0 0 0 10 0 0 0 0 0 0 0 1 0 0 0 0 0 0 0 0 0 0 0 0 0 0 0 0 0 0 0 0 0 0 0 0 0 0 0 0 0 0 0 
0 0 0 0 0 0 0 0 0 0 0 0 0 0 0 0 0 0 0 0 0 0 0 0 0 6 0 0 0 0 0 0 0 0 0 0 1 1 0 0 0 0 0 1 4 0 0 0 0 0 0 0 0 0 0 0 0 0 1 0 0 0 0 0 0 3 0 0 0 0 0 0 6 1 0 0 0 0 0 0 0 0 0 9 0 0 19 0 13 0 12 0 0 0 0 0 13 0 4 3 1 0 12 7 0 0 0 0 0 0 0 0 10 0 0 0 0 10 0 0 0 0 0 0 0 0 0 0 0 0 0 0 0 0 0 0 0 0 0 0 0 0 0 0 0 0 0 0 0 0 0 0 0 0 0 0 0 0 0 0 0 0 0 0 0 0 0 0 
0 0 0 0 18 0 0 0 0 0 0 0 0 0 0 0 0 0 0 10 0 0 0 0 0 3 0 0 0 0 0 0 0 0 0 0 0 0 15 0 0 0 0 0 0 0 0 0 0 15 0 0 0 9 1 3 1 0 0 0 0 0 0 0 9 0 0 0 0 0 0 0 0 0 0 0 0 16 7 9 0 3 0 9 3 1 0 0 3 0 0 9 15 0 0 25 0 0 0 9 12 0 0 0 0 0 0 0 0 0 12 0 0 4 19 7 0 30 6 0 0 0 0 9 0 0 0 0 0 0 0 30 0 0 0 0 0 0 0 0 0 0 0 0 6 0 0 0 0 0 0 0 0 0 0 0 0 0 0 0 0 0 0 0 0 0 0 0 
0 0 0 0 0 0 0 0 0 0 0 0 0 0 0 0 0 0 0 0 0 0 3 0 0 0 0 0 0 0 4 0 19 0 0 0 0 0 0 0 0 0 0 0 0 0 0 0 0 0 0 0 0 0 0 0 0 0 0 0 0 0 0 0 15 1 0 0 0 0 0 0 0 6 0 10 15 0 0 0 0 0 0 1 0 3 0 0 3 0 0 16 0 0 1 6 0 0 6 3 7 0 0 0 0 0 0 0 0 0 0 0 0 0 0 9 0 24 0 0 0 9 0 0 0 0 0 0 0 0 0 0 0 0 0 0 0 0 0 0 0 0 0 0 0 0 0 0 0 0 0 0 0 0 0 0 0 0 0 0 0 0 0 0 0 0 0 0 
0 0 0 0 0 0 0 0 0 0 0 0 0 0 0 0 0 0 0 0 0 0 0 0 0 12 0 0 0 0 0 0 0 0 0 0 0 0 0 0 10 0 24 0 3 0 0 0 0 0 0 0 0 0 0 0 4 0 0 15 0 18 0 3 0 0 4 0 10 0 0 0 0 1 0 0 1 0 0 0 0 10 0 6 0 0 0 0 0 1 0 1 13 25 18 0 9 0 0 15 0 0 6 1 16 0 0 0 0 0 0 0 7 7 12 0 0 0 0 0 0 0 0 0 0 0 0 0 0 0 7 0 9 0 0 0 0 0 0 0 4 0 0 3 0 0 0 0 0 0 0 0 0 0 0 0 0 0 0 0 0 0 0 0 0 0 0 0 
0 0 0 0 48 0 0 0 0 0 0 0 0 0 0 0 0 0 0 0 0 0 0 0 0 0 0 0 0 0 0 0 0 0 0 0 0 0 0 25 0 0 0 30 0 0 0 0 0 0 0 0 0 0 1 0 0 0 0 0 0 0 0 0 0 0 3 0 0 0 0 0 0 25 18 0 0 4 0 0 10 6 3 0 6 0 0 0 6 0 0 0 3 0 0 0 0 13 0 0 0 0 0 0 0 0 0 0 0 0 0 0 0 3 0 0 0 0 0 10 0 9 0 0 0 0 0 0 0 0 0 0 0 0 0 0 0 0 1 0 0 0 0 0 0 0 0 0 0 0 0 0 0 0 0 0 0 0 0 0 0 0 0 0 0 0 0 0 
0 0 0 0 0 0 0 0 0 0 0 0 0 0 0 0 0 0 0 0 0 0 0 0 0 0 0 0 0 0 0 0 0 0 0 0 0 0 1 0 0 0 0 0 0 0 0 0 0 0 0 0 0 0 0 6 0 0 4 0 0 0 0 0 0 0 15 0 9 3 0 0 0 0 6 0 0 7 0 0 4 19 4 0 0 0 0 0 0 0 0 0 0 0 0 0 0 0 30 0 0 12 6 6 3 0 0 0 0 0 0 3 0 0 0 0 0 0 0 10 0 0 0 0 0 0 0 0 0 0 0 0 0 0 0 0 0 0 0 1 0 0 0 0 0 0 0 0 0 0 0 0 0 0 0 0 0 0 0 0 0 0 0 0 0 0 0 0 
0 0 0 0 0 0 0 0 0 0 0 0 0 0 0 0 0 0 0 0 0 0 0 0 0 0 0 19 0 0 0 0 0 0 6 0 0 0 0 0 3 1 0 0 0 0 0 0 0 0 0 0 0 25 0 3 0 0 0 1 0 4 0 0 0 0 0 0 0 0 0 0 0 0 0 12 0 6 0 0 1 0 0 30 0 0 0 0 0 0 0 0 0 0 0 3 1 0 0 0 0 0 0 1 19 0 0 0 0 0 15 0 0 0 0 0 0 10 0 0 0 1 0 0 0 0 0 0 0 0 0 0 0 25 0 0 0 0 0 0 0 0 0 0 0 0 0 0 0 18 0 0 0 0 0 0 0 0 0 0 0 0 0 0 0 0 0 0 
0 0 0 0 0 0 0 0 0 0 0 0 0 0 0 0 0 0 0 0 0 0 0 0 0 0 0 0 18 0 0 0 0 0 0 0 0 0 0 0 7 0 0 0 0 0 0 19 0 21 0 0 0 0 21 0 0 0 0 0 4 0 0 0 0 21 0 0 0 0 0 0 19 0 0 0 0 0 0 3 0 10 0 0 0 0 27 10 0 9 0 0 0 0 0 15 0 0 0 0 0 0 18 0 1 13 0 0 0 0 0 0 0 0 0 0 0 0 0 0 0 1 0 0 0 4 0 0 0 0 0 0 0 0 0 0 0 0 0 3 0 3 0 0 0 0 0 0 0 0 0 0 0 0 0 0 0 0 0 0 0 0 0 0 0 0 0 0 
0 0 0 0 0 0 0 0 0 0 0 0 0 0 0 0 0 0 0 0 0 0 0 0 0 0 0 0 0 0 0 0 0 0 0 0 0 0 0 0 4 0 0 0 0 6 0 0 0 0 0 0 27 0 0 0 3 0 0 0 0 0 0 0 0 30 3 0 6 0 25 0 10 0 4 1 0 0 0 10 1 0 0 0 0 0 0 16 6 0 0 0 0 0 0 0 0 7 0 12 0 0 0 0 0 0 0 1 0 0 0 0 0 21 0 0 0 0 0 0 0 0 0 0 0 0 0 0 0 0 0 0 0 1 0 6 0 9 0 0 0 0 0 0 0 0 0 0 0 0 0 0 0 0 3 0 0 0 0 0 0 0 0 0 0 0 0 0 
0 0 0 30 0 0 0 0 0 0 0 0 0 0 0 0 0 0 0 0 0 0 0 0 0 0 0 0 0 0 0 0 0 0 0 12 0 0 0 0 0 0 0 0 0 0 3 0 0 0 1 0 0 0 0 0 0 0 0 0 1 10 0 22 0 0 0 0 0 0 0 0 0 15 0 0 0 3 0 1 0 0 0 15 0 0 0 0 0 0 0 0 28 0 0 1 0 0 0 4 0 0 3 0 0 0 1 6 0 0 0 0 0 0 0 0 0 0 0 0 1 0 0 0 0 19 0 0 0 0 0 0 0 0 0 0 0 0 0 15 0 0 0 0 0 0 0 0 0 0 0 0 0 0 0 0 0 0 0 0 0 0 0 0 0 0 0 0 
0 0 0 0 0 0 0 0 0 0 0 0 0 0 0 0 0 0 0 0 0 0 0 0 0 0 0 0 0 0 0 0 0 0 0 6 0 0 0 15 0 0 0 0 0 0 0 0 0 0 0 0 0 4 0 0 0 0 0 0 0 0 0 0 0 0 0 4 0 0 0 0 0 0 0 10 0 0 4 0 0 0 0 0 0 0 0 6 1 0 0 4 9 4 0 0 0 0 0 0 0 0 0 0 0 0 0 0 0 0 4 0 0 0 0 0 0 0 0 0 0 0 0 0 3 0 25 0 0 0 0 15 0 0 0 0 0 0 0 0 0 0 0 0 0 0 0 0 0 0 0 0 0 0 0 0 0 0 0 0 0 0 0 0 0 0 0 0 
0 0 0 0 0 0 0 0 0 0 0 0 0 0 0 0 0 0 0 0 0 0 0 0 0 0 0 1 0 0 0 0 0 0 0 0 0 0 0 0 0 0 0 0 0 0 1 12 0 3 0 0 0 0 0 0 0 0 0 9 0 0 0 0 12 12 0 0 19 0 19 0 0 0 0 12 0 0 0 1 0 12 1 0 1 0 0 0 0 7 0 0 0 0 21 12 0 0 19 0 3 0 0 0 0 0 0 3 0 3 0 0 0 0 21 0 0 0 0 15 0 0 0 7 15 0 0 0 0 0 0 0 0 0 0 0 0 0 7 0 0 0 0 0 0 0 0 0 0 0 0 0 0 0 0 0 0 0 0 0 0 0 0 0 0 0 0 0 
0 0 0 0 0 0 0 0 0 0 0 0 0 0 0 0 0 0 0 0 0 0 0 0 0 0 0 0 0 0 0 0 0 0 0 0 0 0 0 0 1 0 0 0 0 0 0 0 0 0 24 0 0 0 0 9 1 0 0 0 0 16 21 0 0 0 1 0 0 0 0 0 3 9 0 0 0 1 0 0 0 7 0 3 0 0 16 10 15 24 0 0 3 0 3 0 0 0 6 0 1 1 0 0 0 0 0 0 0 0 0 0 0 1 0 0 0 0 0 0 0 7 13 1 0 0 0 0 16 0 0 0 0 0 0 0 0 0 0 12 0 0 0 0 0 0 0 0 0 0 0 0 0 0 0 0 0 0 0 0 0 0 0 0 0 0 0 0 
0 0 0 0 0 0 0 0 0 0 0 0 0 0 0 0 0 0 0 0 0 6 0 0 0 0 0 0 0 0 0 0 0 0 0 0 0 0 0 0 0 0 0 0 0 0 0 0 12 0 0 0 0 0 0 0 0 3 7 0 0 0 16 0 0 0 0 0 7 3 0 0 22 0 0 0 0 4 1 0 6 9 0 3 0 0 30 0 0 13 0 19 0 3 3 0 4 7 0 0 0 3 0 0 1 1 19 0 0 0 0 0 0 0 0 24 0 0 0 0 6 0 0 0 7 7 0 0 0 0 22 0 0 0 0 0 0 0 0 0 0 0 0 0 0 0 0 0 0 0 0 0 0 0 0 0 0 0 0 0 0 0 0 0 0 0 0 0 
0 0 0 0 0 0 0 0 0 0 0 0 0 0 0 0 0 0 0 0 0 0 0 0 0 0 0 0 0 0 21 0 0 0 0 0 0 0 0 0 0 0 0 9 0 13 0 4 0 0 0 0 0 0 0 0 0 0 4 0 0 0 0 0 0 16 0 0 0 0 3 0 4 0 1 4 0 15 3 0 0 0 9 0 0 0 13 0 3 4 16 12 16 0 0 0 3 3 0 18 0 0 13 0 3 0 0 0 0 22 0 0 0 0 0 4 6 0 22 0 0 0 0 0 0 0 0 0 0 0 0 0 0 0 0 0 7 0 9 0 0 0 0 31 0 0 0 0 0 0 0 0 0 0 0 0 0 0 0 0 0 0 0 0 0 0 0 0 
0 0 0 0 0 0 0 0 0 0 0 0 0 0 0 0 0 0 0 0 0 0 0 0 0 0 0 0 0 0 0 3 0 0 1 0 0 0 7 0 0 0 0 0 0 0 1 0 0 0 0 0 0 0 0 0 0 1 0 0 0 0 0 0 0 0 19 6 0 0 0 0 0 0 12 0 1 1 7 0 0 0 0 0 1 25 3 0 6 15 0 0 9 0 3 0 7 15 0 15 0 21 27 0 0 0 0 0 0 0 12 0 0 7 0 3 0 16 0 0 0 0 0 0 0 0 0 0 0 0 6 0 0 0 13 0 0 0 0 0 0 0 0 0 0 0 0 0 0 0 0 0 0 0 1 0 0 0 0 0 0 0 0 0 0 0 0 0 
0 0 0 0 0 0 0 0 0 0 0 0 0 0 0 0 0 0 0 0 0 0 0 0 0 0 0 0 0 0 0 0 13 0 0 0 12 3 0 0 0 0 0 0 0 0 4 0 0 0 0 0 0 0 0 0 0 0 0 0 0 24 0 0 0 0 0 0 0 0 0 0 0 0 0 0 12 0 0 3 0 12 0 6 0 0 15 0 0 6 0 24 27 0 3 0 0 4 6 12 0 25 0 0 0 0 0 0 0 0 0 0 0 0 0 0 0 0 0 0 0 0 0 0 0 0 0 0 0 0 0 0 0 1 12 0 0 0 0 21 0 0 0 0 0 0 0 0 0 0 0 0 0 0 0 0 0 0 0 0 0 0 0 0 0 0 0 0 
0 0 0 0 0 0 0 0 0 0 0 0 0 0 0 0 0 0 0 0 0 0 0 0 0 0 0 0 0 0 0 12 0 30 0 0 0 0 25 0 0 0 0 0 0 0 0 0 0 0 0 0 0 0 0 0 0 0 1 1 0 7 3 3 3 0 0 0 0 6 0 0 0 0 12 0 0 0 3 6 1 3 0 0 0 10 1 0 3 0 0 0 3 0 0 6 0 0 0 0 0 0 0 0 0 1 0 0 0 0 0 0 0 3 0 24 0 0 0 0 0 0 0 4 3 0 0 0 12 0 0 0 0 0 0 0 0 0 0 0 0 0 0 0 0 0 0 0 0 0 0 0 0 0 0 0 0 0 0 0 0 0 0 0 0 0 0 0 
0 0 0 0 0 0 0 0 0 0 0 0 0 0 0 0 0 0 0 0 0 0 0 0 0 0 0 0 0 0 0 0 0 0 31 0 0 0 0 0 0 0 0 0 0 0 0 0 0 0 0 0 0 0 0 0 0 0 0 0 0 12 0 0 0 3 0 0 0 0 0 0 0 0 22 0 6 0 0 0 0 21 3 0 0 0 6 0 0 18 0 1 0 9 0 0 0 0 0 1 0 12 0 0 0 0 0 0 3 0 0 0 0 0 10 0 18 3 0 0 0 0 0 0 0 0 9 0 0 0 0 0 0 0 0 0 0 0 0 0 0 0 0 0 0 0 0 0 0 0 0 0 0 0 0 0 0 0 0 0 0 0 0 0 0 0 0 0 
0 0 0 0 0 0 0 0 0 0 0 0 0 0 0 0 0 0 0 0 0 0 0 0 0 0 0 0 0 0 0 0 0 0 0 0 0 0 0 4 0 0 0 0 0 0 0 0 0 0 0 0 0 0 0 0 10 0 0 1 9 0 3 3 0 0 3 7 1 0 6 0 0 1 0 1 1 0 1 3 0 1 0 0 0 0 0 0 0 4 22 0 0 0 10 0 0 0 0 0 0 0 9 0 0 9 3 0 0 0 15 0 3 12 0 0 0 0 0 28 3 0 0 0 0 0 0 0 0 0 0 0 3 0 0 0 0 0 0 0 0 18 0 0 0 0 1 0 0 0 0 0 0 0 0 0 0 0 0 0 0 0 0 0 0 0 0 0 
0 0 0 0 0 0 0 0 0 0 0 0 0 0 0 0 0 0 0 0 0 0 0 0 0 0 0 0 0 4 0 0 0 0 0 0 0 0 0 0 0 0 0 0 0 1 0 0 0 1 0 0 0 0 0 0 0 6 0 0 4 0 0 0 0 0 0 0 0 0 0 0 0 0 0 0 9 0 0 1 0 0 18 0 1 0 0 7 0 0 0 0 0 0 0 0 10 0 16 0 0 0 0 0 0 0 1 0 0 0 0 10 0 0 0 0 0 9 0 0 0 0 0 0 0 0 0 0 0 0 0 0 0 0 0 0 0 0 0 0 0 0 0 0 0 0 0 0 0 0 0 0 0 0 0 0 0 0 0 0 0 0 0 0 0 0 0 0 
0 0 0 0 0 0 0 0 0 0 0 0 0 0 0 0 0 0 0 0 0 0 0 0 0 0 0 0 0 0 0 0 21 0 0 0 0 0 0 0 0 0 0 0 0 0 0 0 0 0 0 0 28 0 0 0 0 0 6 0 0 3 0 9 0 0 0 9 18 0 0 0 0 0 0 16 0 0 0 0 0 0 0 0 3 0 0 0 10 0 0 0 0 0 0 9 0 0 0 0 0 28 0 9 0 0 0 0 0 0 0 0 1 0 0 0 0 1 0 0 0 0 0 4 0 0 0 0 0 0 0 0 0 0 0 0 0 0 0 0 0 0 0 0 0 0 0 0 0 0 0 0 0 0 0 0 7 0 0 0 0 0 0 0 0 0 0 0 
0 0 0 0 0 0 0 0 0 0 0 0 0 0 0 0 0 0 1 0 0 0 0 0 0 0 0 0 7 0 0 0 0 0 0 0 1 0 0 0 0 0 0 0 0 0 0 0 0 0 6 0 0 0 1 0 0 0 0 6 0 0 0 24 0 0 0 0 0 4 24 16 0 0 0 0 0 0 6 0 0 0 0 0 4 15 4 0 0 0 0 0 1 0 0 12 0 0 0 0 1 22 7 0 0 0 0 0 0 0 0 19 0 0 22 3 0 0 0 0 0 0 0 0 3 0 0 0 0 21 0 0 0 0 0 0 0 0 0 0 0 6 0 0 0 0 0 0 0 0 0 10 0 0 0 0 0 0 0 0 0 0 0 0 0 0 0 0 
0 0 0 0 0 0 0 0 0 0 0 0 0 0 0 0 0 0 0 0 0 0 0 0 0 0 0 12 6 0 0 0 4 0 0 0 6 0 0 0 0 0 0 0 0 0 13 0 0 0 22 0 0 0 0 0 0 0 0 0 0 0 0 0 0 0 18 3 0 1 0 0 0 6 0 0 6 0 0 4 3 0 0 4 6 0 15 0 0 4 6 0 27 0 0 9 9 13 3 18 18 6 15 3 0 0 0 0 0 0 0 0 0 0 0 0 0 0 0 0 0 0 0 0 0 0 0 0 4 0 0 0 0 0 0 0 0 0 0 0 0 0 0 0 0 0 0 0 0 0 0 0 0 0 0 0 0 0 0 0 0 0 0 0 0 0 0 0 
0 0 0 0 0 0 0 0 0 0 0 0 0 0 0 0 0 0 0 0 0 0 0 0 0 0 0 27 0 0 0 0 0 0 0 6 0 0 0 0 0 0 0 0 4 0 0 0 0 0 1 0 0 0 0 0 0 3 0 0 1 0 0 0 0 0 0 24 3 0 0 0 0 0 0 0 0 0 0 3 22 0 0 0 0 0 0 0 0 4 0 6 0 0 0 12 9 12 0 0 3 0 0 6 0 0 0 0 0 3 0 1 0 0 21 0 0 0 0 0 0 0 0 0 0 0 0 24 0 0 0 0 0 0 24 0 0 0 4 0 0 0 0 0 0 0 15 0 0 0 9 0 0 0 0 0 0 0 0 0 0 0 0 0 0 0 0 0 
0 0 0 0 0 0 0 0 0 0 0 0 0 0 0 0 0 0 0 0 0 0 0 18 0 0 0 0 0 0 0 0 0 0 0 0 0 0 0 0 0 0 3 0 18 0 0 0 0 0 0 0 0 0 0 0 0 0 0 0 12 0 0 0 0 0 0 0 0 0 0 3 0 0 1 0 0 13 0 0 3 0 0 0 21 0 0 0 0 0 0 18 0 0 1 0 0 0 13 0 16 0 0 0 4 0 0 0 0 0 0 0 0 0 24 0 0 0 0 9 0 0 0 0 0 0 0 0 0 0 0 0 0 0 0 0 0 0 0 0 0 0 0 0 0 0 0 0 0 0 24 6 0 0 0 0 0 0 0 0 0 0 0 0 0 0 0 0 
0 0 0 0 0 0 0 0 0 0 0 0 0 0 0 0 0 0 0 0 0 0 0 0 0 0 0 0 0 12 0 0 0 0 7 0 0 0 0 0 0 0 0 0 0 0 0 0 0 0 0 3 0 0 0 1 0 0 3 0 6 0 12 0 9 0 0 0 0 13 6 0 0 0 0 0 0 9 0 13 0 0 0 0 0 0 0 25 0 13 6 0 0 15 7 0 0 0 0 6 0 0 0 3 0 0 0 0 0 0 27 0 0 0 0 0 0 0 0 0 0 0 0 0 6 0 0 0 0 0 18 0 0 0 0 0 0 0 0 0 0 0 0 0 0 0 0 0 0 0 0 0 0 0 0 0 0 0 0 0 0 0 0 0 0 0 0 0 
0 0 0 0 0 0 0 0 0 0 0 0 0 0 0 0 0 0 0 0 0 0 0 15 0 0 0 0 1 0 3 0 0 0 0 0 33 0 0 33 0 0 0 0 0 0 0 0 0 0 0 0 0 0 1 0 0 0 0 0 0 25 0 0 0 0 0 0 0 0 0 15 0 0 0 0 0 0 0 0 0 1 0 0 12 0 0 0 0 0 0 0 21 0 0 0 0 0 0 0 0 0 0 0 0 7 0 0 0 0 0 0 0 0 0 0 0 0 0 0 0 0 0 0 0 0 4 0 0 0 0 0 0 0 0 0 0 0 0 0 0 0 0 0 0 0 0 0 0 0 0 0 0 0 0 0 0 0 0 0 0 0 0 0 0 0 0 0 
0 0 0 0 0 0 0 0 0 0 0 0 0 0 0 0 0 0 0 0 0 0 0 0 3 0 0 0 0 0 0 0 0 0 0 1 0 9 0 0 21 0 0 0 0 0 0 0 0 0 0 0 0 0 0 0 0 13 0 0 10 0 0 0 0 0 0 0 3 0 0 0 0 6 1 12 0 0 0 0 12 1 0 0 0 0 3 3 0 0 0 0 0 3 0 0 0 1 0 0 0 1 0 0 0 0 0 1 0 0 0 6 0 6 0 0 0 9 0 22 0 0 0 0 0 0 0 0 0 0 0 0 3 0 0 0 0 0 3 0 0 0 0 0 0 0 0 0 0 0 0 0 0 0 0 0 0 0 0 0 0 0 0 0 0 0 0 0 
0 0 0 0 0 0 0 0 0 0 0 0 0 0 0 1 0 0 0 0 0 0 0 0 0 6 0 0 0 0 0 0 0 0 0 12 0 0 0 21 0 0 0 0 15 0 0 0 0 0 0 0 0 3 0 0 0 0 0 0 0 0 0 0 0 0 0 0 0 0 22 9 0 24 0 0 0 0 0 13 0 6 0 0 0 0 3 0 0 10 27 0 0 0 0 0 0 0 0 0 0 0 0 0 0 3 0 6 3 18 0 0 9 0 0 0 0 0 0 0 0 0 0 0 3 0 0 0 0 0 0 0 0 22 0 0 0 0 0 0 0 0 0 0 0 0 0 0 0 0 0 3 0 0 0 0 0 0 0 0 0 0 0 0 0 0 0 0 
0 0 0 0 0 0 0 0 0 0 0 0 0 0 0 0 0 0 0 0 0 0 0 0 0 0 0 0 0 0 0 0 0 0 0 4 0 0 0 0 34 0 0 0 0 0 6 0 0 0 0 0 0 0 0 0 10 0 0 0 12 0 0 0 1 0 0 0 0 0 0 12 0 0 1 0 0 6 0 0 0 0 0 0 15 0 0 0 22 0 0 0 0 0 0 0 1 3 0 0 3 0 9 0 0 0 7 0 0 0 0 0 0 1 0 0 0 3 0 0 9 0 0 3 0 0 24 0 0 0 0 0 0 1 0 0 0 0 21 21 0 0 0 1 0 0 0 0 0 0 0 0 0 0 0 0 0 0 0 0 0 21 0 0 0 0 0 0 
0 0 0 0 0 0 0 0 0 0 0 0 0 0 0 0 0 0 0 18 0 0 0 0 0 0 0 0 0 0 0 0 0 0 0 0 0 0 0 0 0 9 0 0 0 0 0 3 0 15 0 0 0 0 12 0 0 0 10 0 0 0 0 0 0 0 0 21 0 0 25 0 0 7 0 4 0 0 0 0 0 0 0 0 3 6 0 1 15 15 9 3 3 0 16 0 0 0 0 0 0 0 0 0 0 0 0 0 0 0 0 0 0 0 0 0 0 0 0 0 0 0 0 0 0 0 0 0 0 0 3 0 3 0 0 0 0 0 0 0 0 9 0 0 0 0 0 0 0 0 0 0 0 0 0 30 0 0 0 0 0 0 0 0 0 0 0 0 
0 0 0 0 0 0 0 0 0 0 0 0 0 0 0 0 0 0 0 0 0 0 0 0 0 0 0 0 0 0 0 0 0 0 0 0 0 4 0 0 0 0 0 18 0 0 0 0 0 0 0 0 0 0 0 0 0 0 0 0 0 3 0 0 0 25 0 0 0 0 0 0 0 0 0 4 0 0 0 0 1 0 0 0 0 0 0 0 0 0 0 0 0 0 0 0 0 0 0 0 0 22 0 3 0 0 4 0 0 15 0 0 0 0 15 9 0 0 0 0 13 0 0 0 0 0 0 0 0 0 0 0 0 0 0 0 0 9 0 0 0 6 0 0 0 0 30 0 0 0 0 13 0 0 0 0 0 0 0 0 0 0 0 0 0 0 0 0 
0 0 0 0 0 0 0 0 0 0 0 0 0 0 0 0 0 0 0 0 0 0 0 0 0 0 39 0 0 0 0 0 0 0 0 0 0 13 0 0 4 0 0 0 0 0 0 0 0 0 0 0 0 0 0 0 0 0 0 0 0 0 0 0 0 21 0 0 0 9 0 0 0 4 4 0 0 0 6 0 0 0 0 3 1 3 0 0 0 0 0 3 18 0 0 22 0 3 0 0 0 0 0 15 3 0 0 0 0 0 0 0 0 0 0 0 0 1 7 0 6 0 9 0 0 7 0 0 0 34 0 0 0 30 0 0 0 0 0 0 0 0 0 0 0 0 0 0 0 0 0 0 0 0 0 0 0 0 0 0 0 0 0 0 0 0 0 0 
0 0 0 0 0 0 0 0 0 0 0 0 0 0 0 0 0 0 0 0 0 0 0 0 0 0 12 0 0 0 0 0 0 0 0 0 0 21 0 0 0 0 0 0 0 0 0 0 0 0 0 0 0 0 0 0 0 12 0 0 1 18 0 12 0 0 12 0 0 1 0 0 0 0 15 18 0 0 0 25 0 0 0 12 0 0 0 0 0 0 0 24 0 12 0 0 0 13 0 0 0 0 0 0 6 0 1 0 0 0 3 0 0 0 9 0 0 22 0 0 0 0 0 0 0 0 0 0 0 0 0 0 0 0 0 0 0 0 6 0 0 0 0 0 0 0 0 0 9 0 0 0 16 0 0 0 0 0 0 0 0 0 0 0 0 0 0 0 
0 0 0 0 0 0 0 0 0 0 0 0 0 0 0 0 0 0 0 0 0 0 0 0 0 0 0 0 0 0 0 0 13 0 0 0 0 0 3 0 0 0 0 0 0 0 0 0 0 3 0 0 0 0 0 13 0 0 0 0 0 0 3 0 9 0 1 0 0 18 10 0 0 0 25 0 0 9 0 0 10 0 0 9 0 18 12 0 0 0 0 0 0 27 0 9 9 0 0 13 0 0 0 0 0 1 0 0 0 0 0 0 0 0 0 0 0 0 0 0 0 0 0 0 0 0 0 0 0 3 0 0 0 0 0 0 0 0 0 0 0 0 0 15 0 0 0 0 0 0 0 0 0 0 0 0 0 0 0 0 0 0 0 0 0 0 0 0 
0 0 0 0 0 0 0 0 0 0 0 0 0 0 1 0 0 0 0 0 0 0 0 0 0 0 0 0 0 0 0 9 0 0 28 0 0 0 0 0 0 1 0 0 0 0 0 0 0 0 3 0 1 0 0 0 0 0 0 0 0 16 0 0 0 0 0 0 0 0 0 0 0 0 0 0 0 0 12 0 0 0 0 0 0 0 1 0 0 0 0 0 0 0 3 0 0 0 0 0 0 1 4 0 9 0 0 1 18 0 0 9 0 0 0 0 0 0 4 0 0 0 0 0 0 0 0 0 0 0 0 0 0 0 0 0 0 0 0 0 0 0 0 0 0 0 0 0 0 0 0 0 0 0 0 0 0 0 0 0 0 0 0 0 0 0 0 0 
0 0 0 0 0 0 0 0 0 0 0 0 0 0 0 0 0 0 0 0 0 0 0 0 0 0 0 0 0 6 0 0 1 0 37 0 0 0 0 0 0 0 0 0 0 0 0 0 0 0 0 0 0 0 0 0 0 0 0 0 0 1 0 0 0 0 0 3 9 0 0 0 6 4 0 0 0 6 6 4 0 0 6 3 0 0 0 0 9 0 27 0 0 3 0 0 0 3 0 1 21 0 3 10 1 0 0 0 0 3 0 0 0 7 0 0 15 22 0 0 1 0 0 0 0 0 0 0 0 0 0 0 0 0 27 0 0 0 0 0 0 0 0 0 0 0 12 0 0 0 0 0 0 0 0 0 0 0 0 0 0 0 0 0 0 0 0 0 
0 0 0 0 0 0 0 0 0 0 0 0 0 0 0 0 0 0 3 0 0 0 0 0 0 0 0 0 0 0 0 0 6 0 1 0 12 0 0 0 0 0 13 0 0 0 0 0 0 0 0 0 0 0 0 1 6 0 0 0 0 0 3 9 0 0 0 19 0 6 0 18 0 15 13 0 3 0 0 0 0 0 0 0 0 3 0 0 3 18 0 0 0 0 0 0 0 0 0 0 0 12 0 0 0 13 0 6 0 0 9 0 0 7 9 0 0 0 0 0 0 0 0 12 0 0 0 0 0 0 0 0 0 0 0 0 0 0 0 0 0 0 0 3 0 0 0 0 0 0 0 0 0 0 0 0 0 0 0 0 0 0 0 0 0 0 0 0 
0 0 0 0 0 0 0 0 0 0 0 0 0 0 0 0 0 0 0 0 0 0 0 0 0 0 0 0 0 0 0 0 0 0 0 0 0 0 7 27 0 0 0 0 0 0 0 1 15 0 0 0 9 3 0 0 0 0 0 0 0 3 0 0 0 0 0 0 6 0 0 0 0 13 22 0 0 0 0 0 0 0 0 3 0 24 0 3 12 0 0 0 0 10 3 3 0 0 0 0 0 3 0 0 21 0 12 0 1 0 0 0 0 0 0 1 0 0 0 0 0 3 0 4 0 0 0 0 0 0 0 0 12 0 0 6 0 0 0 0 0 0 0 0 0 0 0 0 0 0 0 0 0 0 0 0 0 0 0 0 0 0 0 0 0 0 0 0 
0 0 0 0 0 0 0 0 0 0 0 0 0 0 0 0 0 0 0 0 0 3 0 0 0 0 0 0 0 0 0 0 0 0 18 0 0 0 0 0 12 3 0 0 0 0 0 0 0 0 0 0 0 0 0 0 0 0 0 0 0 0 0 0 0 0 0 0 1 0 0 3 0 9 0 0 0 4 1 0 1 0 6 0 1 0 0 0 27 12 0 0 0 0 0 0 0 0 16 3 4 0 0 0 0 3 0 0 0 22 0 0 0 9 0 0 0 0 0 0 0 0 3 0 0 0 0 0 0 0 0 0 0 0 0 0 0 0 0 0 24 0 0 0 0 0 0 0 0 0 0 0 0 0 0 0 0 0 0 0 0 0 0 0 0 0 0 0 
0 0 0 0 0 0 0 0 0 0 0 0 0 0 0 0 0 0 0 0 0 0 0 0 0 0 0 0 0 0 0 0 0 24 0 0 0 0 0 0 0 1 0 0 0 0 0 0 0 0 0 0 0 0 0 0 3 0 0 0 0 0 0 0 0 15 0 0 0 0 0 0 0 0 1 3 0 3 0 0 9 0 1 0 4 0 3 0 0 0 24 0 0 0 0 12 0 0 0 0 0 0 0 0 0 0 0 0 3 0 0 0 0 0 0 0 0 24 0 0 0 0 0 0 6 0 0 0 0 3 12 0 0 0 16 0 0 0 0 0 0 0 0 0 0 0 0 0 0 6 0 0 0 0 0 0 3 0 0 0 0 0 0 0 0 0 0 0 
0 0 0 0 0 0 0 0 9 0 0 0 0 0 0 0 0 0 0 0 0 0 0 0 0 0 0 0 0 0 0 0 0 0 0 0 0 0 0 0 0 3 0 0 0 0 0 0 0 9 0 0 0 0 0 0 0 0 1 0 0 0 0 0 0 4 0 0 0 0 0 0 0 0 0 0 0 0 0 0 6 7 7 9 6 12 0 0 19 16 0 15 0 0 18 0 0 0 0 0 0 24 12 0 0 3 0 16 19 0 1 0 0 0 0 0 0 0 0 0 0 0 0 0 0 0 0 0 0 0 0 0 0 0 0 0 0 0 0 0 0 0 12 0 0 30 0 0 0 0 0 0 0 0 0 0 0 0 0 0 0 0 0 0 0 0 0 0 
0 0 0 0 0 0 0 0 0 0 0 0 0 0 0 3 0 0 0 0 0 0 0 0 0 0 0 0 0 0 9 0 6 12 0 0 0 0 24 0 0 0 0 0 0 0 18 0 0 0 0 0 0 0 31 0 0 0 0 0 1 0 12 0 0 12 0 0 16 0 0 1 22 0 0 0 0 1 9 0 0 0 9 0 0 0 0 9 7 0 0 3 0 0 0 0 0 10 22 24 0 24 18 0 0 0 1 0 0 0 10 0 0 0 0 0 13 9 0 0 0 0 10 0 0 0 0 0 0 0 0 0 0 0 0 0 1 3 0 0 0 0 0 0 0 0 0 0 0 0 9 0 0 0 19 0 0 0 0 0 0 0 0 0 0 0 0 0 
0 0 0 0 0 0 0 0 0 0 0 0 0 0 0 0 0 0 0 0 0 0 0 0 0 0 0 0 0 13 0 0 0 0 7 0 6 0 0 0 12 0 9 0 0 0 1 0 0 0 0 0 0 0 10 0 0 1 0 0 9 0 0 3 0 0 0 0 3 0 0 0 0 0 0 0 0 0 21 0 7 0 0 0 0 0 0 0 0 6 0 0 0 0 4 0 0 0 0 0 0 0 6 0 0 0 0 0 0 0 25 0 9 0 0 4 0 0 0 0 0 0 0 0 0 4 0 0 0 0 0 0 0 0 0 0 0 0 0 0 0 0 0 1 0 0 0 0 0 0 0 0 0 0 0 0 0 0 0 0 0 0 0 0 0 0 0 0 
0 0 0 0 0 0 0 0 0 0 0 0 0 3 0 0 0 0 0 0 0 0 0 0 0 0 0 0 0 0 0 0 0 0 0 0 0 0 0 0 0 0 6 0 0 0 0 0 0 0 0 0 0 0 0 6 0 0 0 0 0 0 0 0 0 0 0 18 0 0 0 0 0 0 0 0 0 0 12 0 3 0 0 1 3 0 0 0 3 0 0 3 0 0 3 6 0 0 0 0 10 0 0 0 3 0 0 0 19 0 0 0 0 10 0 0 0 0 0 13 0 0 0 7 0 7 0 0 0 0 0 0 0 0 0 0 0 0 0 0 0 0 0 0 0 0 0 0 0 0 0 0 0 0 0 0 0 0 0 0 0 0 0 0 0 0 0 0 
0 0 0 0 0 0 0 0 0 0 0 0 0 0 0 0 0 0 0 0 0 0 0 0 0 0 0 0 0 0 3 0 0 0 0 0 0 0 0 3 0 0 0 0 0 3 0 0 0 0 0 0 0 0 0 0 0 0 1 0 0 0 0 12 0 0 18 0 0 0 9 0 0 0 0 0 1 3 0 18 0 4 0 0 0 1 0 3 1 1 0 0 6 0 0 0 0 0 9 13 0 0 0 0 4 0 0 0 0 0 0 0 0 0 0 28 13 0 0 0 0 0 0 0 0 0 0 1 0 0 0 3 0 0 0 0 0 0 0 0 0 18 0 0 0 0 0 0 0 0 0 0 0 0 0 0 0 0 0 0 0 0 0 0 0 0 0 0 
0 0 0 0 0 0 0 0 0 0 0 0 0 0 0 0 0 0 0 0 0 1 0 3 0 42 0 0 0 0 0 0 0 0 0 0 0 0 0 3 0 0 0 0 0 0 0 0 0 0 13 0 0 0 0 0 0 0 0 0 0 0 0 0 0 0 0 0 0 0 0 0 0 12 0 0 0 0 1 0 10 0 27 1 0 9 0 9 0 0 0 0 0 0 0 0 0 0 0 0 0 0 0 0 0 0 3 3 0 0 0 0 0 0 0 0 1 0 4 0 0 0 0 0 21 0 0 0 0 0 0 0 0 6 34 0 0 0 0 0 0 0 0 0 0 0 0 0 0 0 0 0 0 0 0 0 0 0 0 28 0 0 0 0 0 0 0 0 
0 0 0 0 0 0 0 0 0 0 0 0 0 0 0 0 0 0 0 0 0 0 3 0 0 0 0 0 0 0 0 0 0 0 0 0 0 0 0 0 3 0 0 0 0 0 0 0 1 3 0 0 0 0 0 0 0 0 0 0 0 0 4 0 4 0 0 0 3 0 0 0 0 0 0 0 0 4 13 3 24 0 7 0 6 0 0 7 3 0 0 0 0 0 0 0 10 3 0 0 3 0 0 0 0 0 9 0 0 0 0 0 0 0 0 0 30 0 0 0 0 0 21 0 0 0 0 0 0 0 0 0 18 0 0 0 0 0 0 0 0 3 0 0 0 0 0 30 0 0 0 0 0 0 0 0 3 0 0 0 0 24 0 0 0 0 0 0 
0 0 0 0 0 0 0 0 0 0 0 0 0 0 0 0 0 0 0 0 0 0 0 0 0 0 0 13 0 0 0 0 0 0 0 0 0 0 0 0 0 0 0 0 0 0 0 0 15 0 0 0 0 0 6 0 0 0 18 13 0 0 0 24 0 18 1 0 0 0 0 0 0 0 0 16 0 0 0 28 24 7 0 0 0 9 0 0 0 15 0 0 0 0 21 4 22 0 0 0 0 0 0 9 10 0 0 0 16 0 3 0 0 4 0 0 0 0 0 0 0 0 0 0 0 0 0 0 0 0 0 0 0 0 0 0 0 0 0 0 0 0 0 0 0 0 0 0 0 0 0 0 0 0 0 0 0 0 0 0 0 0 0 0 0 0 0 0 
0 0 0 0 0 0 0 0 0 0 0 0 0 0 0 0 0 0 0 0 0 0 0 0 0 0 0 0 0 0 0 1 0 0 0 0 9 0 0 0 0 3 0 1 0 0 0 10 0 0 0 0 0 18 0 0 0 27 0 9 0 0 0 0 3 0 0 0 4 0 0 0 0 0 0 0 0 0 0 9 12 0 1 0 0 0 0 0 0 0 18 0 0 0 0 3 12 21 0 1 0 0 0 0 0 0 0 0 3 0 0 0 0 0 0 0 0 0 0 0 0 0 18 18 0 0 0 18 0 0 0 0 28 0 0 0 0 0 0 0 0 0 0 0 0 0 0 0 0 0 0 0 0 18 0 0 0 0 0 0 0 0 0 0 0 0 0 0 
0 0 0 0 0 0 0 0 0 0 0 0 0 0 0 0 0 0 0 0 0 0 0 0 0 6 16 0 0 0 0 0 0 0 0 0 0 0 0 0 0 0 0 0 0 0 0 0 18 0 0 6 12 3 0 0 4 0 10 0 0 0 1 0 0 0 0 0 0 3 0 0 0 0 0 12 0 0 0 0 28 0 0 0 4 0 0 0 0 0 0 0 3 0 0 6 0 0 9 0 19 0 0 10 0 0 13 6 0 0 3 15 0 0 0 0 1 0 0 0 0 0 0 9 0 0 1 0 0 0 0 0 0 0 0 0 0 0 0 0 0 0 0 0 0 0 0 0 0 0 12 0 0 0 0 0 0 0 0 0 0 0 0 0 0 0 0 0 
0 0 0 0 0 0 0 0 0 0 0 0 0 0 0 0 0 0 0 0 0 0 0 0 0 0 0 0 0 0 0 0 0 0 0 0 0 12 0 0 0 0 0 0 0 10 0 0 0 0 0 0 0 0 30 0 0 0 0 0 0 9 0 0 0 0 0 19 0 0 3 0 0 0 0 0 18 0 0 6 0 3 3 0 0 0 15 24 0 0 0 0 3 0 10 0 0 3 0 18 3 0 0 0 0 1 0 0 0 6 12 0 0 0 0 0 0 3 0 0 0 0 0 3 1 0 0 0 0 0 0 0 0 0 0 0 0 0 0 0 0 0 0 0 0 0 0 0 0 0 0 0 0 0 1 0 0 0 0 0 0 0 0 0 0 0 0 0 
0 0 0 0 0 0 0 0 0 0 0 0 0 0 0 0 0 0 0 0 0 0 0 0 0 0 0 0 0 0 9 0 0 0 0 0 0 0 3 0 0 10 0 0 0 0 0 0 0 0 18 0 0 0 0 0 0 0 0 0 12 0 3 0 0 0 0 0 0 4 0 0 0 1 0 0 0 0 3 0 0 0 3 0 16 3 3 24 9 7 0 0 0 0 0 0 0 0 4 9 0 0 22 0 0 0 0 0 0 0 0 0 0 0 0 0 0 0 0 0 0 0 0 4 1 0 0 18 0 4 0 0 0 0 0 0 0 0 0 0 0 0 0 0 0 0 0 0 0 0 0 0 0 0 0 0 0 0 0 0 0 0 0 0 0 0 0 0 
0 0 0 0 0 0 0 0 0 0 0 0 0 0 0 0 0 0 0 3 0 0 0 0 0 0 0 0 0 0 0 0 0 0 0 0 0 0 0 0 0 22 0 0 0 0 0 0 0 0 0 0 0 0 0 0 0 0 15 0 3 0 6 0 0 0 0 0 0 0 19 0 18 0 13 4 21 7 6 1 0 0 0 6 16 0 12 0 1 27 0 6 10 0 18 0 0 0 0 0 0 0 1 0 0 0 0 16 0 0 6 0 0 0 0 0 0 0 18 6 3 0 0 4 0 0 0 0 0 0 0 0 3 0 0 0 0 3 0 0 0 0 0 0 0 0 0 0 0 0 0 0 0 0 0 0 0 0 0 0 21 0 0 0 0 0 0 0 
0 0 0 0 0 0 0 0 0 0 0 0 0 0 0 0 0 0 0 1 0 0 0 0 0 0 0 0 0 0 0 0 0 0 0 0 0 0 0 0 0 6 0 0 0 0 0 0 0 0 0 0 7 0 0 15 21 0 22 0 0 0 0 0 9 3 6 0 0 0 0 0 0 0 0 0 0 0 1 3 0 0 0 0 1 4 0 0 12 18 0 0 0 0 21 9 0 0 18 0 1 0 1 6 0 1 21 1 0 0 0 0 0 0 0 0 0 0 0 0 0 6 0 0 0 0 0 0 0 3 0 0 0 0 0 0 0 0 0 0 0 0 0 0 0 0 0 0 0 0 0 0 0 0 0 0 0 0 0 0 0 15 0 0 0 0 0 0 
0 0 0 0 0 0 0 0 0 0 0 0 0 0 0 0 0 0 0 0 0 0 0 0 0 0 0 0 0 0 0 0 0 0 0 0 0 0 0 0 0 0 0 0 0 0 0 0 0 0 0 0 27 9 0 0 0 0 0 9 7 0 0 0 0 0 0 0 0 0 0 0 0 0 0 1 0 0 9 0 0 0 22 0 3 0 6 0 0 0 0 3 0 0 0 10 0 0 3 4 0 0 0 4 0 0 9 0 0 1 0 0 0 7 0 0 0 7 0 3 0 0 0 0 0 0 0 0 0 3 0 0 19 0 18 0 0 0 0 0 0 0 0 0 0 0 0 0 0 0 0 0 0 0 0 0 0 0 0 0 0 0 0 24 0 0 0 0 
0 0 0 0 0 0 0 0 0 0 0 0 0 0 0 0 0 0 0 0 0 0 0 0 0 0 0 0 0 13 0 0 0 0 0 0 30 0 0 0 0 0 0 0 19 0 0 0 0 0 0 21 0 0 0 9 0 0 7 0 6 0 9 1 10 0 0 3 0 0 0 0 0 0 0 19 0 7 7 0 0 0 9 0 0 0 0 0 0 0 0 3 0 3 0 0 0 0 0 0 0 0 0 0 1 0 0 9 0 0 0 0 10 6 0 0 0 0 0 0 0 0 0 3 0 0 0 0 0 0 0 0 0 0 0 0 0 0 6 0 0 0 0 0 0 0 0 0 0 0 0 0 0 0 0 0 0 0 0 19 0 0 0 0 0 0 0 0 
0 0 0 0 0 0 0 0 0 0 0 0 0 0 0 0 0 0 0 0 0 0 0 0 0 0 0 0 0 0 0 3 21 10 0 1 0 1 0 0 0 0 0 0 0 0 0 0 0 0 0 0 0 0 0 0 0 3 0 0 0 0 1 0 0 0 0 0 0 0 6 0 3 0 22 3 3 3 0 9 0 0 0 0 0 0 1 0 12 1 7 0 0 0 0 0 0 1 0 7 6 18 0 3 0 0 0 0 0 0 0 0 0 0 0 0 0 0 0 0 0 0 3 0 16 0 0 3 0 0 0 0 27 0 0 0 0 0 3 0 0 0 0 28 0 0 0 0 0 0 0 0 0 0 0 0 0 0 0 66 0 0 0 0 0 0 0 0 
0 0 0 0 0 0 0 0 0 0 0 0 0 0 0 0 0 0 0 0 0 0 0 0 0 0 0 0 0 0 0 0 0 0 0 0 0 0 0 0 0 0 0 0 0 0 0 10 0 0 0 0 0 0 0 0 0 0 0 0 0 0 0 0 0 0 0 0 0 3 18 0 0 0 10 0 3 0 0 6 0 1 0 12 3 0 0 21 0 0 0 0 0 0 0 10 0 0 0 0 3 0 0 0 22 15 0 0 0 0 0 0 0 0 0 0 0 6 0 0 0 0 0 0 0 0 4 19 0 0 0 33 7 0 0 0 0 0 0 0 0 0 0 31 0 0 0 0 0 0 0 0 0 0 0 0 0 0 0 0 0 0 0 0 0 0 0 0 
0 0 0 0 0 0 0 0 0 0 0 0 0 0 0 0 0 0 0 0 0 0 0 0 0 0 0 0 0 0 1 0 0 0 0 0 0 0 3 0 0 0 0 0 6 0 0 0 0 0 0 0 0 0 0 0 16 18 3 15 0 0 0 7 0 0 6 12 0 25 0 1 0 0 0 0 0 1 12 0 18 0 4 0 1 0 0 0 1 3 15 0 0 6 0 0 0 0 0 12 0 0 0 6 0 0 0 12 0 0 9 0 0 0 0 0 0 3 24 0 0 0 0 0 0 0 0 0 0 0 15 0 0 0 0 0 0 0 0 0 0 0 0 0 0 0 0 0 0 0 0 0 0 0 0 0 0 0 0 0 0 0 0 0 0 0 0 0 
0 0 0 0 0 0 0 0 0 0 0 0 0 0 0 0 0 0 0 0 0 0 0 0 0 0 0 0 0 0 0 0 0 0 0 0 0 0 0 0 7 0 0 28 0 0 0 0 0 0 0 0 0 0 19 0 0 0 0 0 0 0 0 0 0 0 0 0 0 13 0 0 0 1 0 0 0 16 0 0 21 0 6 0 0 10 0 4 7 0 18 0 0 6 0 0 0 12 18 6 21 0 0 0 0 0 0 0 0 0 0 0 0 1 0 0 0 0 0 0 0 0 0 0 0 0 0 0 0 0 0 0 0 0 0 10 0 0 0 0 0 0 0 0 0 0 0 0 0 0 0 0 0 0 0 0 0 0 0 0 0 0 0 0 0 0 0 0 
0 0 0 0 0 0 0 0 0 0 0 0 0 0 0 0 0 0 0 0 0 0 0 0 6 0 0 0 0 0 0 0 0 0 0 1 0 0 0 0 0 0 0 0 16 0 0 0 0 0 0 18 0 0 0 0 0 1 3 18 0 0 0 0 0 18 21 6 0 0 0 0 0 0 0 0 0 0 0 0 4 0 0 0 0 13 0 0 0 6 0 0 27 15 0 0 15 12 0 0 0 0 0 3 0 0 0 0 0 0 3 0 3 0 0 0 0 0 0 0 0 0 0 0 0 0 0 0 0 0 0 0 0 0 0 0 0 0 9 0 0 0 0 0 0 0 9 0 0 0 0 0 0 0 0 12 0 0 0 0 0 0 0 0 0 0 0 0 
0 0 0 0 0 0 0 0 0 0 0 0 0 19 0 0 0 0 0 0 0 0 0 0 0 0 0 30 0 0 0 0 0 0 0 0 0 0 0 0 0 9 0 0 9 0 0 0 0 0 0 0 0 0 0 0 0 0 0 0 0 0 4 0 0 0 0 0 0 0 0 0 0 18 0 0 0 0 0 0 18 1 0 0 16 0 0 3 0 0 0 0 6 30 9 0 9 15 1 12 0 9 0 0 0 3 0 1 0 0 0 0 0 0 0 0 0 9 0 0 1 0 0 13 0 0 0 0 0 0 24 0 0 0 0 0 0 12 0 0 0 0 0 0 0 0 0 0 0 0 0 0 0 0 0 0 0 0 0 0 0 0 0 0 0 0 0 0 
0 0 0 0 0 0 0 0 0 0 0 0 0 0 0 0 0 0 0 0 0 0 0 0 0 0 0 0 0 0 0 0 0 27 0 0 0 0 0 0 0 0 0 0 0 0 15 9 0 0 3 0 0 0 0 10 0 0 0 0 3 0 0 0 7 0 6 0 0 0 0 0 27 0 0 0 1 0 3 0 0 18 0 0 0 0 0 6 0 0 3 9 0 3 0 0 3 0 0 0 10 6 0 0 0 0 0 0 0 1 0 9 0 0 0 0 0 0 3 0 0 12 0 0 0 0 0 0 0 0 0 0 0 0 0 0 0 0 0 1 0 0 0 0 0 0 0 0 0 0 0 0 0 0 0 0 0 0 0 0 0 0 0 0 0 0 0 0 
0 0 0 0 0 0 0 0 0 0 0 0 0 0 0 0 0 0 0 0 0 0 0 0 0 6 0 0 0 0 0 10 0 3 0 0 0 0 0 0 0 0 0 0 0 0 0 0 0 0 0 0 0 0 0 0 0 0 0 0 0 0 0 0 0 0 27 0 0 0 10 0 0 0 0 0 0 0 0 1 0 0 6 1 3 0 0 0 24 12 0 3 0 27 0 0 0 0 0 0 3 3 3 0 0 0 9 4 0 0 0 0 25 0 0 0 0 0 0 0 0 0 0 0 0 0 0 0 3 1 0 3 0 0 0 0 0 0 0 6 0 0 0 0 0 0 0 0 0 0 0 0 0 0 0 0 0 0 0 0 0 0 0 0 0 0 0 0 
0 0 0 0 0 0 0 0 0 0 0 0 0 3 0 0 0 0 0 0 0 0 0 0 0 0 0 0 0 0 0 0 0 0 0 3 0 0 0 0 0 0 0 0 0 7 0 0 0 0 0 0 0 1 0 0 0 4 0 0 3 9 0 0 0 0 0 0 0 0 0 0 0 0 0 3 0 0 0 0 0 1 0 19 0 0 0 12 1 0 0 0 0 0 3 18 15 0 10 0 0 30 0 1 0 0 6 0 0 0 0 0 0 0 0 0 0 0 0 0 0 0 0 0 0 0 0 0 0 0 0 0 12 0 0 0 0 0 12 0 1 0 0 0 0 0 0 0 0 0 0 0 0 6 0 0 0 0 0 0 0 0 0 0 0 0 0 0 
0 0 0 0 0 0 0 0 0 0 0 0 0 0 0 0 0 0 0 0 0 0 0 0 0 0 0 0 0 0 0 0 0 0 0 0 0 0 21 0 0 0 0 0 0 0 0 0 0 0 0 0 0 0 0 0 9 0 0 0 0 3 18 0 0 0 4 3 0 0 0 16 0 1 9 18 0 6 0 0 0 0 0 12 0 0 15 0 0 0 0 0 3 0 0 0 0 3 12 0 3 30 0 0 1 0 13 0 0 0 0 0 0 0 0 15 0 0 0 0 0 0 0 0 1 0 0 0 0 0 0 0 0 0 0 0 0 0 0 6 0 0 0 30 0 0 0 0 0 0 0 0 0 0 0 0 0 0 0 0 0 0 0 0 6 0 0 0 
0 0 0 0 0 0 0 0 0 0 0 0 0 0 0 0 0 0 0 0 0 0 0 0 0 0 0 0 0 0 0 0 3 0 0 0 0 0 0 9 0 0 0 0 0 0 0 0 0 0 0 0 0 0 0 0 0 0 0 4 0 0 0 0 0 0 0 0 1 0 0 0 4 0 7 0 0 0 0 0 21 0 0 0 0 0 9 0 0 9 0 0 0 0 0 0 0 7 0 0 0 4 0 0 0 0 15 12 0 0 0 0 0 12 0 27 1 0 7 0 0 9 13 0 12 0 0 0 0 3 0 0 0 0 0 0 3 0 0 0 0 0 0 0 0 0 0 0 0 0 0 0 0 0 0 0 0 0 0 0 0 0 0 0 0 0 0 0 
0 0 0 0 0 0 0 0 0 0 0 0 0 0 0 0 0 0 0 0 0 0 0 0 0 3 0 0 0 0 0 0 0 0 0 0 0 0 0 33 0 0 0 1 0 0 0 0 0 0 0 0 0 3 0 0 0 0 0 0 0 0 0 0 13 10 18 0 0 9 0 0 24 0 0 0 0 9 13 0 0 0 0 0 0 0 1 0 0 16 0 22 0 0 24 0 15 3 0 3 10 0 0 0 0 0 0 0 0 0 0 0 0 0 0 0 0 0 0 21 0 0 0 0 0 3 0 0 0 1 0 0 0 3 0 3 0 0 0 0 0 0 0 0 0 0 0 0 0 0 0 0 0 0 0 0 0 0 0 0 0 0 0 0 0 0 0 0 
0 0 0 0 0 0 0 0 0 0 0 0 0 0 0 0 0 0 0 0 0 0 0 0 0 0 0 0 0 0 0 0 0 0 0 0 1 0 15 0 0 0 0 0 0 0 0 33 0 0 0 0 0 0 0 0 0 0 0 0 13 0 0 0 0 0 0 25 0 0 0 0 4 0 9 13 0 0 3 0 0 0 10 19 0 9 6 0 6 0 0 12 0 0 0 0 15 0 6 1 0 21 6 0 0 0 0 0 0 0 0 0 0 0 9 0 0 3 0 0 0 0 6 0 0 0 0 0 24 0 0 0 0 0 0 0 0 0 0 0 0 0 0 0 0 0 0 0 0 0 0 0 0 0 6 0 1 0 0 0 0 0 0 0 0 0 0 0 
27 0 0 0 0 0 0 0 0 0 0 0 0 0 0 0 0 0 0 0 0 0 0 3 0 0 0 0 0 0 0 0 0 0 0 0 6 0 12 0 3 1 0 0 6 0 0 0 0 0 0 1 0 0 0 1 0 0 3 0 0 0 0 0 0 0 0 0 0 21 0 0 0 0 0 0 1 0 0 3 0 0 0 3 0 0 0 0 19 0 0 1 0 0 0 0 0 0 1 0 12 0 0 0 0 0 1 0 0 0 0 1 0 0 0 0 0 10 4 0 0 0 0 0 0 0 0 0 0 0 0 0 0 0 0 0 0 4 0 0 0 0 0 0 0 0 0 0 0 0 0 0 0 0 0 9 0 0 0 0 0 0 0 0 0 0 0 0 
0 0 0 0 0 0 0 0 0 0 0 0 0 0 0 0 0 1 0 0 0 0 0 0 0 0 0 0 24 0 0 0 0 0 0 7 0 0 21 0 0 0 0 0 0 24 0 0 0 0 0 0 0 0 0 0 0 0 0 0 0 0 15 24 0 6 12 0 0 0 0 0 0 0 0 0 0 0 0 0 3 1 0 0 0 0 0 0 0 12 0 1 0 0 0 12 21 13 0 0 0 1 0 0 0 0 0 0 0 0 0 0 0 0 15 0 0 0 0 0 0 0 7 0 0 0 0 0 0 0 6 0 0 0 0 0 0 0 0 0 0 0 0 0 0 0 0 0 0 0 0 0 0 0 0 0 0 0 0 0 0 0 0 0 0 0 0 0 
0 0 0 0 0 0 0 0 0 0 0 0 0 0 0 0 0 0 0 0 0 0 0 0 0 1 9 0 0 0 0 0 0 0 0 0 0 0 0 0 0 4 3 0 0 0 0 0 3 0 0 0 0 0 0 3 0 0 0 0 7 0 0 0 0 0 0 0 0 0 0 0 0 0 0 0 0 3 0 12 7 0 0 0 0 0 0 0 0 0 7 0 0 0 22 0 0 0 1 0 0 0 0 1 0 0 0 3 0 0 0 0 0 0 0 3 0 0 0 12 0 0 0 0 0 0 0 0 0 7 0 0 0 0 0 0 0 0 3 0 0 0 0 0 0 22 0 0 0 0 0 0 0 0 0 0 0 0 0 48 0 0 0 0 0 0 0 0 
0 0 0 0 0 0 0 0 0 0 0 0 0 0 0 0 0 0 0 0 0 0 0 0 0 0 0 0 0 0 0 0 4 0 0 0 0 0 27 19 0 0 0 3 0 0 0 1 0 0 0 1 0 9 0 0 0 0 0 0 0 0 0 16 0 0 19 0 1 0 0 0 0 0 0 0 0 0 0 25 0 0 1 0 0 0 0 0 0 0 15 0 18 0 1 6 0 0 18 16 0 0 0 0 0 18 0 0 6 0 0 0 12 0 0 0 0 0 0 0 0 18 0 0 0 0 19 0 0 0 0 15 0 0 0 0 0 3 0 0 0 13 0 0 0 0 0 0 0 0 0 0 0 0 0 0 0 0 0 0 0 0 0 0 0 0 0 0 
0 0 0 0 0 0 0 0 0 0 0 0 0 0 0 0 0 0 0 0 0 0 1 0 0 0 0 0 0 0 0 7 0 0 9 0 0 0 0 0 0 0 1 0 15 0 0 0 0 0 0 7 3 0 0 0 0 0 0 0 0 0 1 0 0 0 1 0 15 0 0 0 0 0 0 0 0 0 6 0 0 0 0 0 0 0 0 0 0 0 0 3 0 7 0 0 7 6 0 0 0 0 3 0 0 1 0 0 0 0 0 0 0 0 0 0 0 0 0 0 0 0 0 0 0 0 0 0 0 0 0 0 0 0 0 0 0 0 0 0 0 0 0 0 0 0 0 0 0 0 0 0 0 0 0 0 0 0 0 0 0 0 0 0 0 0 0 0 
0 0 0 0 0 0 0 0 0 0 0 0 0 0 0 0 0 0 0 0 0 0 0 0 0 0 0 0 0 0 0 0 0 0 0 0 0 0 0 3 0 0 3 0 0 0 0 0 0 0 0 0 0 0 0 6 0 0 0 0 0 0 10 0 0 0 0 0 0 3 0 0 0 3 0 0 0 0 9 9 1 0 24 18 6 0 0 0 1 0 0 0 16 1 3 0 1 15 0 0 0 0 0 0 0 0 0 3 0 0 0 0 3 0 0 0 0 12 0 0 0 0 0 0 0 0 0 0 0 0 0 0 0 0 0 0 6 0 0 0 0 0 0 0 0 0 0 0 0 0 0 0 0 4 0 0 0 0 0 0 0 0 0 0 0 0 0 0 
0 0 0 0 0 0 0 0 0 0 0 0 0 0 0 0 0 0 0 0 0 0 0 0 0 0 0 0 15 3 0 0 0 0 0 0 4 0 0 0 1 0 0 1 0 0 0 0 0 0 0 0 0 0 0 0 0 0 0 0 0 0 0 0 0 0 9 6 0 0 0 0 6 0 7 0 0 9 0 0 24 12 0 0 0 0 0 0 0 1 0 0 0 0 0 0 0 0 6 0 0 0 3 3 0 0 0 0 0 0 0 0 0 0 30 0 0 0 0 0 0 0 0 0 0 0 0 0 0 0 0 0 0 0 0 0 0 0 0 0 0 0 0 0 0 0 0 0 0 0 0 0 0 0 0 0 0 0 0 0 0 0 0 0 0 0 0 0 
0 0 0 0 0 0 0 0 0 0 0 0 0 0 0 0 0 0 0 0 0 0 0 0 0 0 0 0 0 0 0 0 0 0 0 10 0 0 0 0 25 0 0 0 0 0 0 6 0 0 0 0 0 0 0 12 0 4 9 0 0 0 28 0 0 0 0 0 0 6 6 0 0 7 0 0 0 4 0 6 3 0 0 0 0 18 12 21 0 13 0 15 0 0 4 16 0 0 0 0 0 0 0 0 0 0 0 0 0 0 0 0 0 0 0 0 0 0 21 0 0 0 0 0 0 0 0 3 0 0 0 0 0 0 0 0 0 0 0 0 0 0 0 0 0 0 0 0 6 0 0 7 0 0 0 0 0 0 0 0 0 0 0 0 0 0 0 0 
0 0 0 0 0 0 0 0 0 0 0 0 0 0 0 0 0 0 0 0 0 0 0 0 0 0 0 0 0 0 0 0 0 0 0 0 0 0 0 0 0 0 0 3 0 0 1 0 0 0 0 0 1 0 0 0 0 0 0 0 0 0 0 0 10 6 0 0 0 0 4 3 22 6 12 0 0 3 1 0 0 0 3 21 0 3 0 0 0 0 0 24 0 0 0 0 0 0 0 0 0 0 0 0 0 0 6 0 0 0 0 0 0 4 0 0 0 0 3 0 4 0 0 0 0 0 0 0 0 0 0 4 0 0 0 0 0 0 0 0 0 0 0 0 0 0 0 0 36 0 0 0 0 0 0 0 0 0 0 0 0 0 0 0 0 0 0 0 
0 0 0 0 0 0 0 0 0 0 0 0 0 0 0 0 0 0 0 0 0 0 0 0 0 0 0 0 0 12 0 0 0 0 6 0 10 0 0 0 0 24 0 0 0 0 0 0 0 13 0 0 0 0 0 3 6 0 0 0 0 0 0 0 30 1 0 0 0 0 0 0 0 0 0 0 0 9 24 3 0 0 0 0 0 0 0 3 1 0 13 24 30 0 0 0 0 22 0 3 3 0 0 0 0 4 0 1 0 0 0 1 0 0 0 0 30 0 13 0 0 0 15 0 0 0 0 0 0 0 0 0 0 0 0 0 0 0 0 19 3 0 0 0 0 0 0 0 0 0 0 27 0 0 0 0 0 0 0 0 0 0 0 0 0 0 0 0 
0 0 0 0 0 0 0 0 0 0 0 0 0 0 0 0 0 0 0 0 0 0 0 0 0 0 0 0 0 0 0 0 0 0 0 0 30 0 0 0 0 0 0 0 16 0 0 0 0 0 0 0 0 9 0 0 0 0 0 3 0 0 6 0 0 0 0 21 0 0 0 19 0 0 0 0 0 0 0 0 12 0 0 0 3 0 0 16 19 3 16 0 0 0 0 0 0 0 4 0 0 0 3 25 3 0 0 0 0 0 0 0 4 0 0 0 0 7 0 0 0 0 0 0 0 9 0 0 0 0 0 0 0 0 0 0 0 0 0 0 0 0 1 3 0 0 0 0 0 0 0 0 0 0 0 0 0 0 0 0 0 0 0 3 0 0 0 0 
0 0 0 0 0 0 0 0 0 0 0 0 0 0 0 0 0 0 0 0 0 0 0 0 0 0 0 0 0 0 0 0 0 0 0 0 0 0 0 0 0 0 0 0 0 0 0 0 0 0 0 0 0 0 1 0 0 0 0 0 6 0 0 0 0 0 0 0 0 1 0 0 3 16 6 4 6 0 0 4 0 0 6 0 0 0 1 30 9 25 0 0 15 12 0 0 3 0 0 0 0 0 0 3 3 0 0 0 0 0 3 0 0 0 0 0 3 0 0 0 0 0 0 0 0 0 3 0 0 30 0 0 0 0 0 0 0 0 0 18 0 0 0 0 0 0 0 0 0 0 0 0 0 0 0 0 0 0 0 0 0 0 0 0 0 0 0 0 
0 0 0 0 0 0 0 0 0 0 0 0 0 0 0 0 0 0 0 0 0 0 0 9 0 0 0 0 0 0 0 0 0 0 0 0 0 0 0 0 0 0 0 0 0 0 0 0 0 0 0 0 0 0 0 0 0 0 0 12 1 0 0 0 0 0 0 0 0 0 0 0 0 0 0 0 0 0 6 15 6 0 1 0 0 0 10 0 16 9 0 0 1 7 0 0 4 0 0 0 3 1 0 0 0 15 0 0 0 0 0 0 0 0 0 0 0 0 0 0 12 0 0 12 0 0 0 0 3 0 21 0 0 0 0 0 0 0 0 0 0 0 0 0 0 0 0 0 0 0 0 0 0 0 0 0 0 18 0 0 0 0 0 0 0 0 0 0 
0 0 0 0 0 0 0 0 0 0 0 0 0 0 0 0 0 0 0 0 0 0 0 0 0 0 0 0 0 0 0 0 0 0 27 0 0 0 0 0 12 0 0 0 0 7 0 0 0 0 0 0 0 0 0 1 12 0 0 4 0 0 0 0 0 0 0 0 6 0 0 0 0 0 0 3 0 0 16 0 0 0 0 9 0 0 3 0 0 0 0 30 0 0 0 0 13 12 3 1 0 12 0 7 3 0 0 0 4 0 0 0 19 0 13 0 0 0 0 0 0 0 0 0 0 0 0 0 0 0 0 0 0 0 0 3 0 0 0 0 0 0 0 0 0 0 0 0 0 0 0 0 0 0 0 0 0 0 0 0 0 0 0 0 0 0 0 0 
0 0 0 0 0 0 0 0 0 0 0 0 0 0 0 0 0 0 0 0 0 0 0 0 0 30 0 0 0 0 0 0 0 0 0 0 0 4 0 0 0 0 0 0 0 0 0 0 0 12 0 0 0 18 0 0 0 3 0 0 0 0 0 0 0 0 0 0 6 0 0 0 0 0 0 0 10 0 1 3 3 0 0 0 0 0 0 0 0 0 7 0 0 9 0 0 6 0 0 0 0 0 0 22 3 0 1 1 0 0 0 16 6 0 0 3 0 1 0 0 0 0 0 0 0 27 0 0 0 0 0 0 0 6 0 3 0 0 0 0 0 0 0 0 0 0 0 0 0 0 0 0 0 0 0 0 0 0 0 0 0 0 0 0 0 0 0 0 
0 0 0 0 0 0 0 0 0 0 0 0 0 0 0 0 0 0 0 19 12 0 0 0 0 0 0 0 0 0 0 0 0 0 0 0 1 0 0 12 0 4 0 0 0 0 0 0 0 0 3 0 0 0 0 0 1 12 13 9 0 0 0 0 0 0 0 0 0 0 0 13 0 0 0 6 0 0 0 1 0 0 9 6 0 0 0 25 0 0 0 0 0 0 0 9 0 0 0 0 0 0 0 0 0 0 0 0 0 0 10 4 0 0 0 4 0 0 0 24 0 0 0 0 0 0 0 0 0 0 0 0 0 0 0 0 0 0 0 0 7 3 0 0 0 0 0 0 3 0 0 0 0 0 0 0 0 0 0 0 0 0 0 0 0 0 0 0 
0 0 0 0 0 0 0 0 0 0 0 0 0 0 0 0 0 0 0 0 0 0 0 0 0 0 0 0 0 0 0 0 0 0 0 0 0 0 10 0 0 13 0 0 0 0 0 0 0 0 0 3 0 0 0 0 13 3 1 3 9 0 0 0 0 0 0 0 0 0 0 0 0 0 28 0 1 0 0 0 0 0 0 0 6 0 7 0 1 0 10 0 0 0 0 12 21 18 0 0 3 1 0 0 0 0 0 0 7 0 0 0 0 0 0 0 0 0 0 0 0 0 0 0 0 0 3 0 9 0 0 0 0 0 3 0 0 0 0 0 0 16 0 0 0 0 0 0 0 0 0 0 0 0 0 3 0 0 0 0 0 0 0 0 0 0 0 0 
0 0 0 0 0 0 0 0 0 6 0 0 0 0 0 0 0 0 0 0 0 12 0 0 0 0 0 0 0 0 0 0 0 0 0 3 0 0 0 0 1 1 0 0 0 0 9 0 0 0 0 0 0 0 0 0 0 0 0 18 7 0 0 0 0 0 6 0 4 0 0 0 0 1 0 0 0 0 9 0 6 0 3 0 9 10 9 0 0 0 0 30 21 0 0 27 0 6 10 0 3 13 0 15 0 0 18 0 3 9 21 7 0 0 24 0 0 0 6 18 0 0 6 0 0 1 0 0 0 0 0 0 0 0 0 12 0 0 0 0 0 0 0 0 0 0 36 0 0 0 0 0 0 0 0 0 0 0 0 0 0 0 0 0 0 0 0 0 
0 0 0 0 0 0 0 0 0 0 0 0 0 0 0 0 0 0 0 0 0 0 0 0 0 0 0 0 0 0 0 0 0 10 0 0 0 0 0 0 0 0 0 0 0 0 0 0 0 0 0 0 0 3 0 28 3 7 0 3 0 0 0 0 0 0 0 0 0 0 0 0 4 0 24 0 3 0 0 0 16 6 4 0 0 0 0 0 0 0 6 0 3 3 15 12 7 6 0 9 12 4 25 0 0 0 0 0 15 0 0 0 0 3 7 0 0 0 0 0 0 0 0 0 1 0 0 0 0 0 0 0 0 0 4 0 0 0 0 0 0 0 0 0 1 0 0 0 0 0 0 0 0 0 0 0 0 0 0 0 0 0 0 0 0 0 0 0 
0 0 0 0 0 0 0 0 0 0 0 0 0 0 0 0 0 0 0 0 0 0 0 1 0 0 4 0 0 0 0 0 0 0 3 0 0 0 3 0 0 0 9 0 0 0 0 0 0 0 0 0 0 0 0 0 0 0 1 0 0 0 0 0 0 0 0 0 0 0 3 0 0 0 0 0 0 0 0 3 0 0 18 0 0 0 6 0 0 25 0 1 0 9 12 0 3 1 3 0 4 0 0 15 0 0 0 0 0 0 0 0 0 0 0 0 0 21 0 0 27 0 0 0 1 0 0 22 0 0 0 0 0 0 3 0 0 0 0 0 1 0 0 18 0 0 0 0 0 0 0 0 0 0 0 0 0 0 0 0 0 0 0 0 0 0 0 0 
0 0 0 0 0 0 0 0 0 0 0 0 0 0 0 0 0 0 0 0 0 0 0 0 0 0 0 0 0 0 0 0 0 0 0 0 1 0 0 0 0 0 0 0 0 0 0 0 0 0 18 0 0 15 15 0 0 0 0 0 0 0 25 0 0 0 0 3 0 7 0 18 0 0 0 0 0 0 0 4 0 16 6 0 0 0 0 0 15 10 0 1 0 3 0 0 0 0 0 0 0 0 4 0 0 0 0 0 0 0 0 0 0 0 0 0 0 18 0 0 0 0 0 18 0 0 0 0 0 0 0 0 0 0 10 0 0 7 0 0 0 0 0 0 0 0 0 0 0 0 0 0 0 0 0 0 0 0 0 0 0 0 0 0 0 0 0 0 
0 0 0 0 0 0 0 0 0 0 0 0 0 0 0 0 0 0 0 0 0 0 0 0 0 0 0 0 0 0 0 0 0 1 0 0 0 0 0 0 0 0 0 0 0 0 0 0 0 0 0 0 28 3 7 0 0 0 0 1 0 0 0 0 0 0 0 0 0 0 0 3 3 0 0 0 0 1 0 0 6 0 0 6 1 16 9 0 3 0 3 0 0 0 0 0 0 0 0 0 0 1 9 1 0 0 3 0 0 0 0 1 3 0 0 0 9 0 0 0 0 0 0 0 0 0 15 22 0 0 0 0 0 0 0 3 0 0 0 1 0 0 0 0 0 0 0 0 0 0 1 0 0 1 0 0 0 0 0 0 0 0 0 0 0 0 0 0 
33 0 0 0 0 0 0 0 0 0 0 0 0 0 0 0 0 0 0 0 0 0 0 0 0 3 0 0 0 0 0 0 0 0 0 0 0 0 0 0 0 0 0 0 0 3 0 0 0 0 0 0 0 0 0 0 0 0 0 1 0 12 0 0 0 0 0 0 0 7 0 0 0 12 0 0 0 0 0 3 15 0 0 0 0 0 0 0 9 1 0 12 0 0 0 0 10 0 0 0 0 0 0 21 0 0 0 0 0 0 0 0 0 0 0 0 0 21 0 0 0 0 0 0 4 0 31 0 0 0 1 0 0 0 3 0 0 0 0 0 0 12 0 0 0 0 0 0 19 0 0 0 0 0 0 0 0 0 0 0 0 0 0 0 0 0 0 0 
0 0 0 0 0 0 0 0 0 0 0 0 0 0 0 0 0 0 0 0 0 6 0 0 0 0 0 0 0 0 9 0 0 0 0 0 0 6 0 0 0 0 0 0 0 10 0 4 0 0 0 0 1 0 0 0 0 0 0 0 0 0 0 15 0 0 0 0 16 0 0 0 15 0 4 1 0 0 4 0 0 0 0 0 9 9 0 0 0 0 0 28 0 0 0 0 3 0 0 3 4 0 0 0 0 0 6 0 0 0 0 0 0 18 15 0 0 0 1 0 0 0 0 0 0 9 0 0 6 0 0 0 0 0 13 0 0 0 1 0 0 0 0 0 0 0 0 21 0 0 0 0 0 0 0 0 0 0 0 0 0 0 0 0 0 0 0 0 
0 0 0 0 0 0 0 0 0 0 0 0 0 0 0 0 0 0 0 0 0 0 0 0 0 0 0 0 0 0 0 0 7 0 0 0 0 0 0 0 0 0 0 12 0 0 0 0 0 0 0 4 0 0 0 0 0 0 0 0 0 0 6 6 1 9 0 0 0 3 0 0 0 0 0 0 0 0 0 3 12 0 0 0 0 0 22 0 30 0 21 12 0 0 0 0 6 0 0 0 0 0 3 6 4 7 0 0 3 0 0 0 0 0 0 30 0 0 13 0 0 6 25 0 15 0 0 9 0 0 0 0 0 0 1 0 0 0 0 0 0 0 0 0 0 0 0 1 0 0 0 0 0 0 0 0 0 0 0 0 0 0 0 0 0 0 0 0 
0 0 0 0 0 0 0 0 0 0 0 0 0 0 0 0 0 0 0 0 0 0 0 0 0 0 0 0 0 0 0 0 0 0 0 0 0 0 0 0 0 0 0 0 0 0 0 12 0 0 1 0 0 3 0 0 0 0 9 0 0 0 0 0 0 0 0 6 0 0 0 0 9 0 0 24 0 0 0 18 0 0 0 0 0 0 9 0 0 0 0 0 3 3 0 0 0 0 15 15 0 0 0 0 0 0 0 0 0 0 0 0 0 0 0 0 0 0 0 0 0 0 9 12 0 0 0 0 1 0 0 0 0 0 0 0 21 0 0 0 0 0 0 0 0 0 0 0 0 0 0 0 0 0 0 0 0 0 0 0 0 0 0 0 0 0 0 0 
0 0 0 0 0 0 0 0 0 0 0 0 0 0 0 0 0 0 0 0 0 0 0 0 0 0 0 0 0 0 0 0 0 3 36 24 0 3 0 16 0 0 0 0 0 0 0 0 0 9 0 0 0 0 0 0 0 0 3 0 0 0 0 0 0 9 1 7 0 0 0 0 0 0 0 10 1 0 21 3 0 9 0 0 0 1 0 0 9 0 1 0 0 12 0 0 12 0 0 1 0 0 0 0 3 0 0 0 0 0 3 0 3 0 27 25 0 0 0 0 0 28 0 0 0 0 33 24 0 0 0 0 0 3 0 0 0 0 0 0 0 0 0 0 0 0 0 0 0 0 0 0 0 0 0 0 0 0 0 0 0 0 0 0 0 0 0 0 
0 0 0 0 0 0 0 0 0 0 0 0 0 0 0 0 0 0 0 0 0 0 0 0 0 4 0 0 0 0 0 0 3 0 0 0 0 0 1 0 0 0 0 0 0 0 0 0 0 0 0 0 0 6 0 25 10 0 0 0 0 0 0 0 0 0 0 0 0 0 0 0 0 0 0 0 0 3 1 19 0 3 0 0 10 0 0 6 0 0 0 6 0 3 6 0 0 7 0 0 0 6 0 13 0 0 0 0 25 3 1 0 0 6 6 0 0 0 0 0 0 0 0 0 0 0 0 0 0 0 13 0 0 0 0 0 0 6 0 0 0 0 0 0 0 0 0 12 0 0 0 0 6 0 0 0 0 0 0 0 0 0 0 0 0 0 0 0 
0 0 0 0 0 0 0 0 0 0 0 0 0 0 0 0 0 0 0 0 0 0 24 0 0 0 0 0 6 0 0 0 0 0 0 0 0 0 0 0 0 0 0 0 10 0 0 21 0 0 4 0 0 0 0 0 0 0 3 0 0 0 0 6 0 0 0 0 0 0 18 0 0 3 3 0 0 1 0 0 6 0 7 0 0 0 0 0 21 0 6 0 21 4 25 0 0 6 1 0 0 0 0 0 0 0 0 0 0 0 0 0 0 0 0 0 0 0 4 0 0 3 0 0 0 0 0 0 0 0 0 0 0 0 3 9 0 0 0 0 0 0 0 0 0 0 0 0 0 0 0 0 0 0 0 0 9 0 0 0 0 0 0 0 0 0 0 0 
0 0 0 0 0 0 0 0 0 0 0 0 0 0 0 0 0 0 0 0 0 0 0 0 0 0 0 0 0 0 0 0 0 12 0 0 0 0 9 0 25 25 0 0 0 0 0 0 0 0 0 0 0 0 0 0 9 1 0 0 1 12 0 0 0 0 15 0 0 27 0 0 0 12 0 0 9 12 0 1 0 1 0 0 7 18 0 18 0 0 0 0 0 0 0 0 0 0 0 0 0 12 0 0 0 0 0 7 0 0 0 0 18 0 0 0 0 0 0 0 0 0 0 0 0 0 0 0 0 0 0 1 0 0 0 0 0 0 0 3 0 0 0 0 0 0 0 0 0 0 0 0 0 0 0 0 0 0 0 0 0 0 0 0 0 0 0 0 
0 0 0 0 0 0 0 0 0 0 0 0 0 0 0 0 0 0 0 0 0 0 0 0 0 0 0 0 0 0 0 15 0 0 0 0 0 0 0 0 0 0 0 0 0 0 0 0 0 0 0 0 0 0 0 0 0 0 0 0 0 0 0 0 0 0 0 0 0 0 1 0 0 0 0 0 0 0 6 0 0 18 0 6 0 13 0 7 22 18 3 0 7 18 0 0 19 0 0 0 0 0 0 0 0 15 0 0 0 0 0 0 0 0 0 0 0 0 0 0 0 7 0 0 0 0 21 0 0 0 0 0 0 0 9 0 0 0 0 0 0 0 0 0 0 0 0 0 0 0 0 0 0 0 0 0 0 0 0 0 0 0 0 0 0 0 0 0 
0 0 0 0 0 0 0 0 0 0 0 0 0 0 0 0 0 0 0 0 0 0 0 0 0 0 0 0 0 0 0 0 0 0 0 0 0 0 0 0 0 0 1 0 0 0 0 0 0 0 0 0 0 0 31 0 0 0 0 13 0 0 3 0 0 0 0 0 0 0 0 0 0 0 0 0 3 0 0 15 0 10 0 13 22 13 0 0 15 0 28 0 0 0 3 0 6 0 0 0 0 0 6 3 0 0 0 0 0 0 0 0 27 0 0 0 0 0 0 0 0 0 0 0 0 1 0 0 10 0 0 0 0 0 0 0 0 0 0 0 0 0 0 0 0 0 0 0 0 0 0 0 0 0 0 0 0 0 0 0 0 0 0 0 0 0 0 0 
0 0 0 0 0 0 0 0 0 0 0 0 0 0 0 0 0 0 0 0 0 0 13 0 0 0 0 0 0 0 0 0 9 0 0 0 0 0 0 0 0 0 0 0 0 25 0 0 0 0 0 0 0 6 0 0 0 0 0 0 0 0 0 0 0 0 6 0 0 22 0 25 0 0 0 0 0 0 4 0 6 1 24 27 15 0 1 18 0 0 6 0 0 0 0 27 3 7 0 0 0 0 0 0 0 0 1 0 6 0 6 0 0 0 0 24 0 0 0 0 1 7 0 0 0 0 7 0 0 0 0 0 0 0 0 0 0 0 0 0 0 0 0 0 18 0 0 0 0 0 0 0 0 0 0 0 0 0 0 0 0 0 0 0 0 0 0 0 
0 0 0 0 0 0 0 0 0 0 0 0 0 0 0 0 0 0 0 0 0 0 0 0 0 0 0 0 0 0 7 0 0 0 0 0 0 4 0 0 3 0 0 3 0 0 0 9 0 0 0 0 0 0 0 0 0 3 0 0 12 0 0 4 0 0 0 0 0 0 0 0 0 0 3 21 0 9 0 0 0 0 0 9 0 0 0 0 0 3 6 0 3 0 10 13 7 0 0 0 0 6 3 0 0 9 0 0 0 0 0 0 4 0 3 0 0 0 30 0 0 0 15 33 0 24 0 0 0 0 1 0 33 0 0 0 0 0 0 0 0 0 0 0 0 0 0 0 0 0 0 0 0 0 0 0 0 0 0 0 0 0 0 9 0 0 0 0 
0 0 0 0 0 0 0 0 0 0 0 0 0 0 0 0 0 0 0 0 0 0 0 0 0 0 0 0 12 0 0 0 0 0 7 7 0 0 3 7 0 0 0 0 0 0 0 0 24 0 4 0 0 0 0 0 0 0 0 0 12 16 0 0 0 0 15 18 15 9 0 0 24 0 3 0 1 0 1 1 13 3 0 0 6 0 0 18 0 0 27 0 0 0 0 0 0 0 0 0 0 0 0 0 6 27 0 0 0 0 0 0 0 0 0 0 0 0 0 0 0 0 0 0 0 0 0 0 0 3 0 0 0 0 0 7 0 0 0 0 0 0 0 0 0 0 0 0 0 0 0 0 0 0 0 0 0 0 0 0 0 0 0 0 0 0 0 0 
0 0 0 0 0 0 0 0 0 0 0 0 0 0 0 0 0 0 0 0 0 0 0 0 0 0 0 0 0 0 0 0 0 15 0 0 0 0 0 0 10 6 0 0 15 0 15 0 0 0 24 0 0 0 0 0 0 0 0 0 0 0 0 0 0 0 0 0 12 0 0 0 0 0 0 0 0 0 6 3 10 0 7 10 28 0 0 22 4 6 0 1 21 0 1 3 0 0 0 0 0 12 0 0 3 21 4 0 0 0 0 0 0 0 0 0 0 0 1 0 0 1 0 0 0 1 0 0 0 0 0 0 0 0 0 0 0 0 18 0 0 0 0 0 27 0 0 0 0 0 0 0 0 0 0 0 0 0 0 0 0 0 0 0 0 3 0 0 
0 0 0 0 49 0 0 0 0 0 0 0 0 0 0 0 0 0 0 18 0 0 0 0 0 0 0 0 0 0 0 0 0 0 0 0 0 0 0 16 0 0 0 0 0 0 0 9 10 0 0 0 0 0 0 3 0 1 0 0 0 0 4 1 0 0 27 0 0 0 0 0 0 0 0 0 0 0 0 0 0 4 0 0 0 0 0 0 0 0 0 27 6 0 7 0 9 0 0 0 0 19 0 0 0 0 9 0 13 0 0 0 0 0 0 0 18 6 0 0 0 0 0 0 0 0 0 0 0 0 0 0 0 0 0 0 0 0 0 0 0 0 15 0 28 0 0 0 0 0 0 0 0 0 0 0 0 0 0 0 0 0 0 0 0 0 0 0 
0 0 0 0 0 0 0 0 0 0 0 0 0 0 0 0 0 0 0 0 0 0 0 0 0 0 0 0 0 0 0 0 0 0 0 3 0 0 0 0 9 0 0 0 0 0 0 0 0 0 6 7 0 0 9 0 0 0 0 0 0 0 0 0 0 0 9 0 0 0 0 0 9 0 0 0 0 6 6 0 0 3 0 0 9 0 0 0 0 0 15 15 0 1 0 0 0 0 0 13 15 0 3 0 0 0 0 0 0 0 0 0 0 0 1 0 0 0 1 0 0 0 0 0 1 0 4 0 0 0 0 18 0 0 0 0 0 0 4 0 0 0 0 0 0 0 0 0 0 0 0 0 0 0 0 0 0 0 0 0 0 0 0 0 0 0 0 0 
0 0 0 0 0 0 0 0 0 0 0 0 0 0 0 0 0 0 0 0 0 0 0 0 0 0 0 0 0 0 0 18 0 0 0 0 7 0 0 0 6 0 0 0 0 0 0 0 0 0 24 0 0 0 0 0 0 0 0 0 0 0 0 0 1 12 0 0 0 0 0 3 10 0 0 6 0 0 21 3 0 1 0 6 1 3 0 7 4 0 0 0 0 3 27 0 0 0 0 0 0 3 0 6 1 0 0 0 0 0 0 0 0 0 0 0 0 0 0 0 0 0 7 13 0 0 0 3 0 0 1 0 0 0 0 13 0 0 0 0 0 0 0 0 0 0 0 0 0 0 0 0 3 0 0 0 0 0 0 0 0 0 0 0 0 0 0 0 
0 0 0 0 0 0 0 0 0 0 0 0 0 0 0 0 0 0 0 0 0 0 3 0 0 0 0 10 0 0 0 12 0 0 0 1 0 0 0 0 0 0 0 9 0 0 0 0 18 0 0 0 4 6 0 0 0 0 0 0 0 0 0 1 0 0 0 0 0 16 0 0 0 12 0 0 0 0 0 10 0 3 3 3 15 1 0 0 0 0 0 0 27 0 0 0 0 0 0 0 0 0 0 0 0 0 0 0 0 0 0 0 0 0 0 0 0 0 0 0 0 0 0 0 0 0 0 0 0 0 0 27 0 0 0 0 0 0 3 0 0 6 0 0 0 0 0 0 0 0 0 0 0 0 0 0 0 0 0 0 0 0 0 0 0 0 0 0 
0 0 0 0 0 0 0 0 0 0 0 0 0 0 0 0 0 0 0 0 0 0 0 0 0 0 22 0 0 34 0 0 0 10 3 0 0 0 0 0 0 0 0 0 0 0 12 0 0 0 0 0 0 0 0 1 0 0 0 0 0 0 4 0 9 0 0 0 0 0 10 0 0 6 6 0 0 0 0 0 0 3 6 0 12 0 1 0 22 0 24 3 0 3 0 0 0 1 0 4 0 0 0 0 24 0 0 0 6 0 0 0 12 0 0 0 0 0 0 0 0 18 12 0 10 0 0 0 0 0 0 0 0 0 0 0 9 0 0 0 0 0 0 0 0 0 0 0 0 0 0 0 0 0 0 0 0 0 0 0 21 0 0 0 0 0 0 0 
0 0 0 0 0 0 0 0 0 0 0 0 0 0 0 0 0 0 0 0 0 0 0 0 0 0 0 0 0 0 0 0 0 0 0 0 0 0 0 0 0 0 0 0 30 0 0 0 0 0 0 0 0 0 0 18 0 0 0 0 0 0 0 0 3 0 7 19 1 4 12 0 0 9 0 10 0 0 0 0 9 0 0 3 12 0 0 0 0 0 0 0 0 0 0 12 0 0 0 3 0 4 0 0 0 6 4 0 0 0 0 0 24 0 0 0 0 0 0 0 0 0 0 0 0 3 0 1 0 0 0 0 0 0 0 0 0 0 0 0 0 0 0 0 0 0 0 0 0 0 0 0 0 0 0 0 0 0 0 0 0 0 0 0 0 0 0 0 
0 0 0 0 0 0 0 0 0 0 0 0 0 0 0 0 0 0 0 0 0 10 0 0 0 0 0 0 0 0 0 0 1 0 0 3 0 27 0 0 3 0 0 0 0 0 0 0 0 0 0 0 3 1 0 0 0 7 0 0 0 0 0 6 0 6 12 0 0 0 0 0 0 0 0 0 1 0 3 12 0 0 15 30 7 0 0 0 0 0 0 0 0 0 0 0 0 0 0 0 0 0 9 0 0 0 0 0 0 0 0 1 0 0 0 0 0 0 0 0 0 0 0 0 0 0 0 21 0 0 0 0 0 0 0 0 0 0 7 0 12 0 0 0 0 0 0 0 0 0 0 0 0 0 0 0 0 0 0 0 0 0 0 0 0 0 0 0 
0 0 0 0 0 0 0 0 0 0 0 0 0 0 0 0 0 0 0 0 0 0 0 0 0 0 0 0 0 0 0 0 0 0 0 0 0 18 0 0 0 0 0 24 0 0 0 6 0 0 0 0 27 0 0 25 0 0 18 0 0 0 19 0 0 19 24 0 0 0 6 0 0 1 0 0 0 12 0 0 0 0 21 0 0 0 0 12 0 0 0 0 0 0 0 0 0 0 0 0 0 6 0 0 0 0 0 0 12 0 1 0 0 0 0 0 0 0 0 0 0 0 0 0 0 0 0 0 0 0 0 0 0 0 0 0 0 0 0 0 0 0 0 0 0 0 0 0 0 0 0 0 7 0 0 0 0 0 0 0 0 0 0 0 0 0 0 0 
0 0 0 0 0 0 0 0 0 0 0 0 0 0 0 0 0 0 0 0 0 0 0 0 0 6 0 0 0 0 0 0 0 0 3 0 0 0 0 0 0 0 0 0 0 0 7 0 0 0 3 0 0 0 0 0 0 0 0 1 0 0 0 0 0 0 0 3 0 0 15 13 0 0 0 0 0 0 0 18 0 0 3 0 7 0 4 15 0 0 0 21 19 0 0 0 10 0 28 0 0 0 0 19 0 3 0 1 0 0 0 21 0 0 0 0 0 0 0 0 0 0 25 0 0 0 0 0 0 0 0 0 0 0 0 0 3 0 0 0 0 0 0 0 0 0 0 0 0 0 0 0 0 0 0 0 0 0 0 0 0 0 0 0 0 0 0 0 
0 0 0 0 0 0 0 0 0 0 0 0 0 0 0 0 0 0 0 0 7 0 0 0 0 0 22 0 0 0 0 0 0 0 0 0 0 34 0 0 0 0 3 9 0 18 0 12 0 0 0 0 0 0 0 0 0 18 0 0 0 4 0 0 0 0 0 0 0 0 0 21 0 0 0 0 0 0 1 0 0 3 0 6 13 0 0 0 0 0 6 0 0 0 24 6 0 3 6 0 0 0 0 0 0 0 0 0 0 0 0 0 0 0 0 0 0 0 0 0 0 0 0 0 0 0 0 0 0 0 16 0 0 0 0 0 0 0 0 0 0 0 6 0 0 0 0 0 0 0 0 0 0 0 0 0 0 0 0 0 0 0 0 0 0 0 0 0 
0 0 0 0 0 0 0 0 0 0 0 0 4 0 0 0 0 0 0 0 0 0 0 0 0 0 0 0 0 0 0 0 0 0 0 0 0 0 0 0 0 0 0 12 3 0 0 0 0 0 0 0 12 0 0 0 3 0 0 0 0 0 0 0 0 4 0 0 12 0 0 0 0 1 0 0 0 0 0 0 18 0 0 1 24 0 0 0 0 0 0 0 0 0 1 0 0 6 0 0 0 0 1 0 4 18 0 0 0 0 0 0 30 0 0 0 0 0 3 0 0 0 0 0 0 0 0 0 0 0 0 0 0 0 0 13 0 0 0 0 0 0 0 0 0 0 0 0 0 0 0 0 21 0 0 0 0 0 0 0 0 0 0 0 0 0 0 0 
0 0 0 0 0 0 0 0 0 0 0 0 0 0 0 0 0 0 0 0 0 0 0 0 0 0 0 0 0 1 0 0 0 3 0 1 3 0 0 0 0 4 0 0 0 0 0 0 0 0 0 0 0 3 0 0 3 0 0 0 0 0 0 0 18 0 16 0 0 1 0 21 0 15 0 0 0 0 0 0 0 3 0 0 9 0 0 0 0 0 0 0 6 0 1 0 0 1 0 4 0 10 10 0 0 0 0 0 0 0 0 0 0 0 0 0 0 0 0 0 0 0 0 24 0 0 1 0 0 0 0 0 0 3 0 0 0 0 0 0 0 0 0 0 0 0 0 0 0 0 0 0 0 0 0 0 0 0 0 0 0 0 0 0 0 0 0 0 
0 0 0 0 0 0 0 0 0 0 0 0 0 0 0 0 0 0 0 0 0 0 0 0 0 0 0 0 0 0 0 0 0 0 0 0 0 0 0 0 0 0 0 27 4 0 0 0 0 0 0 0 6 0 0 0 0 1 9 0 0 0 0 0 0 0 0 15 0 0 0 0 1 9 19 0 0 0 0 0 1 12 0 3 4 0 0 13 0 1 24 0 0 6 3 0 0 7 0 0 0 4 3 0 0 0 12 16 0 0 21 0 16 0 0 0 1 24 0 0 0 0 15 0 0 12 0 0 0 0 0 0 0 0 0 0 0 0 0 0 0 0 0 0 0 0 0 0 0 0 0 0 0 0 0 0 0 0 0 0 0 0 0 0 0 0 0 0 
0 0 0 0 0 0 0 0 0 0 0 0 0 0 0 0 0 0 0 0 0 0 0 0 0 0 0 0 0 0 0 0 0 0 0 0 31 4 0 0 31 0 0 0 0 0 0 12 0 0 0 0 0 0 0 3 0 0 0 0 3 0 19 0 3 0 7 0 0 21 0 0 7 0 0 0 0 4 0 3 0 1 0 1 1 0 0 0 0 0 15 3 0 21 0 15 7 6 13 0 9 3 0 0 0 0 1 3 4 3 0 0 0 3 0 0 9 0 0 0 0 0 0 0 0 0 0 0 0 13 0 0 0 0 0 0 0 0 0 0 0 0 0 0 0 34 0 0 0 0 0 0 0 0 0 0 0 0 0 0 0 0 0 0 0 0 0 0 
0 0 0 0 0 0 0 0 0 0 0 0 0 0 0 0 0 0 0 0 0 0 0 0 0 0 0 0 0 0 6 0 0 0 0 0 0 0 0 0 0 0 0 0 0 0 0 0 16 0 0 0 0 0 0 0 0 7 1 0 0 9 0 0 3 0 0 0 0 0 0 0 0 12 0 0 0 0 0 0 0 0 9 9 0 12 0 0 0 16 7 0 0 22 12 9 0 0 3 3 12 0 0 4 3 0 0 0 4 0 0 0 0 0 0 0 0 0 0 0 0 0 21 0 0 0 0 1 0 0 0 0 0 0 0 0 0 0 0 0 0 0 0 0 0 1 0 0 0 0 0 0 0 0 0 0 0 0 0 0 0 0 0 0 0 0 0 0 
0 0 0 0 0 0 0 0 0 0 0 0 0 0 0 0 0 0 0 0 0 0 0 0 0 0 0 0 0 18 0 0 0 0 0 0 0 0 0 0 0 0 0 10 0 0 0 0 0 0 0 3 21 0 0 0 0 0 0 0 0 0 0 0 0 0 9 0 0 0 0 0 0 3 18 0 0 0 4 0 0 0 0 1 0 0 1 0 3 0 0 6 0 0 0 0 0 0 0 0 0 25 0 0 0 0 0 0 0 0 0 0 0 28 0 0 0 0 0 0 18 0 0 0 0 0 0 0 0 0 0 1 0 0 0 0 0 0 0 0 6 0 0 0 0 0 0 0 0 0 0 0 0 0 0 0 0 0 0 0 0 0 0 0 0 0 0 0 
0 0 0 0 0 0 0 0 0 0 0 0 0 0 0 0 0 0 0 0 0 0 0 0 0 0 0 0 0 0 0 0 0 0 0 3 0 0 0 10 0 0 0 0 0 0 0 0 0 0 0 0 0 0 6 0 0 0 0 0 0 0 0 0 4 0 0 0 1 0 0 0 0 9 12 6 0 0 0 12 0 0 0 0 0 1 21 0 6 0 0 0 9 10 4 16 12 0 3 0 9 0 0 15 0 0 0 0 0 0 0 0 0 0 0 0 0 0 0 0 0 0 0 0 0 0 0 0 0 4 9 0 0 0 0 0 0 0 0 0 0 7 0 0 0 0 0 0 0 0 0 0 1 0 0 0 0 0 0 0 0 0 0 0 0 0 0 0 
0 0 0 0 0 0 0 0 0 0 0 0 0 0 0 0 0 16 0 0 0 0 0 0 0 1 0 0 0 0 0 0 0 0 0 7 0 0 0 0 0 27 0 0 0 0 0 0 0 0 0 0 0 0 0 0 0 9 0 0 12 0 0 0 0 0 0 0 0 0 21 0 0 0 0 0 0 0 0 0 0 18 0 0 0 0 0 0 1 0 0 0 4 0 0 12 0 0 3 0 0 7 0 0 0 7 0 0 0 0 0 0 0 0 19 0 0 0 0 0 0 0 12 0 0 12 0 0 0 0 0 0 0 0 0 0 0 0 0 0 0 9 0 0 0 0 0 0 0 0 0 0 0 0 0 0 0 0 0 0 0 0 0 0 0 0 0 0 
0 0 0 0 0 0 0 0 0 0 0 0 0 24 0 0 0 0 0 0 4 0 0 0 0 0 0 0 0 0 0 0 0 0 0 0 0 0 0 0 3 3 0 0 0 0 0 0 0 0 0 0 0 0 0 0 12 0 0 0 0 0 6 4 21 0 0 0 0 0 0 0 3 0 0 12 1 0 0 0 18 0 0 1 0 0 0 0 0 0 0 0 0 24 0 0 3 0 0 0 0 0 0 0 0 0 0 0 0 0 0 0 0 0 0 12 0 0 0 27 0 0 0 0 0 0 0 0 0 0 0 0 0 0 0 0 0 0 7 0 0 0 0 0 0 0 0 0 0 0 0 0 0 0 0 0 0 0 0 0 0 0 0 0 0 0 0 0 
0 0 0 0 0 0 0 0 0 0 0 0 0 0 0 0 0 0 0 0 1 0 0 0 0 0 0 0 0 0 0 4 0 0 0 0 1 0 0 0 0 0 25 0 0 0 3 0 0 0 0 0 12 0 0 0 0 0 0 0 0 0 0 0 0 0 12 0 0 0 0 0 0 0 0 0 0 0 0 9 6 0 18 15 0 12 0 0 0 0 0 22 0 13 15 13 15 0 0 0 0 0 9 0 6 0 0 0 0 7 0 0 0 0 0 0 0 0 0 0 0 0 0 0 0 0 4 0 0 0 0 0 0 0 0 0 0 0 0 0 0 0 0 0 0 0 0 0 0 0 0 0 0 0 0 0 0 0 0 0 0 0 0 0 0 0 0 0 
0 0 0 0 0 0 0 0 0 0 0 0 0 0 0 0 0 0 0 0 0 0 36 0 0 0 0 0 0 0 0 0 0 0 0 0 0 0 0 0 0 0 0 6 0 0 0 0 0 0 0 0 0 0 0 0 0 0 3 0 21 12 0 0 0 0 0 0 0 0 0 27 10 0 0 0 6 9 0 0 0 3 0 0 0 0 9 0 0 0 0 0 18 0 0 0 0 15 27 6 0 0 0 0 0 0 0 0 22 0 9 3 0 1 12 0 0 4 0 0 0 0 3 0 0 0 0 0 0 0 0 0 0 0 0 0 0 0 0 0 0 0 0 0 0 4 0 0 0 0 0 0 0 0 0 0 0 0 0 0 0 0 0 0 0 0 0 0 
0 0 0 0 0 0 0 0 0 0 0 0 0 0 0 0 0 0 0 0 0 0 0 0 0 0 0 0 0 0 0 0 0 0 0 0 0 0 0 0 0 0 0 12 0 0 0 0 0 1 0 0 21 0 0 12 12 18 6 1 0 12 0 0 0 0 0 0 0 9 12 0 0 0 0 0 1 6 0 3 0 0 18 0 0 0 0 9 0 10 4 0 0 22 0 0 9 3 0 0 0 0 0 0 0 0 0 0 6 0 0 0 0 0 27 0 0 0 0 19 0 0 0 0 0 0 0 0 28 27 0 0 0 0 0 0 0 0 0 0 0 0 0 0 0 0 0 0 0 0 0 0 0 0 0 0 0 0 0 0 0 0 0 0 0 0 0 0 
0 0 0 0 0 0 0 0 0 0 0 0 0 0 0 0 0 0 0 0 0 0 0 0 0 0 0 0 0 0 0 0 0 0 0 0 1 0 0 0 3 0 0 0 0 0 0 0 0 0 0 0 7 3 0 0 0 0 0 0 0 0 0 0 0 0 1 27 0 0 9 3 0 0 0 0 0 0 1 0 0 22 1 0 0 0 0 10 0 0 0 6 0 19 18 0 0 0 0 0 0 0 0 0 0 27 0 0 22 13 0 0 0 0 0 0 0 0 0 0 0 0 9 0 0 0 0 0 0 0 0 0 0 0 0 0 0 0 0 0 0 0 0 0 0 0 0 0 0 0 0 0 0 0 0 0 0 0 36 0 0 0 0 0 0 0 0 0 
0 0 0 0 0 0 0 0 0 0 0 0 0 0 0 0 0 0 0 0 0 0 0 0 0 0 0 6 0 0 0 0 0 0 0 0 0 0 0 0 0 0 0 0 12 0 0 0 0 0 0 0 0 0 1 0 0 30 0 0 9 0 0 0 0 0 0 3 0 16 0 0 9 0 0 1 0 0 4 0 0 0 6 0 0 21 25 0 0 0 3 9 0 9 0 4 0 0 4 0 0 0 0 0 0 0 0 0 7 0 0 0 0 0 3 0 0 1 0 0 0 6 0 0 0 0 1 0 0 0 0 0 12 0 0 0 0 0 0 0 0 0 0 0 0 0 0 0 0 9 0 0 0 0 0 0 0 31 0 0 0 0 0 0 0 0 0 0 
0 0 0 0 0 0 0 0 0 0 0 0 0 0 0 0 0 0 0 0 0 0 0 0 0 0 0 0 0 0 0 0 0 0 0 0 0 0 0 0 0 0 31 0 0 0 0 0 15 0 0 0 30 0 0 0 0 12 0 0 0 0 0 0 0 0 0 9 18 21 0 3 0 0 0 0 15 22 1 0 1 0 0 27 0 0 0 0 10 27 1 0 0 0 0 0 6 15 0 0 0 27 3 0 0 0 0 18 0 0 0 0 0 0 13 24 0 3 0 0 0 0 9 0 0 0 0 0 0 0 0 0 0 0 0 0 0 0 0 0 0 0 0 0 0 0 0 0 0 0 0 6 0 0 1 0 0 0 0 0 0 0 0 0 0 0 0 0 
0 0 0 0 0 0 0 0 0 0 0 0 0 0 0 0 0 0 0 0 0 0 0 0 0 0 0 0 0 0 0 0 0 0 0 0 0 0 0 0 0 0 0 0 0 0 9 0 0 0 0 0 0 0 3 0 6 0 0 19 0 0 0 0 0 6 0 0 4 0 0 0 0 3 0 12 0 0 7 12 0 0 16 3 1 3 0 0 16 0 0 24 0 0 12 0 3 0 6 0 0 0 4 3 0 0 0 0 0 0 6 0 0 0 0 0 0 0 0 0 0 0 0 4 0 0 0 0 0 0 0 0 0 0 0 0 0 0 0 0 0 0 0 0 0 0 0 0 0 0 0 0 0 0 0 0 0 0 0 0 0 0 0 0 0 0 0 0 
0 0 0 0 0 0 0 0 0 0 0 0 0 0 0 0 0 0 0 0 0 0 0 0 12 0 0 0 0 0 0 0 0 0 0 0 0 0 0 0 0 0 6 0 0 0 0 0 0 0 0 0 0 0 0 0 0 0 1 0 0 0 0 0 0 0 0 0 21 0 0 1 7 0 0 0 0 0 19 22 0 0 0 1 0 0 0 3 0 0 0 0 3 0 0 0 1 0 0 0 0 7 0 0 0 0 0 0 0 0 0 0 0 15 0 0 0 0 0 0 7 0 0 0 0 0 3 0 0 0 0 0 0 7 0 0 0 0 0 0 0 0 0 0 0 0 0 0 0 0 0 0 0 0 0 0 0 0 0 0 0 0 0 0 0 3 0 0 
0 0 0 0 0 0 0 0 0 0 0 0 0 0 0 0 0 0 0 0 0 0 0 0 0 0 0 0 0 0 0 3 0 0 0 0 0 27 0 1 0 0 3 12 21 0 0 0 3 0 0 0 19 0 0 0 0 1 0 0 0 0 0 0 15 0 0 0 6 0 0 0 0 0 7 0 0 0 0 0 0 0 0 0 4 0 0 0 1 0 0 0 1 27 0 0 0 0 0 0 0 3 0 15 0 0 0 1 0 0 0 0 0 0 0 3 27 0 3 27 0 0 0 0 0 0 0 0 3 0 0 0 0 0 0 0 0 0 0 0 0 0 0 0 0 0 0 0 0 0 0 0 0 0 0 0 0 0 0 0 0 0 0 0 0 0 0 0 
0 0 0 0 0 0 0 0 0 0 0 0 0 0 0 0 0 0 0 0 0 0 0 0 0 0 0 0 0 0 0 0 0 0 0 0 3 9 0 0 0 0 0 0 0 0 10 0 0 0 0 6 0 0 0 0 0 1 0 0 12 0 0 0 0 0 19 0 12 0 0 0 0 19 0 10 0 0 12 0 0 0 0 0 0 0 0 0 0 9 0 0 0 0 0 0 0 0 0 0 0 0 0 0 3 1 0 0 1 0 12 0 0 0 0 1 0 0 15 0 0 0 6 0 12 0 0 0 0 0 0 0 0 9 0 4 0 0 0 0 0 0 0 0 0 0 0 0 0 0 0 0 0 0 0 0 0 0 0 0 0 0 0 0 0 0 0 0 
0 0 0 0 0 0 0 0 0 0 0 0 0 0 0 0 0 0 0 0 0 0 0 0 0 0 0 0 0 0 0 0 0 0 0 0 0 0 0 0 21 0 0 0 0 9 4 0 0 0 0 0 0 15 0 0 0 0 0 0 0 0 27 0 0 0 3 0 3 7 12 6 24 0 0 1 10 0 9 0 7 3 0 9 0 0 22 0 16 0 0 13 0 0 0 0 0 21 0 7 0 0 3 0 0 0 0 0 0 0 13 0 0 0 0 0 0 0 0 9 0 0 0 0 0 0 0 0 0 0 0 0 0 0 0 0 0 7 0 0 0 0 0 0 0 0 0 0 0 0 0 12 0 9 0 0 0 0 0 0 0 0 0 0 0 0 0 0 
0 0 0 0 0 0 0 0 0 0 0 0 0 0 0 0 0 0 0 0 0 0 0 0 6 0 0 0 0 0 0 0 0 0 6 0 0 0 0 0 0 0 0 0 4 0 6 0 0 0 15 0 0 6 0 3 1 0 21 3 0 0 0 0 0 0 0 0 0 0 0 0 0 1 0 10 1 0 0 0 0 0 13 0 0 21 0 3 15 0 24 0 4 0 0 0 0 15 0 0 15 0 3 0 0 6 6 0 19 0 6 24 0 0 0 0 0 0 0 0 22 0 0 0 0 0 6 0 0 0 0 0 0 0 15 0 10 0 3 0 0 0 0 0 0 0 0 0 0 0 0 0 0 0 0 0 0 0 0 0 0 0 0 0 0 0 0 0 
0 0 0 0 0 0 0 0 0 0 0 0 0 0 0 0 0 0 0 0 0 0 0 0 0 0 0 0 0 0 0 0 0 0 0 0 0 0 0 0 0 0 0 0 0 0 0 0 0 4 0 0 0 0 0 0 0 0 0 1 18 0 0 0 0 0 0 0 0 0 0 0 0 0 0 0 0 0 1 0 1 6 0 0 0 10 12 0 0 0 0 0 0 0 0 0 0 0 1 0 0 0 0 0 0 0 0 0 0 0 1 0 0 0 0 12 0 0 0 0 7 0 0 0 0 0 0 0 0 0 0 30 0 0 0 0 0 0 0 0 0 0 0 0 18 3 0 0 30 0 0 0 0 0 0 0 0 0 0 0 0 0 0 0 0 0 0 0 
0 0 0 0 0 0 0 0 0 0 0 0 0 0 0 0 0 0 0 0 0 0 0 0 0 0 0 0 3 0 0 0 0 18 0 0 16 0 12 0 0 9 0 0 0 0 0 0 0 0 0 0 0 0 0 18 7 0 0 0 12 0 0 0 12 0 0 0 0 0 0 0 0 18 1 0 0 0 0 0 0 0 0 7 1 1 0 0 0 0 6 0 6 6 0 0 0 0 3 0 0 3 4 0 0 0 0 9 0 4 0 0 0 0 1 1 0 0 1 22 0 0 0 4 9 0 0 0 0 1 0 0 0 0 0 0 0 0 0 0 0 0 0 0 0 0 0 0 0 0 0 0 0 0 0 0 0 0 0 0 0 0 0 0 0 0 0 0 
0 0 0 0 0 0 0 0 0 0 0 0 0 0 0 0 0 0 0 0 0 0 0 0 0 0 0 0 0 0 0 0 0 0 4 0 0 0 0 0 0 0 0 0 0 0 0 15 24 0 0 0 0 18 0 0 0 0 0 0 0 0 0 0 0 0 0 18 0 0 9 0 0 4 0 4 0 15 0 3 0 0 0 3 0 0 0 13 0 15 0 0 0 0 0 0 16 6 0 0 0 0 0 0 0 0 0 0 0 0 0 0 0 0 0 0 0 0 3 0 0 1 0 0 0 0 0 0 15 0 0 0 0 0 0 0 0 10 0 0 0 0 0 0 0 0 0 0 0 0 0 0 0 0 0 22 0 0 0 0 0 0 4 0 0 0 0 0 
0 0 0 0 0 0 0 0 0 0 0 0 0 0 0 0 0 0 0 0 0 0 0 0 0 0 0 0 0 0 0 0 0 0 0 0 0 0 0 0 0 0 0 0 0 0 0 0 0 0 0 0 0 0 0 0 0 0 0 0 0 0 0 7 0 0 0 0 0 0 0 6 0 0 0 0 0 0 0 3 7 0 1 0 6 4 6 3 0 0 0 0 9 0 0 0 24 0 9 0 0 0 0 7 0 0 9 3 0 0 0 0 3 0 0 0 0 9 0 0 0 0 0 0 0 0 0 12 0 0 0 0 0 0 0 0 0 0 0 0 0 0 0 0 0 0 0 0 0 0 0 18 0 0 0 0 0 0 0 0 0 0 0 0 0 0 0 0 
0 0 0 0 0 0 0 0 0 0 0 0 0 0 0 0 0 0 0 0 0 0 0 18 0 0 0 0 0 0 0 0 0 0 0 21 24 6 0 0 7 0 0 0 0 0 10 0 0 0 0 10 0 0 1 1 3 0 0 6 0 0 0 12 0 0 0 0 0 0 0 3 0 6 4 3 0 4 1 15 0 0 0 0 6 0 0 0 0 3 0 0 13 4 0 0 0 0 10 10 0 0 0 3 1 0 0 0 3 0 0 0 0 18 0 13 0 0 0 0 0 3 0 0 0 0 15 0 3 0 0 3 0 6 0 0 1 0 0 0 0 0 0 0 0 0 0 0 0 0 0 0 0 0 0 0 0 0 0 0 0 0 0 0 0 0 0 0 
0 0 0 0 0 0 0 0 0 0 0 0 0 0 0 0 0 0 0 0 0 0 0 0 0 0 1 0 0 0 0 7 0 0 0 0 0 0 6 0 0 0 0 19 0 0 0 0 0 0 0 0 0 0 0 0 0 0 0 0 0 0 0 0 0 0 22 0 0 0 0 0 0 0 0 12 0 0 0 0 0 18 0 0 18 0 15 1 0 0 0 0 0 4 6 0 0 3 0 0 3 10 0 0 12 18 0 1 0 0 0 0 0 0 0 0 0 10 0 0 0 0 0 0 0 0 4 0 0 4 0 0 0 0 0 0 0 0 0 0 0 0 0 0 0 0 1 0 0 0 0 0 0 0 0 0 0 0 0 0 0 0 0 0 0 0 0 0 
0 0 0 0 0 0 0 0 0 0 0 0 0 0 0 0 0 0 0 0 0 0 0 0 0 0 0 0 0 0 0 0 0 0 0 0 9 0 0 0 0 0 0 0 0 0 0 0 0 0 0 15 0 0 0 0 0 6 0 1 1 1 0 0 6 10 0 10 0 0 3 22 0 0 0 0 7 9 1 0 0 0 0 0 0 0 0 0 6 0 0 1 0 0 0 0 3 1 0 0 0 0 0 0 0 0 12 0 7 3 0 0 0 0 0 0 0 0 0 3 0 0 0 0 0 0 0 0 6 0 0 0 0 0 0 0 0 0 0 0 0 0 0 0 0 0 0 0 0 0 0 0 0 0 0 0 0 0 0 0 0 0 0 0 0 0 0 0 
0 0 0 0 0 0 0 0 0 0 0 0 0 0 0 0 0 0 0 0 0 0 0 0 0 0 0 0 9 0 0 0 0 0 0 3 0 0 0 3 0 0 1 0 0 0 0 0 0 0 0 0 0 0 0 0 3 0 0 0 0 0 0 0 18 0 0 9 0 0 0 0 0 10 0 3 6 21 0 0 0 3 9 0 3 0 0 0 0 0 22 0 0 0 0 0 0 0 0 6 0 6 0 6 3 0 0 4 0 10 0 0 0 0 4 0 0 0 0 0 0 0 0 0 0 0 0 0 0 0 1 0 0 6 1 0 0 0 0 0 0 0 0 0 0 0 0 0 0 0 0 0 0 0 0 0 0 0 0 0 0 0 0 0 0 0 0 0 
0 0 0 0 0 0 0 0 0 0 0 0 0 0 0 0 0 0 0 0 0 0 0 0 0 0 0 0 0 0 0 0 0 0 0 0 0 0 0 0 0 0 1 0 0 0 0 1 0 3 0 0 0 12 0 0 0 0 0 0 0 12 0 0 0 0 0 0 0 0 0 0 12 0 0 27 0 0 1 0 0 0 0 0 0 0 0 10 0 0 3 0 15 0 0 16 12 0 0 7 0 0 0 0 0 0 0 0 0 0 0 0 0 0 0 0 0 0 0 0 0 0 0 0 0 0 0 4 0 0 0 0 0 0 9 0 0 0 0 0 0 19 0 0 0 0 0 0 0 0 0 0 0 0 0 0 0 0 0 0 0 0 0 0 0 0 0 0 
0 0 0 0 0 0 0 0 0 0 0 0 0 0 0 0 0 0 25 0 0 0 0 0 0 0 0 39 0 0 6 0 0 0 0 0 0 0 0 0 0 0 0 0 0 0 0 0 15 0 18 0 0 3 0 0 0 0 0 0 0 0 1 0 0 0 0 0 0 0 0 0 0 0 0 6 9 0 0 0 0 0 6 9 0 0 0 0 3 0 0 3 0 0 9 3 0 1 3 3 3 0 0 0 0 0 0 12 0 3 0 0 0 0 0 24 0 19 0 6 0 0 0 0 0 0 0 0 0 0 0 0 0 0 0 0 0 0 0 0 0 0 0 0 0 0 0 0 0 0 0 0 0 6 0 0 0 0 0 0 0 0 0 0 0 0 0 0 
0 0 0 0 0 0 0 0 0 0 0 0 0 0 0 22 0 0 0 0 0 0 0 0 0 0 0 0 15 0 0 0 0 0 0 0 0 0 0 0 0 0 0 0 0 0 1 0 0 0 18 0 3 0 0 0 0 6 0 13 3 0 0 0 0 0 0 0 27 0 0 0 0 0 0 0 3 0 0 0 0 0 0 0 0 12 9 0 0 0 0 0 12 12 0 3 6 7 0 0 0 3 0 0 6 0 0 0 0 3 0 0 0 0 0 0 0 1 0 0 0 0 22 0 1 0 0 0 0 0 0 0 0 24 0 0 0 1 0 1 0 0 0 0 0 0 0 0 9 0 0 0 0 0 7 0 0 0 0 0 0 0 0 0 0 0 0 0 
0 0 0 0 0 0 0 0 0 0 0 0 0 0 0 0 0 0 0 0 9 0 0 0 0 0 0 0 0 0 0 0 0 0 0 0 0 3 0 1 0 0 0 0 0 27 0 0 0 0 0 25 0 3 4 0 0 10 27 0 0 0 0 0 0 0 0 0 0 0 3 0 0 0 0 0 0 7 1 0 0 1 0 0 24 0 0 0 0 0 4 7 0 0 13 0 0 24 15 0 1 0 0 0 0 1 0 0 0 0 0 0 0 0 0 0 0 0 0 0 15 0 0 0 0 0 0 0 0 0 0 0 0 0 0 0 0 0 0 0 0 0 0 0 0 0 0 0 0 0 0 0 0 0 0 21 0 0 0 0 0 0 0 0 0 0 0 0 
0 0 0 0 0 0 0 0 0 0 0 0 0 0 0 1 0 0 0 0 0 0 1 0 0 0 0 0 0 0 0 0 0 0 0 0 0 0 0 0 0 0 0 0 0 0 0 0 0 0 0 0 0 3 1 0 6 6 0 0 0 0 0 0 0 0 0 0 4 0 0 4 0 15 0 1 0 0 7 0 9 0 0 0 0 15 0 0 12 0 0 0 0 0 9 0 7 0 4 0 1 1 9 0 0 9 0 0 0 0 0 0 0 0 0 0 0 0 0 7 0 0 9 0 0 0 0 0 0 0 0 0 0 0 0 0 0 0 0 0 0 0 0 0 0 0 37 0 0 0 13 0 0 0 0 0 0 0 0 0 0 0 0 0 0 0 0 0 
0 0 0 0 0 0 0 0 0 0 0 0 0 0 0 0 4 0 0 0 13 0 0 0 0 0 0 0 0 0 0 0 0 0 0 0 0 0 0 0 7 0 0 0 0 0 0 0 0 0 0 0 0 0 0 0 0 6 0 0 3 0 0 0 0 0 0 1 0 0 0 0 0 0 0 0 0 12 9 0 0 0 4 1 15 0 0 18 12 0 13 0 28 1 0 0 7 1 4 0 0 6 0 0 0 0 0 0 0 0 3 0 6 0 0 0 0 7 0 0 0 0 0 0 0 1 0 0 6 0 0 0 0 0 0 0 0 0 0 0 0 0 0 0 0 0 0 0 0 0 0 0 0 0 0 0 0 0 0 0 0 0 0 0 0 0 0 0 
0 0 0 0 0 0 0 0 0 0 0 0 0 0 0 0 0 0 0 0 0 0 0 0 0 15 0 0 0 0 0 0 0 0 0 0 0 0 0 0 0 0 0 22 0 0 6 0 0 0 7 0 0 0 0 7 0 0 0 0 0 0 0 0 0 9 0 21 0 0 9 0 0 0 0 0 3 0 0 9 0 0 25 16 0 0 13 0 0 13 1 0 0 0 24 13 0 0 6 0 0 0 0 0 0 0 0 1 0 1 0 0 0 0 0 0 0 13 0 0 0 0 0 0 0 0 0 0 0 0 0 0 0 0 0 0 0 0 0 0 0 0 0 0 13 0 0 0 0 0 1 0 4 0 0 0 0 0 0 0 0 0 0 0 0 0 0 0 
0 0 0 0 0 0 0 0 0 0 0 0 0 0 0 0 0 0 0 0 0 0 0 0 0 9 0 3 0 0 0 15 0 0 0 0 0 0 0 0 0 0 0 0 0 0 0 0 0 0 0 0 0 0 0 0 12 0 0 1 0 0 0 0 0 0 0 0 0 0 0 0 9 1 0 0 9 0 0 0 0 9 0 0 24 0 0 9 0 21 4 0 0 0 0 0 0 4 0 0 0 0 0 0 0 0 0 0 0 0 0 0 0 0 0 0 0 0 0 9 0 0 0 0 0 0 0 0 0 0 0 0 24 0 0 0 0 0 0 0 0 0 0 0 0 0 0 0 0 0 0 0 0 0 0 0 0 0 0 0 0 0 0 0 0 0 0 0 
0 0 0 0 0 0 0 0 0 0 0 0 0 0 0 0 0 0 0 0 0 0 0 0 0 0 0 6 0 0 0 0 0 0 0 0 0 0 0 0 0 0 0 0 1 0 0 0 0 0 0 0 0 21 0 0 0 0 0 0 0 3 0 0 0 0 3 0 0 3 12 0 0 0 21 0 0 0 0 22 3 0 0 13 0 0 0 0 0 0 21 0 18 0 0 0 0 7 0 0 0 0 0 0 0 0 0 0 0 15 12 0 0 0 0 0 25 0 0 0 0 0 0 0 0 0 0 0 0 0 0 0 0 0 0 0 0 0 0 16 0 0 0 0 0 0 0 0 0 0 0 0 0 0 0 0 0 0 0 0 0 0 0 0 0 0 0 0 
0 0 0 0 0 0 0 0 0 0 0 0 0 0 0 0 0 0 0 0 0 0 0 0 0 0 0 0 0 0 0 0 0 0 0 0 0 0 0 19 0 0 1 0 12 0 0 0 0 27 0 0 0 0 0 0 0 0 0 0 0 0 0 27 0 0 30 0 9 0 0 9 3 0 0 0 0 7 0 0 0 18 0 0 1 1 4 22 0 0 0 0 0 0 0 6 0 0 0 6 0 0 0 0 0 0 12 3 0 0 0 15 0 0 0 0 0 21 0 0 0 0 16 0 0 0 0 0 3 0 0 0 0 0 0 0 0 0 0 0 0 0 22 0 0 0 0 0 0 0 0 0 0 0 0 0 0 0 0 0 0 0 0 0 0 0 0 0 
0 0 0 0 0 0 0 0 0 0 0 0 0 0 0 0 0 0 0 0 0 0 0 0 0 0 0 0 0 0 0 0 0 0 0 0 0 0 0 0 0 0 0 0 0 0 0 13 0 0 18 10 0 3 18 0 0 10 0 0 0 0 1 0 1 0 0 18 0 12 0 0 0 0 19 12 0 0 0 0 6 0 27 0 13 3 28 0 0 6 0 15 0 13 13 0 0 0 0 1 0 0 9 0 0 7 0 0 21 12 21 0 0 0 0 0 0 0 0 0 0 0 4 0 0 0 0 0 0 3 0 0 0 0 0 0 0 0 0 0 0 0 0 0 0 0 0 0 6 0 3 0 0 0 21 0 0 0 0 0 0 0 0 0 0 0 0 0 
0 0 0 0 0 0 0 0 0 0 0 0 0 0 0 0 0 6 0 0 0 0 0 0 0 0 0 1 0 1 0 0 0 0 0 0 0 0 0 0 0 0 0 0 0 0 0 0 0 0 0 0 0 16 0 0 0 0 3 0 0 0 0 0 9 1 0 4 9 1 0 0 7 19 0 0 0 1 0 0 0 3 0 25 6 0 0 0 0 0 12 12 0 0 22 0 0 0 0 0 15 0 0 21 0 4 0 0 0 0 0 0 0 0 0 0 12 0 0 0 19 0 0 0 0 0 0 18 0 0 4 0 0 0 0 0 0 0 0 0 0 0 0 0 0 0 0 0 0 0 0 0 0 0 0 0 0 0 0 0 0 0 0 0 0 0 0 0 
0 0 0 0 0 0 0 0 0 0 0 0 0 0 0 0 0 0 0 0 0 0 0 0 0 0 0 0 0 0 0 0 4 0 0 0 0 0 0 0 0 0 0 3 0 0 27 0 0 0 0 0 0 0 0 0 0 1 0 0 0 4 0 25 4 4 0 0 0 0 28 0 0 0 0 3 1 0 0 1 0 6 4 0 3 0 0 0 0 0 6 0 0 0 1 0 0 3 0 0 0 0 0 1 0 3 3 0 0 0 0 0 1 0 0 0 0 0 1 0 1 0 0 0 0 0 25 0 0 0 0 0 0 0 0 0 0 0 0 4 0 0 0 0 0 3 0 0 0 0 0 0 0 0 0 0 1 0 0 0 13 0 0 0 0 0 0 0 
0 0 0 0 0 0 0 0 0 0 0 0 0 0 0 0 0 0 0 0 0 0 0 0 0 0 0 0 0 0 4 15 0 0 4 0 6 0 0 0 0 0 0 6 0 0 0 0 1 0 0 0 15 0 0 0 0 12 0 0 0 0 15 0 0 1 0 0 6 3 0 0 0 10 1 0 24 9 0 0 0 0 0 0 3 1 0 3 6 0 0 0 0 0 0 0 0 0 21 1 1 0 0 7 0 19 0 12 0 0 0 0 15 12 0 0 0 0 0 0 6 0 0 0 0 3 0 0 0 0 0 0 0 0 0 0 6 0 0 0 0 0 3 0 0 0 0 0 0 0 0 0 0 0 0 0 0 0 0 0 0 0 0 0 0 0 0 0 
0 0 0 0 0 0 0 0 0 0 0 0 0 0 0 0 0 0 0 0 0 0 0 0 0 1 0 0 0 0 0 0 0 0 0 0 0 0 0 0 1 0 0 0 0 0 0 0 0 12 0 0 3 18 0 0 0 1 0 0 21 0 0 6 0 0 0 0 0 0 0 0 0 0 0 16 24 6 12 0 0 3 1 0 0 0 0 0 0 0 0 0 0 0 0 0 3 28 0 0 0 6 0 0 0 0 0 0 0 0 0 0 0 0 0 0 0 0 0 0 0 0 0 0 0 0 0 0 0 0 0 0 0 0 0 0 0 0 0 0 0 0 0 0 0 0 0 0 0 0 0 0 0 28 0 0 0 0 0 0 0 0 0 0 0 0 0 0 
0 0 0 0 0 0 0 0 0 0 0 0 0 0 0 0 0 0 0 0 0 0 0 0 0 0 0 0 0 0 0 9 0 0 0 0 21 21 0 0 0 0 0 0 0 0 0 0 0 0 0 0 0 0 0 15 0 0 0 0 0 0 0 0 0 0 0 0 0 0 0 16 0 0 3 6 0 6 0 0 0 0 0 7 0 0 0 0 9 24 0 0 9 0 0 0 0 1 0 1 0 3 3 0 12 12 0 0 0 3 0 0 0 6 0 0 0 0 0 0 0 0 0 0 0 0 4 0 0 0 0 0 0 0 0 0 0 0 0 0 0 3 0 0 0 0 0 0 0 0 0 0 0 0 0 0 0 0 0 0 0 0 0 0 0 0 0 0 
0 0 0 0 0 0 0 0 0 0 0 0 0 0 0 0 0 0 0 0 1 0 0 0 0 0 0 0 0 0 0 0 0 0 0 0 0 19 0 0 0 0 0 6 3 0 15 0 0 0 0 0 0 0 1 0 0 0 0 0 0 0 0 6 6 0 0 0 4 4 0 0 0 0 6 0 0 0 0 0 0 0 28 0 21 9 12 0 10 0 10 0 0 0 0 13 0 0 9 0 0 1 0 0 0 0 0 0 0 0 0 0 0 0 0 0 0 0 0 0 0 0 7 0 16 0 0 0 0 0 0 0 0 0 0 0 3 0 0 0 0 0 33 0 0 0 0 0 0 0 0 0 0 0 0 0 0 0 0 21 0 0 0 0 0 0 0 0 
0 0 0 0 0 0 0 0 0 0 0 0 0 0 0 0 0 0 1 0 0 0 0 0 0 0 0 0 0 0 0 4 0 0 0 4 0 0 1 0 6 1 0 0 0 0 0 0 0 0 0 0 0 1 0 0 0 0 3 0 0 4 18 0 0 0 0 0 3 0 0 0 0 0 1 0 0 16 0 3 0 0 0 0 0 9 0 1 0 4 28 0 21 13 0 0 3 9 0 1 0 0 0 0 0 4 18 0 0 0 0 0 0 4 0 0 0 0 0 0 0 0 18 0 0 0 0 0 6 31 0 0 0 0 0 0 0 0 0 0 0 0 0 28 0 0 0 0 0 0 0 0 0 3 0 0 0 0 0 0 0 0 0 0 0 0 0 0 
