0 0 0 0 0 0 0 0 0 0 0 0 0 0 0 0 0 0 0 0 0 0 0 0 0 0 0 0 0 0 0 0 0 0 0 0 0 0 0 0 0 0 0 0 0 16 0 0 0 0 3 0 0 0 0 0 0 0 1 0 0 0 0 0 0 0 0 0 21 0 6 0 0 0 0 0 28 0 15 0 0 12 16 0 0 0 0 0 9 0 0 0 0 0 0 0 0 21 3 0 0 0 0 0 0 0 3 0 0 0 0 0 0 0 0 0 0 0 0 0 0 0 0 0 0 0 0 0 0 0 0 6 0 13 0 0 9 0 0 3 0 0 0 0 0 0 0 0 0 0 0 0 0 0 0 0 0 0 0 0 0 0 0 0 0 0 0 0 
0 0 0 0 0 0 0 0 0 0 0 0 0 0 0 0 0 0 0 0 0 0 0 0 0 0 0 0 0 0 0 0 1 0 0 0 0 0 0 0 0 6 0 0 0 0 0 0 0 0 0 18 0 0 0 0 0 0 0 3 12 0 0 0 0 0 0 0 9 3 22 0 0 0 12 0 0 0 0 22 0 3 0 3 3 0 0 0 0 0 3 0 6 3 0 0 3 0 0 0 0 7 0 0 0 0 0 0 1 10 0 21 0 0 0 0 0 0 27 0 0 0 1 3 0 0 0 0 9 0 0 12 0 12 0 4 16 0 0 0 4 0 0 0 0 0 0 3 0 0 0 0 0 0 0 0 0 0 0 0 0 0 0 0 0 0 0 0 
0 0 0 0 0 0 0 0 0 0 0 0 0 0 0 0 0 0 0 0 0 0 0 0 0 0 0 0 0 0 0 0 0 0 0 0 3 0 0 0 0 0 0 0 0 0 0 0 0 0 0 0 0 0 0 0 0 0 0 0 19 0 1 1 0 0 21 4 0 0 0 4 0 0 0 12 9 0 0 0 7 0 1 0 0 0 0 9 0 0 1 3 0 3 0 0 0 0 0 0 0 0 15 0 0 0 0 0 0 0 22 0 0 0 0 0 0 0 0 0 0 0 3 0 0 0 1 0 0 0 4 0 0 0 0 0 0 0 0 0 0 0 0 22 0 0 0 0 0 0 0 0 0 0 0 0 0 0 0 0 0 0 0 0 0 0 0 0 
0 0 0 0 0 0 0 0 0 0 0 0 0 0 0 0 0 0 0 0 0 0 0 0 0 0 0 0 24 0 0 0 0 0 0 0 0 0 0 3 0 0 0 0 0 0 0 0 0 0 0 0 0 0 0 0 4 0 0 0 9 1 0 0 0 9 0 0 0 0 0 24 7 19 4 0 0 0 0 27 0 10 0 27 0 4 0 0 0 7 0 0 0 0 0 3 3 0 0 0 0 10 0 0 4 0 0 0 0 0 0 0 0 0 0 0 0 0 0 21 0 0 0 0 0 0 0 0 0 0 0 0 0 0 0 0 0 0 0 0 0 0 0 3 0 0 0 0 0 18 0 0 0 0 12 0 0 0 0 0 0 0 0 0 0 0 0 0 
0 0 0 0 0 0 0 0 0 0 0 0 0 0 0 0 0 0 0 0 0 0 0 0 0 0 0 0 0 0 0 21 0 0 0 0 0 0 10 0 0 9 0 0 0 0 0 0 9 0 0 0 0 0 0 0 0 0 0 0 4 3 0 0 9 0 0 0 0 6 0 0 6 0 18 3 1 0 0 0 6 0 0 7 0 0 0 0 7 12 9 13 0 0 0 0 7 1 0 9 0 0 0 0 0 0 12 0 0 0 0 0 0 0 0 19 27 0 0 0 0 0 0 0 0 0 0 0 0 0 0 0 0 0 0 0 0 0 0 0 0 0 9 0 0 0 0 0 0 0 0 0 0 0 0 0 0 0 0 0 0 0 0 3 0 0 0 0 
0 0 0 0 0 0 0 0 0 0 0 0 0 0 0 0 0 0 0 0 0 0 0 0 0 0 0 0 0 0 0 0 25 0 0 0 0 0 0 0 0 3 3 9 0 0 0 0 0 0 6 0 0 0 0 0 0 3 0 1 0 1 0 0 7 6 0 0 0 12 0 24 21 0 24 27 0 0 0 22 7 0 0 0 7 12 0 1 18 0 0 0 0 0 0 0 0 7 0 0 6 0 0 0 0 0 0 0 0 0 0 0 0 0 0 0 0 0 0 0 0 0 1 3 10 0 0 0 3 0 0 0 0 0 0 0 0 0 0 0 0 0 0 0 0 0 13 0 0 0 0 0 0 0 0 0 0 0 0 0 0 0 0 0 0 0 0 0 
0 0 0 0 0 0 0 0 0 0 0 0 0 0 0 0 0 0 0 0 0 0 0 0 0 0 0 0 0 0 0 0 0 0 0 0 0 0 0 0 0 0 0 0 0 0 0 0 0 0 9 0 3 0 0 0 0 0 0 0 0 0 0 0 6 0 1 0 0 12 0 3 28 0 0 0 6 0 0 1 0 0 0 0 0 0 0 0 0 0 0 0 1 0 0 0 0 0 0 0 1 0 0 0 0 9 0 0 0 0 0 0 0 0 0 0 0 6 0 0 0 0 0 0 0 0 0 0 0 0 0 0 0 0 0 0 19 0 0 0 0 0 0 0 3 0 0 0 0 0 0 0 0 0 0 0 0 0 0 0 0 0 0 0 0 0 0 0 
0 0 0 0 0 0 0 0 0 0 0 0 0 0 0 0 0 0 0 0 0 0 0 0 0 0 0 6 0 0 0 0 0 0 0 0 0 0 0 0 0 0 0 0 0 0 0 0 12 0 0 0 0 0 0 0 0 0 0 3 7 19 0 10 4 0 4 9 1 0 0 9 0 9 27 6 0 0 0 0 3 3 0 0 0 0 0 0 0 3 1 0 0 0 0 0 0 0 1 0 0 0 0 0 0 0 0 0 0 10 1 0 12 0 0 0 0 0 0 0 0 0 0 0 0 0 0 0 3 0 3 0 0 0 0 0 0 13 0 0 0 0 0 0 0 0 0 15 0 0 0 0 0 0 0 0 0 0 0 0 0 0 0 0 0 0 0 0 
0 0 0 0 0 0 0 0 0 0 0 0 0 0 0 0 0 0 0 0 0 0 0 0 0 0 0 0 0 0 0 0 0 0 0 0 0 0 0 0 1 0 0 0 0 0 0 0 0 0 0 0 0 0 0 0 0 0 0 0 4 0 24 0 0 0 0 0 6 0 0 1 0 7 6 0 0 0 0 0 0 3 0 4 0 0 9 0 0 13 4 0 0 0 0 0 0 0 0 9 0 0 15 0 0 0 0 9 0 0 0 4 28 0 3 9 9 0 0 3 0 3 0 0 0 0 0 0 0 0 0 13 0 0 0 0 0 0 0 0 0 0 0 0 0 0 0 0 0 15 0 0 0 0 0 0 6 0 0 0 0 0 0 0 0 0 0 0 
0 0 0 0 0 0 0 0 0 0 0 0 0 0 0 0 0 0 0 0 0 0 0 0 0 0 0 0 0 0 0 0 0 0 0 0 0 0 0 0 3 0 0 0 0 0 0 0 0 0 0 0 0 0 0 13 0 0 0 0 0 0 0 0 4 6 0 12 0 0 0 0 0 0 0 9 4 0 25 0 3 0 0 16 0 0 0 0 3 15 3 0 27 0 0 0 0 0 0 0 0 0 0 0 0 6 0 3 3 0 12 0 0 0 0 0 0 3 24 0 0 0 0 0 0 0 0 0 0 0 0 0 0 0 0 0 7 0 0 9 0 0 0 0 0 0 0 0 0 0 0 0 0 0 0 0 0 40 0 0 0 0 0 0 0 0 0 0 
0 0 0 0 0 0 0 0 0 0 0 0 0 0 0 0 0 0 0 0 0 0 0 0 0 0 0 0 0 18 0 0 0 0 0 0 0 0 0 0 0 0 0 0 0 0 0 0 3 0 12 0 0 0 0 0 0 3 0 0 0 0 0 0 0 0 0 0 0 13 9 3 0 3 0 24 0 0 0 0 0 12 0 15 0 12 0 0 0 0 13 0 0 0 0 0 4 0 0 27 0 0 0 0 0 0 0 15 27 9 0 0 0 0 0 0 0 15 0 0 0 0 6 0 0 1 0 0 3 0 0 0 0 0 0 0 0 0 0 0 0 0 0 0 0 0 0 0 0 0 0 0 0 0 0 0 0 0 0 0 0 0 0 0 0 0 0 0 
0 0 0 0 0 0 0 0 0 0 0 0 0 0 0 0 0 0 0 0 0 0 0 0 0 0 0 0 0 0 0 0 0 0 0 0 0 0 7 0 0 0 0 0 0 0 0 0 12 0 1 0 0 0 15 0 3 0 0 0 0 0 0 0 0 13 21 0 1 18 7 9 6 0 0 0 0 0 25 3 0 0 9 0 0 0 0 0 0 3 0 1 0 0 0 0 0 0 0 0 0 0 0 3 0 0 0 0 0 0 0 3 0 0 0 0 0 0 0 0 0 0 0 0 0 0 0 0 0 0 0 0 6 0 0 16 0 0 0 0 21 12 3 6 0 0 0 0 0 0 0 0 0 0 0 0 0 0 0 0 0 0 0 0 0 0 0 0 
0 0 0 15 0 0 0 0 0 0 0 0 0 0 0 0 0 0 0 0 0 0 0 0 0 0 0 0 0 0 0 0 0 0 0 0 0 0 0 0 1 0 0 0 0 0 0 0 0 16 0 0 0 0 0 0 0 0 0 0 0 3 10 0 3 3 3 0 22 1 9 18 0 0 0 0 0 0 1 4 0 0 0 0 0 15 7 0 0 0 0 0 18 0 0 0 30 16 0 0 0 0 0 0 0 3 1 0 0 0 0 0 0 0 0 0 0 0 0 0 0 0 0 4 0 0 0 0 0 16 0 0 0 0 0 0 0 0 6 0 16 0 0 0 0 0 0 0 0 0 0 0 0 0 0 0 0 0 0 0 0 0 28 0 0 0 0 0 
0 0 0 0 0 0 0 0 0 0 0 0 0 0 0 0 0 0 0 0 0 0 0 0 0 0 13 0 0 0 0 0 0 0 0 0 0 0 0 0 1 0 0 0 0 0 0 0 0 0 0 0 0 3 0 0 4 9 0 18 0 0 1 0 19 4 0 9 0 6 3 0 10 0 0 0 1 0 0 6 19 0 0 0 0 0 0 0 4 0 21 0 10 0 0 0 0 0 0 0 0 0 0 0 0 0 0 0 0 0 0 0 3 0 0 7 21 0 0 0 0 0 0 0 1 0 0 0 0 0 0 10 0 0 0 0 21 0 0 9 0 0 27 0 0 0 0 0 0 0 0 1 1 0 0 0 0 0 0 0 0 0 0 0 0 0 0 0 
0 0 0 0 0 0 0 0 0 0 0 0 0 0 0 0 0 0 0 0 0 0 0 0 0 0 0 0 0 0 0 0 0 0 0 0 3 0 0 0 0 0 0 0 0 0 0 0 0 0 0 0 0 1 6 0 0 0 0 0 0 0 0 3 0 0 13 0 0 0 0 7 0 0 15 0 0 0 25 28 0 3 0 0 0 0 0 0 0 15 0 0 0 0 4 0 0 0 0 0 0 7 0 0 0 0 0 0 0 0 0 0 0 0 0 0 0 3 0 0 0 0 0 0 0 0 0 0 1 0 0 0 0 0 0 0 1 0 0 0 0 0 0 0 0 0 0 0 0 0 0 0 0 0 0 0 0 0 0 0 0 0 0 0 0 0 0 0 
0 0 0 0 0 0 0 0 0 0 0 0 0 0 0 0 0 0 0 0 0 0 0 0 0 0 0 0 0 0 0 0 0 0 0 0 0 0 0 0 0 0 0 0 0 0 0 0 0 0 0 0 0 0 0 0 0 1 0 0 0 0 0 0 9 1 24 0 24 0 0 0 6 0 7 1 0 3 24 0 0 1 10 0 18 0 0 0 0 9 16 0 0 0 0 0 0 1 0 0 0 0 0 0 0 0 0 0 0 0 0 0 0 0 0 0 0 0 0 0 0 1 0 0 1 0 0 15 0 0 7 0 0 0 0 0 0 13 0 0 0 0 0 6 0 0 0 0 3 0 0 3 0 0 0 0 0 0 0 12 0 0 0 0 0 0 0 0 
0 0 0 0 0 0 0 0 0 0 0 0 0 0 0 0 0 0 0 0 0 0 0 0 0 0 6 0 0 36 0 0 0 0 0 0 0 0 0 0 12 0 0 18 0 0 0 0 0 0 0 0 0 0 0 0 0 0 0 0 0 0 0 0 0 0 0 0 0 7 6 0 0 0 12 9 0 0 3 0 0 1 0 0 15 7 3 3 0 0 0 0 0 0 0 15 9 0 0 0 0 0 0 0 24 0 0 0 0 10 0 0 0 0 0 0 0 0 0 0 0 0 0 0 0 0 0 0 0 0 0 0 0 3 0 18 0 0 0 0 0 0 0 1 0 0 0 0 1 0 0 0 0 0 0 0 0 0 0 0 0 0 0 0 0 0 0 0 
0 0 0 0 0 0 0 0 0 0 0 0 0 0 0 0 0 0 0 0 0 0 0 0 1 0 0 0 0 0 0 0 0 0 0 0 0 0 0 0 7 0 0 0 0 0 0 0 0 0 0 0 0 0 0 0 0 0 0 0 0 7 0 0 21 0 0 13 18 0 13 0 0 0 0 16 25 0 0 3 0 21 0 0 3 0 0 0 0 0 0 0 3 0 0 0 3 0 3 0 0 0 0 0 0 0 0 0 0 0 0 0 0 0 0 0 0 0 0 0 0 1 21 0 0 0 0 0 0 0 0 22 0 0 0 0 0 0 0 0 0 0 0 0 0 12 0 0 0 0 0 0 0 0 0 0 0 0 0 0 0 0 0 0 0 0 0 0 
0 0 0 0 0 0 0 0 0 0 0 0 0 0 0 0 0 0 0 0 0 0 0 0 0 0 0 0 1 0 0 24 0 0 0 0 0 0 0 0 0 0 0 0 0 0 0 0 0 0 0 0 9 0 0 0 0 6 0 0 0 0 24 21 9 0 4 0 0 1 6 0 0 7 0 12 15 0 21 0 0 0 0 13 0 0 7 0 0 1 0 0 3 0 12 0 0 0 0 0 0 0 0 0 0 0 0 0 1 9 0 0 21 0 0 0 0 0 0 0 0 0 0 0 0 0 0 4 0 0 0 0 0 0 0 0 0 0 0 0 0 0 6 0 0 0 0 0 0 0 0 0 0 0 0 0 0 0 0 0 0 0 0 0 0 0 0 0 
0 0 0 0 0 0 0 0 0 0 0 0 0 0 0 0 0 0 0 0 0 0 0 0 0 0 0 0 0 0 0 0 0 0 0 0 15 0 0 9 0 0 0 0 0 0 0 15 0 0 0 0 16 3 1 0 0 0 0 0 0 0 22 0 0 0 0 3 0 24 1 0 0 0 12 3 3 0 0 0 0 0 0 0 0 0 0 0 3 0 1 0 0 0 0 0 0 0 0 0 0 0 0 0 0 0 12 0 0 0 0 0 0 0 0 0 0 0 0 0 3 3 0 0 0 0 0 0 0 0 0 0 22 0 0 0 0 0 0 30 0 0 0 0 0 0 0 0 0 0 0 0 6 0 0 0 0 0 0 0 0 0 0 0 0 0 0 0 
0 0 0 0 0 0 0 0 0 0 0 0 0 0 0 0 0 0 0 0 0 1 0 0 12 0 0 0 0 0 0 0 0 0 12 0 0 0 0 0 0 0 0 0 0 0 0 0 0 0 0 1 0 0 0 0 0 0 0 0 1 0 0 1 0 1 0 0 0 12 0 12 0 21 6 0 0 3 0 0 3 0 0 3 25 0 0 0 0 0 0 0 0 0 0 3 0 0 0 0 0 12 0 0 0 0 0 6 0 0 0 0 0 0 0 0 0 0 0 0 0 0 0 0 0 0 0 0 0 0 0 0 0 0 0 4 0 0 0 0 0 0 0 7 0 0 0 0 0 0 0 0 0 0 0 0 0 0 0 0 0 0 0 0 0 0 0 0 
0 0 0 0 0 0 0 0 0 0 0 0 0 0 0 0 0 0 0 0 0 0 0 0 0 0 0 0 0 0 0 0 3 0 0 0 0 0 0 0 0 0 0 27 0 0 0 0 0 15 0 0 0 10 0 0 0 0 0 0 6 0 0 0 0 0 0 0 0 3 13 3 25 0 0 0 0 0 0 0 0 19 0 0 0 9 0 0 0 0 0 0 0 7 0 10 0 0 0 0 6 0 12 0 3 0 0 0 0 0 0 0 0 0 0 0 0 0 0 0 0 0 0 0 0 0 0 0 0 0 0 0 0 27 0 0 0 0 0 0 0 9 0 0 0 0 24 0 0 0 0 0 0 0 0 0 0 0 0 0 0 0 0 0 0 0 0 0 
0 0 0 0 0 0 0 0 0 0 0 0 0 0 0 0 0 0 0 0 0 0 0 0 0 0 0 0 0 0 0 0 0 0 0 0 0 0 0 0 0 0 0 0 0 0 9 0 0 0 3 0 0 0 19 0 0 0 0 0 0 0 13 0 1 18 0 9 0 1 15 0 0 0 0 3 15 22 13 0 9 0 1 1 0 12 10 3 0 0 0 0 0 9 3 0 12 0 0 0 15 0 0 0 0 3 0 0 0 0 0 0 0 0 0 0 0 0 0 0 0 9 0 0 0 0 0 0 0 0 0 0 0 0 0 0 0 0 3 0 0 0 0 0 0 0 0 0 0 0 0 0 0 0 0 0 0 0 0 0 0 0 0 0 0 0 0 0 
0 0 0 0 0 0 0 0 0 0 0 0 0 0 0 0 0 0 0 0 0 0 0 0 0 0 0 0 0 0 0 0 3 0 0 0 15 0 0 0 0 3 0 0 0 0 0 0 0 0 0 0 4 0 0 0 0 0 21 9 7 0 0 0 0 0 21 0 0 18 0 6 0 0 3 6 0 0 0 0 0 4 0 0 0 0 6 0 0 0 0 0 0 0 0 1 0 0 0 0 0 0 0 0 0 3 0 3 0 0 19 28 0 0 0 0 0 3 0 0 0 0 0 0 0 0 0 0 0 0 30 0 0 6 0 0 0 0 9 0 0 0 0 27 0 0 0 0 0 0 0 0 0 0 0 0 0 0 0 0 46 0 0 0 0 0 0 0 
0 0 0 0 0 0 0 0 0 0 0 0 0 0 0 0 0 0 0 0 0 0 1 0 13 0 0 0 0 0 1 0 0 0 0 0 4 0 0 0 0 0 0 0 0 0 0 0 0 0 0 0 0 0 1 25 0 0 0 0 0 6 22 3 0 18 0 0 6 0 1 21 0 4 9 0 0 0 0 0 13 0 1 0 0 0 0 6 12 0 0 0 0 0 0 0 0 1 0 0 0 1 0 1 3 3 0 0 0 0 0 0 0 0 0 13 0 0 0 0 0 18 1 0 0 1 0 0 0 0 0 0 0 0 0 0 0 0 0 0 0 0 0 0 0 0 0 0 0 0 0 0 0 0 0 0 0 0 0 0 0 0 0 0 0 0 0 0 
0 0 0 0 0 0 0 0 0 0 0 0 0 0 0 0 0 0 0 0 0 0 0 0 0 0 0 0 0 0 0 0 0 0 0 0 0 0 0 0 0 0 0 3 0 0 0 0 0 0 12 0 0 0 4 1 0 0 0 0 0 0 0 0 0 0 0 0 0 6 0 0 0 25 0 0 15 0 0 21 7 24 0 0 0 4 1 0 19 0 0 1 0 0 1 0 0 0 22 3 0 0 0 0 0 0 22 0 0 0 0 0 0 0 0 0 0 0 3 0 0 0 0 0 0 1 0 7 0 0 0 0 0 0 0 0 0 0 6 0 0 0 0 0 0 0 0 0 0 0 0 0 0 0 0 0 0 0 0 0 0 0 0 0 0 0 0 0 
0 0 0 0 0 0 0 0 0 0 0 0 0 0 0 0 0 0 0 0 0 0 0 0 0 0 0 0 0 0 0 0 0 0 0 0 0 0 0 0 0 0 0 0 0 0 0 0 0 0 0 0 0 0 0 12 0 0 4 0 4 0 19 0 0 0 0 7 10 0 0 0 21 6 0 0 0 9 21 0 0 0 0 0 0 0 0 0 0 0 1 0 1 0 0 0 0 0 0 0 0 0 3 0 0 0 0 0 0 0 0 0 0 0 0 0 0 3 0 0 0 0 0 0 0 0 0 0 0 0 0 0 0 0 0 0 0 0 0 0 9 0 0 15 0 0 0 0 0 18 15 0 0 0 0 0 0 0 0 0 0 0 0 0 3 0 0 0 
39 0 0 0 0 0 0 0 0 0 0 0 0 0 0 0 0 0 0 0 0 0 0 0 0 0 0 0 0 0 0 0 16 0 0 0 0 0 3 0 0 0 0 0 0 0 0 0 0 0 0 1 1 0 0 0 0 0 1 3 0 0 9 3 0 16 6 0 0 0 0 12 0 0 1 6 0 0 6 0 3 0 3 0 0 0 0 1 9 0 0 0 6 0 0 0 3 1 0 0 0 0 0 0 0 4 0 0 0 0 0 0 9 0 0 0 0 0 0 0 0 0 0 0 0 0 0 0 0 0 0 0 0 0 0 0 0 0 0 0 0 0 0 0 0 0 0 0 0 0 0 0 0 0 0 0 0 0 0 0 0 0 0 0 0 0 0 0 
0 0 0 0 0 0 0 0 0 0 0 0 0 0 0 0 0 0 0 0 0 0 0 0 0 0 0 0 0 0 0 0 22 0 0 0 0 0 0 0 0 0 0 0 0 0 0 0 0 0 0 0 18 0 1 3 0 0 0 0 0 4 1 0 0 0 0 0 15 0 25 0 12 3 9 9 0 0 1 0 0 7 1 0 0 0 0 0 19 0 0 0 0 0 0 0 0 0 0 0 0 0 0 6 0 10 0 0 0 0 0 0 0 0 0 0 0 0 0 0 0 0 0 0 0 0 0 0 6 0 4 0 0 0 0 0 0 0 0 0 0 0 0 0 0 0 0 0 22 0 0 9 1 0 0 0 0 0 0 0 0 0 0 0 0 0 0 0 
45 0 0 0 0 0 0 0 0 0 0 0 0 0 0 0 0 0 0 0 0 0 0 0 0 0 0 0 0 0 0 0 0 0 0 19 0 0 0 0 0 0 0 1 0 0 0 0 0 0 0 0 0 0 1 0 1 0 0 0 0 3 0 0 0 0 21 0 9 1 10 0 0 0 12 4 0 3 0 28 6 0 1 0 0 0 0 0 0 0 0 0 0 0 0 1 15 0 21 0 0 0 0 0 7 0 0 0 1 0 0 0 0 0 0 13 0 0 0 3 7 21 0 3 0 0 0 6 0 0 0 4 0 0 0 0 0 0 0 0 0 0 0 0 0 0 0 0 0 0 0 0 0 0 0 0 0 0 0 0 0 0 0 0 0 0 0 0 
0 0 0 0 0 0 0 0 0 0 0 0 0 0 0 0 0 0 0 0 0 0 0 0 0 0 0 0 0 0 0 16 0 0 0 0 0 0 0 0 28 0 0 0 0 0 0 0 0 0 0 1 0 0 0 0 3 3 0 10 0 18 0 0 30 3 9 0 0 0 0 0 0 4 0 0 13 0 0 6 0 1 18 0 3 0 9 12 0 0 0 0 0 6 1 0 0 0 0 0 0 0 0 0 0 0 0 6 0 0 0 0 6 0 0 0 0 0 0 0 0 0 0 0 0 27 0 0 0 0 0 16 0 0 0 0 0 0 0 0 0 0 0 0 0 0 0 0 0 0 16 0 0 0 0 0 0 0 0 0 0 0 0 0 0 0 0 0 
0 0 0 0 0 0 0 0 0 0 0 0 0 0 0 0 0 0 0 0 0 0 3 0 0 0 0 0 0 0 0 12 0 0 0 0 0 16 0 0 0 12 0 1 0 13 0 0 0 0 0 0 0 6 0 0 0 0 0 0 0 0 0 16 0 18 21 4 0 28 0 0 0 0 0 9 0 13 0 0 0 0 12 0 6 0 9 0 0 0 12 15 0 0 0 7 0 0 0 0 0 0 0 10 18 0 0 0 0 9 0 4 0 0 0 0 0 22 0 0 0 0 0 0 0 0 0 0 0 0 0 0 0 0 0 0 0 0 0 0 0 0 0 0 0 0 43 0 0 0 0 0 0 0 0 0 42 0 0 0 0 0 0 0 0 0 0 0 
0 0 0 0 0 0 0 0 0 0 0 0 0 0 0 0 0 0 0 0 0 0 0 0 0 0 0 0 0 0 0 0 0 0 0 0 0 0 0 0 0 0 0 0 0 0 0 0 0 30 0 1 0 0 0 0 0 0 0 24 0 7 0 0 12 0 0 0 0 0 1 3 0 0 1 6 0 28 3 9 0 0 0 6 0 1 0 0 0 0 0 0 0 0 0 0 0 0 0 0 0 0 0 0 0 0 0 0 0 4 0 0 0 0 0 0 0 0 0 0 0 0 0 0 0 0 0 0 0 0 0 0 0 12 0 0 0 0 0 0 0 0 0 6 0 13 0 3 0 0 0 0 0 10 0 0 0 0 0 0 0 0 0 0 0 0 0 0 
0 0 0 0 0 0 0 0 0 0 0 0 0 0 0 0 0 0 0 0 0 0 0 0 0 0 0 0 0 0 0 0 0 0 0 0 0 0 0 0 0 0 0 0 0 0 0 0 0 0 0 7 0 0 0 25 0 6 0 3 0 0 0 0 4 0 0 0 0 15 0 6 0 21 0 0 0 0 9 0 0 0 0 0 0 3 0 4 0 0 0 0 0 0 3 0 3 0 0 0 0 0 0 27 9 0 0 0 0 0 0 0 0 4 0 0 18 0 0 0 3 0 0 0 0 0 0 0 0 0 0 0 0 0 0 0 0 0 0 0 7 0 3 0 0 0 0 0 0 0 0 0 0 0 0 0 0 0 0 0 0 0 0 0 0 0 0 0 
0 0 0 0 0 0 0 0 0 0 0 0 0 0 0 0 0 0 0 0 0 0 0 1 0 0 0 0 0 0 0 0 0 0 0 0 0 0 0 9 0 0 0 0 0 0 0 9 0 0 0 0 1 0 0 0 0 0 0 0 0 0 19 1 0 0 4 27 0 0 0 0 0 0 18 21 4 0 7 0 0 3 3 0 0 16 0 0 0 6 3 15 3 0 0 0 0 0 15 9 0 21 0 12 9 10 0 27 0 12 0 0 0 0 0 1 18 0 0 0 0 0 0 0 0 0 16 0 0 0 0 0 0 0 0 0 0 0 0 0 0 0 0 0 0 0 0 0 0 0 0 0 0 0 0 0 0 0 0 0 0 0 0 0 0 0 0 0 
0 0 0 0 0 0 0 0 0 0 0 0 0 0 0 0 0 0 0 0 0 0 0 0 0 0 0 0 0 0 0 0 0 0 0 3 0 0 0 0 0 0 0 0 0 0 0 0 0 0 0 0 0 0 0 4 0 0 0 0 0 0 0 0 0 0 0 12 13 21 16 0 13 0 1 7 0 22 0 0 25 3 0 0 1 0 1 0 0 0 0 12 0 0 3 0 0 0 0 0 0 1 0 0 0 0 0 18 0 0 0 0 0 0 0 0 0 3 0 0 0 0 0 0 0 0 0 0 0 0 1 0 0 0 0 7 0 0 0 0 0 0 0 0 1 0 0 0 0 0 0 0 0 0 0 0 0 0 0 0 24 0 0 0 0 0 0 0 
0 0 0 0 0 0 0 0 0 0 0 0 0 0 0 0 0 0 0 0 0 0 0 0 0 0 0 0 0 0 0 0 0 0 0 0 0 0 0 0 0 0 0 0 0 0 0 0 0 0 0 0 0 0 18 0 0 0 0 0 0 0 0 16 15 0 0 0 0 0 0 9 0 3 0 6 0 0 0 0 0 0 6 0 1 0 4 0 0 3 0 0 3 0 0 0 0 0 0 0 0 0 0 0 0 0 0 0 3 0 0 0 0 0 0 0 3 0 0 0 0 0 6 3 0 6 18 0 0 0 0 0 0 3 0 0 0 0 0 0 0 0 0 0 0 0 0 0 0 0 0 0 0 0 0 0 0 0 0 0 0 0 0 0 0 0 0 0 
0 0 0 0 0 0 0 0 0 0 0 0 0 0 0 0 0 0 0 0 0 0 0 0 0 0 0 0 0 0 0 0 0 0 0 0 0 0 0 0 12 0 0 0 0 0 0 0 0 0 0 0 0 0 0 0 10 13 0 0 0 30 0 18 0 0 0 6 0 0 7 15 10 22 0 0 0 0 0 6 16 28 19 0 0 12 12 0 0 6 0 0 0 0 0 0 18 0 1 4 0 0 0 3 0 0 0 6 0 9 0 0 0 0 4 0 0 0 0 0 0 0 0 0 0 0 0 0 0 0 0 7 0 12 0 0 0 0 0 0 0 0 0 0 0 0 0 0 0 0 0 0 0 0 0 0 0 0 0 0 0 0 0 0 0 0 0 0 
0 51 0 0 0 0 0 0 0 0 0 0 0 0 0 0 0 0 0 0 0 0 0 0 0 12 0 0 0 0 0 0 0 0 0 0 0 0 0 6 0 0 0 0 0 0 0 0 0 0 0 0 0 0 0 9 0 0 6 0 0 0 0 1 0 15 7 10 0 0 0 3 0 0 0 21 6 0 0 13 12 0 4 0 0 0 0 1 0 0 0 0 0 0 0 0 4 27 0 0 0 0 0 0 0 18 0 0 0 0 19 0 0 0 0 0 0 0 0 7 0 3 0 0 0 0 6 0 0 0 0 0 0 0 0 0 0 0 0 0 9 0 0 0 0 0 0 0 0 15 0 0 0 0 0 1 0 0 0 0 0 0 0 3 0 0 0 0 
0 0 0 0 0 0 0 0 0 0 0 0 0 0 0 0 0 0 0 0 0 0 0 0 0 0 0 0 0 0 0 0 0 0 0 0 0 12 0 0 0 0 0 0 0 0 0 0 0 1 0 0 0 0 0 0 0 3 15 0 0 0 0 0 0 0 0 15 0 6 0 0 21 0 0 0 0 15 0 1 0 0 0 0 3 1 0 1 0 0 0 0 1 0 0 0 0 0 0 0 0 0 0 0 0 0 0 0 0 0 0 0 0 0 0 0 0 0 0 0 0 0 0 0 0 0 0 0 0 0 0 30 0 0 0 0 0 0 1 0 9 0 0 18 0 0 0 0 0 0 0 0 0 0 0 0 0 0 0 0 0 0 0 0 0 0 0 0 
0 0 0 0 30 0 0 0 0 0 0 0 0 0 0 0 0 0 0 0 0 0 0 0 0 9 19 0 0 0 0 0 0 0 0 0 0 0 0 0 0 0 0 0 0 0 0 0 0 0 0 0 0 1 0 0 0 6 6 0 24 10 0 0 7 0 6 0 3 0 0 21 4 0 0 0 0 0 0 15 15 0 9 0 0 0 0 0 0 0 0 0 12 0 0 0 1 3 0 0 0 0 0 0 0 0 6 0 4 0 0 0 0 0 0 12 0 0 0 0 0 0 0 0 0 0 0 0 0 0 0 0 0 0 0 15 0 3 0 0 0 0 0 0 0 0 0 0 0 0 0 0 0 0 0 0 0 0 0 63 0 0 0 0 0 0 0 0 
0 0 0 0 0 0 0 0 0 0 0 0 0 0 0 0 0 0 0 0 0 0 0 0 0 0 0 0 0 0 0 0 0 0 0 0 0 0 0 0 0 9 0 0 0 0 0 0 0 0 0 0 0 0 0 0 0 19 7 0 3 0 0 0 0 4 1 7 0 6 12 30 0 4 0 0 0 6 12 6 10 0 0 0 24 0 0 0 0 0 0 0 1 0 0 0 0 0 0 3 0 0 0 0 0 4 0 0 24 0 0 0 0 0 0 0 0 0 18 3 0 0 0 0 0 0 0 0 0 0 0 0 18 0 0 10 31 0 0 0 0 0 0 0 0 0 0 0 0 0 0 0 0 0 0 0 0 0 0 0 0 0 0 0 0 0 0 0 
0 0 0 0 0 0 0 0 0 0 0 0 0 0 0 0 0 0 0 0 0 1 0 1 0 0 0 0 0 0 0 0 1 0 0 0 0 0 0 0 0 0 0 1 0 0 0 0 0 0 0 0 0 0 0 0 0 19 24 16 0 0 0 15 0 3 0 0 0 3 16 0 0 3 0 0 12 3 6 0 0 10 0 0 0 0 0 0 0 0 10 0 0 0 0 0 0 0 0 0 0 0 0 1 0 0 0 0 3 0 0 0 0 0 0 1 0 0 25 0 3 0 0 1 0 0 0 0 0 0 4 0 0 0 0 0 0 0 12 0 0 0 0 0 9 0 0 0 0 0 1 0 0 0 0 0 0 0 0 0 0 0 0 0 0 0 0 0 
0 0 0 0 0 0 0 0 0 0 0 0 0 0 0 0 0 0 0 0 0 0 0 0 0 0 0 0 0 0 0 0 0 0 0 0 0 0 0 0 0 0 0 0 0 0 0 0 0 0 0 0 0 0 0 0 0 0 1 0 0 0 0 0 1 21 0 0 1 18 16 0 0 0 21 0 0 7 19 0 0 0 3 0 0 12 0 0 0 7 15 0 0 3 0 0 0 0 0 0 0 0 0 0 0 0 0 0 0 0 0 0 0 0 0 0 7 0 0 0 0 0 0 0 0 0 0 0 0 0 0 0 0 0 0 0 0 0 0 34 0 0 0 0 15 10 0 0 0 0 0 0 0 0 0 0 0 0 0 0 0 0 0 0 6 0 0 0 
0 0 0 0 0 0 0 0 0 0 0 0 0 0 0 0 0 0 0 0 0 0 0 0 0 0 0 0 0 0 0 0 0 0 0 0 0 0 0 0 0 0 0 0 0 0 0 0 0 0 0 1 0 0 0 0 0 4 0 4 0 1 0 0 0 3 6 0 0 0 6 0 1 0 6 0 3 0 0 16 12 0 0 0 1 0 0 1 0 0 1 0 0 0 0 0 0 3 0 0 4 0 0 21 0 0 0 0 0 0 0 0 0 0 0 0 0 0 0 0 0 0 0 0 0 0 0 0 12 0 0 0 0 0 0 0 0 0 0 0 0 0 0 0 42 19 0 0 0 0 0 0 0 0 0 0 0 0 0 0 0 0 0 0 0 0 0 0 
0 0 0 0 0 0 0 0 0 0 0 0 0 0 0 0 0 0 0 0 0 0 0 9 0 0 0 0 0 0 0 0 0 0 0 0 0 0 0 0 0 0 0 0 0 0 0 4 0 21 0 0 0 1 0 0 0 12 0 3 6 0 6 0 0 0 0 0 18 6 13 0 1 0 0 0 9 1 0 6 0 15 9 12 0 0 0 0 0 0 0 0 0 3 0 0 0 0 0 0 0 0 0 0 0 0 0 0 0 0 0 0 0 0 0 0 0 12 0 0 0 0 21 0 0 0 0 0 0 0 0 0 15 0 0 0 0 0 0 0 0 0 0 0 0 0 0 0 0 0 0 0 0 0 0 0 0 0 0 0 0 0 0 0 0 0 0 0 
0 0 0 0 0 0 0 0 0 0 0 0 0 0 0 0 0 0 0 0 0 0 0 0 0 0 0 0 0 0 0 0 1 0 0 0 0 0 0 3 0 0 0 0 0 22 0 0 0 0 4 0 0 0 0 0 0 0 22 0 0 0 10 1 0 1 0 9 3 12 0 0 0 16 0 21 0 0 18 0 0 0 15 0 3 0 1 6 0 0 0 0 0 0 0 3 0 16 0 21 0 0 0 0 0 0 0 0 0 0 0 0 0 0 0 0 0 0 0 0 0 0 0 0 0 12 9 0 0 15 0 0 0 0 3 0 0 0 0 0 0 0 0 0 0 0 0 0 0 0 0 0 0 0 0 0 0 0 0 0 0 0 0 0 0 0 0 0 
0 0 0 0 0 0 0 0 0 0 0 0 0 0 0 0 0 0 0 0 0 0 0 0 0 0 0 0 0 25 0 0 0 0 0 0 0 0 0 9 0 0 3 0 0 6 0 0 0 0 0 24 0 0 0 0 0 0 0 0 0 0 1 0 0 0 0 21 1 0 30 0 4 3 1 18 12 0 13 22 0 0 0 0 9 0 0 0 0 0 0 0 9 0 0 0 0 0 0 0 0 0 0 0 0 6 0 0 0 0 0 0 13 0 0 6 0 0 0 0 1 0 0 0 0 0 0 0 0 0 0 0 0 0 0 0 0 0 0 0 0 0 0 0 0 0 0 0 0 0 0 0 0 0 0 0 0 0 0 0 0 0 0 0 0 0 0 0 
63 0 0 0 0 0 0 0 0 0 0 0 0 0 0 0 0 0 0 0 0 0 0 0 0 0 0 0 0 0 0 0 0 0 0 0 0 0 0 0 0 0 4 0 0 0 0 0 0 0 0 9 0 0 1 0 0 7 0 0 0 0 0 16 0 18 0 0 7 0 15 18 3 0 0 0 0 0 0 0 21 9 0 0 0 0 12 0 0 0 0 1 0 0 0 0 0 3 0 0 4 0 0 0 0 3 6 0 0 0 0 0 0 0 6 0 15 0 0 6 0 0 6 0 0 0 0 0 0 0 0 0 0 15 0 0 0 0 0 0 0 0 0 0 0 0 0 0 0 0 0 0 0 0 0 0 0 0 0 0 0 0 0 0 0 0 0 0 
0 0 0 0 0 0 0 0 0 0 0 0 0 0 0 0 0 0 0 0 0 0 0 0 0 0 0 0 0 0 0 0 0 0 0 0 0 0 0 0 0 0 0 0 0 0 0 0 0 0 0 0 0 0 0 0 0 0 9 0 0 0 0 12 0 0 0 0 13 0 3 30 1 9 0 0 13 0 0 0 0 0 22 0 18 4 0 16 0 0 0 12 0 0 0 0 0 0 0 4 0 0 0 0 0 19 0 0 15 0 0 0 15 0 0 0 0 0 0 0 0 0 0 0 0 0 0 0 0 0 0 1 0 0 0 0 19 0 0 0 0 0 0 0 0 0 0 0 0 0 0 0 0 0 0 0 0 0 0 0 0 0 0 0 0 0 0 0 
