0 0 0 0 0 0 0 0 0 0 0 0 0 0 0 0 0 0 0 0 0 0 0 6 0 0 0 0 0 0 24 0 0 0 0 0 0 0 0 0 0 0 0 0 0 0 0 18 0 0 0 0 0 0 0 0 15 0 18 0 15 0 0 12 0 0 0 0 0 0 0 0 0 0 0 0 6 0 0 0 0 0 7 0 0 6 0 0 0 0 16 0 0 7 0 0 18 22 0 0 0 0 0 0 0 0 0 15 0 0 0 0 0 0 0 0 0 16 0 6 0 0 0 6 0 15 0 0 0 0 0 15 0 3 0 0 0 0 0 0 0 0 0 0 0 0 0 0 0 0 0 0 0 0 0 0 0 0 0 0 0 0 6 0 0 0 0 0 
0 0 0 0 0 0 0 0 0 0 0 0 0 0 0 0 0 0 0 0 0 0 0 0 0 15 0 0 0 0 0 0 0 0 0 0 0 0 0 0 0 0 0 0 0 0 0 0 0 0 0 6 0 0 0 0 0 0 0 0 0 0 3 0 0 0 3 4 1 24 0 3 0 6 0 0 0 27 21 0 9 0 0 0 0 15 0 0 0 0 0 0 0 3 1 0 0 15 0 1 0 0 3 3 0 15 0 0 0 0 0 0 0 0 0 0 4 0 0 0 0 6 0 0 0 25 0 0 0 0 0 0 0 0 0 0 0 0 0 0 0 0 0 0 0 0 0 0 0 0 0 0 0 0 0 0 0 0 0 0 0 0 0 0 0 0 0 0 
0 0 0 0 0 0 0 0 0 0 0 0 0 0 0 0 0 0 0 0 0 0 0 0 0 0 0 0 0 0 0 0 0 0 0 0 0 0 0 0 0 0 0 0 0 0 0 0 0 0 0 0 0 0 0 0 0 0 0 0 0 0 0 0 0 0 0 0 0 22 15 0 0 0 15 0 4 0 0 0 0 0 6 0 4 0 0 0 0 7 0 0 0 0 0 0 13 0 0 0 0 4 0 0 0 16 0 0 1 0 15 0 0 15 0 0 0 0 0 31 30 0 0 0 0 0 0 0 0 13 0 0 0 24 0 0 0 0 0 0 0 0 0 0 0 0 0 0 0 0 0 0 0 0 0 0 0 0 0 0 0 0 0 0 0 0 0 0 
0 0 0 0 0 0 0 0 0 0 0 0 0 0 0 0 0 0 0 0 0 0 0 0 0 0 0 0 9 0 0 0 0 0 0 0 0 0 1 0 0 0 0 0 0 0 0 0 0 19 0 0 16 0 3 0 0 3 0 15 0 0 9 0 0 0 3 0 7 0 0 12 0 0 0 0 15 0 15 0 28 0 1 6 3 0 0 0 6 6 0 1 25 1 0 0 0 0 9 6 0 0 0 0 0 12 0 0 0 0 0 3 0 0 0 0 7 0 6 3 0 24 0 18 18 0 0 0 0 0 0 1 0 0 0 0 0 0 0 0 0 0 0 0 0 0 0 0 0 0 0 0 0 0 0 0 0 0 0 0 0 0 0 0 0 0 0 0 
0 0 0 0 0 0 0 0 0 0 0 0 0 0 0 0 0 0 0 0 0 0 0 0 0 0 0 0 0 0 0 0 0 0 0 0 0 0 0 0 1 0 0 0 0 0 0 0 4 0 0 0 0 0 0 0 1 0 3 0 0 0 0 24 6 24 0 0 16 18 0 0 0 3 0 0 0 0 0 0 0 4 3 0 0 0 0 0 1 7 12 0 10 0 0 1 12 0 0 0 0 0 0 0 0 0 15 0 3 0 0 0 0 6 1 12 15 0 0 0 0 0 0 0 0 0 0 0 0 3 0 0 21 0 0 0 0 0 4 0 0 0 0 13 0 0 0 0 0 0 0 0 0 0 0 0 0 0 0 0 0 0 0 0 0 0 0 0 
0 0 0 0 0 0 0 0 0 0 0 0 0 0 0 0 0 0 0 0 0 0 0 0 0 0 0 0 0 0 0 0 0 0 0 3 0 10 0 0 0 0 0 0 0 0 0 0 0 0 3 0 0 0 0 0 0 0 0 0 0 0 0 0 0 0 0 0 0 4 0 0 18 3 0 0 0 1 3 0 12 0 0 0 0 6 0 0 0 0 0 0 0 0 10 0 27 0 15 0 0 0 0 0 0 12 0 0 3 0 0 0 9 3 0 0 0 0 0 0 0 0 0 0 0 0 0 6 0 0 0 0 0 0 0 0 0 0 0 0 0 0 0 6 0 0 0 0 0 0 0 0 0 0 0 0 0 0 0 0 0 0 0 0 0 0 0 0 
0 0 0 0 0 0 0 0 0 0 0 0 0 0 0 0 0 0 0 0 0 0 0 0 0 0 0 0 0 0 0 0 0 0 0 0 0 0 0 0 0 0 0 0 0 0 0 0 0 24 0 0 0 3 0 0 0 0 0 0 0 0 0 0 24 0 1 27 0 0 6 0 0 3 0 1 0 0 1 0 0 0 0 0 0 9 0 0 0 0 0 15 1 18 0 0 0 3 0 3 21 18 9 22 0 0 0 0 0 0 0 3 0 0 27 9 0 0 0 0 0 0 0 0 16 0 0 0 0 0 1 0 0 0 0 0 0 0 0 0 0 0 0 0 0 0 0 0 0 0 0 0 0 0 0 0 0 0 0 0 0 0 0 0 0 0 0 0 
0 0 0 0 0 0 0 0 0 0 0 0 0 0 0 0 0 0 0 0 0 0 0 0 0 0 0 0 0 0 0 0 15 15 0 0 0 0 0 9 0 0 0 0 0 0 0 0 0 0 0 0 0 6 0 0 0 0 0 28 0 1 0 0 1 0 0 0 0 6 1 0 0 0 3 0 0 3 0 10 0 0 0 0 6 6 7 9 0 0 22 6 0 6 0 27 16 0 0 15 12 0 12 12 0 0 0 0 0 0 6 19 0 0 0 0 0 0 10 7 1 7 0 0 0 0 0 10 0 0 0 0 0 0 0 0 0 0 0 0 0 0 0 0 0 36 0 0 0 0 0 0 0 0 0 0 0 0 0 0 0 0 0 0 0 0 0 0 
0 0 0 0 0 0 0 0 0 0 0 0 0 0 0 0 0 0 0 0 0 0 0 0 0 0 0 0 10 0 0 0 0 0 0 0 0 0 0 3 0 0 0 0 3 0 0 0 0 0 0 0 0 0 0 0 0 0 7 0 0 0 0 0 0 0 3 30 0 0 0 0 0 0 9 0 0 0 0 0 0 0 0 0 0 9 0 0 0 12 6 0 0 0 27 21 12 0 0 3 0 10 0 0 0 19 0 13 0 0 0 0 0 6 0 0 0 0 0 0 9 0 0 0 0 0 0 0 0 0 0 0 0 0 0 0 0 0 3 0 0 0 0 3 0 0 0 0 0 0 0 0 0 0 3 0 42 0 0 0 0 0 0 0 0 3 0 0 
0 0 0 0 0 0 0 0 0 0 0 0 0 0 0 0 0 0 0 0 0 0 0 39 0 0 0 0 0 0 0 0 0 0 0 0 0 0 0 0 0 0 0 0 0 0 0 24 0 0 0 0 0 0 0 1 0 0 0 1 0 0 0 3 0 1 6 0 0 0 0 0 0 0 4 3 0 0 0 28 0 0 24 0 1 0 0 25 12 0 0 0 10 13 0 4 9 0 3 0 0 25 0 6 0 22 0 3 1 0 9 0 0 0 0 15 16 0 0 0 0 0 9 0 0 0 0 0 0 0 0 0 0 0 0 3 0 0 0 0 0 0 0 0 0 0 0 0 0 0 0 0 0 0 0 0 0 0 0 0 0 0 0 0 0 0 0 0 
0 0 0 0 0 0 0 0 0 0 0 0 0 0 0 0 0 0 19 0 0 0 0 0 0 0 0 0 0 0 0 0 0 0 0 3 0 0 0 0 0 0 0 0 4 0 0 0 0 0 0 0 0 0 0 0 4 0 0 0 0 0 13 0 0 0 18 0 0 0 0 3 0 0 0 1 0 15 3 0 0 0 0 0 0 1 9 0 0 0 10 27 0 0 0 0 0 12 0 12 0 7 7 0 0 15 0 0 12 0 3 0 0 0 0 4 0 0 0 27 0 0 0 0 0 0 0 1 0 0 0 0 0 0 0 0 0 0 0 18 0 12 0 0 0 0 0 0 0 0 0 0 0 0 0 0 0 0 0 0 0 0 0 0 0 0 0 0 
0 0 0 0 0 0 0 0 0 0 0 0 0 0 0 0 0 0 0 0 0 0 0 27 0 0 0 0 0 0 0 0 0 0 0 0 0 0 27 0 15 0 0 0 0 0 0 0 0 0 0 3 0 0 0 12 0 0 0 0 0 0 16 0 10 3 0 0 0 1 0 0 16 0 3 21 0 0 0 0 0 0 24 0 0 0 0 0 0 18 0 3 0 4 12 0 6 4 0 0 0 9 0 0 0 0 0 0 0 1 9 1 0 0 0 0 0 24 6 4 0 0 0 0 0 0 0 0 0 0 0 0 0 1 0 0 0 0 0 0 0 0 0 0 0 0 0 0 0 0 0 22 0 0 0 0 0 0 0 0 0 0 0 0 0 0 0 0 
0 0 0 0 0 0 0 0 0 0 0 0 0 0 0 0 0 0 0 0 0 0 0 0 0 0 0 0 0 0 0 0 0 0 0 0 0 0 0 0 0 0 0 0 0 0 0 0 0 0 0 0 1 0 0 1 0 0 0 0 0 0 0 0 1 1 0 0 10 6 0 0 0 0 1 0 0 0 0 27 0 0 0 3 0 0 18 0 22 1 0 10 0 0 0 0 13 0 0 0 0 0 0 0 0 0 0 0 0 3 1 10 13 21 0 15 0 0 0 0 0 0 0 0 0 0 10 0 3 0 0 0 0 0 0 0 0 0 0 0 0 0 3 0 0 0 0 0 0 0 0 0 0 0 0 0 0 0 0 0 0 10 0 0 0 0 0 0 
0 0 0 0 0 0 0 0 0 0 0 0 0 0 0 0 0 0 0 0 0 0 0 0 0 0 0 0 0 0 0 0 0 0 0 0 0 0 0 0 0 0 0 0 0 0 0 0 0 0 0 1 0 0 0 0 0 0 0 0 0 0 0 0 0 0 0 1 0 0 7 7 9 0 6 7 0 28 0 0 9 0 0 0 12 0 0 12 3 0 6 0 6 1 0 0 0 6 0 18 0 0 0 0 0 0 0 3 0 1 4 0 9 0 0 0 0 0 0 0 0 0 0 0 0 0 0 0 0 0 0 0 0 0 0 0 0 0 0 0 0 0 0 0 0 0 0 0 0 0 0 0 0 0 0 0 0 0 0 0 0 0 0 0 0 3 0 0 
0 0 0 0 0 0 0 0 0 0 0 0 0 0 0 0 0 0 0 0 0 0 0 0 0 0 0 0 0 0 0 0 0 0 0 0 0 0 0 0 0 0 0 25 0 0 0 0 0 1 0 0 3 0 0 0 0 0 0 0 0 9 0 0 0 0 0 0 18 0 0 0 0 0 3 6 4 3 0 1 0 1 0 28 0 0 0 6 0 9 16 0 0 13 0 10 0 0 0 0 6 0 0 0 0 0 0 0 0 0 0 0 0 0 0 0 0 0 0 0 0 13 0 3 0 6 0 0 16 0 0 0 0 9 0 0 0 0 0 0 0 0 0 0 0 0 0 0 0 0 0 0 0 0 0 0 0 0 0 0 0 0 0 0 0 0 0 0 
0 0 0 0 0 0 0 0 0 0 0 0 0 0 0 0 0 0 0 0 0 0 0 0 0 0 0 0 0 0 0 0 0 0 0 0 0 0 0 0 0 0 0 0 0 0 0 0 0 0 0 0 0 0 13 0 0 0 0 0 6 0 0 1 0 0 0 0 0 0 0 0 0 0 0 0 0 0 0 1 0 0 0 0 0 0 0 0 0 0 1 0 3 0 0 9 0 0 0 15 0 1 0 0 0 0 0 0 0 30 0 19 0 0 0 6 0 0 1 0 0 0 0 0 0 0 0 0 0 0 0 0 3 0 0 0 0 0 0 0 0 0 25 0 0 0 0 0 0 0 0 0 0 0 0 0 0 0 0 0 0 0 0 0 0 0 0 0 
0 0 0 0 0 0 0 0 0 0 0 0 0 0 0 0 0 0 0 0 0 0 0 0 0 0 0 0 0 27 0 0 0 0 0 0 0 0 0 0 0 0 0 0 0 0 4 0 3 0 4 15 0 0 0 1 0 0 0 0 0 0 7 0 3 0 0 0 0 0 0 0 24 0 0 0 0 0 3 0 0 3 1 0 0 0 0 0 0 4 3 0 16 9 0 0 0 0 0 0 0 0 12 0 0 7 0 19 0 0 1 0 0 12 0 0 0 0 0 0 0 0 0 0 24 0 0 1 0 0 6 0 24 0 0 0 0 0 0 0 3 0 0 0 0 0 0 0 0 0 0 0 0 0 0 1 0 0 0 0 0 0 0 0 0 0 0 0 
0 0 0 0 0 0 0 0 0 0 0 0 0 0 0 0 0 0 0 0 0 0 0 0 0 0 0 0 0 0 0 0 0 0 0 0 3 0 0 0 0 0 3 0 0 0 10 0 0 0 0 0 0 4 15 9 0 0 3 0 0 0 0 0 0 0 0 21 0 0 0 0 13 10 0 0 0 0 0 3 1 3 0 3 0 0 7 21 21 0 7 0 3 0 0 0 9 4 0 18 0 0 27 0 0 0 0 6 4 0 0 0 0 0 0 12 0 0 13 0 0 0 0 0 7 0 0 0 0 10 0 0 0 0 0 0 0 0 0 0 0 0 0 0 0 0 0 0 0 0 0 0 0 0 0 0 0 0 0 0 0 0 0 0 0 0 0 0 
0 0 0 0 0 0 0 0 0 0 0 0 0 0 0 0 0 0 0 0 0 0 0 0 0 0 0 0 0 0 0 0 0 0 0 0 0 0 0 0 0 0 0 0 0 0 0 0 0 0 0 0 13 1 0 0 7 0 1 0 0 0 0 0 0 0 0 0 12 0 0 1 3 0 0 0 0 0 0 0 0 0 15 0 7 3 0 3 0 12 0 3 6 0 0 30 9 0 0 13 0 0 3 0 1 3 0 0 0 0 0 18 3 0 0 0 0 0 0 0 0 0 0 4 0 7 0 0 0 0 0 0 0 0 0 0 0 0 0 0 0 0 0 0 0 0 0 0 0 0 0 0 0 0 0 0 0 0 0 0 0 0 0 0 0 1 0 0 
0 0 0 0 0 0 0 0 0 0 0 0 0 0 0 0 0 0 0 0 0 0 0 0 0 0 0 0 0 0 0 0 0 0 0 0 0 0 0 0 0 0 0 0 0 0 0 0 0 0 0 0 0 16 0 0 0 6 0 0 21 0 0 0 0 3 0 0 0 0 0 0 3 9 6 0 0 0 0 0 0 0 4 13 0 1 0 13 3 0 0 0 1 0 9 0 0 0 9 3 0 10 0 0 19 0 1 0 0 3 0 0 0 0 0 0 0 0 0 0 0 0 0 0 0 0 0 0 0 6 0 0 0 0 0 0 0 0 0 0 0 0 0 0 0 0 0 0 0 0 0 0 10 0 0 0 0 0 0 0 0 0 0 0 0 0 0 0 
0 0 0 0 0 0 0 0 0 0 0 0 0 0 0 0 0 0 0 0 0 0 0 0 0 0 0 0 0 0 0 0 0 0 0 0 0 0 4 0 0 0 0 0 0 0 0 0 0 0 16 0 0 0 0 0 0 0 1 0 0 0 0 0 0 0 0 0 21 0 9 0 0 3 27 0 3 3 0 0 1 7 3 0 4 0 0 1 10 6 0 0 0 6 0 0 0 0 0 15 0 0 1 0 0 0 0 0 0 3 0 0 15 0 0 1 0 13 0 0 0 0 3 0 0 0 0 0 0 0 0 3 0 0 0 0 0 0 0 0 0 0 0 0 0 0 0 0 0 0 0 0 0 0 0 0 0 0 0 0 0 0 0 0 0 0 0 0 
0 0 0 0 0 0 0 0 0 0 0 0 0 0 0 0 0 0 0 0 0 0 0 0 3 0 0 0 0 0 0 0 0 0 0 1 0 22 0 0 0 0 0 12 0 0 0 0 0 0 0 0 4 0 0 0 0 6 0 0 0 0 0 0 6 13 0 0 0 0 0 0 0 0 0 0 1 0 3 0 0 0 0 0 0 0 0 24 0 3 13 0 0 0 0 0 0 0 0 0 28 0 3 0 1 3 0 1 1 0 0 0 0 0 0 3 0 0 0 0 0 0 0 4 0 1 4 0 0 0 0 0 0 0 0 0 0 0 0 0 0 0 0 0 0 0 3 0 0 0 0 0 0 0 0 0 0 0 0 0 0 0 0 0 0 3 0 0 
0 0 0 0 0 0 0 0 0 0 0 0 0 0 0 0 0 0 0 0 0 0 0 0 0 0 33 0 0 0 0 0 0 0 0 0 0 0 0 0 0 0 0 0 1 0 0 0 0 0 0 0 0 1 0 0 0 1 7 0 1 0 0 15 21 0 19 0 0 0 0 15 0 6 3 0 0 0 21 0 0 6 0 0 3 0 0 0 1 0 4 6 24 0 7 6 0 0 0 6 0 18 28 0 3 0 0 0 0 0 0 0 15 0 0 0 0 0 4 0 0 1 0 0 0 16 0 0 3 0 0 0 0 0 0 0 0 0 0 0 0 0 0 0 0 0 0 0 0 0 0 0 0 0 0 0 0 0 0 0 0 0 0 0 0 0 0 0 
0 0 0 0 0 0 0 0 0 0 0 0 0 0 0 0 0 0 0 0 0 0 0 0 0 0 1 0 0 0 0 0 18 0 0 0 0 0 0 0 0 0 0 0 0 1 0 0 0 9 0 0 0 28 0 0 0 0 0 0 0 0 0 3 0 0 4 0 0 18 1 0 0 0 0 0 7 0 25 3 0 0 1 0 0 0 3 0 0 0 0 0 0 6 21 0 0 0 0 0 0 0 0 0 0 0 0 0 0 0 0 0 0 0 4 0 0 12 0 0 0 0 12 4 0 0 0 0 0 0 0 0 0 0 0 0 0 0 0 0 0 0 0 0 0 0 0 0 0 0 0 0 0 0 0 0 0 6 0 0 0 0 0 0 0 0 0 0 
0 0 0 0 0 0 0 0 0 0 0 0 0 0 0 0 0 0 0 0 0 0 0 0 0 0 0 0 0 0 0 12 0 0 0 0 0 0 0 0 0 0 0 0 0 0 0 0 0 0 0 3 0 0 0 0 0 0 3 0 0 0 0 0 0 0 0 0 0 0 4 9 21 15 13 0 0 0 9 0 0 0 0 0 0 0 12 0 0 0 0 0 0 0 0 6 0 0 0 0 0 19 0 0 0 22 0 0 0 3 0 15 0 0 0 0 0 0 0 0 30 0 0 0 0 0 0 0 9 0 0 0 0 0 0 0 0 0 0 0 0 0 0 0 0 0 0 0 0 0 0 0 21 0 0 0 0 0 1 0 0 0 0 0 0 0 0 0 
0 0 0 0 0 0 0 0 0 0 0 0 0 0 0 0 0 0 0 0 0 0 0 0 0 0 0 0 0 0 0 0 0 0 0 0 0 0 0 0 0 0 0 0 0 0 16 0 0 1 0 1 0 15 1 0 0 0 13 0 0 0 12 0 0 0 24 0 0 0 6 3 0 0 0 0 0 0 0 0 0 1 0 1 0 16 0 0 0 0 25 15 0 0 0 7 13 0 0 18 0 0 3 0 0 0 0 0 0 9 1 0 0 3 0 0 0 0 0 0 0 0 0 0 0 9 0 0 0 0 0 0 0 3 0 0 0 0 0 0 0 0 0 0 0 0 0 0 0 0 0 0 0 0 0 0 0 0 0 0 0 0 0 0 0 0 0 0 
0 0 0 0 0 0 0 0 0 0 0 0 0 0 0 0 0 0 0 0 0 0 27 0 0 0 0 0 0 0 0 0 0 16 0 0 0 0 0 4 0 0 16 0 0 0 0 0 0 0 0 0 0 0 0 0 3 1 7 0 0 25 0 0 0 0 18 0 3 27 0 0 24 3 0 0 10 0 0 0 0 0 0 9 10 12 0 0 0 0 0 9 0 0 0 0 27 0 0 3 0 10 4 21 18 0 0 9 0 0 4 0 3 0 0 0 0 0 0 0 0 0 1 0 0 0 6 0 0 0 0 0 0 1 0 0 0 0 0 0 0 0 0 18 0 0 0 0 0 0 0 0 0 0 0 0 0 0 0 0 0 0 0 0 0 0 0 0 
0 0 0 0 0 0 0 0 0 0 0 0 0 0 0 0 0 0 0 0 0 0 24 0 0 0 0 0 0 0 0 0 0 0 0 0 0 0 0 18 0 0 0 0 0 0 0 0 0 0 0 3 0 0 0 0 0 12 0 0 0 0 0 4 0 0 15 0 0 0 0 21 9 18 1 1 0 0 0 0 18 4 19 0 1 0 0 0 0 22 0 1 0 15 0 0 0 0 0 10 0 13 9 0 24 0 0 0 0 6 18 0 0 0 3 0 0 0 4 21 0 0 0 3 0 0 0 0 0 0 0 36 0 0 0 0 0 0 0 0 18 3 0 0 0 0 0 0 0 13 0 0 0 0 0 0 6 0 0 0 0 0 0 0 0 0 0 0 
0 0 0 0 0 0 0 0 0 0 0 0 0 0 0 0 0 0 0 0 0 13 0 0 0 0 0 0 0 0 0 0 0 0 0 0 0 0 18 0 0 0 0 0 0 0 0 1 0 0 0 0 0 0 0 0 0 1 0 0 0 0 0 0 0 3 9 28 0 0 0 0 0 0 0 0 18 18 3 0 0 18 0 6 4 0 0 0 1 15 1 0 0 12 0 12 21 4 0 0 0 0 0 0 0 0 18 6 0 0 0 0 7 0 0 0 0 0 4 0 0 0 0 0 0 0 15 0 0 0 0 0 0 0 7 0 0 0 27 0 3 0 0 0 0 0 0 0 0 0 0 0 0 0 0 0 0 0 0 0 0 0 0 0 0 0 0 0 
0 0 0 0 0 0 0 0 0 0 0 0 0 0 0 0 0 0 0 0 0 0 0 0 0 0 0 0 0 0 0 0 0 0 0 0 0 0 0 0 0 0 15 0 0 0 0 0 0 0 0 0 0 0 0 0 0 0 0 3 0 0 0 3 22 0 4 0 4 0 0 3 0 1 0 0 0 0 0 6 0 4 0 21 4 7 0 0 0 0 0 0 0 0 7 0 6 6 0 0 0 0 12 21 0 0 3 10 0 4 30 6 0 0 0 1 0 0 0 0 0 0 0 0 6 0 0 0 3 0 3 0 0 0 0 0 0 0 0 0 0 0 0 0 15 0 0 0 0 0 0 0 0 0 0 0 0 0 0 0 0 0 0 0 0 0 0 0 
0 0 0 0 0 0 0 0 0 0 0 0 0 0 0 0 0 0 0 0 0 0 0 0 0 0 9 0 0 0 0 0 0 0 0 0 0 0 0 0 0 0 1 0 0 0 0 0 0 0 0 0 0 0 0 0 0 22 0 0 0 0 0 0 0 0 0 18 0 0 21 0 0 0 0 4 0 0 0 0 1 1 0 22 10 0 7 0 19 0 0 6 18 3 0 19 0 0 0 24 0 0 0 0 0 1 1 0 7 0 0 6 0 0 0 0 3 0 0 12 0 0 0 0 0 0 0 0 0 0 0 0 4 0 0 0 0 0 0 0 0 0 0 0 0 0 0 0 0 0 0 0 0 0 0 0 0 0 0 0 0 0 0 0 0 0 0 0 
0 0 0 0 0 0 0 0 0 0 0 0 0 0 0 0 0 0 0 0 0 0 0 0 0 0 0 0 0 0 0 0 0 0 0 0 0 0 0 34 0 0 0 0 0 0 0 0 0 0 3 0 15 0 0 0 0 0 0 0 0 0 18 9 0 0 7 6 0 0 0 6 0 0 1 4 0 0 0 0 6 10 12 9 0 0 0 7 1 0 15 0 0 0 0 0 0 0 0 0 0 13 0 3 0 0 0 3 0 0 0 0 3 0 27 10 0 21 0 0 0 27 0 0 0 0 0 0 0 0 0 0 0 0 0 0 0 0 0 0 0 0 0 0 0 0 0 0 0 0 0 0 0 0 0 0 0 0 0 0 0 0 0 0 0 0 0 0 
0 0 0 0 0 0 0 0 0 0 0 0 0 0 0 0 0 0 0 0 0 0 0 0 0 0 0 0 0 0 0 0 0 12 0 0 0 0 0 0 0 0 0 0 0 0 0 0 3 0 0 0 15 0 0 0 0 0 0 0 0 0 0 0 0 0 0 0 0 0 25 0 0 1 0 0 0 0 0 3 0 1 0 0 0 0 0 0 0 0 0 0 10 0 0 0 0 15 4 0 0 0 0 0 0 0 0 15 6 0 0 0 0 0 0 21 0 15 3 0 0 0 0 21 0 0 0 3 0 0 3 0 0 0 0 0 0 0 0 0 0 0 0 0 0 0 0 0 0 0 0 0 0 0 0 0 0 0 0 0 0 0 0 0 0 0 0 0 
0 0 0 0 0 0 0 0 0 0 0 0 0 0 0 0 0 0 0 0 0 0 0 0 0 0 0 0 0 0 0 0 0 0 0 0 0 0 0 0 0 0 0 0 0 0 0 0 0 0 0 0 0 0 0 0 0 0 0 1 1 0 0 0 27 0 0 4 0 24 12 0 0 0 0 3 0 3 0 0 0 0 0 0 0 0 0 24 0 0 0 0 0 0 0 12 0 0 0 0 0 0 21 0 7 0 0 0 0 0 4 0 0 0 4 3 0 0 0 0 0 0 1 15 0 4 0 0 0 0 0 0 0 0 0 0 0 0 0 0 0 0 0 0 0 0 0 0 0 0 0 0 0 0 0 0 0 0 0 0 0 0 0 0 0 0 0 0 
0 0 0 0 0 0 0 0 0 0 0 0 0 0 0 0 0 0 0 0 0 0 0 0 0 28 0 0 0 0 0 0 0 0 0 0 0 0 0 0 0 0 0 0 0 0 0 0 10 0 7 0 0 0 0 4 0 0 0 0 0 0 0 0 0 0 0 0 9 0 0 0 0 0 6 12 9 0 0 7 0 6 9 6 0 15 28 0 0 9 0 13 10 18 9 0 9 24 4 0 0 0 0 0 0 0 0 0 0 1 0 1 0 0 28 24 0 0 0 0 0 0 0 6 0 0 0 0 0 0 0 0 0 0 0 0 0 0 0 0 0 0 0 0 0 0 0 0 0 0 0 0 0 0 0 0 0 0 0 0 0 0 0 0 0 0 0 0 
0 0 0 0 0 0 0 0 0 0 0 0 0 0 0 0 0 0 0 0 0 0 0 0 0 0 0 0 0 0 0 0 0 0 0 0 0 0 0 0 0 0 0 0 0 0 0 0 0 0 0 1 0 0 3 0 0 0 0 0 0 0 0 0 0 0 7 0 0 0 0 0 0 0 0 1 9 3 0 0 0 10 0 0 0 19 0 4 0 0 0 13 3 1 0 9 0 3 3 0 0 0 0 0 0 0 0 0 0 0 0 0 0 3 10 0 0 0 0 0 0 0 4 0 0 0 0 0 9 0 0 1 0 0 0 0 0 0 0 0 6 0 0 0 1 0 0 0 0 0 0 0 0 0 0 0 0 0 0 0 0 0 0 0 0 0 0 0 
0 0 0 0 0 0 0 0 0 0 0 0 0 0 0 0 0 0 0 0 0 0 0 0 0 0 0 0 0 0 0 0 0 0 0 0 0 0 0 0 0 0 0 0 0 0 0 0 6 0 3 0 0 0 0 6 0 0 0 0 0 0 0 0 0 0 0 1 0 0 0 19 4 0 1 0 7 0 0 0 0 9 0 1 0 0 3 0 3 15 4 0 0 0 0 0 27 3 0 0 0 0 0 0 0 0 6 0 0 0 0 0 0 0 0 0 12 0 0 0 0 0 0 0 0 19 0 0 6 0 0 0 0 0 0 0 0 0 0 0 0 0 0 0 0 0 0 0 0 0 0 0 0 0 0 0 0 0 0 0 0 0 0 0 0 0 0 0 
0 0 0 0 0 0 0 0 0 0 0 0 0 0 0 0 0 0 0 0 0 0 0 0 0 18 0 0 0 0 0 0 0 0 0 0 0 0 0 0 6 0 0 0 0 0 0 0 0 4 0 0 9 0 0 21 0 0 12 0 15 0 18 1 0 0 12 0 0 0 0 0 0 0 3 9 0 0 0 0 0 15 0 0 0 0 0 0 1 6 0 21 0 0 0 0 0 3 0 0 0 0 0 0 19 0 18 0 0 0 0 0 3 0 0 0 6 12 0 0 0 0 0 0 3 0 0 0 0 0 0 0 0 0 0 0 0 0 0 0 0 0 0 0 0 0 0 0 0 0 0 0 0 0 0 0 0 0 0 0 0 0 25 0 0 0 0 0 
0 0 0 0 0 0 0 0 0 0 0 0 0 0 0 0 0 0 12 0 0 0 3 0 0 0 0 0 0 0 0 0 0 0 0 0 0 0 0 0 0 0 0 0 0 0 0 0 0 0 0 3 0 0 0 0 0 0 0 0 4 0 0 1 0 0 0 0 0 0 0 0 6 3 0 0 0 0 0 6 0 18 0 9 0 6 1 25 0 0 0 0 0 0 0 21 24 3 12 0 0 0 0 0 0 0 0 0 0 0 6 0 0 0 0 0 0 9 1 0 0 3 0 0 0 0 0 0 0 0 0 0 0 0 0 0 0 0 0 0 0 0 0 0 0 0 0 0 0 0 0 0 0 0 0 0 0 0 0 0 0 0 0 0 0 0 0 0 
0 0 0 0 0 0 0 0 0 0 0 0 0 0 0 0 0 0 0 0 4 0 0 0 0 0 0 0 12 0 0 19 6 0 0 0 0 0 0 0 0 0 0 0 0 0 0 0 0 0 0 0 0 0 0 0 4 0 0 0 0 0 0 0 9 1 0 0 0 0 6 0 6 0 0 0 3 0 0 18 21 1 1 13 13 0 7 0 0 0 0 0 22 3 0 4 0 4 0 1 1 0 0 0 0 6 0 0 10 0 0 0 24 0 0 7 0 24 19 0 0 0 0 6 0 0 0 3 0 0 0 0 0 0 0 0 0 0 0 0 0 0 0 0 0 0 0 0 0 0 0 0 0 0 0 0 0 0 0 0 0 0 0 0 0 0 0 0 
0 0 0 0 0 0 0 0 0 0 0 0 0 0 0 0 0 0 0 0 0 0 0 0 0 0 0 0 0 0 0 0 0 0 0 0 0 0 0 0 0 0 0 0 0 0 0 0 0 0 0 0 0 0 0 0 0 0 10 10 0 0 1 0 0 0 0 0 4 0 0 0 1 0 0 4 0 0 0 6 1 0 0 0 1 12 0 0 18 3 3 0 0 0 0 0 6 0 4 3 6 0 0 0 0 1 0 0 0 0 0 0 0 3 4 3 0 0 7 0 0 0 9 16 0 0 0 0 0 0 0 0 0 0 0 0 0 0 0 0 0 0 0 0 0 0 0 0 0 0 0 0 0 0 0 0 0 0 0 0 0 0 0 0 0 0 0 0 
0 0 0 0 0 0 0 0 0 0 0 0 0 0 0 0 0 0 0 0 0 0 0 0 0 0 7 9 0 27 0 0 0 0 0 0 0 0 0 0 0 0 3 0 0 0 0 0 0 0 0 9 0 0 4 0 0 0 0 0 13 0 0 0 0 0 3 0 0 0 0 19 0 7 0 0 0 0 4 0 0 10 0 0 0 25 1 6 0 0 0 1 1 10 0 3 0 3 1 0 0 0 0 9 0 0 0 0 1 0 0 9 0 0 9 22 24 28 0 0 0 0 6 30 0 0 0 0 0 0 0 0 0 6 0 0 0 0 0 0 0 0 0 0 0 0 0 0 0 0 0 0 0 0 0 0 0 0 0 0 0 0 0 0 0 0 0 0 
0 0 0 0 0 0 0 0 0 0 0 0 0 0 0 0 0 0 0 0 0 0 0 0 0 0 0 0 0 6 0 0 0 0 0 0 0 0 0 0 0 0 0 28 4 0 0 0 0 3 0 0 0 0 0 3 0 7 0 0 0 6 0 0 0 0 0 0 0 0 9 16 3 0 0 0 0 0 13 0 0 0 0 6 0 0 13 0 0 6 0 0 0 0 0 0 0 9 0 0 0 6 15 0 15 0 9 0 0 0 3 0 0 22 0 0 24 3 0 1 0 0 0 0 0 0 0 0 0 0 0 0 0 0 0 0 0 0 0 0 0 0 0 0 0 0 0 0 0 0 0 0 0 0 0 0 0 0 0 0 0 0 0 0 0 0 0 0 
0 0 0 0 0 0 0 0 0 0 0 0 0 0 6 0 0 0 0 0 0 0 33 0 0 0 0 27 0 4 27 0 0 0 0 0 0 6 0 0 0 0 0 0 0 0 0 0 13 0 18 0 0 0 0 0 0 0 4 0 0 0 0 0 0 0 0 0 15 0 12 0 0 0 16 25 21 12 15 0 12 3 0 9 0 9 0 0 0 0 0 24 9 3 21 0 0 0 0 0 0 15 22 0 0 0 0 0 0 0 4 0 0 0 0 0 0 0 9 0 0 0 0 16 0 12 0 0 0 0 0 0 0 0 0 0 0 0 0 0 0 0 0 0 0 0 0 0 0 0 0 0 0 0 0 0 0 0 0 0 12 0 0 0 0 0 0 0 
0 0 0 0 0 0 0 0 0 0 0 0 0 0 0 0 0 0 0 0 0 0 0 0 0 0 0 0 0 0 0 0 0 7 0 0 0 0 0 0 0 0 0 0 0 0 0 0 9 0 4 0 0 3 0 0 21 0 0 0 19 0 0 0 0 0 1 15 0 3 0 0 0 0 0 6 0 0 3 7 0 0 0 0 9 0 0 0 0 13 0 1 6 0 0 0 0 0 0 21 0 0 0 0 0 0 0 0 1 0 0 1 0 24 0 0 10 0 0 0 0 0 0 27 0 0 0 0 0 0 0 0 3 0 0 0 0 0 3 0 0 0 0 0 0 0 0 0 0 0 0 0 0 0 0 0 0 0 0 0 0 0 0 0 0 0 0 0 
0 0 0 0 0 0 0 0 0 0 0 0 0 0 0 0 0 0 0 0 0 0 0 0 0 0 0 0 0 0 0 0 0 1 0 0 18 7 0 0 0 0 3 0 0 0 0 0 0 0 0 1 0 4 0 0 0 0 0 0 0 16 0 15 0 0 25 1 0 12 4 0 0 0 0 3 0 0 0 0 4 12 0 0 0 1 0 3 0 0 0 9 4 0 0 0 0 0 0 0 0 0 3 0 0 18 0 1 0 1 0 3 0 0 0 0 0 0 24 0 0 0 0 0 0 0 0 0 0 7 0 0 18 0 0 0 0 0 0 0 0 0 0 0 0 0 0 0 0 0 0 0 0 0 0 0 0 0 0 0 0 0 0 0 0 0 0 0 
0 0 0 0 0 0 0 0 0 0 0 0 0 0 0 0 0 0 0 0 0 0 0 0 0 0 0 0 0 0 0 0 0 0 0 0 0 0 0 0 15 0 0 0 0 0 0 21 4 0 0 0 0 0 0 0 3 15 0 9 0 0 0 4 0 4 0 0 21 0 0 0 6 0 0 9 0 0 3 0 0 0 4 0 0 0 0 3 0 6 15 18 0 0 21 0 0 0 4 0 9 0 0 19 0 0 21 0 0 0 28 30 0 0 0 0 0 0 0 0 0 31 0 0 6 0 0 1 0 0 0 3 0 0 0 0 0 0 0 18 0 0 0 0 0 0 0 0 0 0 0 0 0 1 25 0 0 0 0 0 0 0 0 0 0 0 0 0 
0 0 0 0 0 0 0 0 0 0 0 0 0 0 0 0 0 0 0 0 0 0 0 0 0 0 0 0 0 0 0 0 0 0 0 0 0 0 0 0 0 0 0 0 0 0 30 0 0 3 0 0 0 0 0 0 0 0 0 9 0 0 0 1 0 6 0 0 4 0 0 0 0 0 0 0 0 0 0 0 3 0 0 0 10 1 0 0 9 0 7 6 0 7 0 3 0 0 0 0 0 3 0 12 0 0 0 0 0 0 4 9 0 0 0 0 0 0 0 0 0 0 0 0 0 0 0 1 0 0 0 0 0 0 0 0 0 0 0 0 0 0 0 0 0 0 0 0 3 0 0 0 0 0 0 0 0 0 0 0 0 0 0 0 0 0 0 0 
0 0 0 0 0 0 0 0 0 0 0 0 0 0 0 0 0 0 0 0 0 0 0 0 0 0 0 0 0 0 0 0 0 0 0 0 0 0 0 0 0 0 0 0 0 0 0 0 0 0 0 0 0 0 10 0 0 0 1 0 0 24 0 0 0 0 15 0 0 0 0 3 0 3 0 0 0 0 6 0 12 9 0 0 0 0 0 0 0 3 0 0 0 0 0 0 0 24 0 0 0 0 0 0 9 3 0 9 15 1 0 0 0 0 0 0 18 0 0 0 18 6 0 0 0 0 0 9 0 0 0 0 0 0 0 0 0 0 0 0 0 0 0 0 0 0 0 0 0 0 0 0 0 0 0 0 0 0 0 0 0 0 0 0 0 0 0 0 
0 0 0 0 0 0 0 0 0 0 0 0 0 0 0 0 0 0 0 0 0 0 0 0 0 0 0 0 9 0 0 0 0 0 0 0 0 0 0 0 10 0 0 0 0 0 0 0 1 0 0 0 0 10 1 24 3 0 0 6 0 0 0 0 3 0 0 6 3 12 6 0 0 1 24 28 0 1 9 0 0 0 0 0 0 7 0 0 1 0 16 21 0 0 0 9 0 15 3 0 0 4 0 0 0 18 0 12 3 0 3 0 0 0 0 0 0 0 0 0 0 3 0 0 24 0 0 0 0 0 0 0 0 0 0 0 0 0 0 0 0 0 0 0 0 0 0 0 0 0 0 0 0 0 0 0 0 0 0 0 0 0 0 0 0 0 0 0 
0 0 0 0 0 0 0 0 0 0 0 0 0 0 0 0 0 0 0 0 0 0 0 0 0 0 0 9 12 0 0 0 0 0 0 0 0 0 4 0 0 0 0 0 0 0 0 0 0 0 0 0 0 1 0 0 0 0 30 0 0 4 0 0 0 0 6 0 1 0 0 0 0 6 0 12 0 9 0 0 1 24 0 0 4 0 22 0 0 0 0 27 12 0 0 0 0 18 0 0 0 9 3 0 0 0 0 9 0 0 0 0 0 0 0 0 0 0 0 6 6 31 0 0 0 0 28 0 0 0 0 0 0 0 4 0 0 0 0 0 0 0 0 0 0 0 0 0 0 0 0 0 0 0 0 0 0 0 0 0 0 0 0 0 0 0 0 0 
0 0 0 0 0 0 0 0 0 0 0 0 0 0 0 0 0 0 0 0 0 0 0 0 0 0 0 0 1 0 0 0 0 0 1 0 0 0 0 0 0 0 0 0 0 0 0 3 0 0 0 0 0 0 0 0 0 0 0 0 0 0 0 9 0 0 0 0 0 0 6 0 19 0 0 12 0 0 0 0 9 22 0 24 0 3 0 0 0 0 0 28 0 0 0 1 0 0 1 0 0 25 6 0 0 4 0 0 15 1 0 0 0 0 0 6 1 0 0 0 27 0 0 0 16 9 0 0 0 0 0 0 0 0 0 0 0 0 0 0 0 0 0 0 0 0 0 0 0 0 0 0 0 3 0 0 0 0 0 0 0 0 0 0 0 0 0 0 
0 0 0 0 0 0 0 0 0 0 0 0 0 0 0 0 0 0 7 0 0 0 0 0 0 0 0 0 0 0 0 33 0 0 0 0 0 0 0 0 0 0 0 0 0 0 0 0 0 0 0 0 0 0 0 0 30 0 4 0 0 0 0 19 0 4 0 0 15 3 0 0 1 0 9 27 0 0 9 3 6 0 13 0 0 30 19 6 0 0 18 0 0 0 0 7 3 4 12 3 30 0 0 0 1 0 0 0 13 6 0 0 0 0 6 15 0 0 0 0 0 0 15 0 0 3 0 3 0 0 0 0 0 3 9 0 0 0 0 0 0 0 0 0 0 0 0 0 0 0 0 0 0 0 24 0 0 0 0 0 15 0 0 0 0 0 0 0 
0 0 0 0 0 0 0 0 0 0 0 0 0 0 0 0 0 0 0 0 9 0 0 0 0 0 0 0 3 0 0 0 0 0 0 0 0 0 0 0 0 0 0 0 0 0 0 0 0 0 0 4 0 0 0 0 0 0 0 0 0 1 0 0 0 0 0 0 0 0 1 0 0 0 0 3 0 0 0 0 0 6 0 4 0 0 0 3 0 0 1 21 0 0 0 16 3 19 3 0 18 0 0 0 0 0 1 0 18 4 0 0 4 0 0 0 0 0 0 0 0 0 12 0 0 0 0 0 0 0 7 0 0 0 0 0 0 0 0 13 0 0 0 0 0 0 0 0 0 0 0 0 0 0 0 0 0 0 0 0 0 0 0 0 0 0 0 0 
0 0 0 0 0 0 0 0 0 0 0 0 0 0 0 0 0 0 0 0 0 0 0 0 0 0 0 0 0 0 0 0 0 0 0 0 0 0 0 0 6 0 19 0 0 0 0 0 0 0 0 0 0 0 0 0 0 21 3 0 0 4 0 0 0 0 0 13 15 0 7 4 0 4 6 15 1 0 0 3 0 0 1 0 0 3 0 0 0 0 0 0 0 9 0 0 0 0 0 0 0 0 7 12 0 4 0 0 6 15 15 0 18 0 0 0 0 0 6 0 0 0 9 25 0 0 0 0 0 0 0 0 0 0 0 0 0 0 0 0 0 0 7 21 0 0 0 0 0 0 0 0 0 0 0 0 0 0 0 0 0 0 0 0 0 0 0 0 
0 0 0 0 0 0 0 0 0 0 0 0 0 0 0 0 0 0 0 0 0 0 0 0 0 0 0 0 0 0 0 0 0 0 0 34 0 0 0 0 0 0 0 0 0 12 0 3 3 0 0 0 0 0 0 0 4 0 0 0 0 0 0 12 0 18 0 0 15 7 0 0 0 3 0 1 15 0 0 0 0 9 0 0 1 0 3 0 0 1 0 12 0 9 0 13 1 0 0 0 0 28 1 0 3 0 0 0 0 0 27 0 0 0 0 0 0 0 0 0 9 0 0 12 0 0 0 3 0 0 0 0 0 0 0 0 0 0 0 0 0 0 0 0 0 0 0 0 0 0 0 0 30 3 0 0 0 0 0 0 0 0 0 0 0 0 0 0 
0 0 0 0 0 0 0 0 0 0 0 0 0 0 0 0 0 0 0 0 0 0 0 0 0 0 0 0 0 0 0 0 0 0 0 0 0 0 0 0 0 0 0 0 0 0 0 0 0 0 0 0 0 0 6 0 0 0 6 0 0 0 0 0 0 0 0 9 0 0 1 0 3 3 0 10 0 0 0 0 0 10 0 0 3 1 0 0 0 22 0 0 0 0 0 0 1 15 0 0 0 25 0 6 0 0 10 3 3 6 0 0 1 0 0 0 13 0 0 0 0 3 0 0 0 0 0 0 0 0 0 3 0 0 0 0 0 0 0 0 0 0 0 0 0 0 0 0 0 0 0 0 0 0 0 0 0 0 0 0 0 0 0 0 0 0 0 0 
0 0 0 0 0 0 0 0 0 0 0 0 0 0 0 0 0 0 0 0 0 0 0 0 0 0 0 0 0 0 0 0 0 0 0 4 0 0 0 0 0 0 0 0 0 0 0 0 0 0 0 21 0 0 0 0 0 0 0 0 0 0 0 0 0 0 0 0 0 0 0 0 0 0 12 6 0 0 16 1 0 3 0 0 0 0 0 0 7 0 0 0 0 18 0 0 0 0 0 0 0 0 0 9 0 0 0 0 0 0 0 1 1 0 0 0 0 0 0 0 1 0 0 0 0 0 0 0 0 0 0 0 0 0 0 0 0 0 0 0 0 0 0 0 0 0 19 0 0 0 0 0 0 0 0 0 0 0 0 0 0 0 0 0 0 0 0 0 
0 0 0 0 0 0 0 0 0 0 0 0 0 0 0 0 0 0 0 0 0 0 0 0 0 0 0 0 0 0 0 0 0 0 0 0 0 0 0 0 0 0 0 0 0 0 0 0 0 0 3 0 0 0 0 0 3 0 0 0 0 0 0 0 1 0 0 0 3 0 0 0 0 1 0 0 0 0 3 0 1 0 0 0 0 0 0 4 0 7 0 0 0 13 24 0 0 18 21 16 7 0 9 0 0 13 0 3 0 0 0 0 0 0 0 0 0 0 0 0 3 0 0 0 0 0 0 0 0 0 0 0 0 0 0 0 0 0 0 0 0 0 12 0 0 0 0 0 0 0 0 0 0 0 0 0 0 0 0 0 0 0 0 0 0 0 0 0 
0 0 0 0 0 0 0 0 0 0 0 1 0 0 0 0 0 0 0 0 0 0 0 0 0 0 0 0 0 0 0 0 13 0 19 0 0 0 0 0 0 0 0 0 0 0 1 0 0 0 1 3 0 0 0 0 0 0 0 4 0 0 0 6 9 0 0 1 3 0 0 24 0 0 0 0 4 7 6 12 27 7 0 0 0 0 0 24 0 0 0 0 0 0 0 0 13 0 15 0 0 1 0 0 0 0 12 0 0 0 0 0 0 0 0 0 0 0 0 0 0 0 3 0 0 0 0 0 0 0 0 4 0 0 0 0 0 0 0 0 0 0 0 0 0 0 0 0 0 0 0 0 0 0 0 0 0 0 0 0 0 0 0 0 0 0 0 0 
0 0 0 0 0 0 0 0 0 0 0 0 0 0 0 0 0 0 0 0 0 0 0 0 0 0 0 0 0 0 0 0 0 0 0 9 0 0 0 0 0 0 0 0 0 0 0 0 0 9 0 0 0 0 0 1 0 0 0 0 22 0 0 0 1 0 12 0 0 0 0 0 0 0 6 0 0 3 1 4 7 30 3 0 0 0 1 6 0 15 12 0 0 18 0 0 12 0 4 0 0 0 0 1 0 0 0 0 0 0 0 0 0 10 1 9 24 1 0 0 0 0 0 12 25 0 21 16 0 0 0 0 0 0 3 0 0 0 0 0 0 0 0 0 0 0 0 0 0 0 0 0 0 0 0 0 0 0 0 0 0 0 0 0 0 0 0 0 
0 0 0 0 0 0 0 0 0 0 0 0 0 0 0 0 0 0 0 0 0 0 0 0 0 0 0 0 0 0 0 0 0 0 0 0 0 0 0 0 0 0 7 0 0 0 0 0 0 0 0 0 0 4 0 0 15 0 0 12 0 4 0 0 0 0 3 0 3 0 3 15 0 0 15 0 6 3 3 0 0 0 0 0 0 0 0 3 0 0 12 0 0 6 0 0 0 0 18 0 0 0 0 0 0 0 0 4 0 0 3 0 0 0 1 0 0 0 0 0 0 3 0 0 0 0 0 3 0 0 0 1 0 0 0 0 0 0 0 0 3 0 0 0 0 0 0 0 0 0 0 0 0 0 0 0 0 10 0 0 0 0 0 0 0 0 0 0 
0 0 0 0 0 0 0 0 0 0 0 0 0 0 0 0 0 0 0 0 0 0 0 0 0 0 0 0 0 0 0 0 0 0 0 0 0 0 0 0 0 0 0 0 0 0 0 0 0 3 0 0 0 0 0 1 3 0 0 0 0 0 0 0 0 21 7 18 0 0 7 21 0 12 6 0 0 3 0 0 15 0 0 15 0 0 0 3 0 0 0 1 0 0 3 0 0 3 0 0 1 0 0 0 0 0 0 1 0 0 0 0 0 0 0 0 0 0 0 0 0 21 0 0 0 24 0 0 0 0 0 0 0 0 0 0 0 0 0 0 0 0 0 0 0 0 0 0 0 0 0 3 0 0 0 0 0 0 0 0 0 0 0 0 0 0 0 0 
0 0 0 0 0 0 0 0 0 0 0 0 0 0 0 0 0 0 0 0 0 0 0 0 0 0 0 0 0 0 0 0 0 0 0 0 0 0 0 0 0 0 0 0 6 0 0 0 0 0 0 0 0 0 0 9 0 0 3 0 3 0 3 0 0 0 0 16 9 0 0 0 0 0 0 0 0 0 21 3 13 3 0 0 0 0 0 0 0 18 0 0 0 0 0 7 0 0 0 0 0 18 0 0 4 0 18 0 0 0 1 0 0 0 0 0 0 0 0 0 18 0 0 0 0 1 9 0 0 0 0 0 0 0 0 0 0 0 0 0 0 0 25 0 0 0 0 0 0 0 0 0 0 0 0 0 0 0 0 0 0 0 0 0 0 0 0 0 
0 0 0 0 0 0 0 0 0 0 0 0 0 0 0 0 0 0 0 0 0 0 0 0 0 0 0 0 0 0 0 0 0 0 0 0 0 0 0 0 0 0 0 0 0 0 0 0 0 0 0 0 0 0 0 3 0 0 9 0 0 30 0 0 0 0 0 18 15 0 0 0 0 0 0 10 1 1 0 15 0 0 0 0 0 0 0 10 7 3 0 0 10 13 12 0 18 0 0 0 1 9 0 4 0 0 0 7 22 0 0 4 0 0 0 0 16 0 0 0 0 0 0 0 0 0 0 0 0 0 3 0 0 0 0 0 0 1 0 0 0 0 0 0 0 0 0 0 0 0 0 0 0 0 0 0 0 0 0 0 0 0 0 0 0 0 0 0 
0 0 0 0 0 0 0 0 0 0 0 0 0 0 0 0 0 0 0 0 0 0 0 0 0 1 0 0 0 0 0 0 0 0 0 0 0 0 0 0 0 0 7 0 0 0 0 0 0 0 0 0 0 0 0 0 0 10 0 0 30 0 10 0 15 0 0 0 0 0 0 0 0 16 0 0 0 6 0 0 0 0 0 3 9 9 0 0 0 0 1 18 0 0 0 0 0 0 0 28 18 0 0 4 0 16 21 0 3 0 0 0 0 0 1 0 0 0 0 0 0 33 0 0 0 0 0 0 0 0 0 0 6 0 0 0 0 0 0 0 0 0 0 0 0 0 0 0 0 0 0 0 0 0 0 0 0 0 0 0 0 0 0 0 0 0 0 0 
0 0 0 0 0 0 0 0 0 0 0 0 0 0 0 0 0 0 0 0 0 0 0 0 0 0 0 0 0 0 0 0 6 1 0 0 0 0 0 0 0 0 0 0 0 0 0 0 0 22 0 0 0 0 0 0 7 0 0 0 0 3 0 0 0 0 0 0 0 0 3 12 3 0 9 0 0 0 6 3 1 10 15 0 0 12 6 0 7 0 24 0 0 18 0 7 0 0 0 3 0 0 0 0 0 1 9 0 3 12 0 0 27 0 0 0 4 0 0 0 0 1 0 0 0 0 0 0 0 0 0 0 0 0 0 0 0 0 0 0 0 0 0 0 0 0 0 0 0 0 0 0 0 0 0 0 0 0 0 0 0 0 0 0 0 0 0 0 
0 0 0 0 0 0 0 0 0 0 0 0 0 0 0 18 0 0 0 0 0 0 0 0 0 0 0 0 0 0 0 0 0 0 0 0 0 0 0 0 3 6 0 0 0 0 0 0 0 0 0 0 0 0 0 0 0 3 0 0 18 0 0 0 0 0 3 4 0 9 0 3 0 0 30 9 15 0 0 0 4 0 25 9 0 0 28 6 0 6 0 0 0 0 0 0 0 0 0 24 3 0 0 0 7 25 0 3 21 0 12 0 3 9 16 0 0 0 6 0 0 0 0 0 0 0 0 0 0 0 0 0 0 0 9 0 0 0 0 0 0 0 4 36 0 0 0 0 0 0 0 0 0 0 0 0 0 0 0 0 0 0 0 0 0 0 0 0 
0 0 0 0 0 0 0 0 0 0 0 0 0 0 0 0 0 0 0 0 0 0 0 0 0 0 0 0 0 0 6 0 0 0 0 0 0 0 0 0 0 0 0 0 0 0 0 0 0 0 0 0 0 0 0 3 13 0 0 0 13 0 0 15 0 0 0 0 0 0 0 0 16 3 0 0 0 0 0 0 0 3 0 0 0 0 9 9 0 19 0 0 0 0 0 0 24 0 0 0 0 0 0 0 0 0 0 0 3 0 0 0 0 0 0 0 0 13 0 6 0 0 0 0 0 0 0 0 0 0 0 0 0 0 0 0 0 0 0 0 0 0 0 0 7 0 0 0 0 0 0 0 0 0 0 0 0 0 0 0 0 0 0 0 0 0 0 0 
0 0 0 0 0 0 0 0 0 0 0 0 0 0 0 0 0 0 0 0 0 0 0 7 0 0 0 0 0 0 0 0 0 0 0 0 0 0 0 0 0 0 0 0 0 0 0 0 0 0 0 0 13 0 0 0 0 0 1 0 3 0 0 0 0 6 0 0 0 18 0 0 0 6 6 0 0 0 0 0 0 18 4 0 3 0 6 0 0 25 1 0 3 0 22 3 0 1 6 0 0 21 0 0 13 0 12 0 0 0 3 10 0 0 0 0 3 0 0 3 0 0 0 0 3 0 0 0 0 0 0 4 0 0 0 0 0 0 0 0 9 0 0 0 0 0 0 9 0 0 0 0 9 0 0 0 0 15 0 0 0 0 0 0 0 0 0 0 
0 0 0 0 0 0 0 0 0 0 0 0 0 0 0 0 0 0 0 0 0 0 0 10 0 0 0 0 0 0 0 0 3 0 0 6 0 0 0 9 0 0 0 0 0 0 0 0 0 0 0 0 1 0 0 0 0 12 0 28 0 0 0 0 1 0 0 0 0 0 0 0 1 0 0 0 12 1 12 0 0 21 3 0 0 0 0 0 3 6 0 3 0 0 0 0 0 0 0 0 15 0 0 0 18 0 6 0 0 0 7 0 0 0 1 6 0 0 6 0 0 0 0 0 0 0 0 0 0 0 6 0 0 0 0 0 0 0 0 0 0 0 0 0 0 0 0 0 42 0 0 0 0 0 0 0 0 0 0 0 0 0 0 0 0 0 0 0 
0 0 0 0 0 0 0 0 0 0 0 0 0 0 0 0 0 0 0 0 0 0 0 0 0 31 0 0 0 0 21 0 0 0 0 0 0 0 1 0 0 12 0 6 0 0 0 0 0 1 0 15 0 0 0 0 10 0 0 0 0 0 9 0 0 0 0 7 0 0 0 7 1 0 0 1 0 0 0 0 0 9 0 3 0 0 0 0 3 1 0 0 0 0 0 3 18 0 6 0 0 0 0 0 0 0 0 0 0 0 0 1 0 0 0 0 0 0 0 0 0 0 10 0 0 0 3 0 0 13 0 0 0 0 34 0 0 0 0 0 0 0 0 0 0 0 0 0 0 0 0 0 0 0 0 0 0 0 0 0 0 0 0 0 0 0 0 0 
0 0 0 0 0 0 0 0 0 0 0 0 0 0 0 0 0 0 0 0 0 0 0 0 0 0 0 0 0 0 0 0 0 0 0 0 0 0 0 0 0 0 0 0 0 3 0 0 0 6 0 0 0 0 0 0 0 0 6 0 9 0 0 0 4 0 0 0 6 1 16 0 0 0 0 0 0 3 0 1 0 0 0 18 0 0 6 0 0 1 0 0 6 0 12 0 12 0 0 3 0 0 0 0 0 9 0 15 13 18 0 0 1 0 3 0 0 0 0 0 6 0 0 0 0 0 9 0 0 0 0 0 0 0 0 0 0 0 0 0 0 0 0 0 0 0 0 0 0 0 0 0 0 0 0 0 0 0 0 0 0 0 0 0 0 0 0 0 
0 0 0 0 0 0 0 0 0 0 0 0 0 0 0 0 0 0 0 0 0 0 0 0 0 0 0 0 0 0 0 0 0 0 0 0 0 0 0 0 0 0 18 3 0 0 0 0 0 0 0 0 0 0 0 0 0 4 0 0 0 0 12 0 9 3 0 0 0 1 0 0 0 10 12 0 0 0 0 0 0 0 0 6 0 0 0 1 0 0 0 3 0 0 0 0 25 0 0 0 12 0 0 0 0 0 0 0 0 0 0 0 6 0 3 0 0 0 0 0 0 0 1 0 3 0 0 0 0 0 0 4 0 0 0 0 0 0 0 0 0 9 0 0 0 0 0 0 0 0 0 0 0 0 0 0 0 0 45 0 0 0 0 0 0 0 0 0 
0 0 0 0 0 0 0 0 0 0 0 0 0 0 0 0 0 0 0 0 0 0 0 0 0 0 0 0 0 0 0 3 0 0 0 0 0 0 0 0 0 0 4 0 0 0 0 0 0 0 9 0 0 0 0 0 0 3 7 0 0 0 0 0 0 21 0 0 9 6 1 0 0 0 12 0 0 0 12 12 3 0 0 0 0 0 0 1 0 0 0 6 0 0 0 0 19 0 0 0 18 9 15 0 6 0 3 0 0 0 0 0 1 0 12 0 0 0 0 0 0 0 1 0 0 0 15 0 0 0 0 0 0 0 0 0 0 0 0 0 0 0 0 0 0 0 0 0 0 0 0 0 0 0 0 0 0 0 0 0 0 0 0 0 0 0 0 0 
0 0 0 0 0 0 0 0 0 0 0 0 0 0 0 0 0 0 0 0 3 0 0 0 0 0 0 0 0 0 0 0 0 0 0 0 0 0 0 0 0 0 0 0 0 0 0 0 0 0 0 0 0 1 0 0 0 0 0 0 4 0 0 15 0 0 0 0 0 0 6 21 0 0 0 12 1 0 9 0 0 0 0 0 0 9 0 0 0 0 0 0 0 0 0 0 0 0 0 0 0 0 0 6 0 1 0 0 0 0 0 0 0 0 0 1 1 0 0 0 0 0 0 0 0 0 0 0 0 0 0 0 3 0 0 0 0 0 0 0 0 0 0 0 0 0 0 0 0 0 0 0 0 0 0 0 0 0 0 0 25 0 0 0 0 0 0 0 
0 0 0 0 0 0 0 0 0 0 0 0 0 0 0 0 0 0 0 0 0 0 0 0 0 0 0 0 0 0 0 0 0 0 0 0 0 0 0 0 0 0 0 0 0 9 0 0 0 9 0 0 6 0 0 1 0 0 0 0 0 0 0 9 0 12 1 0 0 0 0 0 0 9 6 0 0 0 0 0 0 0 0 1 25 0 0 0 0 7 0 0 0 10 6 0 27 0 0 0 0 3 18 0 0 0 1 0 0 0 3 0 0 0 0 0 0 15 0 0 3 0 0 0 0 0 12 0 0 0 0 0 3 9 0 0 0 0 0 0 0 0 0 0 0 0 0 0 0 0 0 0 0 0 0 0 0 0 0 0 0 0 0 0 0 0 0 0 
0 0 0 0 0 0 0 0 0 0 0 0 0 0 0 0 0 0 0 0 0 0 0 0 0 0 0 0 0 0 0 0 0 0 0 0 12 0 0 0 0 3 0 0 0 0 0 0 0 27 0 0 0 0 0 0 0 0 0 0 0 0 0 15 0 0 0 0 1 0 0 0 0 0 0 0 0 0 0 0 0 3 6 0 0 0 3 0 0 9 0 0 24 12 0 27 21 1 0 0 6 0 0 0 0 0 1 3 0 0 0 0 0 25 12 0 0 0 0 0 0 0 0 0 0 0 0 0 0 0 0 0 0 0 0 0 0 0 0 0 0 0 0 0 0 0 0 0 0 0 0 0 0 0 4 0 0 0 0 0 0 0 0 0 0 0 0 0 
0 0 0 0 0 0 0 0 0 0 0 0 0 0 0 0 0 0 0 0 0 0 0 0 0 0 0 3 0 0 0 0 0 0 0 0 0 0 0 0 0 0 0 0 0 0 0 0 0 0 0 0 0 4 0 0 0 0 0 0 1 0 0 1 0 0 0 1 0 0 0 12 0 0 24 0 6 1 0 0 12 0 0 0 4 0 15 0 1 0 0 0 0 0 0 6 0 0 1 16 3 15 9 0 0 1 0 0 0 15 0 0 12 0 0 0 0 0 0 0 0 0 0 0 0 0 0 0 0 0 0 0 0 0 0 0 0 0 0 0 0 0 0 0 0 0 0 0 0 0 0 0 0 0 0 0 0 0 0 0 0 0 0 0 0 0 0 0 
0 0 0 0 0 0 0 0 0 0 0 0 0 0 0 0 0 0 0 0 0 0 0 0 0 0 0 0 0 0 0 0 0 0 0 0 0 0 0 0 0 0 9 0 22 0 0 0 0 0 0 0 1 0 0 0 0 0 13 0 0 0 3 10 7 0 0 27 6 0 0 0 0 4 0 1 0 0 0 0 12 0 0 3 0 0 3 0 0 0 0 24 0 0 0 0 4 0 1 0 0 24 21 0 3 0 16 15 0 0 0 0 0 0 0 0 0 0 0 0 0 7 0 6 3 0 0 0 0 0 0 0 0 0 0 0 0 0 0 0 0 0 0 0 0 0 0 0 0 0 0 0 0 0 0 0 0 0 0 0 30 0 0 0 0 0 0 0 
0 0 0 0 0 0 0 0 0 0 0 0 1 0 0 0 0 0 0 0 0 0 0 0 0 0 0 0 0 3 0 0 0 0 0 0 0 1 0 0 0 0 15 0 0 0 0 0 0 0 0 0 0 0 0 0 0 0 0 0 0 0 0 16 0 4 28 0 0 21 0 9 16 12 0 3 0 0 0 0 0 0 3 0 1 0 1 6 0 25 0 7 1 0 9 0 0 1 0 25 0 0 0 0 12 0 0 0 0 3 0 0 0 0 0 25 0 0 0 0 0 0 0 24 0 0 0 0 0 3 0 0 0 0 0 0 0 0 0 0 0 0 0 0 0 0 0 0 0 0 0 0 6 9 0 0 0 0 0 0 0 0 0 0 0 0 0 0 
0 0 0 0 0 0 0 0 0 0 0 0 0 0 0 0 0 0 0 0 0 0 0 0 0 0 0 0 0 0 0 0 0 0 0 0 0 3 1 0 0 0 0 0 0 0 0 0 0 0 0 0 0 0 0 0 0 4 0 0 22 0 0 0 25 0 0 0 0 0 3 0 0 0 3 16 0 0 0 0 0 0 13 0 0 1 0 0 6 0 7 12 9 0 0 6 12 0 0 9 0 0 0 0 6 0 21 0 3 0 0 0 0 0 0 6 0 0 0 1 0 0 0 0 0 0 0 0 0 0 0 0 0 0 0 0 0 0 0 0 0 0 0 0 0 0 0 0 0 0 0 0 0 0 0 0 0 0 0 0 0 0 0 21 0 0 0 0 
0 0 0 0 0 0 0 0 0 0 0 0 0 0 0 0 0 0 0 0 0 0 0 0 0 0 0 0 0 0 3 0 0 0 0 0 0 0 0 0 0 0 0 6 0 0 1 0 0 0 0 0 0 0 3 0 0 0 0 0 0 0 0 6 0 0 0 0 0 0 0 19 27 0 1 0 0 0 0 3 0 0 0 7 0 0 1 0 0 0 3 1 0 3 0 0 0 0 0 1 0 9 0 1 0 0 0 4 4 22 0 0 9 0 27 3 3 0 0 0 6 0 0 0 1 0 0 0 0 0 0 0 0 0 0 0 0 0 1 0 3 0 0 0 0 0 0 0 0 0 0 0 0 0 0 0 0 0 0 0 0 0 0 0 0 0 0 0 
0 0 0 0 0 0 0 0 0 0 0 0 0 0 0 0 0 0 0 1 0 0 0 0 0 0 0 0 0 0 0 0 0 0 0 22 0 0 0 0 0 0 0 0 6 0 0 0 0 0 0 0 0 0 1 0 0 0 3 0 0 0 0 21 0 0 0 7 0 0 0 0 9 0 0 0 13 0 7 0 0 0 12 0 22 0 0 0 0 3 0 6 0 0 0 0 9 0 3 3 0 0 7 0 0 0 9 0 0 9 6 0 1 0 0 0 0 0 0 7 0 0 0 0 0 0 0 0 0 0 0 0 1 0 0 0 0 0 0 0 0 0 0 0 0 0 0 0 0 0 0 0 0 0 0 0 0 0 0 0 0 0 0 0 0 0 0 0 
0 0 0 0 0 0 0 0 0 0 0 0 0 0 0 0 0 0 0 0 0 0 0 0 0 0 0 0 0 0 0 0 0 0 0 0 0 0 0 1 0 3 0 0 0 0 0 0 0 0 0 0 0 0 0 1 0 0 0 0 0 0 0 0 0 0 0 0 0 0 24 0 0 16 4 0 0 0 0 13 0 0 3 0 0 0 3 24 0 6 6 7 1 0 3 0 6 0 12 0 0 0 0 0 30 0 15 0 0 0 0 0 0 0 24 0 0 0 0 0 0 0 0 0 3 0 15 0 18 0 0 0 1 0 18 0 0 0 0 0 0 0 0 0 0 0 0 0 0 0 0 0 0 0 0 0 0 0 0 0 0 0 0 0 0 0 0 0 
0 0 0 0 0 0 0 0 0 0 0 0 0 0 0 0 0 0 0 0 0 0 0 0 0 0 0 0 0 0 0 0 0 0 0 0 0 0 0 0 0 0 0 0 0 0 0 0 0 0 9 0 9 0 0 0 0 0 0 0 0 3 0 28 0 0 0 0 18 0 0 0 0 0 0 0 0 0 6 0 0 0 0 0 0 3 0 0 0 0 0 21 16 0 0 0 21 0 0 15 0 0 12 0 0 0 0 1 13 0 0 0 0 0 0 6 0 0 0 16 0 0 12 0 0 9 0 0 0 0 0 0 0 0 0 0 7 0 0 0 0 0 0 0 0 0 0 0 0 0 0 0 0 0 0 0 0 0 0 0 0 0 0 0 0 0 0 0 
0 0 0 0 0 0 0 0 0 0 0 0 0 0 0 0 0 0 0 0 0 0 0 0 0 0 0 0 0 0 0 0 0 0 0 0 0 0 0 1 0 0 0 0 0 1 0 0 0 0 18 0 0 0 0 0 0 6 1 0 0 0 0 0 4 0 0 0 0 16 0 0 0 0 0 15 0 3 9 0 0 0 0 0 0 0 13 4 0 22 1 0 0 0 12 0 0 0 0 0 10 13 1 0 9 0 0 0 9 9 1 0 0 4 3 0 15 0 25 24 0 0 0 0 3 22 0 0 0 0 0 0 28 0 0 0 0 0 0 0 0 0 0 0 0 0 0 0 0 0 0 0 0 0 0 0 3 0 0 0 0 0 0 0 0 0 0 0 
0 0 0 0 0 0 0 0 0 0 0 0 0 0 0 0 0 0 0 0 0 0 0 0 0 0 0 0 0 0 0 0 0 0 0 0 0 0 0 0 0 0 0 0 0 0 0 0 0 0 0 0 0 0 0 0 0 1 0 0 0 0 0 0 0 4 7 9 0 0 0 12 0 0 0 0 0 0 0 0 3 1 0 0 0 7 0 0 0 0 0 0 3 6 0 1 21 0 0 7 18 0 0 0 0 0 0 0 3 0 22 7 27 10 0 0 0 0 3 0 0 0 0 0 0 0 0 0 0 0 7 0 0 0 0 0 0 0 0 0 0 0 0 13 0 0 0 0 0 0 0 0 0 0 0 0 0 0 0 0 0 0 0 0 0 0 0 0 
0 0 0 0 0 0 0 0 0 0 0 0 0 0 0 0 0 0 0 0 0 3 0 0 0 0 0 30 0 0 0 0 0 0 3 0 1 0 0 0 0 0 0 0 0 0 0 13 0 0 0 0 0 0 0 0 0 15 3 7 0 0 0 21 21 12 0 0 0 10 0 0 0 0 0 12 0 3 0 16 0 0 0 0 0 0 15 12 0 0 0 0 0 0 1 6 13 0 0 0 0 0 0 0 0 0 0 0 0 0 0 6 1 0 0 0 0 0 0 0 0 3 0 0 0 0 0 0 0 0 0 0 0 0 0 0 0 0 1 0 0 0 0 0 0 0 0 0 0 0 0 0 0 0 0 1 0 0 0 0 0 0 0 0 0 0 0 0 
0 0 0 0 0 0 0 0 0 0 0 0 0 0 0 0 0 0 0 0 0 0 0 0 0 0 0 0 0 0 0 0 0 0 0 0 0 0 0 0 0 0 0 0 0 33 0 1 0 0 0 0 0 4 1 0 0 0 0 0 0 0 0 0 0 0 0 0 0 12 0 3 0 6 0 0 0 0 6 0 21 19 6 0 1 0 0 0 3 0 0 0 3 0 6 6 0 0 30 0 4 12 1 0 3 0 0 0 0 3 0 0 0 15 13 0 0 1 0 0 12 3 0 1 0 0 0 0 0 0 0 0 0 0 0 0 0 0 0 0 0 0 0 0 0 0 0 0 0 0 0 0 0 0 0 0 0 0 0 0 0 0 0 0 0 0 0 0 
0 0 0 0 0 0 0 0 0 0 0 0 0 0 0 0 0 0 0 0 0 0 0 0 0 36 0 0 0 0 0 0 0 0 0 0 0 0 0 0 0 0 0 0 0 0 0 0 0 0 22 0 0 0 0 0 0 0 0 0 28 3 0 9 0 19 0 0 0 0 12 0 0 0 0 10 0 0 6 0 0 0 0 22 0 0 0 0 0 9 0 0 0 0 0 1 0 0 0 0 0 0 0 4 9 1 0 0 0 0 0 4 0 0 0 0 3 0 0 0 0 0 0 0 0 4 0 0 0 9 0 0 0 0 0 0 0 0 0 0 3 0 0 0 0 0 0 0 0 0 0 0 0 0 0 0 0 0 0 0 0 0 0 0 0 0 0 0 
0 0 0 0 0 0 0 0 0 0 0 0 0 0 0 0 0 0 0 0 0 0 0 0 0 0 0 0 12 0 0 0 1 0 0 0 0 0 0 0 0 0 0 0 6 0 0 0 0 0 0 3 0 0 6 0 0 0 0 0 0 0 0 10 0 0 3 0 3 0 0 0 0 0 0 0 3 0 9 0 1 0 3 1 0 0 13 0 0 3 7 3 1 0 0 0 18 1 0 21 0 0 0 0 0 0 0 0 0 0 0 4 0 0 0 3 0 0 0 0 0 0 31 0 0 0 0 6 0 0 0 0 0 0 0 0 0 0 0 0 0 0 0 0 0 0 0 0 0 0 0 0 0 0 0 0 0 0 0 0 0 0 0 0 0 0 0 0 
0 0 0 0 0 0 0 0 0 0 0 0 0 0 0 0 0 0 0 0 0 0 0 0 0 0 0 1 0 0 0 0 0 0 0 0 19 3 6 0 0 0 0 0 0 0 0 0 0 0 0 0 0 0 0 0 0 0 0 0 0 0 1 0 0 0 0 25 4 0 7 0 0 9 1 7 0 0 0 0 0 0 0 13 0 0 0 0 0 3 0 21 0 3 0 0 0 7 0 0 3 0 4 0 0 0 3 0 1 0 1 4 6 0 0 0 9 9 15 0 0 0 0 0 6 0 0 0 0 0 0 0 0 0 0 0 0 0 0 0 0 0 0 0 0 0 0 0 0 0 0 0 0 0 0 0 0 0 22 0 0 0 0 0 0 0 0 0 
0 0 0 0 0 0 0 0 0 0 0 0 0 0 0 0 0 0 0 1 0 0 0 0 0 0 0 0 6 0 0 0 0 0 0 0 0 0 0 0 0 0 0 0 0 3 0 0 0 0 0 0 0 0 0 0 0 0 13 0 0 0 0 0 3 0 0 0 0 0 0 9 0 0 24 3 0 0 0 18 0 0 0 0 6 0 15 6 6 1 0 0 0 0 0 1 0 21 0 13 9 0 0 0 0 0 0 0 6 0 0 0 0 0 19 0 12 0 9 0 0 3 0 0 9 0 0 0 9 0 0 0 0 0 0 0 0 0 0 0 0 0 0 0 0 0 0 0 0 0 0 0 0 0 0 0 0 0 0 0 0 0 0 0 0 0 0 0 
0 0 0 0 0 0 0 0 0 0 0 0 0 0 0 0 0 0 0 0 0 0 0 0 0 0 0 0 0 0 0 0 12 0 0 0 0 0 0 0 0 0 0 0 4 0 0 0 0 0 0 0 12 0 0 0 0 0 0 0 0 0 0 0 1 0 4 0 0 0 0 0 0 0 0 0 0 12 0 0 0 0 0 0 3 0 0 0 0 6 13 4 21 19 0 0 0 0 0 18 3 1 16 0 0 0 0 0 25 0 30 0 0 1 0 4 0 0 0 16 0 3 0 0 0 0 0 0 0 0 0 0 9 0 0 0 0 0 0 0 0 0 0 0 0 0 0 0 0 0 0 0 0 0 0 0 0 0 0 0 0 0 0 0 0 0 0 0 
0 0 0 0 0 0 0 0 0 0 0 0 0 0 0 0 0 21 0 0 0 0 0 0 0 0 0 0 0 0 0 0 9 0 0 0 0 6 3 0 0 0 28 12 30 0 0 27 0 0 0 0 0 0 0 0 0 0 4 6 0 0 18 1 0 0 0 0 0 19 0 9 3 1 0 0 0 0 0 0 1 0 0 15 1 4 9 0 0 0 1 0 3 3 0 0 1 15 0 0 0 0 0 0 0 0 0 0 0 0 1 0 3 0 0 0 19 3 0 0 0 0 6 0 0 0 1 0 0 0 0 0 0 0 0 0 0 0 0 0 0 0 0 0 0 0 0 0 0 0 0 0 0 0 0 0 0 0 0 0 0 0 0 0 0 0 0 0 
0 0 0 0 0 0 0 0 0 0 0 0 0 0 0 9 0 0 0 0 0 0 0 0 0 0 0 0 0 0 0 0 0 0 0 0 0 0 0 0 0 0 0 0 0 0 30 0 0 0 0 0 7 0 0 0 0 0 0 0 0 0 0 12 22 0 0 0 18 0 0 0 0 0 0 0 0 0 13 0 0 0 0 0 0 0 0 0 0 0 0 3 16 0 16 0 0 0 7 6 0 0 0 0 0 0 0 1 0 1 0 0 0 0 0 0 0 0 0 0 1 3 0 0 9 0 0 0 3 0 0 0 0 0 0 0 15 0 0 0 0 0 3 0 0 0 0 0 0 0 0 0 0 0 0 0 1 0 0 0 0 0 0 0 0 0 0 0 
0 0 0 0 0 0 0 0 0 0 0 0 0 0 0 0 0 0 0 0 0 0 0 0 0 0 16 0 0 0 0 0 0 0 0 0 0 0 0 0 0 0 0 0 3 0 0 0 0 0 0 0 0 0 3 0 1 0 0 0 0 0 7 4 6 21 0 0 0 12 0 0 0 12 0 0 0 0 3 1 1 6 0 6 13 0 0 0 0 0 0 0 0 15 27 0 0 0 0 9 15 0 0 0 0 0 0 6 0 0 0 0 0 16 0 0 3 22 0 0 0 0 0 0 9 0 0 3 15 0 0 0 0 0 0 0 0 37 0 0 0 0 0 0 0 0 0 0 0 0 0 0 0 0 0 0 0 0 0 0 0 0 0 0 0 0 0 0 
0 0 0 0 0 0 0 0 0 0 0 0 0 0 0 0 0 0 0 4 0 0 0 0 7 0 0 0 0 0 0 0 0 0 0 0 0 0 9 0 0 0 1 0 0 0 0 0 18 0 0 0 0 0 0 0 10 0 0 13 0 0 9 13 0 0 0 0 1 0 0 0 0 0 0 0 6 0 15 0 7 9 0 0 0 18 0 0 0 0 0 0 0 0 0 12 10 0 3 1 0 0 3 0 0 0 13 0 0 27 12 0 6 0 6 30 6 0 0 0 0 0 0 0 0 0 0 0 0 0 0 0 0 0 0 0 0 0 0 0 0 16 0 0 0 0 0 0 0 0 0 0 0 0 0 0 0 0 0 0 0 0 0 0 0 0 0 0 
0 0 0 0 0 0 0 0 0 0 0 0 0 0 0 0 0 0 0 0 0 0 0 0 0 0 0 0 0 0 0 0 0 0 30 0 0 0 0 0 0 0 0 0 3 0 4 0 0 0 0 3 0 0 0 0 0 0 19 0 0 0 0 4 0 0 0 0 0 0 0 0 3 0 0 6 0 0 0 0 0 0 0 0 3 3 0 0 0 0 0 1 0 0 9 0 0 0 0 4 3 0 18 1 0 0 7 0 0 0 9 0 0 0 0 0 0 0 0 0 18 0 0 0 0 0 9 0 0 0 0 0 0 0 0 0 0 0 0 0 0 0 0 0 0 0 0 0 0 0 0 0 0 0 0 0 0 0 0 0 0 0 0 0 0 0 0 0 
0 0 0 0 0 0 0 0 0 0 0 0 0 0 0 0 0 0 0 0 0 0 0 0 0 0 0 0 0 0 0 0 0 0 0 0 0 21 0 0 3 0 0 0 0 0 0 0 0 0 3 0 0 0 1 0 0 0 0 3 0 0 0 0 0 0 0 0 0 0 0 0 0 0 3 9 0 15 0 0 0 19 0 0 0 6 0 0 0 0 0 0 0 0 0 0 6 4 0 0 6 0 0 0 0 0 0 7 0 7 0 0 0 0 19 0 4 0 0 0 9 0 0 0 0 1 0 0 1 0 0 0 0 0 0 0 0 0 0 0 0 0 0 0 0 0 0 0 0 0 0 0 0 0 0 0 0 0 0 0 0 0 0 0 0 0 0 0 
0 0 0 0 0 0 0 0 0 0 0 0 0 0 0 0 0 0 0 0 0 0 0 0 0 3 0 0 15 0 0 0 0 0 0 3 0 0 0 0 0 0 0 0 0 0 0 0 0 0 0 0 0 0 0 0 0 0 0 0 0 0 0 0 0 0 0 3 19 0 0 0 0 3 0 0 0 13 0 0 0 0 0 0 0 6 1 0 0 0 6 12 0 0 0 12 0 3 0 6 0 0 3 0 0 0 25 9 0 0 0 0 0 0 0 0 24 0 0 0 0 0 0 0 0 0 0 0 0 0 0 0 0 0 0 0 0 6 0 0 0 0 0 0 0 0 0 0 0 0 0 0 0 0 0 0 0 0 1 0 0 0 0 0 0 0 0 0 
0 0 0 0 0 0 0 0 0 0 0 0 0 0 0 0 0 0 0 0 0 0 0 0 0 0 0 0 0 0 0 0 0 0 0 0 0 0 0 0 0 0 0 0 0 0 0 0 0 0 0 0 0 0 0 0 0 0 0 12 0 0 0 0 9 0 0 6 0 0 0 7 3 18 7 3 0 0 15 9 0 0 0 0 0 3 0 0 1 4 0 6 16 0 0 0 0 0 0 0 24 0 18 0 6 0 0 0 0 3 0 0 0 0 0 0 0 0 0 6 0 0 0 1 15 1 0 0 0 0 0 0 0 0 0 0 0 0 0 0 0 0 0 0 0 0 0 0 0 0 0 0 0 0 0 0 0 0 0 0 0 0 0 0 0 0 0 0 
0 0 0 0 0 0 0 0 0 0 0 0 0 0 0 0 0 0 0 0 0 0 0 0 27 0 0 0 0 0 0 0 0 0 0 0 0 0 0 0 0 0 0 0 0 0 0 0 0 0 0 0 12 0 0 0 12 0 0 0 0 0 0 0 0 0 0 0 9 0 0 0 0 0 3 0 27 0 0 0 0 0 4 0 10 0 6 7 19 0 0 3 0 10 6 0 0 0 0 0 0 0 0 3 0 0 0 0 0 1 0 6 3 0 0 18 0 0 0 0 9 0 0 0 0 0 1 0 0 0 0 0 0 0 0 0 13 0 0 0 0 0 0 0 0 0 0 0 0 0 0 0 0 0 0 0 0 0 0 0 0 0 0 0 0 0 0 0 
0 0 0 0 0 0 0 0 0 0 0 0 0 0 0 0 0 0 0 0 0 0 0 0 0 0 0 0 0 0 0 0 0 0 0 0 0 0 0 0 0 0 0 0 0 0 0 0 0 0 0 0 0 0 0 7 0 0 0 0 0 0 0 0 0 0 0 0 0 0 0 0 1 3 0 0 0 0 0 0 0 0 0 3 0 0 4 10 0 9 0 0 0 1 0 0 15 0 4 0 0 1 9 0 3 0 0 1 0 0 4 0 0 0 0 0 0 0 18 0 0 0 1 0 0 6 0 0 0 0 0 0 3 0 0 0 0 0 0 0 0 18 0 0 0 0 0 0 0 0 0 0 0 0 0 0 0 0 0 0 0 0 0 0 0 0 0 0 
0 0 0 0 0 0 0 0 0 0 0 0 0 0 0 0 0 0 0 0 0 0 0 0 0 0 0 0 0 0 0 0 0 0 0 0 0 0 0 0 0 0 21 0 0 0 0 0 0 0 0 0 12 0 0 0 0 0 0 1 0 0 0 6 0 0 0 0 0 3 0 0 0 0 0 1 0 6 0 3 0 9 0 0 0 0 0 1 0 1 3 3 0 0 0 0 0 4 22 25 10 0 30 27 0 0 0 0 1 0 0 3 0 0 0 0 16 0 0 0 0 0 0 0 0 0 0 0 0 0 0 0 3 0 0 0 0 0 0 0 0 0 0 0 0 0 0 0 0 0 0 0 0 0 0 0 0 0 0 0 0 0 0 0 0 0 0 0 
0 0 0 0 0 0 0 0 0 0 0 0 0 0 0 0 0 0 0 0 0 0 0 0 0 0 0 0 0 0 0 0 0 0 0 0 0 0 0 21 0 0 0 0 16 0 31 0 0 0 0 0 0 1 0 0 0 9 0 0 0 0 0 0 18 0 4 0 0 0 0 0 0 1 0 3 4 1 0 0 0 0 3 3 3 0 0 0 3 0 0 0 0 0 0 0 4 3 0 0 0 0 0 0 0 9 0 0 0 0 0 0 0 0 0 0 0 0 0 0 28 22 10 0 0 0 4 0 6 0 0 0 0 0 0 0 0 0 0 0 0 0 0 0 0 0 0 0 0 0 0 0 0 0 0 0 0 0 0 0 0 0 0 0 0 0 0 0 
0 0 0 0 0 0 0 0 0 0 0 0 0 0 0 0 0 0 0 0 0 0 3 0 0 0 0 31 0 0 0 0 0 0 0 0 0 0 0 0 0 0 0 0 0 0 0 0 0 0 0 0 7 0 3 0 0 0 0 7 0 0 0 0 21 0 0 0 0 0 1 0 0 0 0 0 0 0 0 0 10 10 0 0 0 0 0 6 0 1 0 0 0 9 0 27 0 0 6 1 0 27 0 0 0 0 0 0 0 0 0 0 0 0 0 0 0 0 0 0 0 0 1 0 0 0 0 0 0 0 0 0 0 0 0 0 0 0 0 3 0 0 0 0 0 0 0 0 0 0 0 0 0 0 0 0 0 0 0 0 0 0 0 0 0 0 0 0 
0 0 0 0 0 0 0 0 0 0 0 0 0 0 0 0 0 0 0 0 0 0 0 0 0 0 0 0 0 0 0 9 0 0 0 0 0 0 0 0 0 0 0 0 0 0 0 0 0 0 0 0 0 0 0 0 0 0 0 0 0 6 0 0 3 0 0 0 0 6 15 0 0 0 4 9 0 12 0 0 0 18 0 0 0 0 0 0 0 3 0 0 0 0 9 0 3 1 0 0 0 0 0 0 0 0 0 0 9 0 0 0 0 1 0 0 0 0 0 3 0 0 0 0 0 0 0 0 0 0 0 0 3 0 0 0 0 0 0 0 0 0 6 0 7 0 0 0 0 0 0 0 0 0 0 0 15 0 0 0 0 0 0 0 0 0 0 0 
0 0 0 0 0 0 0 0 0 0 0 0 0 0 0 0 0 0 0 0 0 0 0 0 0 0 0 0 0 0 0 0 0 0 0 0 6 0 0 0 0 0 0 0 0 0 0 0 0 0 0 0 0 0 0 6 0 0 0 0 0 1 12 4 0 0 0 3 0 0 4 4 0 6 3 4 27 0 22 0 0 0 25 0 0 0 16 9 0 24 6 0 6 0 0 0 6 13 0 4 0 6 0 3 0 3 0 0 0 0 6 0 0 10 0 0 0 1 0 0 0 7 0 0 0 0 0 3 0 0 0 0 0 0 0 0 0 0 0 0 0 0 0 0 0 0 0 0 0 0 0 0 0 0 0 0 0 0 0 0 0 0 0 0 0 0 0 0 
0 0 0 0 0 0 0 0 0 0 0 0 0 0 0 0 0 0 0 0 0 0 0 0 0 0 0 0 0 0 0 0 0 0 0 0 0 0 0 16 0 0 0 0 0 0 0 0 0 1 0 0 0 0 0 7 0 7 1 1 0 18 27 0 0 0 0 3 0 0 0 0 0 0 0 0 1 0 0 6 0 0 3 0 0 0 0 19 0 0 3 7 0 0 9 15 0 7 9 0 0 0 0 0 0 0 0 1 1 0 0 0 0 0 12 1 0 4 0 3 0 0 6 0 0 0 0 0 0 0 3 0 0 0 0 0 0 0 0 0 0 0 0 0 0 0 0 0 0 0 0 0 0 0 0 0 0 0 0 0 0 0 0 0 0 1 0 0 
0 0 0 0 0 0 0 0 0 0 0 0 0 0 0 0 0 0 0 0 0 0 0 0 0 0 0 0 0 0 0 0 0 0 1 0 0 0 0 0 0 0 0 0 0 0 0 0 0 0 0 0 0 0 0 9 0 0 0 0 0 0 0 3 13 9 0 4 0 0 0 0 21 0 21 0 0 9 0 0 15 0 18 0 0 0 25 3 9 0 0 7 0 7 0 4 0 0 0 9 0 0 6 0 0 0 0 0 0 10 6 0 0 0 0 0 3 0 0 0 0 0 0 0 3 0 0 18 3 0 0 3 0 0 0 0 0 0 0 0 0 0 0 0 0 19 0 0 0 0 0 0 0 0 0 6 0 0 0 0 0 0 0 0 0 0 0 0 
0 0 0 0 0 0 0 0 0 0 0 0 0 0 0 0 0 0 0 0 0 0 6 1 0 22 0 4 0 0 0 0 0 0 0 0 0 0 0 0 0 0 0 0 0 0 0 0 0 0 0 0 0 0 6 1 0 0 0 0 18 6 0 0 0 0 0 13 0 0 0 0 13 0 7 7 3 3 0 0 0 0 0 7 0 0 27 0 0 0 0 7 18 0 0 0 0 0 0 0 0 0 0 0 0 0 0 0 1 0 7 0 0 1 0 0 0 9 0 0 0 0 0 0 0 0 0 9 24 0 0 0 9 1 0 0 0 0 0 0 0 0 0 0 0 0 0 0 0 0 0 0 0 0 0 0 0 0 0 0 0 0 0 0 0 0 0 0 
0 0 0 0 0 0 0 0 0 0 0 0 0 0 0 0 0 0 0 0 0 0 0 0 0 4 0 0 0 0 0 0 0 0 0 0 0 0 0 0 0 0 1 9 0 0 0 0 0 0 0 10 0 0 0 15 3 0 0 0 0 0 0 0 0 0 10 15 0 0 0 0 6 22 0 0 0 0 0 0 0 3 3 0 0 6 1 3 0 15 7 19 0 0 0 0 0 19 12 21 0 7 0 0 0 0 21 0 0 15 1 6 0 0 0 0 1 0 0 0 0 0 0 0 0 0 9 4 0 0 0 0 0 0 0 0 0 0 0 0 0 0 0 0 0 0 0 0 0 0 0 0 0 0 0 0 0 0 0 0 0 0 0 0 0 0 0 0 
0 0 0 0 0 0 0 0 0 0 0 0 0 0 0 0 0 0 0 0 0 1 0 0 0 0 0 0 0 0 0 0 0 0 0 0 0 0 0 0 0 0 19 0 0 0 0 0 0 0 0 0 0 0 0 0 6 0 0 13 0 0 0 0 15 3 0 0 0 9 0 0 4 16 3 0 6 0 0 0 0 0 12 0 4 3 0 15 6 0 0 7 1 0 3 0 3 7 0 0 0 1 0 0 0 0 0 0 6 0 21 0 0 0 0 0 0 0 0 0 3 0 0 0 0 0 12 0 0 0 0 0 0 0 0 0 0 0 0 0 0 0 0 0 0 0 0 0 0 0 0 0 0 0 0 0 0 0 0 0 0 0 0 0 0 0 0 0 
0 0 0 0 0 0 0 0 0 0 0 0 0 0 0 0 0 0 0 0 0 0 0 0 0 0 0 0 0 0 0 0 0 0 0 0 9 0 0 0 0 16 19 0 0 0 0 0 0 0 0 0 0 0 0 0 4 0 9 0 15 0 0 10 0 3 0 0 4 0 0 3 0 0 0 4 0 6 0 0 18 0 0 0 18 1 6 0 0 0 0 0 6 10 0 0 12 0 0 16 12 0 0 0 0 0 0 0 9 6 22 15 0 0 0 0 3 0 6 0 0 16 0 0 0 0 0 0 0 0 0 0 0 0 0 0 0 0 0 0 0 0 0 0 0 0 0 0 0 0 0 0 0 0 0 0 0 0 0 0 0 0 0 0 0 0 0 0 
0 0 0 0 0 0 0 0 0 0 0 0 0 0 0 0 0 0 0 0 0 0 0 0 0 0 0 0 0 0 0 0 0 0 0 0 0 0 0 0 3 0 0 30 0 0 0 0 0 0 0 0 0 4 0 0 0 3 0 0 0 0 0 0 0 0 0 0 0 0 0 0 0 3 0 0 0 0 3 0 0 0 3 0 0 3 1 10 0 0 0 0 0 0 0 0 0 0 0 19 6 0 0 0 0 0 0 3 10 0 0 0 0 19 6 0 15 0 0 0 0 0 0 0 0 0 0 21 0 0 0 0 0 1 0 0 0 0 3 0 0 0 0 0 0 0 0 0 0 0 0 0 0 0 0 0 0 0 0 0 0 0 0 0 0 0 0 0 
0 0 0 0 0 0 0 0 0 0 0 0 0 0 0 0 0 0 0 0 0 0 0 0 0 0 0 0 0 0 0 0 0 0 0 0 22 0 9 0 0 0 0 0 0 0 0 0 0 0 0 0 0 12 0 0 0 12 13 0 0 9 4 0 0 0 0 0 4 0 0 18 0 12 0 0 0 0 0 0 0 0 0 9 25 0 19 0 0 0 0 0 0 0 0 0 0 0 0 3 0 0 0 1 7 0 0 7 0 0 28 1 0 0 0 0 0 4 0 0 0 0 0 0 0 0 0 3 0 0 0 0 0 0 0 0 0 0 0 0 0 0 0 0 0 0 0 0 0 0 0 0 0 0 0 0 0 0 0 0 0 0 0 0 0 0 0 0 
0 0 0 0 0 0 0 0 0 0 0 0 0 0 0 0 0 0 0 0 0 0 0 0 0 0 0 0 0 0 0 0 0 0 0 6 0 0 0 0 0 0 0 0 0 0 0 0 0 0 0 0 0 6 0 0 16 0 0 0 9 0 0 0 0 3 0 0 0 0 0 0 0 3 0 0 0 0 7 1 0 0 10 0 18 15 24 0 1 1 0 0 0 3 1 12 6 6 0 0 0 18 0 0 0 0 0 0 0 7 0 0 0 0 0 0 0 0 0 0 0 0 0 0 0 0 0 0 0 0 0 6 12 0 0 0 0 0 0 0 0 0 0 0 0 0 0 0 0 0 0 0 0 0 0 0 0 0 0 0 0 0 0 0 0 0 0 0 
0 0 0 0 0 0 0 0 0 0 0 0 0 0 0 0 0 0 0 0 0 0 0 0 0 0 0 0 0 0 0 0 0 0 0 0 0 0 0 0 0 0 0 0 0 0 0 0 0 0 0 6 0 0 4 0 16 3 0 0 0 16 3 13 0 0 0 0 0 10 13 0 0 0 0 1 0 0 0 9 21 0 0 9 0 0 6 1 0 15 19 7 0 0 0 0 0 24 0 0 0 0 0 1 0 0 0 1 0 0 0 24 0 0 0 0 0 0 0 0 0 0 0 0 0 0 0 0 7 0 0 0 22 0 0 0 0 0 0 0 0 0 0 0 0 0 3 0 0 0 0 0 0 0 0 0 0 0 0 0 0 0 0 0 0 0 0 0 
0 0 0 0 0 0 0 0 0 0 0 0 0 0 0 0 0 0 0 0 0 0 0 0 0 0 0 0 0 0 0 0 0 3 0 6 0 9 0 0 0 0 0 0 0 0 0 0 18 0 0 0 0 0 0 0 0 0 0 0 0 0 30 1 6 0 0 0 0 0 0 0 0 21 0 22 0 0 0 0 0 0 0 0 0 0 13 0 0 0 3 0 0 6 0 0 0 3 0 18 0 0 0 16 3 0 0 16 0 0 0 0 0 0 0 0 0 0 0 0 1 0 0 0 0 0 0 0 0 0 3 0 0 0 3 0 0 0 0 0 0 0 0 3 0 0 0 0 0 0 0 0 0 0 0 0 0 0 0 0 0 0 0 0 0 0 0 0 
0 0 0 0 0 0 0 0 0 0 0 0 0 0 0 0 0 0 0 0 0 0 0 0 0 0 0 0 0 30 0 0 0 0 0 0 0 0 0 0 0 0 0 0 3 0 0 6 4 0 0 19 0 1 7 0 0 3 0 0 0 0 0 13 0 10 0 3 24 0 0 0 0 0 0 9 0 0 6 0 0 13 0 0 0 21 0 9 0 0 4 3 6 0 0 10 0 0 0 0 0 0 0 0 0 0 10 0 0 1 15 0 0 3 0 3 0 0 0 0 33 3 3 0 0 0 0 0 0 0 0 0 0 0 0 0 0 0 0 0 0 0 0 0 0 0 0 0 0 0 0 0 0 0 0 0 0 0 0 24 0 0 0 0 0 0 0 0 
0 0 0 0 0 0 0 0 0 0 0 0 0 0 0 0 0 0 0 0 0 0 0 0 0 0 0 0 0 0 0 0 0 0 0 0 0 0 0 0 0 0 7 0 0 0 0 1 0 0 0 0 0 0 0 0 0 0 0 0 0 9 0 9 15 12 0 3 0 0 0 0 3 0 0 22 3 0 1 0 4 0 3 0 4 0 0 0 6 0 0 3 0 0 7 3 0 1 22 0 1 1 0 0 9 13 18 0 0 1 1 0 0 3 0 0 3 0 12 0 0 22 0 0 0 0 7 0 0 0 0 0 0 0 0 0 6 0 0 0 0 0 0 0 0 0 0 0 0 0 0 0 0 0 0 0 0 0 0 0 0 0 0 0 0 0 0 0 
0 0 0 0 0 0 0 0 0 0 0 0 0 0 0 0 0 0 0 0 0 0 0 0 0 0 0 0 0 0 0 0 0 0 0 0 0 0 0 0 0 0 0 25 0 0 3 0 0 0 0 3 0 0 0 0 0 0 0 0 0 24 0 0 0 0 0 0 0 0 0 0 0 0 15 0 12 0 3 0 6 0 0 0 0 0 0 0 0 0 0 0 0 15 0 9 0 0 0 0 6 3 0 0 7 9 0 9 0 0 1 0 0 0 0 0 24 1 0 0 19 0 3 0 3 0 0 0 0 0 0 0 0 0 0 0 6 0 0 0 0 0 0 0 0 0 0 0 0 0 0 0 0 0 0 0 0 0 0 0 0 0 0 0 0 0 0 0 
0 0 0 0 0 0 0 0 0 0 0 0 0 0 0 0 0 0 0 3 0 0 0 25 0 0 0 0 0 0 0 0 0 3 0 0 0 0 0 0 0 0 0 0 0 0 0 0 0 0 1 7 0 0 0 0 0 9 0 0 6 0 0 0 0 0 0 0 10 0 1 18 0 0 0 0 0 0 10 0 1 0 0 9 12 0 0 3 0 0 9 1 16 0 0 0 0 0 0 0 0 0 0 0 0 1 0 21 18 0 0 0 0 3 0 1 0 0 0 0 0 0 0 0 0 0 0 0 0 0 0 0 0 0 0 0 0 0 0 0 1 0 0 0 0 0 0 0 0 0 0 0 0 0 0 0 0 0 0 0 0 0 0 0 0 0 0 0 
0 0 0 0 0 0 0 0 0 0 0 0 0 0 0 0 0 0 0 0 0 0 0 0 6 0 0 0 4 0 0 0 0 0 0 0 0 0 0 0 0 0 0 0 0 0 0 0 0 0 0 0 0 0 0 0 0 1 0 0 0 24 0 0 0 0 0 0 4 0 3 4 0 0 0 0 12 1 0 9 0 0 6 0 1 0 6 0 0 9 1 3 0 0 15 1 0 9 0 0 0 1 0 0 0 0 0 0 0 0 0 0 1 15 0 0 0 0 0 0 0 0 0 0 0 0 0 0 0 0 0 0 0 0 0 0 0 0 0 0 0 0 0 0 0 0 0 0 0 0 0 0 0 0 0 0 0 0 1 0 0 0 0 0 0 0 0 0 
0 0 0 0 0 0 0 0 0 0 0 0 0 0 0 0 0 0 0 0 0 39 0 0 0 0 0 0 0 0 0 25 0 0 0 0 0 0 0 0 16 1 0 0 0 0 0 0 3 0 0 0 1 0 3 0 0 0 0 13 0 0 0 0 0 0 0 0 9 0 0 0 0 0 0 0 0 15 0 1 3 0 0 0 3 21 1 0 0 0 1 1 0 0 0 18 12 0 0 0 28 3 12 0 0 7 0 0 0 0 0 0 0 0 0 0 0 0 0 0 21 0 0 0 0 0 0 0 0 0 0 0 0 3 0 0 0 0 0 0 0 0 0 0 1 0 0 0 0 0 0 0 0 0 0 0 0 0 0 0 0 0 0 0 0 0 0 0 
0 0 0 0 0 0 0 0 0 0 0 0 0 0 0 0 0 0 0 0 0 0 0 0 0 0 0 0 0 0 0 0 0 1 0 0 0 0 0 0 0 0 0 0 0 0 0 0 0 0 0 0 1 0 3 6 16 0 0 1 0 0 0 0 0 0 0 7 0 0 24 0 1 0 0 0 7 0 0 0 12 0 19 1 0 0 0 0 0 0 0 0 24 6 0 15 0 0 0 6 0 0 6 0 0 0 0 0 9 0 0 0 3 0 6 0 0 15 0 0 0 0 0 0 0 0 6 0 1 16 0 0 0 0 0 0 0 3 1 0 0 0 0 0 0 0 0 0 0 0 0 0 0 0 0 0 0 0 0 0 0 0 0 0 0 0 0 0 
0 0 0 0 0 0 0 0 0 0 0 0 0 0 0 0 0 0 0 0 6 0 0 0 0 0 0 0 0 0 0 0 28 0 0 0 0 0 0 28 0 18 0 0 0 31 0 0 0 0 0 3 1 0 12 0 0 0 0 0 0 15 0 0 0 0 1 0 0 0 0 0 7 0 6 0 1 0 3 0 0 0 3 0 0 0 0 0 0 0 6 0 0 0 0 0 0 9 18 28 0 6 3 0 0 0 0 15 13 0 0 0 0 0 0 3 3 0 0 0 0 19 0 0 15 30 9 0 0 1 0 0 0 0 0 0 1 0 0 0 0 0 0 0 0 0 0 0 0 0 12 0 0 1 0 0 0 0 0 0 0 0 0 0 0 0 0 0 
0 0 0 0 0 0 0 0 0 0 0 0 0 0 0 0 0 0 0 0 0 0 0 0 0 0 0 1 0 0 0 0 1 0 21 0 0 0 0 0 0 0 0 0 0 0 0 0 0 1 0 0 0 0 0 0 0 0 0 0 0 0 0 0 0 6 0 24 0 0 0 27 0 0 1 0 0 6 0 0 15 0 0 0 6 12 0 0 0 0 0 0 0 0 0 9 0 24 1 0 0 0 1 18 0 15 0 24 0 0 0 0 0 0 0 0 3 0 0 9 0 0 0 0 0 0 0 0 0 3 12 0 0 0 0 0 0 0 0 0 0 0 0 0 0 0 0 0 0 0 0 0 0 0 0 0 0 0 0 0 0 0 0 0 0 0 0 0 
0 0 0 0 0 0 0 0 0 0 0 0 0 0 0 0 0 0 0 0 0 0 0 0 0 0 0 0 0 0 0 0 0 0 0 0 0 0 0 0 0 0 0 0 0 0 0 0 0 0 0 0 0 0 0 0 0 18 3 0 0 0 21 0 0 0 0 0 6 0 9 0 0 0 6 15 4 0 0 7 0 6 0 0 0 0 0 0 3 24 0 0 9 0 6 0 0 0 3 15 0 0 0 0 1 0 0 1 0 0 0 0 0 0 12 0 0 0 10 0 0 0 0 0 0 4 0 0 0 0 0 0 0 0 0 3 0 0 0 0 0 0 0 0 0 0 0 0 0 0 0 0 0 0 0 0 0 0 0 0 0 0 0 0 0 0 0 0 
0 0 0 0 0 0 0 0 0 0 0 0 0 0 0 0 0 0 0 0 0 0 0 0 0 0 0 0 0 0 0 0 0 0 0 0 0 0 0 0 0 0 0 0 10 9 0 0 0 0 0 0 21 4 0 0 0 0 7 0 0 0 9 0 15 0 0 0 0 13 3 0 9 0 4 0 0 0 0 0 1 0 0 0 0 0 9 22 0 0 13 21 0 1 4 0 0 0 0 0 0 0 0 0 3 0 1 15 0 9 6 3 0 3 0 0 0 21 0 0 27 0 0 0 9 0 0 0 0 3 0 0 0 0 0 22 0 0 0 0 0 0 0 0 0 0 0 0 0 0 0 0 0 0 0 0 0 0 0 0 0 0 0 0 0 0 0 0 
0 0 0 0 0 0 0 0 0 0 0 0 0 0 0 0 0 0 0 0 0 0 0 1 0 0 0 0 0 0 0 0 0 0 0 0 0 0 0 0 0 0 0 0 0 0 12 0 0 0 0 0 0 0 0 12 0 0 0 0 0 0 0 0 6 16 0 0 0 1 0 3 15 0 1 0 0 0 0 0 0 25 0 0 1 0 0 0 0 15 0 15 0 0 12 0 0 0 0 7 0 9 1 6 0 3 12 13 0 0 6 0 0 0 10 0 0 0 16 0 0 0 7 0 0 0 3 4 0 0 27 1 0 3 0 0 0 0 0 0 0 0 0 0 0 0 0 0 0 0 0 0 0 0 0 0 0 0 0 0 0 0 0 0 0 0 0 0 
0 0 0 0 0 0 0 0 0 0 0 0 0 0 0 0 0 0 0 1 0 0 0 0 0 0 0 0 0 0 0 0 13 0 0 0 0 9 0 0 0 0 0 0 10 0 0 0 0 0 0 0 1 0 0 0 6 0 0 0 0 0 0 0 0 0 0 0 12 4 0 0 0 0 0 0 0 9 0 0 0 0 0 9 1 6 0 0 13 0 1 0 6 0 3 22 0 18 0 0 0 0 0 0 0 0 0 0 3 0 0 0 21 15 0 0 9 0 0 12 0 0 1 0 0 0 0 0 0 0 0 0 0 0 0 0 0 0 0 0 0 0 0 0 0 27 13 0 0 0 0 0 0 0 0 0 0 0 0 0 0 0 0 0 0 0 0 0 
0 0 0 0 0 0 0 0 0 0 0 0 0 0 0 0 0 0 0 0 0 0 0 0 0 0 0 12 0 0 9 0 0 0 0 0 0 0 0 0 0 0 0 0 0 0 0 0 1 0 0 0 0 0 0 4 0 0 0 0 0 1 3 0 0 0 0 0 0 0 0 3 0 3 19 0 6 13 0 0 0 0 0 0 0 13 0 0 16 1 0 0 6 0 0 9 12 12 0 0 3 0 1 0 0 1 0 0 6 0 13 0 4 0 0 0 0 0 0 0 0 0 0 0 0 0 0 0 0 0 0 0 0 0 0 0 0 0 0 0 0 0 0 0 0 0 0 0 0 0 0 0 0 0 0 0 0 0 0 0 0 0 0 0 0 0 0 0 
0 0 0 0 0 0 0 0 0 0 0 0 0 0 0 0 0 0 0 0 0 0 0 0 0 0 0 0 0 0 0 0 16 0 0 0 0 0 0 0 0 0 0 0 0 0 0 0 6 0 0 0 0 0 0 0 0 0 0 0 0 0 0 0 0 3 0 0 0 0 0 0 0 0 0 0 0 21 0 15 0 3 0 0 0 0 0 19 3 0 0 0 0 0 0 0 0 0 0 3 0 0 0 0 12 0 0 0 0 0 3 18 3 4 0 0 6 0 0 0 0 0 27 0 0 0 22 15 0 0 0 0 3 0 0 9 0 0 0 0 0 0 0 3 0 0 0 0 0 0 0 0 0 0 0 0 0 0 0 0 0 0 0 0 0 0 0 0 
0 0 0 0 0 0 0 0 0 0 0 0 0 0 0 0 0 0 0 0 0 0 0 0 0 0 0 0 0 0 4 0 0 0 0 0 0 0 0 0 0 0 0 0 0 0 0 0 30 0 0 0 0 9 0 0 0 0 0 0 0 0 0 0 10 0 1 0 0 0 6 0 0 0 0 0 0 0 24 0 0 0 4 0 18 0 0 0 0 1 9 0 4 0 0 0 0 0 0 0 3 1 15 0 30 0 18 0 0 0 0 0 0 22 0 0 0 3 24 0 0 0 0 0 0 18 0 0 0 0 0 0 0 0 0 0 0 1 0 0 0 0 27 0 0 0 0 0 0 0 0 0 0 0 4 0 0 0 0 0 0 0 0 0 0 0 0 0 
0 0 0 0 0 0 0 0 0 0 0 0 0 0 0 0 0 0 0 0 0 0 0 0 0 0 0 0 0 0 0 0 0 0 0 21 30 0 0 0 15 0 0 0 0 0 0 0 0 0 24 0 0 3 0 0 0 0 0 0 0 3 0 24 0 30 0 0 3 0 0 0 0 15 0 0 0 0 3 9 0 0 0 7 3 0 0 15 0 27 18 1 3 3 0 0 0 0 0 0 3 0 0 6 0 0 0 0 12 0 0 0 0 0 0 0 0 0 0 0 0 0 1 0 0 0 0 0 0 0 1 0 0 0 1 0 0 0 0 0 0 0 0 0 0 0 0 0 0 0 0 0 0 0 0 0 0 0 0 0 0 0 4 0 0 0 0 0 
0 0 0 0 0 0 0 0 0 0 0 0 0 0 0 0 0 0 0 0 0 0 0 0 0 0 0 0 0 0 0 0 0 0 0 0 0 0 0 0 0 0 0 0 0 0 0 0 6 3 0 0 0 0 0 0 0 0 0 0 0 16 0 0 3 0 6 0 0 3 16 0 0 0 7 13 9 0 0 0 13 0 0 0 0 0 18 0 3 0 1 0 0 19 0 9 0 0 12 1 0 0 3 12 0 0 0 0 0 0 0 0 0 0 0 0 0 0 0 0 0 0 0 1 0 0 0 0 0 0 0 0 0 0 0 0 0 0 0 0 0 0 0 0 0 0 0 0 0 0 0 0 0 0 0 0 0 0 0 0 0 0 0 0 0 0 0 0 
0 0 0 0 0 0 0 0 0 0 0 0 0 0 0 0 0 0 0 0 0 0 0 12 0 0 0 0 0 0 0 0 0 0 0 0 0 0 0 0 0 0 0 0 0 0 0 0 0 0 0 6 0 0 0 0 0 0 0 0 0 0 0 0 4 0 6 0 0 0 6 0 0 0 0 4 0 7 27 0 9 0 9 0 0 9 0 6 0 10 15 0 0 0 0 4 3 0 0 0 0 0 0 1 0 0 0 0 12 6 0 0 0 9 0 0 0 6 0 0 6 0 0 0 27 0 0 0 0 0 3 4 4 0 0 0 0 0 0 0 0 0 13 0 0 0 0 0 0 0 0 0 0 0 0 0 0 0 0 0 0 0 0 0 1 0 0 0 
0 0 0 0 0 0 0 0 0 0 0 0 0 0 0 0 0 0 0 0 0 0 0 0 0 0 0 0 0 0 0 0 1 1 19 0 6 0 0 0 0 0 0 9 0 0 0 0 0 0 0 0 0 0 1 21 9 4 0 0 0 0 6 13 0 0 0 3 0 25 0 0 22 19 0 0 13 0 0 0 1 18 3 1 0 0 0 0 0 1 0 0 3 9 0 0 13 0 0 0 6 3 0 30 0 0 0 0 0 0 0 0 0 3 0 13 0 0 0 0 0 0 0 16 0 0 0 0 0 12 0 0 0 0 1 0 4 0 0 0 0 0 0 0 0 0 19 0 0 0 0 0 0 0 0 0 0 0 0 0 0 0 0 0 0 0 0 0 
0 0 0 0 0 0 0 0 0 0 0 0 0 0 0 0 0 0 0 0 0 0 0 0 0 0 0 0 0 0 0 0 0 9 0 0 0 1 0 0 0 0 0 0 0 0 4 0 0 0 0 0 0 0 30 0 0 0 13 0 0 0 0 0 24 0 0 0 0 3 0 0 15 0 3 0 12 0 3 0 9 0 9 0 9 0 3 9 1 0 1 3 21 7 0 0 3 0 0 0 0 0 1 0 0 0 0 0 0 0 9 0 0 0 0 24 0 25 0 3 0 0 0 10 0 0 0 12 0 21 0 0 0 0 0 0 0 0 0 0 0 6 0 0 0 0 0 0 0 42 0 1 0 0 0 0 0 0 0 0 0 0 0 0 0 0 0 0 
0 0 0 0 0 0 0 0 0 0 0 0 0 0 0 0 0 0 0 0 0 0 0 0 0 0 0 0 0 0 1 0 0 0 0 0 0 0 0 0 6 0 3 0 0 0 0 3 0 0 0 0 0 0 1 0 9 0 0 0 0 0 0 0 0 0 0 0 0 0 0 0 6 6 0 0 0 9 0 0 13 0 0 0 0 0 6 0 0 0 0 7 7 0 9 24 0 1 0 24 0 4 0 0 0 0 0 0 0 15 0 0 0 0 0 0 1 0 0 1 0 0 0 0 0 24 0 0 6 0 22 0 0 0 0 0 0 0 0 0 0 0 0 0 0 0 0 0 0 0 0 0 0 0 0 0 0 0 0 0 0 0 0 0 0 0 0 0 
0 0 0 0 0 0 0 0 0 0 0 0 0 0 0 0 0 0 0 0 0 0 0 0 0 0 0 0 0 0 0 10 0 0 0 0 0 0 0 0 0 0 0 0 0 0 0 0 0 0 0 0 0 0 0 0 0 0 0 0 7 0 0 21 0 22 0 0 0 0 0 1 27 19 0 0 0 0 0 0 0 0 0 0 0 0 9 9 0 0 0 0 6 0 0 0 0 13 0 0 0 0 0 0 0 13 0 0 0 0 9 1 0 0 0 0 0 6 30 0 0 0 0 0 0 0 0 1 0 15 0 0 0 0 1 0 0 0 0 0 12 0 0 0 0 0 0 0 0 0 0 0 3 0 0 0 0 0 0 0 0 0 0 0 0 0 0 0 
0 0 0 0 0 0 0 0 0 0 0 0 0 0 0 0 0 0 0 0 0 10 0 0 0 1 0 0 0 0 28 30 0 0 0 0 0 0 0 0 0 0 0 0 0 0 0 3 0 0 0 0 0 0 0 0 0 0 0 3 0 16 0 6 0 12 12 0 27 0 1 0 0 7 0 0 0 30 0 0 18 0 0 10 0 0 10 0 4 0 0 0 12 0 0 0 0 7 16 0 0 0 0 18 15 0 0 21 0 0 0 1 1 0 1 0 0 0 0 0 0 0 1 0 0 0 0 1 0 0 0 0 0 0 0 6 0 0 0 0 0 0 0 0 0 0 0 0 0 0 0 0 0 0 0 0 0 0 0 0 0 0 0 0 0 0 0 0 
0 0 0 0 0 0 0 0 0 0 0 0 0 0 0 0 0 0 0 0 0 0 0 0 0 0 0 0 0 0 0 0 0 0 0 0 0 0 0 0 0 0 1 0 0 0 0 0 0 0 0 0 0 0 0 0 0 0 0 0 0 7 0 0 3 0 6 0 0 0 0 0 0 1 4 0 12 6 0 0 0 0 0 0 0 9 0 3 3 0 3 0 0 12 12 1 0 0 4 0 0 0 0 0 0 0 0 0 0 0 0 0 0 3 0 0 0 1 0 9 12 0 0 0 0 0 0 0 27 0 0 0 0 0 0 1 0 0 0 0 0 0 0 0 0 0 28 0 0 0 6 0 0 0 0 0 0 0 0 0 0 0 0 0 0 0 0 0 
0 0 0 0 0 0 0 0 0 0 0 0 0 0 0 0 0 0 0 0 0 0 0 0 0 0 0 0 0 0 0 0 0 0 0 0 0 0 0 0 0 0 0 0 0 0 0 9 0 0 0 0 0 0 0 0 0 0 0 15 7 0 0 0 0 0 0 4 15 0 0 0 0 22 0 0 21 0 3 21 12 0 0 3 9 24 0 0 15 0 0 0 0 19 0 1 0 3 9 0 0 0 0 0 0 0 0 0 0 0 16 27 0 0 3 0 0 9 0 0 0 0 0 0 0 0 0 0 0 0 33 0 0 0 0 0 0 0 0 0 0 0 0 0 0 0 0 0 0 0 0 0 0 0 0 0 0 0 0 0 0 0 0 0 0 0 0 0 
0 0 0 0 0 0 0 0 0 0 0 0 0 0 0 0 0 0 0 0 0 0 0 0 0 0 0 0 0 0 0 0 0 0 0 0 0 0 0 0 0 0 0 0 18 0 0 0 0 3 0 0 0 0 0 0 0 0 0 0 0 0 0 0 0 0 0 0 0 0 3 0 0 0 0 15 0 15 0 0 6 0 0 0 0 0 0 12 0 6 0 0 16 0 0 4 0 6 30 0 0 0 3 0 6 0 0 0 0 0 0 0 0 0 3 0 0 0 0 0 3 18 0 0 0 0 0 0 0 0 0 0 0 0 0 0 0 0 0 0 0 0 0 0 0 0 0 0 0 0 0 0 0 0 0 0 0 0 0 0 0 0 7 0 0 0 0 0 
0 0 0 0 0 0 0 0 0 0 0 1 0 0 0 0 0 0 0 0 6 0 0 0 0 0 0 0 0 3 0 0 0 0 0 0 0 0 0 0 0 0 0 0 0 0 0 0 3 0 0 0 0 0 12 0 0 3 0 0 0 22 0 0 18 0 0 0 13 0 0 0 0 0 0 3 4 0 3 0 0 16 0 0 10 0 0 0 3 0 0 0 19 0 4 0 6 1 0 0 0 0 0 3 0 3 9 0 4 0 0 0 0 0 0 0 3 0 0 0 0 0 0 0 0 12 0 0 0 0 0 0 0 0 0 0 0 0 0 0 0 0 0 0 0 3 0 0 0 0 0 0 0 0 0 0 0 0 0 0 0 0 0 0 0 0 0 0 
0 0 0 0 0 0 0 0 0 0 0 0 0 0 0 0 0 0 0 0 0 0 0 0 0 0 0 0 0 0 0 0 12 0 0 0 0 0 0 0 0 0 0 0 0 0 0 0 0 0 0 18 0 0 0 1 0 0 0 1 9 0 13 0 0 0 4 4 0 0 0 0 0 0 0 3 0 0 0 3 0 3 6 0 0 18 0 0 21 30 0 0 0 0 0 0 0 0 0 1 0 0 0 3 0 0 0 6 0 0 10 0 7 0 0 28 0 21 0 0 0 0 12 1 0 0 0 0 0 0 0 0 0 0 0 0 0 0 0 0 0 0 0 0 0 0 0 0 0 0 0 0 0 0 0 0 0 0 0 0 0 0 0 0 0 0 0 0 
