0 0 0 0 0 0 0 0 0 0 0 0 0 0 0 0 0 0 0 0 0 0 0 0 0 0 0 9 0 0 0 0 0 0 0 0 0 0 0 0 0 0 1 0 0 0 0 0 0 0 4 0 0 0 0 0 3 0 0 0 0 0 16 0 0 0 0 0 0 0 0 4 0 0 24 6 13 0 0 0 18 0 0 4 9 6 0 0 0 0 12 0 24 0 0 3 0 0 0 0 0 0 0 12 4 0 0 0 0 0 0 19 0 0 0 0 0 0 0 27 0 0 0 0 0 0 0 0 0 0 0 0 19 0 0 0 0 0 15 0 0 0 0 0 0 0 0 0 4 0 0 0 0 0 0 0 0 0 0 0 0 0 0 0 0 0 0 0 
0 0 0 0 0 0 0 0 0 0 0 0 0 0 0 0 0 0 0 0 0 0 0 0 0 0 0 0 0 0 0 0 0 0 0 0 0 0 0 0 0 0 0 0 0 0 0 0 0 0 6 0 0 0 0 0 10 0 6 1 0 0 0 0 1 0 0 0 0 0 0 0 0 0 15 4 16 0 1 16 0 0 0 0 1 16 0 4 0 3 3 0 0 0 0 0 0 0 6 0 0 0 0 0 0 3 0 0 0 12 27 0 7 6 0 0 0 0 6 4 0 0 0 0 0 0 0 0 0 0 0 0 0 0 4 0 0 0 0 0 0 0 0 0 0 0 0 0 0 0 0 0 0 0 0 0 0 0 0 0 0 0 0 0 0 0 0 0 
0 0 0 0 0 0 0 0 0 0 0 0 0 0 0 0 0 0 0 0 0 0 0 1 0 0 0 0 0 12 0 0 0 0 0 0 0 10 0 0 0 0 0 0 4 0 0 1 0 0 9 0 0 0 0 0 0 0 0 0 0 0 16 0 0 0 0 1 0 0 0 0 1 0 3 0 0 0 0 0 9 12 0 0 0 12 0 0 0 0 15 0 0 21 6 24 0 0 7 0 0 0 0 6 0 15 0 0 0 3 0 0 0 4 0 0 4 21 0 0 6 0 0 0 0 0 9 0 0 4 0 0 0 0 0 0 0 0 0 0 0 0 3 0 0 0 0 0 0 0 0 0 0 0 0 0 0 0 0 0 0 0 0 0 0 0 0 0 
0 0 0 0 0 0 0 0 0 0 0 0 0 0 0 0 0 0 0 0 0 0 0 0 0 0 0 0 0 0 0 0 0 0 0 9 0 0 0 0 0 0 0 0 0 0 0 0 0 0 0 0 0 0 0 0 0 0 0 0 9 0 3 0 15 3 0 0 0 0 0 0 0 0 6 0 0 0 15 0 6 0 6 0 1 0 0 0 0 0 0 0 0 0 0 3 0 0 0 1 0 3 0 0 0 0 0 0 0 15 0 0 0 18 0 0 3 0 0 0 0 0 0 0 0 9 0 0 0 0 0 0 0 7 0 0 0 0 0 0 0 0 0 0 0 0 0 0 0 0 0 0 0 0 0 0 0 0 0 0 0 0 0 0 0 0 0 0 
0 0 0 0 0 0 0 0 0 0 0 0 0 0 0 0 0 0 0 0 0 0 0 0 0 0 0 0 0 0 0 0 0 0 0 0 0 0 0 0 0 0 0 0 0 0 0 0 1 0 0 0 0 0 0 0 0 0 0 0 0 0 0 0 0 0 12 0 0 0 0 0 0 0 0 0 0 0 0 7 0 0 0 0 0 0 0 16 9 0 0 0 0 0 0 0 0 22 0 0 6 0 0 0 0 4 0 1 0 0 0 0 10 0 3 0 0 0 24 4 0 0 0 0 19 0 0 0 0 0 7 0 0 24 0 0 0 0 0 0 0 0 0 0 0 0 0 0 0 0 0 0 0 0 0 0 0 0 0 0 0 0 0 0 0 0 0 0 
0 0 0 0 0 0 0 0 0 0 0 0 0 0 0 0 0 0 0 0 0 0 0 0 0 0 0 0 0 0 0 0 0 0 0 0 0 0 0 34 0 0 27 0 7 0 0 0 0 0 0 0 0 0 0 6 0 0 0 15 16 0 0 0 0 0 0 0 0 0 25 0 0 18 0 21 0 0 0 15 0 0 6 0 0 0 0 0 6 0 0 15 15 3 0 0 0 0 0 0 4 12 0 0 0 18 0 0 0 3 0 0 0 0 0 0 0 0 0 0 0 0 0 0 0 0 0 0 0 3 0 0 0 0 0 0 0 0 9 0 0 0 0 0 0 0 0 0 0 0 0 0 0 0 0 0 0 0 0 0 0 0 0 0 0 0 0 0 
0 0 0 0 0 0 0 0 0 0 0 0 0 0 0 0 0 0 0 0 0 0 0 0 0 0 0 0 7 0 0 0 0 0 0 0 0 0 0 0 1 0 0 0 0 0 0 6 0 0 3 0 0 0 19 0 0 3 0 0 0 0 0 0 0 24 0 0 0 0 21 28 0 0 6 1 0 13 0 0 0 0 27 1 3 0 0 0 0 12 10 0 15 12 25 6 0 0 0 0 0 12 1 16 0 0 0 4 0 4 19 0 0 0 0 0 0 0 0 0 0 0 0 0 3 0 0 0 0 0 0 0 0 0 0 0 0 0 9 0 0 10 0 0 0 0 0 0 0 0 0 0 0 0 0 0 0 0 0 0 0 0 0 0 0 0 0 0 
0 0 0 0 0 0 0 0 0 0 0 0 0 0 0 0 0 0 0 0 0 0 0 0 0 0 0 0 0 0 0 0 0 0 0 0 0 0 0 0 0 0 15 0 0 0 0 0 0 0 0 0 0 0 0 0 3 0 0 0 0 0 0 0 1 25 18 0 0 0 0 0 0 1 0 0 0 0 0 0 3 0 0 0 3 0 0 0 0 6 0 3 0 0 9 12 0 0 0 0 0 1 0 0 0 0 0 0 0 0 0 0 0 0 0 0 0 0 0 0 0 0 0 0 0 0 6 6 0 0 0 0 0 0 0 0 0 0 0 0 0 0 0 0 0 0 0 0 0 0 0 0 0 0 1 0 0 0 0 0 0 0 0 0 0 0 0 0 
0 0 0 0 0 0 0 0 0 0 0 0 0 0 12 0 0 0 0 0 0 0 0 0 0 0 0 0 0 0 0 0 0 0 6 0 0 10 0 0 0 0 0 0 0 0 0 0 0 0 0 0 22 0 0 0 0 0 9 0 0 0 3 0 0 0 0 21 0 3 0 4 6 3 0 0 0 13 3 0 0 0 6 0 0 0 0 3 7 0 0 0 3 0 7 0 0 15 4 0 0 3 18 0 0 0 6 0 0 0 0 0 0 0 0 0 0 0 0 1 0 0 0 0 0 1 0 0 0 0 7 0 0 0 0 0 0 0 0 0 0 0 0 0 0 0 0 0 0 0 0 0 0 0 0 0 0 0 0 0 0 0 0 0 0 0 0 0 
0 0 0 0 0 0 0 0 0 0 0 0 0 0 0 0 0 0 0 0 0 0 0 0 0 0 0 0 0 0 0 0 0 0 0 1 0 0 0 0 0 0 0 0 0 0 0 0 1 9 4 0 0 0 0 0 0 1 0 0 0 0 3 3 18 21 10 0 27 18 3 0 7 0 0 0 0 3 0 0 6 0 0 0 0 0 6 0 0 0 3 0 0 0 0 0 0 1 12 0 0 0 28 0 1 4 0 0 30 0 0 0 0 3 0 0 0 0 0 0 0 0 0 0 0 0 0 0 0 0 0 0 0 3 0 0 0 0 0 0 0 0 0 0 0 0 0 0 0 0 0 0 0 0 0 12 0 0 0 0 0 0 0 0 0 0 0 0 
0 0 0 0 0 0 0 0 0 0 0 0 0 0 0 0 0 0 0 0 0 0 0 0 0 0 0 0 6 0 0 0 0 3 0 0 0 0 0 0 0 0 0 0 0 0 0 0 0 0 1 0 0 0 0 1 0 0 0 3 9 0 0 0 0 0 0 0 3 0 3 0 22 1 0 6 0 4 0 18 0 0 0 0 3 0 0 0 0 0 0 0 0 0 0 0 4 0 0 0 0 0 4 0 0 0 0 0 0 0 0 0 0 0 0 0 0 0 0 0 0 0 0 15 0 0 0 0 0 0 0 0 0 0 0 0 0 0 0 0 0 0 0 0 0 0 0 0 0 0 0 0 6 0 0 15 0 0 0 0 0 0 0 0 0 0 0 0 
0 0 0 0 0 0 0 0 0 0 0 0 0 0 0 0 0 0 0 0 0 0 0 0 0 0 3 0 0 9 3 0 0 0 0 16 0 0 0 0 0 0 0 0 0 0 0 1 0 0 0 0 0 0 0 0 0 9 3 0 6 0 0 0 0 0 0 27 0 0 0 0 0 6 0 0 0 21 0 0 0 13 0 3 3 3 0 25 0 0 0 9 0 1 0 0 0 0 0 0 12 0 4 0 13 3 0 0 0 0 0 0 0 0 0 3 0 0 0 0 0 3 0 0 12 3 0 6 0 0 0 0 0 0 0 0 0 0 0 0 0 0 0 0 0 0 0 0 0 0 0 0 0 0 0 0 0 0 0 0 0 0 0 0 0 0 0 0 
0 0 0 0 0 0 0 0 0 0 0 0 0 0 0 0 0 0 0 0 0 0 0 0 0 0 0 0 0 0 0 0 10 0 0 0 0 0 0 0 0 0 0 0 0 0 0 0 0 0 0 0 0 0 0 0 0 0 0 0 1 0 0 0 0 0 15 0 0 0 16 0 0 6 0 0 0 0 0 0 0 0 15 0 0 0 6 0 18 0 0 19 0 0 0 3 7 6 6 3 0 6 0 4 18 1 4 6 0 0 3 0 0 0 0 0 0 30 0 0 22 0 0 0 0 0 0 0 0 3 0 0 0 0 0 0 0 0 0 0 0 0 0 6 0 0 0 0 0 0 0 0 0 0 0 0 0 0 0 0 0 0 0 0 0 0 0 0 
0 0 0 0 0 0 0 0 0 0 0 0 0 0 0 0 0 0 0 0 0 0 0 0 0 0 0 0 0 0 0 0 0 0 0 0 0 0 0 0 0 0 0 0 0 0 1 0 3 0 15 0 0 0 0 0 0 6 0 0 13 9 0 4 0 25 0 6 0 0 0 0 0 0 0 0 25 0 0 0 9 0 0 0 0 18 1 0 0 0 7 0 6 0 0 0 0 6 0 6 3 0 18 0 0 0 0 0 0 12 0 0 0 0 0 0 0 0 0 3 13 0 0 0 0 0 0 0 0 0 31 0 22 0 0 0 0 0 0 0 0 0 0 0 0 0 0 0 0 0 0 0 12 0 0 0 0 0 0 0 0 0 0 0 0 0 0 0 
0 0 0 0 0 0 0 0 0 0 0 0 0 0 0 0 0 0 0 0 0 0 0 0 0 0 0 0 0 0 0 0 0 12 0 0 0 0 0 0 0 0 15 0 0 0 0 1 0 0 0 0 0 0 0 0 0 0 0 0 0 0 0 0 0 13 15 0 0 0 0 3 0 0 0 0 0 0 0 3 0 0 0 0 4 0 3 0 0 0 6 0 0 0 0 0 0 0 0 0 0 0 0 0 0 0 0 0 19 10 0 0 0 0 0 0 7 0 0 0 0 0 0 25 0 0 0 0 0 0 0 0 0 0 0 0 0 0 0 0 0 3 0 0 0 0 0 0 7 0 0 0 0 0 0 0 0 0 0 0 0 0 0 0 0 0 0 0 
0 0 0 0 0 0 0 0 0 0 0 0 0 0 0 0 0 0 0 0 0 0 0 0 0 0 0 0 0 0 0 0 0 0 1 0 0 3 0 0 0 0 0 0 0 0 0 0 1 0 0 0 0 0 4 0 3 0 0 0 0 0 6 7 0 0 25 0 0 6 3 0 0 16 0 0 0 12 0 21 0 0 1 0 0 4 0 0 0 0 0 0 0 0 0 0 0 0 12 0 0 0 4 18 3 0 0 0 3 0 0 27 0 0 0 0 1 3 21 0 0 0 0 0 0 0 0 18 0 0 0 0 0 0 3 0 0 0 0 0 0 0 0 0 0 0 0 0 0 0 0 0 0 3 15 0 0 0 0 0 0 0 0 0 0 0 0 0 
0 0 0 0 0 0 0 0 0 0 0 0 0 0 0 0 0 0 0 0 0 0 0 0 0 0 0 0 0 0 0 0 0 0 0 6 0 0 0 0 0 0 0 0 0 0 0 0 0 6 0 3 13 0 3 0 0 0 0 0 0 0 0 0 0 0 0 0 0 3 0 0 0 6 4 0 1 0 0 0 0 27 10 0 0 0 0 9 3 0 0 0 0 7 0 0 0 0 27 0 0 12 0 22 0 0 0 0 0 0 0 0 18 18 0 0 24 0 6 3 0 0 0 0 0 0 0 0 0 0 0 0 0 0 0 0 0 0 0 0 0 0 0 0 0 0 0 0 0 0 0 0 0 4 0 0 0 0 1 0 0 0 0 0 0 0 0 0 
0 0 0 0 0 0 0 0 0 0 0 0 0 0 9 0 0 0 0 0 0 0 0 0 0 0 0 0 0 0 0 0 0 21 0 3 0 0 0 0 0 0 0 0 0 0 0 33 0 0 0 0 0 0 0 0 0 0 0 0 0 0 0 6 0 0 6 4 0 0 25 0 12 0 0 15 0 0 0 0 0 0 0 0 24 13 0 0 0 21 0 0 0 0 0 0 0 0 0 0 0 3 3 0 0 13 0 6 0 12 15 19 1 0 0 16 0 6 0 0 0 0 0 0 0 0 0 0 0 0 0 0 0 0 0 0 0 0 0 0 0 0 0 0 0 0 0 0 0 0 0 0 0 0 0 0 0 0 0 0 0 0 0 0 0 0 0 0 
0 0 0 0 0 0 0 0 0 0 0 0 0 0 0 0 0 0 0 0 0 0 0 0 0 0 0 0 0 0 0 0 0 0 0 0 0 0 0 0 0 0 0 0 0 0 0 0 4 0 0 10 0 0 0 0 0 0 0 0 13 3 0 1 15 0 15 0 0 0 0 6 0 7 0 15 0 1 12 12 1 9 0 0 0 0 0 10 0 0 0 0 0 0 0 0 1 3 0 1 0 0 1 3 0 0 0 0 0 0 0 0 0 0 0 0 0 0 0 0 0 0 0 0 0 0 0 0 4 0 0 0 0 0 0 0 0 0 0 0 0 0 0 0 0 0 0 0 0 0 0 0 0 0 0 0 0 0 0 0 0 0 0 0 0 0 0 0 
0 0 0 0 0 0 0 0 0 0 0 0 0 0 0 0 0 0 0 0 0 0 0 0 0 0 0 0 0 0 0 0 0 0 0 0 0 0 0 0 0 0 0 0 0 0 0 6 16 0 0 0 0 0 0 0 0 0 0 15 4 0 0 22 0 0 3 0 0 0 0 3 0 0 0 0 0 9 0 0 0 0 0 0 0 3 0 0 0 0 0 0 0 9 12 0 0 0 0 1 0 0 12 12 0 25 0 6 0 0 0 0 0 0 0 0 0 0 0 0 24 0 3 0 0 0 0 0 0 0 0 0 0 0 0 0 0 0 0 0 0 0 0 0 0 0 0 0 0 0 0 0 0 0 0 0 0 0 0 0 0 0 0 0 0 0 0 0 
0 0 0 0 0 0 0 0 0 0 0 0 0 0 0 0 0 0 0 0 0 0 0 0 0 0 0 0 0 0 0 0 12 0 0 0 0 16 0 0 0 0 0 0 0 0 0 0 0 4 0 10 0 0 0 15 0 0 0 0 0 0 0 0 0 9 0 0 3 0 1 15 0 0 0 0 0 0 0 0 0 4 1 16 7 0 13 0 1 7 0 4 0 0 0 0 18 0 0 28 0 0 0 0 0 0 0 0 0 3 25 0 0 0 0 0 0 0 0 12 0 3 0 0 0 0 1 0 9 0 0 0 0 0 0 0 0 0 18 0 0 0 0 0 0 6 0 3 0 0 0 0 0 0 0 0 0 0 0 0 0 0 0 0 0 0 0 0 
0 0 0 0 0 0 0 0 0 0 0 0 0 0 0 0 0 0 0 0 0 0 0 0 0 0 0 0 0 0 0 0 0 0 0 0 15 0 0 0 1 0 13 0 0 0 0 0 0 0 0 0 0 0 0 0 10 0 13 0 0 0 0 21 0 0 0 18 0 0 0 0 3 0 0 0 10 0 0 0 0 6 6 0 4 0 0 9 0 0 0 0 15 1 21 0 0 0 0 0 12 0 0 0 0 0 0 0 13 0 0 0 0 0 0 0 0 0 0 0 0 0 0 0 0 0 0 0 0 0 0 0 0 0 0 0 0 0 0 3 0 0 0 12 0 0 0 0 0 0 0 0 0 0 0 0 0 0 0 0 0 0 0 0 0 0 0 0 
0 0 0 0 0 0 0 0 0 0 0 0 0 0 0 0 0 0 0 0 0 0 0 0 0 0 0 0 0 0 0 0 0 0 0 0 28 0 0 24 0 0 0 0 0 0 10 0 0 0 3 3 6 0 0 0 4 0 0 0 10 0 0 3 0 0 0 0 0 0 0 10 0 0 0 0 0 15 0 0 0 0 0 15 0 0 1 6 0 0 15 0 0 0 0 0 24 0 12 0 15 0 0 0 0 0 0 0 0 0 0 1 0 0 0 0 4 0 0 0 3 0 4 0 9 1 0 0 0 0 0 0 0 0 0 1 0 0 0 0 0 0 0 0 0 0 0 0 0 0 0 0 0 0 0 0 0 0 0 0 0 0 0 0 0 0 0 0 
0 0 0 0 0 0 0 0 0 0 0 0 0 0 0 0 0 0 0 0 0 0 0 0 0 0 0 0 0 0 0 0 0 0 0 24 0 0 0 0 0 7 0 1 0 15 0 3 0 0 0 0 0 0 6 1 3 1 0 0 0 0 28 9 0 9 0 0 0 6 4 0 10 0 10 0 0 6 0 0 27 0 12 6 0 16 0 0 0 3 0 0 4 0 0 0 0 0 0 0 0 15 0 0 0 0 0 0 0 0 0 24 0 0 0 0 1 0 12 0 0 0 0 0 0 0 0 0 0 0 0 0 0 0 0 0 0 10 0 0 0 0 0 0 0 0 0 0 0 0 0 0 0 0 0 0 0 0 0 0 0 0 0 0 0 0 0 0 
0 0 0 0 0 0 0 0 0 0 0 0 0 0 0 0 0 0 0 0 0 0 0 0 0 0 0 0 0 0 0 0 0 6 0 0 0 0 0 0 0 0 0 0 0 0 0 0 0 3 0 0 3 0 0 0 3 1 0 3 0 0 30 3 18 0 0 0 0 0 15 22 0 7 0 0 0 0 0 0 1 0 0 1 0 0 0 0 0 0 27 0 0 9 0 0 15 7 0 0 0 0 21 21 0 0 0 0 0 0 0 6 0 6 10 1 0 0 16 0 0 0 0 0 3 0 0 0 0 0 0 0 3 0 0 0 0 0 0 0 0 0 0 0 0 0 0 0 0 0 0 0 0 0 0 0 0 0 0 0 0 0 0 0 0 0 0 0 
0 0 0 0 0 0 0 0 0 0 0 0 0 0 0 0 0 0 0 0 0 0 0 0 0 0 0 0 0 0 0 0 0 0 0 0 0 0 0 15 0 0 0 16 0 0 10 0 0 1 0 9 0 30 0 0 0 0 0 0 7 0 0 0 0 0 0 4 4 0 0 21 0 0 0 0 0 0 0 1 0 0 0 0 0 0 0 7 0 0 22 0 0 0 0 0 0 0 6 0 21 0 7 0 0 7 0 0 0 12 0 0 0 15 28 0 0 0 0 0 0 3 0 0 0 0 0 0 0 0 0 0 0 0 0 0 0 3 0 0 0 0 0 0 0 0 0 0 0 0 0 0 0 0 0 0 0 0 0 0 0 0 0 0 0 0 0 0 
0 0 0 0 0 0 0 0 0 0 0 0 0 0 0 0 0 0 0 0 0 0 0 0 10 0 0 0 0 3 0 0 0 0 0 0 9 0 0 0 0 18 0 0 0 0 0 15 1 0 0 0 0 0 0 1 0 0 0 0 0 12 0 0 0 0 0 0 0 0 0 0 3 0 0 3 0 0 0 0 0 0 3 0 6 6 3 3 0 0 0 0 0 1 12 19 1 0 0 0 0 0 0 0 25 3 0 0 3 0 4 0 0 3 6 0 0 4 4 0 0 0 0 0 0 3 0 0 0 0 0 0 0 0 0 0 0 0 0 0 0 0 0 0 0 0 0 0 0 0 0 0 0 0 1 0 0 0 0 0 0 0 0 0 0 0 0 0 
0 0 0 0 0 0 0 0 0 0 0 0 0 0 0 0 0 0 0 0 0 0 0 0 0 0 0 0 12 4 0 0 0 0 0 0 0 0 0 0 0 0 0 0 0 0 0 12 0 0 0 0 0 25 0 0 0 0 12 0 0 0 0 0 6 0 0 0 7 0 18 0 0 0 6 0 0 0 0 0 19 0 4 0 0 10 6 0 3 9 0 0 0 22 0 0 0 0 0 0 0 0 0 0 0 0 0 0 0 21 0 0 0 0 0 0 0 0 0 0 0 0 0 0 0 0 0 0 0 0 0 0 0 0 1 0 0 0 0 0 0 0 0 0 0 34 0 0 0 0 0 0 0 0 6 0 0 0 0 0 0 0 0 0 0 0 0 0 
0 0 0 0 0 0 0 0 0 0 0 0 0 0 0 0 0 0 0 0 0 0 0 0 0 0 0 0 0 0 0 0 0 0 0 0 0 0 0 0 0 0 0 0 0 0 0 0 0 0 0 0 0 0 0 0 0 0 0 0 0 6 0 0 0 0 0 0 0 0 0 0 0 0 0 0 0 10 0 15 0 4 3 0 1 0 0 0 0 0 3 0 0 0 0 0 0 0 3 0 12 0 0 3 10 0 3 0 0 0 0 0 0 0 0 0 0 0 0 0 1 0 0 0 0 0 0 0 0 0 0 0 0 0 0 0 0 0 0 0 0 0 0 0 0 0 0 0 0 0 0 0 0 0 0 0 0 0 0 0 0 0 0 0 0 0 0 0 
0 0 0 0 0 0 0 0 0 0 0 0 0 0 0 0 0 0 0 0 0 0 0 0 0 0 0 0 0 0 0 0 27 0 0 0 0 0 0 25 22 0 31 0 0 0 10 0 0 0 0 0 0 13 0 0 0 0 0 0 0 0 0 0 0 1 16 1 0 0 12 0 0 13 0 0 27 15 0 0 0 0 0 0 12 25 3 0 0 0 0 0 0 1 24 0 21 0 0 12 0 0 18 0 0 6 0 0 0 0 1 0 12 0 0 3 0 0 0 0 0 0 0 0 15 0 0 9 0 0 15 0 0 0 0 0 0 0 0 0 0 0 0 0 0 0 0 0 0 0 0 0 0 0 0 0 0 0 0 0 0 0 0 0 0 0 0 0 
0 0 0 0 0 0 0 0 0 0 0 0 3 0 0 0 0 0 0 0 0 0 0 0 0 0 0 0 0 0 1 0 22 0 0 1 0 0 0 0 0 0 3 0 0 0 6 10 0 0 0 0 0 0 0 0 0 0 0 0 0 0 0 0 4 19 0 0 0 9 0 0 10 3 0 10 0 21 15 0 0 0 3 0 3 3 0 6 0 3 0 0 0 13 0 0 0 0 0 12 0 0 0 0 0 0 3 0 0 0 0 0 0 0 0 0 0 0 0 6 3 0 0 22 0 0 0 0 7 0 0 0 0 0 0 0 0 0 0 0 0 0 0 0 0 0 0 0 0 0 0 0 0 0 0 0 0 0 0 0 0 0 0 0 0 0 0 0 
0 0 0 0 0 0 0 0 0 0 0 0 0 0 0 0 0 0 0 0 0 0 0 0 0 0 0 0 0 0 0 0 0 24 0 0 12 0 0 0 0 0 0 0 0 0 9 0 0 0 0 0 0 3 9 0 0 0 0 0 1 3 0 0 0 22 0 0 0 0 0 0 1 0 0 0 0 0 0 0 1 0 3 0 0 0 0 6 0 1 0 0 0 4 3 18 0 0 28 0 0 0 0 0 0 0 0 0 15 0 0 0 0 0 0 1 0 0 4 0 0 0 1 0 0 0 0 0 0 0 0 0 0 0 0 0 0 0 0 0 0 0 0 0 0 0 0 0 0 0 0 0 0 0 0 0 0 0 0 0 0 0 0 0 0 0 0 0 
0 0 0 0 0 0 0 0 0 0 0 0 0 0 0 0 0 0 0 0 0 0 0 0 0 0 0 0 0 0 9 0 18 0 0 0 0 0 0 0 0 0 0 0 0 0 0 0 3 0 0 0 0 0 0 10 10 0 0 0 0 0 3 0 0 21 0 0 0 0 0 0 0 0 0 3 0 0 0 0 0 0 0 0 3 3 0 0 0 0 0 0 10 0 0 4 0 0 0 3 9 0 0 0 0 4 0 0 0 3 0 0 0 24 0 0 0 0 0 0 0 0 0 0 12 0 0 0 0 0 0 0 0 0 0 0 0 0 0 0 0 0 0 0 0 0 0 0 0 0 0 0 0 0 0 0 0 0 0 0 0 0 0 0 0 0 0 0 
0 0 0 0 0 0 0 0 0 0 0 0 0 0 0 0 0 0 0 0 0 0 0 0 0 0 0 0 0 0 0 0 0 0 0 0 0 0 0 0 0 0 0 18 0 0 0 0 0 1 0 0 0 0 0 0 0 0 0 0 0 0 27 0 0 9 15 0 0 0 0 0 0 0 0 0 4 10 0 0 0 0 0 0 0 0 0 3 0 19 0 1 0 6 9 25 0 10 0 1 0 0 3 0 0 0 0 0 0 18 0 1 0 0 16 0 19 0 0 0 1 0 0 0 0 0 0 0 0 0 3 0 0 0 0 0 0 4 0 0 0 0 0 0 0 0 0 0 0 0 0 0 0 0 0 0 0 0 0 0 0 0 0 0 0 0 0 0 
0 0 0 0 0 0 0 0 0 0 0 0 0 0 0 0 0 0 0 0 0 0 0 0 0 0 0 0 0 0 0 0 0 0 0 0 0 16 0 0 0 1 3 0 0 0 0 0 0 0 0 0 0 0 0 0 0 0 0 0 0 0 0 0 0 0 0 6 0 0 0 0 0 0 13 0 0 0 0 0 0 0 0 6 0 1 0 19 3 0 0 0 0 0 0 0 3 0 0 0 3 0 0 6 0 0 3 15 0 3 0 12 0 0 0 0 0 10 0 0 0 0 0 0 3 1 0 0 0 4 0 0 0 0 3 0 0 0 0 0 0 0 0 0 0 0 0 0 0 0 0 0 0 0 0 0 0 0 0 0 0 0 0 0 0 0 0 0 
0 0 0 0 0 0 0 0 0 0 0 0 0 0 0 0 0 0 0 0 0 0 0 0 0 0 0 0 0 0 0 0 0 0 0 0 0 0 0 0 0 0 0 0 0 0 0 0 18 0 0 1 0 0 0 12 0 0 0 0 4 0 0 0 0 0 22 0 0 1 0 0 0 0 0 0 0 0 0 1 6 0 0 0 0 0 0 0 0 3 0 0 0 0 0 0 0 3 0 0 0 0 0 0 0 0 0 6 0 12 10 0 0 30 0 6 6 1 0 0 0 0 0 0 0 9 0 0 0 0 0 0 0 0 0 0 0 0 0 0 0 0 0 0 0 0 0 0 0 0 0 0 19 0 0 0 0 0 0 0 0 0 0 0 0 0 0 0 
0 0 0 0 0 0 0 0 0 0 0 0 0 0 0 0 0 0 0 0 0 0 0 0 0 0 0 0 0 0 0 0 0 0 27 0 0 0 0 0 0 0 0 0 0 0 0 0 0 0 3 0 0 0 0 0 9 0 1 0 0 4 0 0 6 0 3 0 0 0 0 13 0 0 1 9 0 0 27 0 0 0 0 21 0 10 0 0 0 1 0 0 0 0 0 18 3 27 0 3 0 0 0 12 18 0 0 0 0 13 0 0 0 0 0 0 0 0 0 0 1 0 0 0 0 0 0 0 0 0 0 0 0 0 0 9 0 0 0 0 0 0 0 0 0 0 0 0 0 0 0 0 0 0 0 0 0 0 0 0 0 0 0 0 0 0 0 0 
0 0 0 0 0 0 0 0 0 0 0 0 0 0 0 0 0 0 0 0 0 7 0 0 0 0 0 0 9 0 0 0 0 0 0 0 0 1 30 0 0 0 0 0 0 0 0 0 0 0 0 0 0 0 0 0 0 0 9 0 3 0 0 0 0 7 0 1 0 0 0 0 0 9 0 0 10 0 0 24 0 0 0 0 9 0 3 0 0 0 0 0 0 0 0 19 13 0 0 0 1 0 0 0 0 6 6 0 0 0 16 0 0 9 0 0 0 0 0 0 1 22 0 0 0 0 1 0 0 0 0 0 0 0 0 0 0 0 0 0 0 0 0 0 0 3 0 0 0 0 0 0 0 0 0 0 0 0 0 0 0 0 0 0 0 0 0 0 
0 0 0 0 0 0 0 0 0 0 0 0 0 0 0 0 0 31 0 0 0 0 0 0 0 0 0 0 0 0 0 0 0 0 0 0 0 12 0 0 0 0 0 0 21 0 0 0 0 0 0 0 0 0 0 10 0 0 7 3 1 10 3 0 0 6 0 0 0 0 16 0 12 0 21 3 0 0 7 0 0 0 24 0 0 0 0 0 3 7 0 0 0 1 0 0 0 0 9 0 0 0 0 0 0 0 0 0 0 0 0 0 0 0 0 0 7 3 0 0 0 0 0 0 0 0 0 0 0 0 27 0 0 0 0 0 0 0 0 0 0 0 0 0 0 0 0 0 0 0 0 0 0 0 0 0 0 0 0 0 0 0 0 0 0 0 0 0 
0 0 0 0 0 0 0 0 0 0 0 0 0 0 0 0 0 0 0 0 0 0 0 0 0 0 0 0 0 0 0 0 0 0 0 0 0 0 0 1 3 0 0 0 0 0 0 0 0 0 0 0 0 0 0 0 0 4 0 0 0 0 0 21 0 0 3 0 0 0 0 6 0 0 0 0 0 6 0 0 3 0 0 0 0 0 0 0 0 0 0 3 6 12 12 6 9 0 0 7 0 19 0 0 0 7 0 1 18 0 0 1 0 0 0 0 0 0 0 27 0 0 0 0 0 0 3 0 0 0 0 0 0 0 0 0 0 7 0 0 0 0 0 0 0 0 0 0 0 0 0 0 0 0 0 0 0 0 0 0 0 0 0 0 0 0 0 0 
0 0 0 0 0 0 0 0 0 0 0 0 0 0 0 0 0 0 0 0 0 0 0 0 0 0 0 0 0 0 0 0 0 0 0 0 0 0 0 25 0 0 0 0 0 0 15 0 0 9 0 0 0 10 0 0 0 1 9 4 0 0 0 0 27 0 0 7 0 0 0 6 0 1 0 0 15 0 1 15 9 0 0 4 0 0 15 0 0 0 18 15 0 0 0 21 0 0 0 0 0 10 0 19 0 0 0 0 18 3 0 0 0 16 0 0 0 0 0 0 0 0 0 3 0 0 0 0 0 0 0 0 0 0 0 0 0 0 0 0 0 0 0 0 3 0 0 0 0 0 0 0 0 0 0 0 0 0 0 0 0 0 0 0 0 0 0 0 
0 0 0 0 0 0 0 0 0 0 0 0 0 0 0 0 0 0 0 0 0 0 0 0 0 0 0 3 0 0 0 0 0 0 0 0 0 0 0 0 0 0 0 0 0 0 0 0 15 0 0 1 0 0 0 0 3 0 0 0 0 3 9 1 18 0 3 0 0 0 0 0 0 0 3 0 13 0 0 1 0 0 0 0 0 6 0 0 0 0 0 0 21 0 0 0 9 0 12 0 0 0 0 0 0 0 19 9 13 0 0 0 0 0 0 0 0 0 3 0 0 12 0 0 0 0 0 0 0 0 31 0 0 0 0 0 0 0 0 0 0 0 0 0 0 0 0 0 0 0 0 0 0 0 0 0 0 0 0 0 0 0 0 0 0 0 0 0 
0 0 0 0 0 0 0 0 0 0 0 0 0 0 0 0 0 0 0 0 0 0 0 0 0 0 0 0 0 0 0 0 0 30 0 0 0 0 0 6 0 0 0 0 0 10 1 0 0 0 0 0 0 0 0 0 0 0 0 0 0 0 0 0 0 0 7 0 0 0 0 0 0 0 0 0 15 21 0 18 0 0 0 18 0 0 0 0 3 0 0 0 0 21 0 12 3 0 0 0 4 0 0 0 0 0 0 0 0 0 0 0 0 0 0 0 0 0 0 0 0 3 9 15 0 0 0 0 0 0 0 1 0 0 3 0 0 0 0 0 0 0 0 0 0 0 0 0 0 0 0 0 0 0 0 0 0 0 0 0 0 0 0 0 0 0 0 0 
0 0 0 0 0 0 0 0 0 0 0 0 0 0 0 0 0 0 0 0 0 0 0 0 0 0 0 0 0 0 0 1 0 0 0 0 0 0 6 0 0 0 0 0 0 0 0 0 0 0 0 0 0 0 1 0 0 0 0 0 0 0 0 3 1 0 0 0 0 1 0 0 0 0 0 1 0 0 0 0 0 3 0 1 0 9 0 12 0 0 12 0 18 24 0 0 1 0 1 0 0 6 0 22 0 0 0 0 18 0 28 9 0 0 0 0 0 0 0 0 0 0 0 0 0 0 0 0 0 0 0 0 0 0 0 0 0 0 0 0 0 0 0 0 0 0 0 19 0 0 0 0 0 0 0 0 0 0 0 0 0 0 0 0 0 0 0 0 
0 0 0 0 0 0 0 0 0 0 0 0 0 0 0 0 0 0 0 0 0 0 0 0 0 0 3 0 0 0 0 0 0 0 0 12 0 0 0 0 0 0 0 0 15 0 0 0 6 0 0 0 0 0 3 0 0 0 18 0 0 0 0 0 0 13 0 0 0 0 0 0 0 0 21 10 0 0 0 4 0 6 0 0 0 0 0 0 22 0 0 0 0 0 0 10 1 0 18 4 12 13 1 0 6 21 7 0 0 0 0 24 0 0 0 0 0 0 0 30 0 1 9 0 0 0 0 0 0 0 0 0 0 0 10 0 0 7 0 0 0 0 0 0 0 0 3 0 0 0 0 0 0 0 0 0 0 0 0 0 0 0 0 0 0 0 0 0 
0 0 0 0 0 0 0 0 0 0 0 0 0 0 0 0 0 0 0 0 0 0 0 0 0 0 0 0 0 0 0 0 0 0 0 0 0 0 0 0 6 0 0 21 0 0 0 0 1 0 0 0 0 0 0 6 0 1 0 1 7 0 0 0 0 21 6 0 0 0 9 0 0 0 21 0 0 0 0 0 0 0 0 0 0 0 0 16 6 0 0 0 0 10 0 0 0 0 0 0 15 0 13 0 13 1 0 18 0 0 3 0 0 0 0 0 0 4 0 0 3 1 0 0 0 10 0 0 0 0 0 0 0 0 0 0 3 0 0 0 0 0 0 0 0 0 0 0 0 0 0 0 0 0 0 0 0 0 0 0 0 0 0 0 0 0 0 0 
0 0 0 0 0 0 0 0 0 0 0 0 0 0 0 0 0 0 0 0 0 0 0 0 0 0 0 0 0 0 0 0 0 0 0 0 0 0 0 0 0 0 0 0 0 0 0 0 0 0 0 0 22 0 0 0 0 0 0 0 0 0 0 0 0 0 0 12 10 0 3 0 0 3 0 0 0 0 3 0 0 0 0 6 0 0 0 0 0 0 0 0 0 12 0 3 0 0 1 12 0 0 0 18 0 0 6 0 0 0 0 1 9 0 0 0 0 0 0 0 0 9 0 0 0 0 0 0 0 0 0 3 0 0 1 0 0 0 0 0 0 1 0 0 0 0 0 0 0 0 0 0 0 0 0 0 0 0 0 0 0 0 0 0 0 0 0 0 
0 0 0 0 0 0 0 0 0 0 0 0 0 0 0 0 0 0 0 0 0 0 0 0 0 0 0 0 0 0 0 0 0 0 0 24 0 0 0 0 0 3 0 0 0 9 0 0 1 12 0 0 0 0 0 7 3 15 0 0 0 0 0 0 12 0 0 18 0 0 0 0 0 0 0 0 0 12 0 0 0 0 16 0 0 19 0 0 0 0 0 1 0 21 0 0 0 27 0 12 0 9 0 0 0 0 0 0 0 0 0 0 0 18 0 16 3 0 9 0 0 0 0 7 0 0 0 0 0 18 0 0 0 0 0 0 0 0 0 0 0 1 0 0 0 0 0 0 0 0 0 0 0 0 0 0 12 0 0 0 0 0 0 0 0 0 0 0 
0 0 0 0 0 0 0 0 0 0 0 0 0 0 0 0 0 0 0 0 0 0 0 0 0 0 0 0 0 0 0 0 1 0 0 0 9 0 0 0 0 0 0 0 3 0 0 0 0 0 0 0 0 0 0 0 0 0 0 0 0 12 0 0 0 0 0 0 0 19 0 30 0 0 1 0 0 0 0 0 0 9 0 0 0 3 0 0 19 0 0 18 0 0 0 4 0 0 4 0 0 0 0 12 0 0 0 0 3 0 0 0 3 0 9 0 3 3 3 12 21 0 0 0 0 0 0 0 0 0 0 0 0 0 0 0 0 0 0 0 0 0 0 0 0 0 0 0 0 0 0 6 0 0 0 0 0 0 0 0 0 0 0 0 0 0 0 0 
0 0 0 0 0 0 0 0 0 0 0 0 0 0 0 0 0 0 0 0 0 0 0 0 0 0 0 0 0 0 0 0 0 0 0 0 0 0 0 0 0 0 0 0 7 0 1 0 0 0 0 0 0 0 0 0 0 21 0 0 0 0 0 3 4 19 0 0 1 0 6 7 10 7 0 0 0 9 27 21 0 0 3 0 0 3 0 16 0 0 0 0 0 0 6 0 0 0 1 0 0 0 0 0 0 3 0 0 7 0 0 0 0 0 0 0 10 0 1 0 0 0 0 0 0 0 0 0 0 0 0 0 0 0 0 0 15 0 0 0 0 0 0 0 0 0 0 9 0 0 0 0 0 12 0 0 0 0 0 0 0 0 0 0 0 0 0 0 
0 0 0 0 0 0 0 0 0 0 0 0 0 0 0 0 0 0 0 0 0 0 0 0 0 0 0 0 0 0 0 0 0 0 1 0 0 0 0 0 0 6 0 15 0 0 0 0 0 21 0 0 0 0 0 0 0 0 0 0 0 0 0 12 0 0 1 1 0 0 0 0 18 0 15 0 0 0 0 16 7 0 0 0 0 0 0 0 0 0 24 16 0 4 0 0 0 0 10 0 0 0 0 4 0 12 0 27 0 0 0 0 0 0 1 0 0 0 0 0 0 0 6 0 0 0 0 0 0 0 0 0 0 0 0 0 0 0 0 0 0 0 0 0 0 0 0 0 0 0 21 0 0 0 0 0 0 0 0 1 0 0 0 0 0 0 0 0 
0 0 0 0 0 0 0 0 0 0 0 0 0 0 0 0 0 0 0 0 0 0 0 0 0 0 0 0 3 0 0 0 0 0 0 0 0 0 0 0 0 0 24 6 0 0 0 0 0 0 7 0 0 0 0 0 0 24 0 0 0 4 6 0 18 0 0 0 0 3 0 0 0 0 4 0 1 13 0 0 0 15 4 7 0 3 0 0 0 0 6 0 10 0 0 0 0 0 0 27 0 0 0 0 0 0 7 0 0 0 0 21 0 6 1 0 0 0 0 3 0 31 0 0 0 1 0 0 0 0 0 0 34 0 0 0 0 0 0 0 0 0 0 0 0 0 0 0 0 0 0 0 0 0 0 0 0 0 0 0 0 0 0 0 0 0 0 0 
0 0 0 0 0 0 0 0 0 0 0 0 0 0 0 0 0 0 0 0 0 0 0 0 0 0 0 0 0 0 0 0 0 0 0 0 0 0 0 0 0 24 0 31 0 0 0 0 0 0 0 3 0 0 0 0 1 0 0 28 0 0 16 22 24 7 0 4 0 0 0 27 9 0 0 6 16 0 6 0 0 0 3 0 0 0 0 4 0 15 9 0 0 0 0 0 3 21 0 0 0 1 0 0 1 0 1 0 0 0 0 0 0 0 0 0 0 0 0 0 0 0 0 0 0 0 0 3 0 0 0 0 0 0 0 0 0 0 0 0 0 0 0 0 0 0 0 0 0 0 30 0 0 0 0 0 0 0 0 0 0 0 0 0 0 0 0 0 
0 0 0 0 0 0 0 0 0 0 0 0 0 0 0 0 0 0 0 0 0 0 0 0 0 0 0 0 0 0 0 0 0 0 0 0 0 0 0 0 0 10 0 0 0 0 0 0 0 33 0 1 0 0 0 0 12 4 1 6 0 0 0 0 0 0 6 0 0 6 4 0 3 0 1 0 0 0 6 16 0 16 21 4 0 0 7 0 0 0 0 0 0 1 0 0 0 0 0 0 18 13 7 0 22 0 3 12 6 24 0 0 0 1 30 6 1 0 0 3 0 0 0 0 3 0 0 27 0 0 0 0 0 0 0 0 0 0 3 4 0 0 0 0 0 0 0 0 0 0 0 0 0 0 0 0 0 0 0 0 0 0 0 0 0 0 0 0 
0 0 0 0 0 0 0 0 0 0 0 0 0 0 0 0 0 0 0 0 0 0 0 0 0 0 0 0 0 0 0 0 0 0 0 0 0 0 0 0 0 0 0 0 0 0 0 0 0 16 0 0 0 0 0 0 0 12 0 0 0 0 0 0 0 3 0 22 0 0 18 13 0 25 0 0 0 0 0 0 18 1 0 0 15 12 0 0 0 24 1 3 0 0 1 12 3 0 3 9 7 0 0 0 3 22 0 3 0 7 0 0 0 0 0 0 0 0 0 0 6 0 0 0 0 0 0 0 0 0 6 0 0 0 0 0 0 0 0 9 0 0 0 0 0 0 0 0 0 0 0 0 0 0 0 0 1 0 0 0 0 0 0 0 0 0 0 0 
0 0 0 0 0 0 0 0 0 0 0 0 0 0 0 0 0 0 0 0 0 0 0 0 0 0 0 0 0 0 3 0 0 0 0 0 0 0 0 0 0 0 0 0 0 0 3 0 0 0 0 15 0 6 0 1 1 0 0 0 0 15 0 22 0 10 0 0 0 0 6 0 0 1 0 0 0 0 4 6 19 0 1 3 0 15 0 0 0 0 0 0 0 9 0 0 22 3 0 0 0 24 0 0 0 0 3 1 0 10 0 1 0 21 6 13 0 0 0 0 0 0 0 0 0 0 0 0 0 0 0 0 0 0 3 0 0 0 0 0 0 0 0 0 0 0 0 0 0 0 0 0 0 0 0 0 0 0 0 0 0 0 0 0 0 0 0 0 
0 0 0 0 0 0 0 0 0 0 0 0 0 0 0 0 0 0 0 0 0 0 0 0 0 0 0 0 0 0 0 0 0 0 0 0 7 0 0 18 0 0 6 0 0 0 0 0 0 0 0 0 0 0 0 0 0 0 0 0 0 0 0 0 3 0 0 0 0 0 0 0 15 0 6 0 0 10 0 0 1 0 0 0 9 13 0 3 1 0 0 3 0 0 0 0 13 0 0 18 0 6 16 0 1 0 0 6 0 0 0 0 0 0 0 0 0 0 0 0 10 0 0 0 0 6 1 0 0 0 0 25 0 0 0 0 0 0 0 16 0 0 0 0 0 0 0 0 0 0 0 0 0 0 0 0 0 0 0 0 0 0 0 0 0 0 0 0 
0 0 0 0 0 0 0 0 0 0 0 0 0 0 0 0 0 0 0 0 0 0 0 0 0 0 0 0 0 0 0 0 0 0 0 0 0 12 0 0 0 0 0 0 0 0 0 1 3 0 24 0 0 0 0 0 0 0 0 4 6 0 0 0 6 0 0 0 0 3 0 0 21 0 15 0 0 0 0 6 0 0 0 1 0 0 0 0 1 0 3 0 0 0 18 0 0 0 0 0 0 0 0 0 0 0 0 3 0 19 0 0 0 0 0 0 0 0 0 0 0 0 0 0 0 1 0 0 0 0 0 0 30 1 0 0 0 0 0 0 0 0 0 0 0 0 0 0 0 0 4 0 0 0 0 0 0 0 0 0 0 0 0 0 0 0 0 0 
0 0 0 0 0 0 0 0 0 0 0 0 0 0 0 0 0 0 0 0 0 0 0 0 0 0 0 0 0 0 0 3 0 0 0 0 0 0 0 0 0 0 0 0 0 0 0 0 0 0 0 0 3 0 0 1 10 0 0 0 0 0 0 0 1 0 0 19 0 0 0 0 0 0 0 9 0 0 0 0 0 3 0 0 4 0 0 0 0 0 0 0 22 1 0 0 0 6 6 0 4 0 0 0 4 0 0 0 0 0 0 0 0 0 0 0 0 0 3 1 0 0 0 0 6 0 0 0 0 0 0 0 0 0 0 0 0 0 0 0 0 0 0 0 0 0 0 0 0 1 0 0 0 0 4 0 0 0 0 0 0 0 0 0 0 0 0 0 
0 0 0 0 0 0 0 0 0 0 0 0 0 0 0 0 0 0 0 0 0 0 0 0 0 0 0 0 0 0 0 0 0 0 0 0 0 0 0 0 0 0 0 0 0 0 0 28 0 22 0 0 0 0 0 0 0 0 1 0 0 0 0 0 0 1 0 3 0 30 0 0 0 1 0 0 24 0 0 0 9 27 0 0 9 0 0 0 0 15 0 0 0 7 0 0 0 0 0 21 12 0 0 0 0 0 3 3 0 0 0 0 0 9 0 0 3 0 0 0 0 0 0 0 1 0 0 0 0 0 0 0 3 0 0 0 0 0 0 0 0 0 0 0 0 0 0 0 0 0 0 0 0 0 0 0 0 0 0 0 0 0 0 0 0 0 0 0 
0 0 0 0 0 0 0 0 0 0 0 0 0 0 0 0 0 0 0 0 0 0 0 0 0 0 0 0 0 0 0 0 0 0 0 6 0 0 0 0 30 0 3 0 0 0 0 0 0 0 0 0 0 15 24 0 0 3 0 30 0 3 0 0 0 0 0 0 10 0 6 0 12 21 3 4 6 0 3 0 15 3 0 0 0 0 3 0 0 0 10 4 6 30 12 0 9 0 0 9 0 0 0 0 0 0 0 0 22 0 0 0 0 0 0 0 0 0 0 0 0 0 0 0 18 0 0 0 0 0 0 0 0 0 0 0 0 0 0 0 0 0 0 0 0 0 0 0 0 0 0 0 0 0 0 0 0 0 0 0 0 0 0 0 0 0 0 0 
0 0 0 0 0 0 0 0 0 0 0 0 0 4 0 0 0 0 0 0 0 0 0 0 0 0 0 0 0 0 0 0 0 0 0 0 0 0 0 0 0 0 0 0 0 0 0 0 0 0 0 0 0 0 0 0 0 0 24 9 0 0 0 0 0 0 4 0 0 3 18 0 3 24 7 0 0 0 21 0 0 0 0 0 6 1 0 0 0 3 0 0 0 0 0 0 0 0 0 0 0 12 0 0 0 25 0 27 0 0 0 0 1 12 7 3 0 0 0 22 0 0 0 0 0 0 0 0 0 0 3 0 0 0 0 0 0 0 0 0 0 0 0 0 0 0 0 0 0 0 0 0 0 0 0 0 0 0 0 0 0 0 0 0 0 0 0 0 
0 0 0 0 0 0 0 0 0 0 0 0 0 0 0 0 0 0 0 0 0 0 0 0 0 0 0 0 0 0 10 0 0 0 0 0 0 0 0 0 30 0 1 0 0 0 0 15 0 0 0 0 7 0 9 0 0 10 0 0 1 0 0 0 24 0 0 1 0 15 12 0 4 0 0 0 0 0 3 0 0 0 0 4 1 0 0 0 0 0 0 0 0 0 0 0 0 1 13 0 0 0 0 0 0 0 0 6 0 3 0 0 0 22 13 0 0 0 0 6 0 0 0 0 0 16 0 0 0 0 0 0 0 24 0 18 6 0 0 0 0 0 0 0 12 0 0 0 0 0 0 0 0 0 0 0 0 0 0 0 0 0 0 0 0 0 0 0 
0 0 0 0 0 0 0 0 0 0 0 0 0 0 0 0 0 0 0 0 0 0 0 0 0 0 0 0 0 0 0 0 0 0 0 0 0 0 31 0 34 12 21 0 0 0 4 0 0 0 1 0 0 4 0 0 0 1 0 0 0 0 0 0 0 0 0 0 0 9 24 0 0 0 0 0 0 0 0 0 3 0 3 12 0 9 0 0 18 0 0 0 0 0 0 0 6 0 0 0 0 0 3 12 0 6 27 3 0 1 24 6 0 0 0 0 1 0 0 0 0 0 0 0 0 0 0 3 0 0 0 12 0 0 0 0 0 0 13 0 0 0 0 0 0 0 0 18 0 0 0 0 0 0 0 0 0 0 0 0 0 0 0 0 0 0 0 0 
0 0 0 0 0 0 0 0 0 0 0 0 0 0 0 0 0 0 0 0 0 0 0 0 0 0 0 1 0 0 0 0 0 0 0 0 0 0 0 0 0 0 0 0 0 0 0 0 0 0 0 9 4 0 0 0 0 1 0 0 0 3 0 0 6 18 0 0 0 3 0 0 6 0 0 0 0 24 0 0 0 0 18 0 0 0 6 0 0 0 0 0 3 9 0 6 0 0 0 0 0 3 0 7 4 0 0 15 0 13 0 0 0 0 0 0 10 12 0 4 0 0 6 0 0 22 0 0 0 0 0 0 0 6 0 0 0 0 0 0 0 0 0 0 0 0 0 0 0 0 0 0 0 0 0 0 0 0 0 0 0 0 0 0 0 0 0 0 
0 0 0 0 0 0 0 0 0 0 0 0 0 0 0 0 0 0 0 0 0 0 0 0 0 0 0 0 0 1 0 0 0 0 0 0 0 0 0 0 13 0 0 0 0 0 0 0 0 0 0 0 0 0 0 0 0 0 0 0 0 0 0 0 7 6 0 0 0 3 0 0 0 3 24 10 1 1 0 0 0 0 7 0 0 0 0 0 0 0 9 0 0 0 9 0 7 0 0 24 0 0 0 0 18 0 0 21 0 0 15 0 0 0 0 0 0 0 0 0 22 0 0 0 18 0 0 0 0 0 0 0 0 18 7 0 0 0 0 0 0 0 0 0 0 0 0 0 0 0 0 0 0 0 0 0 0 0 0 0 0 0 0 0 0 0 0 0 
0 0 0 0 0 0 0 0 0 0 0 0 0 0 0 0 0 0 0 0 0 0 0 0 1 0 0 0 0 0 0 0 0 3 0 0 0 0 0 0 19 0 0 0 0 0 0 3 0 0 0 0 30 21 0 0 0 0 0 0 0 0 0 0 0 0 0 15 0 0 13 0 12 21 0 0 0 0 0 0 9 0 0 0 0 0 0 1 0 0 3 0 4 0 0 22 0 0 1 0 9 0 9 0 6 0 0 0 0 9 0 0 0 0 0 0 0 0 0 0 0 0 18 0 0 0 0 6 0 0 27 0 0 0 0 0 0 0 3 0 0 0 0 0 0 0 0 0 1 0 0 0 0 0 0 0 0 0 0 0 0 0 0 0 0 0 0 0 
0 0 0 0 0 0 0 0 0 0 0 0 0 0 0 0 0 0 0 0 0 0 0 0 0 0 0 0 0 0 0 0 0 0 0 0 0 6 0 0 0 0 3 0 0 0 27 0 0 0 0 0 0 18 0 0 0 3 0 10 0 0 0 6 0 0 0 0 7 0 16 4 0 0 0 0 0 0 0 0 0 0 0 0 4 0 0 1 6 0 0 0 12 24 0 9 0 1 0 0 0 1 0 0 3 0 0 28 12 0 0 0 0 0 1 0 0 0 0 0 0 0 6 0 0 0 0 3 0 0 0 9 0 0 3 0 0 0 0 0 0 0 0 0 0 0 0 0 0 0 0 18 0 0 0 0 0 0 0 0 0 0 0 0 0 0 0 0 
0 0 0 0 0 0 0 0 0 0 0 0 0 0 0 0 0 0 0 0 0 0 0 0 0 0 0 0 0 0 0 0 0 0 0 0 0 0 0 0 0 0 0 0 0 0 0 0 0 0 0 0 0 0 0 0 0 0 0 0 13 0 0 0 0 0 0 0 0 0 0 18 0 15 0 0 0 0 0 0 0 0 0 3 0 0 0 0 1 3 0 30 3 19 0 0 12 0 0 0 0 0 27 4 0 0 0 0 0 3 12 0 0 0 0 0 0 0 0 0 0 0 0 0 0 0 0 0 0 0 0 0 0 0 0 0 0 0 0 0 0 0 0 0 0 0 0 0 0 0 0 6 0 0 0 0 0 0 0 0 0 0 0 0 0 0 0 0 
0 0 0 0 0 0 0 0 0 0 0 0 0 0 0 0 0 0 0 0 0 0 0 0 0 0 0 0 0 0 1 0 0 0 0 0 0 0 31 0 0 0 0 0 0 18 0 0 0 1 10 0 0 9 3 0 0 0 0 0 0 0 0 0 0 0 1 0 0 0 1 0 15 0 0 25 3 0 0 0 0 7 0 0 0 0 0 0 19 0 6 0 1 0 0 0 0 0 0 10 3 0 0 0 0 0 15 0 0 0 0 0 0 0 0 0 0 0 0 0 0 0 0 0 3 0 0 0 0 0 0 0 0 0 0 0 0 0 0 15 0 4 0 0 0 0 0 0 0 0 0 0 0 0 0 0 0 0 0 0 0 0 0 0 0 0 0 0 
0 0 0 0 0 0 0 0 0 0 0 0 0 0 0 0 0 0 0 0 0 0 0 0 0 0 0 0 0 27 1 1 0 0 0 0 0 0 0 0 0 0 0 0 0 0 0 0 0 0 0 0 0 0 0 0 0 6 0 0 0 0 1 16 4 16 0 0 0 0 0 0 0 3 0 0 0 0 1 6 0 6 0 0 0 0 4 0 0 18 0 0 9 13 0 0 0 0 6 0 3 9 0 0 0 0 0 6 0 0 0 0 31 0 9 0 0 0 0 0 0 0 0 0 0 0 0 0 0 0 0 0 0 0 0 0 0 0 0 0 0 3 0 0 0 0 0 0 0 0 0 0 0 0 0 0 0 0 0 0 0 0 0 0 0 0 0 0 
0 0 0 0 0 0 0 0 0 0 0 0 0 0 0 0 0 0 0 0 0 0 0 0 0 0 0 0 0 0 30 0 0 18 30 0 0 0 0 0 33 10 0 0 0 0 0 0 0 0 1 0 7 0 0 0 0 0 0 3 0 0 0 0 0 0 0 0 0 0 18 0 0 0 27 0 0 0 0 0 0 0 4 0 0 3 0 9 3 0 0 0 9 6 1 15 0 0 0 0 0 0 0 0 0 0 0 0 0 0 0 0 0 0 0 0 6 0 0 0 3 0 0 0 0 19 0 0 0 0 0 6 0 0 0 0 0 0 0 0 0 0 0 0 0 0 0 0 22 0 0 0 0 0 0 0 0 0 0 0 0 0 0 0 0 0 0 0 
0 0 0 0 0 0 0 0 0 0 0 0 0 0 0 12 0 0 0 0 0 0 0 0 0 0 0 0 0 0 3 0 0 0 0 0 0 0 0 0 0 0 9 0 0 0 0 0 0 0 3 0 3 0 0 0 0 9 3 0 1 0 0 0 0 0 0 0 0 0 0 10 1 0 0 0 0 9 0 0 0 19 0 27 0 3 19 1 0 0 3 0 0 1 0 0 3 0 0 0 18 0 0 10 0 0 0 7 0 3 0 15 0 0 0 0 0 4 0 0 0 0 0 0 0 0 0 0 0 0 0 30 0 0 0 0 0 0 0 0 0 0 0 0 3 0 0 0 0 0 0 0 0 9 0 0 0 0 0 0 0 0 0 0 0 0 0 0 
0 0 0 0 0 0 0 0 0 0 0 0 0 0 0 0 0 0 0 0 0 0 0 0 0 0 0 0 0 7 0 3 0 0 0 0 0 0 0 0 0 0 0 0 0 0 0 0 0 18 0 0 0 0 0 15 0 0 0 9 0 0 0 0 12 0 0 3 15 0 7 0 3 0 0 0 1 0 0 0 0 0 0 0 0 3 0 9 0 12 0 0 0 0 0 0 0 0 0 0 0 0 9 0 0 1 6 0 0 0 0 1 6 0 0 0 0 0 0 0 4 4 0 0 1 0 0 0 0 0 0 0 0 0 0 15 0 0 0 0 0 0 0 0 0 0 0 0 0 0 0 0 0 0 0 0 0 0 0 0 0 0 0 0 0 0 0 0 
0 0 0 0 0 0 0 0 0 0 0 0 0 0 0 0 0 0 36 0 0 0 0 0 0 0 0 0 0 0 0 18 0 0 0 0 0 0 0 0 0 0 0 0 0 0 0 0 0 0 0 1 0 0 4 18 0 0 0 0 0 12 0 0 1 0 0 0 6 3 1 0 27 0 19 4 4 0 0 0 0 0 0 0 0 0 0 0 0 0 3 0 10 0 0 28 18 0 0 0 0 7 0 0 0 18 3 0 0 0 0 9 0 0 0 0 0 0 1 6 0 0 0 0 0 0 0 0 0 0 0 0 0 0 0 0 0 18 0 0 0 0 0 0 0 0 0 0 0 0 0 0 0 0 0 0 0 0 0 0 0 0 0 0 0 0 0 0 
0 0 0 0 0 0 0 0 0 0 0 0 0 0 0 0 0 0 0 0 0 0 0 0 0 0 0 0 0 0 0 0 0 0 0 0 0 0 0 0 0 0 0 0 0 0 9 27 0 0 0 1 0 0 6 0 6 1 21 0 28 0 0 0 0 19 24 18 7 1 0 4 0 0 16 0 0 0 0 0 0 0 0 1 0 0 0 0 10 0 0 0 4 0 0 0 0 0 27 0 0 0 6 0 0 0 13 3 0 10 7 0 0 7 0 0 0 0 0 6 9 0 0 0 0 10 0 0 3 0 0 0 0 0 3 0 0 0 15 0 0 0 0 0 0 0 0 0 30 0 0 0 0 0 0 0 0 0 0 0 0 0 0 0 0 0 0 0 
0 0 0 0 0 0 0 0 0 0 0 0 0 0 0 0 0 0 0 0 0 0 0 0 0 3 0 0 0 12 12 0 0 0 0 0 0 0 3 0 0 0 0 0 0 0 0 12 0 0 0 0 12 0 0 0 0 0 0 0 0 24 0 0 0 24 0 0 4 0 0 0 0 0 6 0 0 1 0 0 0 0 4 0 0 3 0 1 0 0 0 0 0 0 0 0 1 0 15 0 0 6 15 0 0 0 7 0 0 15 3 0 0 0 0 0 0 0 0 0 0 16 0 0 0 0 0 0 0 0 0 0 0 0 0 0 19 0 0 0 0 0 0 0 0 0 0 0 0 0 0 0 0 0 0 0 0 0 0 0 0 0 0 0 0 0 0 0 
0 0 0 0 0 0 0 0 0 0 0 0 0 0 0 0 0 0 0 0 0 0 0 0 0 0 0 0 0 0 0 3 0 0 0 0 0 0 0 0 0 0 0 12 0 0 0 0 0 0 0 6 0 0 0 0 0 0 0 0 6 0 1 0 0 0 0 0 0 0 1 0 0 3 0 0 13 0 0 7 1 0 4 1 27 1 0 0 7 0 0 0 0 0 0 0 6 0 0 12 12 0 18 0 0 0 0 0 0 0 0 3 0 0 4 3 0 0 0 0 0 1 0 0 3 0 0 0 0 0 0 0 0 22 0 0 0 0 0 0 0 0 0 0 0 0 15 0 0 0 0 0 0 0 0 0 0 0 0 0 0 0 0 0 0 0 0 0 
0 0 0 0 0 0 0 0 0 0 0 0 0 0 0 0 0 0 0 0 0 0 0 0 0 0 0 0 6 0 0 0 0 0 0 0 0 0 0 0 0 0 0 0 0 0 0 0 6 0 0 0 0 0 0 0 0 3 0 0 0 0 0 3 0 0 0 0 0 0 18 0 0 0 4 0 0 1 9 0 18 0 0 3 0 12 0 0 0 0 0 0 0 0 0 0 12 0 0 18 0 3 0 0 0 0 0 0 0 0 0 0 0 0 0 13 0 0 0 1 3 0 0 0 0 0 0 0 0 0 0 0 0 0 0 0 0 0 0 0 0 0 0 0 0 0 0 0 0 0 0 0 0 0 0 0 0 0 0 0 0 0 0 0 0 0 0 0 
0 0 0 0 0 0 0 0 0 0 0 0 0 0 0 0 0 0 0 0 0 0 0 0 0 0 0 0 0 0 0 0 0 0 0 0 0 0 0 6 9 0 0 0 0 0 0 0 0 0 0 0 0 0 0 0 0 0 0 0 0 0 0 0 0 0 0 0 0 9 0 16 0 9 0 0 0 0 0 0 0 0 0 0 0 19 9 6 0 3 0 0 22 0 0 0 0 0 0 0 10 0 0 0 0 0 0 0 0 0 0 0 0 0 0 0 0 0 0 0 0 0 0 0 0 0 25 0 0 0 0 0 0 7 0 0 0 0 0 0 0 0 0 0 0 0 0 0 0 0 0 0 0 0 0 0 0 0 0 0 0 0 0 0 0 0 0 0 
0 0 0 0 0 0 0 0 0 0 0 0 0 0 0 0 0 0 0 0 0 0 0 0 0 0 0 0 0 6 0 0 0 0 0 7 7 0 0 0 0 0 0 0 0 0 0 0 0 0 0 0 6 0 21 6 1 3 30 0 6 0 12 0 0 0 4 0 0 10 0 0 0 0 12 27 0 0 7 0 0 1 0 1 6 0 3 0 0 0 0 0 0 0 0 0 6 0 0 0 0 22 0 24 0 0 0 1 0 0 6 0 21 0 0 0 0 0 0 0 9 0 0 0 0 3 0 0 0 0 0 0 0 0 0 0 0 0 0 0 0 0 0 0 0 0 0 0 9 0 0 0 0 0 0 0 0 0 0 0 0 0 0 0 0 0 0 0 
0 0 0 0 0 0 0 0 0 0 0 0 0 0 0 0 0 0 0 0 0 0 0 0 0 0 0 0 0 0 0 0 0 0 0 0 28 0 0 0 0 0 7 0 0 0 0 3 0 4 9 0 12 1 7 0 0 0 3 0 0 0 12 0 0 0 0 0 9 0 22 0 9 0 0 15 0 1 0 9 4 0 0 0 0 0 0 0 4 0 0 0 0 0 0 0 0 10 0 0 3 0 0 0 0 0 0 0 3 0 0 6 7 0 0 0 0 0 0 0 1 0 12 4 0 0 0 15 0 0 0 0 0 0 0 0 0 0 0 0 0 0 0 0 0 0 0 0 0 0 0 0 0 0 0 0 0 0 0 0 0 0 0 0 0 0 0 0 
0 0 0 0 0 0 0 0 0 0 0 0 0 0 0 0 0 0 0 0 0 0 0 0 0 0 0 0 0 0 0 0 0 0 0 0 0 0 0 0 0 0 0 0 0 9 10 0 19 0 0 0 0 0 0 0 0 0 0 0 0 3 0 0 0 4 0 0 3 0 18 0 1 22 0 6 0 0 0 13 0 0 0 28 0 0 0 0 0 0 0 3 0 0 0 0 12 0 24 0 0 6 0 0 0 15 0 6 16 9 0 3 0 0 0 0 9 12 0 0 0 0 0 0 1 13 0 18 0 0 0 0 0 0 0 0 0 0 0 0 0 0 0 0 0 0 0 0 0 0 0 0 0 0 0 0 0 0 0 0 0 0 0 0 0 0 0 0 
0 0 0 0 0 0 0 0 0 0 0 0 0 0 0 0 0 0 0 0 0 0 0 0 0 0 0 0 0 0 0 0 0 0 0 15 0 3 0 0 0 0 0 0 0 0 0 19 0 0 0 0 0 0 0 0 3 0 9 0 0 0 0 0 0 0 0 0 0 6 0 0 0 0 0 0 0 16 0 0 0 10 22 0 12 0 0 0 0 0 0 1 0 0 0 0 0 3 0 0 0 0 9 9 0 0 0 0 0 0 0 7 0 0 0 0 0 4 0 3 6 0 0 0 0 0 0 0 4 0 0 0 0 0 0 0 0 0 0 0 0 7 0 0 0 0 0 0 0 0 0 0 0 0 0 0 0 0 0 0 0 0 0 0 0 0 0 0 
0 0 0 0 0 0 0 0 0 0 0 0 0 0 0 0 0 0 0 0 12 6 0 0 0 0 0 0 0 0 0 0 0 0 0 0 0 0 0 0 0 0 0 0 0 3 0 0 0 0 0 0 0 0 18 0 1 10 0 0 0 0 0 0 10 0 18 3 0 0 0 18 0 0 0 0 0 0 0 6 0 0 18 0 0 0 0 0 0 9 0 0 6 0 0 0 0 0 0 0 0 0 0 15 21 9 0 0 0 0 0 0 0 0 0 0 0 0 0 1 3 0 0 3 0 0 0 0 0 0 0 0 0 0 0 0 0 0 0 0 0 0 0 0 0 0 0 0 0 0 0 0 0 0 0 0 0 0 0 0 0 0 0 0 0 0 0 0 
0 0 0 0 0 0 0 0 0 0 0 0 0 0 0 0 0 0 0 0 0 0 0 0 0 0 0 0 0 0 0 0 0 0 3 0 0 0 0 0 0 0 0 0 0 0 0 0 0 0 0 12 0 0 0 6 0 7 0 0 1 0 0 0 0 4 0 0 0 0 3 0 0 4 15 0 0 0 7 0 7 4 0 0 0 0 0 0 0 0 3 0 0 0 0 0 0 1 0 0 15 0 22 0 6 15 3 30 0 1 1 28 0 0 0 0 0 0 0 0 0 0 0 0 0 0 0 0 0 0 0 0 0 0 0 0 0 9 0 0 0 0 0 0 0 0 0 0 0 0 13 0 0 0 0 0 0 0 0 0 0 0 0 0 0 0 0 0 
0 0 0 0 0 0 0 0 0 0 0 0 0 0 0 15 0 0 0 0 0 0 0 0 0 0 0 0 0 0 0 0 0 0 0 1 10 0 0 0 0 0 12 0 0 6 10 0 0 0 0 0 0 0 9 3 0 0 0 0 0 0 0 0 1 0 18 0 12 0 0 0 0 0 0 0 16 0 3 0 0 0 1 1 0 3 12 0 0 0 0 0 0 0 0 0 0 0 0 0 13 0 0 16 0 7 0 0 24 0 1 0 0 0 0 0 1 0 0 0 0 3 0 0 0 0 0 0 0 0 0 0 0 0 0 0 4 0 0 0 0 0 0 0 0 0 0 0 0 0 0 0 0 0 0 0 0 0 0 0 0 0 0 0 0 0 0 0 
0 0 0 0 0 0 0 0 0 0 0 0 0 0 0 0 0 0 0 0 0 0 0 0 0 0 0 10 0 0 0 0 9 0 0 0 0 0 0 0 12 1 12 0 0 3 0 0 12 0 15 0 0 0 0 6 0 0 0 0 0 0 18 1 0 0 0 0 0 0 6 0 0 0 0 0 0 19 0 0 0 0 6 1 0 0 1 0 0 0 0 0 0 0 0 0 0 3 0 0 0 0 0 0 0 0 0 6 0 0 1 0 0 0 0 0 0 0 6 0 0 0 0 0 0 0 0 0 0 0 0 0 0 0 0 0 0 0 0 0 0 0 0 0 3 0 0 0 0 0 0 0 0 0 0 0 0 0 0 0 0 0 0 0 0 0 0 0 
0 0 0 0 0 0 0 0 0 0 0 0 0 0 0 0 0 0 0 0 0 0 0 0 0 0 0 3 0 0 0 0 0 0 0 0 0 0 0 0 0 0 0 0 0 18 0 0 12 3 0 0 10 0 6 0 10 0 0 0 0 4 0 0 0 0 0 0 18 0 0 0 0 0 0 0 7 0 0 27 0 0 0 10 0 0 0 0 0 0 21 0 0 0 0 0 0 0 0 6 0 0 0 0 0 16 0 0 9 0 0 1 0 0 0 0 0 0 0 0 0 0 0 0 3 0 0 0 0 0 0 0 0 0 0 0 0 0 0 16 0 0 0 0 0 0 0 0 0 0 7 0 6 0 0 0 0 0 1 0 0 0 0 0 0 0 0 0 
0 0 0 0 0 0 0 0 0 0 0 0 0 0 0 0 0 0 0 0 0 0 0 0 0 0 0 0 0 0 0 0 0 0 0 0 18 0 0 0 0 15 0 0 0 0 0 0 0 21 1 0 0 0 0 0 21 0 0 0 0 12 0 0 3 0 0 0 6 0 3 0 0 0 0 0 0 0 0 0 3 0 15 0 18 0 1 9 10 0 0 0 0 0 0 1 0 0 0 15 0 3 0 1 0 18 0 0 3 0 21 0 0 0 0 6 0 0 0 0 9 0 0 0 3 0 0 0 0 0 0 0 0 0 0 0 0 0 0 0 0 0 0 0 0 0 0 0 0 0 0 0 0 0 0 0 0 0 0 0 0 0 0 0 0 0 0 0 
0 0 0 0 0 0 0 0 0 0 0 0 0 0 0 0 0 0 0 0 0 0 0 0 0 0 0 0 0 0 0 0 0 0 0 0 0 0 0 0 0 0 0 0 0 0 0 3 0 0 0 0 0 0 0 0 0 24 0 0 0 0 0 0 0 0 0 18 0 0 9 0 0 0 0 0 1 0 0 0 0 6 0 0 0 0 27 7 0 0 0 0 0 0 0 21 6 24 0 0 0 0 13 0 0 0 7 0 0 0 0 0 0 0 0 0 0 0 3 0 0 0 0 0 1 0 1 0 0 0 0 0 0 0 0 0 0 0 0 0 0 0 0 0 0 0 0 0 3 0 0 0 0 0 0 0 0 0 0 0 0 0 0 0 0 0 0 0 
0 0 0 0 0 0 0 0 0 0 0 0 0 0 0 0 0 0 0 0 0 0 0 0 0 0 0 0 0 0 0 0 0 0 0 0 0 0 6 0 0 0 0 0 0 28 0 0 0 0 0 0 0 0 0 0 0 1 0 0 0 0 0 0 0 24 4 0 7 0 0 21 0 3 0 25 0 9 0 0 0 0 0 0 0 6 0 12 12 0 6 0 0 0 0 0 7 4 0 0 0 15 1 0 1 0 0 0 4 0 0 0 0 0 0 0 0 0 13 0 0 0 0 0 0 0 0 0 0 0 0 0 0 0 18 0 0 0 0 0 0 0 0 0 0 0 4 0 0 0 0 0 0 0 0 0 0 0 0 0 0 0 0 0 0 0 0 0 
0 0 0 0 0 0 0 0 0 0 0 0 0 0 0 0 0 0 0 0 0 0 0 0 0 0 0 0 0 0 0 0 0 0 9 0 0 0 0 0 0 0 0 0 0 0 0 0 0 0 0 0 9 0 0 0 0 16 0 1 0 0 0 0 0 0 13 21 0 7 0 0 0 0 15 0 0 15 0 0 0 0 0 0 0 0 0 0 0 13 0 0 0 6 0 3 0 0 0 0 0 21 22 0 0 0 10 0 0 0 0 0 0 0 0 0 0 0 1 3 0 0 0 0 0 3 0 0 0 9 0 0 0 0 0 0 0 16 0 0 0 0 0 0 0 0 0 0 0 0 0 0 0 0 0 3 0 0 0 0 0 0 0 0 0 0 0 0 
0 0 0 0 0 0 0 0 0 0 0 0 0 0 0 0 0 0 0 0 0 0 0 0 0 0 0 0 0 0 0 0 0 0 0 0 0 0 0 0 0 25 0 0 15 0 0 12 0 0 0 0 0 0 0 0 0 3 0 0 0 0 0 0 0 0 3 15 3 0 0 27 3 0 15 3 15 0 0 0 0 0 6 0 0 15 0 0 0 0 15 0 0 0 0 0 3 0 1 0 0 3 24 0 0 0 0 0 0 6 0 0 0 0 0 0 0 27 0 0 3 0 0 0 0 0 0 0 0 0 0 0 0 0 0 0 0 0 0 0 0 0 0 0 0 0 0 0 0 0 0 0 0 0 0 0 0 0 0 0 0 0 0 0 0 0 0 0 
0 0 0 0 0 0 0 0 0 0 0 0 0 0 0 0 0 0 0 0 0 0 0 0 0 0 0 0 0 0 0 0 0 0 0 30 0 0 0 0 0 0 0 0 21 0 0 0 0 0 0 0 0 0 0 0 9 3 0 0 0 0 0 6 0 0 0 0 1 0 0 3 0 0 0 0 0 0 0 0 0 3 1 0 12 0 0 0 0 0 0 0 0 4 0 6 0 0 27 0 9 0 0 0 0 0 0 22 0 0 3 0 10 0 0 0 0 0 0 0 0 0 0 0 0 24 0 3 0 0 24 0 0 0 0 0 0 0 0 0 0 0 0 30 6 0 0 0 0 0 0 0 0 0 0 0 0 0 0 0 0 0 0 0 0 0 0 0 
0 0 0 0 0 0 0 0 0 0 0 0 0 0 0 0 0 0 0 0 0 0 0 0 0 0 0 1 0 0 0 0 0 0 0 0 0 10 0 0 0 1 0 3 0 0 0 0 0 0 0 1 0 0 0 0 0 22 0 0 1 0 0 0 0 0 0 0 0 7 0 18 0 0 27 13 0 0 4 16 0 0 0 4 0 3 9 0 3 3 0 0 0 0 3 0 0 0 12 0 21 0 0 0 0 9 3 0 0 0 0 0 0 12 0 0 0 0 0 0 0 0 0 0 0 0 1 0 0 0 0 15 0 0 0 0 0 0 0 0 0 0 0 0 0 0 0 0 0 0 0 0 0 0 0 0 0 0 0 0 0 0 0 0 0 0 0 0 
0 0 0 0 0 0 0 0 0 0 0 0 0 0 0 0 0 0 0 0 0 0 0 0 0 0 0 0 0 0 0 0 0 0 0 0 0 0 12 0 22 0 0 0 0 0 3 3 0 13 0 0 0 0 0 0 0 0 0 0 0 0 21 0 7 0 0 0 3 3 21 0 0 0 3 10 3 0 0 4 4 0 0 0 21 0 0 0 0 0 0 10 12 9 7 0 0 18 0 0 0 0 0 0 0 19 10 0 3 0 0 0 0 0 9 0 0 0 1 0 0 0 0 0 0 0 0 0 0 0 0 0 0 0 0 0 0 0 0 0 0 0 0 0 0 0 0 0 0 0 0 0 0 0 0 0 0 0 0 0 0 0 0 0 0 0 0 0 
0 0 0 0 0 0 0 0 0 0 0 0 0 0 0 0 0 0 0 0 0 0 0 0 0 0 0 0 0 0 0 3 0 1 0 0 0 0 0 0 0 0 0 0 0 0 0 0 1 0 0 0 0 0 0 0 0 0 0 0 0 0 0 0 21 0 0 0 0 0 27 0 0 0 0 19 0 0 22 0 21 0 0 0 0 18 0 0 0 0 0 0 1 0 0 0 0 0 0 0 0 10 18 0 7 0 0 3 0 3 0 18 0 0 0 0 0 0 0 0 0 0 6 0 1 0 0 0 0 0 7 0 0 0 0 0 0 0 16 12 0 0 0 0 0 0 0 18 0 0 0 19 0 3 0 0 0 0 0 0 0 0 0 0 0 0 0 0 
0 0 0 0 0 0 0 0 0 0 0 0 0 0 0 0 0 0 0 0 0 0 0 0 0 0 0 6 12 0 0 0 0 0 0 0 0 0 3 0 0 0 3 0 0 0 3 0 0 0 0 18 0 1 0 0 3 0 0 0 3 0 0 0 0 0 0 0 0 0 0 1 0 3 0 0 0 0 0 0 4 0 0 6 0 3 27 9 0 0 0 6 0 10 10 0 10 0 0 1 1 0 0 0 0 0 0 0 0 0 12 0 0 0 0 0 0 6 0 0 0 0 0 0 0 0 0 0 0 0 0 0 0 0 0 0 0 0 21 0 0 0 0 0 0 0 0 0 0 0 0 0 0 0 0 0 0 3 0 0 0 0 0 0 0 0 0 0 
0 0 0 0 0 0 0 0 0 0 0 0 0 0 0 0 0 0 0 0 0 0 0 0 0 0 0 0 0 0 0 0 0 0 0 34 0 0 0 0 0 0 15 0 0 0 0 0 0 0 0 0 4 0 0 0 0 0 6 0 0 0 0 0 0 0 0 0 0 0 9 0 16 1 0 0 0 0 0 0 7 0 0 0 0 0 0 0 0 0 0 1 0 3 3 4 18 0 0 16 0 0 0 0 13 0 21 0 0 0 0 0 9 0 0 0 0 0 0 0 33 0 0 0 0 0 0 0 3 0 0 0 0 25 0 0 0 9 3 0 0 21 0 0 0 0 0 0 0 0 0 0 0 0 0 0 0 0 0 0 0 0 0 0 0 0 0 0 
