0 0 0 0 0 0 0 0 0 0 0 0 0 0 0 0 0 0 0 0 0 0 1 0 0 0 0 0 0 0 0 0 0 9 0 0 0 0 0 0 0 0 0 0 0 0 0 1 4 0 0 0 0 0 3 3 1 0 0 19 0 0 0 4 0 0 0 0 0 0 0 0 0 0 0 0 0 0 3 0 0 0 9 0 0 0 0 0 0 1 0 0 0 22 0 0 0 0 30 0 10 16 9 0 0 0 0 15 18 0 0 0 0 0 0 1 0 0 0 0 0 0 0 0 0 0 0 0 0 0 0 0 0 0 22 0 0 0 0 0 0 0 0 0 0 0 0 0 0 0 0 0 0 0 0 0 0 0 0 0 0 0 0 0 0 0 0 0 
0 0 0 0 0 0 0 0 0 0 0 0 0 0 0 0 0 0 0 0 0 0 0 0 0 0 0 0 0 0 0 0 0 0 1 0 0 0 0 0 0 0 0 0 0 0 0 0 0 0 0 0 0 0 0 0 0 0 0 0 4 0 18 4 1 0 0 7 0 0 0 0 0 1 0 0 0 0 0 0 0 0 1 0 0 0 12 0 0 3 9 0 0 0 0 0 0 28 1 0 0 0 0 0 0 0 0 3 0 0 0 0 0 0 0 0 0 0 0 0 0 0 0 0 0 0 0 0 0 10 0 21 0 0 0 0 9 0 0 0 0 0 0 0 0 0 0 0 0 0 0 0 0 0 0 0 0 0 0 0 0 0 0 0 0 0 0 0 
0 0 0 0 0 0 0 0 0 0 0 0 0 0 0 0 27 0 0 0 0 0 0 0 0 0 0 0 0 0 0 0 0 0 9 0 0 0 0 0 0 0 0 0 0 0 0 10 0 0 1 21 0 0 10 0 0 0 0 7 0 0 0 0 0 0 0 0 0 0 0 0 0 0 0 0 4 0 0 1 0 0 0 3 0 15 0 0 0 0 0 10 6 1 10 0 15 9 0 0 0 0 0 13 19 0 1 18 7 0 0 0 9 0 0 0 0 0 0 0 0 0 0 0 0 0 0 0 0 0 0 0 0 0 0 0 0 0 0 0 10 7 0 0 0 0 0 0 0 0 0 0 0 0 0 0 0 0 0 0 0 0 0 0 0 0 0 0 
0 0 0 0 0 0 0 0 0 0 0 0 0 0 0 0 0 0 0 0 0 0 0 0 0 0 0 0 0 0 33 0 0 0 0 0 0 0 0 0 0 0 0 0 21 0 0 0 0 0 0 0 0 0 0 0 0 0 12 0 0 0 1 1 0 0 3 3 0 0 0 0 1 0 0 0 0 0 0 0 0 27 0 3 0 0 0 0 0 13 0 3 0 0 0 0 0 0 4 16 0 9 0 0 9 0 0 0 0 0 0 0 0 0 1 0 0 0 0 0 0 0 0 0 0 0 0 0 0 0 0 0 0 0 0 0 0 0 0 0 0 0 0 0 0 0 0 0 0 0 0 0 0 0 0 0 0 0 0 0 0 0 0 0 0 0 0 0 
0 0 0 0 0 0 0 0 0 0 0 0 0 0 0 0 0 0 0 0 0 0 0 0 0 0 0 0 0 0 0 0 0 0 0 0 0 0 0 0 0 3 0 0 0 0 0 0 0 30 0 0 6 0 0 0 0 0 3 0 0 30 6 0 0 0 0 0 1 0 22 0 0 0 0 0 0 0 0 0 12 0 0 0 0 18 0 0 0 0 0 0 0 12 0 0 0 0 6 0 0 0 10 3 10 0 0 0 0 0 0 0 0 0 0 0 0 0 0 0 0 0 0 0 0 0 0 0 0 0 0 4 0 0 0 0 0 0 0 0 0 0 0 0 0 0 0 0 0 0 0 0 0 0 0 0 0 0 0 0 0 0 0 0 0 0 0 0 
0 0 0 0 0 0 0 0 0 0 0 0 0 0 0 0 0 0 0 0 0 0 0 0 0 0 0 0 0 0 3 0 0 0 0 0 0 0 0 0 0 0 0 0 0 0 0 0 0 15 0 0 0 0 0 0 0 0 0 0 0 0 0 19 1 6 0 1 6 0 0 0 0 0 0 22 0 0 12 0 3 0 0 0 6 0 0 6 0 0 0 3 0 0 6 22 0 0 21 15 0 3 0 3 0 0 0 0 0 0 0 0 0 0 22 0 0 0 0 0 0 9 0 0 0 13 0 0 0 0 0 0 0 0 0 0 0 0 0 9 0 0 0 0 0 0 0 0 0 0 0 0 0 0 0 0 0 0 0 0 0 0 0 0 0 0 0 0 
0 0 0 0 0 0 0 0 0 0 0 0 6 0 0 0 0 0 0 0 0 0 0 0 0 0 0 0 0 0 9 0 0 0 9 0 0 0 0 0 0 0 3 0 0 1 0 0 0 0 0 0 0 7 0 0 0 0 0 0 0 15 9 22 24 0 0 0 0 0 0 0 6 0 0 0 7 0 0 9 9 27 0 1 0 4 0 0 12 4 0 27 22 0 24 0 0 0 0 0 0 10 0 0 0 0 0 0 0 3 0 0 0 0 0 0 0 0 0 0 0 0 0 0 0 0 0 0 0 0 0 0 0 0 18 0 0 0 33 0 0 0 0 3 0 0 0 0 0 0 0 0 0 0 0 0 0 0 0 0 0 0 0 0 0 0 0 0 
0 0 0 0 0 0 0 0 0 0 0 0 0 0 0 0 0 0 0 0 0 0 0 0 0 0 0 0 0 0 0 0 0 0 0 0 0 9 0 0 0 0 0 0 0 0 0 0 0 0 0 0 0 0 0 0 0 0 21 0 10 12 0 0 0 0 0 0 6 0 0 0 0 0 0 0 0 0 0 0 0 0 0 0 3 9 0 1 0 24 0 0 0 0 3 0 0 0 0 4 0 18 0 0 0 4 0 0 0 0 0 0 0 0 0 0 0 0 0 0 0 0 0 0 0 0 0 0 0 0 0 0 0 0 7 0 0 0 4 0 0 0 0 0 0 0 0 0 0 0 0 0 0 0 0 0 0 0 0 0 0 0 0 0 0 0 0 0 
0 0 0 0 0 0 0 0 0 0 0 0 4 0 0 0 0 0 0 0 0 4 0 0 0 0 0 0 0 0 0 0 0 0 0 0 0 0 0 0 6 0 0 0 0 0 0 0 0 0 0 0 0 0 0 3 0 0 0 6 3 0 0 0 0 0 18 3 6 0 0 0 3 0 0 12 12 0 25 0 0 3 3 0 10 0 0 15 6 1 10 19 0 0 0 0 4 0 0 3 4 0 0 6 0 0 3 13 10 0 0 0 0 0 0 0 0 0 0 0 0 0 0 0 0 0 0 0 0 0 0 0 0 0 9 0 0 0 0 0 0 36 0 0 0 0 0 0 0 0 0 0 0 0 0 0 0 0 0 0 0 0 0 0 0 0 0 0 
0 0 0 0 0 0 0 0 0 0 0 0 0 0 1 19 0 0 0 0 0 0 0 0 0 0 0 0 15 0 0 0 0 0 0 0 0 0 0 0 0 0 0 0 0 0 0 0 0 1 0 0 0 24 1 0 0 0 0 3 4 0 15 12 21 0 0 6 0 7 0 18 4 0 0 0 7 0 0 0 0 0 0 0 3 0 0 0 7 0 0 0 12 0 0 21 12 0 0 30 3 0 0 0 0 0 0 6 0 7 0 0 0 0 0 0 0 0 0 0 0 0 0 0 0 0 0 0 0 0 3 0 0 0 0 0 0 0 0 0 0 0 0 0 0 0 0 0 0 0 0 0 0 0 0 0 0 0 0 0 0 0 0 0 0 0 0 0 
0 0 0 0 0 0 0 0 0 0 0 0 0 0 0 0 0 0 0 0 0 0 0 0 0 0 0 0 0 0 0 3 0 0 3 0 0 0 0 24 6 0 0 0 1 0 0 0 0 0 1 28 0 7 0 0 0 0 0 0 0 0 3 24 0 24 0 9 0 9 0 4 6 0 0 0 0 0 0 0 0 0 0 0 0 0 3 0 12 0 3 0 0 15 0 0 0 0 0 1 0 0 0 6 13 0 1 0 0 0 0 0 0 0 0 0 0 0 0 0 0 0 9 0 0 7 0 27 0 0 0 0 0 12 0 0 0 0 0 0 0 3 0 0 0 0 0 0 0 0 0 0 0 0 0 0 0 0 0 0 0 0 0 0 0 0 0 0 
0 0 0 0 0 0 0 0 0 0 0 0 0 0 0 0 0 4 0 0 0 0 43 0 0 0 0 0 0 0 0 0 0 0 0 0 3 0 0 0 0 0 0 7 3 0 15 18 19 0 0 3 0 0 0 0 0 0 7 0 0 0 0 0 0 0 0 0 0 4 12 0 0 0 0 0 0 0 0 0 0 0 0 6 0 0 10 9 0 12 0 9 1 0 0 3 10 12 0 0 18 0 0 9 0 1 24 3 0 1 0 0 0 0 0 0 6 0 0 0 0 0 0 0 0 0 0 0 0 0 0 0 0 0 0 0 0 0 0 0 0 3 0 0 0 0 0 0 0 3 0 0 0 0 0 0 0 0 0 0 0 0 0 0 0 0 0 0 
0 0 0 0 0 0 0 0 0 0 0 0 0 0 0 0 0 0 0 0 0 0 0 0 0 0 0 0 0 0 3 0 0 0 0 0 0 0 0 0 0 0 18 0 0 0 0 0 0 0 0 6 0 0 0 0 19 0 0 1 0 0 0 0 0 0 12 1 0 9 0 0 0 0 0 0 0 0 0 0 0 1 0 0 0 18 0 4 0 0 4 6 0 0 0 9 0 0 0 0 3 9 0 0 0 0 0 0 3 0 0 0 0 0 0 0 0 0 0 0 0 3 0 0 0 0 0 0 0 0 0 0 0 0 0 0 0 0 0 0 0 0 0 0 0 0 0 0 6 0 0 0 0 0 0 0 0 0 0 0 0 0 0 0 0 0 0 0 
0 0 0 0 0 0 0 0 0 0 0 0 0 0 9 0 0 24 0 0 0 0 0 0 0 0 0 0 0 0 3 0 0 0 0 0 0 7 0 0 0 0 0 0 0 0 0 1 0 0 0 0 3 3 0 0 0 0 0 9 0 15 0 1 0 0 0 0 0 22 0 0 0 0 0 0 0 0 0 0 0 0 0 6 0 0 0 0 3 0 18 0 3 0 3 1 19 0 0 0 0 18 1 7 0 0 0 0 0 0 0 1 0 0 0 0 0 6 0 0 0 28 0 0 0 7 0 0 0 0 0 0 0 0 0 0 0 0 0 0 0 0 0 0 0 0 0 0 0 0 0 0 0 0 0 0 0 0 0 0 0 0 0 0 0 0 0 0 
0 0 0 0 0 0 0 0 0 0 0 0 0 0 0 0 0 0 0 0 0 9 0 0 0 0 0 0 0 0 1 0 0 0 0 0 0 0 0 0 0 0 10 0 0 0 0 0 0 0 0 0 0 0 6 0 10 0 30 0 0 0 12 0 0 0 0 1 9 0 0 0 0 0 0 0 0 1 6 0 0 0 0 1 0 0 0 0 4 0 0 7 0 0 19 0 0 10 0 0 0 0 0 0 0 0 0 13 0 1 0 0 1 0 0 0 0 0 0 0 0 0 0 0 4 0 0 0 0 0 0 0 0 0 0 0 0 0 0 12 0 0 0 0 0 0 0 0 0 0 18 0 0 0 0 0 0 0 0 0 0 0 0 0 0 0 0 0 
0 0 0 0 0 0 0 0 0 0 0 0 0 1 7 0 0 0 0 0 0 0 0 0 0 0 0 0 0 0 6 0 0 6 0 10 0 0 21 1 0 0 0 3 0 0 3 15 15 0 0 0 13 0 1 0 0 0 0 0 15 12 0 30 22 0 0 0 0 0 0 0 0 0 0 0 0 0 0 0 1 0 0 0 1 1 0 0 0 0 1 0 15 0 0 7 0 0 0 0 9 0 21 0 0 19 0 0 0 3 0 0 0 0 0 0 0 0 0 0 0 0 0 0 0 0 0 0 0 6 0 0 0 0 0 0 0 0 0 0 0 0 0 0 0 0 0 0 42 0 0 0 0 0 0 0 0 0 0 0 0 0 0 0 0 0 0 0 
0 0 0 0 0 0 0 0 0 0 0 0 0 0 0 0 0 0 0 0 0 0 15 0 0 0 0 0 0 0 0 0 0 0 0 0 19 0 0 0 0 0 0 0 0 0 0 25 0 0 0 0 0 0 16 27 0 0 1 3 0 0 0 0 0 0 12 0 0 0 0 0 19 0 3 6 0 0 0 0 0 3 0 0 0 6 0 0 0 0 12 6 0 7 0 15 0 7 0 0 0 3 0 0 0 1 0 0 0 0 1 0 0 0 1 0 0 0 0 0 0 1 0 0 0 0 0 0 0 0 0 0 0 0 0 0 0 0 4 0 0 0 0 0 0 0 0 0 0 0 0 0 0 0 0 0 0 0 0 0 0 0 0 0 0 0 0 0 
0 0 0 0 0 0 0 0 0 0 0 0 0 0 0 0 0 0 0 0 0 0 0 0 0 0 0 0 0 0 0 0 0 0 0 0 0 0 0 0 0 0 0 0 0 25 0 0 6 12 0 0 0 0 1 30 0 1 0 4 0 0 12 0 3 1 0 22 0 0 12 0 7 0 0 0 15 1 0 0 24 0 0 0 0 1 0 0 3 0 0 12 0 15 12 0 0 0 0 9 0 0 18 4 0 0 0 1 0 27 0 0 0 0 0 0 0 0 0 0 0 0 0 0 0 0 0 0 0 0 0 0 0 0 0 0 0 0 0 0 0 0 0 0 0 33 0 0 0 0 0 0 0 0 0 0 0 0 0 0 0 0 0 0 0 0 0 0 
0 0 0 0 0 0 0 0 0 0 0 0 0 0 0 0 0 0 0 0 0 0 40 0 0 0 0 0 0 0 0 0 0 0 0 0 0 0 4 0 0 0 0 0 0 0 0 0 0 9 0 0 21 0 0 0 0 0 0 10 0 4 0 0 4 0 0 0 3 1 0 0 0 0 0 4 0 0 0 3 0 0 0 0 19 1 0 3 0 0 3 0 22 0 0 1 0 12 0 0 0 0 0 3 15 27 1 0 0 0 0 0 0 10 0 10 0 1 0 0 0 0 0 0 0 0 0 0 0 0 0 0 0 0 0 0 0 0 0 0 21 7 0 0 0 9 0 0 0 0 0 0 0 0 0 0 0 0 0 0 0 0 0 0 0 0 0 0 
0 0 0 0 0 0 0 0 0 0 0 0 1 0 0 0 0 0 0 0 0 0 0 0 0 0 0 0 0 0 4 0 0 0 0 0 0 0 0 0 0 0 0 6 0 0 0 7 0 0 0 0 0 0 0 9 0 0 0 1 9 0 0 0 0 0 0 0 0 4 0 0 0 0 0 0 6 0 0 0 0 0 0 0 0 0 0 3 6 0 3 15 0 4 0 27 0 9 0 0 0 9 0 0 1 0 6 0 0 0 0 0 0 0 0 0 0 0 0 0 0 0 0 0 0 0 0 18 0 0 0 0 0 0 0 0 0 0 0 0 0 0 0 0 0 0 0 0 0 0 0 0 0 0 0 0 0 0 0 0 0 0 0 0 0 0 0 0 
0 0 0 0 0 0 0 0 0 0 0 0 0 0 0 0 15 0 0 15 0 0 0 0 7 0 0 0 0 0 0 0 0 1 0 0 0 0 0 0 30 3 0 0 0 0 0 0 0 1 0 0 0 0 0 0 16 0 0 27 0 0 0 0 0 0 0 0 6 0 0 22 0 0 12 0 0 0 0 0 0 0 1 0 15 0 4 6 9 6 3 0 0 0 1 0 0 0 0 0 0 6 6 0 0 0 3 0 0 0 0 0 1 0 0 0 0 0 0 0 0 0 0 0 0 0 0 0 0 0 0 0 0 0 0 0 0 0 0 0 0 0 1 0 0 0 0 0 0 0 0 0 0 0 0 0 0 0 0 0 0 0 0 0 0 0 0 0 
0 0 0 0 0 0 0 0 0 0 0 0 0 0 0 0 0 0 18 0 0 0 0 0 0 0 0 0 0 10 0 0 0 0 15 0 9 0 0 0 0 0 0 0 9 0 0 0 0 7 0 0 0 0 0 3 0 0 6 3 0 0 0 0 0 0 0 0 0 0 6 1 0 4 12 0 3 0 12 0 18 3 6 0 1 0 0 0 3 0 0 0 4 18 0 1 0 0 21 0 0 0 4 0 0 0 0 9 28 0 0 0 0 0 0 0 0 0 0 0 0 0 0 0 0 0 0 0 0 0 0 0 13 0 0 0 0 0 0 0 0 0 0 0 0 0 0 0 0 0 0 0 0 0 0 0 0 3 0 6 0 0 0 0 0 0 0 0 
0 0 0 0 0 0 0 0 0 0 0 0 0 0 0 0 0 0 0 0 0 0 0 0 0 0 7 16 0 0 0 0 0 0 0 18 0 0 0 0 0 0 0 0 0 0 13 0 0 0 0 0 0 12 1 0 15 0 0 0 0 9 0 0 6 4 0 0 0 0 0 1 3 3 27 0 6 1 0 0 0 13 0 24 15 6 0 0 0 0 6 19 6 0 0 0 4 0 0 0 0 0 0 0 0 0 3 0 0 0 0 0 12 1 0 0 0 0 0 0 0 6 0 0 0 0 0 0 0 0 0 0 0 13 0 0 0 0 0 0 0 0 0 0 0 0 0 0 0 0 0 0 0 0 0 0 0 0 0 0 0 0 0 0 0 0 0 0 
0 0 0 0 0 0 0 0 0 0 0 0 0 0 0 0 0 0 0 0 0 0 0 0 0 0 0 0 0 0 0 0 0 0 0 0 0 0 0 0 0 0 0 15 0 0 0 0 0 0 3 0 0 0 18 0 0 1 0 0 0 0 0 0 0 0 0 0 0 1 4 1 0 6 0 6 0 0 4 3 0 0 0 0 0 3 12 3 0 0 0 1 0 0 0 0 0 0 0 0 3 18 0 0 0 4 0 0 0 0 0 0 6 0 15 0 0 0 0 27 0 0 0 21 0 0 0 0 0 0 0 0 0 0 0 21 0 0 0 0 0 0 0 0 0 0 0 0 0 0 0 0 0 0 0 0 0 0 0 0 0 0 0 0 0 0 0 0 
0 0 0 0 0 0 0 0 0 0 0 0 0 6 0 0 0 0 0 0 0 0 0 0 0 0 0 0 0 0 0 0 0 1 0 0 0 0 0 0 0 0 0 0 0 0 0 0 13 0 0 6 3 0 0 0 21 0 0 1 0 22 0 0 0 0 0 1 0 0 3 0 0 0 0 0 0 0 0 0 0 0 0 3 0 12 0 13 0 0 1 0 12 0 6 0 4 4 0 6 7 4 0 0 0 9 0 0 12 0 0 1 0 0 0 0 0 0 0 0 0 0 0 0 3 1 0 0 0 0 0 0 0 0 0 0 0 0 0 0 0 0 0 0 0 0 0 0 0 0 39 0 0 0 0 0 0 0 0 0 0 0 0 0 0 0 0 0 
0 0 0 0 0 0 0 0 0 0 0 0 0 0 0 0 0 0 0 0 0 0 0 0 0 0 0 0 0 0 0 0 0 0 0 0 0 0 0 0 0 0 0 0 22 0 0 0 0 0 3 3 13 0 0 0 3 0 0 6 0 0 0 10 0 6 0 0 0 0 0 0 0 0 0 0 0 0 0 0 1 0 3 0 0 0 0 0 0 6 6 0 0 6 0 25 0 0 0 0 9 0 0 0 0 0 4 24 0 0 0 0 18 0 0 0 0 0 3 0 0 1 0 3 0 12 0 0 0 0 0 0 0 0 0 27 0 0 0 0 0 0 0 0 0 0 0 0 0 0 0 0 0 0 0 0 0 0 0 0 0 0 0 0 0 0 0 0 
0 0 0 0 0 0 0 0 0 0 0 0 0 0 0 0 0 0 0 0 0 36 0 0 0 0 6 0 0 0 0 0 0 0 0 0 0 0 0 0 0 0 0 0 0 0 0 0 0 0 3 0 0 0 0 0 15 0 0 12 0 0 0 1 21 7 0 0 0 6 0 0 0 0 0 3 0 6 0 0 0 0 0 3 0 0 12 0 0 0 6 3 0 18 0 0 0 6 0 9 0 15 0 13 0 0 6 0 0 4 21 0 0 0 0 1 0 0 0 0 0 0 0 0 0 0 0 0 0 0 0 0 0 0 7 0 0 0 0 0 6 0 0 28 0 0 0 0 0 0 0 0 0 0 0 0 0 0 0 0 0 0 0 0 0 0 0 0 
0 0 0 0 0 0 0 0 0 0 0 0 0 0 0 0 0 0 0 0 24 0 0 0 0 0 0 0 0 0 0 1 0 0 3 0 6 0 0 0 0 0 0 0 0 0 0 0 0 7 0 0 0 0 0 0 0 0 12 0 0 0 0 0 0 0 4 0 0 3 0 0 9 0 18 0 0 0 28 0 0 0 0 0 0 0 0 0 0 0 3 0 7 0 15 0 0 0 0 19 0 0 0 0 1 0 0 0 0 0 1 0 0 0 1 0 0 0 0 0 4 0 0 0 0 7 0 0 0 0 25 0 0 0 0 0 4 0 0 0 0 0 0 3 0 0 0 0 0 0 0 0 0 0 0 0 0 0 0 0 0 0 0 0 0 0 0 0 
0 0 0 0 0 0 0 0 0 0 0 0 0 0 0 0 0 0 0 0 0 0 0 0 0 0 0 7 0 0 0 0 0 0 0 0 0 16 1 0 0 0 0 0 0 0 0 0 0 9 0 0 0 0 0 12 0 0 0 9 0 0 1 0 0 0 0 13 0 0 0 0 0 3 0 15 0 0 0 3 0 3 0 0 0 0 0 0 22 0 3 0 0 0 4 0 0 0 0 0 0 0 12 0 12 0 0 0 0 0 0 15 0 0 0 0 0 0 0 0 0 0 0 0 0 0 0 0 0 0 0 0 0 0 0 0 3 0 0 0 0 0 0 0 0 0 0 0 0 19 0 0 0 0 12 0 0 0 0 0 0 0 0 0 0 0 0 0 
0 0 0 0 0 0 0 0 0 0 0 0 0 0 0 0 0 0 0 0 0 0 0 0 0 0 0 0 0 0 0 0 0 0 0 0 0 0 0 3 3 3 0 0 0 0 0 4 0 3 0 0 0 12 3 3 0 0 0 0 16 0 0 0 0 0 0 0 0 0 9 1 0 18 0 6 0 6 0 0 0 0 0 0 0 0 15 0 0 6 0 0 0 0 0 25 0 0 0 0 6 0 0 0 0 0 0 0 0 3 0 0 0 0 0 0 0 0 1 3 0 0 0 0 0 0 0 0 0 0 0 0 30 0 0 0 0 0 0 0 0 0 0 0 0 0 0 0 0 0 0 0 0 0 0 0 0 1 0 0 0 0 0 0 0 0 0 0 
0 0 0 0 0 0 0 0 0 0 0 0 0 0 0 0 0 0 0 0 37 0 0 0 7 0 0 0 0 0 0 0 0 0 27 0 0 0 0 0 0 0 19 0 0 0 0 22 6 4 0 0 0 0 0 0 30 0 0 10 24 0 9 0 0 0 0 0 0 0 0 0 0 0 0 0 0 0 0 0 0 0 0 7 0 0 0 13 1 3 6 13 0 3 0 0 1 0 0 0 12 0 0 0 28 0 0 15 0 0 0 0 0 6 0 0 0 0 0 0 0 0 0 0 0 0 0 0 0 0 0 0 0 0 0 0 0 0 0 0 0 0 0 0 0 0 0 0 0 0 0 0 0 0 0 0 0 0 0 0 0 0 0 0 0 0 0 0 
0 0 0 0 0 0 0 0 0 0 0 0 0 0 0 0 0 0 0 0 0 0 0 0 0 0 0 1 0 0 0 0 0 0 0 0 0 0 0 0 0 0 0 0 0 0 0 0 0 9 0 0 0 0 0 0 0 12 0 0 0 0 0 15 0 0 0 0 0 0 0 1 0 0 0 0 9 0 9 0 0 0 0 0 0 12 0 0 1 6 15 0 22 0 0 0 0 10 1 0 0 3 0 0 0 0 0 0 0 0 0 0 0 0 0 0 0 0 0 0 0 0 0 0 0 0 0 0 0 24 0 0 0 0 0 0 0 0 0 0 0 0 0 0 0 0 0 0 0 0 0 0 0 0 0 0 0 0 0 0 0 0 0 0 0 0 0 0 
0 0 0 0 0 0 0 0 0 0 0 0 0 0 0 0 0 0 0 0 0 36 0 0 0 0 9 0 0 0 0 0 7 0 0 0 0 0 0 0 0 7 0 0 0 0 0 0 0 0 0 4 0 0 0 13 0 0 0 12 0 0 0 0 0 0 4 22 0 0 0 0 0 0 0 4 0 9 1 0 0 1 0 0 3 0 0 4 0 3 3 0 3 0 0 0 1 10 7 0 0 0 0 18 1 0 0 0 0 9 21 0 0 0 0 9 0 0 0 0 0 0 0 0 0 0 0 0 0 0 0 0 0 0 0 0 0 0 0 0 0 0 0 0 0 0 0 0 0 33 0 13 42 0 0 0 0 3 0 0 0 0 0 0 0 0 0 0 
0 0 0 0 0 0 0 0 0 0 0 0 0 0 0 0 0 0 0 0 0 19 0 0 0 0 4 4 4 0 0 0 0 0 0 0 0 0 0 0 0 0 0 9 0 10 0 3 0 0 0 6 0 3 0 0 0 0 0 0 0 0 0 0 0 0 0 0 0 0 0 0 1 0 3 0 0 9 0 0 0 0 0 21 0 0 12 0 0 3 0 0 4 0 0 3 0 9 0 0 9 1 0 0 3 0 0 13 0 0 0 0 0 0 0 0 7 0 0 0 0 0 0 0 0 0 0 0 0 1 0 0 0 0 0 0 0 0 0 0 0 0 0 0 0 0 0 0 0 0 0 1 0 0 0 0 0 0 0 0 0 0 0 0 0 0 0 0 
0 0 0 0 0 0 0 0 0 0 0 0 0 0 0 0 0 0 0 18 0 0 0 0 0 0 0 0 6 0 0 0 0 0 0 0 0 3 0 0 0 0 0 0 0 12 0 0 0 0 0 0 0 6 1 0 0 0 0 4 0 10 0 0 0 0 6 0 7 3 21 0 0 0 3 0 0 0 0 0 0 0 0 0 0 25 0 18 0 0 0 0 9 21 18 1 0 21 0 22 3 24 0 0 0 0 0 18 0 0 0 1 31 0 0 0 0 0 0 0 3 0 0 0 0 0 0 0 0 0 0 30 0 0 0 0 0 0 0 0 0 0 9 0 0 0 0 0 0 0 0 0 0 0 0 0 0 22 0 0 0 0 0 0 0 0 0 0 
0 0 0 0 0 0 0 0 0 0 0 0 0 0 0 0 0 0 0 0 0 0 0 0 0 28 0 0 0 0 0 0 0 0 0 0 0 0 15 0 0 0 1 30 24 0 0 0 0 0 0 0 0 0 0 1 1 0 0 0 4 13 0 0 0 24 0 15 0 15 0 0 0 0 0 0 0 0 0 0 0 0 3 0 0 3 0 0 0 0 0 0 0 0 0 0 0 6 0 0 0 6 0 0 1 0 0 0 0 7 0 9 0 0 0 0 0 0 0 0 0 0 0 0 0 0 0 12 0 0 0 0 0 0 0 0 0 1 0 0 0 0 0 0 0 9 0 0 0 0 0 0 0 0 0 0 0 0 0 0 0 0 0 0 0 0 0 0 
0 0 0 0 0 0 0 0 0 0 0 0 0 0 0 0 0 0 0 0 0 0 0 0 0 0 0 0 0 0 3 0 0 0 18 0 0 0 0 6 0 0 0 0 0 0 0 0 0 0 0 3 0 12 1 0 0 0 0 19 7 4 0 0 15 0 16 0 1 18 4 0 0 0 0 0 0 0 0 0 0 0 0 0 12 0 0 22 0 4 0 6 0 0 0 0 0 7 0 7 0 0 4 0 0 0 0 0 6 0 0 0 0 0 0 0 0 0 0 0 0 0 0 0 0 0 0 0 0 0 0 25 12 0 0 16 0 0 0 0 0 0 0 0 0 0 0 0 0 0 0 0 0 0 0 0 0 0 0 0 0 0 0 0 0 0 0 0 
0 0 0 0 0 0 0 0 0 0 0 0 0 0 0 0 0 0 0 0 0 0 0 0 0 0 0 0 0 0 0 0 0 0 7 0 0 0 0 0 0 0 0 0 0 0 6 0 0 0 15 0 0 21 21 0 0 3 0 0 22 0 0 0 6 15 0 0 0 1 3 9 0 13 0 0 0 0 0 0 6 0 0 0 0 0 0 0 0 9 0 0 0 0 0 0 0 15 21 0 0 0 10 0 0 0 0 0 0 0 3 0 0 0 0 0 0 0 0 0 0 0 0 0 0 0 0 0 0 0 0 3 0 0 0 0 0 0 0 0 0 0 0 0 0 0 0 0 0 0 0 0 0 0 3 1 0 0 0 0 0 0 0 0 0 0 0 0 
0 0 0 0 0 0 0 0 0 0 0 0 1 0 0 0 0 0 0 0 0 0 0 0 0 0 0 0 0 0 0 0 0 0 0 0 0 0 0 0 3 1 9 0 0 0 0 0 3 0 18 0 0 0 0 9 0 0 16 30 0 0 0 3 0 27 12 7 0 12 0 0 7 0 0 1 0 0 0 0 0 0 0 0 9 0 0 0 0 0 0 0 0 0 13 1 0 0 0 0 6 3 10 0 3 0 15 0 0 7 0 0 0 0 0 0 0 0 18 0 0 0 0 0 0 21 0 0 0 0 24 0 0 15 0 0 33 0 0 12 0 0 0 0 0 0 0 0 0 0 0 0 0 0 0 0 0 0 0 0 0 0 0 0 0 0 0 0 
0 0 0 0 0 0 0 0 0 0 0 0 0 0 0 0 0 0 0 0 0 0 0 16 0 0 0 0 0 0 0 0 0 0 1 22 0 25 0 0 6 24 1 0 0 0 0 0 10 0 0 0 0 0 0 0 15 0 0 0 0 0 15 6 3 0 3 19 0 0 0 0 0 10 4 0 7 0 15 0 0 0 0 0 1 0 0 0 0 0 0 0 9 0 0 0 13 15 7 13 9 0 0 0 0 0 0 18 0 0 0 1 0 0 0 0 0 0 0 0 0 0 0 0 0 0 15 0 0 0 0 0 0 0 0 0 0 0 0 25 0 0 0 0 0 0 0 0 0 0 0 0 0 0 0 0 0 0 0 0 0 0 0 0 0 0 0 0 
0 0 0 0 0 0 0 0 0 0 0 0 0 0 0 0 0 0 0 0 27 0 15 0 0 0 0 0 0 0 0 0 12 0 0 0 0 0 0 0 0 0 0 0 0 0 15 18 0 0 0 0 0 0 0 0 0 6 0 0 0 0 0 0 0 1 10 0 0 3 0 0 0 0 0 10 7 0 0 15 7 0 0 0 6 0 0 0 9 0 7 0 0 0 4 4 0 0 0 0 0 0 0 0 0 0 0 0 0 27 0 0 0 0 0 0 0 0 0 0 4 0 0 0 0 0 0 0 0 0 22 0 12 0 0 6 0 0 0 0 0 9 0 12 0 0 0 0 0 0 0 0 0 0 0 0 0 0 0 0 0 0 0 0 0 0 0 0 
0 0 0 0 0 0 0 0 0 0 0 0 0 0 0 0 0 0 9 0 0 0 0 0 0 0 0 0 0 0 3 0 0 7 0 0 0 4 0 25 0 0 0 0 0 12 0 0 12 3 18 0 0 0 0 0 13 0 0 0 12 0 0 0 0 0 0 0 18 7 0 9 6 0 15 0 0 0 0 0 0 12 0 0 15 0 0 0 18 1 0 0 0 16 15 0 3 0 0 0 18 0 0 0 0 10 0 12 0 0 0 0 0 0 0 1 0 0 0 0 0 0 0 0 0 0 0 0 0 21 0 0 0 7 0 0 0 0 0 15 3 0 0 0 0 16 0 0 0 0 0 0 0 0 0 0 0 0 0 0 0 0 0 0 0 0 0 0 
0 0 0 0 0 0 0 0 0 0 0 0 0 0 0 0 0 0 0 0 0 0 0 0 0 0 0 0 0 0 0 0 0 0 0 0 0 0 0 0 0 0 0 0 0 0 0 0 0 0 0 0 0 0 0 0 0 0 9 10 0 0 0 0 0 0 0 3 0 0 9 0 0 0 0 0 0 0 0 0 0 0 0 0 25 0 18 0 0 0 0 0 0 3 0 0 0 0 0 0 0 0 0 0 19 0 0 0 0 1 0 0 6 0 0 0 0 0 0 0 1 0 0 0 0 0 0 19 0 0 0 0 12 0 0 0 0 7 0 0 0 9 0 0 0 0 0 0 0 0 0 0 0 0 0 0 0 0 0 0 0 0 0 0 0 0 0 0 
0 0 0 0 0 0 0 0 0 0 0 0 0 0 6 4 0 0 0 0 0 0 0 0 0 0 12 0 0 0 0 0 9 0 0 0 0 0 0 0 0 15 0 0 21 9 0 0 0 3 0 0 0 7 0 0 6 9 0 0 10 0 12 0 0 0 0 0 1 0 0 0 7 3 0 0 0 3 0 6 0 0 9 0 0 0 0 0 1 0 0 0 28 0 9 0 18 0 21 0 0 0 15 0 0 7 0 0 0 0 0 0 0 0 0 0 0 0 0 0 0 0 0 0 0 0 0 0 0 0 0 0 0 0 0 0 0 0 0 0 0 0 0 0 21 0 0 0 0 0 0 0 0 0 0 0 0 0 0 0 0 0 0 0 0 0 0 0 
0 0 0 0 0 0 0 0 0 0 0 0 0 0 0 0 0 0 0 0 0 0 0 0 0 0 0 0 10 0 0 0 0 0 0 0 0 0 0 0 0 0 0 0 0 0 0 0 0 4 0 0 3 28 0 0 0 0 0 18 3 0 0 27 0 0 0 0 0 0 6 0 0 3 0 0 0 9 0 4 0 0 0 0 0 0 0 0 22 0 0 16 21 0 0 3 30 0 0 0 3 0 7 0 0 15 0 0 0 0 24 3 0 0 0 0 0 0 0 6 0 3 0 0 9 0 0 0 0 0 0 0 0 0 0 0 0 0 0 0 0 0 0 0 0 0 0 0 0 0 0 0 0 0 0 0 0 0 0 0 0 0 0 0 0 0 0 0 
0 0 0 0 0 0 0 0 0 0 0 0 0 0 0 0 0 0 0 0 0 36 0 0 0 0 24 0 0 0 0 0 0 0 0 0 0 0 0 30 0 0 0 0 0 24 0 0 0 1 27 0 0 0 9 0 0 15 0 0 0 6 24 0 0 0 0 6 0 0 0 0 0 0 0 0 0 0 0 0 1 25 0 0 0 0 0 0 9 0 3 0 0 0 9 0 0 0 9 0 4 4 4 0 0 3 1 0 0 0 0 0 0 0 0 0 0 0 0 0 0 0 0 0 0 0 0 0 0 0 0 0 0 0 0 0 0 3 0 0 0 0 0 0 0 0 0 0 0 0 0 0 0 0 0 0 0 0 0 0 0 0 0 0 0 0 0 0 
0 0 0 0 0 0 0 0 0 0 0 0 0 0 0 0 0 0 0 0 0 0 0 0 0 0 0 0 1 0 0 0 0 0 0 0 0 0 0 0 0 0 0 0 0 0 18 0 12 0 9 0 6 0 0 15 0 0 4 0 15 0 16 0 15 0 0 21 0 19 0 0 0 15 0 0 0 0 7 0 1 0 0 0 0 3 0 0 0 0 24 1 0 0 6 0 0 3 0 0 0 0 0 0 0 3 0 0 28 0 3 0 3 0 0 0 0 0 0 0 0 0 0 0 0 0 0 0 0 0 0 0 0 0 0 0 0 3 0 0 0 0 0 0 0 0 0 0 0 0 0 1 0 0 0 0 0 0 0 0 0 0 0 0 0 0 0 0 
0 0 0 0 0 0 0 0 0 0 0 0 0 0 0 0 0 0 0 0 0 0 0 0 0 0 13 0 0 0 0 0 22 0 1 0 0 0 0 6 0 0 0 0 0 18 0 10 3 0 15 0 0 0 0 3 10 0 0 0 19 0 0 0 12 3 0 0 1 4 0 0 0 0 0 0 0 0 0 3 0 0 0 0 3 0 0 0 0 0 6 0 0 9 0 7 0 0 19 0 24 22 0 22 16 0 0 0 0 0 0 0 0 0 0 0 1 0 0 0 0 0 0 0 0 0 0 0 0 0 0 0 0 0 0 9 0 0 0 0 0 0 18 0 0 0 1 0 0 0 0 0 0 0 0 0 0 0 0 0 0 0 0 0 0 0 0 0 
0 0 0 0 0 0 0 0 0 0 0 0 0 0 0 0 0 0 0 0 0 0 0 0 0 0 0 0 0 0 0 16 0 0 0 0 0 0 0 0 0 0 0 15 0 6 0 0 0 0 0 0 0 0 0 3 0 0 1 9 0 0 0 6 0 0 0 0 0 3 0 18 0 0 6 0 24 0 0 9 6 7 12 0 0 0 0 0 0 1 0 0 6 22 0 0 0 0 0 1 3 0 0 4 0 0 0 24 0 0 0 0 0 0 0 0 0 0 0 0 0 0 0 19 0 0 0 0 0 0 0 0 0 0 0 0 0 0 0 0 0 0 0 0 0 0 0 0 0 0 0 0 0 0 4 0 0 0 0 0 0 0 0 0 0 0 0 0 
0 0 0 0 0 0 0 0 0 0 0 0 0 0 0 0 0 0 0 0 0 0 0 0 0 0 0 0 0 0 0 0 0 0 0 0 0 13 0 0 0 0 0 0 4 1 0 0 0 15 0 3 0 0 1 0 3 0 0 0 0 0 0 0 0 0 0 0 0 12 0 1 0 0 10 0 0 19 0 0 0 0 0 0 0 0 6 0 0 0 0 13 0 3 4 0 15 21 0 7 21 0 0 0 1 0 0 0 0 0 0 0 0 0 0 0 0 0 0 0 0 0 0 0 0 15 0 0 0 0 0 0 0 0 0 0 0 0 0 0 4 13 0 0 0 0 0 0 0 0 0 1 0 0 1 0 0 0 0 0 0 0 0 0 0 0 0 0 
0 0 0 0 0 0 0 0 0 0 0 0 0 6 0 0 0 0 0 0 0 0 0 0 0 0 0 0 0 0 0 3 0 6 0 0 0 0 0 0 0 0 0 0 9 0 0 0 0 0 0 0 18 0 0 0 18 1 0 0 0 1 13 0 4 0 0 0 6 13 0 0 0 0 0 0 27 1 0 0 0 0 0 0 0 0 12 0 9 6 0 0 0 0 0 0 13 0 0 0 12 0 0 0 0 0 0 0 4 3 0 0 0 0 0 0 0 0 3 0 0 0 12 0 0 0 0 0 0 0 0 0 0 0 0 0 0 0 0 0 0 0 15 0 0 0 0 0 0 0 0 0 0 0 0 0 1 0 0 0 0 0 0 0 0 0 0 0 
0 0 0 0 0 0 0 0 0 0 0 0 0 0 0 0 0 0 0 0 0 0 0 0 0 0 0 18 0 0 0 0 0 0 0 6 0 0 0 0 0 0 0 0 3 0 0 0 3 1 0 0 0 0 3 0 1 0 0 0 3 0 0 0 6 0 0 0 9 3 0 0 0 0 0 1 0 0 0 0 0 1 0 0 0 19 1 0 0 0 6 0 0 1 0 0 0 6 0 18 0 0 28 0 12 0 9 0 0 1 0 3 0 1 0 0 0 0 0 0 6 0 0 0 0 6 0 0 18 0 0 0 15 0 33 4 0 0 0 0 0 0 0 0 0 0 0 0 0 0 24 0 0 0 0 0 0 0 0 0 0 0 0 0 0 0 0 0 
0 0 0 0 0 0 0 0 0 0 0 0 0 3 0 0 0 0 0 0 0 0 0 0 0 0 0 0 0 4 0 0 0 0 0 0 0 0 0 0 0 0 0 0 0 0 27 15 0 0 0 0 15 3 6 0 0 0 0 0 0 0 0 18 0 3 4 1 0 0 0 6 0 0 0 0 0 0 12 9 0 15 1 0 0 3 1 1 3 0 6 0 0 0 0 0 0 0 30 0 0 0 0 0 6 12 0 0 0 0 0 0 0 0 0 1 0 0 0 0 0 3 0 0 0 0 0 0 0 0 0 0 0 0 0 0 0 0 0 0 0 0 0 0 0 33 0 0 0 0 0 0 0 0 0 0 0 0 0 0 0 0 0 0 0 0 0 0 
0 0 0 0 0 0 0 0 0 0 0 0 0 0 0 0 0 0 0 0 0 0 0 0 0 0 0 0 0 0 0 0 0 0 0 0 0 0 0 0 0 1 0 3 0 0 0 0 0 7 0 0 0 0 0 0 13 0 0 3 0 0 0 0 0 15 0 0 0 25 0 0 0 0 0 0 0 12 0 0 0 0 3 0 18 0 0 6 0 3 0 3 19 0 15 0 6 10 10 27 0 0 19 0 0 6 0 0 0 0 0 0 0 0 0 6 0 6 0 0 0 0 0 0 0 0 0 0 0 0 0 0 0 0 0 0 0 0 0 0 0 0 0 0 0 0 0 0 0 30 0 0 0 0 0 0 0 0 0 0 0 0 0 0 0 0 0 0 
0 0 0 0 0 0 0 0 0 0 0 0 0 0 0 0 0 0 0 0 0 0 0 0 0 0 0 0 0 0 0 0 0 0 0 0 0 0 0 0 0 33 0 0 0 0 0 0 0 1 0 0 4 9 0 0 0 1 0 0 0 0 0 0 21 0 3 30 0 0 0 4 0 0 0 0 0 24 0 0 0 0 1 12 0 0 0 0 0 0 0 0 6 0 3 3 0 0 0 0 0 0 9 13 0 0 0 0 0 7 0 0 0 0 0 0 0 0 0 0 0 0 0 0 0 0 0 0 0 0 0 0 6 0 0 0 0 0 0 0 0 0 0 0 0 0 0 0 0 0 0 0 0 0 0 0 0 0 0 0 0 0 0 0 0 0 0 0 
0 0 0 0 0 0 0 0 0 0 0 0 0 0 0 0 0 0 0 0 0 0 0 0 0 0 0 0 0 0 0 0 0 28 0 28 0 0 1 3 0 0 0 0 0 1 0 0 3 1 0 0 4 0 1 9 0 18 0 6 0 12 0 0 0 0 3 0 1 1 0 0 21 0 0 0 0 3 0 0 0 6 0 0 0 0 0 15 0 3 0 18 0 0 6 4 0 6 0 0 0 25 0 0 0 9 0 0 0 0 0 0 0 0 0 0 0 0 0 0 0 0 0 0 3 0 21 0 0 0 0 0 0 0 0 0 0 0 0 0 0 0 0 0 0 0 0 0 0 0 0 0 0 0 0 0 0 0 0 0 0 0 0 0 0 0 0 0 
0 0 0 0 0 0 0 0 0 0 0 0 0 0 0 0 0 0 0 0 0 0 0 0 0 0 0 0 0 0 0 0 0 0 0 0 0 0 3 0 0 0 0 0 0 3 0 0 0 0 21 0 0 0 0 0 0 0 0 0 0 0 3 0 0 25 0 0 0 0 0 0 0 1 0 0 0 0 0 0 0 0 0 0 3 0 7 0 25 0 0 3 0 0 18 6 18 0 4 0 18 0 0 21 0 0 0 0 0 0 0 24 9 10 0 0 9 0 0 0 0 0 0 0 0 0 0 0 0 0 0 0 0 0 0 1 0 0 0 0 0 0 0 0 3 0 0 0 0 0 0 0 0 0 0 0 0 0 0 0 0 0 0 0 0 0 0 0 
0 0 0 0 0 0 0 0 0 0 0 0 0 0 0 0 0 0 0 0 0 4 0 0 0 0 0 0 0 0 0 0 4 0 0 0 0 0 0 0 1 0 1 0 0 0 12 3 0 0 3 0 0 0 21 0 0 0 0 0 0 0 3 18 0 0 0 0 0 0 0 0 0 0 3 0 0 0 0 0 7 0 4 3 3 13 0 1 0 0 12 19 0 0 0 0 0 0 24 0 0 0 0 0 7 0 0 0 0 0 0 0 24 0 0 0 0 0 0 1 0 0 0 0 0 0 0 9 0 0 0 0 0 0 0 0 0 0 0 0 0 0 0 0 0 0 22 0 0 0 0 0 0 0 0 0 0 0 0 0 0 0 0 0 0 0 0 0 
0 0 0 0 0 0 0 0 0 0 0 0 0 0 0 0 0 0 0 0 0 0 0 0 0 0 0 9 0 0 0 3 0 0 0 0 0 0 0 0 0 0 6 0 0 0 0 0 0 1 3 1 0 0 0 7 0 0 0 0 0 0 0 0 0 13 0 1 0 0 0 0 0 0 0 0 0 0 0 27 1 0 0 9 0 7 1 0 0 0 0 0 4 0 0 0 0 0 0 0 0 0 0 0 3 0 0 0 7 21 0 0 4 0 0 0 0 0 0 0 0 0 0 0 0 0 0 0 0 0 0 0 0 0 0 0 0 0 12 0 0 1 0 0 0 1 0 0 0 0 0 0 0 0 4 0 0 0 0 0 0 0 0 0 0 0 0 0 
0 0 0 0 0 0 0 0 0 0 0 0 0 0 0 0 0 0 0 0 0 0 0 0 0 4 0 0 0 0 0 1 1 0 0 0 0 0 0 0 0 0 0 0 0 0 0 0 0 0 0 0 6 0 0 21 0 0 0 0 0 0 0 0 4 0 7 0 0 19 9 0 0 0 0 0 0 0 12 13 0 0 0 0 0 0 0 0 6 0 0 6 0 0 1 19 6 6 6 0 0 0 18 3 10 0 0 0 0 0 0 0 0 0 0 0 16 0 0 0 0 0 0 0 0 0 0 7 13 0 0 0 0 0 0 0 0 0 0 0 0 0 0 0 0 0 0 0 0 0 0 0 0 0 0 0 0 0 0 0 0 0 0 0 0 0 0 0 
0 0 0 0 0 0 0 0 0 0 0 0 0 0 0 0 0 0 0 0 0 0 0 0 27 0 0 0 0 0 0 10 0 0 0 0 12 0 0 0 0 0 0 0 0 0 0 0 0 0 0 0 0 0 0 10 9 0 19 0 0 0 6 0 0 0 9 0 0 0 0 0 3 0 3 0 0 0 0 0 0 19 0 22 0 0 0 0 3 12 4 0 0 0 0 3 0 0 0 0 0 0 0 0 0 0 0 1 0 0 0 0 0 0 0 0 0 0 0 0 0 0 0 0 0 1 0 0 0 0 0 0 0 0 0 0 0 0 0 0 0 0 0 0 0 0 0 0 0 0 0 0 0 0 0 0 0 0 0 0 0 0 0 0 0 0 0 0 
0 0 0 0 0 0 0 0 0 0 0 3 0 0 0 0 0 0 0 0 0 0 0 0 0 0 0 0 0 0 0 0 0 0 0 0 0 0 28 3 0 0 0 0 0 0 0 9 0 0 0 6 0 0 0 0 18 0 18 0 0 0 0 0 24 0 0 0 0 0 0 0 0 0 0 12 0 0 0 0 0 0 0 0 0 0 0 0 0 0 0 0 0 0 0 0 7 0 0 1 30 0 0 0 0 0 0 0 0 0 1 0 1 0 0 0 0 0 0 0 0 0 0 0 0 0 0 0 0 0 0 0 0 0 0 0 0 0 0 0 0 0 0 0 0 0 0 0 0 0 0 0 0 0 0 0 0 0 0 0 0 0 0 0 0 0 0 0 
0 0 0 0 0 0 0 0 0 0 0 0 0 0 0 0 0 0 0 0 0 0 0 0 0 0 0 6 0 0 0 0 0 0 0 0 0 0 0 0 0 0 0 0 0 0 0 0 0 0 28 3 0 0 0 0 0 0 0 0 0 0 0 9 3 0 0 0 0 0 0 0 0 0 0 0 6 0 0 4 0 9 0 0 0 24 1 15 3 0 0 0 0 0 3 4 0 0 0 0 0 0 0 0 0 0 0 0 0 0 0 0 0 0 0 0 0 0 0 0 0 0 0 0 0 0 0 0 0 0 0 0 0 0 0 0 0 0 0 0 3 0 0 0 0 0 0 0 0 0 0 0 0 0 0 3 0 0 0 0 0 0 0 0 0 0 0 0 
0 0 0 0 0 0 0 0 0 0 0 0 0 0 0 0 0 0 0 0 0 0 3 0 0 0 0 0 0 0 0 0 0 0 3 0 0 0 0 0 0 0 0 7 0 0 0 0 0 7 0 0 0 0 3 0 0 0 0 0 9 0 3 0 0 0 6 0 0 0 0 0 3 3 0 0 0 0 0 0 0 0 3 0 0 0 0 12 0 0 3 0 0 0 0 3 1 0 0 0 0 9 10 0 0 0 0 0 0 0 0 0 0 3 13 0 0 0 30 0 0 0 0 0 0 0 0 0 0 0 0 0 0 0 0 0 0 0 0 0 0 0 0 0 0 0 0 0 0 0 0 0 0 0 0 0 6 0 0 0 0 0 0 0 0 0 0 0 
0 0 0 0 0 0 0 0 0 0 0 0 0 0 0 6 0 0 0 0 0 0 0 0 0 0 0 0 0 0 0 1 0 0 0 0 0 0 0 0 0 0 0 0 19 0 9 0 0 0 0 3 0 0 0 0 0 0 0 0 15 0 19 0 0 0 0 3 0 0 0 0 0 0 0 27 0 0 1 4 0 0 0 0 0 21 0 12 0 1 0 0 3 3 0 0 0 0 0 3 0 0 0 19 0 3 6 0 0 0 0 0 0 4 9 0 0 0 0 0 0 0 0 0 0 0 0 9 0 7 0 0 0 0 6 0 0 0 7 0 0 0 0 0 0 0 0 0 0 0 0 0 0 0 0 0 0 0 0 0 0 0 0 0 0 0 0 0 
0 0 0 0 0 0 0 0 0 0 0 0 0 0 0 0 0 0 0 0 0 0 0 0 0 0 0 0 0 0 0 0 7 1 0 0 3 0 0 0 0 0 0 0 0 0 0 0 0 18 0 0 0 0 0 0 0 0 0 12 6 0 0 0 0 3 0 0 0 6 0 0 0 0 0 0 0 0 0 0 0 0 0 0 0 0 6 0 0 0 12 0 0 0 0 3 0 0 18 4 0 0 0 0 0 0 0 0 0 7 0 4 0 3 0 0 0 0 0 0 1 0 9 0 0 0 7 0 0 0 0 0 0 0 0 0 0 0 3 0 0 0 0 0 0 0 0 0 0 0 0 0 0 0 0 12 0 0 0 0 0 0 0 0 0 0 0 0 
0 0 0 0 0 0 0 0 0 0 0 0 0 0 0 0 0 0 0 0 0 0 3 0 0 0 0 0 0 0 0 0 0 3 0 0 0 0 0 0 0 0 28 12 6 0 0 0 0 0 0 0 0 0 7 15 0 1 0 0 0 0 4 0 0 0 3 0 0 0 0 0 18 9 1 0 0 0 0 0 0 0 0 0 4 0 4 0 0 0 0 1 0 0 0 13 6 0 12 21 12 0 0 1 0 0 0 0 0 0 1 0 0 0 0 0 6 0 0 0 0 1 0 0 0 0 0 0 0 0 0 0 0 0 0 0 0 0 0 0 0 0 4 0 0 0 0 0 0 0 0 0 0 0 0 0 0 0 0 0 0 0 0 0 0 0 0 0 
0 0 0 0 0 0 0 0 0 0 0 0 0 0 0 0 0 0 0 0 0 0 0 0 0 0 0 0 0 0 0 0 0 1 0 0 0 0 0 1 0 0 0 0 0 0 0 3 0 0 4 27 0 0 0 30 18 0 0 6 0 0 12 0 0 0 0 0 0 3 27 0 7 0 0 0 0 0 0 0 0 24 0 21 0 0 0 1 0 12 0 0 0 0 0 0 19 0 0 0 0 0 0 0 0 0 0 0 0 0 0 0 3 0 12 0 0 0 6 0 0 0 0 0 9 0 0 0 0 0 30 0 0 0 0 0 0 0 0 0 0 0 0 0 0 0 0 0 0 0 0 0 0 0 0 0 0 0 0 0 0 0 0 0 0 0 0 0 
0 0 0 0 0 0 0 0 0 0 0 0 0 0 0 0 0 0 0 0 0 0 0 0 0 0 0 0 0 0 0 0 0 0 0 0 0 0 0 16 0 0 0 0 0 4 0 0 0 0 0 0 0 0 3 0 16 0 22 6 0 0 0 6 0 0 0 0 0 9 0 4 0 0 0 6 1 0 0 0 0 0 13 0 0 0 0 0 0 0 12 0 0 3 6 0 0 1 0 0 0 12 0 0 7 0 0 9 0 4 0 0 0 0 0 0 0 0 0 0 0 0 0 0 0 0 0 0 0 0 0 0 0 0 0 0 0 0 0 0 9 0 0 0 0 0 0 0 0 0 0 0 0 0 0 0 0 0 0 0 0 0 0 0 0 0 0 0 
0 0 0 0 0 0 0 0 0 0 0 0 0 0 0 0 0 0 0 0 0 0 0 0 0 0 0 1 0 0 0 0 0 0 0 0 0 21 10 0 4 0 0 31 0 0 0 0 0 0 0 0 13 0 1 15 0 0 31 0 0 4 15 0 0 0 0 0 0 0 0 0 0 0 0 0 0 0 0 0 0 3 1 1 1 1 9 0 0 0 16 0 0 12 0 0 0 0 18 0 12 0 0 0 0 0 0 0 4 0 0 0 0 0 22 0 0 0 0 0 0 0 0 0 0 0 0 0 0 0 0 0 0 0 0 0 0 0 0 0 0 0 0 0 18 0 0 0 0 0 0 0 0 0 0 0 0 0 0 0 0 0 0 0 0 0 0 0 
0 0 0 0 0 0 0 0 0 0 0 0 0 0 0 0 0 0 0 0 0 0 0 0 0 0 0 0 6 1 0 0 0 0 0 0 0 10 0 0 0 0 0 0 0 1 0 3 0 3 1 0 0 0 0 13 0 0 7 0 0 0 3 0 1 6 0 0 0 0 0 0 0 0 12 3 0 1 0 0 0 0 0 0 0 0 0 0 3 0 24 0 18 12 0 0 10 19 0 0 0 9 0 0 0 0 7 0 0 6 0 0 0 0 3 0 0 0 0 0 0 0 0 0 0 0 0 0 24 0 0 0 0 0 0 0 0 6 0 0 0 0 0 0 0 0 0 0 0 0 0 0 0 0 0 0 0 0 0 0 0 0 0 0 0 0 0 0 
0 0 0 0 0 0 0 0 0 0 0 0 0 0 0 0 0 0 0 0 0 0 0 0 0 0 0 0 0 0 0 0 0 0 7 0 0 0 0 33 0 0 0 0 0 0 0 0 0 0 0 0 0 3 0 0 1 16 0 0 0 0 0 0 0 9 0 0 1 0 0 21 0 0 0 3 6 27 0 0 3 3 0 1 18 6 0 3 0 0 0 0 0 0 4 0 0 6 6 0 9 0 0 1 19 0 0 0 0 0 0 0 0 0 0 0 0 0 0 0 0 0 0 0 0 0 0 0 0 0 0 0 0 0 0 0 0 0 0 0 0 0 0 0 1 0 0 0 0 0 0 0 0 0 0 0 0 0 0 0 0 0 0 0 0 0 0 0 
0 0 0 0 0 0 0 0 0 0 0 0 0 0 0 0 0 0 0 0 0 0 0 0 0 0 0 0 0 0 0 0 0 0 0 0 0 0 6 0 0 0 4 0 0 3 0 0 0 0 0 10 0 1 0 1 0 0 12 12 6 15 0 0 0 0 7 19 6 0 0 0 0 0 0 6 0 0 0 6 0 0 0 9 3 0 0 0 0 0 0 0 0 0 16 0 3 13 0 0 0 0 0 0 0 18 0 1 0 0 0 0 4 0 0 0 0 0 0 0 0 0 0 0 0 0 0 0 0 0 0 0 0 0 0 0 0 0 0 0 18 0 0 0 0 0 0 0 0 0 0 0 0 0 0 0 0 0 0 0 0 0 0 0 0 0 0 0 
0 0 0 0 0 0 0 0 0 0 0 0 0 0 0 0 0 0 0 0 0 0 0 0 0 0 0 0 0 0 0 0 0 0 0 0 0 0 0 0 0 15 0 0 0 0 0 0 0 0 0 0 1 10 0 0 15 0 0 0 0 0 0 0 16 4 0 0 0 0 0 0 0 0 0 0 1 0 0 0 0 0 0 0 0 0 0 0 0 13 0 1 1 0 18 0 0 0 19 0 24 3 0 0 0 0 0 3 0 0 0 0 0 0 0 0 13 0 0 0 0 0 0 0 0 0 0 0 1 0 0 21 0 0 0 0 0 0 0 0 0 0 0 0 0 0 0 0 0 0 0 0 0 0 0 0 0 0 0 0 0 0 0 0 0 0 0 0 
0 0 0 0 0 0 0 0 0 0 0 0 0 0 0 0 0 0 0 0 0 0 0 0 0 0 0 0 6 0 0 0 0 0 0 0 0 0 1 0 0 0 0 0 0 0 0 0 0 0 0 0 0 6 0 0 15 0 0 0 0 9 0 9 0 3 15 0 0 0 0 0 0 15 15 0 0 0 18 3 0 18 0 0 0 0 3 0 1 0 0 3 7 0 18 0 13 3 15 0 0 0 4 4 21 18 0 24 0 3 7 0 0 0 0 0 0 0 0 0 0 0 0 0 0 0 0 0 0 0 0 0 0 0 0 0 0 0 0 0 0 0 4 0 0 0 0 0 0 0 0 0 0 0 0 0 0 0 0 0 0 0 0 0 0 0 0 0 
0 0 0 0 0 0 0 0 0 0 0 0 0 0 0 0 0 0 0 0 0 0 0 3 13 0 0 0 0 0 0 0 0 0 0 0 0 0 0 0 0 6 0 0 18 0 0 0 1 0 0 0 0 0 0 0 0 9 0 0 0 0 0 0 0 0 0 15 0 0 0 0 0 15 3 0 3 0 0 18 0 0 0 0 0 1 0 0 0 12 0 0 6 9 0 0 0 0 7 0 10 3 0 0 0 0 9 0 0 0 0 0 0 0 0 0 0 0 0 16 0 1 0 0 0 0 0 0 0 0 0 0 0 0 0 0 0 0 0 0 0 0 0 0 0 0 0 0 0 0 0 0 0 0 0 0 0 0 0 0 0 0 0 0 0 0 0 0 
0 0 0 0 0 0 0 0 0 0 0 0 0 10 0 0 0 0 0 0 0 0 0 0 0 0 0 0 0 0 0 0 0 0 0 0 0 0 0 0 0 0 0 0 0 0 0 0 0 0 0 0 0 0 0 3 6 4 0 0 0 9 24 0 0 22 0 3 0 0 0 0 1 0 6 0 0 0 0 0 0 0 10 1 0 0 0 16 0 1 0 0 0 0 0 0 0 0 0 0 0 0 0 9 0 0 0 9 0 0 0 0 0 0 0 0 0 0 0 0 0 0 0 0 0 0 0 0 0 15 0 0 0 0 0 0 0 0 0 0 0 0 0 0 0 0 0 0 0 0 0 0 0 0 0 0 0 0 0 0 0 0 0 0 0 0 0 0 
0 0 0 0 0 0 0 0 0 0 0 0 0 0 0 0 0 0 0 0 18 0 0 0 0 0 0 0 0 0 6 3 0 0 0 0 9 0 0 0 0 0 0 0 0 0 19 0 0 1 3 0 0 3 0 0 0 0 9 0 9 0 0 0 0 0 0 0 3 0 0 0 0 0 0 0 0 10 0 0 3 0 0 0 0 0 0 0 0 0 0 30 0 10 0 0 0 6 0 0 0 0 3 0 0 0 0 0 3 0 0 12 0 0 0 0 0 4 0 0 0 0 0 0 0 0 0 0 0 0 0 0 0 0 0 0 0 0 0 0 0 0 0 0 0 0 0 0 0 0 0 0 0 0 0 0 0 0 0 0 0 0 0 0 0 0 0 0 
0 0 0 0 0 0 0 0 0 0 0 0 0 0 0 0 0 0 0 0 0 0 0 0 0 0 0 0 0 0 0 0 0 0 0 0 0 0 0 0 0 0 0 0 0 0 9 0 0 0 0 0 6 12 0 0 19 1 0 3 13 15 0 1 12 0 0 0 0 3 12 0 22 12 9 15 0 0 0 0 0 0 0 0 0 0 1 0 0 0 3 1 0 0 7 0 0 0 24 0 6 0 0 0 6 21 0 12 0 0 3 0 0 0 0 0 0 0 0 0 0 0 0 0 0 0 0 0 0 16 0 0 0 0 0 4 0 0 0 0 0 0 0 0 0 0 0 0 3 0 0 0 0 0 0 0 0 0 0 0 0 0 0 0 0 0 0 0 
0 0 0 0 0 0 0 0 0 0 0 0 0 0 0 0 0 0 0 12 0 0 0 0 0 0 0 0 0 0 6 0 0 0 0 0 0 0 0 0 0 0 0 0 0 0 3 0 0 0 0 27 12 6 0 0 0 0 0 0 0 0 12 1 0 10 0 0 3 3 4 0 3 0 0 1 0 0 3 0 1 3 0 3 9 4 0 1 0 0 0 0 10 0 6 0 15 0 0 9 0 24 0 0 0 3 18 3 0 0 0 0 0 0 0 3 0 0 0 6 0 0 0 0 0 0 0 0 0 0 0 0 0 0 0 0 0 0 0 4 0 0 0 0 0 0 0 0 0 45 0 0 0 0 0 0 0 0 0 0 0 0 0 0 0 0 0 0 
0 0 0 0 0 0 0 0 0 0 0 0 0 0 0 0 0 0 0 0 30 0 0 0 0 12 0 0 0 0 18 0 0 0 7 0 0 0 0 0 0 0 0 0 0 1 0 0 0 3 0 3 0 0 1 0 0 0 0 0 0 0 0 0 0 0 0 1 0 0 0 0 0 0 0 12 0 0 0 0 0 1 0 0 9 0 9 0 0 0 4 0 0 0 0 7 0 16 12 18 3 0 7 0 1 15 0 10 24 0 0 0 4 0 0 0 0 0 0 0 0 0 9 0 0 0 0 0 0 0 0 18 0 0 0 0 0 0 0 0 0 0 0 0 0 0 0 0 0 0 0 0 0 0 0 0 0 0 0 0 0 0 0 0 0 0 0 0 
0 0 0 0 0 0 0 0 0 0 0 0 0 0 0 0 0 0 0 0 0 0 0 0 0 0 0 0 0 0 0 1 0 0 0 7 0 0 0 0 0 0 0 0 0 24 6 0 0 0 6 0 0 0 0 0 1 0 0 19 0 0 4 0 0 0 0 0 0 0 0 0 0 0 0 0 0 0 0 0 3 19 0 0 0 0 0 0 0 0 0 0 9 0 3 0 0 0 0 0 0 0 0 9 0 0 0 0 0 1 0 1 0 0 0 0 0 0 0 0 0 0 0 0 0 0 0 0 0 0 0 0 0 0 0 0 18 0 0 0 7 6 0 4 0 0 0 0 0 0 0 0 1 0 0 0 0 0 0 0 0 0 0 0 0 0 0 0 
0 0 0 0 0 0 0 0 0 0 0 0 0 0 0 0 0 0 0 0 0 0 0 0 0 0 0 0 0 0 0 0 0 0 0 0 0 0 0 0 0 0 0 0 0 0 0 0 19 0 15 15 0 0 0 0 0 0 0 30 0 18 9 9 0 0 0 0 0 0 0 3 0 0 0 10 0 0 6 6 22 0 0 12 0 18 0 13 3 0 12 12 9 9 7 0 0 0 0 0 13 0 0 0 0 18 0 0 0 0 0 0 0 12 1 0 0 0 0 0 0 0 0 0 0 0 0 0 0 0 0 0 0 0 0 0 0 0 6 0 0 0 0 0 0 0 0 0 0 0 0 0 0 0 0 0 0 0 0 0 0 0 0 0 0 0 0 0 
0 0 0 0 0 0 0 0 0 0 0 0 0 0 0 0 0 0 0 0 0 0 0 0 30 0 0 0 0 0 0 0 0 0 0 0 0 0 0 0 0 0 0 0 0 3 0 0 0 0 0 0 0 0 0 3 0 0 0 0 0 0 0 10 0 0 0 7 9 0 0 0 4 0 0 0 9 0 1 6 0 10 0 0 0 0 1 0 1 7 0 7 0 0 6 0 0 0 0 0 7 0 0 12 16 0 1 0 0 10 12 4 0 0 0 1 0 0 0 0 0 0 0 0 0 1 0 0 0 0 12 0 0 0 0 0 0 0 0 0 0 0 6 0 7 0 0 0 0 0 0 0 0 0 42 0 0 0 0 0 0 0 0 0 0 0 0 0 
0 0 0 0 0 0 0 0 0 0 0 0 0 0 0 0 0 0 0 0 0 0 0 0 0 0 0 0 0 0 0 0 0 0 0 0 0 0 0 7 0 3 0 0 0 0 0 0 0 0 0 0 0 0 0 0 0 0 0 16 0 0 0 18 18 1 6 0 0 4 0 6 0 0 0 12 6 1 0 0 0 0 0 0 0 10 0 0 0 1 4 6 0 0 9 0 6 9 0 3 18 0 30 21 12 10 3 0 1 0 0 0 0 0 15 0 0 0 0 6 0 0 1 0 0 0 0 0 0 0 0 0 0 0 0 0 0 0 0 0 0 0 0 0 0 0 0 0 0 0 0 0 0 0 0 0 0 0 0 0 0 0 0 0 0 0 0 0 
0 0 0 0 0 0 0 0 0 0 0 0 0 0 0 0 0 0 0 0 0 0 0 0 0 0 0 0 0 0 0 0 0 0 0 0 0 0 0 18 0 0 7 0 18 0 4 0 0 0 0 0 0 0 1 0 0 0 6 0 0 18 0 0 0 0 0 24 0 0 0 0 1 6 0 22 0 0 0 10 0 0 0 0 0 0 0 0 0 3 0 1 3 27 3 3 1 0 0 0 25 0 0 0 0 0 0 0 0 0 0 0 12 0 0 0 0 4 0 0 0 0 0 0 0 12 0 15 0 0 0 3 0 0 0 0 0 4 0 0 0 0 0 0 0 0 0 0 0 0 0 0 0 0 0 0 0 0 0 0 0 0 0 0 0 0 0 0 
0 0 0 0 0 0 0 0 0 0 0 0 0 0 0 0 0 0 0 0 0 0 0 0 0 0 0 0 3 0 28 6 4 0 0 0 0 0 0 0 0 0 0 0 0 0 0 0 0 0 0 0 0 0 0 0 0 0 0 0 0 0 0 0 0 0 0 3 0 0 0 9 0 6 0 0 12 0 0 0 4 1 0 0 0 3 3 24 0 0 3 10 0 9 4 0 1 0 0 0 0 0 9 0 1 0 0 15 0 0 0 0 0 0 0 0 0 0 0 0 0 0 0 0 0 0 0 0 0 6 0 4 0 0 18 0 0 0 0 0 0 0 0 0 0 0 0 0 0 0 0 0 0 0 0 0 0 0 0 0 0 0 0 0 0 0 0 0 
0 0 0 0 0 0 0 0 0 0 0 0 0 0 0 0 0 0 0 0 31 0 0 0 0 0 0 0 0 0 0 0 0 0 6 0 0 0 0 0 0 0 28 33 0 0 0 0 0 0 0 6 9 0 0 7 0 0 0 28 0 0 0 0 0 0 6 0 0 0 0 0 1 0 0 3 0 0 0 0 0 0 6 3 0 1 0 0 0 0 0 0 3 0 0 1 0 0 0 0 0 0 0 0 10 0 0 0 3 0 0 0 0 0 0 0 0 0 0 0 0 0 0 0 0 0 0 21 0 0 0 0 0 0 0 0 0 0 0 34 9 0 0 0 0 0 0 0 0 0 0 0 0 0 0 0 0 0 0 0 0 0 0 0 0 0 0 0 
0 0 0 0 0 0 0 0 0 0 0 0 0 0 0 0 0 0 0 0 0 0 0 0 0 0 0 0 0 0 0 0 0 0 0 0 0 0 7 0 3 24 0 0 0 0 0 0 0 3 3 0 6 0 0 0 0 0 0 0 0 0 0 0 18 18 16 4 6 10 1 0 0 0 0 0 0 0 3 0 3 0 0 21 0 24 0 10 0 9 10 0 0 0 0 0 0 9 1 0 0 4 0 0 3 0 0 0 0 0 1 0 0 0 3 0 0 0 0 0 0 0 0 0 0 0 0 0 0 0 0 0 0 0 0 0 0 0 0 0 0 0 0 0 0 6 9 0 0 0 0 1 0 0 0 0 0 0 0 0 0 0 0 0 0 0 0 0 
0 0 0 0 0 0 0 0 0 0 0 0 0 0 0 0 0 0 0 0 0 0 0 0 0 0 0 0 0 0 0 0 0 0 0 12 0 0 0 0 0 0 0 0 0 0 0 3 0 9 0 0 0 9 27 10 27 0 0 0 0 0 0 12 0 0 0 25 0 18 0 0 0 18 0 0 0 0 0 0 0 4 0 0 0 7 0 0 0 0 0 0 0 6 0 0 0 0 18 0 0 28 0 0 7 0 1 0 0 0 0 0 3 0 0 0 0 0 12 0 0 0 0 0 3 0 0 7 30 0 0 0 0 0 0 0 0 0 0 0 0 0 0 0 0 0 0 0 0 0 0 0 0 0 0 0 0 0 0 0 0 0 0 0 0 0 0 0 
0 0 0 0 0 0 0 0 0 0 0 0 0 0 0 0 0 0 0 0 0 0 0 0 0 0 0 0 0 0 0 0 0 1 0 0 10 12 0 0 0 0 0 0 3 0 0 0 0 0 0 0 0 0 9 0 21 0 0 0 0 1 0 0 0 1 0 0 1 1 0 0 0 0 0 0 0 0 0 0 3 0 9 4 18 0 1 0 0 0 0 6 0 0 0 0 3 0 27 25 0 0 0 0 0 15 0 10 1 0 0 1 0 0 1 0 13 0 0 0 0 0 0 0 18 0 0 0 15 0 0 0 0 0 22 0 0 0 0 0 12 0 0 0 0 0 0 0 0 0 0 0 0 0 0 0 0 0 0 0 0 0 0 0 0 0 0 0 
0 0 0 0 0 0 0 0 0 0 0 0 0 0 0 0 0 0 0 0 0 0 0 0 0 0 0 0 0 0 0 0 0 0 0 0 15 0 6 0 0 0 3 0 0 0 0 3 0 0 0 0 10 0 0 0 0 0 10 0 0 0 0 25 6 24 0 3 0 6 0 10 3 0 1 15 0 13 3 0 0 1 16 9 0 0 0 0 6 0 0 0 0 3 16 0 0 0 0 0 18 0 0 30 0 0 0 6 0 3 0 0 0 0 0 0 0 7 0 3 0 0 0 0 0 0 0 0 0 0 0 0 0 3 0 0 0 0 0 0 0 0 0 0 0 0 0 0 0 0 0 0 0 0 0 0 0 0 0 0 0 0 0 0 0 0 0 0 
0 0 0 0 0 0 0 0 0 0 0 0 0 0 0 0 0 0 0 0 0 0 0 0 0 0 0 0 0 0 0 0 0 0 0 0 0 0 0 0 0 0 0 0 0 0 0 3 0 0 0 0 0 6 0 0 0 1 0 10 0 0 9 0 3 0 0 6 0 28 0 1 0 10 0 0 0 0 9 0 0 0 6 0 0 0 0 0 9 0 3 0 12 0 0 7 0 13 0 12 0 0 0 13 0 0 0 0 0 0 3 0 0 0 0 0 0 0 0 0 0 0 0 0 0 0 0 0 0 0 0 0 0 24 0 0 0 0 0 0 9 0 0 0 0 0 24 0 0 0 0 0 0 0 0 0 0 0 0 0 0 0 0 0 0 0 0 0 
0 0 0 0 0 0 0 0 0 0 0 0 0 0 0 0 0 0 0 28 0 0 0 0 12 0 0 0 12 0 0 0 0 0 0 3 0 0 18 0 0 0 16 0 0 0 0 7 0 0 0 0 0 0 0 0 13 0 0 0 0 0 0 0 4 0 0 0 21 0 0 0 0 0 0 12 0 9 1 0 0 0 0 0 0 3 0 4 0 3 0 0 0 1 0 0 0 0 0 0 0 6 0 0 1 15 0 0 0 0 0 1 12 0 0 0 0 0 0 0 0 0 0 0 0 0 0 0 0 0 0 0 0 0 0 0 0 0 34 0 0 0 0 0 0 0 0 0 0 0 0 0 0 0 1 0 0 0 0 0 0 0 0 0 0 0 0 0 
0 0 0 0 0 0 0 0 0 0 0 0 0 0 0 0 0 0 0 0 0 0 0 0 0 0 13 6 0 0 3 0 0 3 0 0 0 0 0 0 0 0 0 0 0 0 0 0 0 0 0 0 0 0 16 3 0 0 0 0 0 0 3 10 1 3 0 0 0 0 19 9 0 0 4 0 0 0 24 0 0 0 4 0 15 0 0 0 0 0 0 3 3 0 13 6 0 0 0 0 9 0 0 6 0 0 3 3 0 1 0 0 0 9 0 0 0 0 0 0 0 0 0 0 0 15 0 0 0 13 0 0 0 0 0 0 0 0 7 0 0 0 0 0 0 0 0 0 0 0 0 0 0 0 0 0 36 0 0 0 0 0 0 0 0 0 0 0 
0 0 0 0 0 0 0 0 0 0 0 0 0 0 0 0 0 0 0 0 0 0 0 0 0 0 0 3 0 0 0 0 0 0 0 0 18 0 0 0 0 3 0 0 9 0 0 0 0 12 0 0 25 3 0 0 0 13 0 0 0 0 19 0 0 0 0 0 0 1 0 9 0 0 0 0 9 24 0 0 24 7 4 3 0 0 3 0 0 0 3 0 0 3 0 27 0 0 0 3 0 0 0 0 0 0 0 3 0 0 0 0 0 1 1 0 0 0 0 0 0 0 0 0 0 0 0 0 0 0 0 0 0 0 0 0 0 0 0 0 0 12 0 4 0 0 0 0 0 0 0 0 0 0 0 0 0 0 0 0 0 0 0 0 0 0 0 0 
0 0 0 0 0 0 0 0 0 0 0 0 0 0 0 0 0 0 0 0 0 0 0 0 0 0 0 0 0 0 1 0 0 0 12 0 3 0 1 0 0 0 0 0 0 0 0 0 0 0 0 0 0 0 0 1 0 0 3 0 0 0 22 0 0 0 3 0 15 0 0 0 0 0 0 3 0 0 0 0 15 0 0 0 0 0 3 19 0 0 0 18 0 9 18 0 21 0 16 0 0 0 0 16 0 21 0 4 3 0 0 3 0 0 0 0 0 0 3 0 0 0 0 0 0 0 0 0 10 0 0 30 0 0 0 0 0 0 0 0 0 0 0 0 0 0 0 0 0 0 0 0 0 0 0 0 0 0 0 0 0 0 0 0 0 0 0 0 
0 0 0 0 0 0 0 0 0 0 0 0 3 0 0 0 24 0 0 0 0 0 0 0 0 0 0 0 0 0 0 0 0 0 0 0 0 0 0 0 0 0 0 25 0 15 0 4 0 9 0 18 0 0 0 0 0 0 0 0 0 27 0 0 0 0 0 0 0 0 0 0 3 0 0 0 0 0 9 0 0 9 0 0 0 6 0 0 0 12 0 1 0 0 0 0 1 4 1 0 1 1 0 0 0 0 3 0 0 6 0 0 0 0 0 0 0 0 3 0 0 0 0 0 0 0 0 6 0 0 0 0 0 0 0 0 0 0 0 7 0 0 0 6 0 0 0 0 7 0 0 0 0 0 0 0 0 0 0 0 0 0 0 0 0 0 0 0 
0 0 0 0 0 0 0 0 0 0 0 0 0 0 0 6 0 0 0 37 0 0 0 0 0 0 0 0 0 0 0 0 0 0 0 0 0 0 0 0 0 0 0 0 0 0 0 0 13 0 6 0 0 3 0 0 4 0 0 0 0 21 0 21 3 6 0 0 0 0 0 0 0 0 0 0 0 0 0 3 0 0 0 0 0 0 18 0 3 0 0 0 3 0 0 7 0 0 0 0 0 10 0 0 3 0 0 0 0 0 0 0 1 0 0 0 0 0 0 0 0 3 0 0 0 0 0 0 6 0 0 0 0 0 1 0 0 0 0 0 0 0 0 0 0 0 0 0 0 0 0 0 0 0 0 0 0 0 0 0 0 0 0 0 0 0 0 0 
0 0 0 0 0 0 0 0 0 0 0 0 0 0 0 0 0 0 0 0 0 0 0 0 0 0 0 0 0 0 0 0 0 0 0 0 24 0 0 0 0 6 0 0 0 0 0 0 0 0 0 0 0 0 0 0 0 0 12 0 0 6 0 0 3 0 0 0 0 0 0 0 0 0 0 0 0 0 0 15 12 18 0 6 22 0 0 9 3 0 9 0 9 25 0 0 0 3 0 1 0 6 0 0 9 0 6 0 0 0 0 0 0 0 0 0 0 0 0 0 0 0 0 0 0 0 0 0 0 0 0 0 0 0 0 0 0 0 0 21 0 1 0 0 1 0 0 0 0 0 0 0 0 0 0 0 0 0 0 0 0 0 0 0 0 0 0 0 
