0 0 0 3 0 0 0 0 0 0 0 0 0 0 0 0 0 1 0 0 0 0 0 0 0 0 0 0 0 0 0 0 0 0 0 0 0 0 0 0 0 3 0 0 0 0 0 0 0 0 0 24 0 7 0 0 0 0 0 0 0 1 0 3 1 0 6 3 0 0 3 0 1 0 10 0 0 0 0 9 0 0 9 0 0 0 19 0 0 0 0 0 0 0 3 0 0 3 0 0 0 0 0 0 0 0 6 0 0 0 0 0 0 15 0 0 0 0 0 0 30 21 0 0 0 0 0 0 0 0 0 0 0 0 0 0 0 0 0 0 0 0 0 0 0 0 0 0 0 0 0 0 0 9 0 0 0 0 0 0 0 0 13 0 0 0 0 0 
0 0 0 0 0 0 0 0 0 0 0 0 0 0 0 0 0 0 0 0 0 0 0 0 0 0 0 0 0 0 0 0 0 0 0 0 0 1 0 0 0 9 0 0 0 7 0 0 0 30 0 0 0 3 6 0 0 0 0 0 0 0 0 4 3 0 0 0 0 0 7 0 0 0 0 3 10 9 0 0 19 1 10 0 0 1 6 6 24 0 0 0 6 0 0 3 0 0 3 0 0 0 0 0 0 0 0 0 0 0 0 0 18 0 0 0 0 0 3 0 0 0 0 0 0 0 0 0 27 0 24 0 0 0 0 0 0 12 1 0 0 0 0 0 0 0 0 0 0 0 0 0 0 0 0 0 0 0 0 3 0 0 0 0 0 0 0 0 
0 0 0 0 0 0 70 0 6 13 0 0 0 0 0 0 0 0 0 0 0 12 0 0 0 7 0 0 0 0 0 0 0 0 0 13 0 0 16 0 0 0 0 0 0 0 0 0 0 0 0 0 0 22 10 0 0 1 0 0 0 1 0 0 0 9 0 0 4 0 0 0 0 0 0 0 0 0 9 0 12 0 0 0 6 1 19 0 0 0 0 0 0 0 0 9 0 0 0 0 0 0 12 0 0 0 10 0 0 0 0 0 0 0 0 0 0 0 0 0 0 0 0 0 0 0 0 0 0 0 0 0 0 0 0 9 0 0 0 0 0 0 0 0 0 0 0 0 0 0 0 0 0 0 0 0 0 0 0 0 0 0 0 0 0 0 0 0 
0 0 0 0 0 33 0 0 0 0 0 0 0 0 0 0 0 0 0 0 0 0 0 3 0 0 0 0 0 0 0 0 0 0 3 0 0 0 0 0 25 0 0 0 16 0 0 0 0 0 0 0 0 0 0 16 9 0 15 0 0 0 1 0 0 0 0 0 0 0 0 0 3 10 0 0 3 0 0 27 9 0 0 0 0 0 24 21 0 0 0 0 0 0 0 21 0 0 0 0 0 0 0 0 0 0 0 0 0 0 0 0 0 0 0 6 0 0 0 0 0 0 0 0 0 0 0 0 0 0 0 0 0 6 0 0 3 0 0 0 15 3 0 0 0 0 0 0 0 0 0 0 0 0 0 0 0 0 0 0 0 0 0 0 0 0 0 0 
0 0 0 0 0 0 0 0 0 0 0 0 0 0 0 0 0 0 0 0 0 0 1 0 0 0 0 0 0 0 0 0 0 0 0 0 0 0 0 0 0 0 0 0 0 0 0 0 24 4 0 0 21 15 0 19 0 0 0 0 0 0 0 0 6 0 0 0 0 1 0 19 0 0 0 12 0 0 3 10 12 1 0 9 0 0 0 0 0 9 0 0 0 0 0 10 0 0 0 0 7 0 0 0 0 0 0 0 0 0 0 0 3 0 0 0 0 0 0 0 0 0 0 0 0 0 0 0 0 18 0 0 0 0 0 0 0 0 0 0 0 0 0 0 0 0 0 0 0 0 0 0 0 0 0 0 0 0 0 0 0 0 0 0 0 0 0 0 
0 0 0 0 0 0 0 0 0 0 0 0 0 0 0 0 0 0 0 0 0 0 0 0 0 0 0 0 0 0 0 0 0 0 0 0 0 0 0 0 0 0 0 12 0 0 0 0 25 0 25 21 0 0 0 16 0 0 0 0 0 0 4 0 0 0 1 0 6 0 1 0 0 0 25 0 24 0 0 9 12 0 0 0 13 0 0 16 1 1 0 0 0 10 0 1 0 0 0 3 0 0 0 0 1 4 0 0 0 0 0 0 0 0 0 0 0 0 0 1 1 0 0 0 0 1 0 0 0 0 0 0 0 0 0 0 0 0 7 0 0 0 0 0 0 0 0 0 16 0 0 0 0 0 0 0 0 0 0 0 0 0 0 0 12 0 0 0 
0 0 0 0 0 0 0 0 0 0 0 0 0 0 0 0 0 0 0 0 0 0 0 0 0 0 0 0 1 0 0 0 0 0 0 0 0 0 0 0 0 0 0 0 7 0 0 0 0 9 0 0 0 0 0 0 0 0 0 0 0 6 0 4 0 22 0 7 0 0 0 0 3 0 0 0 0 0 9 0 0 4 0 0 1 18 0 15 1 0 0 3 0 25 0 0 3 0 0 0 0 0 0 0 0 0 0 0 0 18 0 0 1 0 3 4 0 0 0 0 0 0 0 0 0 0 0 0 0 0 0 0 0 19 0 0 0 0 0 0 0 0 12 0 0 0 0 0 0 0 0 0 0 0 0 0 0 0 0 0 0 0 0 0 0 0 0 0 
0 0 0 0 0 0 0 0 0 0 0 0 1 0 0 0 0 0 0 0 0 0 0 0 0 0 0 0 0 3 0 0 0 0 0 0 0 0 18 0 3 0 4 0 0 0 0 0 0 0 0 0 0 0 0 0 0 0 1 0 0 0 0 0 3 1 12 0 4 0 15 10 0 3 0 1 0 0 0 12 0 9 0 12 0 19 3 3 3 0 6 0 0 0 15 0 0 0 0 0 6 0 0 0 0 27 0 0 0 0 0 1 0 1 0 0 9 0 0 0 0 0 0 0 0 0 0 0 0 0 0 0 0 0 0 0 0 0 0 0 0 0 0 0 0 0 0 0 0 0 0 0 0 0 0 0 0 0 0 0 0 0 0 0 0 0 0 0 
0 0 0 0 0 0 0 0 0 7 0 0 0 0 0 0 0 0 0 0 0 0 0 0 0 0 0 0 0 0 0 0 0 0 0 0 0 0 0 0 0 0 0 0 0 0 0 3 0 0 0 0 1 0 0 0 0 0 15 0 0 3 0 3 0 0 0 0 9 0 0 0 24 0 0 0 0 1 0 0 0 0 3 1 15 0 0 0 0 1 0 1 3 0 0 0 0 0 0 0 0 1 0 0 0 0 3 0 0 0 0 0 1 0 0 0 0 0 0 0 0 0 0 0 0 0 0 0 0 0 0 0 0 0 0 0 0 0 0 0 0 0 0 0 0 0 0 0 0 0 0 0 0 0 0 0 0 0 0 0 0 0 0 0 0 0 0 0 
0 0 0 0 0 0 0 0 0 1 0 0 0 0 0 0 0 0 0 0 0 0 0 0 0 0 0 0 0 0 0 0 0 0 15 0 0 0 0 0 0 0 0 0 0 0 0 4 18 0 0 3 0 0 0 0 0 0 0 0 0 0 0 0 0 12 15 13 24 0 0 0 0 0 0 1 1 25 12 0 0 0 0 13 0 0 0 6 0 0 0 0 0 0 0 0 1 9 0 0 0 0 0 0 0 0 0 0 3 0 0 0 0 0 0 0 0 0 0 0 0 13 0 0 0 0 0 0 0 0 0 0 0 0 0 0 0 0 1 0 0 0 0 0 19 0 0 0 0 0 0 0 0 0 0 0 0 0 0 0 0 0 0 0 0 0 0 0 
0 0 0 0 0 0 0 0 0 0 0 0 0 0 0 0 0 0 0 0 0 0 0 0 0 0 0 0 0 0 0 0 0 0 0 16 0 0 0 0 0 0 0 0 0 25 4 0 9 0 0 0 0 28 0 15 0 0 0 0 0 21 0 3 19 16 0 3 0 0 0 0 3 0 0 0 24 6 0 1 0 25 3 0 3 6 0 0 0 4 0 0 9 22 0 0 0 0 16 7 0 0 0 0 0 0 0 0 0 0 0 0 0 0 0 0 0 0 0 3 0 0 3 0 0 0 0 0 0 0 0 0 0 0 0 0 0 0 0 1 0 0 0 0 0 0 0 0 0 0 0 0 0 0 0 0 0 0 0 0 0 0 0 0 0 0 0 0 
0 0 0 0 0 0 0 0 0 0 0 0 0 0 0 0 0 0 0 0 0 0 0 0 0 0 0 0 0 0 12 0 0 0 0 0 0 0 15 0 0 0 0 0 0 3 0 0 0 0 0 0 0 0 0 21 0 0 0 0 0 0 0 0 0 0 0 0 0 0 0 0 0 0 0 0 0 3 0 25 0 12 12 3 4 0 0 9 0 24 12 0 0 0 6 0 0 4 0 0 9 0 0 0 0 0 0 0 0 0 0 0 0 0 0 0 0 0 0 0 0 4 0 0 0 21 0 0 0 0 0 0 0 0 0 0 0 4 0 0 0 0 0 0 0 0 0 0 0 0 0 0 0 0 0 0 0 0 0 0 0 0 0 0 0 0 0 0 
0 0 0 0 0 0 0 0 0 0 0 0 0 0 0 0 0 0 0 0 0 0 0 0 0 28 0 0 0 24 0 0 0 1 0 0 0 0 3 0 0 0 0 0 0 0 0 12 0 9 0 0 4 0 0 0 0 0 0 0 6 0 1 1 0 1 1 0 0 27 0 18 10 0 0 6 9 0 18 0 0 21 0 0 0 15 0 0 6 0 0 6 0 7 0 0 21 0 0 0 0 0 25 0 0 0 0 0 0 0 0 0 0 0 0 6 0 0 0 0 0 0 0 0 0 0 0 0 0 0 0 12 0 31 1 0 0 0 0 0 0 0 0 0 0 0 0 0 0 0 0 0 21 0 0 0 0 0 0 0 0 0 0 0 0 0 0 0 
0 0 0 0 0 13 0 0 0 0 0 0 0 0 0 0 0 0 0 0 0 0 0 0 0 0 0 0 0 0 0 0 0 0 16 0 0 0 0 0 0 0 0 0 12 16 0 30 13 18 0 0 0 0 0 0 19 1 0 0 1 0 0 0 0 0 0 0 0 4 21 0 15 0 0 0 0 0 0 0 0 0 0 28 3 0 0 13 0 0 0 0 0 0 0 0 0 0 10 0 0 0 0 0 0 0 0 0 0 0 0 0 0 0 0 0 0 0 0 0 0 1 0 0 0 0 9 0 0 0 9 0 12 0 0 0 1 0 0 0 0 0 0 0 0 0 0 0 0 0 0 0 0 0 0 0 0 0 0 0 0 0 0 0 0 0 0 0 
0 0 0 0 0 0 0 0 0 0 0 0 0 0 0 0 0 0 0 0 0 0 0 0 0 0 0 0 0 0 0 0 0 0 0 0 0 6 0 1 0 7 0 0 0 0 0 0 0 0 0 0 7 0 0 0 1 0 0 15 3 0 0 0 0 0 3 0 0 6 6 0 0 9 0 0 0 0 0 3 0 0 0 0 0 1 0 0 0 0 28 0 0 10 0 3 0 0 0 0 0 0 1 0 0 0 0 3 0 22 0 0 0 0 0 0 0 27 0 0 0 0 0 0 0 0 0 0 0 0 0 0 0 0 15 0 0 0 0 0 0 0 0 0 0 0 0 0 0 0 0 0 0 0 0 0 0 0 0 0 0 0 0 0 0 0 0 0 
1 0 0 0 0 0 0 0 0 0 0 0 0 0 0 0 0 0 0 0 0 0 0 3 0 0 0 0 0 0 0 0 0 0 0 0 0 0 0 0 0 0 0 0 0 0 1 0 0 15 10 27 0 0 24 0 0 0 9 0 0 0 0 6 7 0 0 15 0 3 3 15 9 0 3 6 0 6 30 15 0 9 0 0 0 0 0 0 0 21 4 0 1 9 0 0 0 0 0 0 0 0 0 0 0 0 0 6 0 0 0 0 9 0 0 0 9 0 0 0 0 0 0 13 0 0 0 24 0 0 0 6 0 0 0 0 0 0 0 0 0 0 0 12 15 0 0 0 0 0 0 0 0 0 0 0 0 0 0 0 0 0 0 0 0 0 0 0 
0 0 13 0 0 0 0 0 0 0 0 0 0 0 0 0 0 0 0 0 0 0 0 0 0 0 0 0 0 0 0 0 19 0 0 12 0 0 0 0 0 0 3 0 0 0 0 0 0 0 0 30 18 0 0 18 0 0 0 0 3 3 0 0 0 1 6 0 6 0 9 1 0 12 0 0 6 0 0 0 7 3 0 0 0 0 4 21 0 6 0 0 0 0 0 1 0 0 0 7 0 0 0 0 0 0 0 0 13 0 0 0 1 0 0 1 0 0 0 0 0 0 6 21 0 12 0 18 0 6 0 0 0 0 0 12 0 0 0 0 0 0 0 0 18 0 0 0 0 0 0 0 0 0 0 0 0 0 0 0 0 0 0 0 0 0 0 0 
0 0 0 0 0 84 0 0 0 0 0 0 0 0 0 0 0 0 0 0 0 0 0 0 0 0 0 0 0 0 0 0 0 0 3 0 0 0 0 21 0 0 0 0 6 0 0 0 0 0 0 19 0 0 0 0 9 0 0 0 0 1 0 0 0 16 0 0 0 0 0 0 4 1 0 0 3 0 1 0 0 16 0 0 6 0 0 0 0 0 0 3 0 0 0 0 0 0 0 0 0 0 0 0 0 0 1 1 0 0 0 0 0 7 0 0 0 0 0 0 1 0 0 9 0 0 0 0 0 0 0 0 0 0 0 6 0 0 0 0 0 0 0 0 0 0 0 0 0 0 0 0 0 0 0 0 0 0 0 0 0 0 0 0 0 0 0 0 
0 0 0 0 0 0 0 0 0 0 0 0 0 0 0 0 0 0 0 0 0 0 0 0 0 0 0 0 0 0 0 0 0 0 3 0 0 0 0 0 0 0 0 0 0 3 0 0 0 12 0 0 0 0 0 0 0 0 15 0 12 0 0 6 0 0 9 0 0 0 0 1 7 0 0 0 0 0 0 24 0 4 9 9 0 0 0 0 0 27 10 0 0 0 0 0 0 0 0 3 0 0 0 0 0 0 0 0 0 0 0 0 0 0 0 0 0 0 0 0 6 0 0 0 0 0 0 0 0 0 21 18 0 0 0 0 10 0 0 0 0 0 0 0 0 0 0 0 0 0 0 0 0 0 0 0 0 0 0 0 0 0 0 0 0 0 0 0 
0 0 0 0 0 0 24 0 0 0 0 0 0 0 0 0 0 0 0 0 0 0 0 0 0 0 0 0 0 0 0 0 0 15 0 0 3 0 3 0 0 0 0 7 18 0 0 0 0 0 0 0 22 0 0 0 0 0 0 0 0 0 3 1 4 3 3 0 0 0 0 0 0 0 0 0 0 4 0 0 0 25 21 0 0 15 4 0 0 3 0 0 0 0 3 0 0 16 0 0 4 0 0 0 0 0 0 3 0 0 0 0 15 0 10 0 0 0 0 0 0 0 0 0 0 0 0 0 0 0 0 27 0 4 0 0 0 0 0 0 0 0 0 0 0 0 0 0 0 0 0 0 0 0 0 0 0 3 0 0 0 0 0 0 0 0 0 0 
0 0 0 0 0 0 0 0 0 0 0 0 0 0 0 0 0 0 0 0 0 0 0 0 0 0 0 0 0 0 0 1 0 0 0 0 0 0 0 0 36 0 0 0 0 0 0 9 0 0 0 9 0 0 0 0 0 3 0 0 0 0 0 0 0 10 3 0 0 0 10 0 0 0 0 0 0 3 0 0 0 24 0 1 0 0 0 0 0 1 0 0 0 1 0 0 0 3 3 0 0 0 0 0 0 0 0 0 0 0 0 0 0 0 0 0 0 0 0 0 0 0 0 0 0 0 0 0 0 0 0 12 0 0 0 0 0 0 0 0 0 0 0 0 0 24 0 0 0 0 1 0 0 0 0 0 0 0 0 0 0 0 0 0 0 0 0 0 
0 0 0 0 0 0 0 0 0 0 0 0 0 0 0 0 0 0 0 0 0 0 0 0 0 0 0 0 0 0 0 6 0 0 0 0 0 28 0 0 0 0 0 0 9 0 0 0 0 0 0 0 0 12 0 0 0 0 0 0 1 0 0 3 1 0 0 0 0 0 0 0 0 0 1 0 21 0 1 3 9 0 9 0 0 0 12 0 0 0 12 0 0 0 6 0 0 0 0 0 0 0 0 0 0 0 0 0 0 0 0 0 0 0 0 0 0 0 3 1 0 0 15 0 0 0 0 0 16 0 0 0 1 0 0 0 0 0 3 0 0 0 0 0 0 0 0 34 0 0 0 0 0 0 0 0 0 0 0 0 0 0 0 0 0 0 0 0 
0 0 0 0 0 0 0 0 0 0 1 0 0 0 0 0 0 0 0 0 0 0 0 0 0 0 0 0 0 0 0 0 0 0 0 21 0 0 3 6 6 0 0 0 0 10 0 0 0 0 0 0 0 3 0 9 0 0 0 0 0 1 0 0 0 13 0 0 0 13 6 0 0 0 0 0 0 1 0 18 15 13 0 18 1 9 0 24 0 9 0 0 3 0 0 0 7 0 0 0 9 0 0 0 28 0 27 0 0 0 9 0 0 0 9 0 9 0 0 0 3 7 0 0 0 0 0 7 0 0 0 0 0 0 0 4 0 0 0 0 0 0 0 0 0 0 0 0 0 0 0 0 0 0 0 0 0 0 0 0 0 0 0 0 0 0 0 0 
0 0 0 0 0 0 0 0 0 0 0 0 0 0 0 0 0 0 0 0 0 0 0 0 0 0 0 0 0 0 0 0 0 6 0 0 0 3 0 0 0 0 15 15 0 0 1 0 12 0 0 21 0 0 0 0 13 0 0 12 9 0 1 0 0 0 0 0 0 0 0 0 0 0 0 0 6 0 0 0 0 13 24 9 0 3 0 9 3 0 0 0 0 0 15 0 0 0 0 0 0 19 0 0 21 0 0 0 0 0 0 0 0 0 0 0 0 0 0 0 0 21 6 0 0 0 0 0 0 0 25 0 0 0 0 0 0 0 0 0 0 0 0 0 0 0 0 0 0 0 0 0 0 0 0 0 0 0 0 0 0 0 10 0 0 0 0 0 
0 0 0 49 0 0 0 0 0 3 0 0 0 0 0 0 0 0 0 0 0 0 0 0 0 0 0 0 0 0 0 1 0 0 0 0 0 0 0 0 0 0 0 0 9 0 0 0 24 0 0 0 0 0 21 0 0 0 0 0 0 0 0 0 0 7 0 1 0 0 0 1 0 0 0 0 0 19 0 0 0 0 12 0 10 0 0 0 0 0 4 0 3 0 0 0 0 7 0 0 0 0 3 0 0 0 0 0 0 0 0 0 0 0 0 0 0 0 0 0 0 0 0 0 0 0 0 6 0 0 0 3 0 0 0 0 0 0 21 0 0 0 0 0 0 0 0 0 0 0 0 0 0 0 1 0 0 0 0 0 0 0 0 0 0 0 0 0 
0 0 0 0 0 0 0 0 0 0 0 0 0 0 0 0 0 0 0 0 0 0 0 0 0 0 0 0 0 0 0 0 0 0 15 0 33 0 0 0 0 0 0 18 0 10 0 0 0 0 0 12 0 0 15 0 0 0 0 1 0 0 0 0 0 6 0 0 1 0 0 0 0 0 0 0 0 15 1 0 0 0 0 0 0 0 7 0 0 0 0 0 0 0 0 0 3 0 0 0 0 0 0 0 0 0 0 0 0 0 0 0 0 0 0 21 0 0 0 0 0 24 0 0 0 0 0 1 15 0 0 30 0 0 0 0 0 0 0 0 0 0 9 0 0 0 0 0 0 0 0 0 0 0 0 0 0 0 0 0 0 0 0 0 0 0 0 0 
0 3 0 0 0 0 0 0 0 0 0 0 0 0 0 0 0 0 0 0 0 0 0 0 0 0 0 0 0 0 0 0 0 0 0 0 0 0 0 0 6 0 0 0 0 0 0 0 0 0 0 0 0 0 0 0 0 0 0 0 0 0 0 0 0 6 0 0 0 0 3 0 0 16 3 1 0 4 0 0 0 0 0 0 0 0 16 9 0 3 0 0 0 18 0 0 0 0 13 0 0 0 0 0 0 13 0 0 0 0 0 0 0 0 0 0 0 0 0 0 0 0 0 0 0 0 0 0 31 0 0 0 4 0 0 0 0 0 0 0 0 0 0 0 0 0 0 0 0 0 0 0 0 0 0 0 0 0 0 0 0 0 0 0 7 0 0 0 
0 0 0 0 0 0 0 0 0 0 52 0 0 0 0 7 0 0 0 0 0 0 0 0 0 0 0 0 0 0 0 0 0 0 0 0 0 1 0 0 0 10 0 0 0 0 0 0 0 0 0 0 0 0 0 0 0 1 0 0 0 18 0 0 0 0 0 0 0 0 0 0 19 0 0 6 0 0 9 10 9 0 0 12 9 16 21 1 0 0 0 12 0 0 0 0 0 0 0 0 0 0 0 0 0 0 0 0 0 0 0 0 0 0 0 0 0 0 0 0 0 0 0 0 0 0 4 0 0 0 0 0 0 0 0 0 0 7 0 0 0 0 0 0 0 0 0 0 0 0 0 0 0 0 0 0 0 0 0 0 0 0 0 0 0 0 0 0 
0 0 0 0 0 0 0 0 0 0 0 0 0 0 0 0 0 0 0 0 0 0 0 0 0 0 0 0 0 0 0 0 0 0 0 0 0 0 0 0 1 0 0 0 19 0 7 0 0 0 0 0 3 0 3 0 3 0 15 0 7 0 0 0 4 0 3 0 0 0 0 10 0 0 0 0 0 18 16 0 3 6 0 0 0 0 9 0 0 0 15 18 0 0 0 0 0 16 0 0 0 0 3 0 0 0 0 0 0 0 0 0 0 0 3 0 0 6 1 0 6 0 0 0 0 0 33 0 22 0 0 0 0 0 0 0 9 0 0 0 0 0 1 0 0 0 0 0 0 0 0 0 0 0 0 0 0 0 0 0 0 0 0 0 0 0 0 0 
0 0 0 57 0 0 0 0 0 0 0 0 0 0 0 0 0 0 0 1 0 0 0 0 0 0 0 0 7 0 0 0 0 0 0 0 0 0 0 0 0 0 0 0 0 0 28 0 0 0 0 0 0 0 0 0 16 0 0 0 0 0 0 0 0 4 0 0 0 0 0 0 0 0 0 0 24 0 7 15 0 0 1 12 3 9 0 0 6 0 24 21 0 0 10 0 0 0 9 0 0 4 0 0 0 0 0 0 0 0 0 0 0 0 0 0 9 0 0 0 0 0 0 0 1 0 0 0 0 0 0 0 0 0 0 0 0 0 0 0 0 0 0 0 0 0 0 0 0 0 0 0 0 0 0 0 0 0 0 0 0 0 0 0 0 0 0 0 
0 0 0 48 0 0 0 0 0 0 0 0 0 0 0 0 0 0 0 0 0 0 0 0 0 0 0 0 0 0 0 0 0 0 21 0 0 0 0 0 0 0 27 0 0 19 0 0 6 0 0 0 0 0 0 3 0 0 0 0 0 0 3 3 0 0 0 3 18 10 1 0 0 3 0 0 0 0 19 0 1 0 0 10 0 0 0 0 1 0 18 0 0 0 6 0 3 0 0 0 0 0 0 0 0 0 0 0 0 0 0 0 0 0 0 1 0 0 0 0 0 0 0 0 0 0 0 0 0 0 0 0 0 0 1 0 0 0 0 0 0 0 0 0 0 0 0 0 0 21 0 0 0 0 0 0 0 0 0 0 0 0 0 0 0 0 0 0 
0 0 0 0 0 0 0 0 0 0 0 0 0 0 0 0 0 0 0 0 0 1 0 0 0 0 0 0 0 0 0 0 0 0 0 0 0 0 0 0 0 0 0 3 0 0 0 0 0 0 0 0 12 0 0 0 0 0 0 0 0 0 0 0 0 0 0 0 12 0 0 12 0 1 12 0 24 0 0 0 0 0 0 0 13 9 0 3 12 0 0 0 3 0 0 0 0 0 13 0 0 0 0 0 0 0 0 0 0 0 0 0 1 0 0 0 16 0 0 0 0 0 0 0 0 1 0 0 0 0 0 0 0 0 0 0 0 3 0 0 0 0 3 0 0 0 0 3 0 0 0 0 0 0 0 0 9 0 0 0 0 0 0 0 0 0 0 0 
0 0 0 0 0 0 0 0 0 0 0 0 0 9 0 0 0 0 0 0 0 0 0 0 0 0 0 0 0 0 0 0 0 1 0 0 6 0 0 0 0 0 0 0 0 0 0 3 0 0 0 0 13 0 0 0 3 0 10 18 0 0 0 0 3 0 0 0 19 1 0 0 0 0 0 1 7 0 0 0 4 15 0 0 0 3 0 0 0 9 4 0 0 10 0 0 0 0 0 0 0 0 0 0 0 0 0 0 0 0 0 0 0 0 0 0 15 0 0 0 0 0 0 0 0 0 0 0 0 0 0 0 0 0 3 3 0 0 6 0 0 0 0 0 0 0 0 0 0 0 0 0 0 0 0 0 0 0 0 0 0 25 0 0 0 0 0 0 
0 0 0 0 0 0 0 0 0 0 0 0 0 0 0 0 0 0 0 0 0 0 0 0 0 0 0 0 0 0 0 0 0 0 0 0 7 0 0 0 0 0 0 1 0 0 0 24 12 0 0 0 0 0 0 1 0 1 0 13 0 0 0 0 0 0 0 0 0 10 9 9 0 0 0 0 0 15 27 24 0 4 0 9 6 0 0 1 0 0 0 0 0 0 4 0 0 0 0 0 0 0 0 0 0 0 0 0 0 0 10 0 0 0 0 0 4 0 3 0 0 0 0 9 0 0 0 0 0 0 0 0 0 6 22 0 0 0 1 0 0 21 0 0 0 0 0 0 0 0 0 0 21 0 0 0 0 0 0 0 0 0 0 0 0 0 0 0 
0 0 0 0 0 24 0 0 0 0 0 0 0 0 0 0 0 0 0 0 0 0 0 0 0 0 0 0 0 0 0 0 3 3 0 0 0 0 0 0 0 0 0 0 15 0 18 0 0 0 0 0 6 0 0 0 0 3 0 0 0 0 0 0 0 0 0 0 0 0 10 9 0 0 0 0 4 1 0 18 0 12 0 6 0 0 3 0 12 1 0 0 0 1 0 0 6 0 0 0 12 0 0 0 0 0 0 0 0 0 0 0 0 0 0 0 4 0 24 0 0 0 0 0 0 0 0 0 0 1 0 0 0 0 9 0 0 0 0 3 0 0 18 0 0 37 0 19 0 0 0 0 0 0 0 0 0 0 0 0 0 0 0 0 0 0 0 0 
0 0 0 0 0 0 67 0 0 0 3 0 0 0 0 0 0 0 0 0 0 0 0 0 0 3 0 0 0 0 0 0 0 3 15 0 0 1 0 0 0 0 9 1 4 0 0 0 0 0 0 0 0 24 6 0 0 0 0 0 0 0 0 0 0 0 6 9 0 0 0 4 0 0 0 0 0 12 3 0 9 6 0 18 1 4 0 27 1 0 0 0 3 0 6 3 0 0 0 0 0 0 0 0 0 1 0 0 0 0 0 0 0 0 0 0 0 0 0 0 0 0 0 0 0 0 0 0 3 0 0 0 0 0 0 0 0 0 0 0 0 0 0 0 0 0 0 0 0 0 0 0 0 0 0 0 0 0 0 0 0 0 0 0 0 0 0 0 
0 0 0 0 0 0 0 0 0 0 0 0 0 0 0 0 0 0 0 0 0 0 1 0 0 0 0 3 0 0 0 0 0 0 0 0 10 0 1 6 0 0 0 3 0 13 18 0 18 0 0 0 0 0 10 0 27 0 0 0 0 0 3 0 0 0 1 0 0 0 0 24 0 21 3 0 0 10 0 0 0 0 0 0 0 0 0 0 9 0 0 0 0 0 0 0 0 0 0 0 0 0 0 0 0 0 0 0 0 0 0 0 0 0 0 4 0 0 0 0 0 0 0 0 0 0 0 0 0 1 0 0 0 0 0 0 0 0 0 0 0 0 1 0 0 0 36 0 0 0 0 0 0 0 0 4 0 0 0 0 0 0 0 0 0 0 0 0 
0 0 0 0 0 0 0 0 0 0 0 0 0 0 0 0 0 0 0 0 0 0 0 0 0 0 0 0 0 0 0 0 0 0 0 0 0 6 0 0 0 0 0 0 1 21 0 12 0 0 0 0 0 0 0 0 1 0 0 0 4 0 0 6 12 0 6 0 0 0 9 0 0 0 0 3 10 0 7 12 30 0 7 0 19 1 0 9 3 0 7 19 0 3 13 0 0 0 0 0 6 0 0 0 0 0 24 0 0 1 0 0 0 0 0 0 4 0 0 0 0 0 0 13 0 0 0 0 0 0 0 0 0 0 0 0 0 0 0 0 0 0 0 0 0 0 0 0 0 0 0 0 0 0 0 0 0 0 0 0 0 0 0 0 0 9 0 0 
0 0 0 0 0 0 0 0 0 0 0 0 16 15 0 0 0 0 3 0 0 0 0 0 0 0 0 0 0 0 0 0 0 0 9 10 0 0 0 0 0 0 0 0 9 0 0 0 0 0 0 0 15 0 0 3 0 0 0 0 0 0 0 0 0 0 0 0 0 13 0 0 27 0 0 0 0 0 7 6 0 4 0 9 0 0 6 0 6 0 0 4 0 0 3 0 0 0 0 0 12 24 3 0 0 0 0 15 0 0 12 9 3 0 0 0 0 0 0 0 0 0 28 0 0 0 0 0 0 0 0 0 0 0 0 0 3 0 6 0 24 0 0 0 0 0 0 0 0 0 0 0 0 0 0 0 0 0 0 0 0 0 0 0 0 0 0 0 
0 0 0 0 0 0 0 51 0 0 0 0 0 0 0 0 0 0 0 0 0 0 0 0 0 0 0 0 0 0 0 0 0 0 0 0 0 0 0 0 0 0 0 27 0 0 0 0 0 6 15 0 30 0 0 15 4 0 9 0 4 0 3 0 0 0 0 0 0 0 9 3 1 9 1 6 0 0 7 0 25 3 0 3 3 24 0 0 3 0 0 0 0 0 0 0 0 0 0 0 0 0 0 3 0 0 0 0 0 0 0 0 0 0 0 0 0 0 0 0 30 0 0 0 12 0 0 10 0 0 0 0 0 0 0 0 0 0 0 0 0 0 0 0 0 0 0 0 0 0 0 0 0 0 0 0 0 0 0 0 0 0 0 0 0 0 0 0 
0 0 0 0 0 0 0 0 0 0 0 0 0 0 0 0 0 0 0 0 0 0 0 0 0 0 0 0 0 0 0 0 1 0 0 0 0 0 0 0 0 0 4 0 0 10 0 0 0 0 0 0 16 0 0 0 0 0 0 0 0 0 4 4 0 0 13 3 4 0 0 0 0 0 0 0 0 0 16 0 0 0 18 0 1 0 0 16 0 0 9 0 0 0 7 0 0 0 6 10 0 0 0 0 0 0 22 0 0 0 0 0 0 0 0 0 0 0 0 0 0 0 13 0 0 0 0 0 0 0 15 0 0 0 0 19 1 3 0 0 0 1 0 0 0 0 0 0 0 0 0 0 0 0 0 0 0 0 0 0 0 0 0 0 0 0 0 0 
0 0 0 0 0 0 0 0 33 0 0 0 0 0 0 0 0 0 0 0 0 0 0 0 0 0 0 0 0 0 0 0 0 0 0 0 0 0 0 0 0 0 0 3 0 0 3 0 0 0 31 0 0 0 0 0 0 0 0 0 0 0 0 0 0 3 0 0 4 0 0 0 0 0 0 6 0 7 0 0 0 13 0 4 0 0 0 10 0 1 6 0 21 1 6 0 9 0 9 18 0 0 0 18 0 0 0 0 0 0 0 0 6 0 0 0 0 0 0 0 0 0 0 0 0 0 0 0 0 0 0 0 0 0 0 0 0 0 0 0 0 24 0 0 0 0 0 0 0 0 0 0 0 0 0 0 0 0 0 0 0 0 0 0 0 0 0 0 
0 0 0 0 0 0 0 0 0 0 0 0 0 0 0 0 0 0 0 0 0 0 1 0 0 0 0 0 0 0 0 0 0 30 0 0 0 0 0 0 0 0 0 0 0 0 0 0 0 0 0 0 0 0 9 0 0 0 0 0 3 0 0 0 0 1 0 7 3 0 9 0 0 0 0 0 0 0 0 6 24 1 12 21 0 6 0 12 0 3 0 0 0 24 0 4 0 0 12 0 0 0 3 0 0 10 0 0 0 0 0 0 0 0 0 0 0 0 18 0 0 0 15 0 0 0 9 0 0 0 0 0 0 0 0 0 0 0 0 0 0 0 0 0 0 0 0 0 0 0 0 0 0 0 0 0 0 0 0 0 0 0 0 0 0 0 0 0 
0 0 0 0 0 0 0 0 0 0 0 0 0 0 0 0 0 0 0 0 0 1 0 0 0 0 0 0 0 0 0 0 0 0 0 12 0 0 0 0 31 0 0 0 0 0 0 0 0 0 0 9 0 0 0 0 0 0 1 3 7 0 0 0 1 0 0 19 9 0 24 12 0 0 0 0 0 6 0 22 0 1 16 1 0 0 0 3 0 0 18 15 0 0 6 0 3 0 3 0 0 0 0 0 0 1 1 0 0 0 12 0 0 0 12 0 3 0 0 0 0 0 0 0 1 10 0 0 0 15 0 18 0 0 0 0 0 0 0 0 0 0 0 0 0 0 0 0 0 0 0 0 0 0 6 0 0 0 0 0 0 0 0 0 0 0 0 0 
0 0 0 0 0 24 0 0 0 0 0 0 0 0 0 0 0 0 0 0 0 0 0 0 0 0 0 0 0 0 0 0 0 0 0 0 19 0 0 0 0 3 0 0 0 0 1 0 0 0 1 1 0 0 0 0 0 0 0 0 0 0 3 0 1 10 0 0 27 0 0 0 1 0 3 0 0 0 0 3 4 0 9 0 0 0 0 12 0 12 16 0 0 0 1 10 3 0 4 0 0 0 0 0 0 0 0 0 0 13 0 0 0 0 12 0 3 0 0 0 0 0 0 0 0 0 0 12 0 0 0 0 0 0 0 0 0 0 0 0 0 0 0 0 0 0 0 0 0 0 0 0 0 0 0 0 0 0 0 0 0 0 0 0 0 0 0 0 
0 0 0 0 0 0 0 0 0 0 0 0 0 0 0 0 0 0 0 0 0 0 0 0 0 0 0 0 0 0 0 0 3 0 0 0 0 0 0 0 6 0 0 0 13 0 0 0 0 0 0 7 0 6 0 0 0 3 15 0 0 0 0 0 0 3 0 0 3 0 0 0 0 3 0 9 0 0 0 0 0 0 0 4 0 0 9 0 0 28 0 0 0 6 0 0 0 0 0 9 0 0 0 0 0 0 0 0 0 0 0 0 0 0 0 0 0 0 0 0 1 0 0 0 0 0 19 0 0 9 0 0 0 0 0 0 0 0 0 0 0 0 0 0 0 0 0 0 0 0 0 0 0 0 0 0 0 0 0 0 0 0 0 0 0 0 0 0 
0 0 0 0 0 0 0 0 0 0 0 0 0 0 0 0 0 0 0 0 0 0 0 0 0 0 0 0 0 3 0 0 0 0 0 0 0 0 0 0 0 0 0 0 0 6 0 0 28 15 0 0 6 0 0 0 0 0 0 0 3 0 1 6 0 4 3 0 0 6 0 0 0 0 0 0 0 0 18 0 16 0 9 6 0 0 0 0 7 0 0 25 0 0 0 1 6 0 3 0 0 0 0 0 9 0 0 0 0 0 0 0 0 0 0 0 0 0 0 6 0 0 0 0 0 0 13 0 0 0 0 0 0 0 0 0 0 0 0 0 0 0 0 0 0 0 0 0 0 0 0 0 0 0 0 0 0 0 0 0 0 0 0 0 0 0 0 0 
0 0 0 0 0 0 0 0 0 0 0 0 0 0 0 0 0 0 0 0 0 0 15 0 0 0 0 0 0 0 0 0 0 0 0 0 0 0 0 0 0 0 3 0 1 0 0 0 13 0 0 0 0 0 0 12 0 0 0 0 0 0 9 1 0 0 6 12 0 0 0 0 0 0 0 0 6 27 0 0 12 13 0 0 0 6 4 12 7 0 0 3 25 0 12 0 0 0 0 9 0 1 9 0 0 0 0 0 0 0 0 0 0 0 0 0 0 0 0 0 0 0 0 0 0 0 0 0 0 0 0 0 0 0 0 24 0 0 0 3 0 6 0 0 0 6 0 0 0 0 0 0 0 0 0 0 0 0 0 0 0 0 0 0 0 0 0 0 
0 0 0 0 0 0 0 12 0 0 0 0 0 0 0 0 0 0 0 0 0 0 0 0 0 3 0 0 0 0 0 0 0 0 0 0 0 0 0 0 0 0 9 0 0 0 0 0 0 9 7 15 0 0 0 0 0 4 0 0 0 1 0 0 0 0 0 4 0 16 21 12 0 0 0 0 0 6 0 0 0 4 1 0 10 21 0 3 0 0 10 0 0 13 0 0 0 0 0 0 0 24 0 0 0 0 0 0 4 0 0 0 0 0 0 12 0 0 0 1 0 0 0 0 0 0 0 0 0 0 0 0 0 0 0 0 0 0 0 0 0 0 0 0 0 0 0 0 0 27 0 0 0 0 0 0 0 0 0 0 0 0 0 0 0 0 0 0 
0 0 0 0 0 0 0 0 0 0 0 0 0 0 0 0 0 0 0 0 0 0 0 0 0 0 0 0 0 0 0 0 0 0 0 0 4 0 0 0 0 0 0 0 12 0 0 1 0 0 0 15 0 0 0 0 0 0 0 0 0 0 0 0 0 0 0 0 0 0 0 0 0 0 0 0 0 0 0 6 0 0 12 0 6 0 0 0 0 0 0 12 0 0 1 0 0 0 0 0 0 0 0 0 0 0 0 0 0 0 0 0 0 0 0 0 0 0 9 0 0 0 0 0 0 0 30 0 0 0 0 0 0 6 0 0 0 0 0 0 0 0 0 0 0 0 0 0 0 0 0 0 0 0 0 0 0 0 0 0 0 0 0 0 0 0 0 0 
