168
16
60
1 1 1 1 1 1 1 1 1 1 1 1 1 1 1 1 1 1 1 1 1 1 1 1 1 1 1 1 1 1 1 1 1 1 1 1 2 3 4 6 8 11 14 17 21 24 27 30 32 33 33 32 31 28 25 22 19 15 12 9 7 5 4 2 2 1 1 1 1 1 1 1 1 1 1 1 1 1 1 1 1 1 1 1 1 1 1 1 1 1 1 1 1 1 1 1 1 1 1 1 1 1 1 1 1 1 1 1 1 1 1 1 1 1 1 1 1 1 1 1 1 1 1 1 1 1 1 1 1 1 1 1 1 1 1 1 1 1 1 1 1 1 1 1 1 1 1 1 1 1 1 1 1 1 1 1 1 1 1 1 1 1 1 1 1 1 1 1
1 1 1 1 1 1 1 1 1 1 1 1 1 1 1 1 2 3 5 8 12 17 23 28 33 37 40 41 40 38 34 30 25 20 15 11 8 5 3 2 1 1 1 1 1 1 1 1 1 1 1 1 1 1 1 1 1 1 1 1 1 1 1 1 1 1 1 1 1 1 1 1 1 1 1 1 1 1 1 1 1 1 1 1 1 1 1 1 1 1 1 1 1 1 1 1 1 1 1 1 1 1 1 1 1 1 1 1 1 1 1 1 1 1 1 1 1 1 1 1 1 1 1 1 1 1 1 1 1 1 1 1 1 1 1 1 1 1 1 1 1 1 1 1 1 1 1 1 1 1 1 1 1 1 1 1 1 1 1 1 1 1 1 1 1 1 1 1
1 1 1 1 1 1 1 1 1 1 1 1 1 1 1 1 1 1 1 1 1 1 1 1 1 1 1 1 1 1 1 1 1 1 1 1 1 1 1 1 1 1 1 1 1 1 1 1 1 1 1 1 1 1 1 1 1 1 1 1 1 1 1 1 1 1 1 1 1 1 1 1 1 1 1 1 1 1 1 1 1 1 1 1 1 1 1 1 1 1 1 1 1 1 1 1 1 1 1 1 1 1 1 1 2 3 4 6 8 10 13 16 20 23 26 29 31 33 33 33 31 29 27 23 20 16 13 10 7 5 4 2 1 1 1 1 1 1 1 1 1 1 1 1 1 1 1 1 1 1 1 1 1 1 1 1 1 1 1 1 1 1 1 1 1 1 1 1
1 1 1 1 1 1 1 1 1 1 1 1 1 1 1 1 1 1 1 1 1 1 1 1 1 1 1 1 1 1 1 1 1 1 1 1 1 1 1 1 1 1 1 1 1 1 1 1 1 1 1 1 1 1 1 1 1 1 1 1 1 1 1 1 1 1 1 1 1 1 1 1 1 1 1 1 1 1 1 1 2 3 5 6 8 11 13 16 19 22 25 27 29 30 30 30 29 28 26 23 20 17 14 12 9 7 5 4 3 2 1 1 1 1 1 1 1 1 1 1 1 1 1 1 1 1 1 1 1 1 1 1 1 1 1 1 1 1 1 1 1 1 1 1 1 1 1 1 1 1 1 1 1 1 1 1 1 1 1 1 1 1 1 1 1 1 1 1
1 1 1 1 1 1 1 1 1 1 1 1 1 1 1 1 1 1 1 1 1 1 1 1 1 1 1 1 1 1 1 1 1 1 1 1 1 1 1 1 1 1 1 1 1 1 1 1 1 1 1 1 1 1 1 1 1 1 1 1 1 1 1 1 1 1 1 1 1 1 1 1 1 1 1 1 1 1 1 1 1 1 1 1 1 1 1 1 1 1 1 1 1 1 1 1 1 1 1 1 2 3 4 6 8 10 13 16 19 22 26 28 30 32 32 32 31 29 26 23 20 17 14 11 8 6 4 3 2 1 1 1 1 1 1 1 1 1 1 1 1 1 1 1 1 1 1 1 1 1 1 1 1 1 1 1 1 1 1 1 1 1 1 1 1 1 1 1
1 1 1 1 1 1 1 1 1 1 1 1 1 1 1 1 1 1 1 1 1 1 1 1 1 1 1 1 1 1 1 1 1 1 1 1 1 1 1 1 1 1 1 1 1 1 1 1 1 1 1 1 1 1 1 1 1 2 3 5 6 8 11 14 16 19 22 25 27 29 30 31 30 29 28 25 23 20 17 14 11 9 7 5 4 3 2 1 1 1 1 1 1 1 1 1 1 1 1 1 1 1 1 1 1 1 1 1 1 1 1 1 1 1 1 1 1 1 1 1 1 1 1 1 1 1 1 1 1 1 1 1 1 1 1 1 1 1 1 1 1 1 1 1 1 1 1 1 1 1 1 1 1 1 1 1 1 1 1 1 1 1 1 1 1 1 1 1
1 1 1 1 1 1 1 1 1 1 1 1 1 1 1 1 1 1 1 1 1 1 1 1 1 1 1 1 1 1 1 1 1 1 1 1 1 1 1 1 1 1 1 1 1 1 1 1 2 3 5 6 9 11 14 17 20 23 26 28 30 31 31 31 30 28 25 22 19 16 13 11 8 6 5 3 2 1 1 1 1 1 1 1 1 1 1 1 1 1 1 1 1 1 1 1 1 1 1 1 1 1 1 1 1 1 1 1 1 1 1 1 1 1 1 1 1 1 1 1 1 1 1 1 1 1 1 1 1 1 1 1 1 1 1 1 1 1 1 1 1 1 1 1 1 1 1 1 1 1 1 1 1 1 1 1 1 1 1 1 1 1 1 1 1 1 1 1
1 1 1 1 1 1 1 1 1 1 1 1 1 1 1 1 1 1 1 1 1 1 1 1 1 1 1 1 1 1 1 1 1 1 1 1 1 1 1 1 1 1 1 1 1 1 1 1 1 1 1 1 1 1 1 1 1 1 1 1 1 1 1 1 1 1 1 1 1 1 1 1 1 1 1 1 1 1 1 1 1 1 1 1 1 1 1 1 1 1 1 1 1 1 1 1 1 1 1 1 1 1 1 1 1 2 3 5 7 9 12 15 18 22 25 28 30 32 33 33 32 30 28 25 21 18 14 11 8 6 4 3 2 1 1 1 1 1 1 1 1 1 1 1 1 1 1 1 1 1 1 1 1 1 1 1 1 1 1 1 1 1 1 1 1 1 1 1
1 1 1 1 1 1 1 1 1 1 1 1 1 1 1 1 1 1 1 1 1 1 1 1 1 1 1 1 1 1 1 1 1 2 3 4 6 8 11 14 18 22 25 28 31 33 34 34 33 31 28 25 21 18 14 11 9 6 5 3 2 1 1 1 1 1 1 1 1 1 1 1 1 1 1 1 1 1 1 1 1 1 1 1 1 1 1 1 1 1 1 1 1 1 1 1 1 1 1 1 1 1 1 1 1 1 1 1 1 1 1 1 1 1 1 1 1 1 1 1 1 1 1 1 1 1 1 1 1 1 1 1 1 1 1 1 1 1 1 1 1 1 1 1 1 1 1 1 1 1 1 1 1 1 1 1 1 1 1 1 1 1 1 1 1 1 1 1
1 1 1 1 1 1 1 1 1 1 1 1 1 1 1 1 1 1 1 1 1 1 1 1 1 1 1 1 1 1 1 1 1 1 1 1 1 1 1 1 1 1 1 1 1 1 1 1 1 1 1 1 1 1 1 2 4 5 7 9 11 14 17 20 23 26 28 30 30 31 30 29 27 25 22 19 16 13 11 8 6 5 3 2 1 1 1 1 1 1 1 1 1 1 1 1 1 1 1 1 1 1 1 1 1 1 1 1 1 1 1 1 1 1 1 1 1 1 1 1 1 1 1 1 1 1 1 1 1 1 1 1 1 1 1 1 1 1 1 1 1 1 1 1 1 1 1 1 1 1 1 1 1 1 1 1 1 1 1 1 1 1 1 1 1 1 1 1
1 1 1 1 1 1 1 1 1 1 1 1 1 1 1 1 1 1 1 1 1 1 1 1 1 1 1 1 1 1 1 1 1 1 1 1 1 1 1 1 1 1 1 1 1 1 1 2 3 4 6 8 10 13 16 19 22 25 27 29 31 31 31 30 28 26 23 21 17 14 12 9 7 5 4 3 2 1 1 1 1 1 1 1 1 1 1 1 1 1 1 1 1 1 1 1 1 1 1 1 1 1 1 1 1 1 1 1 1 1 1 1 1 1 1 1 1 1 1 1 1 1 1 1 1 1 1 1 1 1 1 1 1 1 1 1 1 1 1 1 1 1 1 1 1 1 1 1 1 1 1 1 1 1 1 1 1 1 1 1 1 1 1 1 1 1 1 1
1 1 1 1 1 1 1 1 1 1 1 1 1 1 1 1 1 1 1 1 1 1 1 1 1 1 1 1 1 1 1 1 1 1 1 1 1 1 1 1 1 1 1 2 3 4 6 8 11 14 17 20 23 26 29 31 32 32 31 30 28 25 22 19 16 13 10 8 6 4 3 2 1 1 1 1 1 1 1 1 1 1 1 1 1 1 1 1 1 1 1 1 1 1 1 1 1 1 1 1 1 1 1 1 1 1 1 1 1 1 1 1 1 1 1 1 1 1 1 1 1 1 1 1 1 1 1 1 1 1 1 1 1 1 1 1 1 1 1 1 1 1 1 1 1 1 1 1 1 1 1 1 1 1 1 1 1 1 1 1 1 1 1 1 1 1 1 1
1 1 1 1 1 1 1 1 1 1 1 1 1 1 1 1 1 1 1 1 1 1 1 1 1 1 1 1 1 1 1 1 1 1 1 1 1 1 1 1 1 1 1 1 1 1 1 1 1 1 1 1 1 1 1 1 1 1 1 1 1 1 1 1 2 3 4 6 8 10 13 15 18 21 24 26 28 30 30 30 29 28 26 24 21 18 15 12 10 8 6 4 3 2 1 1 1 1 1 1 1 1 1 1 1 1 1 1 1 1 1 1 1 1 1 1 1 1 1 1 1 1 1 1 1 1 1 1 1 1 1 1 1 1 1 1 1 1 1 1 1 1 1 1 1 1 1 1 1 1 1 1 1 1 1 1 1 1 1 1 1 1 1 1 1 1 1 1
1 1 1 1 1 1 1 1 1 1 1 1 1 1 1 1 1 1 1 1 1 1 1 1 1 1 1 1 1 1 1 1 1 1 1 1 1 1 1 1 1 1 1 1 1 1 1 1 1 1 1 1 1 1 1 1 1 1 1 1 1 1 1 1 1 1 1 1 1 1 1 1 1 1 2 3 4 5 7 9 12 14 17 20 23 25 27 29 30 30 30 29 27 25 22 19 16 13 11 8 6 5 3 2 1 1 1 1 1 1 1 1 1 1 1 1 1 1 1 1 1 1 1 1 1 1 1 1 1 1 1 1 1 1 1 1 1 1 1 1 1 1 1 1 1 1 1 1 1 1 1 1 1 1 1 1 1 1 1 1 1 1 1 1 1 1 1 1
1 1 1 1 1 1 1 1 1 1 1 1 1 1 1 1 1 1 1 1 1 1 1 1 1 1 1 1 1 1 1 1 1 1 1 1 1 1 1 1 1 1 1 1 1 1 1 1 1 1 1 1 1 1 1 1 1 1 1 1 1 1 1 1 1 1 1 1 1 1 1 1 1 1 1 1 1 1 2 3 4 5 7 9 12 14 17 20 23 26 28 29 30 30 30 29 27 24 22 19 16 13 11 8 6 5 3 2 1 1 1 1 1 1 1 1 1 1 1 1 1 1 1 1 1 1 1 1 1 1 1 1 1 1 1 1 1 1 1 1 1 1 1 1 1 1 1 1 1 1 1 1 1 1 1 1 1 1 1 1 1 1 1 1 1 1 1 1
1 1 1 1 1 1 1 1 1 1 1 1 1 1 1 1 1 1 1 1 1 1 1 1 1 1 1 1 1 1 1 1 1 1 1 1 1 1 1 1 1 1 1 1 1 1 1 1 1 1 1 1 1 1 1 1 1 1 1 1 1 1 1 1 1 1 1 1 1 1 2 3 4 6 8 10 12 15 18 21 23 26 28 29 30 30 30 28 26 24 21 19 16 13 10 8 6 5 3 2 1 1 1 1 1 1 1 1 1 1 1 1 1 1 1 1 1 1 1 1 1 1 1 1 1 1 1 1 1 1 1 1 1 1 1 1 1 1 1 1 1 1 1 1 1 1 1 1 1 1 1 1 1 1 1 1 1 1 1 1 1 1 1 1 1 1 1 1
1 1 1 1 1 1 1 1 1 1 1 1 1 1 1 1 1 1 1 1 1 1 1 1 1 1 1 1 1 1 1 1 1 1 1 1 1 1 1 1 1 1 1 1 1 1 1 1 1 1 1 1 2 3 5 6 9 11 14 17 20 23 25 28 30 31 31 31 29 27 25 22 19 16 14 11 9 7 5 3 2 1 1 1 1 1 1 1 1 1 1 1 1 1 1 1 1 1 1 1 1 1 1 1 1 1 1 1 1 1 1 1 1 1 1 1 1 1 1 1 1 1 1 1 1 1 1 1 1 1 1 1 1 1 1 1 1 1 1 1 1 1 1 1 1 1 1 1 1 1 1 1 1 1 1 1 1 1 1 1 1 1 1 1 1 1 1 1
1 1 1 1 1 1 1 1 1 1 1 1 1 1 1 1 1 1 1 1 1 1 1 1 1 1 1 1 1 1 1 1 1 1 1 1 1 1 1 1 1 1 1 1 1 1 1 1 1 1 1 1 1 1 1 1 1 1 1 1 1 1 1 1 1 1 1 1 1 1 1 1 1 1 1 1 1 1 1 1 1 1 1 2 2 4 5 7 9 11 14 17 20 23 25 27 29 30 31 30 29 27 25 22 19 17 14 11 9 6 5 3 2 1 1 1 1 1 1 1 1 1 1 1 1 1 1 1 1 1 1 1 1 1 1 1 1 1 1 1 1 1 1 1 1 1 1 1 1 1 1 1 1 1 1 1 1 1 1 1 1 1 1 1 1 1 1 1
1 1 1 1 1 1 1 1 1 1 1 1 1 1 1 1 1 1 1 1 1 1 1 1 1 1 1 1 1 1 1 1 1 1 1 1 1 1 1 1 1 1 1 1 1 1 1 1 1 1 1 1 1 1 1 1 1 1 1 1 1 1 1 1 1 1 1 1 1 1 1 1 1 1 1 1 1 1 1 1 1 1 1 1 1 1 1 1 2 3 4 6 8 10 13 15 18 21 24 27 29 30 31 31 30 29 26 24 21 18 15 12 9 7 5 4 3 2 1 1 1 1 1 1 1 1 1 1 1 1 1 1 1 1 1 1 1 1 1 1 1 1 1 1 1 1 1 1 1 1 1 1 1 1 1 1 1 1 1 1 1 1 1 1 1 1 1 1
1 1 1 1 1 1 1 1 1 1 1 1 1 1 1 1 1 1 1 1 1 1 1 1 1 1 1 1 1 1 1 1 1 1 1 1 1 1 1 2 3 4 6 9 11 15 18 21 25 28 30 32 33 33 32 30 27 25 21 18 15 12 9 7 5 4 2 2 1 1 1 1 1 1 1 1 1 1 1 1 1 1 1 1 1 1 1 1 1 1 1 1 1 1 1 1 1 1 1 1 1 1 1 1 1 1 1 1 1 1 1 1 1 1 1 1 1 1 1 1 1 1 1 1 1 1 1 1 1 1 1 1 1 1 1 1 1 1 1 1 1 1 1 1 1 1 1 1 1 1 1 1 1 1 1 1 1 1 1 1 1 1 1 1 1 1 1 1
1 1 1 1 1 1 1 1 1 1 1 1 1 1 1 1 1 1 1 1 1 1 1 1 1 1 1 1 1 1 1 1 1 1 1 1 1 1 1 1 1 1 1 1 1 1 1 1 1 1 1 1 1 1 1 1 1 1 1 1 1 1 1 1 1 1 1 1 1 1 1 1 1 1 1 1 1 1 1 1 1 2 3 4 5 7 9 12 14 17 20 23 25 28 29 30 31 30 29 27 25 22 19 16 13 11 8 6 5 3 2 1 1 1 1 1 1 1 1 1 1 1 1 1 1 1 1 1 1 1 1 1 1 1 1 1 1 1 1 1 1 1 1 1 1 1 1 1 1 1 1 1 1 1 1 1 1 1 1 1 1 1 1 1 1 1 1 1
1 1 1 1 1 1 1 1 1 1 1 1 1 1 1 1 1 1 1 1 1 1 1 1 1 1 1 1 1 1 1 1 1 1 1 1 1 1 1 1 1 1 1 1 1 1 1 1 1 1 1 1 1 1 1 1 1 1 1 1 1 1 1 1 1 1 1 1 1 1 1 1 1 1 1 1 1 1 1 1 1 1 1 1 1 1 1 1 1 1 1 1 1 1 1 1 1 1 1 1 1 1 1 1 1 1 1 1 1 1 1 1 1 1 1 1 1 1 1 1 1 1 1 2 3 4 6 9 12 16 20 25 29 33 36 38 38 38 35 32 27 23 18 14 10 7 4 2 1 1 1 1 1 1 1 1 1 1 1 1 1 1 1 1 1 1 1 1
1 1 1 1 1 1 1 1 1 1 1 1 1 1 1 1 1 1 1 1 1 1 1 1 1 1 1 1 1 1 1 1 1 1 1 1 1 1 1 1 1 1 1 1 1 1 1 1 1 1 1 1 1 1 1 1 1 1 1 1 1 1 1 1 1 1 1 1 1 1 1 1 1 2 3 4 6 8 10 12 15 18 21 23 26 28 29 30 30 30 28 26 24 21 18 16 13 10 8 6 4 3 2 1 1 1 1 1 1 1 1 1 1 1 1 1 1 1 1 1 1 1 1 1 1 1 1 1 1 1 1 1 1 1 1 1 1 1 1 1 1 1 1 1 1 1 1 1 1 1 1 1 1 1 1 1 1 1 1 1 1 1 1 1 1 1 1 1
1 1 1 1 1 1 1 2 5 9 16 24 33 42 48 52 52 48 42 35 27 20 14 9 5 3 2 1 1 1 1 1 1 1 1 1 1 1 1 1 1 1 1 1 1 1 1 1 1 1 1 1 1 1 1 1 1 1 1 1 1 1 1 1 1 1 1 1 1 1 1 1 1 1 1 1 1 1 1 1 1 1 1 1 1 1 1 1 1 1 1 1 1 1 1 1 1 1 1 1 1 1 1 1 1 1 1 1 1 1 1 1 1 1 1 1 1 1 1 1 1 1 1 1 1 1 1 1 1 1 1 1 1 1 1 1 1 1 1 1 1 1 1 1 1 1 1 1 1 1 1 1 1 1 1 1 1 1 1 1 1 1 1 1 1 1 1 1
1 1 1 1 1 1 1 1 1 1 1 1 1 1 1 1 1 1 1 1 1 1 1 1 1 1 1 1 1 1 1 1 1 1 1 1 1 1 1 1 1 1 1 1 1 1 1 1 1 1 1 1 1 1 1 1 1 1 1 1 1 1 1 1 1 1 1 1 1 1 1 1 1 1 1 1 1 1 1 1 1 1 1 1 1 1 1 1 1 1 1 1 1 1 1 1 1 1 1 1 1 1 2 3 5 7 9 11 14 18 21 24 27 29 31 32 33 32 30 28 25 22 19 15 12 9 7 5 3 2 1 1 1 1 1 1 1 1 1 1 1 1 1 1 1 1 1 1 1 1 1 1 1 1 1 1 1 1 1 1 1 1 1 1 1 1 1 1
1 1 1 1 1 1 1 1 1 1 1 1 1 1 1 1 1 1 1 1 1 1 1 1 1 1 1 1 1 1 1 1 1 1 1 1 1 1 1 1 1 1 1 1 1 1 1 1 1 1 2 3 4 6 8 10 13 16 19 22 25 27 29 31 31 31 30 28 26 23 20 17 14 12 9 7 5 4 3 2 1 1 1 1 1 1 1 1 1 1 1 1 1 1 1 1 1 1 1 1 1 1 1 1 1 1 1 1 1 1 1 1 1 1 1 1 1 1 1 1 1 1 1 1 1 1 1 1 1 1 1 1 1 1 1 1 1 1 1 1 1 1 1 1 1 1 1 1 1 1 1 1 1 1 1 1 1 1 1 1 1 1 1 1 1 1 1 1
1 1 1 1 1 1 1 1 1 1 1 1 1 1 1 1 1 1 1 1 1 1 1 1 1 1 1 1 1 1 1 1 1 1 1 1 1 1 1 1 1 1 1 1 1 1 1 1 1 1 1 1 1 1 1 1 1 1 1 1 1 1 1 1 1 1 1 1 1 1 1 1 1 1 1 1 1 1 1 1 1 1 1 1 1 1 1 1 1 1 1 1 1 1 2 3 4 6 8 10 12 15 18 21 24 27 29 31 32 32 31 29 27 24 21 18 15 12 9 7 5 3 2 1 1 1 1 1 1 1 1 1 1 1 1 1 1 1 1 1 1 1 1 1 1 1 1 1 1 1 1 1 1 1 1 1 1 1 1 1 1 1 1 1 1 1 1 1
1 1 1 1 1 1 1 1 1 1 1 1 1 1 1 1 1 1 1 1 1 1 1 1 1 1 1 1 1 1 1 1 1 1 1 1 1 1 1 1 1 1 1 1 1 1 1 1 1 1 1 1 1 1 1 1 1 1 1 1 1 1 1 1 1 1 1 1 1 1 1 1 1 1 1 1 1 1 1 1 1 1 1 1 1 1 1 1 1 1 1 1 1 1 1 1 1 1 1 1 1 1 1 1 1 1 1 1 1 1 1 1 1 1 1 1 1 1 1 1 1 2 3 5 7 10 13 17 21 25 29 33 36 37 37 36 34 30 26 22 17 13 9 6 4 2 1 1 1 1 1 1 1 1 1 1 1 1 1 1 1 1 1 1 1 1 1 1
1 1 1 1 1 1 1 1 1 1 1 1 1 1 1 1 1 1 1 1 1 1 1 1 1 1 1 1 1 1 1 1 1 1 1 1 1 1 1 1 1 1 1 1 1 1 1 1 1 1 1 1 1 1 1 1 1 1 1 1 1 1 1 1 1 1 1 1 1 1 1 1 1 1 1 1 1 2 3 4 5 7 9 12 14 17 20 23 25 27 29 30 30 30 29 27 25 22 19 16 13 11 9 6 5 3 2 1 1 1 1 1 1 1 1 1 1 1 1 1 1 1 1 1 1 1 1 1 1 1 1 1 1 1 1 1 1 1 1 1 1 1 1 1 1 1 1 1 1 1 1 1 1 1 1 1 1 1 1 1 1 1 1 1 1 1 1 1
1 1 1 1 1 1 1 1 1 1 1 1 1 1 1 1 1 1 1 1 1 1 1 1 1 1 1 1 1 1 1 1 1 1 1 1 1 1 1 1 1 1 1 1 1 1 1 1 1 1 1 1 1 1 1 1 1 1 1 1 1 1 1 1 1 1 1 1 1 1 1 1 1 1 1 1 1 1 1 1 1 1 1 1 1 2 3 4 6 8 10 13 16 19 22 24 27 29 30 31 31 30 28 26 23 21 18 15 12 9 7 5 4 3 2 1 1 1 1 1 1 1 1 1 1 1 1 1 1 1 1 1 1 1 1 1 1 1 1 1 1 1 1 1 1 1 1 1 1 1 1 1 1 1 1 1 1 1 1 1 1 1 1 1 1 1 1 1
1 1 1 1 1 1 1 1 1 1 1 1 1 1 1 1 1 1 1 1 1 1 1 1 1 1 1 1 1 1 1 1 1 1 1 1 1 1 1 1 1 1 1 1 1 1 1 1 1 1 1 1 1 1 1 1 1 1 1 1 1 1 1 1 1 1 1 1 1 1 1 1 1 1 1 1 1 1 1 1 1 1 1 1 1 1 1 1 1 1 1 1 1 1 2 3 4 5 7 10 12 15 18 21 24 27 29 31 31 32 31 29 27 24 21 18 15 12 9 7 5 4 2 1 1 1 1 1 1 1 1 1 1 1 1 1 1 1 1 1 1 1 1 1 1 1 1 1 1 1 1 1 1 1 1 1 1 1 1 1 1 1 1 1 1 1 1 1
1 1 1 1 1 1 1 1 1 1 1 1 1 1 1 1 1 1 1 1 1 1 1 1 1 1 1 2 3 5 8 11 14 18 22 26 30 33 35 36 35 34 32 28 25 21 17 13 10 8 5 4 2 1 1 1 1 1 1 1 1 1 1 1 1 1 1 1 1 1 1 1 1 1 1 1 1 1 1 1 1 1 1 1 1 1 1 1 1 1 1 1 1 1 1 1 1 1 1 1 1 1 1 1 1 1 1 1 1 1 1 1 1 1 1 1 1 1 1 1 1 1 1 1 1 1 1 1 1 1 1 1 1 1 1 1 1 1 1 1 1 1 1 1 1 1 1 1 1 1 1 1 1 1 1 1 1 1 1 1 1 1 1 1 1 1 1 1
1 1 1 1 1 1 1 1 1 1 1 1 1 1 1 1 1 1 1 1 1 1 1 1 1 1 1 1 1 1 1 1 1 1 1 1 1 1 1 1 1 1 1 1 1 1 1 1 1 1 1 1 1 1 1 1 1 1 1 1 1 1 2 2 4 5 7 9 11 14 17 20 22 25 27 29 30 30 30 29 27 25 22 20 17 14 11 9 7 5 4 3 2 1 1 1 1 1 1 1 1 1 1 1 1 1 1 1 1 1 1 1 1 1 1 1 1 1 1 1 1 1 1 1 1 1 1 1 1 1 1 1 1 1 1 1 1 1 1 1 1 1 1 1 1 1 1 1 1 1 1 1 1 1 1 1 1 1 1 1 1 1 1 1 1 1 1 1
1 1 1 1 1 1 1 1 1 1 1 1 1 1 1 1 1 1 1 1 1 1 1 1 1 1 1 1 1 1 1 1 1 1 1 1 1 1 1 1 1 2 3 5 7 9 12 15 18 22 25 28 30 32 32 32 31 29 27 24 21 18 15 12 9 7 5 4 2 1 1 1 1 1 1 1 1 1 1 1 1 1 1 1 1 1 1 1 1 1 1 1 1 1 1 1 1 1 1 1 1 1 1 1 1 1 1 1 1 1 1 1 1 1 1 1 1 1 1 1 1 1 1 1 1 1 1 1 1 1 1 1 1 1 1 1 1 1 1 1 1 1 1 1 1 1 1 1 1 1 1 1 1 1 1 1 1 1 1 1 1 1 1 1 1 1 1 1
1 1 1 1 1 1 1 1 1 1 1 1 1 1 1 1 1 1 1 1 1 1 1 1 1 1 1 1 1 1 1 1 1 1 1 1 1 1 1 1 1 1 1 1 1 1 1 1 1 1 1 1 1 1 1 1 1 1 1 1 1 1 1 1 1 1 1 1 1 1 1 1 1 1 1 1 1 1 1 1 1 1 1 1 1 1 1 1 1 1 1 1 1 1 1 1 1 2 3 4 6 8 11 13 16 20 23 26 28 30 31 32 32 30 28 26 23 20 17 13 11 8 6 4 3 2 1 1 1 1 1 1 1 1 1 1 1 1 1 1 1 1 1 1 1 1 1 1 1 1 1 1 1 1 1 1 1 1 1 1 1 1 1 1 1 1 1 1
4 20 48 77 93 88 69 46 27 13 6 2 1 1 1 1 1 1 1 1 1 1 1 1 1 1 1 1 1 1 1 1 1 1 1 1 1 1 1 1 1 1 1 1 1 1 1 1 1 1 1 1 1 1 1 1 1 1 1 1 1 1 1 1 1 1 1 1 1 1 1 1 1 1 1 1 1 1 1 1 1 1 1 1 1 1 1 1 1 1 1 1 1 1 1 1 1 1 1 1 1 1 1 1 1 1 1 1 1 1 1 1 1 1 1 1 1 1 1 1 1 1 1 1 1 1 1 1 1 1 1 1 1 1 1 1 1 1 1 1 1 1 1 1 1 1 1 1 1 1 1 1 1 1 1 1 1 1 1 1 1 1 1 1 1 1 1 1
1 1 1 1 1 1 1 1 1 1 1 1 1 1 1 1 1 1 1 1 1 1 1 1 1 1 1 1 1 1 1 1 1 1 1 1 2 3 5 7 10 13 16 20 23 26 29 31 33 33 33 31 29 26 23 20 16 13 10 8 6 4 3 2 1 1 1 1 1 1 1 1 1 1 1 1 1 1 1 1 1 1 1 1 1 1 1 1 1 1 1 1 1 1 1 1 1 1 1 1 1 1 1 1 1 1 1 1 1 1 1 1 1 1 1 1 1 1 1 1 1 1 1 1 1 1 1 1 1 1 1 1 1 1 1 1 1 1 1 1 1 1 1 1 1 1 1 1 1 1 1 1 1 1 1 1 1 1 1 1 1 1 1 1 1 1 1 1
1 1 1 1 1 1 1 1 1 1 1 1 1 1 1 1 1 1 1 1 1 1 1 1 1 1 1 1 1 1 1 1 1 1 1 1 1 1 1 1 1 1 1 1 2 2 4 5 7 10 13 16 19 22 25 28 30 31 32 32 30 29 26 24 21 17 14 12 9 7 5 4 2 2 1 1 1 1 1 1 1 1 1 1 1 1 1 1 1 1 1 1 1 1 1 1 1 1 1 1 1 1 1 1 1 1 1 1 1 1 1 1 1 1 1 1 1 1 1 1 1 1 1 1 1 1 1 1 1 1 1 1 1 1 1 1 1 1 1 1 1 1 1 1 1 1 1 1 1 1 1 1 1 1 1 1 1 1 1 1 1 1 1 1 1 1 1 1
1 1 1 1 1 1 1 1 1 1 1 1 1 1 1 1 1 1 1 1 1 1 1 1 1 1 1 1 1 1 1 1 1 1 1 1 1 1 1 1 1 1 1 1 1 1 1 1 1 1 1 1 1 1 2 4 5 7 9 11 14 17 20 23 26 28 30 31 31 30 29 27 25 22 19 16 13 11 8 6 5 3 2 1 1 1 1 1 1 1 1 1 1 1 1 1 1 1 1 1 1 1 1 1 1 1 1 1 1 1 1 1 1 1 1 1 1 1 1 1 1 1 1 1 1 1 1 1 1 1 1 1 1 1 1 1 1 1 1 1 1 1 1 1 1 1 1 1 1 1 1 1 1 1 1 1 1 1 1 1 1 1 1 1 1 1 1 1
1 1 1 1 1 1 1 1 1 1 1 1 1 1 1 1 1 1 1 1 1 1 1 1 1 1 1 1 1 1 1 1 1 1 1 1 1 1 1 1 1 1 1 1 1 1 1 1 1 1 1 1 1 1 1 1 1 1 1 1 1 1 1 1 1 1 1 1 1 1 1 1 1 1 1 1 1 1 1 1 1 1 1 2 3 5 6 8 11 13 16 19 22 25 27 29 30 31 30 29 28 26 23 20 17 14 12 9 7 5 4 2 2 1 1 1 1 1 1 1 1 1 1 1 1 1 1 1 1 1 1 1 1 1 1 1 1 1 1 1 1 1 1 1 1 1 1 1 1 1 1 1 1 1 1 1 1 1 1 1 1 1 1 1 1 1 1 1
1 1 1 1 1 1 1 1 1 1 1 1 1 1 1 1 1 1 1 1 1 1 1 1 1 1 1 1 1 1 1 1 1 1 1 1 1 2 3 4 6 8 11 14 18 21 24 27 30 32 33 33 32 30 28 25 22 18 15 12 9 7 5 4 2 2 1 1 1 1 1 1 1 1 1 1 1 1 1 1 1 1 1 1 1 1 1 1 1 1 1 1 1 1 1 1 1 1 1 1 1 1 1 1 1 1 1 1 1 1 1 1 1 1 1 1 1 1 1 1 1 1 1 1 1 1 1 1 1 1 1 1 1 1 1 1 1 1 1 1 1 1 1 1 1 1 1 1 1 1 1 1 1 1 1 1 1 1 1 1 1 1 1 1 1 1 1 1
1 1 1 1 1 1 1 1 1 1 1 1 1 1 1 1 3 5 8 13 18 23 29 34 38 41 42 41 38 34 29 24 19 14 10 7 5 3 2 1 1 1 1 1 1 1 1 1 1 1 1 1 1 1 1 1 1 1 1 1 1 1 1 1 1 1 1 1 1 1 1 1 1 1 1 1 1 1 1 1 1 1 1 1 1 1 1 1 1 1 1 1 1 1 1 1 1 1 1 1 1 1 1 1 1 1 1 1 1 1 1 1 1 1 1 1 1 1 1 1 1 1 1 1 1 1 1 1 1 1 1 1 1 1 1 1 1 1 1 1 1 1 1 1 1 1 1 1 1 1 1 1 1 1 1 1 1 1 1 1 1 1 1 1 1 1 1 1
1 1 1 1 1 1 1 1 1 1 1 1 1 1 1 1 1 1 1 1 1 1 1 1 1 1 1 1 1 1 1 1 1 1 1 1 1 1 1 1 1 1 1 1 1 1 1 1 1 1 1 1 1 1 1 1 1 2 3 5 7 9 11 14 17 20 23 25 27 29 30 31 30 29 27 25 22 20 17 14 11 9 7 5 4 2 2 1 1 1 1 1 1 1 1 1 1 1 1 1 1 1 1 1 1 1 1 1 1 1 1 1 1 1 1 1 1 1 1 1 1 1 1 1 1 1 1 1 1 1 1 1 1 1 1 1 1 1 1 1 1 1 1 1 1 1 1 1 1 1 1 1 1 1 1 1 1 1 1 1 1 1 1 1 1 1 1 1
1 1 1 1 1 1 1 1 1 1 1 1 1 1 1 1 1 1 1 1 1 1 1 1 1 1 1 1 1 1 1 1 1 1 1 1 1 1 1 1 1 1 1 1 1 1 1 1 1 1 1 1 1 1 1 1 1 1 1 1 1 1 1 1 1 1 1 1 1 1 1 1 1 1 1 2 3 5 6 8 11 13 16 19 22 24 27 29 30 30 30 29 28 25 23 20 17 14 12 9 7 5 4 3 2 1 1 1 1 1 1 1 1 1 1 1 1 1 1 1 1 1 1 1 1 1 1 1 1 1 1 1 1 1 1 1 1 1 1 1 1 1 1 1 1 1 1 1 1 1 1 1 1 1 1 1 1 1 1 1 1 1 1 1 1 1 1 1
1 1 1 1 1 1 1 1 1 1 1 1 1 1 1 1 1 1 1 1 1 1 1 1 1 1 1 1 1 1 1 1 1 1 1 1 1 1 1 1 1 1 1 1 1 1 1 1 1 1 1 1 1 1 1 1 1 1 1 1 1 1 1 1 1 1 1 1 1 1 1 1 1 2 2 4 5 7 9 11 14 16 19 22 25 27 29 30 30 30 29 27 25 23 20 17 14 11 9 7 5 4 3 2 1 1 1 1 1 1 1 1 1 1 1 1 1 1 1 1 1 1 1 1 1 1 1 1 1 1 1 1 1 1 1 1 1 1 1 1 1 1 1 1 1 1 1 1 1 1 1 1 1 1 1 1 1 1 1 1 1 1 1 1 1 1 1 1
1 1 1 1 1 1 1 1 1 1 1 1 1 1 1 1 1 1 1 1 1 1 1 1 1 1 1 1 1 1 1 1 1 1 1 1 1 1 1 1 1 1 1 1 1 1 1 1 1 1 1 1 1 1 1 1 1 1 1 1 1 1 1 1 1 1 1 1 1 1 1 1 1 2 3 4 6 7 10 12 15 17 20 23 26 28 29 30 30 30 28 27 24 22 19 16 13 11 8 6 5 3 2 1 1 1 1 1 1 1 1 1 1 1 1 1 1 1 1 1 1 1 1 1 1 1 1 1 1 1 1 1 1 1 1 1 1 1 1 1 1 1 1 1 1 1 1 1 1 1 1 1 1 1 1 1 1 1 1 1 1 1 1 1 1 1 1 1
1 1 1 1 1 1 1 1 1 1 1 1 1 1 1 1 1 1 1 1 1 1 1 1 1 1 1 1 1 1 1 1 1 1 1 1 1 1 1 1 1 1 1 1 1 1 1 1 1 1 1 2 3 4 6 8 11 13 16 19 22 25 28 29 31 31 31 30 28 26 23 20 17 14 11 9 7 5 4 2 2 1 1 1 1 1 1 1 1 1 1 1 1 1 1 1 1 1 1 1 1 1 1 1 1 1 1 1 1 1 1 1 1 1 1 1 1 1 1 1 1 1 1 1 1 1 1 1 1 1 1 1 1 1 1 1 1 1 1 1 1 1 1 1 1 1 1 1 1 1 1 1 1 1 1 1 1 1 1 1 1 1 1 1 1 1 1 1
1 1 1 1 1 1 1 1 1 1 1 1 1 1 1 1 1 1 1 1 1 1 1 1 1 1 1 1 1 1 1 1 1 1 1 1 1 1 1 1 1 1 1 1 1 1 1 1 1 1 1 1 1 1 1 1 1 1 1 1 1 1 1 1 1 1 1 1 1 1 1 1 1 1 2 3 4 6 8 10 12 15 18 21 23 26 28 29 30 30 30 28 26 24 21 18 16 13 10 8 6 4 3 2 1 1 1 1 1 1 1 1 1 1 1 1 1 1 1 1 1 1 1 1 1 1 1 1 1 1 1 1 1 1 1 1 1 1 1 1 1 1 1 1 1 1 1 1 1 1 1 1 1 1 1 1 1 1 1 1 1 1 1 1 1 1 1 1
1 1 1 1 1 1 1 1 1 1 1 1 1 1 1 1 1 1 1 1 1 1 1 1 1 1 1 1 1 1 1 1 1 1 1 1 1 1 1 1 1 1 1 1 1 1 1 1 1 1 1 1 1 1 1 1 1 1 1 1 1 1 1 1 1 1 1 1 2 3 5 6 8 11 13 16 19 22 25 27 29 30 30 30 29 27 25 23 20 17 14 12 9 7 5 4 3 2 1 1 1 1 1 1 1 1 1 1 1 1 1 1 1 1 1 1 1 1 1 1 1 1 1 1 1 1 1 1 1 1 1 1 1 1 1 1 1 1 1 1 1 1 1 1 1 1 1 1 1 1 1 1 1 1 1 1 1 1 1 1 1 1 1 1 1 1 1 1
1 1 1 1 1 1 1 1 1 1 1 1 1 1 1 1 1 1 1 1 1 1 1 1 1 1 1 1 1 1 1 1 1 1 1 1 1 1 1 1 1 1 1 1 1 1 1 1 1 1 1 1 1 2 3 5 7 9 11 14 17 20 23 25 28 30 31 31 30 29 27 25 22 19 16 14 11 9 7 5 3 2 1 1 1 1 1 1 1 1 1 1 1 1 1 1 1 1 1 1 1 1 1 1 1 1 1 1 1 1 1 1 1 1 1 1 1 1 1 1 1 1 1 1 1 1 1 1 1 1 1 1 1 1 1 1 1 1 1 1 1 1 1 1 1 1 1 1 1 1 1 1 1 1 1 1 1 1 1 1 1 1 1 1 1 1 1 1
1 1 1 1 1 1 1 1 1 1 1 1 1 1 1 1 1 1 1 1 1 1 1 1 1 1 1 1 1 1 1 1 1 1 1 1 1 1 1 1 1 1 1 1 1 1 1 1 1 1 1 1 1 1 1 1 1 1 1 1 1 1 1 2 2 4 5 7 9 11 14 17 20 23 25 27 29 30 30 30 29 27 25 22 19 16 14 11 9 7 5 4 2 2 1 1 1 1 1 1 1 1 1 1 1 1 1 1 1 1 1 1 1 1 1 1 1 1 1 1 1 1 1 1 1 1 1 1 1 1 1 1 1 1 1 1 1 1 1 1 1 1 1 1 1 1 1 1 1 1 1 1 1 1 1 1 1 1 1 1 1 1 1 1 1 1 1 1
1 1 1 1 1 1 1 1 1 1 1 1 1 1 1 1 1 1 1 1 1 1 1 1 1 1 1 1 1 1 1 1 1 1 1 1 1 1 1 1 1 1 1 1 1 1 1 1 1 1 1 1 1 1 1 1 1 1 1 1 1 1 1 1 1 1 1 1 1 1 1 1 1 2 3 5 6 8 10 13 16 19 21 24 26 28 30 30 30 29 28 26 23 21 18 15 12 10 7 6 4 3 2 1 1 1 1 1 1 1 1 1 1 1 1 1 1 1 1 1 1 1 1 1 1 1 1 1 1 1 1 1 1 1 1 1 1 1 1 1 1 1 1 1 1 1 1 1 1 1 1 1 1 1 1 1 1 1 1 1 1 1 1 1 1 1 1 1
1 1 1 1 1 1 1 1 1 1 1 1 1 1 1 1 1 1 1 1 1 1 1 1 1 1 1 1 1 1 1 1 1 1 1 1 1 1 1 1 1 1 1 1 1 1 1 1 1 1 1 1 1 1 1 1 1 2 3 5 6 8 11 14 16 19 22 25 27 29 30 31 30 29 27 25 23 20 17 14 11 9 7 5 4 3 2 1 1 1 1 1 1 1 1 1 1 1 1 1 1 1 1 1 1 1 1 1 1 1 1 1 1 1 1 1 1 1 1 1 1 1 1 1 1 1 1 1 1 1 1 1 1 1 1 1 1 1 1 1 1 1 1 1 1 1 1 1 1 1 1 1 1 1 1 1 1 1 1 1 1 1 1 1 1 1 1 1
1 1 1 1 1 1 1 1 1 1 1 1 1 1 1 1 1 1 1 1 1 1 3 4 7 10 14 18 22 27 31 35 37 38 38 36 33 29 25 20 16 13 9 7 5 3 2 1 1 1 1 1 1 1 1 1 1 1 1 1 1 1 1 1 1 1 1 1 1 1 1 1 1 1 1 1 1 1 1 1 1 1 1 1 1 1 1 1 1 1 1 1 1 1 1 1 1 1 1 1 1 1 1 1 1 1 1 1 1 1 1 1 1 1 1 1 1 1 1 1 1 1 1 1 1 1 1 1 1 1 1 1 1 1 1 1 1 1 1 1 1 1 1 1 1 1 1 1 1 1 1 1 1 1 1 1 1 1 1 1 1 1 1 1 1 1 1 1
1 1 1 1 1 1 1 1 1 1 1 1 1 1 1 1 1 1 1 1 1 1 1 1 1 1 1 1 1 1 1 1 1 1 1 1 1 1 1 1 1 1 1 1 1 1 1 1 1 1 1 1 1 1 1 1 1 1 1 1 1 1 1 1 1 1 1 1 1 1 1 1 1 1 1 1 1 1 1 1 1 1 2 3 4 6 8 10 12 15 18 21 24 26 28 30 30 31 30 28 26 24 21 18 15 12 10 8 6 4 3 2 1 1 1 1 1 1 1 1 1 1 1 1 1 1 1 1 1 1 1 1 1 1 1 1 1 1 1 1 1 1 1 1 1 1 1 1 1 1 1 1 1 1 1 1 1 1 1 1 1 1 1 1 1 1 1 1
1 1 1 1 1 1 1 1 1 1 1 1 1 1 1 1 1 1 1 1 1 1 1 1 1 1 1 1 1 1 1 1 1 1 1 1 1 1 1 1 1 1 1 1 1 1 1 1 1 1 1 1 1 1 1 1 1 1 1 1 1 1 1 1 1 1 1 1 1 1 1 1 1 2 3 4 6 7 10 12 15 18 20 23 26 28 29 30 30 30 28 27 24 22 19 16 13 10 8 6 5 3 2 1 1 1 1 1 1 1 1 1 1 1 1 1 1 1 1 1 1 1 1 1 1 1 1 1 1 1 1 1 1 1 1 1 1 1 1 1 1 1 1 1 1 1 1 1 1 1 1 1 1 1 1 1 1 1 1 1 1 1 1 1 1 1 1 1
1 1 1 1 1 1 1 1 1 1 1 1 1 1 1 1 1 1 1 1 1 1 1 1 1 1 1 1 1 1 1 1 1 1 1 1 1 1 1 1 1 1 1 1 1 1 2 3 4 5 7 10 13 16 19 22 25 27 29 31 31 31 30 29 26 24 21 18 15 12 9 7 5 4 3 2 1 1 1 1 1 1 1 1 1 1 1 1 1 1 1 1 1 1 1 1 1 1 1 1 1 1 1 1 1 1 1 1 1 1 1 1 1 1 1 1 1 1 1 1 1 1 1 1 1 1 1 1 1 1 1 1 1 1 1 1 1 1 1 1 1 1 1 1 1 1 1 1 1 1 1 1 1 1 1 1 1 1 1 1 1 1 1 1 1 1 1 1
1 1 1 1 1 1 1 1 1 1 1 1 1 1 1 1 1 1 1 1 1 1 1 1 1 1 1 1 1 1 1 1 1 1 1 1 1 1 1 1 1 1 1 1 1 1 1 1 1 1 1 1 1 1 1 1 1 1 1 1 1 1 1 1 1 1 2 3 4 5 7 9 12 14 17 20 23 25 28 29 30 30 30 29 27 24 22 19 16 13 11 8 6 5 3 2 1 1 1 1 1 1 1 1 1 1 1 1 1 1 1 1 1 1 1 1 1 1 1 1 1 1 1 1 1 1 1 1 1 1 1 1 1 1 1 1 1 1 1 1 1 1 1 1 1 1 1 1 1 1 1 1 1 1 1 1 1 1 1 1 1 1 1 1 1 1 1 1
1 1 1 1 1 1 1 1 1 1 1 1 1 1 1 1 1 1 1 1 1 1 1 1 1 1 1 1 1 1 1 1 1 1 1 1 1 1 1 1 1 1 1 1 1 1 1 1 1 1 1 2 3 4 6 8 10 13 16 19 22 25 27 29 30 31 31 30 28 26 23 20 17 14 12 9 7 5 4 3 2 1 1 1 1 1 1 1 1 1 1 1 1 1 1 1 1 1 1 1 1 1 1 1 1 1 1 1 1 1 1 1 1 1 1 1 1 1 1 1 1 1 1 1 1 1 1 1 1 1 1 1 1 1 1 1 1 1 1 1 1 1 1 1 1 1 1 1 1 1 1 1 1 1 1 1 1 1 1 1 1 1 1 1 1 1 1 1
1 1 1 1 1 1 1 1 1 1 1 1 1 1 1 1 1 1 1 1 1 1 1 1 1 1 1 1 1 1 1 1 1 1 1 1 1 1 1 1 1 1 1 1 1 1 1 1 1 1 1 1 1 1 1 1 1 1 1 1 1 1 1 1 1 1 1 1 1 2 3 4 6 8 10 12 15 18 21 23 26 28 29 30 30 30 28 26 24 21 18 16 13 10 8 6 4 3 2 1 1 1 1 1 1 1 1 1 1 1 1 1 1 1 1 1 1 1 1 1 1 1 1 1 1 1 1 1 1 1 1 1 1 1 1 1 1 1 1 1 1 1 1 1 1 1 1 1 1 1 1 1 1 1 1 1 1 1 1 1 1 1 1 1 1 1 1 1
0 0 0 0 0 0 0 0 0 0 0 0 0 0 0 0 10 5 0 0 0 0 0 0 0 0 0 0 0 0 0 0 0 0 0 0 0 0 0 0 0 0 0 0 0 0 0 0 4 2 0 0 0 0 0 0 0 0 0 0 0 0 0 0 0 0 0 0 0 0 0 0 0 0 0 0 0 0 0 0 0 0 0 0 0 0 0 0 0 0 0 0 0 0 0 0 0 0 0 0 0 0 0 0 0 0 0 0 0 0 0 0 0 0 0 0 2 1 2 1 10 5 11 5 0 0 0 0 0 0 0 0 0 0 0 0 0 0 0 0 0 0 0 0 0 0 0 0 0 0 0 0 0 0 7 3 2 1 1 0 0 0 0 0 11 5 0 0 0 0 0 0 0 0 0 0 1 0 0 0 0 0 0 0 0 0 0 0 1 0 0 0 0 0 0 0 5 2 2 1 0 0 0 0 0 0 0 0 0 0 0 0 0 0 0 0 0 0 0 0 5 2 0 0 0 0 0 0 0 0 0 0 0 0 0 0 11 5 0 0 0 0 18 9 0 0 0 0 0 0 0 0 0 0 0 0 0 0 0 0 0 0 0 0 0 0 0 0 0 0 0 0 0 0 0 0 0 0 0 0 0 0 0 0 0 0 2 1 0 0 0 0 0 0 0 0 0 0 0 0 0 0 0 0 0 0 0 0 0 0 0 0 0 0 0 0 0 0 0 0 0 0 0 0 0 0 0 0 0 0 0 0 0 0 0 0
0 0 0 0 0 0 0 0 0 0 0 0 33 16 0 0 0 0 0 0 0 0 0 0 0 0 0 0 0 0 0 0 0 0 0 0 0 0 0 0 0 0 0 0 0 0 0 0 0 0 0 0 0 0 0 0 0 0 0 0 0 0 12 6 0 0 0 0 0 0 0 0 0 0 0 0 0 0 0 0 0 0 0 0 5 2 0 0 0 0 0 0 0 0 0 0 0 0 0 0 0 0 0 0 0 0 0 0 0 0 5 2 0 0 11 5 2 1 0 0 0 0 0 0 0 0 0 0 0 0 0 0 4 2 0 0 0 0 10 5 0 0 0 0 0 0 2 1 0 0 0 0 0 0 0 0 0 0 4 2 0 0 2 1 0 0 0 0 0 0 2 1 1 0 3 1 0 0 0 0 10 5 0 0 1 0 5 2 0 0 8 4 2 1 0 0 6 3 0 0 0 0 0 0 9 4 0 0 0 0 0 0 0 0 10 5 0 0 2 1 0 0 0 0 0 0 0 0 0 0 0 0 0 0 0 0 0 0 0 0 0 0 0 0 0 0 0 0 0 0 0 0 0 0 0 0 0 0 0 0 0 0 0 0 0 0 0 0 0 0 0 0 21 10 0 0 0 0 0 0 0 0 0 0 0 0 0 0 0 0 0 0 0 0 0 0 0 0 0 0 0 0 0 0 0 0 0 0 0 0 0 0 0 0 0 0 0 0 0 0 0 0 0 0 0 0 0 0 0 0 0 0 0 0 0 0
0 0 0 0 0 0 0 0 0 0 0 0 0 0 0 0 0 0 0 0 0 0 0 0 0 0 0 0 0 0 0 0 0 0 0 0 0 0 0 0 0 0 0 0 0 0 0 0 0 0 0 0 0 0 0 0 0 0 0 0 0 0 0 0 0 0 4 2 0 0 0 0 0 0 0 0 0 0 0 0 0 0 0 0 0 0 0 0 0 0 0 0 0 0 0 0 0 0 8 4 0 0 0 0 0 0 3 1 2 1 0 0 0 0 0 0 0 0 0 0 0 0 0 0 0 0 7 3 0 0 0 0 1 0 0 0 0 0 0 0 0 0 0 0 2 1 0 0 2 1 5 2 0 0 0 0 0 0 1 0 1 0 0 0 0 0 0 0 0 0 0 0 1 0 14 7 0 0 0 0 0 0 4 2 15 7 0 0 0 0 0 0 2 1 3 1 11 5 0 0 0 0 5 2 0 0 0 0 0 0 0 0 0 0 16 8 0 0 0 0 0 0 0 0 0 0 0 0 0 0 0 0 0 0 0 0 0 0 0 0 0 0 17 8 0 0 0 0 0 0 0 0 0 0 0 0 0 0 4 2 0 0 0 0 0 0 0 0 0 0 0 0 0 0 0 0 0 0 0 0 0 0 0 0 0 0 5 2 0 0 0 0 0 0 0 0 0 0 0 0 0 0 0 0 0 0 0 0 0 0 0 0 0 0 0 0 0 0 0 0 0 0 0 0 0 0 0 0 0 0 0 0 0 0 0 0
0 0 0 0 0 0 10 5 0 0 0 0 0 0 0 0 0 0 0 0 0 0 0 0 0 0 0 0 0 0 0 0 25 12 0 0 3 1 0 0 0 0 0 0 0 0 0 0 0 0 0 0 0 0 0 0 0 0 0 0 0 0 0 0 0 0 0 0 0 0 0 0 0 0 0 0 0 0 0 0 0 0 0 0 0 0 0 0 0 0 0 0 0 0 0 0 0 0 4 2 0 0 3 1 0 0 0 0 0 0 0 0 6 3 7 3 2 1 0 0 0 0 0 0 2 1 0 0 0 0 0 0 0 0 2 1 1 0 0 0 0 0 0 0 0 0 0 0 0 0 0 0 12 6 0 0 2 1 0 0 0 0 8 4 1 0 13 6 14 7 0 0 0 0 1 0 6 3 8 4 0 0 0 0 0 0 0 0 0 0 0 0 0 0 0 0 0 0 0 0 0 0 0 0 1 0 2 1 0 0 4 2 0 0 0 0 0 0 0 0 0 0 0 0 0 0 0 0 0 0 0 0 0 0 1 0 0 0 0 0 0 0 0 0 0 0 0 0 2 1 0 0 0 0 0 0 3 1 0 0 0 0 0 0 0 0 0 0 15 7 0 0 0 0 0 0 0 0 0 0 0 0 0 0 0 0 0 0 0 0 0 0 0 0 0 0 0 0 0 0 0 0 0 0 0 0 0 0 0 0 0 0 0 0 0 0 0 0 0 0 0 0 0 0 0 0 0 0 0 0 0 0 0 0 0 0
0 0 0 0 0 0 0 0 0 0 0 0 0 0 0 0 0 0 0 0 0 0 0 0 0 0 0 0 0 0 0 0 0 0 0 0 0 0 0 0 0 0 0 0 6 3 0 0 0 0 0 0 0 0 5 2 0 0 0 0 0 0 0 0 0 0 0 0 0 0 0 0 0 0 0 0 0 0 0 0 0 0 0 0 0 0 0 0 0 0 0 0 22 11 0 0 0 0 0 0 0 0 0 0 0 0 0 0 10 5 0 0 0 0 0 0 3 1 3 1 0 0 0 0 0 0 0 0 1 0 0 0 0 0 2 1 2 1 15 7 18 9 0 0 0 0 0 0 0 0 0 0 0 0 0 0 8 4 0 0 11 5 3 1 0 0 8 4 0 0 0 0 0 0 0 0 1 0 14 7 0 0 0 0 0 0 0 0 0 0 0 0 1 0 3 1 6 3 0 0 0 0 0 0 0 0 0 0 0 0 0 0 0 0 0 0 0 0 2 1 0 0 0 0 0 0 0 0 0 0 0 0 0 0 6 3 0 0 0 0 0 0 8 4 0 0 0 0 0 0 5 2 0 0 0 0 0 0 0 0 0 0 0 0 0 0 0 0 0 0 0 0 0 0 0 0 0 0 0 0 0 0 0 0 0 0 0 0 0 0 0 0 0 0 0 0 0 0 0 0 0 0 0 0 0 0 0 0 0 0 0 0 0 0 0 0 0 0 0 0 0 0 0 0 0 0 0 0 0 0 0 0 0 0 0 0
0 0 0 0 0 0 0 0 0 0 0 0 0 0 0 0 0 0 0 0 0 0 0 0 0 0 0 0 0 0 0 0 0 0 0 0 0 0 0 0 0 0 0 0 0 0 0 0 0 0 0 0 0 0 0 0 0 0 0 0 0 0 0 0 0 0 0 0 0 0 0 0 0 0 0 0 0 0 0 0 0 0 0 0 0 0 0 0 16 8 0 0 0 0 2 1 0 0 16 8 0 0 0 0 0 0 0 0 0 0 0 0 0 0 4 2 11 5 0 0 0 0 2 1 0 0 0 0 0 0 0 0 6 3 0 0 0 0 9 4 3 1 0 0 1 0 0 0 6 3 6 3 0 0 0 0 0 0 0 0 0 0 9 4 0 0 0 0 0 0 0 0 0 0 0 0 0 0 0 0 12 6 0 0 0 0 0 0 0 0 0 0 0 0 0 0 0 0 5 2 0 0 0 0 0 0 12 6 0 0 0 0 0 0 0 0 0 0 0 0 0 0 0 0 0 0 0 0 0 0 0 0 0 0 0 0 0 0 0 0 0 0 0 0 0 0 0 0 1 0 0 0 0 0 0 0 0 0 0 0 0 0 0 0 0 0 0 0 0 0 0 0 0 0 0 0 0 0 13 6 0 0 0 0 0 0 0 0 0 0 0 0 0 0 0 0 0 0 0 0 0 0 0 0 0 0 0 0 0 0 0 0 0 0 0 0 0 0 0 0 0 0 0 0 0 0 0 0 0 0 0 0 0 0 0 0
0 0 0 0 0 0 0 0 0 0 0 0 0 0 0 0 0 0 0 0 0 0 0 0 0 0 0 0 0 0 0 0 0 0 0 0 0 0 0 0 0 0 0 0 0 0 0 0 0 0 0 0 0 0 0 0 0 0 0 0 0 0 0 0 0 0 0 0 0 0 0 0 0 0 0 0 0 0 0 0 0 0 0 0 0 0 0 0 0 0 0 0 0 0 0 0 0 0 0 0 0 0 0 0 1 0 0 0 0 0 0 0 2 1 0 0 0 0 2 1 0 0 0 0 4 2 0 0 0 0 0 0 4 2 0 0 0 0 8 4 0 0 6 3 6 3 0 0 0 0 5 2 6 3 1 0 0 0 4 2 0 0 0 0 2 1 1 0 0 0 0 0 12 6 0 0 0 0 0 0 0 0 0 0 0 0 0 0 0 0 0 0 0 0 0 0 0 0 0 0 1 0 0 0 10 5 0 0 0 0 0 0 1 0 0 0 0 0 0 0 0 0 0 0 12 6 1 0 0 0 0 0 0 0 0 0 0 0 0 0 10 5 0 0 0 0 0 0 0 0 2 1 0 0 0 0 0 0 4 2 0 0 1 0 0 0 0 0 0 0 0 0 0 0 0 0 0 0 0 0 0 0 0 0 0 0 0 0 0 0 1 0 0 0 0 0 0 0 0 0 0 0 0 0 0 0 0 0 0 0 0 0 0 0 0 0 0 0 0 0 0 0 0 0 0 0 0 0 0 0 0 0 0 0 0 0
0 0 0 0 0 0 0 0 0 0 0 0 0 0 0 0 0 0 0 0 0 0 0 0 0 0 0 0 0 0 0 0 0 0 0 0 0 0 0 0 0 0 0 0 0 0 0 0 0 0 0 0 0 0 0 0 0 0 0 0 0 0 0 0 0 0 0 0 0 0 0 0 0 0 0 0 0 0 0 0 0 0 1 0 0 0 0 0 0 0 0 0 0 0 0 0 0 0 8 4 0 0 0 0 0 0 0 0 8 4 0 0 0 0 0 0 4 2 11 5 0 0 1 0 2 1 0 0 14 7 0 0 0 0 0 0 0 0 0 0 2 1 0 0 0 0 12 6 0 0 0 0 2 1 6 3 0 0 2 1 0 0 0 0 9 4 0 0 0 0 2 1 6 3 0 0 0 0 8 4 0 0 0 0 0 0 6 3 0 0 0 0 13 6 1 0 20 10 4 2 7 3 0 0 1 0 1 0 0 0 8 4 0 0 0 0 0 0 0 0 0 0 0 0 0 0 0 0 0 0 0 0 0 0 2 1 0 0 0 0 0 0 2 1 0 0 0 0 0 0 0 0 0 0 0 0 0 0 0 0 0 0 0 0 0 0 0 0 0 0 0 0 0 0 0 0 0 0 0 0 0 0 0 0 0 0 0 0 0 0 0 0 0 0 0 0 0 0 0 0 0 0 0 0 0 0 0 0 0 0 0 0 0 0 0 0 0 0 0 0 0 0 0 0 0 0 0 0 0 0 0 0 0 0 0 0
0 0 0 0 0 0 0 0 0 0 0 0 0 0 0 0 0 0 0 0 0 0 0 0 0 0 0 0 0 0 0 0 0 0 0 0 0 0 0 0 0 0 0 0 0 0 2 1 0 0 0 0 0 0 0 0 0 0 0 0 0 0 0 0 0 0 0 0 0 0 0 0 0 0 2 1 0 0 0 0 0 0 0 0 0 0 0 0 0 0 0 0 2 1 0 0 19 9 0 0 0 0 0 0 0 0 0 0 0 0 9 4 0 0 0 0 4 2 0 0 0 0 0 0 4 2 0 0 0 0 2 1 0 0 2 1 0 0 0 0 9 4 0 0 0 0 0 0 0 0 0 0 0 0 2 1 0 0 3 1 0 0 0 0 0 0 0 0 0 0 0 0 14 7 14 7 0 0 4 2 0 0 0 0 0 0 18 9 8 4 1 0 0 0 0 0 0 0 4 2 0 0 0 0 12 6 0 0 0 0 13 6 0 0 0 0 0 0 4 2 0 0 0 0 0 0 0 0 0 0 0 0 0 0 0 0 16 8 0 0 0 0 0 0 0 0 0 0 0 0 0 0 0 0 0 0 0 0 0 0 0 0 0 0 0 0 0 0 0 0 0 0 0 0 0 0 0 0 0 0 0 0 0 0 0 0 0 0 0 0 0 0 0 0 0 0 0 0 0 0 0 0 0 0 0 0 0 0 0 0 0 0 0 0 0 0 0 0 0 0 0 0 0 0 0 0 0 0 0 0 0 0 0 0 0 0
0 0 0 0 0 0 0 0 0 0 0 0 0 0 0 0 0 0 0 0 0 0 0 0 0 0 0 0 0 0 0 0 0 0 0 0 0 0 0 0 0 0 14 7 0 0 0 0 0 0 0 0 0 0 0 0 1 0 19 9 0 0 0 0 0 0 0 0 0 0 0 0 0 0 0 0 0 0 0 0 0 0 3 1 0 0 0 0 0 0 0 0 0 0 0 0 0 0 0 0 0 0 0 0 8 4 0 0 0 0 11 5 0 0 0 0 0 0 0 0 0 0 4 2 0 0 0 0 8 4 0 0 0 0 0 0 0 0 8 4 0 0 0 0 0 0 0 0 0 0 0 0 11 5 0 0 0 0 0 0 0 0 0 0 0 0 6 3 0 0 0 0 0 0 15 7 1 0 0 0 0 0 0 0 5 2 8 4 0 0 12 6 0 0 7 3 0 0 0 0 0 0 0 0 0 0 0 0 0 0 0 0 0 0 0 0 0 0 0 0 1 0 0 0 0 0 0 0 0 0 0 0 0 0 18 9 0 0 0 0 0 0 0 0 0 0 0 0 0 0 0 0 0 0 0 0 0 0 0 0 0 0 0 0 0 0 0 0 0 0 0 0 0 0 0 0 0 0 0 0 0 0 0 0 0 0 0 0 0 0 0 0 0 0 0 0 0 0 0 0 0 0 0 0 0 0 0 0 0 0 0 0 0 0 0 0 0 0 0 0 0 0 0 0 0 0 0 0 0 0 0 0 0 0 0 0
0 0 0 0 0 0 0 0 0 0 0 0 0 0 0 0 0 0 0 0 0 0 0 0 0 0 0 0 0 0 0 0 0 0 0 0 0 0 0 0 0 0 0 0 0 0 0 0 0 0 0 0 0 0 0 0 0 0 0 0 0 0 0 0 0 0 0 0 0 0 17 8 0 0 0 0 0 0 0 0 0 0 0 0 0 0 0 0 0 0 0 0 0 0 0 0 0 0 0 0 0 0 0 0 0 0 0 0 2 1 0 0 0 0 0 0 0 0 2 1 0 0 0 0 0 0 0 0 0 0 0 0 1 0 1 0 0 0 0 0 0 0 0 0 0 0 0 0 0 0 8 4 4 2 0 0 1 0 0 0 4 2 7 3 12 6 10 5 2 1 0 0 0 0 0 0 0 0 0 0 5 2 12 6 5 2 1 0 0 0 16 8 0 0 3 1 2 1 4 2 2 1 0 0 0 0 6 3 0 0 0 0 0 0 0 0 0 0 0 0 4 2 0 0 10 5 0 0 0 0 0 0 0 0 0 0 0 0 0 0 0 0 0 0 0 0 0 0 0 0 0 0 0 0 0 0 0 0 3 1 0 0 0 0 0 0 0 0 0 0 0 0 0 0 0 0 0 0 0 0 0 0 0 0 0 0 0 0 0 0 0 0 0 0 0 0 0 0 0 0 0 0 0 0 0 0 0 0 0 0 0 0 0 0 0 0 0 0 0 0 0 0 0 0 0 0 0 0 0 0 0 0 0 0 0 0
0 0 0 0 0 0 0 0 0 0 0 0 0 0 0 0 0 0 0 0 0 0 0 0 0 0 0 0 0 0 0 0 0 0 0 0 0 0 0 0 0 0 0 0 0 0 0 0 0 0 0 0 0 0 0 0 0 0 0 0 0 0 0 0 0 0 0 0 0 0 1 0 0 0 0 0 0 0 0 0 0 0 0 0 0 0 0 0 1 0 0 0 0 0 0 0 0 0 0 0 0 0 0 0 0 0 1 0 1 0 14 7 0 0 0 0 0 0 9 4 0 0 2 1 0 0 0 0 2 1 0 0 0 0 0 0 0 0 0 0 0 0 0 0 2 1 0 0 2 1 1 0 1 0 0 0 0 0 0 0 0 0 0 0 0 0 0 0 0 0 0 0 0 0 0 0 4 2 0 0 0 0 0 0 0 0 0 0 0 0 0 0 0 0 3 1 6 3 4 2 0 0 0 0 0 0 7 3 0 0 0 0 0 0 0 0 0 0 0 0 0 0 0 0 0 0 0 0 0 0 0 0 0 0 0 0 0 0 2 1 0 0 0 0 0 0 0 0 0 0 0 0 0 0 0 0 0 0 0 0 0 0 0 0 0 0 0 0 0 0 0 0 0 0 0 0 0 0 0 0 0 0 0 0 0 0 0 0 0 0 0 0 0 0 0 0 0 0 0 0 0 0 0 0 0 0 0 0 0 0 0 0 0 0 0 0 0 0 0 0 0 0 0 0 0 0 0 0 0 0 0 0 0 0 0 0
0 0 0 0 0 0 0 0 0 0 0 0 0 0 0 0 0 0 0 0 0 0 0 0 0 0 0 0 0 0 0 0 0 0 0 0 1 0 0 0 0 0 0 0 0 0 0 0 0 0 0 0 0 0 0 0 0 0 0 0 0 0 0 0 0 0 0 0 2 1 0 0 0 0 0 0 0 0 0 0 0 0 0 0 0 0 0 0 0 0 0 0 14 7 0 0 0 0 0 0 0 0 0 0 0 0 0 0 1 0 0 0 8 4 11 5 0 0 0 0 0 0 0 0 10 5 0 0 8 4 0 0 0 0 0 0 9 4 15 7 0 0 0 0 2 1 8 4 5 2 4 2 1 0 1 0 4 2 1 0 12 6 0 0 0 0 0 0 0 0 3 1 8 4 19 9 0 0 0 0 1 0 0 0 0 0 0 0 0 0 0 0 0 0 0 0 0 0 1 0 0 0 0 0 0 0 0 0 0 0 0 0 0 0 0 0 0 0 0 0 0 0 0 0 8 4 11 5 0 0 5 2 10 5 0 0 16 8 0 0 0 0 0 0 0 0 0 0 0 0 0 0 0 0 0 0 0 0 0 0 0 0 0 0 0 0 0 0 0 0 0 0 0 0 0 0 0 0 0 0 0 0 0 0 0 0 0 0 0 0 0 0 0 0 0 0 0 0 0 0 0 0 0 0 0 0 0 0 0 0 0 0 0 0 0 0 0 0 0 0 0 0 0 0 0 0 0 0 0 0 0 0 0 0 0 0
0 0 0 0 0 0 0 0 0 0 0 0 0 0 0 0 0 0 0 0 0 0 0 0 0 0 0 0 0 0 0 0 0 0 0 0 0 0 0 0 0 0 0 0 0 0 0 0 0 0 0 0 0 0 0 0 0 0 0 0 8 4 0 0 0 0 0 0 0 0 0 0 0 0 0 0 0 0 0 0 0 0 6 3 0 0 0 0 0 0 0 0 0 0 9 4 0 0 0 0 0 0 0 0 0 0 0 0 0 0 0 0 0 0 0 0 0 0 0 0 0 0 0 0 0 0 3 1 8 4 0 0 0 0 0 0 1 0 4 2 0 0 0 0 0 0 4 2 0 0 0 0 2 1 0 0 0 0 0 0 0 0 0 0 10 5 0 0 6 3 0 0 0 0 0 0 0 0 0 0 0 0 0 0 0 0 0 0 0 0 0 0 2 1 0 0 4 2 2 1 4 2 0 0 1 0 0 0 0 0 0 0 0 0 0 0 0 0 0 0 16 8 0 0 0 0 0 0 0 0 20 10 0 0 0 0 0 0 0 0 0 0 0 0 0 0 0 0 0 0 0 0 0 0 0 0 0 0 0 0 0 0 0 0 0 0 0 0 0 0 0 0 0 0 0 0 0 0 0 0 0 0 6 3 0 0 0 0 0 0 0 0 0 0 0 0 0 0 0 0 0 0 0 0 0 0 0 0 0 0 0 0 0 0 0 0 0 0 0 0 0 0 0 0 0 0 0 0 0 0 0 0 0 0 0 0
0 0 0 0 0 0 0 0 0 0 0 0 0 0 0 0 0 0 0 0 0 0 0 0 0 0 0 0 0 0 0 0 0 0 0 0 0 0 0 0 0 0 0 0 0 0 0 0 0 0 0 0 0 0 0 0 0 0 0 0 0 0 0 0 0 0 0 0 0 0 0 0 0 0 0 0 1 0 0 0 0 0 0 0 0 0 0 0 0 0 0 0 11 5 0 0 5 2 0 0 0 0 0 0 0 0 0 0 0 0 9 4 0 0 5 2 0 0 0 0 0 0 0 0 0 0 0 0 11 5 4 2 0 0 0 0 0 0 0 0 0 0 0 0 0 0 9 4 0 0 0 0 0 0 0 0 0 0 1 0 2 1 0 0 0 0 0 0 1 0 0 0 0 0 0 0 0 0 0 0 2 1 0 0 0 0 0 0 5 2 2 1 1 0 0 0 5 2 2 1 0 0 0 0 0 0 14 7 0 0 0 0 0 0 0 0 0 0 0 0 0 0 8 4 0 0 0 0 1 0 0 0 0 0 0 0 0 0 4 2 0 0 12 6 0 0 6 3 0 0 0 0 0 0 0 0 0 0 0 0 0 0 0 0 0 0 0 0 0 0 0 0 0 0 0 0 0 0 0 0 0 0 0 0 10 5 0 0 0 0 0 0 0 0 0 0 0 0 0 0 0 0 0 0 0 0 0 0 0 0 0 0 0 0 0 0 0 0 0 0 0 0 0 0 0 0 0 0 0 0 0 0 0 0 0 0
0 0 0 0 0 0 0 0 0 0 0 0 0 0 0 0 0 0 0 0 0 0 0 0 0 0 0 0 0 0 0 0 0 0 0 0 0 0 0 0 0 0 0 0 0 0 0 0 0 0 0 0 0 0 0 0 0 0 0 0 0 0 0 0 0 0 7 3 0 0 0 0 0 0 0 0 0 0 0 0 0 0 0 0 0 0 3 1 0 0 0 0 0 0 12 6 0 0 3 1 0 0 0 0 0 0 0 0 6 3 0 0 0 0 2 1 0 0 10 5 10 5 0 0 0 0 0 0 18 9 0 0 0 0 1 0 6 3 0 0 0 0 0 0 0 0 0 0 1 0 16 8 6 3 6 3 0 0 6 3 0 0 0 0 0 0 6 3 2 1 0 0 12 6 7 3 0 0 0 0 0 0 0 0 7 3 12 6 0 0 0 0 0 0 1 0 6 3 0 0 1 0 0 0 0 0 0 0 0 0 0 0 4 2 0 0 8 4 0 0 0 0 0 0 0 0 15 7 0 0 0 0 0 0 0 0 0 0 0 0 2 1 0 0 0 0 0 0 0 0 0 0 0 0 0 0 0 0 0 0 0 0 0 0 0 0 0 0 0 0 0 0 0 0 0 0 0 0 0 0 1 0 0 0 0 0 0 0 0 0 0 0 0 0 0 0 0 0 0 0 0 0 0 0 0 0 0 0 0 0 0 0 0 0 0 0 0 0 0 0 0 0 0 0 0 0 0 0 0 0 0 0 0 0 0 0
0 0 0 0 0 0 0 0 0 0 0 0 0 0 0 0 0 0 0 0 0 0 0 0 0 0 0 0 0 0 0 0 0 0 0 0 0 0 0 0 0 0 0 0 0 0 0 0 0 0 0 0 0 0 0 0 0 0 0 0 0 0 0 0 0 0 5 2 0 0 0 0 0 0 0 0 0 0 2 1 0 0 0 0 0 0 6 3 3 1 0 0 0 0 0 0 0 0 0 0 6 3 0 0 0 0 0 0 0 0 0 0 0 0 0 0 5 2 14 7 0 0 9 4 10 5 11 5 8 4 0 0 4 2 0 0 0 0 0 0 7 3 0 0 0 0 0 0 0 0 0 0 0 0 1 0 6 3 0 0 0 0 0 0 0 0 6 3 5 2 0 0 4 2 0 0 0 0 2 1 0 0 0 0 0 0 0 0 0 0 0 0 6 3 0 0 0 0 0 0 0 0 7 3 0 0 0 0 0 0 0 0 11 5 0 0 0 0 0 0 0 0 0 0 0 0 0 0 0 0 0 0 0 0 0 0 0 0 0 0 0 0 0 0 0 0 2 1 0 0 0 0 0 0 0 0 0 0 0 0 0 0 0 0 0 0 0 0 0 0 0 0 0 0 0 0 0 0 0 0 0 0 0 0 0 0 0 0 0 0 0 0 0 0 0 0 0 0 0 0 0 0 0 0 0 0 0 0 0 0 0 0 0 0 0 0 0 0 0 0 0 0 0 0 0 0 0 0 0 0 0 0 0 0 0 0
0 0 0 0 0 0 0 0 0 0 0 0 0 0 0 0 0 0 0 0 0 0 0 0 0 0 0 0 0 0 0 0 0 0 0 0 0 0 0 0 0 0 0 0 0 0 0 0 0 0 0 0 0 0 0 0 0 0 0 0 0 0 0 0 0 0 0 0 0 0 0 0 0 0 0 0 1 0 0 0 0 0 0 0 0 0 0 0 0 0 4 2 0 0 0 0 0 0 0 0 0 0 2 1 0 0 11 5 2 1 0 0 6 3 0 0 0 0 7 3 2 1 0 0 2 1 15 7 8 4 1 0 0 0 0 0 0 0 0 0 0 0 0 0 0 0 0 0 0 0 0 0 2 1 0 0 11 5 0 0 8 4 0 0 8 4 0 0 0 0 0 0 0 0 0 0 16 8 0 0 3 1 0 0 3 1 0 0 0 0 0 0 0 0 4 2 4 2 0 0 0 0 0 0 0 0 0 0 8 4 8 4 0 0 0 0 0 0 0 0 0 0 0 0 0 0 0 0 0 0 0 0 0 0 0 0 0 0 0 0 0 0 0 0 0 0 0 0 2 1 0 0 1 0 0 0 0 0 0 0 0 0 0 0 0 0 0 0 0 0 0 0 0 0 0 0 0 0 0 0 0 0 0 0 0 0 0 0 0 0 0 0 0 0 0 0 0 0 0 0 0 0 0 0 0 0 0 0 0 0 0 0 0 0 0 0 0 0 0 0 0 0 0 0 0 0 0 0 0 0 0 0 0 0 0 0
0 0 0 0 0 0 0 0 0 0 0 0 0 0 0 0 0 0 0 0 0 0 0 0 0 0 0 0 0 0 0 0 0 0 0 0 0 0 0 0 0 0 0 0 0 0 0 0 0 0 0 0 0 0 0 0 0 0 0 0 0 0 0 0 0 0 0 0 0 0 0 0 0 0 0 0 0 0 14 7 0 0 0 0 0 0 0 0 0 0 0 0 0 0 0 0 3 1 0 0 0 0 0 0 0 0 10 5 0 0 0 0 4 2 0 0 0 0 2 1 0 0 0 0 0 0 0 0 0 0 0 0 0 0 0 0 14 7 0 0 13 6 0 0 0 0 0 0 0 0 1 0 0 0 0 0 6 3 0 0 0 0 0 0 3 1 0 0 0 0 0 0 0 0 0 0 16 8 6 3 6 3 6 3 0 0 0 0 0 0 0 0 0 0 0 0 0 0 6 3 0 0 6 3 0 0 0 0 0 0 8 4 0 0 0 0 0 0 0 0 0 0 2 1 0 0 0 0 0 0 0 0 0 0 0 0 0 0 0 0 0 0 0 0 0 0 0 0 0 0 0 0 4 2 0 0 0 0 0 0 0 0 0 0 0 0 0 0 0 0 0 0 0 0 0 0 0 0 0 0 0 0 4 2 0 0 0 0 0 0 0 0 0 0 0 0 0 0 0 0 0 0 0 0 0 0 0 0 0 0 0 0 0 0 0 0 0 0 0 0 0 0 0 0 0 0 0 0 0 0 0 0 0 0 0 0
0 0 0 0 0 0 0 0 0 0 0 0 0 0 0 0 0 0 0 0 0 0 0 0 0 0 0 0 0 0 0 0 0 0 0 0 0 0 0 0 0 0 6 3 0 0 0 0 0 0 0 0 0 0 0 0 8 4 0 0 0 0 0 0 0 0 0 0 0 0 0 0 0 0 0 0 0 0 0 0 0 0 0 0 0 0 0 0 0 0 0 0 0 0 0 0 3 1 0 0 0 0 0 0 12 6 0 0 10 5 0 0 0 0 0 0 0 0 3 1 0 0 0 0 0 0 9 4 0 0 1 0 0 0 0 0 0 0 0 0 0 0 0 0 1 0 10 5 0 0 0 0 0 0 3 1 2 1 7 3 6 3 0 0 0 0 0 0 6 3 10 5 0 0 0 0 4 2 2 1 0 0 0 0 0 0 0 0 0 0 0 0 2 1 13 6 0 0 9 4 0 0 0 0 0 0 0 0 0 0 11 5 3 1 0 0 0 0 0 0 0 0 0 0 0 0 0 0 5 2 0 0 0 0 0 0 0 0 0 0 0 0 0 0 0 0 0 0 0 0 0 0 0 0 0 0 0 0 0 0 0 0 0 0 0 0 0 0 0 0 0 0 0 0 0 0 0 0 0 0 0 0 0 0 0 0 0 0 0 0 0 0 0 0 0 0 0 0 0 0 0 0 0 0 0 0 0 0 0 0 0 0 0 0 0 0 0 0 0 0 0 0 0 0 0 0 0 0 0 0 0 0 0 0 0 0
0 0 0 0 0 0 0 0 0 0 0 0 0 0 0 0 0 0 0 0 0 0 0 0 0 0 0 0 0 0 0 0 0 0 0 0 0 0 0 0 4 2 0 0 0 0 0 0 0 0 0 0 0 0 0 0 0 0 0 0 0 0 0 0 0 0 0 0 0 0 4 2 2 1 0 0 0 0 1 0 0 0 0 0 0 0 0 0 0 0 0 0 0 0 0 0 0 0 2 1 0 0 0 0 0 0 0 0 16 8 0 0 0 0 2 1 0 0 0 0 0 0 0 0 0 0 0 0 0 0 14 7 0 0 0 0 0 0 0 0 0 0 6 3 0 0 0 0 0 0 2 1 2 1 0 0 2 1 8 4 0 0 12 6 0 0 2 1 0 0 0 0 0 0 0 0 0 0 16 8 0 0 0 0 0 0 0 0 0 0 0 0 16 8 3 1 0 0 2 1 0 0 0 0 0 0 0 0 0 0 0 0 4 2 0 0 0 0 0 0 0 0 0 0 0 0 0 0 0 0 0 0 12 6 0 0 4 2 0 0 0 0 0 0 0 0 0 0 0 0 0 0 0 0 0 0 0 0 0 0 0 0 0 0 0 0 17 8 0 0 0 0 0 0 0 0 0 0 0 0 0 0 0 0 0 0 0 0 0 0 0 0 0 0 0 0 0 0 0 0 0 0 0 0 0 0 0 0 0 0 0 0 0 0 0 0 0 0 0 0 0 0 0 0 0 0 0 0 0 0 0 0 0 0 0 0
0 0 0 0 0 0 0 0 0 0 0 0 0 0 0 0 0 0 0 0 0 0 0 0 0 0 0 0 0 0 0 0 0 0 0 0 0 0 0 0 0 0 0 0 0 0 0 0 0 0 0 0 0 0 9 4 0 0 0 0 0 0 0 0 0 0 0 0 0 0 2 1 4 2 0 0 0 0 0 0 0 0 0 0 0 0 0 0 12 6 0 0 0 0 0 0 0 0 0 0 0 0 2 1 0 0 0 0 0 0 8 4 0 0 3 1 12 6 0 0 0 0 0 0 0 0 0 0 0 0 2 1 1 0 14 7 10 5 0 0 0 0 5 2 0 0 0 0 0 0 0 0 0 0 0 0 1 0 2 1 2 1 0 0 0 0 6 3 0 0 0 0 0 0 0 0 0 0 2 1 0 0 0 0 0 0 0 0 2 1 15 7 0 0 0 0 0 0 0 0 8 4 0 0 18 9 0 0 3 1 0 0 0 0 1 0 0 0 0 0 0 0 0 0 0 0 0 0 1 0 0 0 0 0 0 0 0 0 0 0 13 6 0 0 0 0 15 7 1 0 0 0 0 0 0 0 0 0 0 0 0 0 0 0 18 9 0 0 0 0 0 0 0 0 0 0 0 0 0 0 0 0 0 0 0 0 0 0 0 0 0 0 0 0 0 0 0 0 0 0 0 0 0 0 0 0 0 0 0 0 0 0 0 0 0 0 0 0 0 0 0 0 0 0 0 0 0 0 0 0 0 0 0 0 0 0
0 0 0 0 0 0 0 0 0 0 0 0 0 0 15 7 0 0 0 0 0 0 0 0 0 0 0 0 0 0 0 0 0 0 0 0 0 0 0 0 0 0 0 0 0 0 0 0 0 0 0 0 0 0 27 13 0 0 18 9 0 0 0 0 0 0 0 0 6 3 0 0 0 0 0 0 0 0 0 0 0 0 0 0 0 0 0 0 0 0 0 0 0 0 0 0 2 1 0 0 0 0 2 1 0 0 0 0 0 0 0 0 0 0 0 0 0 0 13 6 0 0 0 0 0 0 0 0 0 0 14 7 0 0 0 0 0 0 0 0 0 0 0 0 0 0 0 0 0 0 2 1 0 0 0 0 0 0 0 0 0 0 0 0 0 0 0 0 4 2 12 6 0 0 0 0 0 0 0 0 0 0 0 0 3 1 0 0 6 3 0 0 0 0 3 1 0 0 0 0 0 0 0 0 0 0 0 0 0 0 0 0 0 0 3 1 0 0 0 0 8 4 0 0 0 0 1 0 0 0 0 0 10 5 0 0 0 0 0 0 0 0 0 0 0 0 0 0 0 0 7 3 0 0 0 0 0 0 0 0 0 0 0 0 0 0 0 0 0 0 0 0 0 0 0 0 0 0 0 0 0 0 0 0 0 0 0 0 0 0 0 0 0 0 0 0 0 0 0 0 0 0 0 0 0 0 0 0 0 0 0 0 0 0 0 0 0 0 0 0 0 0 0 0 0 0 0 0 0 0 0 0 0 0 0 0
0 0 0 0 0 0 0 0 0 0 0 0 0 0 0 0 0 0 0 0 0 0 0 0 0 0 0 0 0 0 0 0 0 0 0 0 0 0 0 0 0 0 0 0 0 0 0 0 0 0 0 0 0 0 0 0 0 0 0 0 0 0 0 0 0 0 0 0 0 0 0 0 0 0 0 0 0 0 0 0 0 0 0 0 0 0 0 0 0 0 0 0 0 0 0 0 0 0 6 3 0 0 0 0 0 0 2 1 2 1 7 3 0 0 0 0 2 1 0 0 0 0 10 5 0 0 0 0 0 0 0 0 1 0 0 0 12 6 0 0 0 0 0 0 0 0 0 0 4 2 0 0 0 0 4 2 3 1 0 0 0 0 0 0 1 0 1 0 0 0 0 0 0 0 0 0 0 0 0 0 0 0 8 4 0 0 12 6 0 0 16 8 0 0 0 0 6 3 4 2 0 0 5 2 0 0 0 0 0 0 0 0 0 0 10 5 0 0 0 0 4 2 0 0 0 0 0 0 0 0 0 0 0 0 0 0 0 0 0 0 9 4 0 0 0 0 0 0 0 0 0 0 0 0 0 0 0 0 0 0 0 0 0 0 0 0 0 0 0 0 0 0 0 0 0 0 0 0 0 0 0 0 0 0 0 0 0 0 0 0 0 0 0 0 0 0 0 0 0 0 0 0 0 0 0 0 0 0 0 0 0 0 0 0 0 0 0 0 0 0 0 0 0 0 0 0 0 0 0 0 0 0 0 0 0 0
0 0 0 0 0 0 0 0 0 0 0 0 0 0 0 0 0 0 0 0 0 0 0 0 0 0 0 0 0 0 0 0 0 0 0 0 0 0 12 6 0 0 0 0 0 0 0 0 0 0 0 0 0 0 0 0 0 0 0 0 0 0 0 0 0 0 0 0 0 0 0 0 0 0 0 0 0 0 0 0 0 0 0 0 0 0 0 0 0 0 0 0 0 0 0 0 0 0 0 0 0 0 6 3 0 0 3 1 0 0 0 0 0 0 0 0 3 1 0 0 0 0 0 0 0 0 0 0 0 0 10 5 0 0 2 1 0 0 15 7 0 0 17 8 0 0 0 0 2 1 1 0 0 0 0 0 6 3 0 0 18 9 0 0 12 6 0 0 16 8 14 7 0 0 6 3 0 0 0 0 4 2 0 0 0 0 0 0 0 0 0 0 4 2 2 1 4 2 2 1 0 0 13 6 0 0 0 0 0 0 0 0 2 1 0 0 0 0 6 3 0 0 0 0 0 0 0 0 0 0 0 0 0 0 0 0 0 0 0 0 0 0 8 4 0 0 0 0 0 0 0 0 1 0 0 0 0 0 12 6 0 0 0 0 0 0 0 0 0 0 0 0 0 0 0 0 0 0 0 0 0 0 0 0 0 0 0 0 0 0 0 0 0 0 0 0 0 0 0 0 0 0 0 0 0 0 0 0 0 0 0 0 0 0 0 0 0 0 0 0 0 0 0 0 0 0 0 0 0 0 0 0 0 0 0 0
0 0 0 0 0 0 0 0 0 0 0 0 0 0 0 0 0 0 0 0 0 0 0 0 0 0 0 0 0 0 0 0 0 0 0 0 0 0 0 0 0 0 0 0 0 0 0 0 0 0 0 0 0 0 0 0 0 0 0 0 0 0 0 0 0 0 0 0 0 0 0 0 0 0 0 0 0 0 0 0 0 0 0 0 0 0 0 0 0 0 2 1 0 0 0 0 0 0 0 0 0 0 1 0 8 4 0 0 1 0 10 5 17 8 16 8 0 0 0 0 0 0 0 0 1 0 1 0 0 0 4 2 0 0 11 5 6 3 0 0 0 0 0 0 2 1 6 3 0 0 0 0 2 1 0 0 2 1 0 0 0 0 8 4 2 1 0 0 0 0 1 0 0 0 0 0 0 0 0 0 12 6 0 0 14 7 0 0 0 0 0 0 13 6 12 6 0 0 0 0 0 0 0 0 0 0 0 0 0 0 3 1 12 6 0 0 2 1 0 0 0 0 0 0 11 5 0 0 0 0 16 8 0 0 0 0 0 0 0 0 0 0 0 0 0 0 10 5 0 0 0 0 0 0 0 0 0 0 0 0 0 0 0 0 0 0 0 0 0 0 0 0 0 0 0 0 0 0 0 0 0 0 0 0 0 0 0 0 0 0 0 0 0 0 0 0 0 0 0 0 0 0 0 0 0 0 0 0 0 0 0 0 0 0 0 0 0 0 0 0 0 0 0 0 0 0 0 0 0 0 0 0 0 0 0 0
0 0 0 0 0 0 0 0 0 0 0 0 0 0 0 0 0 0 0 0 0 0 0 0 0 0 0 0 0 0 0 0 0 0 0 0 0 0 0 0 0 0 0 0 0 0 0 0 0 0 0 0 0 0 0 0 0 0 0 0 0 0 0 0 0 0 0 0 0 0 0 0 0 0 0 0 1 0 0 0 0 0 0 0 0 0 0 0 0 0 0 0 1 0 0 0 0 0 0 0 6 3 0 0 0 0 0 0 0 0 0 0 0 0 1 0 0 0 0 0 0 0 0 0 2 1 0 0 0 0 4 2 0 0 0 0 0 0 0 0 0 0 0 0 0 0 0 0 0 0 0 0 0 0 0 0 0 0 1 0 0 0 0 0 0 0 0 0 0 0 0 0 2 1 4 2 0 0 0 0 0 0 6 3 0 0 8 4 0 0 8 4 0 0 0 0 6 3 0 0 0 0 0 0 0 0 0 0 0 0 0 0 0 0 0 0 0 0 0 0 0 0 0 0 0 0 0 0 0 0 7 3 0 0 0 0 0 0 0 0 0 0 0 0 0 0 0 0 0 0 0 0 0 0 0 0 0 0 0 0 0 0 0 0 0 0 19 9 0 0 0 0 0 0 0 0 0 0 0 0 0 0 10 5 0 0 4 2 0 0 0 0 0 0 0 0 0 0 0 0 0 0 0 0 0 0 0 0 0 0 0 0 0 0 0 0 0 0 0 0 0 0 0 0 0 0 0 0 0 0 0 0 0 0 0 0
0 0 0 0 0 0 0 0 0 0 0 0 0 0 0 0 0 0 0 0 0 0 0 0 0 0 0 0 0 0 0 0 0 0 0 0 0 0 0 0 0 0 0 0 0 0 0 0 0 0 0 0 0 0 0 0 0 0 0 0 0 0 0 0 0 0 0 0 0 0 0 0 0 0 0 0 0 0 0 0 0 0 0 0 0 0 0 0 0 0 0 0 13 6 0 0 0 0 0 0 2 1 0 0 0 0 0 0 0 0 4 2 0 0 0 0 0 0 0 0 0 0 4 2 10 5 2 1 0 0 0 0 0 0 0 0 2 1 0 0 11 5 0 0 6 3 0 0 5 2 0 0 2 1 0 0 0 0 0 0 0 0 1 0 0 0 4 2 0 0 0 0 0 0 0 0 14 7 0 0 0 0 0 0 0 0 0 0 9 4 0 0 4 2 0 0 2 1 0 0 0 0 7 3 0 0 0 0 0 0 6 3 0 0 0 0 0 0 0 0 0 0 0 0 0 0 0 0 0 0 0 0 0 0 0 0 0 0 0 0 0 0 0 0 0 0 0 0 0 0 0 0 0 0 0 0 0 0 0 0 0 0 0 0 0 0 0 0 0 0 0 0 0 0 0 0 0 0 0 0 0 0 0 0 0 0 0 0 0 0 0 0 0 0 0 0 0 0 0 0 0 0 0 0 0 0 0 0 0 0 0 0 0 0 0 0 0 0 0 0 0 0 0 0 0 0 0 0 0 0 0 0 0 0 0 0
0 0 0 0 0 0 0 0 0 0 0 0 0 0 0 0 0 0 0 0 0 0 0 0 0 0 0 0 0 0 0 0 0 0 0 0 0 0 0 0 0 0 10 5 0 0 0 0 0 0 0 0 20 10 0 0 0 0 0 0 0 0 0 0 0 0 0 0 0 0 0 0 16 8 0 0 0 0 0 0 0 0 0 0 0 0 0 0 1 0 0 0 0 0 0 0 0 0 0 0 0 0 0 0 0 0 6 3 0 0 0 0 0 0 0 0 0 0 0 0 0 0 0 0 6 3 0 0 0 0 0 0 0 0 0 0 0 0 0 0 3 1 0 0 0 0 0 0 0 0 2 1 2 1 8 4 1 0 6 3 0 0 0 0 0 0 0 0 18 9 2 1 0 0 0 0 0 0 0 0 0 0 2 1 12 6 0 0 9 4 0 0 0 0 0 0 8 4 0 0 0 0 0 0 0 0 6 3 0 0 0 0 0 0 0 0 0 0 0 0 0 0 11 5 0 0 0 0 0 0 0 0 0 0 0 0 0 0 0 0 0 0 0 0 0 0 0 0 2 1 0 0 0 0 0 0 0 0 0 0 0 0 0 0 0 0 0 0 0 0 0 0 10 5 0 0 0 0 0 0 0 0 0 0 11 5 0 0 0 0 0 0 0 0 0 0 0 0 0 0 0 0 0 0 0 0 0 0 0 0 0 0 0 0 0 0 0 0 0 0 0 0 0 0 0 0 0 0 0 0 0 0 0 0 0 0
0 0 0 0 0 0 0 0 0 0 0 0 0 0 0 0 0 0 0 0 0 0 0 0 0 0 0 0 0 0 0 0 0 0 0 0 0 0 0 0 0 0 0 0 0 0 6 3 0 0 0 0 0 0 0 0 0 0 0 0 4 2 0 0 0 0 0 0 0 0 2 1 0 0 0 0 0 0 0 0 0 0 0 0 0 0 0 0 6 3 6 3 0 0 0 0 4 2 0 0 3 1 14 7 0 0 0 0 0 0 0 0 0 0 0 0 0 0 0 0 0 0 0 0 0 0 5 2 0 0 0 0 0 0 18 9 4 2 19 9 0 0 0 0 1 0 0 0 9 4 2 1 1 0 7 3 0 0 0 0 0 0 0 0 6 3 6 3 0 0 0 0 3 1 0 0 0 0 0 0 0 0 0 0 0 0 0 0 0 0 0 0 1 0 0 0 6 3 0 0 0 0 0 0 0 0 0 0 0 0 0 0 2 1 0 0 12 6 0 0 2 1 0 0 0 0 0 0 0 0 0 0 0 0 0 0 0 0 0 0 13 6 11 5 0 0 0 0 0 0 0 0 0 0 0 0 0 0 0 0 0 0 0 0 0 0 0 0 0 0 0 0 0 0 0 0 0 0 0 0 0 0 0 0 0 0 0 0 0 0 0 0 0 0 0 0 0 0 0 0 0 0 0 0 0 0 0 0 0 0 0 0 0 0 0 0 0 0 0 0 0 0 0 0 0 0 0 0 0 0 0 0 0 0 0 0
0 0 0 0 0 0 0 0 0 0 0 0 0 0 0 0 0 0 0 0 0 0 0 0 0 0 0 0 0 0 14 7 0 0 0 0 0 0 0 0 0 0 0 0 0 0 0 0 0 0 0 0 0 0 0 0 0 0 0 0 0 0 0 0 0 0 0 0 0 0 0 0 0 0 0 0 0 0 0 0 0 0 0 0 0 0 0 0 0 0 0 0 0 0 0 0 0 0 0 0 0 0 0 0 0 0 0 0 0 0 0 0 0 0 0 0 0 0 6 3 0 0 0 0 1 0 4 2 0 0 0 0 1 0 0 0 10 5 4 2 0 0 0 0 3 1 0 0 1 0 0 0 0 0 2 1 0 0 0 0 1 0 0 0 0 0 12 6 2 1 0 0 0 0 0 0 4 2 0 0 4 2 0 0 0 0 0 0 0 0 0 0 0 0 0 0 0 0 3 1 0 0 0 0 0 0 0 0 0 0 0 0 0 0 0 0 0 0 0 0 0 0 0 0 0 0 0 0 0 0 0 0 0 0 0 0 0 0 0 0 0 0 0 0 0 0 0 0 0 0 0 0 0 0 0 0 0 0 0 0 0 0 0 0 0 0 0 0 0 0 0 0 0 0 0 0 0 0 0 0 0 0 0 0 0 0 0 0 0 0 0 0 0 0 0 0 0 0 0 0 0 0 0 0 0 0 0 0 0 0 0 0 0 0 0 0 0 0 0 0 0 0 0 0 0 0 0 0 0 0 0 0 0 0 0 0
0 0 0 0 20 10 0 0 0 0 0 0 0 0 0 0 0 0 0 0 0 0 0 0 0 0 0 0 0 0 0 0 0 0 0 0 0 0 0 0 0 0 0 0 0 0 0 0 0 0 0 0 0 0 0 0 0 0 0 0 0 0 0 0 0 0 0 0 0 0 0 0 1 0 0 0 0 0 0 0 22 11 0 0 3 1 0 0 0 0 0 0 0 0 0 0 0 0 0 0 0 0 0 0 0 0 2 1 2 1 0 0 0 0 0 0 3 1 11 5 13 6 0 0 0 0 9 4 0 0 0 0 0 0 0 0 0 0 0 0 0 0 0 0 5 2 0 0 5 2 0 0 4 2 0 0 2 1 0 0 14 7 0 0 0 0 0 0 0 0 0 0 0 0 0 0 0 0 0 0 0 0 8 4 0 0 9 4 2 1 17 8 0 0 6 3 0 0 6 3 10 5 0 0 0 0 0 0 0 0 0 0 0 0 0 0 0 0 6 3 0 0 3 1 0 0 0 0 5 2 0 0 0 0 0 0 0 0 0 0 0 0 0 0 0 0 0 0 0 0 0 0 0 0 0 0 0 0 0 0 0 0 0 0 0 0 0 0 0 0 0 0 0 0 0 0 0 0 0 0 0 0 0 0 0 0 0 0 0 0 0 0 0 0 0 0 0 0 0 0 0 0 0 0 0 0 0 0 0 0 0 0 0 0 0 0 0 0 0 0 0 0 0 0 0 0 0 0 0 0 0 0 0 0 0 0
0 0 0 0 0 0 0 0 0 0 0 0 0 0 0 0 0 0 0 0 0 0 0 0 0 0 0 0 0 0 0 0 0 0 0 0 0 0 0 0 0 0 0 0 0 0 0 0 0 0 0 0 0 0 0 0 0 0 0 0 0 0 7 3 0 0 0 0 0 0 0 0 0 0 0 0 0 0 0 0 0 0 0 0 0 0 0 0 0 0 0 0 0 0 2 1 2 1 0 0 0 0 0 0 0 0 0 0 0 0 1 0 1 0 0 0 2 1 5 2 0 0 0 0 0 0 0 0 0 0 0 0 8 4 0 0 0 0 7 3 0 0 0 0 2 1 1 0 13 6 0 0 2 1 0 0 0 0 0 0 0 0 0 0 0 0 0 0 0 0 0 0 0 0 4 2 0 0 16 8 0 0 0 0 10 5 0 0 2 1 0 0 14 7 0 0 0 0 3 1 0 0 3 1 0 0 7 3 0 0 0 0 0 0 0 0 0 0 3 1 0 0 0 0 0 0 0 0 0 0 0 0 0 0 0 0 0 0 0 0 0 0 0 0 0 0 0 0 0 0 0 0 0 0 0 0 0 0 0 0 0 0 0 0 0 0 0 0 0 0 0 0 0 0 0 0 8 4 0 0 0 0 0 0 0 0 0 0 0 0 0 0 0 0 0 0 0 0 0 0 0 0 0 0 0 0 0 0 0 0 0 0 0 0 0 0 0 0 0 0 0 0 0 0 0 0 0 0 0 0 0 0 0 0 0 0
0 0 0 0 0 0 0 0 0 0 0 0 0 0 0 0 0 0 0 0 0 0 0 0 0 0 0 0 0 0 0 0 0 0 0 0 0 0 0 0 0 0 0 0 0 0 0 0 0 0 0 0 0 0 0 0 0 0 0 0 0 0 5 2 15 7 10 5 0 0 0 0 0 0 0 0 0 0 1 0 0 0 0 0 0 0 0 0 0 0 0 0 0 0 17 8 0 0 0 0 0 0 7 3 0 0 0 0 0 0 16 8 0 0 0 0 0 0 0 0 8 4 6 3 17 8 0 0 0 0 0 0 0 0 0 0 0 0 0 0 0 0 0 0 0 0 8 4 0 0 0 0 2 1 0 0 0 0 4 2 0 0 0 0 0 0 0 0 11 5 0 0 0 0 0 0 0 0 0 0 0 0 2 1 0 0 0 0 10 5 0 0 6 3 4 2 0 0 0 0 0 0 0 0 0 0 0 0 0 0 0 0 3 1 5 2 8 4 6 3 0 0 0 0 0 0 0 0 0 0 12 6 0 0 0 0 0 0 0 0 12 6 0 0 0 0 5 2 0 0 5 2 0 0 0 0 0 0 0 0 0 0 0 0 0 0 0 0 0 0 0 0 0 0 0 0 0 0 0 0 0 0 0 0 0 0 0 0 0 0 0 0 0 0 0 0 0 0 0 0 0 0 0 0 0 0 0 0 0 0 0 0 0 0 0 0 0 0 0 0 0 0 0 0 0 0 0 0 0 0 0 0 0 0 0 0
0 0 0 0 0 0 0 0 0 0 0 0 0 0 0 0 0 0 0 0 0 0 0 0 0 0 0 0 0 0 0 0 0 0 0 0 0 0 0 0 0 0 0 0 0 0 0 0 0 0 0 0 0 0 0 0 0 0 0 0 0 0 0 0 0 0 0 0 0 0 0 0 0 0 0 0 0 0 4 2 0 0 0 0 0 0 3 1 0 0 0 0 0 0 0 0 0 0 0 0 0 0 6 3 0 0 2 1 0 0 0 0 0 0 0 0 0 0 0 0 2 1 0 0 9 4 11 5 0 0 0 0 1 0 0 0 0 0 0 0 0 0 0 0 0 0 15 7 0 0 0 0 0 0 0 0 0 0 9 4 6 3 0 0 0 0 9 4 2 1 6 3 10 5 0 0 0 0 0 0 0 0 0 0 0 0 0 0 0 0 0 0 0 0 3 1 0 0 1 0 13 6 10 5 0 0 0 0 0 0 0 0 0 0 0 0 0 0 0 0 0 0 0 0 0 0 12 6 0 0 0 0 0 0 0 0 0 0 0 0 0 0 0 0 0 0 0 0 0 0 0 0 0 0 0 0 0 0 0 0 0 0 0 0 0 0 0 0 0 0 0 0 0 0 0 0 0 0 0 0 0 0 0 0 0 0 0 0 0 0 0 0 0 0 0 0 0 0 0 0 0 0 0 0 0 0 0 0 0 0 0 0 0 0 0 0 0 0 0 0 0 0 0 0 0 0 0 0 0 0 0 0 0 0 0 0
0 0 0 0 0 0 0 0 0 0 0 0 0 0 0 0 0 0 0 0 0 0 0 0 0 0 0 0 0 0 0 0 0 0 0 0 0 0 0 0 0 0 0 0 0 0 0 0 0 0 0 0 0 0 0 0 0 0 0 0 0 0 0 0 0 0 0 0 0 0 0 0 0 0 0 0 0 0 0 0 0 0 0 0 0 0 0 0 0 0 0 0 0 0 0 0 0 0 0 0 12 6 0 0 0 0 0 0 0 0 0 0 1 0 0 0 0 0 0 0 0 0 0 0 0 0 2 1 0 0 0 0 0 0 0 0 0 0 18 9 0 0 8 4 10 5 0 0 12 6 0 0 2 1 2 1 0 0 0 0 0 0 3 1 0 0 0 0 0 0 0 0 0 0 3 1 0 0 0 0 2 1 0 0 0 0 0 0 12 6 2 1 0 0 0 0 2 1 0 0 0 0 0 0 0 0 1 0 3 1 0 0 0 0 0 0 0 0 0 0 0 0 0 0 0 0 0 0 15 7 0 0 0 0 0 0 0 0 0 0 0 0 0 0 0 0 0 0 0 0 0 0 0 0 0 0 2 1 0 0 0 0 0 0 0 0 0 0 0 0 0 0 0 0 0 0 0 0 0 0 0 0 0 0 0 0 0 0 0 0 0 0 0 0 0 0 0 0 0 0 0 0 0 0 0 0 0 0 0 0 0 0 0 0 0 0 0 0 0 0 0 0 0 0 0 0 0 0 0 0 0 0 0 0 0 0
0 0 0 0 0 0 0 0 0 0 0 0 0 0 0 0 0 0 0 0 0 0 1 0 0 0 0 0 0 0 0 0 0 0 0 0 0 0 0 0 0 0 0 0 0 0 0 0 0 0 0 0 0 0 0 0 0 0 0 0 0 0 0 0 0 0 0 0 0 0 0 0 0 0 0 0 1 0 0 0 0 0 0 0 0 0 3 1 4 2 0 0 0 0 0 0 0 0 0 0 0 0 1 0 0 0 8 4 5 2 0 0 0 0 0 0 6 3 0 0 0 0 0 0 0 0 0 0 0 0 10 5 0 0 0 0 0 0 0 0 1 0 8 4 0 0 1 0 0 0 0 0 0 0 5 2 0 0 3 1 0 0 0 0 0 0 0 0 8 4 0 0 0 0 4 2 0 0 0 0 0 0 10 5 0 0 7 3 6 3 0 0 13 6 2 1 6 3 20 10 2 1 0 0 0 0 0 0 0 0 0 0 8 4 0 0 0 0 9 4 0 0 0 0 0 0 2 1 0 0 0 0 0 0 0 0 0 0 0 0 0 0 0 0 0 0 0 0 0 0 0 0 0 0 0 0 0 0 0 0 0 0 0 0 0 0 0 0 0 0 0 0 0 0 0 0 0 0 0 0 0 0 0 0 0 0 0 0 0 0 0 0 0 0 0 0 0 0 0 0 0 0 0 0 0 0 0 0 0 0 0 0 0 0 0 0 0 0 0 0 0 0 0 0 0 0 0 0 0 0 0 0 0 0 0 0
0 0 0 0 0 0 0 0 0 0 0 0 0 0 0 0 0 0 0 0 0 0 0 0 0 0 0 0 0 0 0 0 0 0 0 0 0 0 0 0 0 0 0 0 0 0 0 0 0 0 9 4 0 0 1 0 0 0 0 0 0 0 0 0 0 0 0 0 0 0 0 0 0 0 0 0 1 0 0 0 0 0 0 0 0 0 3 1 0 0 0 0 0 0 0 0 0 0 0 0 1 0 0 0 0 0 0 0 0 0 0 0 0 0 0 0 0 0 0 0 1 0 0 0 0 0 0 0 1 0 0 0 0 0 16 8 0 0 0 0 0 0 0 0 3 1 0 0 11 5 0 0 0 0 1 0 0 0 7 3 7 3 0 0 0 0 0 0 14 7 0 0 0 0 0 0 12 6 0 0 3 1 0 0 8 4 5 2 6 3 0 0 0 0 2 1 9 4 4 2 0 0 0 0 11 5 0 0 0 0 0 0 0 0 0 0 6 3 6 3 0 0 0 0 0 0 0 0 0 0 9 4 0 0 0 0 0 0 0 0 0 0 0 0 0 0 0 0 13 6 0 0 0 0 0 0 0 0 0 0 0 0 1 0 0 0 0 0 0 0 0 0 0 0 0 0 0 0 0 0 0 0 0 0 0 0 0 0 0 0 0 0 0 0 0 0 0 0 0 0 0 0 0 0 0 0 0 0 0 0 0 0 0 0 0 0 0 0 0 0 0 0 0 0 0 0 0 0 0 0 0 0 0 0 0 0
0 0 0 0 0 0 0 0 0 0 0 0 0 0 0 0 0 0 0 0 0 0 0 0 0 0 0 0 0 0 0 0 0 0 0 0 0 0 0 0 0 0 0 0 0 0 0 0 0 0 0 0 0 0 4 2 0 0 0 0 0 0 0 0 10 5 0 0 0 0 0 0 0 0 0 0 0 0 0 0 0 0 0 0 0 0 2 1 11 5 0 0 4 2 0 0 0 0 0 0 0 0 4 2 0 0 0 0 0 0 14 7 13 6 0 0 14 7 0 0 4 2 6 3 0 0 0 0 0 0 0 0 0 0 0 0 0 0 0 0 0 0 0 0 0 0 0 0 0 0 0 0 0 0 0 0 5 2 18 9 2 1 0 0 0 0 12 6 0 0 2 1 7 3 6 3 0 0 0 0 0 0 0 0 2 1 0 0 0 0 0 0 0 0 0 0 0 0 0 0 0 0 0 0 0 0 0 0 0 0 0 0 0 0 0 0 3 1 0 0 0 0 0 0 0 0 0 0 0 0 0 0 13 6 0 0 0 0 0 0 0 0 0 0 0 0 3 1 0 0 0 0 0 0 0 0 0 0 0 0 0 0 0 0 0 0 0 0 0 0 0 0 0 0 0 0 0 0 0 0 0 0 0 0 0 0 2 1 0 0 0 0 0 0 0 0 0 0 0 0 0 0 0 0 0 0 0 0 0 0 0 0 0 0 0 0 0 0 0 0 0 0 0 0 0 0 0 0 0 0 0 0 0 0 0 0
0 0 0 0 0 0 0 0 0 0 0 0 0 0 0 0 0 0 0 0 0 0 0 0 0 0 0 0 0 0 0 0 0 0 0 0 0 0 0 0 0 0 0 0 0 0 0 0 0 0 0 0 0 0 0 0 0 0 0 0 0 0 0 0 0 0 0 0 0 0 0 0 0 0 0 0 0 0 0 0 0 0 0 0 3 1 0 0 0 0 0 0 0 0 15 7 0 0 0 0 0 0 0 0 0 0 0 0 17 8 0 0 0 0 3 1 0 0 6 3 11 5 0 0 3 1 2 1 9 4 0 0 0 0 1 0 0 0 0 0 0 0 0 0 0 0 0 0 0 0 0 0 0 0 0 0 0 0 0 0 0 0 0 0 0 0 9 4 0 0 0 0 0 0 1 0 0 0 0 0 0 0 0 0 3 1 0 0 6 3 0 0 0 0 0 0 0 0 0 0 10 5 0 0 0 0 0 0 0 0 0 0 0 0 0 0 0 0 0 0 0 0 0 0 0 0 0 0 12 6 0 0 0 0 0 0 0 0 0 0 0 0 0 0 0 0 0 0 0 0 0 0 0 0 0 0 0 0 0 0 0 0 0 0 0 0 0 0 0 0 0 0 0 0 0 0 0 0 0 0 0 0 0 0 0 0 0 0 0 0 0 0 0 0 0 0 0 0 0 0 0 0 0 0 0 0 0 0 0 0 0 0 0 0 0 0 0 0 0 0 0 0 0 0 0 0 0 0 0 0 0 0 0 0 0 0
0 0 0 0 0 0 0 0 0 0 0 0 0 0 0 0 0 0 0 0 0 0 0 0 0 0 0 0 0 0 0 0 0 0 0 0 0 0 0 0 0 0 0 0 0 0 0 0 0 0 0 0 0 0 0 0 0 0 0 0 0 0 4 2 0 0 0 0 0 0 0 0 0 0 0 0 0 0 0 0 0 0 0 0 0 0 0 0 0 0 0 0 0 0 0 0 8 4 0 0 0 0 0 0 0 0 0 0 2 1 2 1 0 0 0 0 0 0 0 0 0 0 0 0 0 0 0 0 0 0 7 3 0 0 0 0 0 0 0 0 0 0 0 0 0 0 0 0 0 0 0 0 4 2 0 0 0 0 1 0 0 0 0 0 7 3 2 1 0 0 1 0 10 5 4 2 0 0 4 2 18 9 0 0 0 0 0 0 0 0 4 2 14 7 0 0 0 0 0 0 7 3 0 0 0 0 0 0 20 10 1 0 0 0 0 0 0 0 0 0 0 0 0 0 0 0 0 0 0 0 0 0 0 0 0 0 11 5 0 0 0 0 0 0 0 0 0 0 0 0 0 0 0 0 4 2 0 0 0 0 0 0 0 0 0 0 0 0 0 0 0 0 0 0 0 0 0 0 0 0 0 0 0 0 0 0 0 0 0 0 0 0 0 0 0 0 0 0 0 0 0 0 0 0 0 0 0 0 0 0 0 0 0 0 0 0 0 0 0 0 0 0 0 0 0 0 0 0 0 0 0 0 0 0 0 0
0 0 0 0 0 0 0 0 0 0 0 0 0 0 0 0 10 5 0 0 0 0 0 0 0 0 0 0 0 0 0 0 0 0 0 0 0 0 0 0 0 0 0 0 0 0 0 0 0 0 0 0 0 0 0 0 0 0 0 0 0 0 0 0 0 0 0 0 0 0 0 0 0 0 0 0 0 0 0 0 0 0 0 0 1 0 0 0 5 2 4 2 0 0 0 0 0 0 0 0 0 0 0 0 0 0 12 6 0 0 0 0 0 0 0 0 0 0 0 0 20 10 0 0 17 8 0 0 4 2 0 0 14 7 0 0 0 0 0 0 0 0 0 0 9 4 0 0 0 0 0 0 0 0 1 0 0 0 0 0 1 0 4 2 0 0 0 0 0 0 0 0 0 0 0 0 2 1 5 2 4 2 0 0 0 0 0 0 0 0 0 0 8 4 0 0 4 2 0 0 0 0 0 0 0 0 10 5 0 0 8 4 0 0 0 0 0 0 0 0 20 10 1 0 0 0 4 2 0 0 0 0 0 0 0 0 0 0 0 0 0 0 0 0 0 0 2 1 0 0 0 0 0 0 0 0 7 3 0 0 0 0 0 0 0 0 0 0 0 0 0 0 14 7 0 0 0 0 0 0 0 0 0 0 4 2 0 0 0 0 0 0 0 0 0 0 0 0 0 0 0 0 0 0 0 0 0 0 0 0 0 0 0 0 0 0 0 0 0 0 0 0 0 0 0 0 0 0 0 0 0 0 0 0 0 0
0 0 0 0 0 0 0 0 0 0 0 0 0 0 0 0 0 0 0 0 0 0 0 0 0 0 0 0 0 0 0 0 0 0 0 0 0 0 0 0 0 0 0 0 0 0 0 0 0 0 0 0 0 0 0 0 0 0 0 0 0 0 0 0 0 0 0 0 0 0 11 5 0 0 3 1 0 0 0 0 0 0 0 0 0 0 0 0 0 0 0 0 0 0 2 1 0 0 5 2 0 0 0 0 8 4 0 0 0 0 0 0 0 0 0 0 0 0 4 2 1 0 2 1 0 0 0 0 0 0 12 6 0 0 0 0 3 1 0 0 1 0 0 0 0 0 0 0 0 0 5 2 0 0 0 0 5 2 0 0 8 4 2 1 0 0 14 7 0 0 0 0 2 1 0 0 0 0 0 0 10 5 10 5 1 0 0 0 0 0 0 0 0 0 0 0 0 0 0 0 7 3 0 0 0 0 0 0 0 0 0 0 0 0 0 0 0 0 0 0 8 4 0 0 0 0 0 0 0 0 0 0 0 0 0 0 9 4 0 0 0 0 0 0 0 0 10 5 0 0 0 0 0 0 0 0 0 0 0 0 0 0 0 0 0 0 0 0 0 0 0 0 0 0 0 0 0 0 0 0 0 0 0 0 0 0 0 0 0 0 0 0 0 0 0 0 0 0 0 0 0 0 0 0 0 0 0 0 0 0 0 0 0 0 0 0 0 0 0 0 0 0 0 0 0 0 0 0 0 0 0 0 0 0 0 0
0 0 0 0 0 0 0 0 0 0 0 0 0 0 0 0 0 0 0 0 0 0 0 0 0 0 0 0 0 0 0 0 0 0 0 0 0 0 0 0 0 0 0 0 12 6 0 0 0 0 0 0 0 0 0 0 0 0 0 0 0 0 0 0 0 0 0 0 0 0 0 0 0 0 0 0 0 0 0 0 0 0 0 0 0 0 4 2 0 0 0 0 0 0 0 0 10 5 18 9 0 0 0 0 0 0 0 0 0 0 0 0 0 0 0 0 0 0 11 5 15 7 12 6 1 0 1 0 0 0 0 0 0 0 0 0 2 1 0 0 0 0 0 0 0 0 4 2 0 0 0 0 0 0 0 0 2 1 0 0 0 0 0 0 0 0 0 0 4 2 0 0 2 1 3 1 0 0 0 0 0 0 0 0 0 0 0 0 0 0 0 0 0 0 14 7 0 0 2 1 17 8 1 0 2 1 0 0 0 0 0 0 0 0 0 0 0 0 0 0 0 0 0 0 1 0 0 0 0 0 0 0 0 0 0 0 0 0 0 0 0 0 0 0 0 0 0 0 0 0 0 0 0 0 0 0 0 0 0 0 0 0 0 0 0 0 0 0 10 5 0 0 0 0 0 0 0 0 0 0 0 0 0 0 0 0 0 0 0 0 0 0 0 0 0 0 0 0 0 0 0 0 0 0 0 0 0 0 0 0 0 0 0 0 0 0 0 0 0 0 0 0 0 0 0 0 0 0 0 0 0 0 0 0 0 0
0 0 0 0 0 0 0 0 0 0 0 0 0 0 0 0 0 0 0 0 0 0 0 0 0 0 0 0 0 0 0 0 0 0 0 0 0 0 0 0 0 0 0 0 0 0 0 0 0 0 0 0 0 0 0 0 0 0 0 0 4 2 0 0 0 0 0 0 0 0 0 0 0 0 0 0 0 0 0 0 0 0 0 0 0 0 0 0 0 0 0 0 0 0 0 0 0 0 0 0 0 0 0 0 0 0 0 0 0 0 0 0 1 0 0 0 4 2 0 0 0 0 0 0 0 0 0 0 6 3 20 10 0 0 0 0 0 0 0 0 4 2 4 2 6 3 0 0 0 0 2 1 3 1 0 0 0 0 0 0 0 0 4 2 0 0 3 1 2 1 0 0 0 0 4 2 0 0 3 1 0 0 11 5 0 0 16 8 0 0 0 0 0 0 0 0 2 1 0 0 16 8 0 0 0 0 0 0 0 0 0 0 1 0 1 0 0 0 1 0 0 0 0 0 0 0 0 0 0 0 0 0 0 0 0 0 0 0 0 0 0 0 0 0 8 4 0 0 0 0 1 0 0 0 0 0 0 0 0 0 0 0 0 0 0 0 0 0 0 0 0 0 0 0 0 0 0 0 0 0 0 0 0 0 0 0 0 0 0 0 0 0 0 0 0 0 0 0 0 0 0 0 0 0 0 0 0 0 0 0 0 0 0 0 0 0 0 0 0 0 0 0 0 0 0 0 0 0 0 0 0 0 0 0 0 0
0 0 0 0 0 0 0 0 0 0 0 0 0 0 0 0 0 0 0 0 0 0 0 0 0 0 0 0 0 0 0 0 0 0 0 0 0 0 0 0 0 0 0 0 9 4 0 0 0 0 0 0 0 0 0 0 22 11 0 0 0 0 0 0 0 0 0 0 0 0 0 0 0 0 0 0 0 0 0 0 0 0 0 0 0 0 0 0 0 0 0 0 0 0 0 0 2 1 0 0 0 0 0 0 0 0 0 0 0 0 13 6 0 0 14 7 0 0 0 0 0 0 0 0 0 0 0 0 0 0 0 0 14 7 0 0 0 0 0 0 0 0 0 0 0 0 14 7 1 0 0 0 1 0 1 0 0 0 3 1 0 0 0 0 0 0 0 0 0 0 0 0 0 0 0 0 0 0 11 5 0 0 1 0 0 0 0 0 0 0 0 0 15 7 0 0 0 0 1 0 0 0 0 0 0 0 0 0 8 4 0 0 0 0 0 0 0 0 0 0 0 0 0 0 0 0 0 0 0 0 0 0 0 0 0 0 6 3 0 0 0 0 0 0 0 0 0 0 0 0 0 0 0 0 0 0 0 0 0 0 0 0 0 0 0 0 0 0 0 0 0 0 0 0 0 0 0 0 0 0 0 0 0 0 0 0 0 0 0 0 0 0 0 0 0 0 0 0 0 0 0 0 0 0 0 0 0 0 0 0 0 0 0 0 0 0 0 0 0 0 0 0 0 0 0 0 0 0 0 0 0 0 0 0 0 0
0 0 0 0 0 0 0 0 0 0 0 0 0 0 0 0 0 0 0 0 0 0 0 0 3 1 0 0 0 0 0 0 14 7 0 0 0 0 0 0 0 0 0 0 0 0 0 0 0 0 0 0 0 0 0 0 0 0 0 0 0 0 0 0 4 2 0 0 0 0 0 0 0 0 0 0 0 0 0 0 1 0 0 0 0 0 0 0 0 0 8 4 0 0 0 0 1 0 0 0 0 0 0 0 0 0 0 0 0 0 0 0 1 0 0 0 0 0 0 0 0 0 20 10 7 3 5 2 0 0 0 0 0 0 13 6 0 0 7 3 0 0 0 0 2 1 0 0 4 2 0 0 5 2 0 0 4 2 0 0 2 1 0 0 2 1 0 0 4 2 0 0 0 0 0 0 0 0 0 0 0 0 0 0 0 0 0 0 0 0 0 0 0 0 0 0 0 0 0 0 2 1 0 0 4 2 0 0 0 0 12 6 0 0 0 0 0 0 0 0 0 0 0 0 0 0 0 0 0 0 0 0 0 0 0 0 0 0 0 0 0 0 2 1 0 0 1 0 0 0 0 0 0 0 1 0 4 2 0 0 0 0 0 0 0 0 0 0 0 0 0 0 0 0 0 0 1 0 0 0 0 0 0 0 0 0 0 0 0 0 0 0 0 0 0 0 0 0 0 0 0 0 0 0 0 0 0 0 0 0 0 0 0 0 0 0 0 0 0 0 0 0 0 0 0 0 0 0 0 0 0 0 0 0 0 0
0 0 0 0 0 0 0 0 0 0 0 0 0 0 0 0 0 0 0 0 0 0 0 0 0 0 0 0 0 0 0 0 0 0 0 0 0 0 0 0 0 0 0 0 0 0 0 0 0 0 0 0 0 0 0 0 0 0 20 10 0 0 0 0 0 0 0 0 0 0 0 0 0 0 0 0 0 0 0 0 0 0 0 0 0 0 0 0 0 0 0 0 0 0 0 0 2 1 0 0 0 0 2 1 0 0 0 0 10 5 4 2 6 3 0 0 1 0 0 0 0 0 0 0 0 0 0 0 0 0 0 0 3 1 0 0 0 0 0 0 5 2 0 0 0 0 0 0 0 0 10 5 0 0 1 0 0 0 0 0 0 0 0 0 0 0 0 0 0 0 0 0 6 3 0 0 0 0 0 0 0 0 5 2 0 0 12 6 0 0 6 3 7 3 4 2 0 0 0 0 0 0 0 0 1 0 0 0 0 0 0 0 0 0 0 0 0 0 6 3 0 0 0 0 0 0 4 2 0 0 0 0 0 0 0 0 0 0 0 0 0 0 0 0 1 0 0 0 0 0 0 0 0 0 0 0 0 0 0 0 0 0 0 0 0 0 0 0 0 0 0 0 0 0 0 0 0 0 0 0 0 0 0 0 0 0 0 0 0 0 0 0 0 0 0 0 0 0 0 0 0 0 0 0 0 0 0 0 0 0 0 0 0 0 0 0 0 0 0 0 0 0 0 0 0 0 0 0 0 0 0 0 0 0 0 0
0 0 0 0 0 0 0 0 0 0 0 0 0 0 0 0 2 1 0 0 0 0 4 2 0 0 0 0 0 0 0 0 24 12 16 8 0 0 0 0 0 0 0 0 0 0 0 0 4 2 0 0 0 0 0 0 0 0 0 0 0 0 0 0 0 0 0 0 0 0 0 0 12 6 0 0 0 0 0 0 2 1 0 0 0 0 0 0 7 3 0 0 4 2 0 0 0 0 1 0 0 0 14 7 0 0 0 0 0 0 0 0 0 0 0 0 0 0 0 0 0 0 8 4 0 0 0 0 0 0 12 6 0 0 0 0 0 0 0 0 1 0 0 0 0 0 14 7 2 1 0 0 0 0 1 0 0 0 6 3 7 3 1 0 0 0 0 0 0 0 5 2 0 0 0 0 0 0 0 0 0 0 8 4 10 5 10 5 0 0 1 0 0 0 0 0 0 0 0 0 2 1 4 2 0 0 0 0 0 0 10 5 0 0 0 0 2 1 0 0 0 0 0 0 0 0 0 0 0 0 0 0 0 0 0 0 0 0 0 0 5 2 0 0 0 0 0 0 0 0 0 0 0 0 3 1 0 0 0 0 0 0 0 0 0 0 0 0 0 0 0 0 0 0 0 0 0 0 0 0 0 0 0 0 0 0 0 0 0 0 0 0 0 0 0 0 0 0 0 0 0 0 0 0 0 0 0 0 0 0 0 0 0 0 0 0 0 0 0 0 0 0 0 0 0 0 0 0 0 0 0 0 0 0 0 0
0 0 2 1 0 0 0 0 0 0 0 0 0 0 0 0 0 0 0 0 0 0 0 0 0 0 0 0 0 0 0 0 0 0 0 0 0 0 0 0 0 0 0 0 0 0 0 0 0 0 0 0 0 0 0 0 0 0 0 0 0 0 0 0 0 0 0 0 0 0 0 0 0 0 0 0 0 0 0 0 0 0 0 0 0 0 0 0 0 0 0 0 0 0 0 0 0 0 0 0 0 0 0 0 0 0 0 0 0 0 0 0 0 0 0 0 10 5 14 7 0 0 0 0 0 0 20 10 5 2 3 1 3 1 0 0 2 1 0 0 0 0 0 0 0 0 0 0 0 0 0 0 0 0 16 8 0 0 0 0 1 0 12 6 0 0 0 0 0 0 8 4 0 0 0 0 0 0 0 0 1 0 0 0 0 0 0 0 6 3 0 0 0 0 0 0 0 0 0 0 0 0 0 0 0 0 10 5 6 3 0 0 0 0 4 2 15 7 0 0 0 0 0 0 2 1 0 0 0 0 0 0 0 0 10 5 0 0 0 0 10 5 0 0 7 3 0 0 0 0 0 0 0 0 0 0 0 0 0 0 0 0 0 0 0 0 0 0 0 0 0 0 0 0 0 0 0 0 0 0 0 0 0 0 0 0 0 0 0 0 0 0 0 0 0 0 0 0 0 0 0 0 0 0 0 0 0 0 0 0 0 0 0 0 0 0 0 0 0 0 0 0 0 0 0 0 0 0 0 0 0 0 0 0 0 0
0 0 0 0 0 0 0 0 0 0 0 0 0 0 0 0 0 0 0 0 0 0 0 0 0 0 0 0 0 0 0 0 0 0 0 0 0 0 0 0 0 0 0 0 0 0 0 0 0 0 0 0 0 0 0 0 0 0 0 0 0 0 0 0 0 0 0 0 0 0 0 0 0 0 0 0 0 0 0 0 0 0 0 0 0 0 0 0 0 0 0 0 0 0 0 0 0 0 0 0 2 1 0 0 0 0 11 5 0 0 0 0 0 0 4 2 0 0 0 0 8 4 0 0 10 5 0 0 0 0 0 0 10 5 3 1 0 0 0 0 0 0 0 0 0 0 7 3 0 0 11 5 0 0 1 0 0 0 8 4 0 0 20 10 2 1 0 0 6 3 8 4 0 0 5 2 0 0 0 0 0 0 6 3 7 3 0 0 0 0 1 0 0 0 0 0 5 2 10 5 0 0 0 0 0 0 5 2 0 0 0 0 15 7 0 0 0 0 0 0 6 3 0 0 0 0 2 1 0 0 0 0 0 0 0 0 0 0 0 0 0 0 8 4 0 0 0 0 0 0 0 0 8 4 0 0 0 0 0 0 0 0 0 0 0 0 0 0 0 0 0 0 0 0 0 0 0 0 0 0 0 0 0 0 0 0 0 0 0 0 0 0 0 0 0 0 0 0 0 0 0 0 0 0 0 0 0 0 0 0 0 0 0 0 0 0 0 0 0 0 0 0 0 0 0 0 0 0 0 0 0 0 0 0 0 0
0 0 0 0 0 0 0 0 0 0 0 0 0 0 0 0 0 0 0 0 0 0 0 0 0 0 0 0 0 0 0 0 0 0 0 0 0 0 0 0 0 0 0 0 0 0 0 0 1 0 0 0 0 0 0 0 0 0 0 0 10 5 0 0 0 0 3 1 0 0 1 0 3 1 3 1 0 0 0 0 0 0 2 1 0 0 0 0 1 0 0 0 2 1 2 1 0 0 3 1 0 0 0 0 12 6 7 3 0 0 0 0 3 1 0 0 0 0 0 0 0 0 0 0 0 0 0 0 20 10 0 0 0 0 0 0 0 0 0 0 14 7 14 7 0 0 6 3 0 0 14 7 1 0 0 0 0 0 2 1 8 4 12 6 12 6 0 0 0 0 2 1 0 0 0 0 15 7 9 4 8 4 0 0 0 0 0 0 1 0 1 0 7 3 0 0 2 1 1 0 4 2 0 0 0 0 0 0 0 0 0 0 0 0 0 0 0 0 0 0 0 0 0 0 3 1 15 7 0 0 0 0 0 0 0 0 0 0 0 0 0 0 0 0 0 0 0 0 0 0 0 0 0 0 0 0 0 0 0 0 0 0 0 0 0 0 0 0 0 0 0 0 0 0 0 0 0 0 0 0 0 0 9 4 0 0 0 0 0 0 2 1 0 0 0 0 0 0 0 0 0 0 0 0 0 0 0 0 0 0 0 0 0 0 0 0 0 0 0 0 0 0 0 0 0 0 0 0 0 0 0 0 0 0 0 0
0 0 0 0 0 0 0 0 0 0 0 0 0 0 0 0 0 0 0 0 0 0 0 0 0 0 0 0 0 0 0 0 0 0 0 0 0 0 15 7 8 4 0 0 0 0 0 0 0 0 0 0 0 0 0 0 0 0 0 0 0 0 0 0 0 0 0 0 0 0 0 0 17 8 0 0 2 1 0 0 0 0 0 0 4 2 0 0 0 0 0 0 0 0 0 0 0 0 0 0 9 4 0 0 0 0 0 0 0 0 0 0 0 0 0 0 0 0 0 0 0 0 0 0 0 0 0 0 0 0 0 0 3 1 0 0 0 0 0 0 0 0 2 1 3 1 0 0 0 0 3 1 0 0 2 1 0 0 1 0 0 0 6 3 1 0 2 1 11 5 0 0 18 9 0 0 12 6 0 0 0 0 2 1 6 3 0 0 4 2 0 0 0 0 17 8 0 0 8 4 0 0 0 0 0 0 0 0 2 1 2 1 0 0 0 0 0 0 0 0 0 0 0 0 0 0 20 10 12 6 0 0 8 4 0 0 0 0 0 0 0 0 0 0 0 0 0 0 0 0 0 0 0 0 0 0 0 0 0 0 0 0 0 0 0 0 0 0 0 0 0 0 0 0 0 0 0 0 0 0 0 0 0 0 0 0 0 0 0 0 0 0 0 0 0 0 0 0 0 0 0 0 0 0 0 0 0 0 0 0 0 0 0 0 0 0 0 0 0 0 0 0 0 0 0 0 0 0 0 0 0 0 0 0 0 0
0 0 0 0 0 0 0 0 0 0 0 0 0 0 0 0 0 0 0 0 0 0 1 0 0 0 0 0 0 0 0 0 0 0 0 0 0 0 0 0 0 0 0 0 0 0 0 0 0 0 0 0 0 0 0 0 0 0 0 0 0 0 0 0 0 0 0 0 0 0 0 0 0 0 0 0 0 0 0 0 0 0 0 0 0 0 0 0 0 0 4 2 0 0 0 0 0 0 0 0 4 2 2 1 6 3 0 0 3 1 8 4 0 0 16 8 0 0 0 0 0 0 4 2 2 1 0 0 0 0 18 9 0 0 0 0 16 8 0 0 0 0 4 2 0 0 0 0 0 0 1 0 0 0 0 0 4 2 0 0 0 0 1 0 0 0 0 0 0 0 0 0 11 5 0 0 0 0 0 0 0 0 12 6 1 0 0 0 0 0 0 0 0 0 0 0 0 0 0 0 0 0 0 0 0 0 0 0 0 0 0 0 0 0 0 0 0 0 0 0 0 0 0 0 0 0 0 0 0 0 0 0 0 0 0 0 0 0 0 0 0 0 0 0 0 0 0 0 0 0 0 0 0 0 0 0 0 0 0 0 0 0 0 0 0 0 0 0 0 0 0 0 0 0 0 0 0 0 0 0 0 0 0 0 0 0 0 0 0 0 0 0 0 0 0 0 0 0 0 0 0 0 0 0 0 0 0 0 0 0 0 0 0 0 0 0 0 0 0 0 0 0 0 0 0 0 0 0 0 0 0 0 0 0 0 0
0 0 0 0 0 0 0 0 0 0 0 0 0 0 0 0 0 0 0 0 2 1 0 0 0 0 0 0 0 0 0 0 1 0 0 0 0 0 0 0 0 0 0 0 0 0 0 0 0 0 0 0 0 0 0 0 0 0 0 0 0 0 0 0 0 0 0 0 0 0 4 2 0 0 0 0 0 0 0 0 0 0 0 0 0 0 0 0 11 5 0 0 0 0 0 0 6 3 0 0 0 0 0 0 2 1 6 3 0 0 0 0 0 0 0 0 0 0 12 6 0 0 0 0 0 0 0 0 2 1 0 0 0 0 12 6 0 0 0 0 0 0 0 0 0 0 0 0 0 0 11 5 0 0 4 2 0 0 1 0 2 1 0 0 0 0 1 0 10 5 0 0 0 0 10 5 0 0 0 0 0 0 0 0 7 3 3 1 1 0 1 0 0 0 0 0 4 2 4 2 0 0 0 0 6 3 0 0 2 1 0 0 0 0 4 2 0 0 0 0 0 0 9 4 0 0 0 0 0 0 0 0 0 0 0 0 0 0 4 2 0 0 0 0 0 0 0 0 0 0 0 0 0 0 0 0 0 0 0 0 0 0 0 0 0 0 0 0 0 0 0 0 0 0 0 0 0 0 0 0 0 0 0 0 0 0 0 0 0 0 0 0 0 0 0 0 0 0 0 0 0 0 0 0 0 0 0 0 0 0 0 0 0 0 0 0 0 0 0 0 0 0 0 0 0 0 0 0 0 0 0 0 0 0 0 0
0 0 0 0 0 0 0 0 0 0 0 0 0 0 0 0 0 0 0 0 0 0 0 0 0 0 0 0 0 0 0 0 0 0 0 0 0 0 0 0 0 0 0 0 2 1 0 0 0 0 0 0 0 0 0 0 0 0 0 0 2 1 0 0 0 0 0 0 0 0 0 0 0 0 0 0 0 0 8 4 0 0 0 0 0 0 0 0 0 0 0 0 0 0 0 0 0 0 0 0 0 0 0 0 0 0 0 0 0 0 0 0 0 0 0 0 3 1 10 5 0 0 1 0 0 0 0 0 4 2 0 0 12 6 0 0 0 0 0 0 0 0 0 0 0 0 0 0 0 0 0 0 0 0 0 0 0 0 0 0 6 3 0 0 0 0 1 0 0 0 0 0 0 0 0 0 6 3 4 2 0 0 0 0 3 1 2 1 1 0 0 0 4 2 0 0 9 4 0 0 0 0 0 0 0 0 0 0 6 3 0 0 0 0 0 0 11 5 5 2 0 0 0 0 0 0 2 1 0 0 0 0 0 0 0 0 0 0 4 2 0 0 0 0 0 0 0 0 0 0 0 0 0 0 0 0 0 0 0 0 0 0 0 0 0 0 0 0 0 0 0 0 0 0 0 0 0 0 0 0 0 0 0 0 0 0 0 0 0 0 0 0 0 0 0 0 0 0 0 0 0 0 0 0 0 0 0 0 0 0 0 0 0 0 0 0 0 0 0 0 0 0 0 0 0 0 0 0 0 0 0 0 0 0 0 0
0 0 0 0 0 0 18 9 0 0 0 0 0 0 0 0 0 0 0 0 0 0 0 0 0 0 0 0 0 0 0 0 0 0 0 0 0 0 0 0 0 0 0 0 0 0 0 0 0 0 0 0 0 0 0 0 0 0 0 0 0 0 0 0 0 0 0 0 0 0 0 0 0 0 0 0 0 0 0 0 0 0 2 1 0 0 0 0 0 0 0 0 0 0 0 0 0 0 0 0 0 0 0 0 0 0 3 1 12 6 1 0 2 1 0 0 0 0 0 0 0 0 3 1 0 0 0 0 2 1 0 0 1 0 0 0 0 0 0 0 0 0 0 0 0 0 12 6 0 0 0 0 9 4 5 2 6 3 12 6 0 0 18 9 1 0 0 0 16 8 0 0 0 0 0 0 0 0 4 2 0 0 0 0 0 0 0 0 4 2 0 0 0 0 1 0 0 0 0 0 2 1 9 4 0 0 0 0 0 0 0 0 0 0 0 0 0 0 0 0 0 0 0 0 0 0 13 6 0 0 2 1 0 0 0 0 0 0 0 0 0 0 4 2 0 0 0 0 0 0 0 0 0 0 0 0 0 0 0 0 0 0 0 0 0 0 0 0 0 0 0 0 0 0 0 0 0 0 0 0 0 0 0 0 0 0 0 0 0 0 0 0 0 0 0 0 0 0 0 0 0 0 0 0 0 0 0 0 0 0 0 0 0 0 0 0 0 0 0 0 0 0 0 0 0 0 0 0 0 0 0 0 0 0 0 0
0 0 0 0 0 0 0 0 0 0 0 0 0 0 0 0 0 0 0 0 0 0 0 0 0 0 0 0 0 0 0 0 0 0 0 0 0 0 0 0 0 0 0 0 0 0 2 1 0 0 0 0 0 0 0 0 0 0 0 0 0 0 0 0 0 0 0 0 0 0 0 0 0 0 0 0 0 0 0 0 0 0 0 0 0 0 0 0 0 0 0 0 0 0 0 0 0 0 2 1 6 3 0 0 0 0 0 0 0 0 0 0 4 2 0 0 0 0 0 0 0 0 12 6 1 0 0 0 0 0 0 0 3 1 2 1 0 0 0 0 0 0 0 0 0 0 2 1 10 5 0 0 0 0 12 6 0 0 2 1 0 0 0 0 0 0 0 0 0 0 0 0 11 5 0 0 0 0 2 1 0 0 0 0 8 4 11 5 0 0 0 0 10 5 0 0 12 6 0 0 0 0 0 0 11 5 0 0 0 0 18 9 0 0 0 0 0 0 0 0 6 3 0 0 2 1 0 0 0 0 0 0 0 0 0 0 0 0 0 0 0 0 0 0 4 2 0 0 0 0 0 0 0 0 0 0 0 0 0 0 0 0 0 0 0 0 0 0 0 0 0 0 0 0 0 0 0 0 0 0 0 0 0 0 0 0 0 0 0 0 0 0 0 0 0 0 0 0 0 0 0 0 0 0 0 0 0 0 0 0 0 0 0 0 0 0 0 0 0 0 0 0 0 0 0 0 0 0 0 0 0 0 0 0 0 0
0 0 0 0 0 0 0 0 0 0 0 0 0 0 0 0 0 0 0 0 0 0 0 0 0 0 0 0 0 0 0 0 0 0 0 0 0 0 0 0 0 0 0 0 0 0 0 0 0 0 0 0 0 0 0 0 0 0 0 0 0 0 0 0 0 0 0 0 0 0 9 4 17 8 0 0 2 1 0 0 0 0 0 0 0 0 0 0 0 0 0 0 16 8 0 0 7 3 0 0 0 0 0 0 0 0 2 1 0 0 0 0 0 0 0 0 0 0 0 0 0 0 0 0 0 0 0 0 0 0 0 0 0 0 0 0 0 0 2 1 3 1 0 0 0 0 0 0 2 1 0 0 0 0 0 0 0 0 0 0 2 1 0 0 10 5 0 0 0 0 0 0 0 0 0 0 0 0 6 3 9 4 0 0 0 0 0 0 0 0 0 0 0 0 0 0 0 0 10 5 0 0 0 0 0 0 3 1 3 1 0 0 4 2 14 7 0 0 0 0 0 0 8 4 0 0 0 0 7 3 0 0 0 0 0 0 0 0 2 1 0 0 12 6 0 0 0 0 7 3 0 0 0 0 0 0 0 0 0 0 0 0 0 0 0 0 0 0 0 0 0 0 0 0 0 0 0 0 0 0 0 0 4 2 1 0 0 0 2 1 0 0 0 0 0 0 0 0 0 0 0 0 0 0 0 0 0 0 0 0 0 0 0 0 0 0 0 0 0 0 0 0 0 0 0 0 0 0 0 0 0 0 0 0 0 0
0 0 0 0 0 0 0 0 0 0 0 0 0 0 0 0 0 0 2 1 0 0 0 0 0 0 0 0 0 0 0 0 0 0 0 0 0 0 0 0 7 3 0 0 0 0 0 0 0 0 0 0 0 0 0 0 14 7 0 0 0 0 0 0 0 0 0 0 5 2 0 0 0 0 0 0 0 0 0 0 0 0 0 0 0 0 0 0 0 0 0 0 2 1 0 0 0 0 0 0 0 0 0 0 0 0 12 6 10 5 0 0 3 1 0 0 0 0 0 0 6 3 0 0 0 0 0 0 1 0 0 0 4 2 0 0 0 0 7 3 0 0 2 1 0 0 0 0 0 0 0 0 0 0 0 0 0 0 0 0 0 0 0 0 2 1 10 5 0 0 0 0 10 5 0 0 0 0 18 9 0 0 0 0 7 3 0 0 0 0 4 2 0 0 0 0 6 3 0 0 2 1 0 0 0 0 2 1 0 0 0 0 0 0 0 0 0 0 0 0 4 2 0 0 0 0 0 0 0 0 0 0 0 0 0 0 0 0 0 0 0 0 0 0 0 0 0 0 0 0 0 0 0 0 0 0 0 0 0 0 0 0 0 0 0 0 0 0 0 0 0 0 0 0 0 0 0 0 0 0 0 0 0 0 0 0 0 0 0 0 0 0 0 0 0 0 0 0 0 0 0 0 0 0 0 0 0 0 0 0 0 0 0 0 0 0 0 0 0 0 0 0 0 0 0 0 0 0 0 0 0 0 0 0 0 0
16 37 37 20 29 29 22 40 29 18 9 27 31 12 30 15 29 27 19 31 28 26 25 36 21 25 27 23 25 22 11 11 26 15 12 33 27 16 17 15 15 29 27 39 29 42 24 25 33 34 35 52 50 33 49 32 15 19 21 33 22 29 19 45 63 34 29 37 46 17 20 23 12 41 25 44 22 24 21 10 25 38 21 23 30 26 29 31 23 16 19 37 45 20 29 33 27 41 24 28 39 34 28 22 45 19 16 25 30 14 27 21 28 32 32 23 33 39 12 19 27 13 21 30 35 18 36 25 20 26 25 12 27 29 11 21 33 34 11 20 28 24 32 22 24 22 17 25 35 30 40 51 17 16 10 29 20 14 35 27 28 22 19 16 22 17 20 7
32 29 57 27 23 44 12 20 25 22 13 29 21 29 42 64 24 21 24 15 15 33 17 34 25 10 30 22 40 25 25 15 50 25 16 21 22 34 42 34 29 52 21 25 19 34 13 40 44 20 41 26 30 18 23 16 15 16 32 38 20 29 23 29 16 13 17 20 23 10 41 38 15 15 25 21 35 44 23 11 20 32 28 28 49 19 31 23 15 40 17 22 24 35 24 30 16 26 15 21 26 32 15 22 28 20 25 36 26 20 28 25 11 17 35 20 48 26 17 19 16 29 33 24 26 26 14 32 18 7 30 20 25 13 13 31 26 24 32 29 24 23 19 30 24 27 12 26 16 35 22 35 39 22 24 10 23 30 19 35 29 25 36 33 43 41 34 24
31 34 23 24 16 8 16 14 11 15 21 28 31 37 55 26 33 19 27 30 20 29 13 17 20 18 16 38 25 30 21 34 14 16 46 27 18 22 31 34 14 27 35 19 20 34 30 36 34 17 20 29 15 18 39 25 22 16 30 30 39 49 15 15 25 24 19 41 17 39 28 32 15 11 25 22 17 22 35 19 13 30 28 45 33 16 16 24 17 27 6 27 14 21 12 13 21 24 18 25 27 20 31 38 43 21 20 26 42 22 19 20 25 38 20 30 28 28 22 20 28 21 35 30 23 26 20 15 36 30 23 31 43 26 26 14 30 24 16 32 17 32 30 27 27 33 41 34 19 42 38 48 52 29 28 34 38 21 40 25 14 28 35 27 27 28 19 39
34 16 34 21 21 26 32 14 24 15 24 35 20 37 21 42 10 28 14 13 10 21 17 34 29 23 46 11 31 23 17 37 28 21 24 16 22 26 33 27 22 22 32 26 28 22 23 38 17 34 23 19 27 21 16 16 19 49 13 23 24 29 19 30 35 21 30 18 32 17 21 13 41 25 26 7 33 29 61 34 24 21 24 57 30 21 31 20 33 30 27 39 23 22 22 21 50 33 33 13 37 36 40 25 11 25 19 18 22 44 22 13 14 19 14 34 29 22 24 17 44 17 25 25 23 29 19 15 16 12 23 27 16 37 23 33 29 19 9 26 25 34 18 34 20 39 20 25 23 26 24 22 61 10 14 20 32 19 24 30 29 22 22 25 17 13 25 11
12 28 28 33 23 35 25 6 18 36 34 35 10 21 22 20 27 59 23 31 12 34 16 22 38 39 18 31 19 28 19 19 21 20 16 31 38 26 31 23 21 22 34 30 27 26 18 16 33 19 28 29 34 15 44 11 20 26 19 28 51 34 30 35 14 15 65 15 40 37 17 25 27 28 27 34 13 23 19 23 22 21 33 22 23 21 31 28 19 9 24 27 23 31 23 34 23 8 27 26 11 19 12 30 36 24 20 42 36 26 17 23 10 34 43 54 30 22 31 23 25 28 14 12 34 27 28 36 15 16 27 26 22 36 24 14 32 27 33 24 18 32 34 34 24 25 18 33 17 25 24 17 33 25 19 21 21 12 16 33 32 26 30 21 15 27 29 34
13 13 14 33 8 21 18 45 33 10 24 25 27 17 48 29 25 27 21 45 40 20 14 38 24 17 17 27 26 18 29 22 17 29 31 22 32 51 13 32 28 21 33 15 29 15 17 36 52 18 14 34 27 14 22 42 41 22 30 31 21 20 38 7 14 22 27 49 13 40 15 37 33 20 37 36 20 24 11 20 29 24 23 22 35 21 17 32 24 20 17 42 25 38 22 34 27 42 40 11 11 30 20 18 32 20 21 29 20 23 12 24 42 35 21 19 43 28 16 31 18 24 17 27 25 31 19 12 19 31 13 47 18 28 36 23 24 24 33 55 20 18 43 26 4 45 18 15 18 15 23 21 30 29 18 28 20 20 37 38 30 13 25 20 36 25 17 38
21 40 23 18 46 27 22 16 37 24 18 14 19 36 21 19 32 29 34 13 27 23 23 27 32 23 47 26 35 34 20 43 40 40 24 36 24 33 19 36 35 34 14 48 14 30 25 27 17 18 19 32 30 23 15 29 27 22 19 20 18 34 25 26 25 31 16 16 21 31 17 29 31 19 23 27 23 31 24 45 41 25 13 17 18 30 16 33 17 12 24 35 22 23 10 38 12 27 50 25 29 44 18 24 14 26 29 29 17 22 16 39 41 26 39 13 36 29 23 33 32 31 42 41 24 36 26 34 31 27 21 27 13 20 21 22 22 21 22 47 39 36 34 22 17 16 32 21 30 28 30 28 19 24 10 36 33 32 20 29 19 35 28 18 30 18 39 21
31 9 19 34 22 42 37 27 20 18 16 61 28 21 13 15 24 41 15 23 47 14 29 24 34 25 24 23 16 42 14 15 17 54 62 11 18 22 22 32 14 11 13 25 18 34 12 40 30 20 18 20 17 18 39 16 40 22 31 25 21 37 28 23 14 30 32 47 18 21 22 37 17 22 22 35 34 18 29 23 32 19 18 19 25 31 23 25 30 26 22 33 32 21 26 45 26 41 24 26 27 18 23 28 22 39 18 33 37 16 40 27 34 23 35 26 21 27 40 21 17 20 37 30 37 33 28 41 32 12 39 36 15 14 23 36 14 49 11 48 23 25 16 38 17 20 30 38 23 35 22 27 24 28 14 28 27 18 28 14 20 11 32 14 22 27 36 28
25 20 37 35 10 26 22 23 34 9 34 26 32 48 20 29 17 31 28 31 19 27 11 24 39 22 41 46 17 26 38 20 22 18 26 13 38 33 28 23 19 19 24 14 42 24 29 26 34 19 33 5 32 19 16 6 24 39 22 43 27 13 6 30 24 41 37 30 21 29 23 11 30 20 26 23 22 22 9 44 22 37 32 14 32 28 33 11 35 35 33 10 30 19 14 29 25 25 24 19 14 23 25 23 17 37 18 19 17 23 26 38 20 35 11 48 29 36 18 38 25 28 11 22 28 10 22 17 21 18 33 35 29 26 33 32 30 25 48 15 26 15 27 21 23 29 22 50 27 12 43 21 28 21 37 22 27 34 20 26 20 29 36 26 16 19 19 32
18 29 41 30 17 10 17 17 22 14 34 37 21 25 18 29 20 32 42 25 36 33 43 30 23 45 15 26 31 16 28 17 40 12 10 48 15 15 17 15 32 34 22 17 24 12 16 30 29 30 12 27 37 25 22 22 43 31 41 26 26 24 21 40 29 29 23 13 15 16 50 27 22 20 41 15 34 23 12 15 29 11 23 14 23 25 16 46 37 46 15 27 27 26 21 23 15 17 21 17 15 22 13 42 33 15 18 17 11 40 17 35 22 27 37 26 22 40 23 14 18 17 30 22 17 8 23 24 31 18 21 20 21 25 21 22 21 32 17 15 32 24 26 17 14 38 20 39 15 44 32 24 31 23 22 33 22 25 19 12 26 22 12 18 13 41 17 25
36 25 16 16 17 17 17 30 27 17 35 15 21 19 26 44 19 25 26 22 33 24 26 19 33 31 17 25 30 13 11 16 25 14 33 17 15 32 27 20 42 30 32 27 14 26 32 25 14 15 27 32 6 29 29 14 41 21 27 43 25 13 27 29 24 15 17 20 37 26 41 21 24 26 30 37 20 23 17 27 13 18 9 29 30 23 28 23 38 29 30 12 17 20 30 12 17 21 23 36 23 26 28 23 27 18 22 23 39 19 28 33 37 17 35 30 30 33 28 17 17 18 41 20 10 37 19 16 23 28 25 33 32 18 12 26 25 17 29 20 45 32 18 29 36 39 14 43 35 17 25 22 22 19 33 25 48 33 25 18 8 37 20 41 28 44 29 24
27 19 20 23 27 30 35 26 24 29 46 18 19 19 37 43 16 28 37 36 24 25 26 29 44 23 31 22 22 26 10 12 17 24 41 39 19 22 17 25 32 31 28 12 37 48 25 22 34 35 27 26 32 27 19 30 20 33 18 17 18 25 18 26 21 39 11 19 28 29 50 27 27 30 16 48 9 36 40 33 17 25 23 27 20 18 25 31 21 12 35 33 33 27 16 20 24 31 26 36 17 23 24 27 28 26 36 19 19 53 38 45 42 26 29 18 15 19 34 35 26 29 36 20 22 26 35 44 40 22 26 37 30 22 22 16 23 24 17 41 35 15 23 21 30 21 27 18 18 20 24 43 21 32 49 20 10 20 24 31 19 43 18 28 17 22 19 31
22 22 28 21 36 22 46 30 46 27 13 24 31 33 28 29 25 25 42 29 27 23 39 25 30 9 31 22 15 42 17 23 30 34 31 76 26 21 42 20 42 24 30 18 26 23 19 31 33 29 19 47 36 34 28 29 33 17 20 32 24 25 38 19 22 28 29 29 23 26 33 50 19 16 25 29 54 24 24 29 13 33 36 16 25 25 15 19 17 28 33 30 15 20 26 25 32 34 22 26 31 26 37 22 19 42 35 18 35 9 22 29 21 26 23 14 24 23 20 25 23 15 33 15 21 48 19 32 18 30 55 23 34 18 33 39 38 22 16 32 20 47 21 30 29 28 25 14 29 31 31 22 16 40 10 15 10 20 24 42 27 35 27 21 26 26 35 23
32 26 17 27 21 18 29 35 25 38 21 32 23 27 35 17 12 19 13 29 24 20 17 18 27 29 31 11 30 18 23 15 26 14 34 24 20 35 22 23 17 34 36 48 13 20 17 20 40 29 25 19 35 46 19 30 18 24 26 37 26 30 26 19 19 22 11 25 30 33 21 15 45 25 21 34 21 28 23 31 22 26 19 26 12 35 28 32 19 21 21 20 42 47 32 19 34 24 16 24 16 19 30 34 18 9 36 27 16 20 19 26 35 15 39 18 30 25 42 28 21 25 23 42 23 31 26 15 13 35 40 25 23 36 42 14 15 22 26 22 25 24 11 32 22 38 26 17 28 35 18 12 40 36 47 24 30 37 41 20 29 42 29 18 22 24 16 43
30 40 37 26 10 30 19 14 19 31 29 44 3 13 22 26 19 29 19 43 35 30 13 48 26 25 43 19 24 43 11 14 39 31 18 25 29 25 10 24 38 26 22 31 25 42 12 43 34 44 35 14 19 21 16 33 10 9 21 20 40 26 23 25 30 20 18 27 38 35 32 17 17 34 25 20 19 18 23 11 23 25 21 28 33 34 23 41 27 28 27 25 10 33 20 10 25 19 22 21 28 13 19 28 28 26 32 13 12 19 27 17 24 14 23 12 21 29 42 28 16 47 19 24 49 46 29 34 14 22 36 20 29 22 44 37 32 36 26 21 29 34 28 23 37 17 29 23 34 31 20 25 25 23 13 36 56 25 21 30 35 46 46 29 22 29 24 34
33 36 14 41 24 30 24 38 28 28 25 27 21 33 28 46 37 28 44 31 19 35 28 14 19 17 26 13 18 28 18 20 13 34 13 20 15 32 17 50 27 25 38 18 40 20 26 24 15 35 33 24 52 31 21 32 38 19 20 14 8 53 21 29 22 19 26 23 32 23 25 22 12 29 35 14 19 17 17 16 28 26 41 19 28 12 15 38 41 28 28 16 20 25 38 14 14 45 30 36 18 35 34 20 28 28 24 18 37 27 45 15 16 25 31 17 24 15 19 41 32 20 16 21 28 27 20 29 9 10 35 14 38 17 34 19 30 14 13 30 28 13 44 47 22 32 35 15 34 23 30 25 30 35 27 53 30 28 11 31 25 36 28 18 20 13 57 17
0.5625 0 0 0.3125 0 0 0.1875 0 0 0.4375 1 0 0 0.8125 0 0.625 0 0 0.375 0 0 0 0 0 0.25 0 0 0.125 0 0.1875 0.875 0.875 0 0.625 0.8125 0 0 0.5625 0.5 0.625 0.625 0 0 0 0 0 0.0625 0 0 0 0 0 0 0 0 0 0.625 0.375 0.25 0 0.1875 0 0.375 0 0 0 0 0 0 0.5 0.3125 0.125 0.8125 0 0 0 0.1875 0.0625 0.25 0.9375 0 0 0.25 0.125 0 0 0 0 0.125 0.5625 0.375 0 0 0.3125 0 0 0 0 0.0625 0 0 0 0 0.1875 0 0.375 0.5625 0 0 0.6875 0 0.25 0 0 0 0.125 0 0 0.8125 0.375 0 0.75 0.25 0 0 0.4375 0 0 0.3125 0 0 0.8125 0 0 0.875 0.25 0 0 0.875 0.3125 0 0.0625 0 0.1875 0.0625 0.1875 0.5 0 0 0 0 0 0.5 0.5625 0.9375 0 0.3125 0.6875 0 0 0 0.1875 0.375 0.5625 0.1875 0.5 0.3125 1
0 0 0 0 0.125 0 0.8125 0.3125 0 0.1875 0.75 0 0.25 0 0 0 0.0625 0.25 0.0625 0.625 0.625 0 0.5 0 0 0.9375 0 0.1875 0 0 0 0.625 0 0 0.5625 0.25 0.1875 0 0 0 0 0 0.25 0 0.375 0 0.75 0 0 0.3125 0 0 0 0.4375 0.125 0.5625 0.625 0.5625 0 0 0.3125 0 0.125 0 0.5625 0.75 0.5 0.3125 0.125 0.9375 0 0 0.625 0.625 0 0.25 0 0 0.125 0.875 0.3125 0 0 0 0 0.375 0 0.125 0.625 0 0.5 0.1875 0.0625 0 0.0625 0 0.5625 0 0.625 0.25 0 0 0.625 0.1875 0 0.3125 0 0 0 0.3125 0 0 0.875 0.5 0 0.3125 0 0 0.5 0.375 0.5625 0 0 0.0625 0 0 0.6875 0 0.4375 1 0 0.3125 0 0.75 0.75 0 0 0.0625 0 0 0.0625 0.125 0.375 0 0.0625 0 0.8125 0 0.5625 0 0.1875 0 0 0.1875 0.0625 0.9375 0.125 0 0.375 0 0 0 0 0 0 0 0 0.0625
0 0 0.125 0.0625 0.5625 1 0.5625 0.6875 0.875 0.625 0.25 0 0 0 0 0 0 0.375 0 0 0.3125 0 0.75 0.5 0.3125 0.4375 0.5625 0 0 0 0.25 0 0.6875 0.5625 0 0 0.4375 0.1875 0 0 0.6875 0 0 0.375 0.3125 0 0 0 0 0.5 0.3125 0 0.625 0.4375 0 0 0.1875 0.5625 0 0 0 0 0.625 0.625 0 0.0625 0.375 0 0.5 0 0 0 0.625 0.875 0 0.1875 0.5 0.1875 0 0.375 0.75 0 0 0 0 0.5625 0.5625 0.0625 0.5 0 1 0 0.6875 0.25 0.8125 0.75 0.25 0.0625 0.4375 0 0 0.3125 0 0 0 0.25 0.3125 0 0 0.1875 0.375 0.3125 0 0 0.3125 0 0 0 0.1875 0.3125 0 0.25 0 0 0.125 0 0.3125 0.625 0 0 0.125 0 0 0 0 0.6875 0 0.0625 0.5625 0 0.5 0 0 0 0 0 0 0 0.375 0 0 0 0 0 0 0 0 0.25 0 0 0.6875 0 0 0 0 0 0.375 0
0 0.5625 0 0.25 0.25 0 0 0.6875 0.0625 0.625 0.0625 0 0.3125 0 0.25 0 0.9375 0 0.6875 0.75 0.9375 0.25 0.5 0 0 0.125 0 0.875 0 0.125 0.5 0 0 0.25 0.0625 0.5625 0.1875 0 0 0 0.1875 0.1875 0 0 0 0.1875 0.125 0 0.5 0 0.125 0.375 0 0.25 0.5625 0.5625 0.375 0 0.75 0.125 0.0625 0 0.375 0 0 0.25 0 0.4375 0 0.5 0.25 0.75 0 0 0 1 0 0 0 0 0.0625 0.25 0.0625 0 0 0.25 0 0.3125 0 0 0 0 0.125 0.1875 0.1875 0.25 0 0 0 0.75 0 0 0 0 0.875 0 0.375 0.4375 0.1875 0 0.1875 0.75 0.6875 0.375 0.6875 0 0 0.1875 0.0625 0.5 0 0.5 0 0 0.125 0 0.375 0.625 0.5625 0.8125 0.125 0 0.5625 0 0.125 0 0 0.375 1 0 0 0 0.4375 0 0.3125 0 0.3125 0 0.125 0 0.0625 0.1875 0 0.9375 0.6875 0.3125 0 0.375 0.0625 0 0 0.1875 0.1875 0 0.5 0.75 0 0.875
0.8125 0 0 0 0.125 0 0 1 0.4375 0 0 0 0.9375 0.25 0.1875 0.3125 0 0 0.125 0 0.8125 0 0.5625 0.1875 0 0 0.4375 0 0.375 0 0.375 0.375 0.25 0.3125 0.5625 0 0 0 0 0.125 0.25 0.1875 0 0 0 0 0.4375 0.5625 0 0.375 0 0 0 0.625 0 0.875 0.3125 0 0.375 0 0 0 0 0 0.6875 0.625 0 0.625 0 0 0.5 0 0 0 0 0 0.75 0.125 0.375 0.125 0.1875 0.25 0 0.1875 0.125 0.25 0 0 0.375 1 0.0625 0 0.125 0 0.125 0 0.125 1 0 0 0.875 0.375 0.8125 0 0 0.0625 0.3125 0 0 0 0.5 0.125 0.9375 0 0 0 0 0.1875 0 0.125 0 0 0.6875 0.8125 0 0 0 0 0.625 0.5625 0 0 0.1875 0 0.0625 0.6875 0 0 0 0.0625 0.4375 0 0 0 0.0625 0 0.4375 0 0.5 0 0.0625 0.5 0 0 0.375 0.25 0.25 0.8125 0.5625 0 0 0 0 0.25 0.625 0 0 0
0.75 0.75 0.6875 0 1 0.25 0.4375 0 0 0.9375 0.0625 0 0 0.5 0 0 0 0 0.25 0 0 0.3125 0.6875 0 0.0625 0.5 0.5 0 0 0.4375 0 0.1875 0.5 0 0 0.1875 0 0 0.75 0 0 0.25 0 0.625 0 0.625 0.5 0 0 0.4375 0.6875 0 0 0.6875 0.1875 0 0 0.1875 0 0 0.25 0.3125 0 1 0.6875 0.1875 0 0 0.75 0 0.625 0 0 0.3125 0 0 0.3125 0.0625 0.875 0.3125 0 0.0625 0.125 0.1875 0 0.25 0.5 0 0.0625 0.3125 0.5 0 0 0 0.1875 0 0 0 0 0.875 0.875 0 0.3125 0.4375 0 0.3125 0.25 0 0.3125 0.125 0.8125 0.0625 0 0 0.25 0.375 0 0 0.5625 0 0.4375 0.0625 0.5 0 0 0 0.375 0.8125 0.375 0 0.75 0 0.4375 0 0 0.125 0.0625 0.0625 0 0 0.3125 0.4375 0 0 1 0 0.4375 0.625 0.4375 0.625 0.125 0.25 0 0 0.4375 0 0.3125 0.3125 0 0 0 0.75 0 0.3125 0 0 0.5 0
0.25 0 0.125 0.4375 0 0 0.1875 0.5625 0 0.0625 0.4375 0.6875 0.375 0 0.25 0.375 0 0 0 0.75 0 0.125 0.125 0 0 0.125 0 0 0 0 0.3125 0 0 0 0.0625 0 0.0625 0 0.375 0 0 0 0.6875 0 0.6875 0 0 0 0.5 0.4375 0.375 0 0 0.125 0.625 0 0 0.1875 0.375 0.3125 0.4375 0 0 0 0 0 0.5625 0.5625 0.25 0 0.5 0 0 0.375 0.125 0 0.125 0 0.0625 0 0 0 0.75 0.5 0.4375 0 0.5625 0 0.5 0.8125 0.0625 0 0.1875 0.125 0.9375 0 0.8125 0 0 0 0 0 0.4375 0.0625 0.6875 0 0 0 0.5 0.1875 0.5625 0 0 0 0 0.75 0 0 0.125 0 0 0 0 0 0.0625 0 0 0 0 0 0.25 0 0.75 0.3125 0.25 0.1875 0.1875 0.25 0.1875 0 0 0 0 0.1875 0.5 0.5625 0 0.25 0 0 0 0 0.375 0.0625 0.9375 0 0 0 0.3125 0 0.375 0 0 0.4375 0 0.4375 0 0.25
0 1 0.375 0 0.1875 0 0 0 0.3125 0.4375 0.5625 0 0 0.25 0.75 0.625 0.0625 0 0.625 0.125 0 0.6875 0 0.0625 0 0 0.0625 0.125 0.5625 0 0.6875 0.625 0.5 0 0 0.875 0.4375 0.1875 0.1875 0 0.6875 0.875 0.75 0 0.4375 0 0.8125 0 0 0.3125 0.4375 0.3125 0.5 0.4375 0 0.5625 0 0.1875 0 0 0.25 0 0 0.125 0.6875 0 0 0 0.4375 0.25 0.1875 0 0.5 0.1875 0.1875 0 0 0.4375 0 0.125 0 0.375 0.4375 0.375 0 0 0.125 0 0 0 0.1875 0 0 0.25 0 0 0 0 0.0625 0 0 0.4375 0.125 0 0.1875 0 0.4375 0 0 0.5625 0 0 0 0.125 0 0 0.25 0 0 0.25 0.5 0.3125 0 0 0 0 0 0 0 0.8125 0 0 0.625 0.6875 0.125 0 0.6875 0 0.875 0 0.125 0 0.5625 0 0.5 0.3125 0 0 0.125 0 0.1875 0 0.0625 0 0.6875 0 0 0.4375 0 0.6875 0.3125 0.875 0 0.6875 0.1875 0 0 0
0 0.3125 0 0 0.9375 0 0.1875 0.125 0 1 0 0 0 0 0.3125 0 0.5 0 0 0 0.375 0 0.875 0.0625 0 0.1875 0 0 0.5 0 0 0.3125 0.1875 0.4375 0 0.75 0 0 0 0.125 0.375 0.375 0.0625 0.6875 0 0.0625 0 0 0 0.375 0 1 0 0.375 0.5625 1 0.0625 0 0.1875 0 0 0.75 1 0 0.0625 0 0 0 0.25 0 0.125 0.875 0 0.3125 0 0.125 0.1875 0.1875 1 0 0.1875 0 0 0.6875 0 0 0 0.875 0 0 0 0.9375 0 0.375 0.6875 0 0 0 0.0625 0.375 0.6875 0.125 0 0.125 0.5 0 0.4375 0.375 0.5 0.125 0 0 0.3125 0 0.875 0 0 0 0.4375 0 0 0 0.875 0.1875 0 0.9375 0.1875 0.5 0.25 0.4375 0 0 0 0 0 0 0 0 0 0.625 0 0.625 0 0.25 0.125 0 0.1875 0 0 0.8125 0 0.25 0 0.25 0 0.1875 0 0 0.3125 0 0.3125 0 0 0 0.5625 0.375 0.375 0
0.4375 0 0 0 0.5 0.9375 0.5 0.5 0.1875 0.6875 0 0 0.25 0 0.4375 0 0.3125 0 0 0 0 0 0 0 0.125 0 0.625 0 0 0.5625 0 0.5 0 0.8125 0.9375 0 0.625 0.625 0.5 0.625 0 0 0.1875 0.5 0.0625 0.8125 0.5625 0 0 0 0.8125 0 0 0 0.1875 0.1875 0 0 0 0 0 0.0625 0.25 0 0 0 0.125 0.75 0.625 0.5625 0 0 0.1875 0.3125 0 0.625 0 0.125 0.8125 0.625 0 0.875 0.125 0.6875 0.125 0 0.5625 0 0 0 0.625 0 0 0 0.25 0.125 0.625 0.5 0.25 0.5 0.625 0.1875 0.75 0 0 0.625 0.4375 0.5 0.875 0 0.5 0 0.1875 0 0 0 0.1875 0 0.125 0.6875 0.4375 0.5 0 0.1875 0.5 1 0.125 0.0625 0 0.4375 0.25 0.3125 0.25 0 0.25 0.1875 0.25 0 0.5 0.625 0 0.0625 0 0.5 0.6875 0 0.3125 0 0.625 0 0 0.0625 0 0.125 0.1875 0 0.1875 0 0.375 0.8125 0 0.1875 0.8125 0.4375 0.75 0 0.5 0
0 0 0.5625 0.5625 0.5 0.5 0.5 0 0 0.5 0 0.625 0.25 0.375 0 0 0.375 0 0 0.1875 0 0.0625 0 0.375 0 0 0.5 0 0 0.75 0.875 0.5625 0 0.6875 0 0.5 0.625 0 0 0.3125 0 0 0 0 0.6875 0 0 0 0.6875 0.625 0 0 1 0 0 0.6875 0 0.25 0 0 0 0.75 0 0 0.0625 0.625 0.5 0.3125 0 0 0 0.25 0.0625 0 0 0 0.3125 0.125 0.5 0 0.75 0.4375 1 0 0 0.125 0 0.125 0 0 0 0.8125 0.5 0.3125 0 0.8125 0.5 0.25 0.125 0 0.125 0 0 0.125 0 0.4375 0.1875 0.125 0 0.375 0 0 0 0.5 0 0 0 0 0 0.5 0.5 0.4375 0 0.3125 0.9375 0 0.375 0.5625 0.125 0 0 0 0 0.4375 0.8125 0 0 0.5 0 0.3125 0 0 0.4375 0 0 0 0.6875 0 0 0.5 0 0.1875 0.1875 0.375 0 0 0 0 0 0.4375 1 0 0.3125 0 0 0 0 0.0625
0 0.375 0.3125 0.125 0 0 0 0 0.0625 0 0 0.4375 0.375 0.375 0 0 0.5625 0 0 0 0.0625 0 0 0 0 0.125 0 0.1875 0.1875 0 0.9375 0.8125 0.5 0.0625 0 0 0.375 0.1875 0.5 0 0 0 0 0.8125 0 0 0 0.1875 0 0 0 0 0 0 0.375 0 0.3125 0 0.4375 0.5 0.4375 0 0.4375 0 0.25 0 0.875 0.375 0 0 0 0 0 0 0.5625 0 1 0 0 0 0.5 0 0.125 0 0.3125 0.4375 0 0 0.25 0.8125 0 0 0 0 0.5625 0.3125 0.0625 0 0 0 0.5 0.125 0.0625 0 0 0 0 0.375 0.375 0 0 0 0 0 0 0.4375 0.625 0.375 0 0 0 0 0 0.3125 0.1875 0 0 0 0 0.1875 0 0 0 0.1875 0.1875 0.5625 0.125 0.0625 0.5 0 0 0.625 0.125 0.25 0 0.25 0 0.4375 0.4375 0.3125 0.0625 0 0.25 0 0 0.3125 0.9375 0.3125 0.0625 0 0.375 0 0.4375 0 0.5 0.1875 0.375 0
0.1875 0.1875 0 0.25 0 0.1875 0 0 0 0 0.75 0.0625 0 0 0 0 0 0 0 0 0 0.125 0 0 0 1 0 0.1875 0.625 0 0.5 0.125 0 0 0 0 0 0.25 0 0.3125 0 0.0625 0 0.4375 0 0.125 0.375 0 0 0 0.375 0 0 0 0 0 0 0.5 0.3125 0 0.0625 0 0 0.375 0.1875 0 0 0 0.125 0 0 0 0.375 0.5625 0 0 0 0.0625 0.0625 0 0.75 0 0 0.5625 0 0 0.625 0.375 0.5 0 0 0 0.625 0.3125 0 0 0 0 0.1875 0 0 0 0 0.1875 0.375 0 0 0.4375 0 1 0.1875 0 0.25 0 0.125 0.6875 0.0625 0.125 0.3125 0 0.125 0.625 0 0.625 0.25 0 0.375 0 0.4375 0 0 0.125 0 0.4375 0 0 0 0.1875 0.5625 0 0.3125 0 0.25 0 0 0 0 0.6875 0 0 0 0.1875 0.5625 0 0.9375 0.625 0.9375 0.3125 0.0625 0 0 0 0 0.25 0 0 0 0.125
0 0 0.5 0 0.25 0.4375 0 0 0 0 0.25 0 0.125 0 0 0.5 0.8125 0.375 0.75 0 0.0625 0.3125 0.5 0.4375 0 0 0 0.875 0 0.4375 0.125 0.625 0 0.6875 0 0.0625 0.3125 0 0.1875 0.125 0.5 0 0 0 0.75 0.3125 0.5 0.3125 0 0 0 0.375 0 0 0.375 0 0.4375 0.0625 0 0 0 0 0 0.375 0.375 0.1875 0.875 0 0 0 0.25 0.625 0 0 0.25 0 0.25 0 0.125 0 0.1875 0 0.375 0 0.8125 0 0 0 0.375 0.25 0.25 0.3125 0 0 0 0.375 0 0.0625 0.5625 0.0625 0.5625 0.375 0 0 0.4375 1 0 0 0.5625 0.3125 0.375 0 0 0.625 0 0.4375 0 0 0 0 0.25 0 0.125 0 0.125 0 0 0.625 0.75 0 0 0 0.125 0 0 0.6875 0.625 0.1875 0 0.1875 0 0.0625 0.875 0 0.1875 0 0 0.5 0 0 0.4375 0.8125 0 0 0 0.0625 0 0 0 0.3125 0 0 0 0.4375 0.1875 0.0625 0.5625 0
0 0 0 0 0.9375 0 0.375 0.6875 0.375 0 0 0 1 0.75 0.1875 0 0.375 0 0.375 0 0 0 0.75 0 0 0 0 0.375 0.0625 0 0.875 0.6875 0 0 0.4375 0 0 0 0.9375 0.0625 0 0 0.1875 0 0 0 0.8125 0 0 0 0 0.6875 0.375 0.25 0.5625 0 0.9375 1 0.25 0.3125 0 0 0.125 0 0 0.3125 0.4375 0 0 0 0 0.5 0.5 0 0 0.3125 0.375 0.4375 0.125 0.875 0.125 0 0.25 0 0 0 0.125 0 0 0 0 0 0.9375 0 0.3125 0.9375 0 0.375 0.1875 0.25 0 0.75 0.375 0 0 0 0 0.75 0.8125 0.375 0 0.5 0.0625 0.6875 0.125 0.8125 0.25 0 0 0 0.5625 0 0.375 0.0625 0 0 0 0 0.6875 0.1875 0 0.3125 0 0.1875 0 0 0 0 0 0.25 0 0 0 0.125 0 0.5 0 0.125 0 0 0.3125 0 0 0.125 0.75 0 0 0 0.25 0 0 0 0 0 0.1875 0 0.0625 0
0 0 0.6875 0 0.0625 0 0.0625 0 0 0 0 0 0.25 0 0 0 0 0 0 0 0.375 0 0 0.6875 0.375 0.5 0 0.75 0.4375 0 0.4375 0.3125 0.75 0 0.75 0.3125 0.625 0 0.5 0 0 0 0 0.4375 0 0.3125 0 0.0625 0.625 0 0 0.0625 0 0 0.25 0 0 0.375 0.3125 0.6875 1 0 0.25 0 0.1875 0.375 0 0.125 0 0.125 0 0.1875 0.8125 0 0 0.6875 0.375 0.5 0.5 0.5625 0 0 0 0.375 0 0.8125 0.625 0 0 0 0 0.5625 0.3125 0 0 0.6875 0.6875 0 0 0 0.4375 0 0 0.3125 0 0 0.0625 0.4375 0 0 0 0.625 0.5625 0 0 0.5 0.0625 0.625 0.375 0 0 0.3125 0.5625 0.25 0 0 0.3125 0 1 0.9375 0 0.6875 0 0.5 0 0.375 0 0.6875 0.75 0 0 0.75 0 0 0.1875 0 0 0.625 0 0.125 0 0 0 0 0 0 0 0 0.875 0 0 0 0 0.4375 0.3125 0.75 0 0.5
1
1
3
2
1
3
1
1
1
2
1
3
2
4
1
3
