168
16
5
1 1 1 1 1 1 1 1 1 1 1 1 1 1 1 1 1 1 1 1 1 1 1 1 1 1 1 1 1 1 1 1 1 1 1 1 1 1 1 1 1 1 1 1 1 1 1 1 1 1 1 1 1 2 2 4 5 7 9 12 14 17 20 23 26 28 30 31 31 30 29 27 25 22 19 16 13 11 8 6 5 3 2 1 1 1 1 1 1 1 1 1 1 1 1 1 1 1 1 1 1 1 1 1 1 1 1 1 1 1 1 1 1 1 1 1 1 1 1 1 1 1 1 1 1 1 1 1 1 1 1 1 1 1 1 1 1 1 1 1 1 1 1 1 1 1 1 1 1 1 1 1 1 1 1 1 1 1 1 1 1 1 1 1 1 1 1 1
1 1 1 1 1 1 1 1 1 1 1 1 1 1 1 1 1 1 1 1 1 1 1 1 1 1 1 1 1 1 1 1 1 1 1 1 1 1 1 1 1 1 2 3 5 6 9 11 14 18 21 24 27 29 31 32 32 31 30 27 25 22 19 15 12 10 7 6 4 3 2 1 1 1 1 1 1 1 1 1 1 1 1 1 1 1 1 1 1 1 1 1 1 1 1 1 1 1 1 1 1 1 1 1 1 1 1 1 1 1 1 1 1 1 1 1 1 1 1 1 1 1 1 1 1 1 1 1 1 1 1 1 1 1 1 1 1 1 1 1 1 1 1 1 1 1 1 1 1 1 1 1 1 1 1 1 1 1 1 1 1 1 1 1 1 1 1 1
1 1 1 1 1 1 1 1 1 1 1 1 1 1 1 1 1 1 1 1 1 1 1 1 1 1 1 1 1 1 1 1 1 1 1 1 1 1 1 1 1 1 1 1 1 1 1 1 1 1 1 1 1 1 1 1 1 1 1 1 1 1 1 1 1 1 1 1 1 1 1 1 1 1 1 1 1 2 3 5 6 8 11 13 16 19 22 24 27 29 30 30 30 29 28 25 23 20 17 14 12 9 7 5 4 3 2 1 1 1 1 1 1 1 1 1 1 1 1 1 1 1 1 1 1 1 1 1 1 1 1 1 1 1 1 1 1 1 1 1 1 1 1 1 1 1 1 1 1 1 1 1 1 1 1 1 1 1 1 1 1 1 1 1 1 1 1 1
1 1 1 1 1 1 1 1 1 1 1 1 1 1 1 1 1 1 1 1 1 1 1 1 1 1 1 1 1 1 1 1 1 1 1 1 1 1 1 1 1 1 1 1 1 1 1 1 1 1 1 1 1 1 1 1 1 1 1 1 1 1 1 1 1 1 1 1 1 1 1 1 1 1 1 1 1 1 1 1 1 1 1 1 1 1 1 1 1 1 1 1 1 2 3 5 7 9 11 14 17 20 23 26 28 30 31 31 31 30 28 25 23 20 16 13 11 8 6 4 3 2 1 1 1 1 1 1 1 1 1 1 1 1 1 1 1 1 1 1 1 1 1 1 1 1 1 1 1 1 1 1 1 1 1 1 1 1 1 1 1 1 1 1 1 1 1 1
1 1 1 1 1 1 1 1 1 1 1 1 1 1 1 1 1 1 1 1 1 1 1 1 1 1 1 1 1 1 1 1 1 1 1 1 1 1 1 1 1 1 1 1 1 1 1 1 1 1 1 1 1 1 1 1 1 1 1 1 1 1 1 1 1 1 1 1 1 1 1 2 3 5 6 8 11 13 16 19 22 24 27 29 30 30 30 29 27 25 23 20 17 14 12 9 7 5 4 3 2 1 1 1 1 1 1 1 1 1 1 1 1 1 1 1 1 1 1 1 1 1 1 1 1 1 1 1 1 1 1 1 1 1 1 1 1 1 1 1 1 1 1 1 1 1 1 1 1 1 1 1 1 1 1 1 1 1 1 1 1 1 1 1 1 1 1 1
0 0 0 0 0 0 0 0 0 0 0 0 0 0 0 0 0 0 0 0 0 0 0 0 0 0 0 0 0 0 0 0 0 0 0 0 0 0 0 0 0 0 0 0 0 0 0 0 0 0 0 0 0 0 0 0 0 0 0 0 0 0 0 0 0 0 0 0 0 0 0 0 0 0 0 0 0 0 0 0 0 0 0 0 0 0 0 0 0 0 3 1 0 0 0 0 0 0 4 2 0 0 0 0 0 0 0 0 0 0 0 0 0 0 9 4 0 0 0 0 0 0 0 0 0 0 0 0 0 0 0 0 0 0 0 0 0 0 7 3 0 0 10 5 0 0 0 0 0 0 0 0 0 0 0 0 6 3 2 1 0 0 0 0 0 0 0 0 0 0 0 0 0 0 0 0 0 0 0 0 0 0 0 0 10 5 0 0 0 0 0 0 2 1 1 0 0 0 0 0 4 2 9 4 0 0 12 6 0 0 6 3 0 0 9 4 20 10 0 0 13 6 0 0 0 0 0 0 0 0 0 0 0 0 0 0 0 0 2 1 0 0 1 0 0 0 0 0 0 0 0 0 0 0 0 0 0 0 0 0 0 0 0 0 0 0 0 0 0 0 0 0 0 0 0 0 0 0 0 0 0 0 0 0 0 0 0 0 0 0 0 0 0 0 0 0 0 0 0 0 0 0 0 0 0 0 0 0 0 0 0 0 0 0 0 0 0 0 0 0 0 0 0 0 0 0 0 0 0 0 0 0 0 0 0 0
0 0 0 0 0 0 0 0 0 0 0 0 0 0 0 0 0 0 0 0 0 0 0 0 0 0 0 0 0 0 0 0 0 0 0 0 0 0 0 0 0 0 0 0 0 0 0 0 0 0 0 0 0 0 0 0 0 0 0 0 0 0 0 0 0 0 0 0 0 0 0 0 0 0 0 0 0 0 0 0 0 0 0 0 0 0 0 0 0 0 0 0 1 0 3 1 0 0 0 0 0 0 0 0 6 3 4 2 0 0 0 0 0 0 0 0 0 0 0 0 0 0 0 0 6 3 0 0 0 0 0 0 0 0 0 0 0 0 0 0 0 0 3 1 0 0 0 0 0 0 2 1 0 0 3 1 3 1 2 1 0 0 1 0 4 2 6 3 0 0 0 0 0 0 0 0 0 0 13 6 10 5 0 0 0 0 0 0 0 0 2 1 2 1 4 2 0 0 6 3 1 0 0 0 0 0 0 0 0 0 0 0 0 0 4 2 20 10 0 0 0 0 2 1 0 0 0 0 9 4 0 0 0 0 0 0 0 0 0 0 0 0 0 0 0 0 0 0 0 0 0 0 0 0 0 0 0 0 0 0 0 0 0 0 0 0 0 0 0 0 0 0 0 0 0 0 0 0 0 0 0 0 0 0 0 0 0 0 0 0 0 0 0 0 0 0 0 0 0 0 0 0 0 0 0 0 0 0 0 0 0 0 0 0 0 0 0 0 0 0 0 0 0 0 0 0 0 0 0 0 0 0 0 0 0 0
0 0 0 0 0 0 0 0 0 0 0 0 0 0 0 0 0 0 0 0 0 0 0 0 0 0 0 0 0 0 0 0 0 0 0 0 0 0 0 0 0 0 0 0 0 0 0 0 0 0 0 0 0 0 0 0 0 0 0 0 0 0 0 0 0 0 0 0 0 0 0 0 0 0 0 0 0 0 0 0 0 0 0 0 0 0 0 0 3 1 0 0 0 0 2 1 0 0 0 0 0 0 0 0 0 0 0 0 0 0 0 0 2 1 3 1 0 0 6 3 0 0 11 5 1 0 0 0 0 0 0 0 0 0 2 1 12 6 6 3 1 0 0 0 12 6 0 0 0 0 6 3 0 0 8 4 2 1 8 4 6 3 1 0 0 0 0 0 9 4 0 0 0 0 0 0 0 0 0 0 4 2 12 6 7 3 6 3 14 7 8 4 14 7 2 1 5 2 2 1 0 0 0 0 0 0 0 0 2 1 20 10 0 0 0 0 0 0 0 0 0 0 0 0 0 0 0 0 0 0 0 0 6 3 0 0 2 1 0 0 0 0 0 0 0 0 0 0 0 0 0 0 0 0 0 0 0 0 0 0 0 0 0 0 0 0 0 0 0 0 0 0 0 0 0 0 0 0 0 0 0 0 0 0 0 0 0 0 0 0 0 0 0 0 0 0 0 0 0 0 0 0 0 0 0 0 0 0 0 0 0 0 0 0 0 0 0 0 0 0 0 0 0 0 0 0 0 0 0 0 0 0 0 0 0 0
0 0 0 0 0 0 0 0 0 0 0 0 0 0 0 0 0 0 0 0 0 0 0 0 0 0 0 0 0 0 0 0 0 0 0 0 0 0 0 0 0 0 0 0 0 0 0 0 0 0 0 0 0 0 0 0 0 0 0 0 0 0 0 0 0 0 0 0 0 0 0 0 0 0 0 0 0 0 0 0 0 0 0 0 0 0 0 0 0 0 0 0 0 0 0 0 0 0 0 0 10 5 0 0 0 0 0 0 0 0 0 0 0 0 2 1 0 0 0 0 0 0 0 0 0 0 0 0 3 1 0 0 3 1 0 0 0 0 0 0 0 0 8 4 13 6 0 0 0 0 0 0 5 2 4 2 0 0 12 6 3 1 0 0 1 0 4 2 12 6 2 1 0 0 0 0 7 3 0 0 0 0 0 0 0 0 0 0 0 0 0 0 0 0 0 0 11 5 1 0 6 3 2 1 0 0 8 4 0 0 1 0 11 5 0 0 0 0 0 0 0 0 0 0 0 0 0 0 4 2 0 0 3 1 0 0 0 0 0 0 0 0 0 0 0 0 0 0 0 0 0 0 0 0 0 0 0 0 0 0 0 0 0 0 0 0 0 0 0 0 0 0 0 0 0 0 0 0 0 0 0 0 0 0 0 0 0 0 0 0 0 0 0 0 0 0 0 0 0 0 0 0 0 0 0 0 0 0 0 0 0 0 0 0 0 0 0 0 0 0 0 0 0 0 0 0 0 0 0 0 0 0 0 0 0 0
0 0 0 0 0 0 0 0 0 0 0 0 0 0 0 0 0 0 0 0 0 0 0 0 0 0 0 0 0 0 0 0 0 0 0 0 0 0 0 0 0 0 0 0 0 0 0 0 0 0 0 0 0 0 0 0 0 0 0 0 0 0 0 0 0 0 0 0 0 0 0 0 0 0 0 0 0 0 0 0 0 0 0 0 0 0 0 0 0 0 0 0 4 2 0 0 0 0 0 0 0 0 0 0 13 6 1 0 0 0 2 1 0 0 1 0 0 0 2 1 0 0 5 2 4 2 0 0 0 0 0 0 0 0 0 0 17 8 0 0 0 0 0 0 0 0 13 6 0 0 0 0 0 0 1 0 0 0 3 1 9 4 14 7 11 5 0 0 0 0 3 1 16 8 0 0 16 8 0 0 4 2 2 1 0 0 0 0 10 5 2 1 0 0 10 5 6 3 2 1 0 0 0 0 0 0 0 0 0 0 0 0 0 0 0 0 12 6 0 0 0 0 0 0 0 0 0 0 0 0 0 0 4 2 0 0 1 0 0 0 0 0 0 0 0 0 0 0 0 0 0 0 0 0 0 0 0 0 0 0 0 0 0 0 0 0 0 0 0 0 0 0 0 0 0 0 0 0 0 0 0 0 0 0 0 0 0 0 0 0 0 0 0 0 0 0 0 0 0 0 0 0 0 0 0 0 0 0 0 0 0 0 0 0 0 0 0 0 0 0 0 0 0 0 0 0 0 0 0 0 0 0 0 0 0 0
9 26 31 9 17 15 21 34 14 45 25 28 14 22 13 8 11 21 16 14 25 12 23 21 22 22 23 34 8 25 11 13 17 19 25 12 27 14 16 17 17 11 13 26 17 12 18 28 17 16 12 41 9 21 15 31 33 11 8 16 22 8 15 27 10 21 12 27 13 33 13 21 31 36 13 15 24 16 19 51 14 12 29 23 29 9 17 15 15 13 14 41 30 16 9 30 13 15 19 24 15 29 10 16 14 28 33 27 14 27 20 34 21 12 16 14 14 26 14 6 10 16 21 18 20 25 18 9 24 17 36 22 18 14 15 26 25 27 12 18 19 14 21 15 18 11 31 28 21 31 10 6 31 26 11 22 26 10 9 17 18 12 25 10 17 16 31 14
24 23 24 18 23 22 10 6 12 16 14 14 25 20 20 16 19 17 14 18 31 14 16 15 10 30 15 14 22 18 14 14 40 15 19 21 18 22 15 24 13 22 11 24 18 15 22 25 12 18 21 23 21 19 24 7 13 35 13 19 14 14 13 17 19 10 15 20 15 15 21 22 20 10 15 8 27 30 18 19 16 9 10 23 20 14 14 29 20 19 10 20 15 37 41 12 15 24 13 20 12 36 15 10 21 23 21 20 24 24 27 26 38 25 15 15 10 14 16 25 14 22 26 22 19 16 23 27 19 24 12 28 17 9 20 14 29 14 21 8 22 15 17 13 27 23 18 25 11 17 20 22 22 15 15 13 14 25 17 15 19 5 15 25 27 22 17 29
30 29 11 28 16 26 17 25 19 21 29 15 16 16 23 17 9 17 33 29 21 18 17 23 14 32 27 37 20 16 41 19 19 31 25 25 19 22 11 19 8 11 24 9 21 28 16 20 11 24 22 15 19 18 18 7 16 18 20 22 25 11 10 19 19 20 30 21 26 8 19 18 14 30 23 17 15 14 31 29 12 20 47 18 16 29 30 14 12 21 14 28 17 44 40 14 20 17 21 22 15 22 18 12 20 12 12 17 20 20 24 26 10 43 25 18 28 30 16 12 25 25 23 20 10 20 20 11 26 15 12 18 20 13 12 14 7 24 11 20 11 14 24 24 18 16 21 14 18 32 12 16 16 13 15 34 25 19 16 25 15 27 16 15 23 20 11 41
20 32 26 13 20 24 10 12 13 15 17 29 24 18 25 22 23 16 16 8 20 25 18 7 15 18 22 18 12 17 22 8 14 13 23 7 16 23 6 27 27 28 12 11 12 9 22 19 16 8 24 13 17 10 14 19 15 31 42 19 12 17 23 13 23 14 16 11 13 11 13 28 14 15 23 39 21 17 18 20 16 29 19 17 10 18 32 35 34 18 23 22 18 23 15 25 28 26 24 36 15 17 20 52 27 8 37 27 17 19 6 35 21 34 24 40 30 22 8 36 22 23 13 14 27 6 18 11 22 32 16 11 20 18 35 16 13 17 28 21 22 9 34 14 10 10 13 12 25 21 28 22 20 10 15 12 13 25 29 22 18 22 16 16 17 12 25 11
9 14 16 13 23 16 31 24 13 17 7 13 18 18 14 15 18 23 8 20 17 18 20 18 28 19 18 23 18 12 10 20 20 23 22 29 12 23 34 20 24 14 8 18 23 10 28 9 9 12 9 20 26 7 20 19 18 10 26 18 23 20 11 8 29 14 12 16 22 33 21 28 12 30 18 15 37 13 16 8 27 27 12 10 35 20 31 31 20 23 14 21 21 17 31 17 21 21 27 14 15 14 20 6 15 20 8 29 30 32 10 10 24 15 32 32 19 14 18 19 28 25 18 21 17 19 17 20 24 12 16 25 18 28 12 11 13 21 26 23 22 17 28 27 22 15 29 30 16 20 23 12 11 15 25 27 21 20 20 24 29 12 26 16 13 16 10 31
14 19 16 22 16 18 18 18 34 22 25 10 12 14 19 28 17 22 27 16 8 21 19 32 16 13 10 37 12 19 10 24 24 17 31 27 17 14 11 11 16 34 9 19 18 18 15 12 16 16 9 34 33 11 25 11 19 15 15 26 21 17 27 25 5 17 11 22 12 9 17 18 23 17 13 12 5 18 23 23 20 15 29 33 25 14 20 13 19 12 9 12 13 20 33 23 11 16 27 26 31 18 31 17 18 27 25 26 25 11 30 27 19 15 14 35 15 23 22 20 24 28 25 21 9 17 21 15 26 21 13 32 19 23 13 17 20 22 9 19 10 21 14 13 23 11 12 22 10 24 30 29 13 22 21 15 14 21 16 15 10 11 11 14 16 25 10 19
13 18 15 15 34 17 19 20 18 17 17 15 13 21 22 20 14 13 29 21 29 23 21 25 10 9 19 20 16 20 19 16 11 16 14 41 20 25 19 19 7 17 15 13 25 25 15 22 16 33 16 13 18 19 22 9 17 17 25 40 29 36 13 18 12 25 27 18 12 13 26 20 8 16 22 30 33 25 8 27 32 19 21 11 25 15 23 20 25 18 16 18 22 26 13 22 26 16 23 11 22 24 28 17 13 14 22 30 34 17 13 15 17 17 23 21 27 15 31 27 26 20 31 24 17 10 17 11 17 17 28 20 26 21 16 12 14 20 15 22 26 29 15 22 20 29 17 23 22 14 13 17 13 30 9 16 12 17 22 19 21 13 37 32 14 20 18 7
18 18 16 20 16 13 14 32 17 17 22 28 26 12 18 28 11 32 20 34 23 13 14 18 25 31 20 14 11 15 16 13 21 22 22 21 22 19 20 11 8 7 25 25 16 27 38 23 25 32 19 41 8 19 15 11 17 26 17 15 9 11 12 25 21 21 7 22 20 13 28 12 14 25 18 10 14 16 18 22 17 16 9 15 20 21 19 14 22 15 14 21 29 15 19 14 17 36 18 19 11 15 23 21 22 31 14 17 25 29 23 7 13 11 20 22 18 18 16 12 34 34 24 16 18 31 12 14 12 25 14 28 17 21 19 23 16 20 12 18 16 13 19 27 28 14 20 26 8 28 29 27 18 12 20 12 24 22 21 25 23 16 17 15 19 23 13 22
19 21 12 11 21 18 21 26 18 27 11 17 20 16 13 14 17 19 13 17 31 10 14 20 21 23 20 25 23 36 15 12 13 23 8 21 21 14 16 16 24 22 19 10 15 18 14 13 30 15 16 11 14 25 15 9 4 22 19 22 23 16 33 7 8 27 15 21 22 20 20 26 13 20 24 16 20 12 28 19 12 22 22 8 12 11 16 16 17 20 13 17 18 23 15 17 27 24 11 24 26 35 26 19 23 20 13 12 12 17 17 26 25 21 12 22 18 16 13 26 14 14 14 13 31 25 18 22 24 20 25 18 10 34 23 18 16 20 17 7 20 13 10 15 17 23 18 15 26 19 9 6 13 21 14 30 14 29 17 18 25 8 22 17 20 19 28 28
18 16 25 4 29 26 20 15 29 20 18 9 21 16 25 9 23 22 13 11 11 11 11 14 14 9 13 17 18 23 16 23 33 20 15 8 24 14 10 30 8 25 33 21 21 30 15 25 29 24 13 9 24 16 20 15 24 14 23 9 25 12 11 20 15 30 18 31 21 20 15 21 26 29 22 27 9 22 32 16 22 29 25 22 12 11 14 16 14 20 19 18 13 24 14 32 16 20 17 24 26 20 20 26 26 14 32 13 14 25 22 35 19 25 9 21 18 23 24 18 12 14 37 19 18 20 14 22 22 19 16 6 10 22 20 20 21 12 25 31 26 23 23 23 15 18 14 23 27 20 16 14 9 25 16 22 17 17 21 9 18 31 11 11 25 34 17 18
18 12 16 12 15 15 26 11 11 21 18 18 27 19 22 18 17 12 15 26 12 20 24 21 22 32 16 23 15 17 11 26 26 12 23 17 11 19 20 22 31 35 20 17 26 14 32 22 14 27 14 24 12 33 27 35 16 10 14 18 15 25 18 29 24 19 16 21 10 17 16 16 15 7 15 11 8 19 27 26 16 18 18 9 19 9 11 20 20 10 17 21 19 23 21 14 15 30 19 10 21 30 23 23 28 22 27 32 21 14 32 21 13 19 46 13 17 7 26 18 12 28 18 20 17 21 13 9 9 11 10 25 13 31 19 15 26 37 21 22 29 34 28 15 14 20 36 31 10 18 16 17 18 39 20 24 17 19 15 16 16 17 28 29 24 15 46 25
41 13 37 25 17 23 11 17 6 12 18 24 27 19 19 22 12 17 18 23 18 19 17 23 20 14 33 23 24 19 26 10 21 10 18 14 9 18 9 15 27 34 27 17 17 11 23 20 24 10 15 15 16 13 9 19 36 12 15 25 10 21 27 25 17 13 16 19 20 27 20 12 16 14 26 22 19 24 22 24 22 25 17 16 27 8 13 19 12 24 19 25 12 14 20 32 20 8 16 8 9 17 23 37 13 21 20 14 14 15 18 32 6 17 23 15 8 21 8 19 24 21 18 11 13 12 16 17 27 19 26 22 25 26 22 14 19 29 22 14 21 21 23 24 13 23 12 16 17 21 19 39 16 17 12 19 14 34 23 24 24 23 17 21 15 15 29 21
36 12 31 10 13 33 14 23 25 33 33 13 16 26 27 29 25 20 16 15 29 17 13 19 25 28 17 12 17 23 10 25 14 26 28 20 19 21 9 12 14 34 24 8 15 22 19 16 11 16 17 9 23 21 29 13 17 18 12 12 21 17 24 28 21 22 31 12 16 30 21 24 12 30 15 19 13 22 15 18 26 20 34 21 24 17 8 22 13 18 23 13 21 21 12 17 15 21 18 16 17 16 9 13 21 15 14 24 14 23 25 37 23 24 42 17 13 15 20 25 11 13 26 25 27 28 21 24 29 23 28 10 12 13 14 16 18 14 22 16 35 20 26 17 22 24 10 17 10 11 14 35 19 32 13 15 13 15 31 11 11 15 17 20 20 23 16 14
15 20 25 11 20 12 8 13 18 26 36 16 17 13 25 26 12 18 10 27 20 22 23 21 18 10 23 29 23 18 26 23 29 23 38 23 17 25 18 25 10 22 20 27 15 18 19 18 13 29 20 19 20 15 20 21 31 25 25 10 19 13 31 17 14 19 23 33 13 7 32 13 18 32 21 24 23 30 11 16 6 15 11 18 20 22 34 15 22 32 21 25 14 12 17 21 17 19 20 6 23 11 20 5 12 22 12 22 17 14 11 32 9 11 19 15 21 16 16 11 14 9 27 31 26 27 24 24 15 24 22 10 14 14 12 34 21 18 11 18 25 7 9 17 15 22 22 21 13 20 21 18 13 23 22 17 24 25 21 31 23 18 16 23 13 13 28 25
15 23 17 24 13 19 18 22 11 12 10 19 27 11 23 17 18 30 27 13 14 11 16 12 17 30 22 18 20 11 7 17 18 14 14 7 26 6 16 27 20 16 16 23 15 21 20 23 24 21 24 23 10 19 14 15 10 19 13 20 17 17 17 26 20 30 11 24 12 24 21 18 27 24 15 14 21 22 21 13 13 17 18 15 14 15 29 12 15 15 16 15 12 31 18 23 14 13 4 20 21 10 3 11 17 15 23 15 28 16 24 37 10 17 20 17 22 27 14 19 15 20 25 14 14 22 13 19 19 8 15 23 10 15 27 27 23 12 25 8 13 18 16 23 10 14 23 13 14 22 34 13 15 19 31 28 14 25 22 24 13 13 22 22 12 12 16 17
27 16 26 21 31 40 19 21 15 21 17 24 7 15 15 11 20 19 24 18 16 13 30 15 14 11 19 26 26 21 17 30 12 36 22 15 20 25 27 28 12 27 7 17 25 17 16 29 14 9 14 16 29 19 26 24 25 20 19 23 33 8 11 13 23 33 27 14 22 24 17 17 24 12 20 25 22 21 16 8 11 17 19 15 21 26 9 26 16 16 21 7 15 22 15 19 30 15 33 19 24 23 16 20 36 20 5 17 14 13 11 11 24 15 15 24 14 33 12 16 28 22 13 14 18 22 14 18 24 18 8 34 34 34 17 15 26 33 13 10 23 39 19 13 12 10 28 23 16 17 18 17 16 28 42 24 23 11 18 24 25 12 33 6 27 21 10 22
1 0 0 1 0.5 0.625 0.25 0 0.6875 0 0 0 0.6875 0.1875 0.75 1 0.875 0.25 0.5625 0.6875 0 0.8125 0.125 0.25 0.1875 0.1875 0.125 0 1 0 0.875 0.75 0.5 0.375 0 0.8125 0 0.6875 0.5625 0.5 0.5 0.875 0.75 0 0.5 0.8125 0.4375 0 0.5 0.5625 0.8125 0 1 0.25 0.625 0 0 0.875 1 0.5625 0.1875 1 0.625 0 0.9375 0.25 0.8125 0 0.75 0 0.75 0.25 0 0 0.75 0.625 0.0625 0.5625 0.375 0 0.6875 0.8125 0 0.125 0 1 0.5 0.625 0.625 0.75 0.6875 0 0 0.5625 1 0 0.75 0.625 0.375 0.0625 0.625 0 0.9375 0.5625 0.6875 0 0 0 0.6875 0 0.3125 0 0.25 0.8125 0.5625 0.6875 0.6875 0 0.6875 1 0.9375 0.5625 0.25 0.4375 0.3125 0 0.4375 1 0.0625 0.5 0 0.1875 0.4375 0.6875 0.625 0 0 0 0.8125 0.4375 0.375 0.6875 0.25 0.625 0.4375 0.875 0 0 0.25 0 0.9375 1 0 0 0.875 0.1875 0 0.9375 1 0.5 0.4375 0.8125 0 0.9375 0.5 0.5625 0 0.6875
0.0625 0.125 0.0625 0.4375 0.125 0.1875 0.9375 1 0.8125 0.5625 0.6875 0.6875 0 0.3125 0.3125 0.5625 0.375 0.5 0.6875 0.4375 0 0.6875 0.5625 0.625 0.9375 0 0.625 0.6875 0.1875 0.4375 0.6875 0.6875 0 0.625 0.375 0.25 0.4375 0.1875 0.625 0.0625 0.75 0.1875 0.875 0.0625 0.4375 0.625 0.1875 0 0.8125 0.4375 0.25 0.125 0.25 0.375 0.0625 1 0.75 0 0.75 0.375 0.6875 0.6875 0.75 0.5 0.375 0.9375 0.625 0.3125 0.625 0.625 0.25 0.1875 0.3125 0.9375 0.625 1 0 0 0.4375 0.375 0.5625 1 0.9375 0.125 0.3125 0.6875 0.6875 0 0.3125 0.375 0.9375 0.3125 0.625 0 0 0.8125 0.625 0.0625 0.75 0.3125 0.8125 0 0.625 0.9375 0.25 0.125 0.25 0.3125 0.0625 0.0625 0 0 0 0 0.625 0.625 0.9375 0.6875 0.5625 0 0.6875 0.1875 0 0.1875 0.375 0.5625 0.125 0 0.375 0.0625 0.8125 0 0.5 1 0.3125 0.6875 0 0.6875 0.25 1 0.1875 0.625 0.5 0.75 0 0.125 0.4375 0 0.875 0.5 0.3125 0.1875 0.1875 0.625 0.625 0.75 0.6875 0 0.5 0.625 0.375 1 0.625 0 0 0.1875 0.5 0
0 0 0.875 0 0.5625 0 0.5 0 0.375 0.25 0 0.625 0.5625 0.5625 0.125 0.5 1 0.5 0 0 0.25 0.4375 0.5 0.125 0.6875 0 0 0 0.3125 0.5625 0 0.375 0.375 0 0 0 0.375 0.1875 0.875 0.375 1 0.875 0.0625 1 0.25 0 0.5625 0.3125 0.875 0.0625 0.1875 0.625 0.375 0.4375 0.4375 1 0.5625 0.4375 0.3125 0.1875 0 0.875 0.9375 0.375 0.375 0.3125 0 0.25 0 1 0.375 0.4375 0.6875 0 0.125 0.5 0.625 0.6875 0 0 0.8125 0.3125 0 0.4375 0.5625 0 0 0.6875 0.8125 0.25 0.6875 0 0.5 0 0 0.6875 0.3125 0.5 0.25 0.1875 0.625 0.1875 0.4375 0.8125 0.3125 0.8125 0.8125 0.5 0.3125 0.3125 0.0625 0 0.9375 0 0 0.4375 0 0 0.5625 0.8125 0 0 0.125 0.3125 0.9375 0.3125 0.3125 0.875 0 0.625 0.8125 0.4375 0.3125 0.75 0.8125 0.6875 1 0.0625 0.875 0.3125 0.875 0.6875 0.0625 0.0625 0.4375 0.5625 0.25 0.6875 0.4375 0 0.8125 0.5625 0.5625 0.75 0.625 0 0 0.375 0.5625 0 0.625 0 0.5625 0.625 0.125 0.3125 0.875 0
0.3125 0 0 0.75 0.3125 0.0625 0.9375 0.8125 0.75 0.625 0.5 0 0.0625 0.4375 0 0.1875 0.125 0.5625 0.5625 1 0.3125 0 0.4375 1 0.625 0.4375 0.1875 0.4375 0.8125 0.5 0.1875 1 0.6875 0.75 0.125 1 0.5625 0.125 1 0 0 0 0.8125 0.875 0.8125 1 0.1875 0.375 0.5625 1 0.0625 0.75 0.5 0.9375 0.6875 0.375 0.625 0 0 0.375 0.8125 0.5 0.125 0.75 0.125 0.6875 0.5625 0.875 0.75 0.875 0.75 0 0.6875 0.625 0.125 0 0.25 0.5 0.4375 0.3125 0.5625 0 0.375 0.5 0.9375 0.4375 0 0 0 0.4375 0.125 0.1875 0.4375 0.125 0.625 0 0 0 0.0625 0 0.625 0.5 0.3125 0 0 1 0 0 0.5 0.375 1 0 0.25 0 0.0625 0 0 0.1875 1 0 0.1875 0.125 0.75 0.6875 0 1 0.4375 0.875 0.1875 0 0.5625 0.875 0.3125 0.4375 0 0.5625 0.75 0.5 0 0.25 0.1875 1 0 0.6875 0.9375 0.9375 0.75 0.8125 0 0.25 0 0.1875 0.3125 0.9375 0.625 0.8125 0.75 0 0 0.1875 0.4375 0.1875 0.5625 0.5625 0.5 0.8125 0 0.875
1 0.6875 0.5625 0.75 0.125 0.5625 0 0.0625 0.75 0.5 1 0.75 0.4375 0.4375 0.6875 0.625 0.4375 0.125 1 0.3125 0.5 0.4375 0.3125 0.4375 0 0.375 0.4375 0.125 0.4375 0.8125 0.9375 0.3125 0.3125 0.125 0.1875 0 0.8125 0.125 0 0.3125 0.0625 0.6875 1 0.4375 0.125 0.9375 0 1 1 0.8125 1 0.3125 0 1 0.3125 0.375 0.4375 0.9375 0 0.4375 0.125 0.3125 0.875 1 0 0.6875 0.8125 0.5625 0.1875 0 0.25 0 0.8125 0 0.4375 0.625 0 0.75 0.5625 1 0 0 0.8125 0.9375 0 0.3125 0 0 0.3125 0.125 0.6875 0.25 0.25 0.5 0 0.5 0.25 0.25 0 0.6875 0.625 0.6875 0.3125 1 0.625 0.3125 1 0 0 0 0.9375 0.9375 0.0625 0.625 0 0 0.375 0.6875 0.4375 0.375 0 0 0.4375 0.25 0.5 0.375 0.5 0.3125 0.0625 0.8125 0.5625 0 0.4375 0 0.8125 0.875 0.75 0.25 0 0.125 0.1875 0.5 0 0 0.1875 0.625 0 0 0.5625 0.3125 0.125 0.8125 0.875 0.625 0 0 0.25 0.3125 0.3125 0.0625 0 0.8125 0 0.5625 0.75 0.5625 0.9375 0
0.6875 0.375 0.5625 0.1875 0.5625 0.4375 0.4375 0.4375 0 0.1875 0 0.9375 0.8125 0.6875 0.375 0 0.5 0.1875 0 0.5625 1 0.25 0.375 0 0.5625 0.75 0.9375 0 0.8125 0.375 0.9375 0.0625 0.0625 0.5 0 0 0.5 0.6875 0.875 0.875 0.5625 0 1 0.375 0.4375 0.4375 0.625 0.8125 0.5625 0.5625 1 0 0 0.875 0 0.875 0.375 0.625 0.625 0 0.25 0.5 0 0 1 0.5 0.875 0.1875 0.8125 1 0.5 0.4375 0.125 0.5 0.75 0.8125 1 0.4375 0.125 0.125 0.3125 0.625 0 0 0 0.6875 0.3125 0.75 0.375 0.8125 1 0.8125 0.75 0.3125 0 0.125 0.875 0.5625 0 0 0 0.4375 0 0.5 0.4375 0 0 0 0 0.875 0 0 0.375 0.625 0.6875 0 0.625 0.125 0.1875 0.3125 0.0625 0 0 0.25 1 0.5 0.25 0.625 0 0.25 0.75 0 0.375 0.125 0.75 0.5 0.3125 0.1875 1 0.375 0.9375 0.25 0.6875 0.75 0.125 0.875 0.8125 0.1875 0.9375 0.0625 0 0 0.75 0.1875 0.25 0.625 0.6875 0.25 0.5625 0.625 0.9375 0.875 0.875 0.6875 0.5625 0 0.9375 0.375
0.75 0.4375 0.625 0.625 0 0.5 0.375 0.3125 0.4375 0.5 0.5 0.625 0.75 0.25 0.1875 0.3125 0.6875 0.75 0 0.25 0 0.125 0.25 0 0.9375 1 0.375 0.3125 0.5625 0.3125 0.375 0.5625 0.875 0.5625 0.6875 0 0.3125 0 0.375 0.375 1 0.5 0.625 0.75 0 0 0.625 0.1875 0.5625 0 0.5625 0.75 0.4375 0.375 0.1875 1 0.5 0.5 0 0 0 0 0.75 0.4375 0.8125 0 0 0.4375 0.8125 0.75 0 0.3125 1 0.5625 0.1875 0 0 0 1 0 0 0.375 0.25 0.875 0 0.625 0.125 0.3125 0 0.4375 0.5625 0.4375 0.1875 0 0.75 0.1875 0 0.5625 0.125 0.875 0.1875 0.0625 0 0.5 0.75 0.6875 0.1875 0 0 0.5 0.75 0.625 0.5 0.5 0.125 0.25 0 0.625 0 0 0 0.3125 0 0.0625 0.5 0.9375 0.5 0.875 0.5 0.5 0 0.3125 0 0.25 0.5625 0.8125 0.6875 0.3125 0.625 0.1875 0 0 0.625 0.1875 0.3125 0 0.5 0.125 0.1875 0.6875 0.75 0.5 0.75 0 1 0.5625 0.8125 0.5 0.1875 0.375 0.25 0.75 0 0 0.6875 0.3125 0.4375 1
0.4375 0.4375 0.5625 0.3125 0.5625 0.75 0.6875 0 0.5 0.5 0.1875 0 0 0.8125 0.4375 0 0.875 0 0.3125 0 0.125 0.75 0.6875 0.4375 0 0 0.3125 0.6875 0.875 0.625 0.5625 0.75 0.25 0.1875 0.1875 0.25 0.1875 0.375 0.3125 0.875 1 1 0 0 0.5625 0 0 0.125 0 0 0.375 0 1 0.375 0.625 0.875 0.5 0 0.5 0.625 1 0.875 0.8125 0 0.25 0.25 1 0.1875 0.3125 0.75 0 0.8125 0.6875 0 0.4375 0.9375 0.6875 0.5625 0.4375 0.1875 0.5 0.5625 1 0.625 0.3125 0.25 0.375 0.6875 0.1875 0.625 0.6875 0.25 0 0.625 0.375 0.6875 0.5 0 0.4375 0.375 0.875 0.625 0.125 0.25 0.1875 0 0.6875 0.5 0 0 0.125 1 0.75 0.875 0.3125 0.1875 0.4375 0.4375 0.5625 0.8125 0 0 0.0625 0.5625 0.4375 0 0.8125 0.6875 0.8125 0 0.6875 0 0.5 0.25 0.375 0.125 0.5625 0.3125 0.8125 0.4375 0.5625 0.75 0.375 0 0 0.6875 0.3125 0 1 0 0 0 0.4375 0.8125 0.3125 0.8125 0.0625 0.1875 0.25 0 0.125 0.5625 0.5 0.625 0.375 0.125 0.75 0.1875
0.375 0.25 0.8125 0.875 0.25 0.4375 0.25 0 0.4375 0 0.875 0.5 0.3125 0.5625 0.75 0.6875 0.5 0.375 0.75 0.5 0 0.9375 0.6875 0.3125 0.25 0.125 0.3125 0 0.125 0 0.625 0.8125 0.75 0.125 1 0.25 0.25 0.6875 0.5625 0.5625 0.0625 0.1875 0.375 0.9375 0.625 0.4375 0.6875 0.75 0 0.625 0.5625 0.875 0.6875 0 0.625 1 1 0.1875 0.375 0.1875 0.125 0.5625 0 1 1 0 0.625 0.25 0.1875 0.3125 0.3125 0 0.75 0.3125 0.0625 0.5625 0.3125 0.8125 0 0.375 0.8125 0.1875 0.1875 1 0.8125 0.875 0.5625 0.5625 0.5 0.3125 0.75 0.5 0.4375 0.125 0.625 0.5 0 0.0625 0.875 0.0625 0 0 0 0.375 0.125 0.3125 0.75 0.8125 0.8125 0.5 0.5 0 0 0.25 0.8125 0.1875 0.4375 0.5625 0.75 0 0.6875 0.6875 0.6875 0.75 0 0 0.4375 0.1875 0.0625 0.3125 0 0.4375 0.9375 0 0.125 0.4375 0.5625 0.3125 0.5 1 0.3125 0.75 0.9375 0.625 0.5 0.125 0.4375 0.625 0 0.375 1 1 0.75 0.25 0.6875 0 0.6875 0 0.5 0.4375 0 1 0.1875 0.5 0.3125 0.375 0 0
0.4375 0.5625 0 1 0 0 0.3125 0.625 0 0.3125 0.4375 1 0.25 0.5625 0 1 0.125 0.1875 0.75 0.875 0.875 0.875 0.875 0.6875 0.6875 1 0.75 0.5 0.4375 0.125 0.5625 0.125 0 0.3125 0.625 1 0.0625 0.6875 0.9375 0 1 0 0 0.25 0.25 0 0.625 0 0 0.0625 0.75 1 0.0625 0.5625 0.3125 0.625 0.0625 0.6875 0.125 1 0 0.8125 0.875 0.3125 0.625 0 0.4375 0 0.25 0.3125 0.625 0.25 0 0 0.1875 0 1 0.1875 0 0.5625 0.1875 0 0 0.1875 0.8125 0.875 0.6875 0.5625 0.6875 0.3125 0.375 0.4375 0.75 0.0625 0.6875 0 0.5625 0.3125 0.5 0.0625 0 0.3125 0.3125 0 0 0.6875 0 0.75 0.6875 0 0.1875 0 0.375 0 1 0.25 0.4375 0.125 0.0625 0.4375 0.8125 0.6875 0 0.375 0.4375 0.3125 0.6875 0.1875 0.1875 0.375 0.5625 1 0.9375 0.1875 0.3125 0.3125 0.25 0.8125 0 0 0 0.125 0.125 0.125 0.625 0.4375 0.6875 0.125 0 0.3125 0.5625 0.6875 1 0 0.5625 0.1875 0.5 0.5 0.25 1 0.4375 0 0.875 0.875 0 0 0.5 0.4375
0.4375 0.8125 0.5625 0.8125 0.625 0.625 0 0.875 0.875 0.25 0.4375 0.4375 0 0.375 0.1875 0.4375 0.5 0.8125 0.625 0 0.8125 0.3125 0.0625 0.25 0.1875 0 0.5625 0.125 0.625 0.5 0.875 0 0 0.8125 0.125 0.5 0.875 0.375 0.3125 0.1875 0 0 0.3125 0.5 0 0.6875 0 0.1875 0.6875 0 0.6875 0.0625 0.8125 0 0 0 0.5625 0.9375 0.6875 0.4375 0.625 0 0.4375 0 0.0625 0.375 0.5625 0.25 0.9375 0.5 0.5625 0.5625 0.625 1 0.625 0.875 1 0.375 0 0 0.5625 0.4375 0.4375 1 0.375 1 0.875 0.3125 0.3125 0.9375 0.5 0.25 0.375 0.125 0.25 0.6875 0.625 0 0.375 0.9375 0.25 0 0.125 0.125 0 0.1875 0 0 0.25 0.6875 0 0.25 0.75 0.375 0 0.75 0.5 1 0 0.4375 0.8125 0 0.4375 0.3125 0.5 0.25 0.75 1 1 0.875 0.9375 0 0.75 0 0.375 0.625 0 0 0.25 0.1875 0 0 0 0.625 0.6875 0.3125 0 0 0.9375 0.4375 0.5625 0.5 0.4375 0 0.3125 0.0625 0.5 0.375 0.625 0.5625 0.5625 0.5 0 0 0.0625 0.625 0 0
0 0.75 0 0 0.5 0.125 0.875 0.5 1 0.8125 0.4375 0.0625 0 0.375 0.375 0.1875 0.8125 0.5 0.4375 0.125 0.4375 0.375 0.5 0.125 0.3125 0.6875 0 0.125 0.0625 0.375 0 0.9375 0.25 0.9375 0.4375 0.6875 1 0.4375 1 0.625 0 0 0 0.5 0.5 0.875 0.125 0.3125 0.0625 0.9375 0.625 0.625 0.5625 0.75 1 0.375 0 0.8125 0.625 0 0.9375 0.25 0 0 0.5 0.75 0.5625 0.375 0.3125 0 0.3125 0.8125 0.5625 0.6875 0 0.1875 0.375 0.0625 0.1875 0.0625 0.1875 0 0.5 0.5625 0 1 0.75 0.375 0.8125 0.0625 0.375 0 0.8125 0.6875 0.3125 0 0.3125 1 0.5625 1 1 0.5 0.125 0 0.75 0.25 0.3125 0.6875 0.6875 0.625 0.4375 0 1 0.5 0.125 0.625 1 0.25 1 0.375 0.0625 0.25 0.4375 0.875 0.75 0.8125 0.5625 0.5 0 0.375 0 0.1875 0 0 0.1875 0.6875 0.375 0 0.1875 0.6875 0.25 0.25 0.125 0.0625 0.75 0.125 0.8125 0.5625 0.5 0.25 0.375 0 0.5625 0.5 0.8125 0.375 0.6875 0 0.125 0.0625 0.0625 0.125 0.5 0.25 0.625 0.625 0 0.25
0 0.8125 0 0.9375 0.75 0 0.6875 0.125 0 0 0 0.75 0.5625 0 0 0 0 0.3125 0.5625 0.625 0 0.5 0.75 0.375 0 0 0.5 0.8125 0.5 0.125 0.9375 0 0.6875 0 0 0.3125 0.375 0.25 1 0.8125 0.6875 0 0.0625 1 0.625 0.1875 0.375 0.5625 0.875 0.5625 0.5 1 0.125 0.25 0 0.75 0.5 0.4375 0.8125 0.8125 0.25 0.5 0.0625 0 0.25 0.1875 0 0.8125 0.5625 0 0.25 0.0625 0.8125 0 0.625 0.375 0.75 0.1875 0.625 0.4375 0 0.3125 0 0.25 0.0625 0.5 1 0.1875 0.75 0.4375 0.125 0.75 0.25 0.25 0.8125 0.5 0.625 0.25 0.4375 0.5625 0.5 0.5625 1 0.75 0.25 0.625 0.6875 0.0625 0.6875 0.125 0 0 0.125 0.0625 0 0.5 0.75 0.625 0.3125 0 0.875 0.75 0 0 0 0 0.25 0.0625 0 0.125 0 0.9375 0.8125 0.75 0.6875 0.5625 0.4375 0.6875 0.1875 0.5625 0 0.3125 0 0.5 0.1875 0.0625 0.9375 0.5 0.9375 0.875 0.6875 0 0.375 0 0.75 0.625 0.75 0.625 0 0.875 0.875 0.625 0.5 0.3125 0.3125 0.125 0.5625 0.6875
0.625 0.3125 0 0.875 0.3125 0.8125 1 0.75 0.4375 0 0 0.5625 0.5 0.75 0 0 0.8125 0.4375 0.9375 0 0.3125 0.1875 0.125 0.25 0.4375 0.9375 0.125 0 0.125 0.4375 0 0.125 0 0.125 0 0.125 0.5 0 0.4375 0 0.9375 0.1875 0.3125 0 0.625 0.4375 0.375 0.4375 0.75 0 0.3125 0.375 0.3125 0.625 0.3125 0.25 0 0 0 0.9375 0.375 0.75 0 0.5 0.6875 0.375 0.125 0 0.75 1 0 0.75 0.4375 0 0.25 0.0625 0.125 0 0.875 0.5625 1 0.625 0.875 0.4375 0.3125 0.1875 0 0.625 0.1875 0 0.25 0 0.6875 0.8125 0.5 0.25 0.5 0.375 0.3125 1 0.125 0.875 0.3125 1 0.8125 0.1875 0.8125 0.1875 0.5 0.6875 0.875 0 1 0.875 0.375 0.625 0.25 0.5625 0.5625 0.875 0.6875 1 0 0 0 0 0.0625 0.0625 0.625 0.0625 0.1875 0.9375 0.6875 0.6875 0.8125 0 0.25 0.4375 0.875 0.4375 0 1 1 0.5 0.625 0.1875 0.1875 0.25 0.75 0.3125 0.25 0.4375 0.75 0.125 0.1875 0.5 0.0625 0 0.25 0 0.125 0.4375 0.5625 0.125 0.75 0.75 0 0
0.625 0.125 0.5 0.0625 0.75 0.375 0.4375 0.1875 0.875 0.8125 0.9375 0.375 0 0.875 0.125 0.5 0.4375 0 0 0.75 0.6875 0.875 0.5625 0.8125 0.5 0 0.1875 0.4375 0.3125 0.875 1 0.5 0.4375 0.6875 0.6875 1 0 1 0.5625 0 0.3125 0.5625 0.5625 0.125 0.625 0.25 0.3125 0.125 0.0625 0.25 0.0625 0.125 0.9375 0.375 0.6875 0.625 0.9375 0.375 0.75 0.3125 0.5 0.5 0.5 0 0.3125 0 0.875 0.0625 0.8125 0.0625 0.25 0.4375 0 0.0625 0.625 0.6875 0.25 0.1875 0.25 0.75 0.75 0.5 0.4375 0.625 0.6875 0.625 0 0.8125 0.625 0.625 0.5625 0.625 0.8125 0 0.4375 0.125 0.6875 0.75 1 0.3125 0.25 0.9375 1 0.875 0.5 0.625 0.125 0.625 0 0.5625 0.0625 0 0.9375 0.5 0.3125 0.5 0.1875 0 0.6875 0.375 0.625 0.3125 0 0.6875 0.6875 0.1875 0.75 0.375 0.375 1 0.625 0.125 0.9375 0.625 0 0 0.125 0.8125 0 1 0.75 0.4375 0.5625 0.125 0.9375 0.6875 0.125 0.75 0.6875 0.1875 0 0.75 0.625 0.375 0 0 0.6875 0 0.1875 0.0625 0.75 0.75 0.1875 0.1875 0.8125 0.8125 0.5625 0.5
0 0.5625 0 0.25 0 0 0.375 0.25 0.625 0.25 0.5 0.0625 1 0.625 0.625 0.875 0.3125 0.375 0.0625 0.4375 0.5625 0.75 0 0.625 0.6875 0.875 0.375 0 0 0.25 0.5 0 0.8125 0 0.1875 0.625 0.3125 0 0 0 0.8125 0 1 0.5 0 0.5 0.5625 0 0.6875 1 0.6875 0.5625 0 0.375 0 0.0625 0 0.3125 0.375 0.125 0 1 0.875 0.75 0.125 0 0 0.6875 0.1875 0.0625 0.5 0.5 0.0625 0.8125 0.3125 0 0.1875 0.25 0.5625 1 0.875 0.5 0.375 0.625 0.25 0 1 0 0.5625 0.5625 0.25 1 0.625 0.1875 0.625 0.375 0 0.625 0 0.375 0.0625 0.125 0.5625 0.3125 0 0.3125 1 0.5 0.6875 0.75 0.875 0.875 0.0625 0.625 0.625 0.0625 0.6875 0 0.8125 0.5625 0 0.1875 0.75 0.6875 0.4375 0.1875 0.6875 0.4375 0.0625 0.4375 1 0 0 0 0.5 0.625 0 0 0.75 0.9375 0.125 0 0.375 0.75 0.8125 0.9375 0 0.125 0.5625 0.5 0.4375 0.5 0.5625 0 0 0.0625 0.125 0.875 0.4375 0.0625 0 0.8125 0 1 0 0.25 0.9375 0.1875
4
4
3
2
1
3
3
2
4
3
3
3
1
3
1
1
