168
16
50
1 1 1 1 1 3 7 14 23 34 45 53 57 57 52 44 34 25 17 11 7 4 2 1 1 1 1 1 1 1 1 1 1 1 1 1 1 1 1 1 1 1 1 1 1 1 1 1 1 1 1 1 1 1 1 1 1 1 1 1 1 1 1 1 1 1 1 1 1 1 1 1 1 1 1 1 1 1 1 1 1 1 1 1 1 1 1 1 1 1 1 1 1 1 1 1 1 1 1 1 1 1 1 1 1 1 1 1 1 1 1 1 1 1 1 1 1 1 1 1 1 1 1 1 1 1 1 1 1 1 1 1 1 1 1 1 1 1 1 1 1 1 1 1 1 1 1 1 1 1 1 1 1 1 1 1 1 1 1 1 1 1 1 1 1 1 1 1
1 1 1 1 1 1 1 1 1 1 1 1 1 1 1 1 1 1 1 1 1 1 1 1 1 1 1 1 1 1 1 1 1 1 1 1 1 1 1 1 1 1 1 1 1 1 1 1 1 1 1 1 1 1 1 1 1 1 1 1 1 1 1 1 1 1 1 1 1 1 1 1 1 1 1 1 1 2 3 4 6 8 10 12 15 18 21 23 26 28 29 30 30 30 28 26 24 21 18 16 13 10 8 6 4 3 2 1 1 1 1 1 1 1 1 1 1 1 1 1 1 1 1 1 1 1 1 1 1 1 1 1 1 1 1 1 1 1 1 1 1 1 1 1 1 1 1 1 1 1 1 1 1 1 1 1 1 1 1 1 1 1 1 1 1 1 1 1
1 1 1 1 1 1 1 1 1 1 1 1 1 1 1 1 1 1 1 1 1 1 1 1 1 1 1 1 1 1 1 1 1 1 1 1 1 1 1 1 1 1 1 1 1 1 1 1 1 1 1 1 1 1 1 1 1 1 1 1 1 1 1 1 1 1 1 1 1 1 2 3 5 6 8 11 13 16 19 22 24 27 28 30 30 30 29 28 26 23 20 17 15 12 9 7 5 4 3 2 1 1 1 1 1 1 1 1 1 1 1 1 1 1 1 1 1 1 1 1 1 1 1 1 1 1 1 1 1 1 1 1 1 1 1 1 1 1 1 1 1 1 1 1 1 1 1 1 1 1 1 1 1 1 1 1 1 1 1 1 1 1 1 1 1 1 1 1
1 1 1 1 1 1 1 1 1 1 1 1 1 1 1 1 1 1 1 1 1 1 1 1 1 1 1 1 1 1 1 1 1 1 1 1 1 1 1 1 1 1 1 1 1 1 1 1 1 1 1 1 1 1 1 1 1 1 1 1 1 1 1 1 1 1 1 1 1 1 1 1 1 1 2 3 5 6 8 11 13 16 19 22 24 27 28 30 30 30 29 28 26 23 20 18 15 12 10 7 5 4 3 2 1 1 1 1 1 1 1 1 1 1 1 1 1 1 1 1 1 1 1 1 1 1 1 1 1 1 1 1 1 1 1 1 1 1 1 1 1 1 1 1 1 1 1 1 1 1 1 1 1 1 1 1 1 1 1 1 1 1 1 1 1 1 1 1
1 1 1 1 1 1 1 1 1 1 1 1 1 1 1 1 1 1 1 1 1 1 1 1 1 1 1 1 1 1 1 1 1 1 1 1 1 1 1 1 1 1 1 1 1 1 1 1 1 1 1 1 1 1 1 1 1 1 1 1 1 1 1 1 1 1 1 1 1 1 1 1 1 1 1 1 1 1 1 2 3 4 5 7 9 11 14 17 20 23 25 27 29 30 30 30 29 27 25 22 19 16 14 11 9 6 5 3 2 1 1 1 1 1 1 1 1 1 1 1 1 1 1 1 1 1 1 1 1 1 1 1 1 1 1 1 1 1 1 1 1 1 1 1 1 1 1 1 1 1 1 1 1 1 1 1 1 1 1 1 1 1 1 1 1 1 1 1
1 1 1 1 1 1 1 1 1 1 1 1 1 1 1 1 1 1 1 1 1 1 1 1 1 1 1 1 1 1 1 1 1 1 1 1 1 1 1 1 1 1 1 1 1 1 1 1 1 1 1 1 1 1 1 1 1 1 1 1 1 1 1 1 1 1 1 1 1 1 1 1 1 1 1 1 1 1 1 1 1 1 1 1 1 1 1 1 1 1 1 1 1 1 1 1 1 1 1 1 1 1 1 1 1 1 1 1 1 1 1 1 1 1 1 1 1 1 1 1 1 1 1 1 1 1 2 4 6 8 11 15 20 24 29 33 36 39 39 39 36 33 28 23 18 14 10 6 4 2 1 1 1 1 1 1 1 1 1 1 1 1 1 1 1 1 1 1
1 1 1 1 1 1 1 1 1 1 1 1 1 1 1 1 1 1 1 1 1 1 1 1 1 1 1 1 1 2 3 5 8 10 14 18 22 25 29 32 34 35 35 34 32 29 25 21 18 14 11 8 6 4 3 2 1 1 1 1 1 1 1 1 1 1 1 1 1 1 1 1 1 1 1 1 1 1 1 1 1 1 1 1 1 1 1 1 1 1 1 1 1 1 1 1 1 1 1 1 1 1 1 1 1 1 1 1 1 1 1 1 1 1 1 1 1 1 1 1 1 1 1 1 1 1 1 1 1 1 1 1 1 1 1 1 1 1 1 1 1 1 1 1 1 1 1 1 1 1 1 1 1 1 1 1 1 1 1 1 1 1 1 1 1 1 1 1
1 1 1 1 1 1 1 1 1 1 1 1 1 1 1 1 1 1 1 1 1 1 1 1 1 1 1 1 1 1 1 1 1 1 1 1 1 1 1 1 1 1 1 1 1 1 1 1 1 1 1 1 1 1 1 1 1 1 1 1 1 1 1 1 1 1 1 1 1 1 1 2 3 4 5 7 9 11 14 17 20 22 25 27 29 30 30 30 29 27 25 22 19 17 14 11 9 7 5 4 2 2 1 1 1 1 1 1 1 1 1 1 1 1 1 1 1 1 1 1 1 1 1 1 1 1 1 1 1 1 1 1 1 1 1 1 1 1 1 1 1 1 1 1 1 1 1 1 1 1 1 1 1 1 1 1 1 1 1 1 1 1 1 1 1 1 1 1
1 1 1 1 1 1 1 1 1 1 1 1 1 1 1 1 1 1 1 1 1 1 1 1 1 1 1 1 1 1 1 1 1 1 1 1 1 1 1 1 1 1 1 1 1 1 1 1 1 1 1 1 1 1 1 1 1 1 1 1 1 1 1 1 2 3 5 6 9 11 13 16 19 22 25 27 29 30 30 30 29 27 25 23 20 17 14 12 9 7 5 4 3 2 1 1 1 1 1 1 1 1 1 1 1 1 1 1 1 1 1 1 1 1 1 1 1 1 1 1 1 1 1 1 1 1 1 1 1 1 1 1 1 1 1 1 1 1 1 1 1 1 1 1 1 1 1 1 1 1 1 1 1 1 1 1 1 1 1 1 1 1 1 1 1 1 1 1
1 1 1 1 1 1 1 1 1 1 1 1 1 1 1 1 1 1 1 1 1 1 1 1 1 1 1 1 1 1 1 1 1 1 1 1 1 1 1 1 1 1 1 1 1 1 1 1 1 1 1 1 1 1 1 1 1 1 1 1 1 1 1 1 1 1 1 1 1 1 1 1 1 1 1 1 1 2 3 4 5 7 9 12 15 17 20 23 26 28 29 30 30 30 29 27 24 22 19 16 13 11 8 6 5 3 2 1 1 1 1 1 1 1 1 1 1 1 1 1 1 1 1 1 1 1 1 1 1 1 1 1 1 1 1 1 1 1 1 1 1 1 1 1 1 1 1 1 1 1 1 1 1 1 1 1 1 1 1 1 1 1 1 1 1 1 1 1
1 1 1 1 1 1 1 1 1 1 1 1 1 1 1 1 1 1 1 1 1 1 1 1 1 1 1 1 1 1 1 1 1 1 1 1 1 1 1 1 1 1 1 1 1 1 1 1 1 1 1 1 1 1 1 1 1 1 1 1 1 1 1 1 1 1 1 1 1 1 1 1 1 1 1 1 1 1 1 1 1 1 1 1 1 1 1 1 1 1 1 1 1 1 1 1 1 1 1 1 1 1 1 1 1 1 1 1 1 1 1 1 1 1 1 1 1 1 1 1 1 1 1 2 3 4 6 9 12 16 20 25 29 33 36 38 38 37 35 32 27 22 18 13 10 6 4 2 1 1 1 1 1 1 1 1 1 1 1 1 1 1 1 1 1 1 1 1
1 1 1 1 1 1 1 1 1 1 1 1 1 1 1 1 1 1 1 1 1 1 1 1 1 1 1 1 1 1 1 1 1 1 1 1 1 1 1 1 1 1 1 1 1 1 1 1 1 1 1 1 1 1 1 1 1 1 1 1 1 1 1 1 1 1 1 1 1 1 1 1 1 1 1 1 1 1 1 1 1 1 1 1 1 1 1 1 1 1 1 1 1 1 1 1 1 1 1 1 1 1 1 1 1 1 2 4 5 7 9 12 15 19 22 25 28 31 32 33 33 32 30 28 24 21 17 14 11 8 6 4 3 2 1 1 1 1 1 1 1 1 1 1 1 1 1 1 1 1 1 1 1 1 1 1 1 1 1 1 1 1 1 1 1 1 1 1
1 1 1 1 1 1 1 1 1 1 1 1 1 1 1 1 1 1 1 1 1 1 2 4 7 10 13 18 22 27 31 35 37 38 38 36 33 29 25 21 16 13 9 7 5 3 2 1 1 1 1 1 1 1 1 1 1 1 1 1 1 1 1 1 1 1 1 1 1 1 1 1 1 1 1 1 1 1 1 1 1 1 1 1 1 1 1 1 1 1 1 1 1 1 1 1 1 1 1 1 1 1 1 1 1 1 1 1 1 1 1 1 1 1 1 1 1 1 1 1 1 1 1 1 1 1 1 1 1 1 1 1 1 1 1 1 1 1 1 1 1 1 1 1 1 1 1 1 1 1 1 1 1 1 1 1 1 1 1 1 1 1 1 1 1 1 1 1
1 1 1 1 1 1 1 1 1 1 1 1 1 1 1 1 1 1 1 1 1 1 1 1 1 1 1 1 1 1 1 1 1 1 1 1 1 1 1 1 1 1 1 1 1 1 1 1 1 1 1 1 1 1 1 1 1 1 1 1 1 1 1 1 1 1 1 1 1 1 1 1 1 1 1 1 1 2 3 4 5 7 9 12 15 17 20 23 26 28 29 30 30 30 29 27 24 22 19 16 13 11 8 6 5 3 2 1 1 1 1 1 1 1 1 1 1 1 1 1 1 1 1 1 1 1 1 1 1 1 1 1 1 1 1 1 1 1 1 1 1 1 1 1 1 1 1 1 1 1 1 1 1 1 1 1 1 1 1 1 1 1 1 1 1 1 1 1
1 1 1 1 1 1 1 1 1 1 1 1 1 1 1 1 1 1 1 1 1 1 1 1 1 1 1 1 1 1 1 1 1 1 1 1 1 1 1 1 1 1 1 1 1 1 1 1 1 1 1 1 1 1 1 1 1 1 1 1 1 1 1 1 1 1 1 1 1 1 1 1 1 1 2 3 4 5 7 9 12 14 17 20 23 25 27 29 30 30 30 29 27 25 22 19 16 14 11 9 7 5 3 2 1 1 1 1 1 1 1 1 1 1 1 1 1 1 1 1 1 1 1 1 1 1 1 1 1 1 1 1 1 1 1 1 1 1 1 1 1 1 1 1 1 1 1 1 1 1 1 1 1 1 1 1 1 1 1 1 1 1 1 1 1 1 1 1
1 1 1 1 1 1 1 1 1 1 1 1 1 1 1 1 1 1 1 1 1 1 1 1 1 1 1 1 1 1 1 1 1 1 1 1 1 1 1 1 1 1 1 1 1 1 1 1 1 1 1 1 1 1 1 1 1 2 3 4 5 7 9 12 14 17 20 23 26 28 29 30 31 30 29 27 24 22 19 16 13 11 8 6 5 3 2 1 1 1 1 1 1 1 1 1 1 1 1 1 1 1 1 1 1 1 1 1 1 1 1 1 1 1 1 1 1 1 1 1 1 1 1 1 1 1 1 1 1 1 1 1 1 1 1 1 1 1 1 1 1 1 1 1 1 1 1 1 1 1 1 1 1 1 1 1 1 1 1 1 1 1 1 1 1 1 1 1
1 1 1 1 1 1 1 1 1 1 1 1 1 1 1 1 1 1 1 1 1 1 1 1 1 1 1 1 1 1 1 1 1 1 1 1 1 1 1 1 1 1 1 1 1 1 1 1 1 1 1 1 1 1 1 1 1 1 1 1 1 1 1 1 1 1 1 1 1 1 1 1 1 1 1 1 1 1 1 1 1 1 1 1 1 1 1 1 1 1 1 1 1 1 1 1 1 1 1 1 1 1 1 1 1 1 1 1 1 1 1 1 1 1 1 1 1 1 1 1 1 1 1 1 1 2 4 6 8 11 15 19 23 28 32 36 38 39 39 37 33 29 24 19 14 10 7 4 3 1 1 1 1 1 1 1 1 1 1 1 1 1 1 1 1 1 1 1
1 1 1 1 1 1 1 1 1 1 1 1 1 1 1 1 1 1 1 1 1 1 1 1 1 1 1 1 1 1 1 1 1 1 1 1 1 1 2 3 5 7 9 12 15 18 22 25 28 30 32 33 33 32 30 27 24 21 18 14 11 9 7 5 3 2 1 1 1 1 1 1 1 1 1 1 1 1 1 1 1 1 1 1 1 1 1 1 1 1 1 1 1 1 1 1 1 1 1 1 1 1 1 1 1 1 1 1 1 1 1 1 1 1 1 1 1 1 1 1 1 1 1 1 1 1 1 1 1 1 1 1 1 1 1 1 1 1 1 1 1 1 1 1 1 1 1 1 1 1 1 1 1 1 1 1 1 1 1 1 1 1 1 1 1 1 1 1
1 1 1 1 1 1 1 1 1 1 1 1 1 1 1 1 1 1 1 1 1 1 1 1 1 1 1 1 1 1 1 1 1 1 1 1 1 1 1 1 1 1 1 1 1 1 1 1 1 1 1 1 1 1 1 1 1 1 1 1 1 1 1 2 3 4 6 8 10 13 15 18 21 24 26 28 30 30 30 29 28 26 24 21 18 15 12 10 8 6 4 3 2 1 1 1 1 1 1 1 1 1 1 1 1 1 1 1 1 1 1 1 1 1 1 1 1 1 1 1 1 1 1 1 1 1 1 1 1 1 1 1 1 1 1 1 1 1 1 1 1 1 1 1 1 1 1 1 1 1 1 1 1 1 1 1 1 1 1 1 1 1 1 1 1 1 1 1
1 1 1 1 1 1 1 1 1 1 1 1 1 1 1 1 1 1 1 1 1 1 1 1 1 1 1 1 1 1 1 1 1 1 1 1 1 1 1 1 1 1 1 1 1 1 1 1 1 1 1 1 1 1 1 1 1 1 1 1 1 1 1 1 1 1 1 1 1 1 1 1 1 1 1 1 1 1 1 1 1 1 1 1 1 1 1 1 1 1 1 1 1 1 1 1 1 1 1 1 1 1 1 1 1 1 1 1 1 1 1 1 1 1 1 1 1 1 1 1 1 1 1 1 1 1 1 1 1 1 1 1 2 3 5 7 11 15 20 25 30 35 40 42 43 42 39 34 28 22 16 11 7 4 2 1 1 1 1 1 1 1 1 1 1 1 1 1
1 1 1 1 1 1 1 1 1 1 1 1 1 1 1 1 1 1 1 1 1 1 1 1 1 1 1 1 1 1 1 1 1 1 1 1 1 1 1 1 1 1 1 1 1 1 1 1 1 1 1 1 1 1 1 1 1 1 1 1 1 1 1 1 1 1 1 1 1 1 1 1 1 1 1 1 1 1 1 1 1 1 1 1 1 1 1 1 1 1 1 1 1 1 1 1 2 3 5 6 8 11 13 16 20 23 26 28 30 31 32 31 30 28 26 23 20 17 13 11 8 6 4 3 2 1 1 1 1 1 1 1 1 1 1 1 1 1 1 1 1 1 1 1 1 1 1 1 1 1 1 1 1 1 1 1 1 1 1 1 1 1 1 1 1 1 1 1
1 1 1 1 1 1 1 1 1 1 1 1 1 1 1 1 1 1 1 1 1 1 1 1 1 1 1 1 1 1 1 1 1 1 1 1 1 1 1 1 1 1 1 1 1 1 1 1 1 1 1 1 1 1 1 1 1 1 1 1 1 1 1 1 1 1 1 1 1 1 1 1 1 1 1 1 1 1 1 1 1 1 1 1 1 1 1 1 1 1 1 1 1 1 1 1 1 1 1 1 1 2 3 4 6 8 10 13 16 20 23 26 28 31 32 33 32 31 29 26 23 20 16 13 10 8 6 4 3 2 1 1 1 1 1 1 1 1 1 1 1 1 1 1 1 1 1 1 1 1 1 1 1 1 1 1 1 1 1 1 1 1 1 1 1 1 1 1
1 1 1 1 1 1 1 1 1 1 1 1 1 1 1 1 1 1 1 1 1 1 1 1 1 1 1 1 1 1 1 1 1 1 1 1 1 1 1 1 1 1 1 1 1 1 1 1 1 1 1 1 1 1 1 1 1 1 1 1 1 1 1 1 1 1 1 1 1 1 1 1 1 1 1 1 1 1 1 1 1 1 1 1 1 1 1 1 1 1 1 1 1 1 1 1 1 1 1 1 1 1 1 1 1 1 1 1 1 1 1 1 1 1 1 1 1 1 1 1 1 1 1 1 1 1 1 1 1 1 1 1 1 1 1 1 1 1 1 1 1 1 1 1 2 4 7 11 17 24 32 41 48 53 54 51 45 36 26 17 10 5 2 1 1 1 1 1
1 1 1 1 1 1 1 1 1 1 1 1 1 1 1 1 1 1 1 1 1 1 1 1 1 1 1 1 1 1 1 1 1 1 1 1 1 1 1 1 1 1 1 1 1 1 1 1 1 1 1 1 1 1 1 1 1 1 1 1 1 1 1 1 1 1 1 1 1 1 1 1 1 1 1 1 1 1 1 1 1 1 1 1 1 1 1 1 1 1 1 1 1 1 1 1 1 2 3 5 7 9 11 14 17 20 23 26 29 30 32 32 31 30 28 25 22 19 16 13 10 8 6 4 3 2 1 1 1 1 1 1 1 1 1 1 1 1 1 1 1 1 1 1 1 1 1 1 1 1 1 1 1 1 1 1 1 1 1 1 1 1 1 1 1 1 1 1
1 1 1 1 1 1 1 1 1 1 1 1 1 1 1 1 1 1 1 1 1 1 1 1 1 1 1 1 1 1 1 1 1 1 1 1 1 1 1 1 1 1 1 1 1 1 1 1 1 1 1 1 1 1 1 1 1 1 1 1 1 1 1 1 1 1 1 1 1 1 1 1 1 1 1 1 2 3 4 5 7 9 12 14 17 20 23 25 28 29 30 30 30 29 27 24 22 19 16 13 11 8 6 5 3 2 1 1 1 1 1 1 1 1 1 1 1 1 1 1 1 1 1 1 1 1 1 1 1 1 1 1 1 1 1 1 1 1 1 1 1 1 1 1 1 1 1 1 1 1 1 1 1 1 1 1 1 1 1 1 1 1 1 1 1 1 1 1
1 1 1 1 1 1 1 1 1 1 1 1 1 1 1 1 1 1 1 1 1 1 1 1 1 1 1 1 1 1 1 1 1 1 1 1 1 1 1 1 1 1 1 1 1 1 1 1 2 3 4 6 8 10 13 16 19 22 25 27 29 31 31 31 30 28 26 23 20 17 15 12 9 7 5 4 3 2 1 1 1 1 1 1 1 1 1 1 1 1 1 1 1 1 1 1 1 1 1 1 1 1 1 1 1 1 1 1 1 1 1 1 1 1 1 1 1 1 1 1 1 1 1 1 1 1 1 1 1 1 1 1 1 1 1 1 1 1 1 1 1 1 1 1 1 1 1 1 1 1 1 1 1 1 1 1 1 1 1 1 1 1 1 1 1 1 1 1
1 1 1 1 1 1 1 1 1 1 1 1 1 1 1 1 1 2 4 6 10 14 19 25 30 35 38 40 41 39 37 33 28 23 18 14 10 7 5 3 2 1 1 1 1 1 1 1 1 1 1 1 1 1 1 1 1 1 1 1 1 1 1 1 1 1 1 1 1 1 1 1 1 1 1 1 1 1 1 1 1 1 1 1 1 1 1 1 1 1 1 1 1 1 1 1 1 1 1 1 1 1 1 1 1 1 1 1 1 1 1 1 1 1 1 1 1 1 1 1 1 1 1 1 1 1 1 1 1 1 1 1 1 1 1 1 1 1 1 1 1 1 1 1 1 1 1 1 1 1 1 1 1 1 1 1 1 1 1 1 1 1 1 1 1 1 1 1
1 1 1 1 1 1 1 1 1 1 1 1 1 1 1 1 1 1 1 1 1 1 1 1 1 1 1 1 1 1 1 1 1 1 1 1 1 1 1 1 1 1 1 1 1 1 1 1 1 1 1 1 1 1 1 1 1 1 1 1 1 1 1 1 1 1 1 1 1 1 1 1 1 1 1 1 1 1 1 1 1 1 1 1 1 1 1 1 1 1 1 2 3 5 6 8 11 13 16 19 22 25 28 29 31 31 31 30 28 26 23 20 17 14 11 9 6 5 3 2 1 1 1 1 1 1 1 1 1 1 1 1 1 1 1 1 1 1 1 1 1 1 1 1 1 1 1 1 1 1 1 1 1 1 1 1 1 1 1 1 1 1 1 1 1 1 1 1
1 1 1 1 1 1 1 1 1 1 1 1 1 1 1 1 1 1 1 1 1 1 1 1 1 1 1 1 1 1 1 1 1 1 1 1 1 1 1 1 1 1 1 1 1 1 1 1 1 1 1 1 1 1 1 1 1 1 1 1 1 1 1 1 1 1 1 1 1 1 1 1 1 1 1 1 1 1 1 1 1 1 1 1 1 1 1 1 1 1 1 1 1 1 1 1 1 1 1 1 1 1 1 1 1 1 1 1 1 1 1 1 1 1 1 1 1 1 2 4 6 8 11 14 17 21 25 29 32 35 36 36 35 33 30 26 22 17 13 10 7 5 3 2 1 1 1 1 1 1 1 1 1 1 1 1 1 1 1 1 1 1 1 1 1 1 1 1
1 1 1 1 1 1 1 1 1 1 1 1 1 1 1 1 1 1 1 1 1 1 1 1 1 1 1 1 1 1 2 3 5 7 10 13 17 21 25 28 31 33 35 35 34 32 29 26 22 19 15 12 9 7 5 3 2 1 1 1 1 1 1 1 1 1 1 1 1 1 1 1 1 1 1 1 1 1 1 1 1 1 1 1 1 1 1 1 1 1 1 1 1 1 1 1 1 1 1 1 1 1 1 1 1 1 1 1 1 1 1 1 1 1 1 1 1 1 1 1 1 1 1 1 1 1 1 1 1 1 1 1 1 1 1 1 1 1 1 1 1 1 1 1 1 1 1 1 1 1 1 1 1 1 1 1 1 1 1 1 1 1 1 1 1 1 1 1
1 1 1 1 1 1 1 1 1 1 1 1 1 1 1 1 1 1 1 1 1 1 1 1 1 1 1 1 1 1 1 1 1 1 1 1 1 1 1 1 1 1 1 1 1 1 1 1 1 1 1 1 1 1 1 1 1 1 1 1 1 1 1 1 1 1 1 1 1 1 1 1 1 1 1 1 1 1 1 2 3 4 6 8 10 13 16 18 21 24 26 28 30 30 30 29 28 26 23 21 18 15 12 10 7 6 4 3 2 1 1 1 1 1 1 1 1 1 1 1 1 1 1 1 1 1 1 1 1 1 1 1 1 1 1 1 1 1 1 1 1 1 1 1 1 1 1 1 1 1 1 1 1 1 1 1 1 1 1 1 1 1 1 1 1 1 1 1
1 1 1 1 1 1 1 1 1 1 1 1 1 1 1 1 1 1 1 1 1 1 1 1 1 1 1 1 1 1 1 1 1 1 1 1 1 1 1 1 1 1 1 1 1 1 1 1 1 1 1 1 1 1 1 1 2 3 5 6 8 11 13 16 19 22 25 27 29 30 31 30 29 28 25 23 20 17 14 11 9 7 5 4 3 2 1 1 1 1 1 1 1 1 1 1 1 1 1 1 1 1 1 1 1 1 1 1 1 1 1 1 1 1 1 1 1 1 1 1 1 1 1 1 1 1 1 1 1 1 1 1 1 1 1 1 1 1 1 1 1 1 1 1 1 1 1 1 1 1 1 1 1 1 1 1 1 1 1 1 1 1 1 1 1 1 1 1
1 1 1 1 1 1 1 1 1 1 1 1 1 1 1 1 1 1 1 1 1 1 1 1 1 1 1 1 1 1 1 1 1 1 1 1 1 1 1 1 1 1 1 1 1 1 1 1 1 1 1 2 3 4 5 7 10 12 15 18 21 24 27 29 30 31 31 30 29 27 24 21 18 15 13 10 8 6 4 3 2 1 1 1 1 1 1 1 1 1 1 1 1 1 1 1 1 1 1 1 1 1 1 1 1 1 1 1 1 1 1 1 1 1 1 1 1 1 1 1 1 1 1 1 1 1 1 1 1 1 1 1 1 1 1 1 1 1 1 1 1 1 1 1 1 1 1 1 1 1 1 1 1 1 1 1 1 1 1 1 1 1 1 1 1 1 1 1
1 1 1 1 1 1 1 1 1 1 1 1 1 1 1 1 1 1 1 1 1 1 1 1 1 1 1 1 1 1 1 1 1 2 3 5 7 10 13 17 20 24 27 30 32 34 34 33 31 29 26 23 19 16 12 10 7 5 4 2 1 1 1 1 1 1 1 1 1 1 1 1 1 1 1 1 1 1 1 1 1 1 1 1 1 1 1 1 1 1 1 1 1 1 1 1 1 1 1 1 1 1 1 1 1 1 1 1 1 1 1 1 1 1 1 1 1 1 1 1 1 1 1 1 1 1 1 1 1 1 1 1 1 1 1 1 1 1 1 1 1 1 1 1 1 1 1 1 1 1 1 1 1 1 1 1 1 1 1 1 1 1 1 1 1 1 1 1
1 1 1 1 1 1 1 1 1 1 1 1 1 1 1 1 1 1 1 1 1 1 1 1 1 1 1 1 1 1 1 1 1 1 1 1 1 1 1 1 1 1 1 1 1 1 1 1 1 1 1 1 1 1 1 1 2 2 4 5 7 9 12 14 17 20 23 26 28 29 30 31 30 29 27 25 22 19 16 13 11 8 6 5 3 2 1 1 1 1 1 1 1 1 1 1 1 1 1 1 1 1 1 1 1 1 1 1 1 1 1 1 1 1 1 1 1 1 1 1 1 1 1 1 1 1 1 1 1 1 1 1 1 1 1 1 1 1 1 1 1 1 1 1 1 1 1 1 1 1 1 1 1 1 1 1 1 1 1 1 1 1 1 1 1 1 1 1
1 1 1 1 1 1 1 1 1 1 1 2 4 7 11 16 23 30 36 42 45 46 44 41 35 29 23 18 13 9 6 3 2 1 1 1 1 1 1 1 1 1 1 1 1 1 1 1 1 1 1 1 1 1 1 1 1 1 1 1 1 1 1 1 1 1 1 1 1 1 1 1 1 1 1 1 1 1 1 1 1 1 1 1 1 1 1 1 1 1 1 1 1 1 1 1 1 1 1 1 1 1 1 1 1 1 1 1 1 1 1 1 1 1 1 1 1 1 1 1 1 1 1 1 1 1 1 1 1 1 1 1 1 1 1 1 1 1 1 1 1 1 1 1 1 1 1 1 1 1 1 1 1 1 1 1 1 1 1 1 1 1 1 1 1 1 1 1
1 1 1 1 1 1 1 1 1 1 1 1 1 1 1 1 1 1 2 4 6 10 14 19 24 29 34 37 40 40 39 36 33 28 24 19 14 11 8 5 3 2 1 1 1 1 1 1 1 1 1 1 1 1 1 1 1 1 1 1 1 1 1 1 1 1 1 1 1 1 1 1 1 1 1 1 1 1 1 1 1 1 1 1 1 1 1 1 1 1 1 1 1 1 1 1 1 1 1 1 1 1 1 1 1 1 1 1 1 1 1 1 1 1 1 1 1 1 1 1 1 1 1 1 1 1 1 1 1 1 1 1 1 1 1 1 1 1 1 1 1 1 1 1 1 1 1 1 1 1 1 1 1 1 1 1 1 1 1 1 1 1 1 1 1 1 1 1
1 1 1 1 1 1 1 1 1 1 1 1 1 1 1 1 1 1 1 1 1 1 1 1 1 1 1 1 1 1 1 1 1 1 1 1 1 1 1 1 1 1 1 1 1 1 1 1 1 1 1 1 1 1 1 1 1 1 1 1 1 1 1 1 1 1 1 1 1 1 1 1 1 1 1 1 1 1 1 1 1 1 1 2 3 4 6 7 10 12 15 18 21 23 26 28 30 30 31 30 29 27 24 22 19 16 13 10 8 6 4 3 2 1 1 1 1 1 1 1 1 1 1 1 1 1 1 1 1 1 1 1 1 1 1 1 1 1 1 1 1 1 1 1 1 1 1 1 1 1 1 1 1 1 1 1 1 1 1 1 1 1 1 1 1 1 1 1
1 1 1 1 1 1 1 1 1 1 1 1 1 1 1 1 1 1 1 1 1 1 1 1 1 1 1 1 1 1 1 1 1 1 1 1 1 1 1 1 1 1 1 1 1 1 1 1 1 1 1 1 1 1 1 1 1 1 1 1 1 1 1 1 1 1 1 1 1 1 1 1 1 1 1 1 1 1 1 1 1 2 2 4 5 7 9 11 14 17 20 22 25 27 29 30 31 30 29 27 25 22 20 17 14 11 9 7 5 3 2 1 1 1 1 1 1 1 1 1 1 1 1 1 1 1 1 1 1 1 1 1 1 1 1 1 1 1 1 1 1 1 1 1 1 1 1 1 1 1 1 1 1 1 1 1 1 1 1 1 1 1 1 1 1 1 1 1
1 1 1 1 1 1 1 1 1 1 1 1 1 1 1 1 1 1 1 1 1 1 1 1 1 1 1 1 1 1 1 1 1 1 1 1 2 3 4 6 9 11 15 18 22 25 28 31 32 33 33 32 30 28 25 21 18 15 12 9 7 5 3 2 1 1 1 1 1 1 1 1 1 1 1 1 1 1 1 1 1 1 1 1 1 1 1 1 1 1 1 1 1 1 1 1 1 1 1 1 1 1 1 1 1 1 1 1 1 1 1 1 1 1 1 1 1 1 1 1 1 1 1 1 1 1 1 1 1 1 1 1 1 1 1 1 1 1 1 1 1 1 1 1 1 1 1 1 1 1 1 1 1 1 1 1 1 1 1 1 1 1 1 1 1 1 1 1
1 1 1 1 1 1 1 1 1 1 1 1 1 1 1 1 1 1 1 1 1 1 1 1 1 1 1 1 1 1 1 1 1 1 1 1 1 1 1 1 1 1 1 1 1 1 1 1 1 1 1 1 1 1 1 1 1 1 1 1 1 1 1 1 1 1 1 1 1 1 1 1 1 1 1 1 1 1 1 1 1 1 1 1 1 1 1 1 1 1 2 3 4 5 7 10 12 15 18 21 24 26 29 30 31 31 30 29 27 24 22 18 15 12 10 7 5 4 3 2 1 1 1 1 1 1 1 1 1 1 1 1 1 1 1 1 1 1 1 1 1 1 1 1 1 1 1 1 1 1 1 1 1 1 1 1 1 1 1 1 1 1 1 1 1 1 1 1
1 1 1 1 1 1 1 1 1 1 1 1 1 2 4 7 12 17 23 29 35 40 43 44 43 40 35 30 24 18 14 10 6 4 2 1 1 1 1 1 1 1 1 1 1 1 1 1 1 1 1 1 1 1 1 1 1 1 1 1 1 1 1 1 1 1 1 1 1 1 1 1 1 1 1 1 1 1 1 1 1 1 1 1 1 1 1 1 1 1 1 1 1 1 1 1 1 1 1 1 1 1 1 1 1 1 1 1 1 1 1 1 1 1 1 1 1 1 1 1 1 1 1 1 1 1 1 1 1 1 1 1 1 1 1 1 1 1 1 1 1 1 1 1 1 1 1 1 1 1 1 1 1 1 1 1 1 1 1 1 1 1 1 1 1 1 1 1
1 1 1 1 1 1 1 1 1 1 1 1 1 1 1 1 1 1 1 1 1 1 1 1 1 1 1 1 2 3 5 8 11 14 18 22 26 30 33 35 35 35 34 31 28 25 21 17 14 10 8 6 4 3 2 1 1 1 1 1 1 1 1 1 1 1 1 1 1 1 1 1 1 1 1 1 1 1 1 1 1 1 1 1 1 1 1 1 1 1 1 1 1 1 1 1 1 1 1 1 1 1 1 1 1 1 1 1 1 1 1 1 1 1 1 1 1 1 1 1 1 1 1 1 1 1 1 1 1 1 1 1 1 1 1 1 1 1 1 1 1 1 1 1 1 1 1 1 1 1 1 1 1 1 1 1 1 1 1 1 1 1 1 1 1 1 1 1
1 1 1 1 1 1 1 1 1 1 1 1 1 1 1 1 1 1 1 1 1 1 1 1 1 1 1 1 1 1 1 1 1 1 1 1 1 1 1 1 1 1 1 1 1 1 2 3 5 7 9 12 14 18 21 24 27 29 31 31 32 31 29 27 25 22 19 16 13 10 8 6 4 3 2 1 1 1 1 1 1 1 1 1 1 1 1 1 1 1 1 1 1 1 1 1 1 1 1 1 1 1 1 1 1 1 1 1 1 1 1 1 1 1 1 1 1 1 1 1 1 1 1 1 1 1 1 1 1 1 1 1 1 1 1 1 1 1 1 1 1 1 1 1 1 1 1 1 1 1 1 1 1 1 1 1 1 1 1 1 1 1 1 1 1 1 1 1
1 1 1 1 1 1 1 1 1 1 1 1 1 1 1 1 1 1 1 1 1 1 1 1 1 1 1 1 1 1 1 1 1 1 1 1 1 1 1 1 1 1 1 1 1 1 1 1 1 1 1 1 2 3 4 5 7 10 12 15 18 21 24 27 29 30 31 31 30 28 26 24 21 18 15 12 10 8 6 4 3 2 1 1 1 1 1 1 1 1 1 1 1 1 1 1 1 1 1 1 1 1 1 1 1 1 1 1 1 1 1 1 1 1 1 1 1 1 1 1 1 1 1 1 1 1 1 1 1 1 1 1 1 1 1 1 1 1 1 1 1 1 1 1 1 1 1 1 1 1 1 1 1 1 1 1 1 1 1 1 1 1 1 1 1 1 1 1
1 1 1 1 1 1 1 1 1 1 1 1 1 1 1 1 1 1 1 1 1 1 1 1 1 1 1 1 1 1 1 1 1 1 1 1 1 1 1 1 1 1 1 1 1 1 1 1 1 1 1 1 1 1 1 1 1 1 1 1 1 1 1 1 1 1 1 1 1 1 1 1 1 1 1 1 1 1 1 1 1 1 1 1 1 1 1 1 1 1 1 1 1 1 1 1 1 1 1 1 1 1 1 1 1 1 1 1 1 1 1 1 1 1 1 1 1 1 1 1 1 1 1 1 1 1 1 1 1 1 1 1 1 1 1 1 1 1 1 1 1 1 1 1 1 1 1 1 1 1 1 1 1 1 1 1 1 1 1 1 1 1 1 1 1 1 1 1
1 1 1 1 1 1 1 1 1 1 1 1 1 1 1 1 1 1 1 1 1 1 1 1 1 1 1 1 1 1 1 1 1 1 1 1 1 1 1 1 1 1 1 1 1 1 1 1 1 1 1 1 1 1 1 1 2 3 4 5 7 10 12 15 18 21 24 26 28 30 31 31 30 28 26 24 21 18 15 13 10 8 6 4 3 2 1 1 1 1 1 1 1 1 1 1 1 1 1 1 1 1 1 1 1 1 1 1 1 1 1 1 1 1 1 1 1 1 1 1 1 1 1 1 1 1 1 1 1 1 1 1 1 1 1 1 1 1 1 1 1 1 1 1 1 1 1 1 1 1 1 1 1 1 1 1 1 1 1 1 1 1 1 1 1 1 1 1
1 1 1 1 1 1 1 1 1 1 1 1 1 1 1 1 1 1 1 1 1 1 1 1 1 1 1 1 1 1 1 1 1 1 1 1 1 1 1 2 4 5 7 10 13 16 20 23 26 29 31 32 33 32 31 29 26 23 20 17 13 11 8 6 4 3 2 1 1 1 1 1 1 1 1 1 1 1 1 1 1 1 1 1 1 1 1 1 1 1 1 1 1 1 1 1 1 1 1 1 1 1 1 1 1 1 1 1 1 1 1 1 1 1 1 1 1 1 1 1 1 1 1 1 1 1 1 1 1 1 1 1 1 1 1 1 1 1 1 1 1 1 1 1 1 1 1 1 1 1 1 1 1 1 1 1 1 1 1 1 1 1 1 1 1 1 1 1
1 1 1 1 1 1 1 1 1 1 1 1 1 1 1 1 1 1 1 2 3 5 8 12 17 21 26 31 35 38 39 39 37 34 30 26 21 17 13 9 7 4 3 2 1 1 1 1 1 1 1 1 1 1 1 1 1 1 1 1 1 1 1 1 1 1 1 1 1 1 1 1 1 1 1 1 1 1 1 1 1 1 1 1 1 1 1 1 1 1 1 1 1 1 1 1 1 1 1 1 1 1 1 1 1 1 1 1 1 1 1 1 1 1 1 1 1 1 1 1 1 1 1 1 1 1 1 1 1 1 1 1 1 1 1 1 1 1 1 1 1 1 1 1 1 1 1 1 1 1 1 1 1 1 1 1 1 1 1 1 1 1 1 1 1 1 1 1
1 1 1 1 1 1 1 1 1 1 1 1 1 1 1 1 1 1 1 1 1 1 1 1 1 1 1 1 1 1 1 1 1 1 1 1 1 1 1 1 1 1 1 1 1 1 1 1 1 1 1 1 1 1 1 1 1 1 1 1 1 1 1 1 1 2 3 4 5 7 9 12 15 17 20 23 26 28 29 30 30 30 28 27 24 22 19 16 13 11 8 6 5 3 2 1 1 1 1 1 1 1 1 1 1 1 1 1 1 1 1 1 1 1 1 1 1 1 1 1 1 1 1 1 1 1 1 1 1 1 1 1 1 1 1 1 1 1 1 1 1 1 1 1 1 1 1 1 1 1 1 1 1 1 1 1 1 1 1 1 1 1 1 1 1 1 1 1
0 0 0 0 0 0 0 0 0 0 0 0 0 0 0 0 0 0 0 0 0 0 0 0 0 0 18 9 0 0 0 0 0 0 0 0 0 0 0 0 3 1 0 0 0 0 0 0 8 4 6 3 0 0 0 0 0 0 0 0 0 0 0 0 0 0 0 0 0 0 0 0 0 0 0 0 8 4 0 0 0 0 0 0 0 0 0 0 0 0 0 0 0 0 0 0 0 0 0 0 4 2 0 0 0 0 0 0 0 0 0 0 6 3 0 0 2 1 7 3 0 0 0 0 0 0 0 0 0 0 8 4 0 0 0 0 0 0 2 1 0 0 0 0 0 0 4 2 0 0 0 0 5 2 0 0 16 8 1 0 2 1 0 0 10 5 2 1 0 0 10 5 0 0 8 4 0 0 0 0 0 0 0 0 5 2 0 0 0 0 0 0 0 0 0 0 0 0 0 0 4 2 0 0 2 1 0 0 3 1 0 0 0 0 0 0 0 0 0 0 0 0 0 0 0 0 0 0 0 0 0 0 0 0 0 0 0 0 0 0 0 0 0 0 0 0 0 0 0 0 0 0 0 0 0 0 0 0 0 0 0 0 9 4 0 0 0 0 0 0 0 0 0 0 0 0 0 0 0 0 0 0 0 0 0 0 0 0 6 3 0 0 0 0 0 0 0 0 0 0 0 0 0 0 0 0 0 0 0 0 14 7 0 0 0 0 0 0 0 0 0 0 0 0 0 0 0 0 0 0 0 0 0 0 0 0
0 0 0 0 0 0 0 0 0 0 0 0 0 0 0 0 0 0 0 0 0 0 0 0 0 0 0 0 2 1 0 0 0 0 0 0 0 0 0 0 0 0 0 0 17 8 2 1 0 0 0 0 0 0 0 0 0 0 0 0 0 0 0 0 0 0 6 3 2 1 0 0 0 0 0 0 0 0 0 0 0 0 7 3 9 4 0 0 0 0 1 0 13 6 0 0 0 0 2 1 0 0 0 0 0 0 0 0 0 0 0 0 0 0 0 0 0 0 4 2 0 0 0 0 0 0 0 0 0 0 0 0 0 0 0 0 0 0 0 0 0 0 0 0 0 0 0 0 2 1 16 8 0 0 0 0 0 0 0 0 0 0 8 4 0 0 0 0 0 0 0 0 0 0 0 0 0 0 7 3 10 5 5 2 0 0 0 0 0 0 17 8 0 0 0 0 1 0 0 0 2 1 0 0 8 4 0 0 0 0 0 0 0 0 0 0 0 0 0 0 0 0 0 0 0 0 0 0 0 0 0 0 0 0 0 0 0 0 0 0 0 0 1 0 0 0 0 0 0 0 0 0 0 0 1 0 0 0 6 3 0 0 0 0 0 0 0 0 0 0 0 0 0 0 0 0 0 0 0 0 0 0 0 0 0 0 0 0 0 0 0 0 0 0 0 0 0 0 0 0 0 0 0 0 0 0 0 0 0 0 0 0 0 0 0 0 0 0 0 0 0 0 0 0 0 0 0 0 0 0 0 0 0 0 0 0
0 0 0 0 0 0 0 0 0 0 0 0 0 0 0 0 0 0 0 0 0 0 0 0 0 0 0 0 0 0 0 0 0 0 0 0 0 0 0 0 0 0 0 0 4 2 0 0 4 2 0 0 8 4 0 0 0 0 0 0 0 0 0 0 2 1 1 0 0 0 0 0 0 0 0 0 0 0 0 0 0 0 6 3 20 10 0 0 0 0 0 0 0 0 0 0 8 4 0 0 0 0 0 0 0 0 0 0 0 0 0 0 0 0 0 0 0 0 0 0 0 0 6 3 5 2 0 0 0 0 0 0 0 0 0 0 15 7 0 0 0 0 1 0 0 0 0 0 0 0 3 1 0 0 0 0 3 1 0 0 7 3 2 1 10 5 0 0 0 0 2 1 0 0 0 0 0 0 0 0 0 0 0 0 2 1 0 0 7 3 0 0 0 0 0 0 0 0 0 0 0 0 14 7 11 5 0 0 6 3 0 0 7 3 0 0 0 0 0 0 0 0 0 0 0 0 0 0 0 0 0 0 0 0 0 0 0 0 0 0 0 0 0 0 0 0 0 0 0 0 0 0 0 0 0 0 0 0 0 0 24 12 0 0 0 0 0 0 0 0 0 0 0 0 12 6 15 7 0 0 0 0 0 0 0 0 0 0 0 0 0 0 0 0 0 0 0 0 0 0 0 0 0 0 0 0 0 0 0 0 0 0 0 0 0 0 0 0 0 0 0 0 0 0 0 0 0 0 0 0 0 0 0 0 0 0
0 0 0 0 0 0 0 0 0 0 0 0 0 0 0 0 0 0 0 0 0 0 0 0 0 0 0 0 0 0 0 0 0 0 0 0 0 0 0 0 0 0 0 0 0 0 0 0 0 0 0 0 0 0 20 10 0 0 0 0 0 0 0 0 0 0 0 0 0 0 0 0 14 7 0 0 1 0 0 0 0 0 0 0 0 0 0 0 0 0 0 0 0 0 0 0 0 0 0 0 10 5 0 0 6 3 0 0 0 0 0 0 0 0 8 4 0 0 2 1 0 0 4 2 0 0 0 0 0 0 0 0 0 0 1 0 0 0 0 0 0 0 0 0 0 0 0 0 0 0 0 0 0 0 0 0 0 0 4 2 0 0 0 0 0 0 0 0 4 2 0 0 0 0 0 0 8 4 10 5 4 2 0 0 0 0 0 0 0 0 0 0 13 6 0 0 0 0 6 3 8 4 0 0 0 0 0 0 0 0 0 0 0 0 0 0 0 0 0 0 0 0 0 0 0 0 0 0 0 0 0 0 0 0 16 8 0 0 0 0 0 0 0 0 0 0 1 0 0 0 0 0 0 0 0 0 0 0 0 0 0 0 2 1 0 0 0 0 0 0 0 0 0 0 0 0 0 0 0 0 0 0 0 0 23 11 2 1 0 0 0 0 0 0 0 0 0 0 0 0 0 0 0 0 0 0 0 0 0 0 0 0 0 0 0 0 0 0 0 0 0 0 0 0 0 0 0 0 0 0 0 0 0 0 0 0
0 0 0 0 0 0 0 0 0 0 0 0 0 0 2 1 0 0 0 0 0 0 0 0 0 0 0 0 0 0 0 0 0 0 0 0 0 0 0 0 1 0 0 0 0 0 0 0 0 0 0 0 0 0 0 0 0 0 0 0 2 1 0 0 0 0 0 0 1 0 0 0 0 0 16 8 0 0 0 0 0 0 0 0 0 0 18 9 13 6 18 9 0 0 0 0 0 0 0 0 2 1 0 0 0 0 0 0 2 1 0 0 0 0 0 0 0 0 0 0 0 0 0 0 0 0 0 0 0 0 0 0 0 0 0 0 18 9 0 0 0 0 4 2 0 0 0 0 0 0 0 0 0 0 0 0 4 2 0 0 0 0 0 0 2 1 0 0 4 2 0 0 12 6 17 8 0 0 0 0 1 0 0 0 0 0 2 1 18 9 0 0 0 0 0 0 0 0 1 0 0 0 0 0 0 0 0 0 0 0 0 0 0 0 0 0 0 0 0 0 0 0 0 0 0 0 0 0 0 0 0 0 0 0 0 0 0 0 0 0 0 0 0 0 0 0 0 0 0 0 0 0 0 0 0 0 2 1 0 0 0 0 0 0 0 0 0 0 0 0 7 3 5 2 0 0 0 0 0 0 0 0 0 0 0 0 0 0 0 0 4 2 0 0 0 0 0 0 0 0 0 0 0 0 0 0 0 0 0 0 0 0 0 0 0 0 0 0 0 0 0 0 0 0 0 0 0 0 0 0 0 0 0 0 0 0
0 0 0 0 0 0 0 0 0 0 0 0 0 0 0 0 0 0 0 0 0 0 0 0 0 0 0 0 0 0 0 0 0 0 0 0 0 0 0 0 0 0 0 0 0 0 4 2 0 0 0 0 0 0 0 0 0 0 0 0 0 0 0 0 0 0 14 7 0 0 0 0 0 0 0 0 0 0 0 0 0 0 0 0 0 0 0 0 0 0 0 0 0 0 10 5 1 0 0 0 0 0 0 0 0 0 0 0 0 0 0 0 16 8 0 0 0 0 0 0 2 1 0 0 0 0 0 0 0 0 0 0 15 7 13 6 0 0 4 2 0 0 0 0 0 0 2 1 0 0 0 0 0 0 3 1 1 0 0 0 2 1 0 0 0 0 0 0 3 1 0 0 0 0 0 0 0 0 0 0 15 7 0 0 1 0 0 0 11 5 2 1 5 2 0 0 0 0 0 0 0 0 1 0 0 0 0 0 1 0 0 0 0 0 0 0 0 0 0 0 0 0 8 4 0 0 0 0 0 0 0 0 0 0 0 0 8 4 0 0 0 0 0 0 6 3 0 0 0 0 0 0 0 0 10 5 0 0 0 0 0 0 0 0 0 0 0 0 0 0 0 0 0 0 0 0 0 0 0 0 0 0 0 0 0 0 0 0 0 0 0 0 0 0 0 0 0 0 0 0 0 0 0 0 0 0 0 0 0 0 0 0 0 0 0 0 0 0 0 0 0 0 0 0 0 0 0 0 0 0 0 0 0 0 0 0
0 0 0 0 0 0 0 0 0 0 0 0 0 0 0 0 0 0 0 0 0 0 0 0 0 0 0 0 0 0 0 0 0 0 0 0 0 0 0 0 0 0 0 0 0 0 0 0 0 0 0 0 4 2 0 0 0 0 0 0 0 0 0 0 0 0 0 0 0 0 0 0 0 0 2 1 0 0 0 0 0 0 0 0 5 2 0 0 0 0 0 0 1 0 0 0 9 4 0 0 0 0 0 0 6 3 0 0 0 0 0 0 0 0 0 0 2 1 0 0 0 0 0 0 0 0 2 1 0 0 8 4 0 0 1 0 0 0 0 0 0 0 2 1 0 0 8 4 0 0 0 0 16 8 0 0 15 7 0 0 7 3 0 0 7 3 0 0 0 0 0 0 0 0 0 0 17 8 4 2 0 0 0 0 0 0 0 0 0 0 0 0 0 0 0 0 0 0 0 0 0 0 0 0 0 0 0 0 2 1 0 0 0 0 6 3 0 0 0 0 0 0 0 0 0 0 0 0 5 2 0 0 0 0 0 0 0 0 0 0 0 0 0 0 0 0 0 0 0 0 0 0 2 1 0 0 0 0 0 0 0 0 0 0 0 0 0 0 0 0 20 10 0 0 0 0 0 0 0 0 0 0 12 6 0 0 0 0 0 0 0 0 0 0 2 1 0 0 0 0 0 0 0 0 0 0 0 0 0 0 0 0 0 0 0 0 0 0 0 0 0 0 0 0 0 0 0 0 0 0 0 0 0 0 0 0
0 0 0 0 0 0 0 0 0 0 0 0 0 0 0 0 11 5 0 0 0 0 0 0 0 0 0 0 0 0 0 0 0 0 0 0 1 0 2 1 0 0 2 1 0 0 0 0 0 0 0 0 0 0 0 0 0 0 0 0 0 0 2 1 4 2 0 0 2 1 0 0 0 0 0 0 16 8 0 0 0 0 0 0 0 0 4 2 0 0 0 0 0 0 0 0 0 0 0 0 0 0 0 0 0 0 0 0 0 0 3 1 0 0 1 0 0 0 0 0 0 0 3 1 6 3 9 4 0 0 0 0 6 3 0 0 0 0 0 0 10 5 0 0 0 0 0 0 7 3 10 5 0 0 0 0 0 0 0 0 0 0 0 0 0 0 0 0 0 0 0 0 0 0 5 2 0 0 0 0 0 0 0 0 1 0 0 0 0 0 17 8 0 0 0 0 0 0 0 0 7 3 0 0 0 0 8 4 0 0 0 0 0 0 0 0 0 0 0 0 0 0 0 0 0 0 0 0 0 0 0 0 0 0 0 0 0 0 0 0 0 0 0 0 0 0 1 0 0 0 0 0 0 0 0 0 3 1 0 0 0 0 0 0 0 0 6 3 0 0 3 1 0 0 0 0 0 0 0 0 0 0 0 0 0 0 0 0 0 0 0 0 0 0 0 0 0 0 0 0 0 0 0 0 0 0 0 0 0 0 0 0 0 0 0 0 0 0 0 0 0 0 0 0 0 0 0 0 0 0 0 0 0 0 0 0
0 0 0 0 0 0 0 0 0 0 0 0 0 0 0 0 0 0 0 0 0 0 0 0 0 0 0 0 0 0 0 0 0 0 0 0 0 0 0 0 4 2 11 5 0 0 0 0 0 0 0 0 0 0 0 0 0 0 0 0 22 11 0 0 0 0 0 0 0 0 2 1 0 0 0 0 0 0 0 0 6 3 0 0 0 0 0 0 0 0 0 0 0 0 0 0 2 1 0 0 0 0 0 0 0 0 0 0 0 0 0 0 0 0 0 0 0 0 0 0 0 0 0 0 0 0 0 0 0 0 0 0 14 7 2 1 2 1 14 7 0 0 0 0 0 0 0 0 0 0 13 6 0 0 0 0 0 0 2 1 12 6 0 0 0 0 0 0 1 0 0 0 0 0 0 0 0 0 0 0 0 0 0 0 0 0 14 7 0 0 0 0 2 1 2 1 0 0 0 0 2 1 6 3 0 0 0 0 0 0 4 2 0 0 14 7 0 0 2 1 0 0 0 0 0 0 0 0 2 1 0 0 9 4 0 0 0 0 0 0 0 0 0 0 0 0 0 0 0 0 0 0 0 0 0 0 0 0 0 0 0 0 0 0 0 0 0 0 0 0 0 0 0 0 0 0 0 0 0 0 0 0 0 0 0 0 0 0 0 0 0 0 4 2 1 0 0 0 0 0 0 0 0 0 0 0 0 0 0 0 0 0 0 0 0 0 0 0 0 0 0 0 0 0 0 0 0 0 0 0 0 0 0 0 0 0
0 0 0 0 0 0 0 0 0 0 0 0 0 0 0 0 0 0 0 0 0 0 0 0 0 0 0 0 0 0 0 0 0 0 0 0 0 0 0 0 0 0 0 0 0 0 0 0 0 0 0 0 0 0 0 0 0 0 0 0 0 0 0 0 0 0 0 0 5 2 1 0 0 0 0 0 0 0 0 0 0 0 0 0 0 0 0 0 0 0 0 0 1 0 0 0 0 0 17 8 0 0 0 0 0 0 0 0 0 0 0 0 0 0 1 0 2 1 0 0 0 0 10 5 0 0 0 0 0 0 0 0 0 0 0 0 0 0 0 0 10 5 0 0 0 0 0 0 0 0 7 3 1 0 0 0 0 0 0 0 0 0 2 1 0 0 0 0 0 0 2 1 0 0 0 0 2 1 0 0 0 0 0 0 0 0 15 7 0 0 0 0 0 0 0 0 0 0 0 0 2 1 0 0 0 0 11 5 0 0 0 0 0 0 4 2 0 0 0 0 6 3 0 0 0 0 0 0 0 0 0 0 0 0 0 0 0 0 0 0 0 0 0 0 0 0 0 0 0 0 0 0 2 1 0 0 0 0 0 0 0 0 0 0 0 0 0 0 16 8 10 5 0 0 0 0 0 0 0 0 0 0 7 3 0 0 0 0 0 0 0 0 0 0 0 0 1 0 0 0 0 0 0 0 0 0 0 0 0 0 0 0 0 0 0 0 0 0 0 0 0 0 0 0 0 0 0 0 0 0 0 0 0 0 0 0
0 0 0 0 0 0 0 0 0 0 0 0 0 0 0 0 0 0 0 0 0 0 0 0 1 0 0 0 0 0 0 0 0 0 0 0 0 0 4 2 0 0 2 1 0 0 0 0 0 0 0 0 0 0 0 0 0 0 1 0 0 0 0 0 0 0 0 0 10 5 0 0 0 0 0 0 0 0 0 0 0 0 0 0 0 0 0 0 0 0 0 0 1 0 0 0 0 0 0 0 0 0 0 0 0 0 0 0 0 0 0 0 0 0 8 4 0 0 3 1 0 0 0 0 0 0 0 0 0 0 0 0 0 0 0 0 0 0 0 0 0 0 0 0 0 0 0 0 0 0 0 0 0 0 0 0 0 0 7 3 2 1 0 0 0 0 2 1 0 0 0 0 0 0 0 0 0 0 0 0 0 0 11 5 0 0 2 1 0 0 0 0 0 0 0 0 1 0 0 0 7 3 0 0 0 0 1 0 0 0 0 0 0 0 0 0 0 0 0 0 0 0 0 0 0 0 0 0 0 0 0 0 0 0 0 0 0 0 0 0 0 0 2 1 0 0 1 0 0 0 0 0 0 0 0 0 0 0 0 0 22 11 0 0 0 0 0 0 1 0 0 0 0 0 0 0 0 0 0 0 0 0 6 3 0 0 0 0 0 0 0 0 0 0 0 0 0 0 0 0 0 0 0 0 0 0 0 0 0 0 0 0 0 0 0 0 0 0 0 0 0 0 0 0 0 0 0 0 0 0 0 0 0 0 0 0
0 0 0 0 0 0 0 0 0 0 0 0 0 0 0 0 0 0 0 0 0 0 0 0 0 0 0 0 0 0 0 0 0 0 0 0 0 0 0 0 0 0 0 0 0 0 0 0 0 0 0 0 0 0 0 0 10 5 0 0 0 0 0 0 0 0 0 0 4 2 0 0 0 0 0 0 2 1 16 8 0 0 8 4 0 0 0 0 0 0 0 0 0 0 0 0 0 0 0 0 0 0 0 0 0 0 0 0 0 0 0 0 0 0 0 0 2 1 10 5 1 0 0 0 0 0 0 0 8 4 0 0 0 0 0 0 0 0 0 0 13 6 0 0 0 0 0 0 0 0 0 0 0 0 2 1 0 0 0 0 0 0 2 1 0 0 2 1 0 0 14 7 12 6 0 0 0 0 4 2 2 1 0 0 0 0 0 0 0 0 0 0 0 0 1 0 0 0 1 0 0 0 2 1 0 0 0 0 2 1 0 0 0 0 0 0 18 9 0 0 0 0 0 0 9 4 14 7 0 0 0 0 0 0 2 1 0 0 0 0 0 0 0 0 0 0 0 0 0 0 0 0 0 0 0 0 0 0 0 0 0 0 0 0 0 0 0 0 0 0 0 0 0 0 0 0 0 0 0 0 0 0 0 0 0 0 0 0 0 0 0 0 0 0 0 0 0 0 0 0 0 0 0 0 0 0 0 0 0 0 0 0 0 0 0 0 0 0 0 0 0 0 0 0 0 0 0 0 0 0 0 0 0 0 0 0
0 0 0 0 0 0 0 0 0 0 0 0 0 0 0 0 0 0 0 0 0 0 0 0 0 0 0 0 0 0 0 0 0 0 1 0 0 0 0 0 0 0 0 0 9 4 0 0 0 0 0 0 0 0 0 0 0 0 0 0 0 0 0 0 0 0 0 0 0 0 0 0 0 0 0 0 0 0 0 0 0 0 0 0 4 2 0 0 0 0 0 0 0 0 0 0 4 2 11 5 0 0 0 0 0 0 0 0 0 0 0 0 0 0 0 0 2 1 0 0 0 0 0 0 0 0 0 0 0 0 0 0 0 0 0 0 0 0 0 0 6 3 0 0 0 0 0 0 16 8 0 0 4 2 17 8 0 0 0 0 0 0 10 5 0 0 0 0 0 0 0 0 6 3 14 7 0 0 0 0 17 8 2 1 0 0 0 0 0 0 16 8 0 0 0 0 0 0 0 0 0 0 0 0 0 0 0 0 3 1 0 0 0 0 0 0 0 0 0 0 0 0 0 0 0 0 0 0 0 0 0 0 0 0 16 8 0 0 0 0 0 0 0 0 0 0 0 0 0 0 0 0 0 0 0 0 0 0 0 0 0 0 0 0 0 0 22 11 0 0 0 0 0 0 0 0 0 0 0 0 0 0 0 0 2 1 0 0 0 0 0 0 0 0 0 0 11 5 0 0 0 0 0 0 0 0 0 0 0 0 0 0 0 0 0 0 0 0 0 0 0 0 0 0 0 0 0 0 0 0 0 0 0 0 0 0
0 0 0 0 0 0 0 0 0 0 0 0 0 0 0 0 0 0 0 0 0 0 0 0 0 0 0 0 0 0 0 0 0 0 1 0 0 0 1 0 0 0 0 0 0 0 0 0 0 0 0 0 0 0 0 0 0 0 0 0 4 2 0 0 0 0 0 0 0 0 0 0 3 1 0 0 1 0 2 1 0 0 0 0 0 0 0 0 3 1 0 0 0 0 10 5 0 0 0 0 0 0 7 3 6 3 0 0 0 0 0 0 14 7 0 0 0 0 2 1 5 2 0 0 0 0 0 0 0 0 0 0 0 0 0 0 0 0 0 0 0 0 0 0 0 0 2 1 0 0 15 7 0 0 0 0 0 0 0 0 0 0 5 2 0 0 0 0 0 0 0 0 6 3 0 0 0 0 0 0 0 0 0 0 0 0 0 0 0 0 0 0 0 0 0 0 0 0 9 4 7 3 0 0 0 0 0 0 0 0 0 0 2 1 0 0 0 0 0 0 0 0 0 0 0 0 0 0 0 0 0 0 0 0 0 0 0 0 0 0 0 0 0 0 0 0 0 0 0 0 0 0 0 0 0 0 0 0 0 0 0 0 0 0 0 0 0 0 2 1 0 0 0 0 0 0 0 0 0 0 0 0 0 0 0 0 0 0 0 0 0 0 0 0 0 0 0 0 0 0 0 0 0 0 0 0 0 0 0 0 0 0 0 0 0 0 0 0 0 0 0 0 0 0 0 0 0 0 0 0 0 0 0 0 0 0
0 0 0 0 0 0 0 0 0 0 0 0 0 0 0 0 0 0 0 0 0 0 0 0 0 0 0 0 0 0 0 0 0 0 0 0 0 0 0 0 0 0 0 0 0 0 0 0 0 0 0 0 0 0 0 0 0 0 0 0 0 0 0 0 0 0 0 0 0 0 0 0 0 0 0 0 0 0 0 0 0 0 0 0 2 1 0 0 0 0 0 0 0 0 0 0 0 0 10 5 0 0 0 0 0 0 0 0 0 0 0 0 0 0 0 0 0 0 0 0 0 0 0 0 0 0 0 0 0 0 0 0 0 0 4 2 0 0 0 0 0 0 0 0 0 0 0 0 5 2 0 0 0 0 0 0 0 0 18 9 0 0 0 0 0 0 0 0 0 0 0 0 0 0 0 0 9 4 0 0 0 0 0 0 0 0 0 0 0 0 0 0 0 0 5 2 5 2 0 0 0 0 0 0 1 0 2 1 0 0 0 0 0 0 1 0 0 0 0 0 0 0 13 6 0 0 0 0 0 0 0 0 0 0 0 0 0 0 0 0 0 0 0 0 0 0 0 0 1 0 0 0 0 0 0 0 0 0 6 3 0 0 0 0 0 0 0 0 0 0 0 0 0 0 0 0 0 0 5 2 0 0 0 0 0 0 0 0 0 0 0 0 0 0 0 0 0 0 0 0 0 0 0 0 0 0 0 0 0 0 0 0 0 0 0 0 0 0 0 0 0 0 0 0 0 0 0 0 0 0 0 0 0 0 0 0
0 0 0 0 0 0 0 0 0 0 0 0 0 0 0 0 0 0 0 0 0 0 0 0 0 0 0 0 0 0 0 0 0 0 1 0 0 0 0 0 3 1 0 0 0 0 0 0 0 0 0 0 0 0 0 0 0 0 17 8 0 0 0 0 0 0 0 0 0 0 0 0 0 0 0 0 8 4 0 0 4 2 0 0 0 0 0 0 0 0 0 0 0 0 0 0 0 0 0 0 2 1 0 0 0 0 0 0 0 0 6 3 0 0 0 0 0 0 3 1 0 0 0 0 0 0 0 0 0 0 0 0 0 0 0 0 0 0 1 0 18 9 0 0 3 1 0 0 0 0 0 0 0 0 0 0 0 0 0 0 0 0 0 0 0 0 4 2 0 0 9 4 0 0 0 0 0 0 0 0 0 0 7 3 0 0 0 0 0 0 0 0 1 0 5 2 0 0 1 0 0 0 0 0 0 0 6 3 6 3 0 0 0 0 0 0 4 2 0 0 0 0 0 0 0 0 9 4 0 0 0 0 0 0 0 0 4 2 0 0 0 0 3 1 0 0 0 0 0 0 0 0 0 0 5 2 0 0 0 0 0 0 0 0 8 4 0 0 15 7 0 0 0 0 0 0 0 0 0 0 0 0 0 0 0 0 0 0 4 2 0 0 0 0 0 0 0 0 0 0 0 0 0 0 0 0 0 0 0 0 0 0 0 0 0 0 0 0 0 0 0 0 0 0 0 0 0 0 0 0 0 0 0 0 0 0
0 0 0 0 0 0 0 0 0 0 0 0 0 0 0 0 0 0 0 0 0 0 0 0 0 0 0 0 0 0 0 0 0 0 0 0 0 0 0 0 0 0 0 0 0 0 18 9 0 0 0 0 0 0 16 8 0 0 0 0 17 8 0 0 0 0 2 1 0 0 0 0 13 6 0 0 0 0 5 2 0 0 0 0 0 0 0 0 0 0 0 0 0 0 0 0 0 0 0 0 0 0 0 0 0 0 0 0 1 0 0 0 0 0 0 0 2 1 3 1 0 0 0 0 1 0 0 0 0 0 0 0 0 0 0 0 0 0 0 0 0 0 0 0 0 0 0 0 0 0 0 0 0 0 0 0 0 0 0 0 17 8 0 0 0 0 0 0 9 4 0 0 2 1 4 2 0 0 0 0 0 0 0 0 1 0 0 0 8 4 0 0 0 0 6 3 12 6 0 0 0 0 0 0 0 0 0 0 0 0 0 0 0 0 0 0 0 0 0 0 0 0 0 0 7 3 0 0 0 0 0 0 0 0 0 0 0 0 0 0 0 0 0 0 0 0 0 0 0 0 4 2 0 0 0 0 0 0 0 0 0 0 2 1 0 0 0 0 0 0 0 0 0 0 0 0 0 0 0 0 0 0 0 0 0 0 0 0 3 1 0 0 0 0 0 0 0 0 0 0 0 0 0 0 0 0 0 0 0 0 0 0 0 0 0 0 0 0 0 0 0 0 0 0 0 0 0 0 0 0 0 0 0 0 0 0
0 0 0 0 0 0 0 0 0 0 0 0 0 0 0 0 0 0 0 0 0 0 0 0 0 0 0 0 0 0 0 0 0 0 0 0 0 0 16 8 1 0 0 0 0 0 0 0 0 0 0 0 12 6 0 0 0 0 0 0 12 6 1 0 0 0 0 0 0 0 0 0 1 0 0 0 0 0 12 6 0 0 0 0 0 0 0 0 0 0 0 0 0 0 0 0 0 0 0 0 0 0 0 0 0 0 0 0 0 0 1 0 0 0 0 0 0 0 0 0 0 0 0 0 0 0 0 0 0 0 0 0 9 4 0 0 0 0 0 0 0 0 0 0 0 0 9 4 0 0 0 0 9 4 0 0 1 0 6 3 0 0 2 1 1 0 0 0 10 5 16 8 0 0 0 0 0 0 0 0 0 0 1 0 0 0 0 0 0 0 0 0 0 0 8 4 0 0 0 0 6 3 0 0 0 0 6 3 0 0 2 1 0 0 0 0 0 0 0 0 0 0 0 0 1 0 0 0 4 2 0 0 0 0 0 0 0 0 0 0 3 1 0 0 0 0 0 0 0 0 0 0 0 0 0 0 0 0 0 0 0 0 0 0 0 0 0 0 0 0 0 0 0 0 0 0 0 0 0 0 0 0 0 0 0 0 0 0 0 0 0 0 0 0 0 0 0 0 0 0 0 0 0 0 0 0 0 0 0 0 0 0 0 0 0 0 0 0 0 0 0 0 0 0 0 0 0 0 0 0 0 0 0 0 0 0
0 0 0 0 0 0 0 0 0 0 0 0 0 0 0 0 0 0 0 0 0 0 0 0 0 0 0 0 0 0 0 0 0 0 0 0 0 0 0 0 0 0 0 0 0 0 0 0 0 0 0 0 0 0 3 1 0 0 1 0 0 0 0 0 0 0 0 0 0 0 0 0 8 4 0 0 0 0 2 1 0 0 0 0 4 2 0 0 0 0 0 0 0 0 0 0 1 0 0 0 0 0 0 0 0 0 0 0 1 0 0 0 0 0 0 0 0 0 0 0 0 0 0 0 14 7 0 0 18 9 0 0 0 0 0 0 0 0 0 0 2 1 0 0 0 0 0 0 0 0 0 0 0 0 0 0 0 0 0 0 3 1 0 0 0 0 0 0 0 0 0 0 4 2 5 2 4 2 0 0 0 0 0 0 0 0 2 1 0 0 0 0 0 0 0 0 0 0 0 0 2 1 0 0 0 0 0 0 0 0 0 0 0 0 0 0 0 0 3 1 0 0 0 0 0 0 0 0 0 0 0 0 0 0 0 0 0 0 0 0 0 0 0 0 0 0 0 0 0 0 0 0 0 0 0 0 0 0 2 1 0 0 11 5 0 0 0 0 0 0 0 0 0 0 0 0 0 0 0 0 0 0 0 0 0 0 0 0 0 0 0 0 0 0 0 0 0 0 0 0 0 0 0 0 0 0 0 0 0 0 0 0 0 0 0 0 0 0 0 0 0 0 0 0 0 0 0 0 0 0 0 0 0 0 0 0
0 0 0 0 0 0 0 0 0 0 0 0 0 0 0 0 0 0 0 0 0 0 0 0 0 0 0 0 0 0 0 0 0 0 0 0 2 1 0 0 0 0 0 0 2 1 0 0 0 0 0 0 0 0 0 0 0 0 3 1 0 0 0 0 0 0 0 0 0 0 0 0 0 0 0 0 0 0 0 0 2 1 0 0 0 0 0 0 0 0 20 10 0 0 0 0 0 0 0 0 0 0 0 0 0 0 0 0 0 0 0 0 0 0 0 0 1 0 2 1 0 0 3 1 0 0 0 0 0 0 1 0 0 0 0 0 0 0 3 1 0 0 0 0 0 0 0 0 0 0 0 0 0 0 2 1 0 0 0 0 10 5 0 0 0 0 1 0 2 1 8 4 0 0 0 0 0 0 1 0 0 0 1 0 0 0 8 4 0 0 0 0 0 0 0 0 2 1 2 1 0 0 0 0 0 0 0 0 0 0 0 0 0 0 0 0 0 0 0 0 0 0 6 3 0 0 6 3 0 0 0 0 0 0 0 0 0 0 0 0 0 0 0 0 0 0 0 0 0 0 0 0 0 0 0 0 0 0 0 0 0 0 0 0 0 0 0 0 0 0 0 0 0 0 7 3 0 0 0 0 0 0 0 0 0 0 0 0 0 0 0 0 0 0 0 0 0 0 0 0 0 0 4 2 0 0 0 0 0 0 0 0 0 0 0 0 0 0 0 0 0 0 0 0 0 0 0 0 0 0 0 0 0 0 0 0
0 0 0 0 0 0 0 0 0 0 0 0 0 0 0 0 0 0 0 0 0 0 0 0 0 0 0 0 0 0 0 0 0 0 0 0 0 0 0 0 0 0 0 0 0 0 0 0 0 0 0 0 0 0 0 0 0 0 0 0 0 0 2 1 0 0 0 0 0 0 0 0 0 0 4 2 0 0 0 0 0 0 0 0 0 0 0 0 0 0 0 0 0 0 0 0 0 0 0 0 0 0 0 0 0 0 2 1 0 0 0 0 0 0 4 2 3 1 0 0 0 0 0 0 0 0 0 0 0 0 0 0 0 0 13 6 0 0 0 0 8 4 12 6 1 0 0 0 0 0 0 0 0 0 0 0 0 0 0 0 4 2 2 1 6 3 6 3 0 0 0 0 0 0 4 2 19 9 0 0 0 0 0 0 7 3 0 0 16 8 2 1 0 0 0 0 0 0 0 0 0 0 0 0 0 0 0 0 0 0 0 0 0 0 2 1 0 0 0 0 0 0 21 10 0 0 0 0 0 0 0 0 0 0 0 0 0 0 0 0 0 0 0 0 0 0 0 0 0 0 0 0 7 3 0 0 0 0 0 0 2 1 0 0 0 0 6 3 0 0 0 0 0 0 0 0 0 0 0 0 0 0 0 0 0 0 0 0 0 0 0 0 0 0 0 0 0 0 0 0 0 0 0 0 0 0 0 0 0 0 0 0 0 0 0 0 0 0 0 0 0 0 0 0 0 0 0 0 0 0 0 0 0 0 0 0
0 0 0 0 0 0 0 0 0 0 0 0 0 0 0 0 0 0 0 0 0 0 0 0 0 0 0 0 0 0 0 0 0 0 0 0 0 0 0 0 3 1 0 0 0 0 0 0 0 0 0 0 0 0 0 0 0 0 8 4 0 0 13 6 3 1 6 3 0 0 0 0 0 0 0 0 0 0 4 2 2 1 14 7 0 0 0 0 0 0 2 1 0 0 3 1 0 0 0 0 0 0 0 0 0 0 0 0 0 0 0 0 0 0 0 0 0 0 0 0 0 0 2 1 0 0 0 0 0 0 0 0 0 0 0 0 0 0 0 0 0 0 0 0 0 0 0 0 0 0 0 0 0 0 0 0 0 0 0 0 0 0 0 0 0 0 0 0 4 2 0 0 0 0 0 0 1 0 2 1 0 0 0 0 11 5 0 0 0 0 5 2 1 0 0 0 0 0 0 0 0 0 4 2 0 0 0 0 0 0 0 0 0 0 0 0 0 0 0 0 0 0 9 4 0 0 0 0 0 0 0 0 0 0 0 0 0 0 1 0 0 0 0 0 0 0 0 0 0 0 12 6 0 0 0 0 0 0 0 0 0 0 2 1 0 0 0 0 0 0 0 0 0 0 0 0 0 0 0 0 0 0 0 0 0 0 0 0 0 0 0 0 0 0 0 0 0 0 0 0 0 0 0 0 0 0 0 0 0 0 0 0 0 0 0 0 0 0 4 2 0 0 0 0 0 0 0 0 0 0 0 0 0 0 0 0
0 0 0 0 0 0 0 0 0 0 0 0 0 0 0 0 0 0 0 0 0 0 0 0 0 0 0 0 0 0 0 0 0 0 0 0 0 0 0 0 0 0 0 0 0 0 0 0 0 0 0 0 0 0 19 9 12 6 0 0 0 0 0 0 1 0 0 0 0 0 0 0 0 0 0 0 0 0 3 1 0 0 0 0 6 3 0 0 0 0 0 0 0 0 0 0 0 0 0 0 0 0 0 0 0 0 0 0 0 0 0 0 2 1 0 0 2 1 0 0 19 9 0 0 0 0 6 3 0 0 15 7 0 0 0 0 0 0 0 0 0 0 0 0 1 0 0 0 8 4 0 0 15 7 6 3 0 0 9 4 2 1 0 0 0 0 0 0 0 0 0 0 0 0 1 0 0 0 0 0 0 0 1 0 0 0 0 0 0 0 0 0 0 0 11 5 0 0 0 0 0 0 0 0 6 3 0 0 0 0 0 0 0 0 0 0 0 0 0 0 0 0 0 0 0 0 0 0 3 1 0 0 0 0 0 0 0 0 2 1 0 0 0 0 0 0 0 0 0 0 0 0 0 0 0 0 0 0 0 0 0 0 0 0 0 0 0 0 0 0 21 10 0 0 0 0 0 0 0 0 0 0 0 0 0 0 0 0 0 0 0 0 0 0 0 0 0 0 0 0 0 0 0 0 0 0 0 0 0 0 0 0 0 0 6 3 0 0 0 0 0 0 0 0 0 0 0 0 0 0 0 0 0 0 0 0
0 0 0 0 0 0 0 0 0 0 0 0 0 0 0 0 0 0 0 0 0 0 0 0 0 0 0 0 0 0 1 0 0 0 0 0 0 0 0 0 0 0 0 0 0 0 6 3 0 0 0 0 0 0 0 0 0 0 0 0 0 0 0 0 0 0 2 1 0 0 0 0 0 0 0 0 0 0 0 0 1 0 0 0 0 0 1 0 0 0 0 0 0 0 0 0 1 0 2 1 0 0 0 0 0 0 0 0 0 0 0 0 0 0 0 0 20 10 1 0 17 8 0 0 0 0 13 6 0 0 0 0 0 0 0 0 0 0 0 0 4 2 0 0 0 0 0 0 0 0 0 0 0 0 0 0 0 0 4 2 0 0 20 10 0 0 0 0 9 4 0 0 0 0 0 0 2 1 16 8 0 0 0 0 0 0 16 8 0 0 4 2 0 0 4 2 0 0 1 0 0 0 0 0 5 2 0 0 20 10 0 0 0 0 14 7 0 0 0 0 0 0 0 0 0 0 0 0 0 0 0 0 0 0 0 0 0 0 0 0 0 0 0 0 0 0 0 0 0 0 0 0 0 0 0 0 0 0 0 0 0 0 0 0 0 0 0 0 0 0 0 0 0 0 0 0 0 0 4 2 0 0 0 0 0 0 5 2 0 0 0 0 0 0 0 0 0 0 0 0 0 0 0 0 0 0 0 0 0 0 0 0 0 0 0 0 0 0 0 0 0 0 0 0 0 0 0 0 0 0 0 0 0 0 0 0
0 0 0 0 0 0 0 0 0 0 0 0 0 0 0 0 0 0 0 0 0 0 0 0 0 0 0 0 0 0 0 0 0 0 0 0 0 0 0 0 0 0 0 0 0 0 0 0 0 0 0 0 0 0 1 0 0 0 0 0 2 1 2 1 0 0 0 0 0 0 0 0 0 0 0 0 0 0 2 1 0 0 0 0 0 0 0 0 0 0 0 0 1 0 0 0 0 0 2 1 8 4 0 0 0 0 0 0 2 1 0 0 0 0 0 0 0 0 0 0 1 0 16 8 0 0 0 0 0 0 0 0 0 0 0 0 12 6 4 2 10 5 8 4 8 4 0 0 0 0 0 0 0 0 10 5 0 0 0 0 7 3 0 0 0 0 6 3 2 1 10 5 0 0 0 0 0 0 0 0 0 0 0 0 0 0 0 0 8 4 0 0 6 3 0 0 10 5 0 0 0 0 0 0 0 0 0 0 0 0 0 0 0 0 0 0 0 0 0 0 0 0 0 0 0 0 0 0 0 0 0 0 2 1 0 0 0 0 0 0 0 0 0 0 0 0 0 0 0 0 0 0 0 0 0 0 0 0 0 0 0 0 10 5 0 0 0 0 0 0 0 0 0 0 9 4 0 0 0 0 0 0 9 4 0 0 0 0 0 0 0 0 0 0 0 0 0 0 0 0 0 0 0 0 0 0 0 0 0 0 0 0 0 0 0 0 0 0 0 0 0 0 0 0 0 0 0 0 0 0 0 0 0 0 0 0
0 0 0 0 0 0 0 0 0 0 0 0 0 0 0 0 0 0 0 0 0 0 1 0 0 0 0 0 0 0 0 0 0 0 0 0 0 0 18 9 0 0 4 2 1 0 0 0 0 0 0 0 0 0 0 0 0 0 0 0 0 0 0 0 0 0 0 0 0 0 0 0 3 1 6 3 0 0 0 0 0 0 0 0 0 0 0 0 0 0 0 0 0 0 0 0 0 0 0 0 20 10 0 0 3 1 2 1 0 0 2 1 0 0 0 0 0 0 4 2 0 0 0 0 2 1 0 0 8 4 0 0 3 1 0 0 0 0 0 0 0 0 0 0 3 1 0 0 0 0 0 0 3 1 0 0 0 0 0 0 0 0 0 0 0 0 0 0 6 3 0 0 0 0 0 0 0 0 0 0 0 0 8 4 0 0 0 0 0 0 0 0 0 0 10 5 0 0 0 0 4 2 2 1 0 0 0 0 0 0 0 0 0 0 16 8 0 0 0 0 0 0 0 0 0 0 0 0 0 0 0 0 0 0 0 0 0 0 0 0 0 0 0 0 0 0 1 0 0 0 0 0 0 0 0 0 0 0 4 2 0 0 0 0 0 0 0 0 0 0 0 0 0 0 0 0 0 0 0 0 0 0 6 3 0 0 0 0 0 0 0 0 0 0 0 0 0 0 0 0 0 0 0 0 0 0 0 0 0 0 0 0 0 0 0 0 0 0 0 0 0 0 0 0 0 0 0 0 0 0 0 0 0 0 0 0
0 0 0 0 0 0 0 0 0 0 0 0 0 0 0 0 0 0 0 0 0 0 0 0 0 0 0 0 0 0 0 0 0 0 0 0 0 0 0 0 0 0 2 1 0 0 0 0 0 0 0 0 4 2 15 7 0 0 0 0 0 0 0 0 0 0 0 0 0 0 0 0 0 0 0 0 1 0 0 0 0 0 0 0 0 0 0 0 0 0 0 0 0 0 0 0 0 0 0 0 0 0 0 0 0 0 0 0 0 0 0 0 2 1 0 0 0 0 0 0 0 0 0 0 2 1 5 2 0 0 0 0 1 0 4 2 0 0 0 0 0 0 0 0 0 0 0 0 0 0 1 0 13 6 0 0 0 0 0 0 0 0 0 0 0 0 0 0 0 0 0 0 2 1 0 0 0 0 0 0 0 0 1 0 0 0 2 1 14 7 2 1 0 0 0 0 2 1 0 0 0 0 4 2 0 0 0 0 0 0 0 0 0 0 0 0 0 0 0 0 0 0 0 0 0 0 0 0 0 0 10 5 0 0 0 0 4 2 0 0 0 0 0 0 0 0 0 0 0 0 0 0 10 5 0 0 0 0 0 0 0 0 0 0 0 0 0 0 0 0 0 0 0 0 8 4 0 0 0 0 0 0 0 0 0 0 0 0 0 0 0 0 0 0 0 0 0 0 0 0 0 0 0 0 0 0 0 0 0 0 0 0 0 0 0 0 0 0 0 0 0 0 0 0 0 0 0 0 0 0 0 0 0 0 0 0
0 0 0 0 0 0 0 0 0 0 0 0 0 0 0 0 0 0 0 0 0 0 0 0 0 0 0 0 0 0 0 0 12 6 0 0 0 0 0 0 0 0 0 0 0 0 0 0 0 0 0 0 0 0 0 0 0 0 0 0 0 0 0 0 0 0 0 0 0 0 0 0 0 0 15 7 0 0 0 0 0 0 8 4 2 1 0 0 0 0 0 0 0 0 0 0 0 0 0 0 0 0 0 0 22 11 0 0 5 2 0 0 0 0 5 2 0 0 0 0 0 0 0 0 19 9 20 10 0 0 0 0 0 0 0 0 7 3 2 1 0 0 0 0 0 0 0 0 3 1 0 0 0 0 0 0 0 0 0 0 15 7 0 0 0 0 0 0 12 6 0 0 0 0 2 1 14 7 9 4 1 0 10 5 0 0 0 0 0 0 0 0 0 0 0 0 0 0 0 0 1 0 0 0 0 0 2 1 8 4 1 0 2 1 0 0 0 0 2 1 0 0 0 0 0 0 0 0 0 0 0 0 0 0 10 5 0 0 0 0 0 0 0 0 2 1 0 0 0 0 0 0 0 0 0 0 0 0 0 0 0 0 0 0 1 0 0 0 0 0 0 0 0 0 0 0 0 0 0 0 0 0 0 0 0 0 0 0 0 0 0 0 0 0 0 0 0 0 0 0 0 0 0 0 0 0 0 0 0 0 0 0 0 0 0 0 0 0 0 0 0 0 0 0 0 0 0 0 0 0 0 0 0 0 0 0
0 0 0 0 0 0 0 0 0 0 0 0 0 0 0 0 0 0 0 0 0 0 0 0 0 0 0 0 0 0 0 0 0 0 0 0 0 0 0 0 0 0 0 0 0 0 0 0 0 0 0 0 0 0 0 0 0 0 0 0 0 0 0 0 1 0 0 0 0 0 0 0 1 0 0 0 0 0 0 0 0 0 0 0 0 0 0 0 4 2 0 0 0 0 13 6 0 0 0 0 0 0 2 1 0 0 0 0 0 0 6 3 0 0 0 0 9 4 0 0 9 4 5 2 0 0 0 0 0 0 2 1 0 0 0 0 0 0 0 0 0 0 0 0 0 0 15 7 0 0 0 0 19 9 0 0 0 0 0 0 0 0 0 0 2 1 0 0 0 0 0 0 0 0 12 6 10 5 0 0 0 0 0 0 0 0 0 0 2 1 0 0 0 0 0 0 0 0 5 2 0 0 0 0 0 0 0 0 2 1 11 5 2 1 0 0 0 0 0 0 7 3 8 4 0 0 0 0 0 0 12 6 0 0 19 9 0 0 0 0 0 0 0 0 0 0 0 0 3 1 0 0 2 1 0 0 0 0 0 0 0 0 0 0 0 0 0 0 0 0 16 8 0 0 0 0 0 0 0 0 0 0 0 0 0 0 0 0 0 0 0 0 0 0 0 0 0 0 0 0 0 0 0 0 0 0 0 0 0 0 0 0 0 0 0 0 0 0 0 0 0 0 0 0 0 0 0 0 0 0 0 0 0 0 0 0
0 0 0 0 0 0 0 0 0 0 0 0 0 0 0 0 0 0 0 0 0 0 0 0 0 0 0 0 0 0 0 0 0 0 0 0 0 0 0 0 0 0 0 0 0 0 0 0 0 0 0 0 0 0 0 0 0 0 0 0 0 0 0 0 0 0 0 0 0 0 0 0 0 0 0 0 0 0 4 2 0 0 0 0 0 0 0 0 0 0 0 0 0 0 0 0 0 0 0 0 0 0 0 0 1 0 0 0 0 0 0 0 0 0 0 0 2 1 1 0 0 0 0 0 0 0 1 0 0 0 0 0 0 0 3 1 0 0 0 0 0 0 0 0 0 0 0 0 0 0 0 0 0 0 11 5 0 0 6 3 0 0 0 0 0 0 13 6 8 4 8 4 3 1 0 0 0 0 0 0 11 5 0 0 0 0 0 0 0 0 0 0 0 0 0 0 0 0 0 0 0 0 1 0 0 0 2 1 0 0 4 2 0 0 0 0 0 0 4 2 0 0 5 2 0 0 0 0 4 2 0 0 0 0 0 0 0 0 0 0 0 0 0 0 0 0 2 1 0 0 0 0 0 0 0 0 0 0 0 0 0 0 0 0 0 0 0 0 0 0 0 0 0 0 0 0 0 0 0 0 0 0 0 0 0 0 0 0 0 0 0 0 5 2 0 0 0 0 0 0 0 0 0 0 0 0 0 0 0 0 0 0 0 0 0 0 0 0 0 0 0 0 0 0 0 0 0 0 0 0 0 0 0 0 0 0
0 0 0 0 0 0 0 0 0 0 0 0 0 0 0 0 0 0 0 0 0 0 0 0 0 0 0 0 0 0 0 0 0 0 0 0 2 1 18 9 0 0 0 0 0 0 0 0 0 0 0 0 0 0 0 0 0 0 0 0 0 0 0 0 0 0 22 11 4 2 0 0 0 0 10 5 0 0 4 2 0 0 0 0 0 0 0 0 0 0 0 0 0 0 0 0 0 0 0 0 0 0 3 1 0 0 0 0 0 0 2 1 0 0 0 0 0 0 0 0 0 0 0 0 0 0 0 0 0 0 0 0 0 0 0 0 0 0 0 0 0 0 0 0 6 3 0 0 3 1 0 0 0 0 3 1 2 1 0 0 0 0 0 0 0 0 0 0 0 0 1 0 0 0 0 0 11 5 0 0 0 0 3 1 8 4 8 4 12 6 14 7 2 1 0 0 4 2 0 0 5 2 0 0 0 0 0 0 0 0 1 0 1 0 0 0 4 2 0 0 0 0 21 10 0 0 0 0 0 0 0 0 0 0 0 0 14 7 0 0 0 0 6 3 0 0 0 0 0 0 0 0 0 0 5 2 0 0 0 0 0 0 0 0 12 6 0 0 0 0 0 0 0 0 0 0 0 0 0 0 0 0 0 0 4 2 0 0 0 0 0 0 0 0 0 0 0 0 0 0 0 0 0 0 0 0 0 0 0 0 0 0 0 0 0 0 0 0 0 0 0 0 0 0 0 0 0 0 0 0 0 0 0 0 0 0
0 0 0 0 0 0 0 0 0 0 0 0 0 0 0 0 0 0 0 0 0 0 0 0 0 0 0 0 0 0 0 0 0 0 0 0 0 0 0 0 0 0 0 0 0 0 0 0 14 7 0 0 0 0 18 9 0 0 0 0 0 0 0 0 0 0 8 4 1 0 0 0 0 0 14 7 0 0 0 0 2 1 6 3 0 0 0 0 0 0 0 0 14 7 8 4 0 0 0 0 0 0 3 1 0 0 0 0 0 0 0 0 0 0 0 0 0 0 0 0 2 1 0 0 0 0 0 0 1 0 0 0 0 0 0 0 0 0 0 0 2 1 0 0 0 0 0 0 7 3 0 0 2 1 0 0 0 0 3 1 0 0 2 1 1 0 14 7 0 0 6 3 0 0 0 0 4 2 0 0 0 0 0 0 0 0 8 4 0 0 0 0 0 0 8 4 0 0 3 1 1 0 0 0 8 4 0 0 0 0 0 0 0 0 0 0 0 0 11 5 0 0 0 0 0 0 0 0 0 0 0 0 0 0 0 0 0 0 0 0 0 0 0 0 0 0 0 0 0 0 0 0 0 0 0 0 0 0 0 0 0 0 0 0 14 7 0 0 0 0 0 0 0 0 0 0 0 0 0 0 0 0 0 0 0 0 0 0 0 0 0 0 2 1 0 0 0 0 0 0 0 0 0 0 0 0 0 0 0 0 0 0 0 0 0 0 0 0 0 0 0 0 0 0 0 0 0 0 0 0 0 0 0 0 0 0
0 0 0 0 0 0 0 0 0 0 0 0 0 0 0 0 0 0 0 0 0 0 0 0 0 0 0 0 20 10 0 0 0 0 0 0 0 0 0 0 0 0 0 0 0 0 0 0 0 0 0 0 0 0 0 0 0 0 0 0 0 0 0 0 0 0 0 0 0 0 0 0 0 0 0 0 0 0 0 0 0 0 4 2 0 0 0 0 0 0 0 0 0 0 0 0 0 0 0 0 0 0 18 9 0 0 0 0 12 6 0 0 0 0 0 0 10 5 0 0 0 0 0 0 5 2 0 0 0 0 0 0 14 7 0 0 0 0 7 3 0 0 0 0 0 0 0 0 0 0 0 0 0 0 0 0 0 0 0 0 6 3 0 0 0 0 0 0 0 0 1 0 0 0 0 0 9 4 0 0 4 2 2 1 10 5 2 1 15 7 0 0 0 0 0 0 0 0 8 4 8 4 8 4 7 3 6 3 0 0 0 0 0 0 0 0 0 0 0 0 0 0 0 0 0 0 0 0 0 0 0 0 0 0 0 0 4 2 0 0 0 0 0 0 0 0 0 0 0 0 0 0 0 0 0 0 0 0 0 0 9 4 0 0 0 0 0 0 0 0 0 0 0 0 0 0 0 0 0 0 0 0 0 0 0 0 0 0 0 0 0 0 0 0 0 0 0 0 0 0 0 0 0 0 0 0 0 0 0 0 0 0 0 0 0 0 0 0 0 0 0 0 0 0 0 0 0 0 0 0 0 0 0 0 0 0
0 0 0 0 0 0 0 0 0 0 0 0 0 0 0 0 0 0 0 0 0 0 0 0 0 0 0 0 7 3 0 0 0 0 0 0 0 0 0 0 0 0 0 0 0 0 0 0 1 0 2 1 0 0 0 0 0 0 0 0 0 0 0 0 0 0 0 0 0 0 0 0 0 0 0 0 10 5 12 6 0 0 0 0 0 0 4 2 0 0 0 0 12 6 0 0 0 0 0 0 0 0 0 0 9 4 0 0 0 0 0 0 0 0 0 0 0 0 0 0 0 0 4 2 0 0 0 0 0 0 5 2 0 0 7 3 0 0 0 0 0 0 0 0 0 0 0 0 0 0 0 0 0 0 9 4 0 0 0 0 0 0 10 5 0 0 18 9 0 0 0 0 0 0 0 0 0 0 0 0 10 5 0 0 0 0 0 0 0 0 0 0 0 0 0 0 0 0 0 0 7 3 0 0 0 0 0 0 0 0 0 0 0 0 0 0 10 5 0 0 0 0 0 0 0 0 0 0 0 0 0 0 5 2 2 1 0 0 0 0 0 0 0 0 0 0 2 1 0 0 0 0 0 0 0 0 0 0 0 0 0 0 6 3 0 0 0 0 0 0 0 0 0 0 0 0 0 0 9 4 0 0 0 0 0 0 0 0 0 0 0 0 0 0 0 0 0 0 0 0 0 0 0 0 0 0 0 0 0 0 0 0 0 0 0 0 0 0 0 0 0 0 0 0 0 0 0 0 0 0 0 0 0 0 0 0
0 0 0 0 0 0 0 0 0 0 0 0 0 0 0 0 0 0 0 0 0 0 0 0 0 0 0 0 0 0 0 0 2 1 0 0 0 0 0 0 0 0 0 0 0 0 0 0 0 0 0 0 10 5 0 0 0 0 0 0 0 0 0 0 0 0 0 0 0 0 0 0 0 0 0 0 4 2 3 1 23 11 0 0 0 0 0 0 0 0 9 4 0 0 0 0 0 0 0 0 0 0 0 0 0 0 20 10 0 0 0 0 0 0 0 0 0 0 0 0 0 0 0 0 16 8 0 0 0 0 0 0 0 0 0 0 0 0 0 0 0 0 0 0 0 0 0 0 0 0 0 0 2 1 10 5 0 0 2 1 0 0 1 0 0 0 0 0 0 0 0 0 0 0 0 0 0 0 0 0 0 0 1 0 0 0 1 0 0 0 0 0 0 0 0 0 1 0 0 0 1 0 0 0 0 0 0 0 0 0 0 0 0 0 0 0 0 0 0 0 0 0 0 0 0 0 0 0 0 0 0 0 0 0 0 0 3 1 0 0 0 0 0 0 0 0 0 0 0 0 0 0 0 0 0 0 0 0 0 0 0 0 0 0 0 0 15 7 0 0 0 0 0 0 0 0 0 0 0 0 0 0 0 0 0 0 0 0 0 0 0 0 0 0 0 0 0 0 0 0 0 0 0 0 0 0 0 0 0 0 0 0 0 0 0 0 0 0 0 0 0 0 0 0 0 0 0 0 0 0 0 0 0 0 0 0
0 0 0 0 0 0 0 0 0 0 0 0 0 0 0 0 0 0 0 0 0 0 0 0 0 0 0 0 0 0 0 0 0 0 0 0 0 0 0 0 0 0 0 0 0 0 3 1 0 0 12 6 0 0 11 5 0 0 0 0 0 0 0 0 0 0 0 0 0 0 5 2 0 0 0 0 0 0 0 0 0 0 0 0 0 0 0 0 0 0 10 5 8 4 0 0 0 0 0 0 0 0 3 1 0 0 0 0 0 0 0 0 0 0 0 0 0 0 2 1 1 0 3 1 0 0 7 3 0 0 0 0 0 0 0 0 0 0 0 0 0 0 0 0 10 5 0 0 0 0 0 0 2 1 8 4 0 0 5 2 0 0 0 0 0 0 2 1 0 0 0 0 0 0 0 0 0 0 14 7 0 0 18 9 0 0 0 0 0 0 6 3 0 0 0 0 8 4 0 0 0 0 0 0 0 0 0 0 0 0 0 0 0 0 0 0 0 0 0 0 0 0 0 0 0 0 11 5 0 0 0 0 0 0 0 0 0 0 0 0 0 0 0 0 0 0 1 0 0 0 0 0 0 0 0 0 0 0 0 0 0 0 0 0 0 0 0 0 0 0 0 0 0 0 0 0 0 0 0 0 0 0 0 0 0 0 0 0 0 0 0 0 0 0 0 0 0 0 0 0 0 0 0 0 25 12 2 1 0 0 0 0 0 0 0 0 0 0 0 0 0 0 0 0 0 0 0 0 0 0 0 0 0 0 0 0
0 0 0 0 0 0 0 0 0 0 0 0 0 0 0 0 0 0 0 0 0 0 0 0 0 0 2 1 0 0 0 0 0 0 0 0 5 2 0 0 25 12 0 0 0 0 0 0 0 0 15 7 0 0 0 0 0 0 4 2 0 0 0 0 0 0 0 0 0 0 0 0 0 0 0 0 0 0 0 0 4 2 0 0 0 0 4 2 0 0 2 1 0 0 0 0 0 0 0 0 0 0 0 0 0 0 0 0 6 3 0 0 0 0 0 0 0 0 16 8 4 2 5 2 1 0 0 0 0 0 0 0 0 0 6 3 0 0 2 1 0 0 0 0 0 0 0 0 2 1 0 0 0 0 0 0 0 0 0 0 2 1 0 0 0 0 0 0 0 0 0 0 0 0 0 0 0 0 0 0 15 7 0 0 0 0 0 0 0 0 0 0 0 0 6 3 0 0 0 0 0 0 10 5 0 0 0 0 0 0 0 0 0 0 0 0 0 0 0 0 6 3 0 0 0 0 0 0 0 0 0 0 0 0 0 0 0 0 0 0 0 0 8 4 0 0 0 0 0 0 0 0 1 0 0 0 0 0 0 0 4 2 0 0 0 0 0 0 16 8 0 0 0 0 0 0 0 0 0 0 0 0 0 0 0 0 0 0 0 0 0 0 0 0 0 0 0 0 0 0 0 0 0 0 0 0 12 6 0 0 0 0 0 0 0 0 0 0 0 0 0 0 0 0 0 0 0 0 0 0 0 0 0 0 0 0
0 0 0 0 0 0 0 0 0 0 0 0 0 0 0 0 0 0 0 0 0 0 0 0 0 0 2 1 0 0 0 0 0 0 0 0 0 0 0 0 0 0 0 0 0 0 0 0 4 2 0 0 0 0 0 0 0 0 0 0 0 0 0 0 0 0 0 0 0 0 0 0 0 0 0 0 0 0 0 0 0 0 0 0 0 0 0 0 4 2 0 0 1 0 0 0 2 1 0 0 0 0 0 0 0 0 2 1 0 0 0 0 0 0 6 3 5 2 0 0 6 3 0 0 0 0 0 0 0 0 0 0 12 6 0 0 0 0 3 1 0 0 0 0 2 1 0 0 0 0 0 0 0 0 0 0 0 0 0 0 0 0 0 0 9 4 0 0 0 0 0 0 0 0 0 0 3 1 4 2 10 5 5 2 0 0 10 5 0 0 0 0 0 0 0 0 0 0 0 0 0 0 0 0 0 0 2 1 2 1 0 0 0 0 0 0 0 0 0 0 0 0 0 0 0 0 5 2 0 0 0 0 0 0 0 0 0 0 0 0 0 0 0 0 0 0 0 0 0 0 0 0 0 0 0 0 0 0 0 0 0 0 0 0 0 0 0 0 0 0 0 0 0 0 17 8 0 0 0 0 0 0 2 1 0 0 0 0 0 0 0 0 0 0 0 0 0 0 0 0 4 2 0 0 0 0 0 0 0 0 0 0 0 0 0 0 0 0 0 0 0 0 0 0 0 0 0 0 0 0 0 0 0 0 0 0
0 0 0 0 0 0 0 0 0 0 0 0 0 0 0 0 0 0 0 0 0 0 0 0 0 0 0 0 0 0 0 0 0 0 1 0 0 0 0 0 0 0 0 0 0 0 0 0 0 0 10 5 18 9 16 8 0 0 0 0 0 0 0 0 0 0 12 6 0 0 0 0 0 0 0 0 0 0 0 0 5 2 0 0 0 0 0 0 0 0 0 0 0 0 0 0 3 1 16 8 1 0 0 0 0 0 0 0 0 0 0 0 0 0 0 0 0 0 1 0 0 0 0 0 0 0 0 0 0 0 0 0 0 0 0 0 0 0 0 0 0 0 9 4 0 0 4 2 1 0 0 0 0 0 0 0 0 0 16 8 0 0 1 0 0 0 17 8 0 0 0 0 9 4 0 0 0 0 0 0 0 0 2 1 0 0 0 0 0 0 3 1 3 1 0 0 0 0 0 0 0 0 6 3 0 0 0 0 0 0 0 0 1 0 0 0 0 0 0 0 0 0 0 0 0 0 0 0 0 0 0 0 8 4 0 0 0 0 0 0 0 0 0 0 0 0 0 0 0 0 0 0 0 0 0 0 0 0 0 0 0 0 0 0 0 0 0 0 0 0 6 3 0 0 0 0 0 0 0 0 0 0 0 0 0 0 0 0 0 0 0 0 2 1 0 0 0 0 0 0 0 0 0 0 0 0 0 0 7 3 0 0 0 0 0 0 0 0 0 0 0 0 0 0 0 0 0 0 0 0 0 0 0 0 0 0
0 0 0 0 0 0 0 0 0 0 0 0 0 0 0 0 0 0 0 0 0 0 0 0 0 0 0 0 0 0 0 0 0 0 0 0 0 0 0 0 0 0 0 0 0 0 0 0 0 0 0 0 0 0 0 0 0 0 0 0 0 0 0 0 0 0 0 0 0 0 0 0 2 1 0 0 2 1 0 0 0 0 0 0 0 0 11 5 0 0 0 0 4 2 0 0 0 0 0 0 2 1 0 0 0 0 0 0 0 0 0 0 1 0 2 1 14 7 0 0 0 0 0 0 2 1 0 0 0 0 0 0 0 0 15 7 0 0 0 0 0 0 0 0 0 0 12 6 2 1 2 1 0 0 0 0 1 0 0 0 12 6 4 2 0 0 0 0 0 0 3 1 0 0 0 0 0 0 0 0 0 0 0 0 0 0 0 0 0 0 0 0 0 0 2 1 0 0 0 0 5 2 0 0 0 0 0 0 0 0 0 0 0 0 4 2 0 0 12 6 2 1 15 7 0 0 0 0 0 0 0 0 0 0 0 0 0 0 0 0 0 0 0 0 0 0 0 0 0 0 0 0 0 0 0 0 0 0 0 0 0 0 0 0 0 0 0 0 0 0 0 0 0 0 0 0 0 0 0 0 0 0 0 0 0 0 0 0 0 0 0 0 0 0 0 0 0 0 0 0 0 0 0 0 0 0 0 0 0 0 0 0 0 0 0 0 0 0 0 0 0 0 0 0 0 0 0 0 0 0 0 0 0 0 0 0
0 0 0 0 0 0 0 0 0 0 0 0 0 0 0 0 0 0 0 0 0 0 0 0 0 0 0 0 0 0 0 0 0 0 0 0 0 0 0 0 24 12 0 0 0 0 0 0 0 0 0 0 0 0 0 0 2 1 0 0 0 0 0 0 0 0 0 0 0 0 0 0 0 0 8 4 8 4 0 0 0 0 0 0 0 0 0 0 0 0 0 0 10 5 0 0 0 0 0 0 0 0 0 0 2 1 0 0 0 0 0 0 0 0 0 0 0 0 0 0 1 0 0 0 4 2 0 0 0 0 5 2 0 0 0 0 3 1 0 0 0 0 0 0 7 3 0 0 1 0 0 0 0 0 0 0 0 0 0 0 2 1 2 1 4 2 0 0 0 0 0 0 0 0 0 0 0 0 0 0 0 0 0 0 0 0 12 6 14 7 0 0 0 0 0 0 2 1 0 0 0 0 1 0 0 0 0 0 5 2 0 0 0 0 0 0 0 0 0 0 0 0 0 0 20 10 0 0 0 0 0 0 0 0 0 0 0 0 0 0 0 0 0 0 0 0 0 0 0 0 0 0 0 0 0 0 0 0 0 0 0 0 0 0 0 0 0 0 0 0 0 0 0 0 0 0 0 0 0 0 0 0 0 0 0 0 0 0 0 0 0 0 0 0 0 0 0 0 0 0 0 0 0 0 0 0 0 0 0 0 0 0 0 0 0 0 0 0 0 0 0 0 0 0 0 0 0 0 0 0 0 0 0 0 0 0
0 0 0 0 0 0 0 0 0 0 0 0 0 0 0 0 0 0 0 0 0 0 0 0 0 0 0 0 0 0 0 0 0 0 0 0 0 0 0 0 2 1 0 0 0 0 0 0 0 0 0 0 0 0 0 0 0 0 0 0 0 0 2 1 0 0 0 0 0 0 0 0 6 3 0 0 0 0 6 3 0 0 0 0 0 0 0 0 0 0 14 7 0 0 0 0 0 0 0 0 8 4 0 0 0 0 1 0 8 4 0 0 0 0 0 0 0 0 0 0 0 0 2 1 1 0 7 3 0 0 0 0 0 0 0 0 0 0 0 0 0 0 0 0 0 0 0 0 0 0 0 0 0 0 4 2 2 1 2 1 0 0 0 0 0 0 0 0 10 5 1 0 18 9 0 0 0 0 7 3 6 3 0 0 4 2 0 0 0 0 0 0 15 7 0 0 0 0 0 0 0 0 4 2 0 0 0 0 0 0 0 0 0 0 0 0 0 0 0 0 0 0 0 0 0 0 5 2 0 0 0 0 16 8 0 0 0 0 0 0 0 0 10 5 16 8 0 0 0 0 0 0 0 0 0 0 0 0 0 0 7 3 0 0 0 0 0 0 0 0 0 0 0 0 0 0 0 0 0 0 0 0 0 0 0 0 0 0 0 0 0 0 0 0 0 0 0 0 0 0 0 0 0 0 0 0 0 0 0 0 0 0 0 0 0 0 0 0 0 0 0 0 0 0 0 0 0 0 0 0 0 0 0 0 0 0
0 0 0 0 0 0 0 0 0 0 0 0 0 0 0 0 0 0 0 0 0 0 0 0 0 0 0 0 0 0 0 0 0 0 0 0 0 0 0 0 0 0 0 0 0 0 0 0 0 0 0 0 0 0 0 0 0 0 0 0 3 1 0 0 11 5 0 0 0 0 11 5 0 0 0 0 0 0 0 0 0 0 0 0 21 10 0 0 0 0 0 0 0 0 0 0 0 0 0 0 0 0 11 5 0 0 0 0 0 0 0 0 0 0 6 3 0 0 0 0 0 0 0 0 0 0 3 1 0 0 1 0 0 0 6 3 0 0 0 0 0 0 0 0 0 0 0 0 0 0 0 0 2 1 0 0 6 3 0 0 0 0 0 0 0 0 0 0 0 0 0 0 0 0 0 0 0 0 0 0 0 0 0 0 0 0 0 0 0 0 0 0 0 0 6 3 0 0 0 0 10 5 2 1 0 0 0 0 0 0 0 0 0 0 0 0 3 1 0 0 0 0 0 0 0 0 0 0 0 0 0 0 0 0 0 0 0 0 0 0 0 0 0 0 0 0 0 0 0 0 0 0 0 0 0 0 0 0 0 0 0 0 0 0 0 0 0 0 0 0 0 0 0 0 0 0 0 0 0 0 0 0 0 0 13 6 15 7 0 0 0 0 0 0 0 0 0 0 8 4 0 0 0 0 0 0 0 0 0 0 0 0 0 0 0 0 0 0 0 0 0 0 0 0 0 0 0 0 0 0 0 0 0 0 0 0
0 0 0 0 0 0 0 0 0 0 0 0 0 0 0 0 0 0 0 0 0 0 0 0 0 0 0 0 0 0 0 0 0 0 0 0 0 0 0 0 0 0 0 0 0 0 4 2 0 0 0 0 0 0 0 0 0 0 0 0 0 0 8 4 0 0 0 0 0 0 5 2 0 0 0 0 0 0 0 0 0 0 10 5 0 0 0 0 0 0 0 0 0 0 0 0 0 0 0 0 0 0 0 0 0 0 0 0 0 0 0 0 0 0 0 0 0 0 0 0 5 2 0 0 0 0 0 0 0 0 0 0 0 0 0 0 0 0 0 0 0 0 0 0 2 1 0 0 0 0 0 0 0 0 0 0 19 9 0 0 0 0 0 0 16 8 0 0 10 5 0 0 0 0 0 0 0 0 0 0 0 0 1 0 0 0 14 7 0 0 0 0 0 0 0 0 4 2 0 0 1 0 4 2 0 0 0 0 0 0 0 0 0 0 8 4 0 0 0 0 0 0 0 0 0 0 3 1 0 0 0 0 0 0 0 0 0 0 0 0 0 0 0 0 12 6 0 0 0 0 0 0 0 0 0 0 0 0 0 0 0 0 0 0 0 0 0 0 0 0 0 0 12 6 10 5 0 0 0 0 0 0 0 0 0 0 12 6 0 0 0 0 0 0 0 0 0 0 0 0 0 0 0 0 0 0 0 0 0 0 0 0 0 0 0 0 0 0 0 0 0 0 0 0 0 0 0 0 0 0 0 0 0 0 0 0
0 0 0 0 0 0 0 0 0 0 0 0 0 0 0 0 0 0 0 0 0 0 0 0 0 0 0 0 10 5 0 0 0 0 0 0 0 0 0 0 0 0 0 0 0 0 0 0 0 0 0 0 0 0 0 0 0 0 0 0 0 0 0 0 0 0 0 0 0 0 0 0 0 0 8 4 0 0 0 0 0 0 0 0 0 0 1 0 0 0 2 1 0 0 0 0 0 0 0 0 0 0 0 0 0 0 0 0 2 1 0 0 0 0 0 0 0 0 0 0 0 0 0 0 18 9 18 9 4 2 3 1 0 0 0 0 0 0 0 0 0 0 0 0 0 0 0 0 3 1 0 0 0 0 2 1 2 1 0 0 0 0 0 0 0 0 0 0 0 0 0 0 0 0 0 0 5 2 0 0 0 0 2 1 0 0 0 0 0 0 4 2 0 0 0 0 5 2 0 0 3 1 1 0 0 0 0 0 0 0 0 0 0 0 0 0 0 0 0 0 0 0 0 0 6 3 0 0 0 0 0 0 0 0 0 0 0 0 0 0 0 0 0 0 0 0 0 0 0 0 0 0 0 0 0 0 0 0 0 0 0 0 0 0 0 0 0 0 0 0 0 0 0 0 11 5 0 0 0 0 0 0 0 0 13 6 0 0 0 0 0 0 0 0 1 0 0 0 0 0 0 0 0 0 0 0 0 0 0 0 0 0 0 0 0 0 0 0 0 0 0 0 0 0 0 0 0 0 0 0 0 0 0 0 0 0
0 0 0 0 0 0 0 0 0 0 0 0 0 0 0 0 0 0 0 0 0 0 0 0 0 0 0 0 0 0 0 0 0 0 0 0 0 0 0 0 0 0 0 0 0 0 0 0 0 0 0 0 0 0 0 0 3 1 0 0 0 0 0 0 0 0 0 0 0 0 0 0 3 1 0 0 0 0 0 0 0 0 0 0 0 0 8 4 0 0 14 7 0 0 0 0 0 0 0 0 0 0 0 0 4 2 0 0 0 0 0 0 0 0 0 0 0 0 0 0 0 0 0 0 2 1 0 0 0 0 12 6 6 3 0 0 0 0 4 2 0 0 6 3 0 0 0 0 0 0 0 0 0 0 0 0 0 0 0 0 1 0 1 0 3 1 0 0 0 0 6 3 0 0 0 0 13 6 4 2 0 0 0 0 0 0 5 2 13 6 0 0 0 0 0 0 4 2 1 0 0 0 16 8 0 0 0 0 0 0 0 0 0 0 0 0 0 0 1 0 0 0 0 0 0 0 0 0 17 8 0 0 0 0 0 0 0 0 0 0 0 0 0 0 0 0 0 0 0 0 0 0 0 0 0 0 6 3 0 0 0 0 0 0 0 0 0 0 14 7 16 8 0 0 0 0 0 0 0 0 13 6 0 0 0 0 0 0 0 0 0 0 0 0 0 0 0 0 0 0 0 0 0 0 0 0 0 0 0 0 0 0 0 0 0 0 0 0 0 0 0 0 0 0 0 0 0 0 0 0 0 0 0 0 0 0
0 0 0 0 0 0 0 0 0 0 0 0 0 0 0 0 0 0 0 0 0 0 0 0 0 0 0 0 0 0 0 0 0 0 0 0 0 0 0 0 0 0 0 0 0 0 0 0 1 0 0 0 0 0 0 0 0 0 0 0 0 0 0 0 0 0 0 0 0 0 0 0 0 0 0 0 0 0 0 0 10 5 0 0 0 0 0 0 0 0 0 0 0 0 0 0 0 0 2 1 0 0 0 0 10 5 0 0 2 1 0 0 0 0 0 0 0 0 10 5 0 0 0 0 0 0 0 0 0 0 7 3 15 7 0 0 0 0 0 0 0 0 0 0 0 0 0 0 0 0 14 7 0 0 3 1 0 0 0 0 4 2 0 0 0 0 0 0 1 0 6 3 0 0 0 0 0 0 5 2 0 0 14 7 1 0 0 0 13 6 0 0 0 0 1 0 0 0 0 0 0 0 4 2 6 3 0 0 0 0 0 0 0 0 2 1 0 0 0 0 0 0 0 0 0 0 0 0 0 0 0 0 18 9 0 0 0 0 2 1 0 0 18 9 0 0 7 3 0 0 0 0 0 0 0 0 0 0 0 0 0 0 0 0 0 0 2 1 0 0 21 10 0 0 0 0 0 0 0 0 2 1 0 0 0 0 0 0 0 0 0 0 0 0 0 0 0 0 0 0 0 0 0 0 0 0 0 0 0 0 0 0 0 0 0 0 0 0 0 0 0 0 0 0 0 0 0 0 0 0 0 0 0 0 0 0
0 0 0 0 0 0 0 0 0 0 0 0 0 0 0 0 0 0 0 0 0 0 0 0 0 0 0 0 0 0 0 0 0 0 0 0 0 0 0 0 0 0 0 0 0 0 0 0 0 0 0 0 0 0 0 0 0 0 0 0 0 0 0 0 0 0 0 0 0 0 0 0 13 6 0 0 18 9 0 0 4 2 3 1 0 0 0 0 0 0 0 0 0 0 0 0 0 0 0 0 0 0 3 1 0 0 0 0 0 0 0 0 0 0 0 0 0 0 0 0 9 4 20 10 0 0 0 0 0 0 0 0 0 0 0 0 0 0 0 0 12 6 0 0 0 0 0 0 0 0 0 0 0 0 1 0 0 0 0 0 0 0 0 0 2 1 0 0 0 0 0 0 0 0 0 0 0 0 4 2 17 8 0 0 0 0 0 0 4 2 5 2 0 0 0 0 0 0 2 1 6 3 0 0 0 0 2 1 4 2 2 1 0 0 1 0 0 0 0 0 0 0 0 0 0 0 0 0 0 0 0 0 0 0 0 0 0 0 0 0 0 0 0 0 0 0 0 0 0 0 0 0 0 0 0 0 0 0 0 0 0 0 0 0 0 0 0 0 0 0 0 0 0 0 0 0 0 0 0 0 0 0 0 0 0 0 0 0 0 0 0 0 0 0 0 0 0 0 0 0 0 0 0 0 0 0 0 0 0 0 0 0 0 0 0 0 0 0 0 0 0 0 0 0 0 0 0 0 0 0 0 0 0 0 0 0
0 0 0 0 0 0 0 0 0 0 0 0 0 0 0 0 0 0 0 0 0 0 0 0 0 0 0 0 0 0 0 0 0 0 0 0 0 0 0 0 0 0 0 0 0 0 0 0 0 0 0 0 0 0 0 0 0 0 0 0 9 4 0 0 0 0 0 0 0 0 0 0 0 0 0 0 0 0 0 0 0 0 0 0 0 0 0 0 0 0 0 0 0 0 0 0 0 0 0 0 0 0 1 0 0 0 8 4 0 0 0 0 0 0 2 1 0 0 0 0 5 2 0 0 0 0 0 0 15 7 0 0 3 1 0 0 0 0 2 1 0 0 0 0 12 6 0 0 0 0 0 0 1 0 1 0 14 7 1 0 2 1 0 0 0 0 0 0 0 0 1 0 0 0 13 6 0 0 0 0 0 0 0 0 8 4 0 0 0 0 8 4 0 0 0 0 0 0 0 0 0 0 14 7 1 0 0 0 0 0 9 4 5 2 0 0 0 0 0 0 0 0 0 0 0 0 0 0 4 2 0 0 0 0 0 0 0 0 0 0 0 0 0 0 0 0 0 0 0 0 0 0 0 0 0 0 0 0 0 0 0 0 2 1 0 0 0 0 8 4 0 0 9 4 0 0 0 0 0 0 0 0 0 0 0 0 0 0 0 0 0 0 0 0 0 0 0 0 0 0 0 0 0 0 0 0 0 0 0 0 0 0 0 0 0 0 0 0 0 0 0 0 0 0 0 0 0 0 0 0 0 0 0 0 0 0
0 0 0 0 0 0 0 0 0 0 0 0 0 0 0 0 0 0 0 0 0 0 0 0 0 0 0 0 0 0 0 0 0 0 0 0 0 0 0 0 0 0 0 0 0 0 0 0 0 0 0 0 0 0 0 0 0 0 0 0 0 0 0 0 0 0 3 1 0 0 0 0 0 0 0 0 0 0 2 1 3 1 0 0 0 0 0 0 0 0 0 0 0 0 0 0 0 0 0 0 0 0 0 0 0 0 0 0 0 0 2 1 0 0 0 0 0 0 0 0 4 2 1 0 0 0 0 0 0 0 0 0 0 0 0 0 0 0 0 0 15 7 0 0 0 0 0 0 0 0 17 8 0 0 0 0 0 0 12 6 9 4 0 0 0 0 0 0 0 0 0 0 0 0 0 0 0 0 0 0 0 0 8 4 0 0 0 0 0 0 3 1 1 0 0 0 0 0 4 2 0 0 0 0 0 0 8 4 9 4 0 0 0 0 0 0 0 0 0 0 0 0 0 0 0 0 0 0 0 0 0 0 0 0 0 0 0 0 0 0 0 0 0 0 0 0 0 0 6 3 0 0 1 0 0 0 0 0 0 0 0 0 0 0 0 0 0 0 0 0 10 5 0 0 0 0 0 0 0 0 0 0 0 0 0 0 0 0 0 0 0 0 0 0 0 0 0 0 0 0 0 0 0 0 0 0 0 0 0 0 0 0 0 0 0 0 0 0 0 0 0 0 0 0 0 0 0 0 0 0 0 0 0 0 0 0
10 23 25 16 17 27 33 25 12 21 24 21 19 23 21 23 22 24 22 16 16 16 23 13 17 15 14 18 30 30 16 14 17 26 21 14 40 19 19 12 17 16 20 8 15 10 13 16 30 29 19 18 15 20 10 5 11 16 18 30 22 10 25 15 11 32 37 21 11 16 14 24 14 11 16 21 13 6 29 20 18 25 19 24 14 19 19 17 20 11 22 28 20 13 24 13 22 14 30 9 14 20 21 14 10 23 21 21 15 14 15 18 13 17 21 18 10 28 26 17 30 18 8 15 29 23 10 25 19 18 15 17 18 33 24 7 33 19 25 23 12 10 20 15 21 14 23 26 15 16 20 20 16 10 20 20 34 15 15 23 14 13 14 20 22 16 38 27
26 27 27 21 12 15 20 23 38 17 13 21 18 29 20 23 22 21 21 16 35 26 17 18 18 18 28 22 14 15 13 12 33 27 21 31 25 18 27 27 15 21 19 18 22 12 13 11 10 35 17 21 17 14 38 20 16 17 17 32 31 21 15 21 15 26 19 21 15 24 14 11 23 31 21 12 30 20 18 27 19 18 24 23 10 20 16 50 13 29 23 11 9 15 15 19 28 8 20 8 17 24 15 20 15 20 8 18 37 14 7 31 11 17 7 9 16 14 19 14 25 26 12 9 14 30 29 11 14 16 22 26 31 42 22 12 19 14 21 13 23 28 18 14 17 26 13 31 16 18 13 16 13 24 22 13 24 21 25 17 24 9 14 22 10 24 13 12
22 20 24 13 21 18 11 23 22 24 30 19 26 19 24 31 13 21 15 18 18 22 21 10 15 28 19 20 21 19 22 18 22 18 13 26 22 16 23 24 21 8 22 18 28 17 34 24 12 28 9 14 36 26 16 22 16 12 35 23 13 21 16 35 23 23 35 23 13 28 18 29 18 9 21 35 26 20 25 31 22 7 9 14 33 31 23 9 13 20 7 13 27 19 16 16 18 30 16 19 36 10 22 21 18 21 12 15 24 18 9 24 32 30 19 29 25 21 18 29 15 41 21 25 24 20 22 22 18 20 15 14 27 24 17 12 14 23 14 26 16 18 6 23 23 17 11 18 28 22 26 9 39 31 12 22 19 21 19 18 13 22 21 17 17 22 18 8
12 19 19 18 26 20 20 20 29 28 20 16 23 14 20 24 21 18 10 36 25 24 7 21 21 9 15 13 14 22 9 14 24 15 24 25 14 28 18 21 17 15 14 28 18 33 17 25 19 21 25 17 11 22 21 17 26 17 7 15 13 29 23 17 14 22 26 12 22 21 19 12 14 19 35 19 22 6 19 10 21 17 11 22 13 32 17 24 17 21 28 20 19 21 15 11 13 19 13 34 15 13 23 28 25 14 11 18 15 19 24 29 14 30 15 12 15 24 20 23 17 13 21 18 16 21 33 11 17 27 33 17 13 23 21 13 14 18 17 12 17 17 12 10 22 26 18 11 16 16 18 15 33 13 20 30 24 13 28 21 17 17 19 19 12 6 21 23
15 12 12 18 14 18 30 13 13 14 15 14 15 18 26 11 8 26 24 17 19 18 13 20 12 19 16 25 21 11 20 30 22 16 11 9 9 18 27 36 25 25 24 13 11 11 10 16 14 23 27 34 9 24 20 28 26 24 17 23 10 23 21 10 8 23 13 5 15 21 20 16 20 14 15 23 20 38 17 12 18 15 13 27 16 14 20 16 10 23 13 23 17 24 21 28 30 21 13 22 19 16 19 23 29 14 13 22 26 37 16 26 24 7 17 22 29 19 6 20 7 15 19 16 33 10 19 41 15 21 10 25 12 17 15 17 11 12 12 19 15 15 19 34 15 13 22 18 21 19 19 6 17 21 18 13 26 22 21 15 24 10 16 15 21 11 24 8
19 28 11 29 16 37 7 8 9 16 22 27 10 16 27 14 15 21 26 15 10 18 19 21 10 19 12 13 8 32 22 11 21 12 22 19 21 20 18 16 8 30 11 18 27 23 28 16 17 13 8 26 22 15 11 13 8 26 13 25 13 24 23 16 17 21 25 20 21 22 15 27 12 24 16 16 25 37 20 26 18 16 16 19 24 15 37 10 11 13 12 18 20 18 23 29 22 17 24 12 21 11 10 10 17 22 13 24 15 37 14 23 14 7 23 19 23 19 39 22 24 24 24 8 18 9 31 23 20 24 23 20 18 15 19 12 24 16 16 14 29 23 13 18 27 25 13 21 17 17 15 15 16 19 11 22 14 6 33 16 20 17 17 18 31 13 14 19
25 14 16 18 16 19 32 17 19 15 13 23 18 25 22 17 22 11 17 13 23 20 19 22 20 28 13 30 23 16 11 18 14 20 15 12 31 25 29 28 24 14 21 20 10 13 18 19 13 15 19 27 18 20 23 11 10 16 19 22 20 14 14 16 22 22 16 22 24 15 33 18 11 24 21 16 15 17 6 30 36 21 24 17 13 20 15 19 11 17 19 16 23 15 35 39 7 27 22 16 15 15 19 15 17 13 23 10 28 18 11 25 21 23 17 23 17 13 19 23 31 23 33 29 25 20 17 28 9 12 13 8 14 24 7 12 29 23 24 13 25 29 16 28 18 15 16 17 15 21 14 25 14 17 21 15 28 11 21 31 9 36 23 31 28 20 39 13
24 14 17 15 12 20 17 25 15 19 19 23 9 29 35 7 10 31 17 26 27 10 19 20 17 15 25 18 42 21 7 25 14 24 18 19 28 25 27 16 24 12 21 15 10 10 31 24 8 14 22 17 21 24 20 14 25 14 22 14 26 13 14 27 19 18 25 29 14 10 16 19 11 15 20 10 25 19 29 27 24 14 11 23 24 19 15 16 16 21 11 26 16 10 20 15 16 13 14 34 19 21 21 15 27 9 38 18 24 22 25 17 17 13 15 25 5 21 31 11 8 16 17 13 12 11 16 17 27 13 22 21 5 20 19 21 12 17 25 19 23 9 15 14 15 13 19 17 22 24 10 12 19 16 10 15 25 14 21 20 29 22 22 13 28 18 11 31
20 16 15 10 23 12 14 43 28 17 28 13 16 21 23 22 21 9 16 17 23 8 7 14 30 20 15 41 22 20 26 11 20 22 18 6 16 16 12 13 13 26 15 14 16 17 10 17 20 33 10 20 16 19 27 17 11 7 19 11 11 18 22 11 30 24 30 15 17 7 14 12 23 22 22 29 20 21 19 15 27 21 28 28 11 18 23 35 19 27 18 28 22 14 19 21 11 26 30 14 13 22 12 14 22 18 15 19 12 8 22 17 17 10 15 14 15 22 13 6 23 32 26 20 27 35 14 24 14 29 19 7 28 20 25 35 12 27 13 26 18 14 18 8 15 10 11 12 22 18 17 30 16 13 14 18 17 22 18 28 26 30 35 20 18 8 26 17
27 12 17 21 25 25 28 18 30 18 14 25 27 17 24 18 19 23 20 9 14 26 9 14 15 27 14 16 18 11 18 32 12 23 22 16 17 18 13 8 10 10 31 19 15 22 22 25 28 31 17 11 22 19 30 23 27 12 17 27 13 33 21 29 27 25 31 29 18 24 25 26 31 20 32 22 20 15 11 22 23 17 14 18 16 19 24 15 19 12 9 29 19 27 33 17 17 25 32 29 15 21 27 23 18 24 20 13 29 24 9 10 20 28 19 34 10 9 28 19 10 21 9 17 10 17 18 20 12 14 20 15 33 11 9 16 14 13 17 20 11 22 19 23 29 11 20 21 16 18 22 14 20 28 19 22 34 14 21 16 25 14 18 10 13 34 18 13
12 24 19 18 16 31 15 6 18 17 12 10 27 31 39 21 32 17 15 27 26 15 21 25 7 15 17 28 28 20 30 12 30 11 18 31 14 14 27 20 17 20 13 14 15 32 28 21 28 20 16 25 14 12 18 13 12 6 24 24 14 28 19 17 44 10 16 20 21 13 23 15 24 13 12 23 12 9 25 18 26 7 21 30 14 16 16 15 7 22 10 11 22 17 17 27 17 41 29 19 35 11 11 16 17 22 9 19 7 20 14 26 18 25 22 14 34 20 12 16 16 17 17 17 27 26 14 15 24 25 14 21 24 21 15 22 10 9 21 20 26 12 16 13 14 7 17 28 24 17 38 20 17 14 16 11 15 14 10 17 37 29 16 12 11 22 11 13
24 31 27 11 13 10 34 13 32 42 24 20 27 22 6 14 20 18 8 16 20 17 14 16 8 13 15 16 15 15 14 12 22 27 19 12 22 21 13 17 9 20 23 18 14 17 11 13 46 39 28 25 24 20 18 25 21 11 16 27 13 30 21 10 17 11 14 21 19 30 38 21 15 27 14 13 21 13 30 28 20 12 12 19 31 12 18 16 33 22 16 25 18 11 15 18 20 26 28 14 29 35 26 49 16 27 12 23 24 17 17 17 10 13 16 17 26 15 40 22 18 28 16 17 17 12 21 18 22 15 13 17 29 13 12 23 19 13 18 15 13 19 20 9 8 19 14 22 27 13 23 14 16 25 20 46 20 26 18 26 24 22 13 13 10 17 13 18
10 25 22 14 14 13 22 11 20 17 15 18 22 20 19 24 21 16 23 31 9 17 24 15 21 28 22 23 25 20 23 23 28 13 34 14 32 22 16 19 16 14 23 11 8 17 15 31 19 18 15 24 17 8 20 11 31 24 13 25 12 18 17 18 19 19 11 16 18 20 11 21 17 10 23 22 25 18 14 17 15 10 30 13 23 12 25 26 13 20 31 13 26 21 18 18 8 16 36 14 22 20 21 15 26 21 9 25 23 16 14 11 19 19 19 10 21 21 20 11 18 17 23 11 21 11 25 20 19 20 28 17 25 30 17 14 9 21 9 11 14 24 12 29 18 20 40 17 16 11 22 15 11 18 27 17 19 29 21 23 25 17 27 13 20 25 10 9
15 26 15 14 21 25 26 26 17 17 10 10 17 24 30 16 25 16 19 17 20 16 19 26 33 16 22 10 24 17 14 20 16 14 14 22 17 29 7 28 15 26 15 23 22 38 22 24 27 25 28 17 12 28 23 7 23 8 8 24 15 25 8 20 14 31 28 18 8 27 18 22 22 29 9 21 27 9 12 18 28 20 23 16 10 16 32 10 14 18 8 35 24 11 21 19 26 14 22 17 21 37 29 24 17 17 18 19 18 29 21 21 17 23 27 25 16 10 18 21 20 15 20 10 31 10 10 18 22 22 37 26 25 14 13 23 22 25 23 21 15 12 24 6 37 32 20 21 14 22 14 25 16 28 11 17 12 25 22 15 18 9 24 19 22 14 18 22
12 29 20 22 25 23 23 30 13 15 23 23 21 17 17 13 10 17 15 12 9 13 18 10 12 20 17 29 26 31 16 18 14 17 14 21 19 19 26 32 25 25 14 14 9 23 15 15 25 14 21 11 23 20 21 14 21 17 22 8 20 14 18 25 25 25 12 13 19 18 22 20 21 20 13 21 15 20 5 17 19 28 15 19 20 26 15 15 13 38 18 21 18 19 15 22 12 19 15 24 25 25 14 19 22 38 24 14 15 10 16 29 13 23 14 20 27 10 22 15 54 20 18 24 24 19 18 28 25 22 19 12 27 21 11 10 33 28 18 18 14 16 21 15 16 22 25 28 34 23 21 19 16 35 19 22 18 7 14 11 35 18 20 17 24 18 30 19
18 11 12 24 13 13 14 8 21 10 24 21 34 35 21 14 17 23 16 23 17 23 18 13 22 18 13 15 25 15 26 16 13 14 25 11 21 11 19 24 28 22 19 26 15 15 13 24 34 15 10 16 27 15 33 24 22 15 34 32 43 14 13 14 14 12 18 27 11 23 11 17 17 15 8 18 17 8 16 12 21 11 22 22 22 30 25 27 18 15 24 17 13 36 20 11 13 16 12 36 22 17 16 13 21 12 21 15 15 23 22 23 18 12 15 18 17 14 17 11 16 13 15 19 15 14 16 11 18 22 11 6 19 27 30 12 10 15 34 18 18 17 22 23 15 14 21 17 14 16 9 16 25 16 11 20 20 21 15 27 17 31 26 18 24 12 9 14
0.9375 0.125 0 0.5625 0.5 0 0 0 0.8125 0.25 0.0625 0.25 0.375 0.125 0.25 0.125 0.1875 0.0625 0.1875 0.5625 0.5625 0.5625 0.125 0.75 0.5 0.625 0.6875 0.4375 0 0 0.5625 0.6875 0.5 0 0.25 0.6875 0 0.375 0.375 0.8125 0.5 0.5625 0.3125 1 0.625 0.9375 0.75 0.5625 0 0 0.375 0.4375 0.625 0.3125 0.9375 1 0.875 0.5625 0.4375 0 0.1875 0.9375 0 0.625 0.875 0 0 0.25 0.875 0.5625 0.6875 0.0625 0.6875 0.875 0.5625 0.25 0.75 1 0 0.3125 0.4375 0 0.375 0.0625 0.6875 0.375 0.375 0.5 0.3125 0.875 0.1875 0 0.3125 0.75 0.0625 0.75 0.1875 0.6875 0 1 0.6875 0.3125 0.25 0.6875 0.9375 0.125 0.25 0.25 0.625 0.6875 0.625 0.4375 0.75 0.5 0.25 0.4375 0.9375 0 0 0.5 0 0.4375 1 0.625 0 0.125 0.9375 0 0.375 0.4375 0.625 0.5 0.4375 0 0.0625 1 0 0.375 0 0.125 0.8125 0.9375 0.3125 0.625 0.25 0.6875 0.125 0 0.625 0.5625 0.3125 0.3125 0.5625 0.9375 0.3125 0.3125 0 0.625 0.625 0.125 0.6875 0.75 0.6875 0.3125 0.1875 0.5625 0 0
0 0 0 0.25 0.8125 0.625 0.3125 0.125 0 0.5 0.75 0.25 0.4375 0 0.3125 0.125 0.1875 0.25 0.25 0.5625 0 0 0.5 0.4375 0.4375 0.4375 0 0.1875 0.6875 0.625 0.75 0.8125 0 0 0.25 0 0 0.4375 0 0 0.625 0.25 0.375 0.4375 0.1875 0.8125 0.75 0.875 0.9375 0 0.5 0.25 0.5 0.6875 0 0.3125 0.5625 0.5 0.5 0 0 0.25 0.625 0.25 0.625 0 0.375 0.25 0.625 0.0625 0.6875 0.875 0.125 0 0.25 0.8125 0 0.3125 0.4375 0 0.375 0.4375 0.0625 0.125 0.9375 0.3125 0.5625 0 0.75 0 0.125 0.875 1 0.625 0.625 0.375 0 1 0.3125 1 0.5 0.0625 0.625 0.3125 0.625 0.3125 1 0.4375 0 0.6875 1 0 0.875 0.5 1 1 0.5625 0.6875 0.375 0.6875 0 0 0.8125 1 0.6875 0 0 0.875 0.6875 0.5625 0.1875 0 0 0 0.1875 0.8125 0.375 0.6875 0.25 0.75 0.125 0 0.4375 0.6875 0.5 0 0.75 0 0.5625 0.4375 0.75 0.5625 0.75 0.0625 0.1875 0.75 0.0625 0.25 0 0.5 0.0625 1 0.6875 0.1875 0.9375 0.0625 0.75 0.8125
0.1875 0.3125 0.0625 0.75 0.25 0.4375 0.875 0.125 0.1875 0.0625 0 0.375 0 0.375 0.0625 0 0.75 0.25 0.625 0.4375 0.4375 0.1875 0.25 0.9375 0.625 0 0.375 0.3125 0.25 0.375 0.1875 0.4375 0.1875 0.4375 0.75 0 0.1875 0.5625 0.125 0.0625 0.25 1 0.1875 0.4375 0 0.5 0 0.0625 0.8125 0 1 0.6875 0 0 0.5625 0.1875 0.5625 0.8125 0 0.125 0.75 0.25 0.5625 0 0.125 0.125 0 0.125 0.75 0 0.4375 0 0.4375 1 0.25 0 0 0.3125 0 0 0.1875 1 1 0.6875 0 0 0.125 1 0.75 0.3125 1 0.75 0 0.375 0.5625 0.5625 0.4375 0 0.5625 0.375 0 0.9375 0.1875 0.25 0.4375 0.25 0.8125 0.625 0.0625 0.4375 1 0.0625 0 0 0.375 0 0 0.25 0.4375 0 0.625 0 0.25 0 0.0625 0.3125 0.1875 0.1875 0.4375 0.3125 0.625 0.6875 0 0.0625 0.5 0.8125 0.6875 0.125 0.6875 0 0.5625 0.4375 1 0.125 0.125 0.5 0.875 0.4375 0 0.1875 0 1 0 0 0.8125 0.1875 0.375 0.25 0.375 0.4375 0.75 0.1875 0.25 0.5 0.5 0.1875 0.4375 1
0.8125 0.375 0.375 0.4375 0 0.3125 0.3125 0.3125 0 0 0.3125 0.5625 0.125 0.6875 0.3125 0.0625 0.25 0.4375 0.9375 0 0 0.0625 1 0.25 0.25 1 0.625 0.75 0.6875 0.1875 1 0.6875 0.0625 0.625 0.0625 0 0.6875 0 0.4375 0.25 0.5 0.625 0.6875 0 0.4375 0 0.5 0 0.375 0.25 0 0.5 0.875 0.1875 0.25 0.5 0 0.5 1 0.625 0.75 0 0.125 0.5 0.6875 0.1875 0 0.8125 0.1875 0.25 0.375 0.8125 0.6875 0.375 0 0.375 0.1875 1 0.375 0.9375 0.25 0.5 0.875 0.1875 0.75 0 0.5 0.0625 0.5 0.25 0 0.3125 0.375 0.25 0.625 0.875 0.75 0.375 0.75 0 0.625 0.75 0.125 0 0 0.6875 0.875 0.4375 0.625 0.375 0.0625 0 0.6875 0 0.625 0.8125 0.625 0.0625 0.3125 0.125 0.5 0.75 0.25 0.4375 0.5625 0.25 0 0.875 0.5 0 0 0.5 0.75 0.125 0.25 0.75 0.6875 0.4375 0.5 0.8125 0.5 0.5 0.8125 0.9375 0.1875 0 0.4375 0.875 0.5625 0.5625 0.4375 0.625 0 0.75 0.3125 0 0.0625 0.75 0 0.25 0.5 0.5 0.375 0.375 0.8125 1 0.25 0.125
0.625 0.8125 0.8125 0.4375 0.6875 0.4375 0 0.75 0.75 0.6875 0.625 0.6875 0.625 0.4375 0 0.875 1 0 0.0625 0.5 0.375 0.4375 0.75 0.3125 0.8125 0.375 0.5625 0 0.25 0.875 0.3125 0 0.1875 0.5625 0.875 1 1 0.4375 0 0 0 0 0.0625 0.75 0.875 0.875 0.9375 0.5625 0.6875 0.125 0 0 1 0.0625 0.3125 0 0 0.0625 0.5 0.125 0.9375 0.125 0.25 0.9375 1 0.125 0.75 1 0.625 0.25 0.3125 0.5625 0.3125 0.6875 0.625 0.125 0.3125 0 0.5 0.8125 0.4375 0.625 0.75 0 0.5625 0.6875 0.3125 0.5625 0.9375 0.125 0.75 0.125 0.5 0.0625 0.25 0 0 0.25 0.75 0.1875 0.375 0.5625 0.375 0.125 0 0.6875 0.75 0.1875 0 0 0.5625 0 0.0625 1 0.5 0.1875 0 0.375 1 0.3125 1 0.625 0.375 0.5625 0 0.9375 0.375 0 0.625 0.25 0.9375 0 0.8125 0.5 0.625 0.5 0.875 0.8125 0.8125 0.375 0.625 0.625 0.375 0 0.625 0.75 0.1875 0.4375 0.25 0.375 0.375 1 0.5 0.25 0.4375 0.75 0 0.1875 0.25 0.625 0.0625 0.9375 0.5625 0.625 0.25 0.875 0.0625 1
0.375 0 0.875 0 0.5625 0 1 1 1 0.5625 0.1875 0 0.9375 0.5625 0 0.6875 0.625 0.25 0 0.625 0.9375 0.4375 0.375 0.25 0.9375 0.375 0.8125 0.75 1 0 0.1875 0.875 0.25 0.8125 0.1875 0.375 0.25 0.3125 0.4375 0.5625 1 0 0.875 0.4375 0 0.125 0 0.5625 0.5 0.75 1 0 0.1875 0.625 0.875 0.75 1 0 0.75 0 0.75 0.0625 0.125 0.5625 0.5 0.25 0 0.3125 0.25 0.1875 0.625 0 0.8125 0.0625 0.5625 0.5625 0 0 0.3125 0 0.4375 0.5625 0.5625 0.375 0.0625 0.625 0 0.9375 0.875 0.75 0.8125 0.4375 0.3125 0.4375 0.125 0 0.1875 0.5 0.0625 0.8125 0.25 0.875 0.9375 0.9375 0.5 0.1875 0.75 0.0625 0.625 0 0.6875 0.125 0.6875 1 0.125 0.375 0.125 0.375 0 0.1875 0.0625 0.0625 0.0625 1 0.4375 1 0 0.125 0.3125 0.0625 0.125 0.3125 0.4375 0.625 0.375 0.8125 0.0625 0.5625 0.5625 0.6875 0 0.125 0.75 0.4375 0 0 0.75 0.25 0.5 0.5 0.625 0.625 0.5625 0.375 0.875 0.1875 0.6875 1 0 0.5625 0.3125 0.5 0.5 0.4375 0 0.75 0.6875 0.375
0 0.6875 0.5625 0.4375 0.5625 0.375 0 0.5 0.375 0.625 0.75 0.125 0.4375 0 0.1875 0.5 0.1875 0.875 0.5 0.75 0.125 0.3125 0.375 0.1875 0.3125 0 0.75 0 0.125 0.5625 0.875 0.4375 0.6875 0.3125 0.625 0.8125 0 0 0 0 0.0625 0.6875 0.25 0.3125 0.9375 0.75 0.4375 0.375 0.75 0.625 0.375 0 0.4375 0.3125 0.125 0.875 0.9375 0.5625 0.375 0.1875 0.3125 0.6875 0.6875 0.5625 0.1875 0.1875 0.5625 0.1875 0.0625 0.625 0 0.4375 0.875 0.0625 0.25 0.5625 0.625 0.5 1 0 0 0.25 0.0625 0.5 0.75 0.3125 0.625 0.375 0.875 0.5 0.375 0.5625 0.125 0.625 0 0 1 0 0.1875 0.5625 0.625 0.625 0.375 0.625 0.5 0.75 0.125 0.9375 0 0.4375 0.875 0 0.25 0.125 0.5 0.125 0.5 0.75 0.375 0.125 0 0.125 0 0 0 0.3125 0.5 0 1 0.8125 0.75 1 0.6875 0.0625 1 0.8125 0 0.125 0.0625 0.75 0 0 0.5625 0 0.4375 0.625 0.5625 0.5 0.625 0.25 0.6875 0 0.6875 0.5 0.25 0.625 0 0.875 0.25 0 1 0 0.125 0 0 0.3125 0 0.75
0.0625 0.6875 0.5 0.625 0.8125 0.3125 0.5 0 0.625 0.375 0.375 0.125 1 0 0 1 0.9375 0 0.5 0 0 0.9375 0.375 0.3125 0.5 0.625 0 0.4375 0 0.25 1 0 0.6875 0.0625 0.4375 0.375 0 0 0 0.5625 0.0625 0.8125 0.25 0.625 0.9375 0.9375 0 0.0625 1 0.6875 0.1875 0.5 0.25 0.0625 0.3125 0.6875 0 0.6875 0.1875 0.6875 0 0.75 0.6875 0 0.375 0.4375 0 0 0.6875 0.9375 0.5625 0.375 0.875 0.625 0.3125 0.9375 0 0.375 0 0 0.0625 0.6875 0.875 0.125 0.0625 0.375 0.625 0.5625 0.5625 0.25 0.875 0 0.5625 0.9375 0.3125 0.625 0.5625 0.75 0.6875 0 0.375 0.25 0.25 0.625 0 1 0 0.4375 0.0625 0.1875 0 0.5 0.5 0.75 0.625 0 1 0.25 0 0.875 1 0.5625 0.5 0.75 0.8125 0.875 0.5625 0.5 0 0.75 0.1875 0.25 1 0.3125 0.375 0.25 0.8125 0.5 0 0.375 0.125 1 0.625 0.6875 0.625 0.75 0.375 0.5 0.1875 0.0625 0.9375 0.8125 0.375 0.5625 0.9375 0.625 0 0.6875 0.25 0.3125 0 0.1875 0.1875 0.75 0 0.4375 0.875 0
0.3125 0.5625 0.625 0.9375 0.125 0.8125 0.6875 0 0 0.5 0 0.75 0.5625 0.25 0.125 0.1875 0.25 1 0.5625 0.5 0.125 1 1 0.6875 0 0.3125 0.625 0 0.1875 0.3125 0 0.875 0.3125 0.1875 0.4375 1 0.5625 0.5625 0.8125 0.75 0.75 0 0.625 0.6875 0.5625 0.5 0.9375 0.5 0.3125 0 0.9375 0.3125 0.5625 0.375 0 0.5 0.875 1 0.375 0.875 0.875 0.4375 0.1875 0.875 0 0.0625 0 0.625 0.5 1 0.6875 0.8125 0.125 0.1875 0.1875 0 0.3125 0.25 0.375 0.625 0 0.25 0 0 0.875 0.4375 0.125 0 0.375 0 0.4375 0 0.1875 0.6875 0.375 0.25 0.875 0 0 0.6875 0.75 0.1875 0.8125 0.6875 0.1875 0.4375 0.625 0.375 0.8125 1 0.1875 0.5 0.5 0.9375 0.625 0.6875 0.625 0.1875 0.75 1 0.125 0 0 0.3125 0 0 0.6875 0.0625 0.6875 0 0.375 1 0 0.3125 0 0 0.8125 0 0.75 0 0.4375 0.6875 0.4375 1 0.625 0.9375 0.875 0.8125 0.1875 0.4375 0.5 0 0.5625 0.75 0.6875 0.4375 0.5 0.1875 0.4375 0 0 0 0 0.3125 0.4375 1 0 0.5
0 0.8125 0.5 0.25 0 0 0 0.4375 0 0.4375 0.6875 0 0 0.5 0.0625 0.4375 0.375 0.125 0.3125 1 0.6875 0 1 0.6875 0.625 0 0.6875 0.5625 0.4375 0.875 0.4375 0 0.8125 0.125 0.1875 0.5625 0.5 0.4375 0.75 1 0.9375 0.9375 0 0.375 0.625 0.1875 0.1875 0 0 0 0.5 0.875 0.1875 0.375 0 0.125 0 0.8125 0.5 0 0.75 0 0.25 0 0 0 0 0 0.4375 0.0625 0 0 0 0.3125 0 0.1875 0.3125 0.625 0.875 0.1875 0.125 0.5 0.6875 0.4375 0.5625 0.375 0.0625 0.625 0.375 0.8125 1 0 0.375 0 0 0.5 0.5 0 0 0 0.625 0.25 0 0.125 0.4375 0.0625 0.3125 0.75 0 0.0625 1 0.9375 0.3125 0 0.375 0 0.9375 1 0 0.375 0.9375 0.25 1 0.5 0.9375 0.5 0.4375 0.3125 0.8125 0.6875 0.3125 0.625 0 0.875 1 0.5625 0.6875 0.75 0.5 0.3125 0.875 0.1875 0.375 0.125 0 0.875 0.3125 0.25 0.5625 0.4375 0.1875 0.6875 0.3125 0 0.375 0.1875 0 0.6875 0.25 0.5625 0 0.6875 0.4375 0.9375 0.75 0 0.4375 0.75
0.8125 0.0625 0.375 0.4375 0.5625 0 0.625 1 0.4375 0.5 0.8125 0.9375 0 0 0 0.25 0 0.5 0.625 0 0 0.625 0.25 0 1 0.625 0.5 0 0 0.3125 0 0.8125 0 0.875 0.4375 0 0.6875 0.6875 0 0.3125 0.5 0.3125 0.75 0.6875 0.625 0 0 0.25 0 0.3125 0.5625 0 0.6875 0.8125 0.4375 0.75 0.8125 1 0.0625 0.0625 0.6875 0 0.375 0.5 0 0.9375 0.5625 0.3125 0.25 0.75 0.125 0.625 0.0625 0.75 0.8125 0.125 0.8125 1 0 0.4375 0 1 0.25 0 0.6875 0.5625 0.5625 0.625 1 0.1875 0.9375 0.875 0.1875 0.5 0.5 0 0.5 0 0 0.375 0 0.875 0.875 0.5625 0.5 0.1875 1 0.375 1 0.3125 0.6875 0 0.4375 0 0.1875 0.6875 0 0.3125 0.8125 0.5625 0.5625 0.5 0.5 0.5 0 0 0.6875 0.625 0.0625 0 0.6875 0.25 0.0625 0.25 0.625 0.1875 0.9375 1 0.25 0.3125 0 0.8125 0.5625 0.75 0.6875 1 0.5 0 0.0625 0.5 0 0.3125 0.5 0.6875 0.5625 0.875 0.625 0.6875 0.9375 0.5 0 0 0.5625 0.8125 0.875 0.1875 0.875 0.75
0.0625 0 0 0.875 0.75 0.9375 0 0.75 0 0 0.0625 0.3125 0 0.1875 1 0.6875 0.3125 0.4375 1 0.5625 0.3125 0.5 0.6875 0.5625 1 0.75 0.625 0.5625 0.625 0.625 0.6875 0.8125 0.1875 0 0.375 0.8125 0.1875 0.25 0.75 0.5 1 0.3125 0.125 0.4375 0.6875 0.5 0.875 0.75 0 0 0 0 0.0625 0.3125 0.4375 0 0.25 0.875 0.5625 0 0.75 0 0.25 0.9375 0.5 0.875 0.6875 0.25 0.375 0 0 0.25 0.625 0 0.6875 0.75 0.25 0.75 0 0 0.3125 0.8125 0.8125 0.375 0 0.8125 0.4375 0.5625 0 0.1875 0.5625 0 0.4375 0.875 0.625 0.4375 0.3125 0 0 0.6875 0 0 0 0 0.5625 0 0.8125 0.125 0.0625 0.5 0.5 0.5 0.9375 0.75 0.5625 0.5 0 0.625 0 0.1875 0.4375 0 0.5625 0.5 0.5 0.8125 0.25 0.4375 0.1875 0.625 0.75 0.5 0 0.75 0.8125 0.125 0.375 0.75 0.4375 0.625 0.75 0.375 0.3125 1 1 0.375 0.6875 0.1875 0 0.75 0.125 0.6875 0.5625 0 0.3125 0 0.3125 0 0.4375 0 0.0625 0.1875 0.75 0.75 0.9375 0.5 0.75 0.4375
0.9375 0 0.1875 0.6875 0.6875 0.75 0.1875 0.875 0.3125 0.5 0.625 0.4375 0.1875 0.3125 0.375 0.0625 0.25 0.5625 0.125 0 1 0.5 0.0625 0.625 0.25 0 0.1875 0.125 0 0.3125 0.125 0.125 0 0.75 0 0.6875 0 0.1875 0.5625 0.375 0.5625 0.6875 0.125 0.875 1 0.5 0.625 0 0.375 0.4375 0.625 0.0625 0.5 1 0.3125 0.875 0 0.0625 0.75 0 0.8125 0.4375 0.5 0.4375 0.375 0.375 0.875 0.5625 0.4375 0.3125 0.875 0.25 0.5 0.9375 0.125 0.1875 0 0.4375 0.6875 0.5 0.625 0.9375 0 0.75 0.125 0.8125 0 0 0.75 0.3125 0 0.75 0 0.25 0.4375 0.4375 1 0.5625 0 0.6875 0.1875 0.3125 0.25 0.625 0 0.25 1 0 0.125 0.5625 0.6875 0.875 0.375 0.375 0.375 0.9375 0.25 0.25 0.3125 0.875 0.4375 0.5 0.125 0.875 0.25 0.875 0 0.3125 0.375 0.3125 0 0.5 0 0 0.5 0.6875 1 0.25 1 0.875 0.6875 0.0625 0.8125 0 0.4375 0.3125 0 0.5 0.5625 0.875 0.1875 0.625 0.875 0.4375 0 0.5 0.375 0 0.25 0.125 0 0.5 0 0.75 0.3125 0 0.9375 1
0.625 0 0.625 0.6875 0.25 0 0 0 0.5 0.5 0.9375 0.9375 0.5 0.0625 0 0.5625 0 0.5625 0.375 0.5 0.3125 0.5625 0.375 0 0 0.5625 0.1875 0.9375 0.0625 0.5 0.6875 0.3125 0.5625 0.6875 0.6875 0.1875 0.5 0 1 0 0.625 0 0.625 0.125 0.1875 0 0.1875 0.0625 0 0 0 0.5 0.8125 0 0.125 1 0.125 1 1 0.0625 0.625 0 1 0.3125 0.6875 0 0 0.4375 1 0 0.4375 0.1875 0.1875 0 1 0.25 0 1 0.8125 0.4375 0 0.3125 0.125 0.5625 0.9375 0.5625 0 0.9375 0.6875 0.4375 1 0 0.0625 0.875 0.25 0.375 0 0.6875 0.1875 0.5 0.25 0 0 0.0625 0.5 0.5 0.4375 0.375 0.4375 0 0.25 0.25 0.5 0.125 0 0 0.5625 0.9375 0.4375 0.25 0.3125 0.625 0.3125 0.9375 0 0.9375 0.9375 0.4375 0.1875 0.1875 0 0 0 0.6875 0.75 0.125 0.1875 0 0.125 0.25 0.625 0.8125 0.0625 1 0 0 0.3125 0.25 0.6875 0.1875 0.6875 0 0.5625 0 0.875 0.5 0.8125 0 0.1875 0.625 0.4375 1 0.0625 0.375 0.1875 0.6875 0.4375 0.1875
0.8125 0 0.3125 0.1875 0 0.125 0.125 0 0.75 0.625 0.125 0.125 0.25 0.5 0.5 0.75 0.9375 0.5 0.625 0.8125 1 0.75 0.4375 0.9375 0.8125 0.3125 0.5 0 0 0 0.5625 0.4375 0.6875 0.5 0.6875 0.25 0.375 0.375 0 0 0 0 0.6875 0.6875 1 0.125 0.625 0.625 0 0.6875 0.25 0.875 0.125 0.3125 0.25 0.6875 0.25 0.5 0.1875 1 0.3125 0.6875 0.4375 0 0 0 0.8125 0.75 0.375 0.4375 0.1875 0.3125 0.25 0.3125 0.75 0.25 0.625 0.3125 1 0.5 0.375 0 0.625 0.375 0.3125 0 0.625 0.625 0.75 0 0.4375 0.25 0.4375 0.375 0.625 0.1875 0.8125 0.375 0.625 0.0625 0 0 0.6875 0.375 0.1875 0 0.0625 0.6875 0.625 0.9375 0.5625 0 0.75 0.125 0.6875 0.3125 0 0.9375 0.1875 0.625 0 0.3125 0.4375 0.0625 0.0625 0.375 0.4375 0 0 0.1875 0.375 0.8125 0 0.25 0.875 0.9375 0 0 0.4375 0.4375 0.6875 0.5625 0.25 0.625 0.5625 0.1875 0 0 0 0.125 0.25 0.375 0.5625 0 0.375 0.1875 0.4375 1 0.6875 0.875 0 0.4375 0.3125 0.5 0.0625 0.4375 0 0.375
0.4375 0.875 0.8125 0.0625 0.75 0.75 0.6875 1 0.25 0.9375 0.0625 0.25 0 0 0.25 0.6875 0.5 0.125 0.5625 0.125 0.5 0.125 0.4375 0.75 0.1875 0.4375 0.75 0.625 0 0.625 0 0.5625 0.75 0.6875 0 0.875 0.25 0.875 0.375 0.0625 0 0.1875 0.375 0 0.625 0.625 0.75 0.0625 0 0.625 0.9375 0.5625 0 0.625 0 0.0625 0.1875 0.625 0 0 0 0.6875 0.75 0.6875 0.6875 0.8125 0.4375 0 0.875 0.125 0.875 0.5 0.5 0.625 1 0.4375 0.5 1 0.5625 0.8125 0.25 0.875 0.1875 0.1875 0.1875 0 0 0 0.4375 0.625 0.0625 0.5 0.75 0 0.3125 0.875 0.75 0.5625 0.8125 0 0.1875 0.5 0.5625 0.75 0.25 0.8125 0.25 0.625 0.625 0.125 0.1875 0.125 0.4375 0.8125 0.625 0.4375 0.5 0.6875 0.5 0.875 0.5625 0.75 0.625 0.375 0.625 0.6875 0.5625 0.875 0.4375 0.1875 0.875 1 0.375 0 0 0.8125 0.9375 0.625 0 0.4375 0.4375 0.5 0.1875 0.125 0.625 0.6875 0.25 0.5 0.6875 0.5625 1 0.5625 0 0.5625 0.875 0.3125 0.3125 0.25 0.625 0 0.5 0 0 0.4375 0.0625 0.8125 1 0.6875
1
2
2
4
2
3
1
1
2
4
2
4
2
4
2
4
