50
55
2
3
75
1 2 3 4 5 6 7 8 9 10 11 12 13 14 15 16 17 18 19 20 21 22 23 24 25 26 27 28 29 30 31 32 33 34 35 36 37 38 39 40 41 42 43 44 45 46 47 48 49 50 
1 2 3 4 5 6 7 8 9 10 11 12 13 14 15 16 17 18 19 20 21 22 23 24 25 26 27 28 29 30 31 32 33 34 35 36 37 38 39 40 41 42 43 44 45 46 47 48 49 50 51 52 53 54 55 
30
23 2 52 19 55 22 26 30 10 35 7 15 38 5 28 37 50 33 14 41 1 27 42 3 45 20 34 16 9 32 
46
14 16 47 28 25 45 37 39 38 30 22 29 17 54 46 48 50 21 5 53 31 8 7 19 27 1 32 51 2 52 49 10 26 41 36 11 23 24 55 9 18 33 12 13 6 34 
1 2 
1 2 3 
0 0 0 0 0 0 2 2 1 1 3 0 0 0 1 0 0 0 0 0 1 0 0 0 0 0 0 0 1 0 1 0 2 0 1 1 0 1 0 0 1 0 3 0 0 0 0 0 0 0 0 0 1 0 0 0 0 0 0 0 3 3 1 0 0 0 2 0 2 0 1 0 0 2 0 0 0 0 0 0 0 0 0 1 0 0 2 1 1 0 1 0 0 0 2 0 0 1 0 0 
3 0 0 0 0 0 0 0 2 0 0 0 2 0 0 0 1 0 0 1 0 0 0 0 0 0 0 0 0 0 2 0 0 0 0 0 0 2 0 0 1 0 1 0 0 0 0 0 0 0 0 0 1 0 2 0 0 2 1 0 0 0 1 0 3 0 0 2 0 1 0 0 1 0 2 1 0 1 1 0 0 0 1 1 0 0 2 0 0 0 0 0 1 0 0 0 0 2 0 0 
2 0 0 0 0 0 1 0 0 2 0 1 0 0 0 0 1 0 3 0 0 1 0 0 0 0 2 0 0 2 1 0 0 0 0 0 1 0 0 0 1 0 1 0 0 0 0 0 0 0 0 0 0 0 0 0 3 0 0 0 0 2 0 0 0 1 0 1 0 0 0 0 0 0 0 0 1 0 0 1 1 0 2 0 0 1 0 0 0 0 0 0 0 0 0 2 0 0 1 0 
0 0 0 0 0 0 0 0 0 0 0 1 0 0 1 0 0 0 0 0 0 0 1 0 0 0 0 0 2 0 1 0 0 0 0 0 0 0 0 2 0 0 0 3 0 0 0 0 2 0 0 0 0 0 2 0 0 0 0 0 0 0 1 2 1 3 0 0 0 0 1 0 1 0 0 0 0 1 0 0 0 0 2 0 0 0 0 0 0 0 2 0 0 0 1 0 0 0 0 1 
0 0 0 0 0 0 1 0 0 0 0 1 0 1 0 2 1 0 0 0 0 0 0 0 0 0 1 0 2 0 0 0 2 1 1 0 1 0 0 0 0 0 0 0 2 0 0 0 0 0 0 0 0 0 1 0 0 0 0 0 0 0 2 0 0 0 0 0 0 0 0 0 0 0 0 0 0 0 1 0 2 1 0 2 2 0 0 0 0 0 0 2 0 3 0 2 3 0 0 0 
0 0 2 0 1 2 0 1 0 0 0 1 0 0 0 0 0 3 0 0 0 0 0 2 0 0 0 0 2 0 0 2 0 0 0 0 1 0 0 1 0 2 0 1 0 0 0 0 0 0 0 0 2 0 0 0 0 1 0 0 0 1 0 0 0 1 0 0 0 0 0 0 0 1 0 0 0 0 0 0 0 0 0 2 2 1 0 1 0 0 0 0 0 0 0 0 1 0 1 1 
2 0 0 0 0 0 0 0 0 1 0 0 0 0 0 0 0 0 0 0 0 0 0 0 0 1 0 0 0 0 0 0 0 0 0 0 0 0 0 0 0 1 0 0 2 0 0 2 0 0 0 2 3 2 1 0 0 2 0 0 0 0 0 0 0 2 1 0 0 0 1 0 0 0 0 0 0 1 0 0 0 0 1 0 0 0 0 3 0 0 0 0 1 0 2 0 0 0 1 1 
1 2 0 0 0 0 0 0 0 2 1 1 0 0 0 0 0 0 0 0 0 0 0 0 0 0 1 0 0 0 0 1 0 0 1 0 0 0 1 1 0 0 1 0 0 1 0 3 0 0 1 0 0 0 0 0 1 0 0 0 0 0 0 0 0 0 0 1 0 0 0 0 0 0 0 0 0 0 0 0 0 0 0 3 0 0 0 0 0 2 0 0 0 1 0 0 0 0 0 0 
0 0 0 0 2 0 0 0 2 1 0 2 0 0 1 0 0 0 0 0 1 0 0 0 1 0 1 1 0 0 0 0 1 0 0 2 0 0 0 0 0 0 0 1 0 0 0 1 0 0 0 0 0 0 0 1 0 1 1 1 0 0 1 1 0 0 0 0 0 0 2 2 0 0 2 0 0 0 0 0 0 0 0 0 0 0 0 2 0 0 0 0 0 0 0 1 0 1 2 0 
0 0 0 0 0 0 0 0 0 0 3 1 0 1 0 2 0 0 0 0 0 0 0 1 0 0 0 1 0 0 0 0 0 0 0 1 0 0 2 0 0 0 0 0 3 0 0 1 0 0 0 1 0 0 0 1 0 0 2 1 0 0 0 1 1 0 0 0 0 1 0 0 0 0 0 0 0 0 0 0 1 0 0 1 0 0 0 0 0 0 0 0 0 0 0 1 0 0 0 0 
0 0 0 1 1 0 1 0 1 0 1 0 0 0 1 0 0 1 1 0 2 0 0 2 0 0 0 0 0 0 0 0 0 0 0 0 0 0 0 0 0 3 0 1 0 0 0 0 0 2 0 2 0 0 1 1 0 0 2 0 0 0 0 0 0 0 0 0 0 0 1 1 0 0 0 0 0 0 0 0 0 0 1 0 0 0 1 1 1 0 0 0 0 0 1 1 2 0 0 0 
0 1 0 2 0 1 0 0 0 0 3 1 1 0 0 0 0 0 0 0 0 0 1 2 0 0 0 0 0 0 0 0 0 0 2 0 0 0 0 0 0 0 1 1 1 0 1 0 0 0 0 0 0 0 0 1 0 1 0 0 2 0 2 1 0 0 1 1 1 1 0 0 0 0 0 1 1 0 2 0 0 0 0 2 3 0 0 0 1 0 0 0 1 0 0 0 0 0 1 0 
0 2 0 2 0 0 1 0 0 1 0 0 0 2 0 0 0 2 0 2 0 0 2 0 2 0 0 0 0 0 0 0 0 0 2 0 0 0 0 0 0 0 0 0 1 0 0 0 0 0 0 0 0 2 1 1 1 0 0 0 1 0 0 0 1 0 2 0 0 1 0 0 0 1 0 0 0 0 0 0 0 0 0 0 2 0 1 0 1 2 0 1 1 0 0 0 0 0 0 0 
1 0 0 2 0 0 1 0 1 0 0 0 1 1 1 0 0 0 1 1 1 0 0 0 0 2 0 0 0 0 2 0 0 0 0 0 0 0 0 0 0 1 0 0 0 1 0 0 1 0 0 0 0 1 0 0 1 0 0 0 0 0 1 0 0 1 0 0 0 0 0 0 0 0 1 1 0 1 1 2 0 0 0 0 0 0 0 0 0 0 0 0 0 0 0 0 0 0 0 0 
1 0 0 0 3 1 0 0 0 0 0 0 1 0 0 0 0 0 1 1 0 0 0 0 0 0 0 0 0 2 0 0 0 0 0 0 0 1 0 0 0 2 0 1 0 0 0 1 0 0 0 3 0 1 0 0 0 0 1 0 0 0 0 0 0 0 1 0 2 0 1 0 0 0 0 0 0 0 0 0 0 0 0 0 0 0 1 0 0 0 0 0 0 0 0 0 0 3 0 0 
1 1 0 0 0 0 1 0 0 2 0 0 0 0 1 0 0 1 0 0 0 0 0 0 0 0 0 0 0 2 1 0 0 0 1 0 0 0 0 1 0 0 1 0 0 0 0 0 0 0 0 0 0 1 2 1 0 0 0 0 0 0 0 0 0 0 2 0 0 0 0 0 0 0 0 1 0 0 0 0 0 0 0 0 0 0 0 0 0 0 3 2 0 0 0 2 0 0 0 0 
0 0 1 1 0 0 0 1 1 0 0 0 0 0 0 0 0 0 0 0 0 2 0 0 2 0 0 0 0 1 0 0 0 0 0 0 0 0 1 0 0 0 1 0 0 0 0 0 0 1 0 1 0 1 0 0 0 0 0 1 0 0 0 0 0 0 0 0 0 0 0 0 2 2 0 1 0 0 0 0 0 1 0 0 0 2 2 0 0 0 1 0 0 0 1 0 0 0 1 0 
1 0 0 0 0 0 0 0 1 0 0 0 0 0 0 0 1 1 0 0 0 0 0 1 2 0 0 0 0 0 0 0 0 0 0 1 0 0 0 0 0 0 0 1 1 0 0 0 1 0 3 0 0 0 1 0 0 0 0 0 0 0 0 0 0 0 0 0 0 1 0 0 0 1 1 1 0 2 0 1 1 0 1 0 0 0 1 0 3 0 0 1 0 1 0 0 0 0 0 1 
0 1 0 0 1 0 0 0 0 0 1 0 0 1 0 0 0 0 0 0 0 0 0 0 0 0 0 0 1 2 0 0 0 0 0 0 1 0 0 0 0 2 0 0 0 0 0 0 0 0 0 0 0 0 0 0 0 0 1 0 0 0 0 0 0 0 1 0 0 0 2 0 1 0 2 0 0 2 0 0 0 0 0 0 0 0 0 0 1 0 0 0 0 1 0 0 0 1 0 0 
0 0 1 0 1 0 0 0 0 0 0 0 1 0 0 0 1 0 0 0 0 3 0 1 0 1 1 2 2 1 0 0 0 0 0 0 1 0 0 0 0 1 0 0 0 0 0 1 0 0 1 1 0 0 0 1 0 0 0 0 0 1 1 0 1 0 2 0 2 0 1 0 0 1 0 0 0 0 0 1 2 0 1 0 0 1 1 0 0 1 0 0 0 0 0 0 0 0 0 0 
0 0 0 0 0 0 1 0 0 0 2 1 0 0 1 0 0 0 1 0 1 0 0 1 0 0 0 3 1 0 0 1 0 0 1 3 0 0 0 0 0 0 1 1 1 0 1 0 0 0 0 0 0 0 1 0 0 0 1 0 0 1 0 1 1 1 0 0 0 0 0 0 0 0 0 0 0 1 0 0 0 0 1 0 0 0 0 0 1 0 0 1 0 0 0 0 0 0 0 1 
0 1 0 0 0 1 0 1 0 1 0 1 0 0 1 0 1 0 0 0 1 0 1 0 0 0 1 0 0 0 0 0 0 0 0 1 0 1 0 0 0 0 0 0 0 0 0 0 0 0 1 0 0 0 0 0 1 0 0 0 1 0 0 0 0 0 1 0 0 0 1 0 0 0 0 0 0 0 0 0 0 0 0 0 0 1 0 0 0 2 0 0 0 2 3 0 0 0 0 0 
0 2 1 0 0 1 0 0 0 2 0 0 0 0 0 2 0 0 1 0 0 0 0 0 1 0 1 0 0 0 0 0 0 0 0 1 0 0 0 0 2 0 0 0 0 0 0 0 1 0 1 0 0 0 0 0 0 0 0 0 1 2 0 2 0 0 0 1 1 1 0 0 1 0 0 0 0 0 1 1 1 0 0 0 0 2 0 0 0 0 0 0 0 0 2 0 1 0 0 1 
0 2 0 0 1 0 1 0 0 0 0 1 0 0 0 0 1 2 2 2 0 0 0 1 0 1 1 1 0 0 3 2 0 1 0 0 0 0 0 0 0 1 0 0 0 0 0 0 2 0 2 1 0 1 0 2 0 0 0 0 0 2 0 0 1 0 0 0 0 0 0 0 0 0 0 0 0 0 0 0 0 0 0 0 0 0 0 2 1 0 0 0 0 0 0 0 0 1 0 0 
0 0 2 0 0 0 1 0 0 0 0 0 1 0 0 0 0 0 0 0 0 0 0 0 1 0 0 0 1 0 0 0 0 0 0 0 0 0 1 0 0 0 0 0 2 0 1 0 0 0 0 0 0 0 0 0 0 0 0 0 0 0 0 0 0 0 0 1 0 0 1 0 0 0 0 0 0 0 1 0 1 0 1 0 0 0 0 0 1 0 0 1 0 0 0 0 0 0 0 0 
0 0 0 1 1 0 2 3 0 3 2 0 1 0 1 1 1 0 1 0 0 0 0 0 0 0 1 0 0 0 0 0 1 0 1 0 0 0 0 0 0 0 0 0 0 1 0 2 0 0 0 0 1 0 0 0 0 0 1 0 0 1 0 0 0 0 0 0 0 0 0 0 0 0 0 0 0 0 0 0 0 0 1 0 0 0 0 0 0 0 0 1 1 0 1 0 0 0 2 0 
0 0 0 0 0 2 0 0 0 0 0 0 0 0 0 0 0 0 0 0 1 2 0 0 1 0 0 0 0 0 1 2 1 0 0 0 0 0 0 2 0 0 0 0 0 0 0 1 0 0 1 1 2 0 0 0 0 3 3 2 1 0 0 0 0 1 1 0 0 0 0 0 0 0 0 0 0 0 0 0 0 1 0 2 0 1 0 0 0 0 0 0 0 1 0 0 0 0 0 0 
0 0 0 0 0 0 1 0 0 1 0 0 0 0 0 1 1 0 0 0 1 0 0 0 0 0 0 0 0 2 0 0 0 2 2 0 0 0 0 1 0 0 0 0 0 0 1 0 0 0 0 1 2 1 0 0 0 0 0 0 1 0 1 0 0 0 0 2 2 2 0 0 0 0 0 0 0 0 0 0 0 0 1 2 0 0 0 1 0 1 0 0 1 0 0 0 0 1 1 1 
1 0 1 0 0 0 0 0 0 0 0 2 0 2 0 0 0 0 0 0 0 1 0 1 0 0 0 1 0 1 2 0 2 0 0 0 0 0 0 0 0 1 0 0 1 0 0 0 0 2 1 0 0 0 0 0 0 0 0 0 0 0 1 0 0 1 0 1 2 0 0 0 0 0 0 0 1 0 0 0 0 0 0 0 0 1 1 0 2 0 2 0 0 0 0 0 0 0 0 0 
0 0 0 0 0 0 0 0 0 0 0 0 1 0 0 0 0 0 1 0 1 1 0 0 0 0 1 0 0 0 1 0 0 1 0 0 0 0 0 0 1 0 1 0 0 0 0 0 1 0 0 0 0 0 0 2 1 1 0 0 0 0 0 0 0 1 0 0 1 0 0 0 0 0 0 0 0 0 1 2 0 0 1 0 0 0 0 0 0 2 0 1 0 0 0 1 0 1 0 0 
1 2 0 0 2 2 1 0 0 0 0 0 0 0 0 0 0 0 0 0 0 0 0 1 1 0 2 0 0 0 0 2 0 0 0 0 0 1 1 1 0 1 0 0 0 0 0 0 0 0 1 1 0 0 0 0 0 0 0 0 0 0 2 0 0 1 0 0 0 0 0 2 0 2 1 0 0 0 0 0 0 2 0 0 0 0 0 3 0 3 0 0 2 0 1 1 0 1 2 0 
0 0 0 0 0 0 0 1 0 1 1 0 1 1 0 0 0 0 0 1 0 0 0 0 2 0 0 1 0 0 0 0 2 0 0 0 0 0 0 0 0 0 0 0 0 0 2 1 0 0 0 0 0 1 0 0 0 0 0 0 0 0 1 0 0 0 0 0 1 0 1 0 0 0 0 0 0 0 0 0 0 0 0 0 0 0 0 0 0 2 0 0 0 0 1 0 0 2 0 0 
1 1 0 0 0 0 0 0 0 0 0 0 0 0 0 2 0 0 0 0 0 1 0 0 0 0 0 0 0 0 0 0 0 1 0 0 0 0 0 0 1 2 0 0 0 0 0 0 2 2 0 0 0 1 0 0 0 2 0 0 0 0 1 0 2 0 0 0 0 1 0 0 0 0 0 0 0 0 1 0 1 1 0 0 3 0 0 0 0 0 0 1 0 0 0 2 0 0 0 0 
0 2 0 1 0 0 0 0 0 0 0 0 1 0 0 3 0 0 0 0 0 0 0 0 2 0 0 0 1 1 1 0 0 0 1 0 0 1 0 0 0 0 0 0 0 0 0 0 0 0 0 0 0 0 0 0 0 0 0 0 0 0 0 0 0 0 0 0 0 0 0 0 1 2 0 0 1 0 0 0 0 1 0 1 0 2 0 0 0 0 0 0 0 2 0 0 0 0 0 0 
0 0 0 0 0 0 0 1 0 0 0 0 0 0 0 0 1 0 2 0 1 0 2 0 0 1 0 0 0 1 0 0 0 0 0 0 0 0 0 1 0 1 0 0 2 0 0 0 2 0 0 0 0 1 0 0 0 0 1 0 0 1 1 0 0 0 1 0 2 2 0 0 1 0 0 0 0 0 0 0 1 0 0 0 1 1 0 0 0 0 0 0 1 0 0 0 1 0 2 1 
0 0 0 0 0 0 0 0 0 1 0 2 0 0 0 0 0 0 0 0 2 0 0 0 0 2 0 0 0 0 0 2 0 0 0 1 0 3 3 0 0 1 0 1 0 0 0 0 0 0 0 0 0 0 0 0 0 0 0 0 0 0 0 0 0 0 0 0 0 2 1 0 0 2 0 0 0 0 0 1 0 2 0 1 1 0 0 1 0 0 0 1 0 0 0 0 0 0 1 0 
1 2 0 2 1 0 0 1 0 0 0 2 0 0 1 0 0 0 0 0 1 1 0 0 0 0 1 0 0 1 0 0 0 0 0 0 0 0 2 0 0 2 0 0 0 2 0 1 0 0 3 1 1 1 0 1 0 0 0 0 1 0 0 0 0 0 0 0 1 0 1 0 0 0 0 0 0 1 0 0 0 0 0 0 3 1 0 0 0 0 0 2 0 1 0 1 0 0 1 0 
1 0 0 3 0 0 0 0 0 0 0 0 0 0 0 0 0 0 0 0 0 0 0 0 2 0 0 0 0 0 0 0 1 0 0 1 0 0 0 0 0 0 0 1 0 0 0 0 0 2 3 0 0 0 0 2 0 0 0 0 0 1 1 0 0 2 2 1 0 0 1 0 0 0 3 0 0 0 1 1 2 0 0 0 0 2 0 1 0 0 0 1 0 0 0 0 0 0 0 0 
1 0 0 1 0 1 0 0 1 0 0 1 0 0 0 0 0 0 0 0 0 1 0 0 0 1 0 1 0 0 1 2 2 0 0 0 1 0 0 0 0 0 0 1 2 1 0 0 0 2 0 0 0 0 0 0 0 0 1 0 2 3 0 0 0 0 0 1 0 0 0 0 1 0 0 0 0 0 1 1 0 0 0 2 0 0 0 0 0 0 0 0 0 0 0 0 2 0 0 0 
0 0 0 0 0 2 2 0 0 0 0 2 0 1 0 0 0 2 0 0 0 0 0 0 1 0 1 0 3 0 0 0 0 0 0 0 0 0 0 0 0 0 0 0 0 2 0 0 2 0 0 0 0 0 1 0 0 0 0 0 0 0 1 0 1 0 0 1 1 3 0 0 0 0 0 0 0 1 0 0 0 0 0 0 0 0 0 0 0 0 0 0 0 0 1 0 1 0 0 1 
0 0 0 0 1 1 0 0 0 0 0 0 0 1 2 0 0 0 0 1 1 0 0 0 0 0 1 2 0 0 0 0 0 0 0 0 0 0 0 0 0 0 1 1 1 0 0 1 1 0 0 3 0 2 1 0 1 0 0 0 0 0 1 0 1 0 1 0 2 0 2 0 0 0 1 0 1 0 0 0 0 0 0 0 1 0 1 1 0 0 0 0 0 0 0 1 0 0 0 0 
0 0 0 0 1 0 0 0 0 0 0 0 0 0 0 0 0 0 0 2 0 1 0 3 0 0 0 0 0 0 0 0 0 2 0 0 0 0 0 0 0 2 2 0 0 0 0 0 0 0 0 0 0 0 0 1 0 1 1 3 0 2 0 0 1 0 0 0 0 0 0 1 0 1 0 0 0 0 1 0 0 0 1 0 1 0 0 0 0 0 0 0 0 0 0 0 2 0 0 2 
0 0 1 0 0 0 0 2 0 0 1 3 0 0 0 1 0 0 0 3 0 0 0 2 0 0 0 1 0 0 0 0 0 0 0 1 0 0 3 0 0 1 0 0 3 0 0 0 0 0 1 1 1 0 0 2 0 0 0 0 1 0 0 0 3 0 0 0 0 0 0 2 1 0 1 0 0 0 0 0 0 0 1 0 0 0 0 0 0 0 0 1 1 0 0 1 0 0 0 0 
3 0 2 1 0 1 0 0 0 0 0 0 0 0 0 0 2 1 0 0 0 0 0 0 0 0 0 1 0 0 0 0 0 0 3 2 0 0 0 0 0 1 0 0 0 0 0 0 0 1 0 0 0 2 2 0 0 0 0 0 2 2 0 1 1 0 0 0 0 0 1 0 0 2 0 0 0 0 0 0 0 1 0 0 0 0 0 0 0 0 1 0 2 1 1 0 1 0 0 2 
2 0 0 0 0 0 0 0 0 1 0 0 0 0 1 0 2 0 0 0 0 0 0 0 0 1 0 0 0 0 0 0 0 0 0 1 0 0 0 1 0 0 1 0 0 0 0 0 0 0 0 0 0 1 0 0 0 0 0 0 0 0 2 0 0 0 0 0 0 0 0 1 1 0 2 0 0 0 0 0 1 0 0 0 1 0 0 0 0 0 1 0 2 0 3 0 0 0 0 0 
2 0 1 0 0 0 0 0 0 0 0 0 2 2 1 0 0 1 0 0 1 2 1 0 0 1 0 0 1 0 0 0 3 0 0 3 1 0 0 0 2 0 0 0 0 2 0 0 0 0 0 1 0 0 0 0 0 0 0 2 0 1 1 1 0 0 1 0 0 0 0 0 0 0 0 0 0 0 0 0 0 0 0 0 2 1 0 0 0 0 1 1 0 0 0 0 0 0 0 0 
0 0 0 0 0 0 0 2 0 2 0 0 0 2 0 1 1 1 0 1 0 0 0 1 0 3 1 0 1 0 2 0 0 1 1 0 0 0 1 0 0 1 1 0 1 0 0 0 0 2 0 1 0 0 0 1 0 1 0 0 0 0 1 1 0 0 0 0 0 0 0 0 0 1 1 0 0 0 0 0 0 0 0 0 0 1 0 2 0 0 0 1 1 0 2 0 0 2 0 0 
2 0 0 0 0 0 0 0 1 0 0 0 0 1 0 0 1 0 0 0 1 0 0 0 0 0 0 0 0 0 2 1 0 0 0 0 0 0 0 0 0 0 0 0 2 0 0 0 0 0 1 0 0 0 0 0 1 0 0 1 0 0 0 0 1 0 0 0 0 0 0 1 0 0 0 0 1 0 1 0 0 0 1 0 0 0 0 0 0 0 0 0 2 0 0 0 0 0 1 0 
1 0 0 0 1 0 1 0 0 0 0 0 1 0 1 0 2 1 0 1 0 0 0 0 1 0 0 1 2 0 0 0 0 0 0 2 0 0 0 0 1 0 0 0 0 0 0 0 0 0 0 1 0 0 0 0 0 1 0 0 1 0 1 1 0 0 0 0 0 0 0 1 0 0 0 0 1 0 0 0 0 1 0 0 0 0 0 0 1 0 0 0 1 0 0 0 0 1 0 0 
0 0 0 0 0 0 0 0 0 0 0 0 0 0 0 0 0 0 0 0 0 0 0 1 0 0 0 0 0 0 0 0 2 2 0 0 0 0 0 1 0 0 0 0 1 0 1 1 1 0 1 0 0 0 0 0 0 0 1 0 0 0 2 0 2 0 0 0 2 0 0 0 0 0 1 0 0 0 0 0 3 0 0 0 3 0 0 0 0 2 0 0 0 0 0 1 0 1 0 1 
0 0 1 0 0 0 0 0 1 0 0 0 0 0 0 1 0 0 0 0 0 2 0 0 0 0 0 0 0 0 1 0 2 0 0 0 0 1 1 0 0 0 0 0 1 2 0 0 0 0 2 0 0 0 0 0 0 3 0 0 1 0 1 0 1 0 0 0 0 0 1 0 0 1 0 0 1 0 0 0 0 0 0 0 0 0 0 2 0 0 0 0 0 0 0 0 0 0 0 1 
0 1 1 0 1 1 0 0 1 0 0 0 0 2 0 0 0 0 0 0 2 0 0 0 0 0 1 0 0 0 0 0 0 0 0 0 1 0 0 0 0 1 0 0 0 0 2 2 0 0 0 0 0 1 0 0 0 0 0 0 0 1 0 1 2 0 0 1 0 0 0 0 0 0 0 0 1 3 0 0 0 0 0 0 0 0 0 3 0 0 0 0 0 0 0 1 1 0 0 2 
0 0 0 2 0 0 0 0 1 0 0 0 1 2 0 0 0 0 0 0 0 0 3 0 0 0 1 0 0 0 1 1 2 2 0 0 1 2 0 1 0 0 1 0 2 2 0 0 0 0 1 0 0 0 0 0 0 0 0 1 0 0 0 0 0 0 0 0 0 0 0 0 0 1 0 1 0 0 0 1 1 0 0 0 0 0 0 2 0 1 2 0 0 1 1 1 0 0 0 0 
0 0 0 1 1 1 0 0 1 1 0 0 1 0 2 0 0 1 0 2 0 0 1 0 0 0 0 0 2 0 1 0 0 0 0 0 0 1 1 0 0 1 0 0 0 0 0 0 0 0 0 0 1 0 1 0 0 1 0 0 0 0 2 0 0 0 0 0 0 0 0 0 0 0 0 1 0 2 0 1 0 0 1 0 0 0 0 2 1 1 2 0 0 0 0 0 0 0 1 0 
0 0 0 0 0 0 0 0 0 1 1 1 0 0 0 0 0 0 2 0 0 0 1 0 0 0 2 1 0 1 2 0 0 2 0 0 0 0 0 1 0 0 0 0 1 1 0 0 0 0 0 0 0 0 0 0 0 0 1 0 0 0 0 0 0 0 0 1 0 0 3 0 0 1 0 0 0 0 2 0 0 0 0 2 0 0 1 1 0 0 0 0 0 1 0 0 1 1 1 0 
0 0 0 0 0 0 0 0 0 0 0 1 0 1 0 2 0 0 0 0 1 0 0 1 0 0 1 0 0 1 0 0 0 1 0 0 0 0 0 0 0 0 1 0 0 0 0 0 0 0 0 0 0 0 1 0 0 0 2 0 0 0 3 0 0 0 1 0 0 0 0 0 2 0 0 0 1 0 0 0 0 2 0 0 0 0 0 0 1 0 0 0 0 0 2 3 0 0 0 0 
0 0 0 2 0 0 0 1 0 0 0 2 0 0 2 0 0 0 0 2 0 0 0 0 0 0 0 0 0 0 0 0 0 0 0 0 1 0 1 0 0 0 0 0 0 0 0 0 0 0 0 0 0 0 0 1 0 0 0 0 2 1 0 0 0 0 1 0 0 2 0 0 1 0 3 0 0 0 0 0 0 0 0 0 0 0 2 0 0 0 1 0 1 0 0 0 2 0 0 0 
2 0 0 0 1 0 0 1 0 0 0 1 2 0 1 0 0 0 0 0 2 0 3 0 0 0 0 0 0 0 0 0 0 0 0 2 0 0 0 1 0 0 0 0 0 0 0 0 1 1 0 0 0 0 0 0 0 0 0 0 0 1 0 1 2 0 1 1 0 0 0 0 1 0 0 0 0 0 2 0 0 0 0 0 0 1 2 3 0 0 0 0 0 0 1 0 0 1 0 0 
0 0 0 0 1 2 0 1 0 1 0 1 1 0 1 0 0 0 0 0 0 0 0 1 0 0 0 0 0 1 0 1 3 0 0 0 0 0 0 0 0 1 0 0 0 0 1 0 0 0 1 0 0 0 0 0 0 0 0 0 0 0 0 0 0 0 2 2 0 0 0 2 0 0 1 0 0 0 1 0 0 0 0 0 1 0 0 1 0 0 0 0 1 1 0 1 0 0 0 0 
0 2 0 0 0 0 0 0 0 0 0 0 0 1 0 0 0 0 0 0 0 0 0 0 2 0 3 2 2 0 2 0 0 1 1 1 0 0 0 0 1 1 0 0 0 0 0 0 0 0 0 0 2 0 0 0 0 2 1 0 0 0 1 1 0 0 0 0 1 0 0 1 0 0 0 0 0 0 0 0 2 1 0 0 1 0 0 2 0 0 0 1 0 0 1 0 0 1 0 0 
0 0 3 0 0 0 0 0 0 0 0 0 2 2 0 0 0 1 0 0 0 0 1 1 0 0 0 0 2 0 0 0 0 1 1 0 0 0 0 0 1 1 0 0 0 0 0 0 0 0 0 1 0 0 0 2 1 0 1 1 1 0 0 0 0 0 0 1 0 1 0 0 0 1 2 1 1 1 0 0 2 0 0 0 0 0 1 0 0 0 1 0 0 0 0 2 0 2 0 1 
2 0 0 0 0 0 0 0 0 1 1 0 0 0 0 0 1 0 0 0 1 0 0 0 0 0 0 0 1 1 0 0 0 0 0 0 0 0 0 2 1 0 0 0 1 0 0 0 0 0 1 0 0 0 0 0 0 0 0 0 0 0 0 0 1 0 1 1 0 0 0 0 1 0 3 1 0 0 0 1 1 0 0 0 0 0 0 0 0 0 1 0 0 1 0 0 0 0 0 0 
0 0 2 2 1 1 0 1 2 1 0 1 0 0 0 0 0 0 0 2 0 0 0 0 0 0 0 2 0 0 2 0 0 0 0 0 0 2 0 0 0 2 0 0 0 0 0 0 1 0 0 0 0 0 0 0 0 0 0 0 0 0 0 0 0 0 0 0 1 2 0 2 1 0 0 1 0 1 0 0 2 0 1 0 0 0 1 0 0 0 0 0 0 0 1 0 0 1 1 1 
0 0 1 0 0 1 1 0 0 0 3 0 0 0 0 0 0 0 0 0 0 0 0 1 2 0 0 1 0 1 3 1 0 0 2 3 0 1 0 1 3 0 0 0 0 0 0 0 0 0 0 0 0 0 0 0 0 0 1 0 0 0 0 0 0 0 0 0 0 0 2 0 0 1 0 0 0 0 0 1 0 0 1 0 0 0 0 2 0 1 0 0 0 0 0 2 0 2 0 0 
0 0 0 0 0 0 0 1 0 1 0 0 3 0 0 0 0 1 1 0 0 0 0 0 0 0 0 1 0 0 0 1 0 0 0 2 0 0 2 0 0 0 0 0 0 0 0 0 0 0 0 0 0 0 0 0 0 1 0 0 0 2 2 1 3 1 0 1 0 0 0 0 1 0 0 0 0 0 0 0 0 0 0 1 0 0 0 0 0 0 0 0 0 2 0 0 2 1 0 1 
0 1 0 0 1 1 0 0 0 0 0 0 0 0 0 0 0 0 0 0 0 0 1 0 0 2 0 0 2 0 1 0 1 0 0 0 2 0 0 0 0 0 1 1 0 0 0 0 1 0 2 0 1 1 0 0 0 0 0 0 1 0 1 0 1 0 0 2 0 1 0 0 1 2 1 0 0 0 0 1 0 0 1 0 0 0 0 1 1 0 1 0 2 0 1 1 0 0 0 0 
0 0 0 0 0 0 0 0 0 0 0 0 0 0 0 0 0 0 1 0 0 0 0 0 0 1 0 0 0 0 0 0 1 0 0 0 2 0 0 1 0 0 3 1 0 0 2 0 0 0 0 0 0 0 0 0 0 0 0 0 1 0 1 0 3 1 0 0 0 0 0 0 0 0 2 0 2 1 1 2 0 0 0 0 2 0 0 0 0 1 0 0 0 0 0 0 1 1 1 0 
0 0 0 0 0 0 1 1 0 0 0 0 0 1 0 1 0 0 0 1 0 0 0 1 0 0 0 1 0 1 0 0 1 0 0 0 0 0 0 0 0 0 1 0 2 0 0 0 0 0 0 0 0 0 1 0 0 1 2 0 0 1 0 0 0 0 0 0 0 2 0 0 0 1 0 0 0 0 0 0 0 0 1 0 0 2 0 0 1 0 0 0 0 0 0 0 1 0 1 1 
0 0 3 0 3 0 2 0 0 0 0 2 0 0 0 0 0 0 0 0 0 0 0 0 0 1 0 0 3 1 0 0 1 0 1 0 1 2 0 0 2 1 0 0 1 0 0 1 0 0 2 0 0 0 1 1 0 0 0 0 1 0 0 0 0 0 0 0 1 0 0 0 1 0 0 1 2 0 2 0 0 0 1 0 0 1 1 0 1 1 0 0 0 1 0 0 1 0 2 0 
1 0 0 0 0 0 0 0 2 0 1 0 0 0 0 0 0 0 0 0 0 3 0 2 0 0 0 1 0 0 0 0 0 0 0 0 0 0 2 0 0 0 0 0 3 0 1 1 0 0 1 0 2 0 2 0 0 0 3 0 1 1 0 1 0 0 0 0 0 1 1 3 0 0 0 1 0 2 0 2 1 0 0 0 0 1 2 2 0 0 0 1 0 0 1 1 0 0 0 0 
0 0 0 0 0 1 0 0 1 0 0 0 0 0 0 0 1 2 1 0 0 0 0 0 0 0 0 1 0 0 0 1 1 0 0 0 0 0 0 1 0 1 0 0 0 0 0 0 0 0 1 0 0 0 1 3 1 0 0 1 0 0 0 3 1 1 0 1 0 0 0 1 0 0 0 0 1 0 0 0 0 0 0 0 1 0 0 0 0 0 0 0 0 0 0 0 0 0 0 0 
0 0 0 0 0 3 0 1 0 2 3 0 0 0 0 0 0 1 0 0 0 3 0 0 0 0 0 0 0 0 0 0 0 0 0 0 1 0 0 0 0 0 0 0 0 0 0 0 1 0 0 0 0 0 0 0 0 0 0 0 0 1 0 0 0 0 0 1 1 0 0 0 0 0 0 2 0 0 0 2 1 1 2 2 0 0 0 0 1 0 1 0 1 0 0 0 1 0 0 0 
0 0 0 0 0 0 0 1 0 1 0 1 0 1 2 0 0 0 0 1 0 0 1 0 1 2 0 0 0 0 1 0 0 1 0 0 0 0 0 0 0 0 0 0 0 0 0 0 0 0 0 0 3 0 0 0 0 0 2 0 0 0 0 0 0 0 0 0 0 0 3 0 0 0 1 0 1 0 0 0 0 0 0 0 0 0 0 0 0 0 0 2 2 0 0 0 1 1 1 0 
0 0 0 0 0 0 0 0 0 2 1 1 0 0 0 0 0 1 0 0 0 0 0 2 0 1 0 0 0 3 0 0 0 0 0 3 2 0 1 0 0 0 0 1 0 0 1 2 0 0 0 0 1 0 0 0 2 1 3 0 2 0 0 0 0 1 0 0 0 1 0 0 0 0 0 0 0 0 1 0 0 0 0 0 2 1 0 2 3 1 0 0 2 0 0 0 0 0 1 0 
0 0 0 0 1 0 0 0 0 0 0 0 0 0 0 0 1 0 1 0 0 0 1 0 0 0 0 0 2 1 0 0 0 0 0 1 0 0 1 0 0 0 0 0 1 3 0 0 0 0 0 0 0 0 0 0 0 0 0 0 0 0 0 0 0 2 0 0 0 0 0 0 0 1 0 2 0 0 0 0 0 0 0 2 0 1 0 0 0 0 0 0 0 0 0 0 0 0 0 1 
24 17 42 18 35 15 27 21 33 22 28 40 18 29 25 32 20 38 35 24 41 39 36 14 43 21 33 22 20 44 34 32 29 37 9 14 24 15 15 36 12 38 24 15 11 30 25 24 34 12 
39 20 16 30 19 15 9 28 26 36 29 28 18 10 34 44 35 40 25 28 22 13 22 45 26 39 30 44 19 41 25 23 21 39 24 45 14 32 13 13 38 13 18 36 20 12 9 42 41 32 
16 9 26 28 9 41 18 16 38 32 18 11 25 20 18 15 25 42 36 19 35 28 19 39 33 34 29 38 23 39 24 44 37 23 27 42 37 28 23 15 36 28 37 15 30 10 30 30 19 31 
1000 1000 1000 1000 1000 1000 1000 1000 1000 1000 1000 1000 1000 1000 1000 1000 1000 1000 1000 1000 1000 1000 1000 1000 1000 1000 1000 1000 1000 1000 1000 1000 1000 1000 1000 1000 1000 1000 1000 1000 1000 1000 1000 1000 1000 1000 1000 1000 1000 1000 
14 11 25 21 44 45 44 29 16 33 38 25 23 26 41 33 42 19 18 37 15 36 21 24 26 14 40 36 12 43 34 32 45 34 31 44 23 22 34 25 37 44 12 18 19 12 37 27 33 20 
1000 1000 1000 1000 1000 1000 1000 1000 1000 1000 1000 1000 1000 1000 1000 1000 1000 1000 1000 1000 1000 1000 1000 1000 1000 1000 1000 1000 1000 1000 1000 1000 1000 1000 1000 1000 1000 1000 1000 1000 1000 1000 1000 1000 1000 1000 1000 1000 1000 1000 
19 28 33 26 21 17 37 40 10 24 15 36 25 9 32 30 13 30 22 19 25 34 25 27 42 27 40 9 40 11 45 38 14 41 45 31 21 37 18 29 11 42 25 18 25 11 10 38 28 31 
1000 1000 1000 1000 1000 1000 1000 1000 1000 1000 1000 1000 1000 1000 1000 1000 1000 1000 1000 1000 1000 1000 1000 1000 1000 1000 1000 1000 1000 1000 1000 1000 1000 1000 1000 1000 1000 1000 1000 1000 1000 1000 1000 1000 1000 1000 1000 1000 1000 1000 
9 10 40 19 17 36 22 19 29 38 37 33 14 11 21 43 9 10 23 27 11 18 25 19 20 12 11 19 19 30 37 27 10 15 17 11 21 13 32 37 13 41 12 39 32 42 23 45 13 9 
26 23 28 38 41 15 26 31 17 32 25 32 24 31 44 43 15 44 31 26 23 29 9 16 43 12 22 33 39 17 40 19 45 15 39 25 43 42 34 29 25 24 35 38 42 22 23 32 16 16 
1000 1000 1000 1000 1000 1000 1000 1000 1000 1000 1000 1000 1000 1000 1000 1000 1000 1000 1000 1000 1000 1000 1000 1000 1000 1000 1000 1000 1000 1000 1000 1000 1000 1000 1000 1000 1000 1000 1000 1000 1000 1000 1000 1000 1000 1000 1000 1000 1000 1000 
1000 1000 1000 1000 1000 1000 1000 1000 1000 1000 1000 1000 1000 1000 1000 1000 1000 1000 1000 1000 1000 1000 1000 1000 1000 1000 1000 1000 1000 1000 1000 1000 1000 1000 1000 1000 1000 1000 1000 1000 1000 1000 1000 1000 1000 1000 1000 1000 1000 1000 
1000 1000 1000 1000 1000 1000 1000 1000 1000 1000 1000 1000 1000 1000 1000 1000 1000 1000 1000 1000 1000 1000 1000 1000 1000 1000 1000 1000 1000 1000 1000 1000 1000 1000 1000 1000 1000 1000 1000 1000 1000 1000 1000 1000 1000 1000 1000 1000 1000 1000 
33 24 29 41 23 25 25 35 14 25 14 30 42 18 10 24 44 24 35 34 18 15 36 25 38 19 39 33 21 20 32 15 40 29 39 28 31 45 23 40 38 39 30 42 42 19 10 32 39 45 
37 45 16 20 26 38 21 39 34 16 27 9 12 41 9 38 28 12 33 15 32 17 24 15 10 14 15 36 13 28 33 16 17 16 10 14 21 45 30 17 36 39 39 22 13 38 15 37 33 19 
16 19 25 37 38 44 40 18 29 43 34 36 21 9 18 32 26 12 44 39 45 44 39 39 14 36 27 42 28 23 16 10 17 25 13 34 37 37 24 20 23 17 21 32 28 24 21 38 24 16 
1000 1000 1000 1000 1000 1000 1000 1000 1000 1000 1000 1000 1000 1000 1000 1000 1000 1000 1000 1000 1000 1000 1000 1000 1000 1000 1000 1000 1000 1000 1000 1000 1000 1000 1000 1000 1000 1000 1000 1000 1000 1000 1000 1000 1000 1000 1000 1000 1000 1000 
1000 1000 1000 1000 1000 1000 1000 1000 1000 1000 1000 1000 1000 1000 1000 1000 1000 1000 1000 1000 1000 1000 1000 1000 1000 1000 1000 1000 1000 1000 1000 1000 1000 1000 1000 1000 1000 1000 1000 1000 1000 1000 1000 1000 1000 1000 1000 1000 1000 1000 
16 38 30 23 39 25 30 39 33 40 31 44 22 29 44 26 45 14 39 16 22 11 17 37 21 19 43 25 41 41 34 26 42 26 42 25 41 23 26 17 26 41 39 38 12 37 34 18 23 12 
23 11 15 36 35 13 16 10 15 9 17 9 25 12 26 24 24 33 24 45 32 18 31 16 18 20 43 21 44 42 9 13 14 15 34 24 21 17 29 32 34 12 35 12 15 31 43 28 29 9 
1000 1000 1000 1000 1000 1000 1000 1000 1000 1000 1000 1000 1000 1000 1000 1000 1000 1000 1000 1000 1000 1000 1000 1000 1000 1000 1000 1000 1000 1000 1000 1000 1000 1000 1000 1000 1000 1000 1000 1000 1000 1000 1000 1000 1000 1000 1000 1000 1000 1000 
13 21 21 30 35 12 24 19 13 38 33 27 10 19 31 22 30 40 25 30 27 12 44 17 13 20 11 10 43 36 14 41 27 42 39 23 16 40 23 17 14 9 43 38 36 21 45 25 12 30 
35 32 10 19 36 33 37 24 9 31 26 44 37 17 43 19 33 43 40 20 18 28 27 22 32 30 24 44 42 41 34 36 36 29 11 25 12 21 41 13 41 21 28 39 16 24 12 45 30 13 
1000 1000 1000 1000 1000 1000 1000 1000 1000 1000 1000 1000 1000 1000 1000 1000 1000 1000 1000 1000 1000 1000 1000 1000 1000 1000 1000 1000 1000 1000 1000 1000 1000 1000 1000 1000 1000 1000 1000 1000 1000 1000 1000 1000 1000 1000 1000 1000 1000 1000 
1000 1000 1000 1000 1000 1000 1000 1000 1000 1000 1000 1000 1000 1000 1000 1000 1000 1000 1000 1000 1000 1000 1000 1000 1000 1000 1000 1000 1000 1000 1000 1000 1000 1000 1000 1000 1000 1000 1000 1000 1000 1000 1000 1000 1000 1000 1000 1000 1000 1000 
32 29 29 10 36 45 14 35 23 29 28 20 11 29 14 21 38 41 9 10 17 18 26 36 11 40 27 21 10 33 28 29 21 42 33 37 18 12 9 13 26 17 36 29 15 39 20 32 29 35 
43 34 15 15 20 39 18 19 28 27 24 20 43 41 41 41 16 10 45 43 42 33 43 9 40 40 33 24 21 42 10 32 16 18 34 15 40 44 42 16 45 43 45 19 16 39 26 13 11 32 
10 18 20 32 19 32 39 33 35 33 14 24 21 12 43 22 35 19 10 19 40 23 25 37 14 33 25 24 19 26 42 25 26 16 26 29 11 37 42 35 17 44 26 34 11 20 14 16 41 31 
1000 1000 1000 1000 1000 1000 1000 1000 1000 1000 1000 1000 1000 1000 1000 1000 1000 1000 1000 1000 1000 1000 1000 1000 1000 1000 1000 1000 1000 1000 1000 1000 1000 1000 1000 1000 1000 1000 1000 1000 1000 1000 1000 1000 1000 1000 1000 1000 1000 1000 
15 17 34 42 21 23 25 17 36 32 19 43 14 29 35 37 19 12 28 29 9 16 25 12 17 20 11 13 33 18 33 11 25 19 25 37 36 35 20 24 10 15 25 21 23 11 24 11 44 32 
1000 1000 1000 1000 1000 1000 1000 1000 1000 1000 1000 1000 1000 1000 1000 1000 1000 1000 1000 1000 1000 1000 1000 1000 1000 1000 1000 1000 1000 1000 1000 1000 1000 1000 1000 1000 1000 1000 1000 1000 1000 1000 1000 1000 1000 1000 1000 1000 1000 1000 
25 17 20 13 31 37 22 29 20 11 29 12 11 32 37 12 18 18 17 12 16 15 14 40 25 19 10 36 40 23 18 15 20 18 21 18 37 27 39 13 15 18 24 15 33 43 32 43 37 17 
18 45 20 39 34 21 39 9 26 12 16 33 42 42 15 29 26 23 36 43 42 42 13 17 14 33 19 9 35 20 26 15 14 9 37 35 27 22 11 11 34 21 20 43 17 29 18 39 27 11 
43 41 41 32 37 30 32 23 41 11 37 20 40 13 22 41 17 14 41 33 41 35 21 26 12 36 41 27 33 10 22 11 9 27 32 18 43 22 30 13 24 26 29 31 16 30 26 26 40 42 
26 11 44 14 26 18 33 35 20 43 25 27 19 41 26 16 34 27 41 16 37 35 22 21 15 45 34 20 17 13 21 28 19 18 33 39 11 26 34 31 17 10 30 37 27 18 44 32 31 24 
1000 1000 1000 1000 1000 1000 1000 1000 1000 1000 1000 1000 1000 1000 1000 1000 1000 1000 1000 1000 1000 1000 1000 1000 1000 1000 1000 1000 1000 1000 1000 1000 1000 1000 1000 1000 1000 1000 1000 1000 1000 1000 1000 1000 1000 1000 1000 1000 1000 1000 
31 37 31 26 16 42 15 12 27 17 25 39 41 41 19 32 34 14 32 30 10 37 21 36 37 19 21 44 25 45 19 45 37 24 23 21 17 17 29 13 10 34 20 36 17 14 26 31 40 15 
44 16 32 40 22 34 17 44 41 43 30 10 12 27 45 39 12 37 32 14 39 29 31 11 40 13 9 22 23 19 42 28 34 42 40 41 9 18 37 15 40 27 33 32 24 26 31 14 24 16 
1000 1000 1000 1000 1000 1000 1000 1000 1000 1000 1000 1000 1000 1000 1000 1000 1000 1000 1000 1000 1000 1000 1000 1000 1000 1000 1000 1000 1000 1000 1000 1000 1000 1000 1000 1000 1000 1000 1000 1000 1000 1000 1000 1000 1000 1000 1000 1000 1000 1000 
1000 1000 1000 1000 1000 1000 1000 1000 1000 1000 1000 1000 1000 1000 1000 1000 1000 1000 1000 1000 1000 1000 1000 1000 1000 1000 1000 1000 1000 1000 1000 1000 1000 1000 1000 1000 1000 1000 1000 1000 1000 1000 1000 1000 1000 1000 1000 1000 1000 1000 
13 35 29 33 34 9 45 40 27 38 40 44 26 28 42 16 19 9 28 27 28 32 19 25 28 27 34 40 42 43 17 17 20 24 25 29 40 41 9 33 22 44 20 20 31 18 17 41 23 18 
39 35 30 31 32 10 14 18 15 39 27 36 38 13 28 16 30 9 36 34 17 39 32 24 41 23 9 14 41 32 42 34 40 33 14 19 28 45 40 42 21 11 11 13 32 21 15 32 37 22 
1000 1000 1000 1000 1000 1000 1000 1000 1000 1000 1000 1000 1000 1000 1000 1000 1000 1000 1000 1000 1000 1000 1000 1000 1000 1000 1000 1000 1000 1000 1000 1000 1000 1000 1000 1000 1000 1000 1000 1000 1000 1000 1000 1000 1000 1000 1000 1000 1000 1000 
1000 1000 1000 1000 1000 1000 1000 1000 1000 1000 1000 1000 1000 1000 1000 1000 1000 1000 1000 1000 1000 1000 1000 1000 1000 1000 1000 1000 1000 1000 1000 1000 1000 1000 1000 1000 1000 1000 1000 1000 1000 1000 1000 1000 1000 1000 1000 1000 1000 1000 
10 40 38 10 24 17 19 44 22 24 20 31 33 23 30 39 35 45 25 24 29 30 18 16 18 21 31 12 13 26 28 31 19 36 25 26 43 30 26 17 10 11 42 30 31 44 37 12 16 29 
1000 1000 1000 1000 1000 1000 1000 1000 1000 1000 1000 1000 1000 1000 1000 1000 1000 1000 1000 1000 1000 1000 1000 1000 1000 1000 1000 1000 1000 1000 1000 1000 1000 1000 1000 1000 1000 1000 1000 1000 1000 1000 1000 1000 1000 1000 1000 1000 1000 1000 
1000 1000 1000 1000 1000 1000 1000 1000 1000 1000 1000 1000 1000 1000 1000 1000 1000 1000 1000 1000 1000 1000 1000 1000 1000 1000 1000 1000 1000 1000 1000 1000 1000 1000 1000 1000 1000 1000 1000 1000 1000 1000 1000 1000 1000 1000 1000 1000 1000 1000 
1000 1000 1000 1000 1000 1000 1000 1000 1000 1000 1000 1000 1000 1000 1000 1000 1000 1000 1000 1000 1000 1000 1000 1000 1000 1000 1000 1000 1000 1000 1000 1000 1000 1000 1000 1000 1000 1000 1000 1000 1000 1000 1000 1000 1000 1000 1000 1000 1000 1000 
1000 1000 1000 1000 1000 1000 1000 1000 1000 1000 1000 1000 1000 1000 1000 1000 1000 1000 1000 1000 1000 1000 1000 1000 1000 1000 1000 1000 1000 1000 1000 1000 1000 1000 1000 1000 1000 1000 1000 1000 1000 1000 1000 1000 1000 1000 1000 1000 1000 1000 
34 30 24 13 35 30 29 44 13 31 22 42 26 41 40 23 18 26 20 22 12 11 13 42 33 18 25 38 16 12 13 34 36 33 41 19 9 37 32 37 25 25 45 36 45 29 33 25 14 23 
1000 1000 1000 1000 1000 1000 1000 1000 1000 1000 1000 1000 1000 1000 1000 1000 1000 1000 1000 1000 1000 1000 1000 1000 1000 1000 1000 1000 1000 1000 1000 1000 1000 1000 1000 1000 1000 1000 1000 1000 1000 1000 1000 1000 1000 1000 1000 1000 1000 1000 
38 15 24 17 33 13 43 30 10 28 21 31 16 39 18 11 16 22 22 33 21 16 41 10 38 36 25 22 26 24 11 42 29 25 30 34 12 37 45 19 20 16 21 27 18 36 25 34 18 25 
1000 1000 1000 1000 1000 1000 1000 1000 1000 1000 1000 1000 1000 1000 1000 1000 1000 1000 1000 1000 1000 1000 1000 1000 1000 1000 1000 1000 1000 1000 1000 1000 1000 1000 1000 1000 1000 1000 1000 1000 1000 1000 1000 1000 1000 1000 1000 1000 1000 1000 
1000 1000 1000 1000 1000 1000 1000 1000 1000 1000 1000 1000 1000 1000 1000 1000 1000 1000 1000 1000 1000 1000 1000 1000 1000 1000 1000 1000 1000 1000 1000 1000 1000 1000 1000 1000 1000 1000 1000 1000 1000 1000 1000 1000 1000 1000 1000 1000 1000 1000 
32 26 39 34 26 9 26 30 43 30 34 27 15 19 11 10 27 21 12 19 22 20 44 13 36 41 27 15 42 26 17 13 15 33 15 31 35 42 18 16 23 28 17 33 21 36 20 17 36 20 
33 34 23 17 31 33 22 26 28 18 22 29 28 25 19 27 33 35 18 22 24 26 33 20 32 15 24 15 23 27 30 16 28 31 28 25 25 29 31 29 18 32 26 19 21 29 35 19 21 17 
28 34 16 21 21 27 33 17 22 20 34 20 34 27 26 20 18 28 25 32 24 30 28 32 24 20 29 25 27 33 18 35 25 31 31 30 35 27 16 24 18 30 24 28 19 35 17 25 34 25 
1000 1000 1000 1000 1000 1000 1000 1000 1000 1000 1000 1000 1000 1000 1000 1000 1000 1000 1000 1000 1000 1000 1000 1000 1000 1000 1000 1000 1000 1000 1000 1000 1000 1000 1000 1000 1000 1000 1000 1000 1000 1000 1000 1000 1000 1000 1000 1000 1000 1000 
1000 1000 1000 1000 1000 1000 1000 1000 1000 1000 1000 1000 1000 1000 1000 1000 1000 1000 1000 1000 1000 1000 1000 1000 1000 1000 1000 1000 1000 1000 1000 1000 1000 1000 1000 1000 1000 1000 1000 1000 1000 1000 1000 1000 1000 1000 1000 1000 1000 1000 
35 17 15 24 17 17 26 32 18 26 19 35 17 32 20 30 15 20 34 34 27 20 22 19 30 24 16 25 22 18 25 15 27 32 26 33 32 16 25 27 35 26 17 19 18 33 33 21 31 28 
24 25 31 18 28 15 35 16 20 19 26 22 27 34 19 20 24 16 15 24 31 19 22 21 32 17 34 26 27 26 23 22 19 19 24 25 22 15 15 23 22 31 27 22 28 28 16 28 20 21 
21 15 31 35 29 32 26 16 22 18 16 30 15 15 19 15 31 18 25 18 34 20 20 27 20 28 24 22 28 22 22 15 18 15 26 35 16 25 31 33 34 24 17 25 19 23 25 20 25 29 
19 21 33 31 21 31 32 17 34 22 28 35 23 29 23 23 25 26 18 35 30 16 19 17 17 33 27 26 22 26 23 27 31 23 27 22 18 35 22 15 26 25 19 24 30 17 15 15 25 31 
31 18 28 32 17 29 18 31 16 20 31 32 23 28 32 34 31 20 33 17 19 19 28 32 35 29 31 33 15 25 19 19 23 34 35 19 27 26 20 25 32 35 16 18 20 26 35 21 34 30 
30 19 28 33 16 33 26 26 30 26 33 17 31 28 35 27 26 20 26 24 35 25 33 27 24 27 15 34 18 19 28 17 20 19 15 20 30 18 32 30 33 29 30 25 30 29 27 19 21 31 
18 15 30 20 29 17 35 16 35 35 15 34 28 28 35 30 21 33 24 27 18 15 25 31 27 31 18 26 29 21 30 30 31 35 30 30 17 23 30 17 28 19 26 19 16 15 34 21 34 32 
26 21 23 31 29 32 25 32 30 24 17 31 22 35 21 31 25 18 23 26 35 17 33 34 30 29 25 30 27 32 15 18 15 25 29 17 25 17 24 29 34 35 31 23 33 18 19 15 29 17 
31 17 22 31 25 19 21 18 24 21 19 32 33 15 35 24 31 18 17 30 21 19 15 21 30 22 22 17 23 15 31 17 19 16 16 25 32 25 20 33 15 31 17 27 20 26 24 31 32 34 
25 22 20 18 21 31 32 23 18 34 27 32 22 25 30 25 32 20 28 35 17 25 31 23 29 18 24 25 24 35 34 19 34 17 34 18 26 16 31 22 15 23 21 31 23 29 27 26 15 21 
1000 1000 1000 1000 1000 1000 1000 1000 1000 1000 1000 1000 1000 1000 1000 1000 1000 1000 1000 1000 1000 1000 1000 1000 1000 1000 1000 1000 1000 1000 1000 1000 1000 1000 1000 1000 1000 1000 1000 1000 1000 1000 1000 1000 1000 1000 1000 1000 1000 1000 
30 24 22 35 27 33 29 18 28 22 18 22 18 29 18 18 30 26 17 20 29 27 17 25 33 18 32 23 18 29 18 19 35 35 22 20 15 35 21 23 33 17 21 15 30 35 34 27 15 34 
22 30 30 25 35 24 16 23 22 30 23 32 18 21 24 15 15 32 20 20 20 34 35 27 24 27 32 26 15 31 18 20 23 29 30 26 34 23 30 16 26 16 31 34 24 35 33 31 27 30 
17 28 21 23 31 25 26 29 34 21 31 16 25 26 19 26 34 16 21 35 21 16 34 30 30 16 25 20 28 33 29 26 21 23 23 26 28 20 20 30 34 22 27 27 16 18 19 25 18 33 
17 25 27 18 26 25 31 16 35 19 26 27 32 29 25 24 30 26 31 20 28 29 34 31 18 33 28 21 17 29 29 15 21 16 26 22 34 17 20 15 21 22 29 34 15 20 23 24 15 21 
1000 1000 1000 1000 1000 1000 1000 1000 1000 1000 1000 1000 1000 1000 1000 1000 1000 1000 1000 1000 1000 1000 1000 1000 1000 1000 1000 1000 1000 1000 1000 1000 1000 1000 1000 1000 1000 1000 1000 1000 1000 1000 1000 1000 1000 1000 1000 1000 1000 1000 
34 25 30 28 20 33 24 35 20 34 28 35 23 27 35 22 23 34 24 18 30 29 34 35 26 34 29 17 33 21 17 21 24 19 17 24 34 26 24 25 23 30 18 35 35 17 27 20 21 34 
32 24 27 26 21 18 35 18 25 20 33 27 30 29 31 24 24 31 17 26 19 27 15 32 34 35 20 20 20 35 33 23 23 18 24 19 29 26 31 31 29 23 15 29 18 33 30 15 28 30 
19 22 30 29 20 19 20 33 35 27 18 29 30 24 18 31 15 27 34 26 24 18 31 28 17 33 18 21 23 35 21 22 23 30 18 15 24 32 35 35 24 34 27 35 24 22 20 25 34 30 
23 28 31 20 23 15 29 35 32 18 34 30 35 27 24 27 15 28 20 30 16 19 32 23 20 29 20 25 23 26 32 19 18 25 34 16 20 21 34 25 21 23 29 18 23 17 18 31 18 30 
17 25 23 33 29 35 32 31 33 31 20 19 19 22 28 27 17 31 19 21 26 18 21 17 24 20 34 20 33 28 15 21 19 29 16 15 15 27 33 19 23 15 20 20 22 22 28 15 29 19 
17 33 18 34 21 29 31 21 19 25 17 17 18 19 15 27 16 15 16 32 21 22 35 34 23 19 30 28 35 31 33 28 15 17 20 25 19 31 29 30 20 20 16 16 16 19 26 16 17 27 
35 29 32 19 17 28 23 22 16 35 16 34 26 30 21 21 17 22 24 35 15 20 30 30 15 18 34 22 27 32 34 32 29 26 30 28 17 20 25 17 16 28 20 16 21 34 35 24 32 24 
30 33 27 21 24 35 34 30 20 28 17 31 22 33 18 22 22 26 18 17 35 29 33 19 32 18 15 32 26 27 34 15 31 32 24 23 33 30 24 35 22 18 22 19 16 24 20 32 26 32 
34 21 21 23 16 21 24 20 21 22 32 17 27 24 20 23 31 22 35 33 15 35 20 33 17 31 17 31 27 31 27 30 34 21 34 34 35 34 24 33 19 15 26 23 28 16 32 33 16 35 
29 33 20 17 27 17 26 27 21 16 15 15 24 24 32 19 16 26 17 31 27 15 35 35 24 26 32 35 29 19 27 24 23 19 27 20 22 17 27 25 23 21 31 35 15 15 32 26 16 19 
34 16 27 35 18 15 29 32 32 21 34 26 31 19 34 27 15 17 29 17 35 31 24 20 25 22 21 16 16 23 26 25 25 19 26 24 33 33 19 21 15 35 33 20 25 31 24 29 24 22 
33 17 16 31 28 26 22 34 25 25 32 26 21 28 24 23 16 25 21 31 17 30 28 35 29 20 19 20 35 18 33 34 32 35 32 33 15 17 15 16 26 16 30 20 25 27 22 22 19 19 
18 30 21 33 27 32 24 26 26 27 31 25 35 16 32 22 25 25 32 18 24 19 19 24 30 29 29 35 24 20 27 15 22 22 30 33 20 35 15 21 31 31 31 18 28 18 27 30 25 27 
26 30 20 35 29 18 21 31 26 15 25 27 18 19 29 20 24 29 33 34 32 17 28 34 24 33 15 20 24 29 31 17 29 27 17 30 29 24 20 25 25 16 24 32 30 30 29 31 31 26 
1000 1000 1000 1000 1000 1000 1000 1000 1000 1000 1000 1000 1000 1000 1000 1000 1000 1000 1000 1000 1000 1000 1000 1000 1000 1000 1000 1000 1000 1000 1000 1000 1000 1000 1000 1000 1000 1000 1000 1000 1000 1000 1000 1000 1000 1000 1000 1000 1000 1000 
32 15 32 17 16 18 31 20 20 21 21 28 17 27 31 22 23 22 30 28 28 29 31 22 25 20 21 28 31 29 32 33 23 30 20 35 18 20 32 35 18 33 34 31 34 20 29 35 15 25 
34 16 19 29 27 29 25 30 32 33 35 20 19 24 17 18 32 27 15 27 31 16 35 16 22 22 17 24 22 34 35 26 16 24 18 25 31 29 17 28 33 31 23 26 27 24 17 31 18 23 
25 30 28 15 28 24 18 34 29 19 21 20 29 31 24 16 20 15 33 31 28 22 20 20 25 32 26 33 15 30 20 27 18 27 27 29 28 18 27 31 19 33 21 28 23 26 19 23 30 17 
18 25 30 28 26 27 22 24 21 31 30 15 15 23 18 21 25 35 33 32 30 26 20 20 26 25 32 17 27 33 34 27 33 16 29 24 25 29 30 29 35 17 31 20 27 34 30 25 20 30 
1000 1000 1000 1000 1000 1000 1000 1000 1000 1000 1000 1000 1000 1000 1000 1000 1000 1000 1000 1000 1000 1000 1000 1000 1000 1000 1000 1000 1000 1000 1000 1000 1000 1000 1000 1000 1000 1000 1000 1000 1000 1000 1000 1000 1000 1000 1000 1000 1000 1000 
27 20 32 24 26 23 15 34 29 31 17 32 32 18 34 34 26 18 31 16 22 30 26 34 34 18 24 22 22 23 17 25 29 19 17 15 20 27 33 17 25 25 21 33 22 35 18 27 20 29 
1000 1000 1000 1000 1000 1000 1000 1000 1000 1000 1000 1000 1000 1000 1000 1000 1000 1000 1000 1000 1000 1000 1000 1000 1000 1000 1000 1000 1000 1000 1000 1000 1000 1000 1000 1000 1000 1000 1000 1000 1000 1000 1000 1000 1000 1000 1000 1000 1000 1000 
1000 1000 1000 1000 1000 1000 1000 1000 1000 1000 1000 1000 1000 1000 1000 1000 1000 1000 1000 1000 1000 1000 1000 1000 1000 1000 1000 1000 1000 1000 1000 1000 1000 1000 1000 1000 1000 1000 1000 1000 1000 1000 1000 1000 1000 1000 1000 1000 1000 1000 
1000 1000 1000 1000 1000 1000 1000 1000 1000 1000 1000 1000 1000 1000 1000 1000 1000 1000 1000 1000 1000 1000 1000 1000 1000 1000 1000 1000 1000 1000 1000 1000 1000 1000 1000 1000 1000 1000 1000 1000 1000 1000 1000 1000 1000 1000 1000 1000 1000 1000 
23 18 19 21 17 20 30 34 32 17 33 23 35 18 18 28 22 28 32 25 24 30 19 33 15 34 30 20 18 23 24 16 26 31 28 26 28 25 19 33 30 28 33 16 35 28 17 21 16 18 
28 28 26 26 19 24 28 17 33 23 32 19 35 28 22 20 17 25 34 32 15 35 33 25 17 19 24 16 16 32 29 18 26 20 29 20 21 20 30 27 32 20 19 27 21 21 17 16 15 16 
26 20 23 29 32 33 31 15 25 16 28 32 24 20 18 26 31 16 32 29 28 25 15 25 35 20 19 24 34 27 35 30 18 33 32 15 35 24 20 24 33 35 29 18 16 24 19 28 32 22 
32 21 27 26 28 19 26 24 19 26 23 26 30 34 22 19 25 26 27 28 16 30 32 26 28 17 29 29 33 35 17 26 17 18 25 30 15 24 23 20 21 27 34 32 24 23 34 17 32 20 
34 31 22 34 34 34 23 30 32 30 18 34 23 32 27 27 23 34 23 27 20 17 21 18 19 15 21 33 34 28 35 16 35 15 25 29 25 33 33 25 33 25 26 32 32 32 32 15 19 20 
30 18 22 24 34 23 16 22 35 16 28 26 23 25 35 32 29 22 21 20 18 18 30 34 33 31 28 20 20 28 17 17 28 29 27 31 19 32 30 21 17 29 34 18 24 21 16 22 35 27 
19 30 34 32 18 28 30 24 33 20 30 17 23 32 18 25 30 34 32 16 26 26 20 31 27 28 30 19 22 25 26 32 28 20 17 22 29 21 34 35 29 20 25 34 34 17 21 32 22 29 
33 28 34 25 15 28 31 23 26 29 29 20 35 30 35 18 24 31 17 15 25 33 26 26 20 33 21 17 21 26 15 28 32 19 16 29 24 33 19 25 28 22 16 22 25 15 15 34 29 22 
16 19 28 30 32 28 17 30 32 21 24 22 28 18 17 28 25 23 32 25 31 16 29 32 22 35 19 35 31 29 26 20 20 31 25 20 30 17 18 18 32 19 29 30 30 21 32 15 18 34 
26 31 32 22 21 29 25 21 30 17 15 35 35 19 26 33 34 22 31 34 22 34 18 29 26 25 33 17 24 20 18 24 29 30 15 32 30 33 30 24 16 34 34 27 16 19 20 15 23 22 
28 30 22 28 15 26 31 35 22 16 30 35 29 35 25 34 25 32 16 16 28 26 27 22 30 17 27 32 30 33 21 19 35 25 24 32 25 25 28 17 34 34 28 16 33 29 16 15 28 27 
0.06666666666666665 0.5333333333333333 0 0.4666666666666667 0 0.6666666666666667 0 0.2666666666666667 0 0.19999999999999996 0 0 0.4666666666666667 0 0.0 0 0.33333333333333337 0 0 0.06666666666666665 0 0 0 0.7333333333333334 0 0.2666666666666667 0 0.19999999999999996 0.33333333333333337 0 0 0 0 0 1 0.7333333333333334 0.06666666666666665 0.6666666666666667 0.6666666666666667 0 0.8666666666666667 0 0.06666666666666665 0.6666666666666667 0.9333333333333333 0 0.0 0.06666666666666665 0 0.8666666666666667 
0 0.33333333333333337 0.6 0 0.4 0.6666666666666667 1 0 0 0 0 0 0.4666666666666667 1.0 0 0 0 0 0.0 0 0.19999999999999996 0.8 0.19999999999999996 0 0 0 0 0 0.4 0 0.0 0.1333333333333333 0.2666666666666667 0 0.06666666666666665 0 0.7333333333333334 0 0.8 0.8 0 0.8 0.4666666666666667 0 0.33333333333333337 0.8666666666666667 1 0 0 0 
0.6 1 0 0 1 0 0.4666666666666667 0.6 0 0 0.4666666666666667 0.9333333333333333 0.0 0.33333333333333337 0.4666666666666667 0.6666666666666667 0.0 0 0 0.4 0 0 0.4 0 0 0 0 0 0.1333333333333333 0 0.06666666666666665 0 0 0.1333333333333333 0 0 0 0 0.1333333333333333 0.6666666666666667 0 0 0 0.6666666666666667 0 1.0 0 0 0.4 0 
0 0 0 0 0 0 0 0 0 0 0 0 0 0 0 0 0 0 0 0 0 0 0 0 0 0 0 0 0 0 0 0 0 0 0 0 0 0 0 0 0 0 0 0 0 0 0 0 0 0 
0.7333333333333334 0.9333333333333333 0.0 0.2666666666666667 0 0 0 0 0.6 0 0 0.0 0.1333333333333333 0 0 0 0 0.4 0.4666666666666667 0 0.6666666666666667 0 0.2666666666666667 0.06666666666666665 0 0.7333333333333334 0 0 0.8666666666666667 0 0 0 0 0 0 0 0.1333333333333333 0.19999999999999996 0 0.0 0 0 0.8666666666666667 0.4666666666666667 0.4 0.8666666666666667 0 0 0 0.33333333333333337 
0 0 0 0 0 0 0 0 0 0 0 0 0 0 0 0 0 0 0 0 0 0 0 0 0 0 0 0 0 0 0 0 0 0 0 0 0 0 0 0 0 0 0 0 0 0 0 0 0 0 
0.4 0 0 0 0.2666666666666667 0.5333333333333333 0 0 1.0 0.06666666666666665 0.6666666666666667 0 0.0 1 0 0 0.8 0 0.19999999999999996 0.4 0.0 0 0.0 0 0 0 0 1 0 0.9333333333333333 0 0 0.7333333333333334 0 0 0 0.2666666666666667 0 0.4666666666666667 0 0.9333333333333333 0 0.0 0.4666666666666667 0.0 0.9333333333333333 1.0 0 0 0 
0 0 0 0 0 0 0 0 0 0 0 0 0 0 0 0 0 0 0 0 0 0 0 0 0 0 0 0 0 0 0 0 0 0 0 0 0 0 0 0 0 0 0 0 0 0 0 0 0 0 
1 1.0 0 0.4 0.5333333333333333 0 0.19999999999999996 0.4 0 0 0 0 0.7333333333333334 0.9333333333333333 0.2666666666666667 0 1 1.0 0.1333333333333333 0 0.9333333333333333 0.4666666666666667 0.0 0.4 0.33333333333333337 0.8666666666666667 0.9333333333333333 0.4 0.4 0 0 0 1.0 0.6666666666666667 0.5333333333333333 0.9333333333333333 0.2666666666666667 0.8 0 0 0.8 0 0.8666666666666667 0 0 0 0.1333333333333333 0 0.8 1 
0 0.1333333333333333 0 0 0 0.6666666666666667 0 0 0.5333333333333333 0 0.0 0 0.06666666666666665 0 0 0 0.6666666666666667 0 0 0 0.1333333333333333 0 1 0.6 0 0.8666666666666667 0.19999999999999996 0 0 0.5333333333333333 0 0.4 0 0.6666666666666667 0 0.0 0 0 0 0 0.0 0.06666666666666665 0 0 0 0.19999999999999996 0.1333333333333333 0 0.6 0.6 
0 0 0 0 0 0 0 0 0 0 0 0 0 0 0 0 0 0 0 0 0 0 0 0 0 0 0 0 0 0 0 0 0 0 0 0 0 0 0 0 0 0 0 0 0 0 0 0 0 0 
0 0 0 0 0 0 0 0 0 0 0 0 0 0 0 0 0 0 0 0 0 0 0 0 0 0 0 0 0 0 0 0 0 0 0 0 0 0 0 0 0 0 0 0 0 0 0 0 0 0 
0 0 0 0 0 0 0 0 0 0 0 0 0 0 0 0 0 0 0 0 0 0 0 0 0 0 0 0 0 0 0 0 0 0 0 0 0 0 0 0 0 0 0 0 0 0 0 0 0 0 
0 0.06666666666666665 0 0 0.1333333333333333 0.0 0.0 0 0.7333333333333334 0.0 0.7333333333333334 0 0 0.4666666666666667 1.0 0.06666666666666665 0 0.06666666666666665 0 0 0.4666666666666667 0.6666666666666667 0 0.0 0 0.4 0 0 0.2666666666666667 0.33333333333333337 0 0.6666666666666667 0 0 0 0 0 0 0.1333333333333333 0 0 0 0 0 0 0.4 1.0 0 0 0 
0 0 0.6 0.33333333333333337 0 0 0.2666666666666667 0 0 0.6 0 1 0.8666666666666667 0 1 0 0 0.8666666666666667 0 0.6666666666666667 0 0.5333333333333333 0.06666666666666665 0.6666666666666667 1.0 0.7333333333333334 0.6666666666666667 0 0.8 0 0 0.6 0.5333333333333333 0.6 1.0 0.7333333333333334 0.2666666666666667 0 0 0.5333333333333333 0 0 0 0.19999999999999996 0.8 0 0.6666666666666667 0 0 0.4 
0.6 0.4 0.0 0 0 0 0 0.4666666666666667 0 0 0 0 0.2666666666666667 1 0.4666666666666667 0 0 0.8666666666666667 0 0 0 0 0 0 0.7333333333333334 0 0 0 0 0.1333333333333333 0.6 1.0 0.5333333333333333 0.0 0.8 0 0 0 0.06666666666666665 0.33333333333333337 0.1333333333333333 0.5333333333333333 0.2666666666666667 0 0 0.06666666666666665 0.2666666666666667 0 0.06666666666666665 0.6 
0 0 0 0 0 0 0 0 0 0 0 0 0 0 0 0 0 0 0 0 0 0 0 0 0 0 0 0 0 0 0 0 0 0 0 0 0 0 0 0 0 0 0 0 0 0 0 0 0 0 
0 0 0 0 0 0 0 0 0 0 0 0 0 0 0 0 0 0 0 0 0 0 0 0 0 0 0 0 0 0 0 0 0 0 0 0 0 0 0 0 0 0 0 0 0 0 0 0 0 0 
0.6 0 0 0.1333333333333333 0 0.0 0 0 0 0 0 0 0.19999999999999996 0 0 0 0 0.7333333333333334 0 0.6 0.19999999999999996 0.9333333333333333 0.5333333333333333 0 0.2666666666666667 0.4 0 0.0 0 0 0 0 0 0 0 0.0 0 0.1333333333333333 0 0.5333333333333333 0 0 0 0 0.8666666666666667 0 0 0.4666666666666667 0.1333333333333333 0.8666666666666667 
0.1333333333333333 0.9333333333333333 0.6666666666666667 0 0 0.8 0.6 1.0 0.6666666666666667 1 0.5333333333333333 1 0.0 0.8666666666666667 0 0.06666666666666665 0.06666666666666665 0 0.06666666666666665 0 0 0.4666666666666667 0 0.6 0.4666666666666667 0.33333333333333337 0 0.2666666666666667 0 0 1 0.8 0.7333333333333334 0.6666666666666667 0 0.06666666666666665 0.2666666666666667 0.5333333333333333 0 0 0 0.8666666666666667 0 0.8666666666666667 0.6666666666666667 0 0 0 0 1 
0 0 0 0 0 0 0 0 0 0 0 0 0 0 0 0 0 0 0 0 0 0 0 0 0 0 0 0 0 0 0 0 0 0 0 0 0 0 0 0 0 0 0 0 0 0 0 0 0 0 
0.8 0.2666666666666667 0.2666666666666667 0 0 0.8666666666666667 0.06666666666666665 0.4 0.8 0 0 0 1.0 0.4 0 0.19999999999999996 0 0 0.0 0 0 0.8666666666666667 0 0.5333333333333333 0.8 0.33333333333333337 0.9333333333333333 1.0 0 0 0.7333333333333334 0 0 0 0 0.1333333333333333 0.6 0 0.1333333333333333 0.5333333333333333 0.7333333333333334 1 0 0 0 0.2666666666666667 0 0.0 0.8666666666666667 0 
0 0 1.0 0.4 0 0 0 0.06666666666666665 1 0 0 0 0 0.5333333333333333 0 0.4 0 0 0 0.33333333333333337 0.4666666666666667 0 0 0.19999999999999996 0 0 0.06666666666666665 0 0 0 0 0 0 0 0.9333333333333333 0.0 0.8666666666666667 0.2666666666666667 0 0.8 0 0.2666666666666667 0 0 0.6 0.06666666666666665 0.8666666666666667 0 0 0.8 
0 0 0 0 0 0 0 0 0 0 0 0 0 0 0 0 0 0 0 0 0 0 0 0 0 0 0 0 0 0 0 0 0 0 0 0 0 0 0 0 0 0 0 0 0 0 0 0 0 0 
0 0 0 0 0 0 0 0 0 0 0 0 0 0 0 0 0 0 0 0 0 0 0 0 0 0 0 0 0 0 0 0 0 0 0 0 0 0 0 0 0 0 0 0 0 0 0 0 0 0 
0 0 0 1.0 0 0 0.7333333333333334 0 0.1333333333333333 0 0 0.33333333333333337 0.9333333333333333 0 0.7333333333333334 0.2666666666666667 0 0 1 1.0 0.5333333333333333 0.4666666666666667 0 0 0.9333333333333333 0 0 0.2666666666666667 1.0 0 0 0 0.2666666666666667 0 0 0 0.4666666666666667 0.8666666666666667 1 0.8 0 0.5333333333333333 0 0 0.6666666666666667 0 0.33333333333333337 0 0 0 
0 0 0.6666666666666667 0.6666666666666667 0.33333333333333337 0 0.4666666666666667 0.4 0 0 0.06666666666666665 0.33333333333333337 0 0 0 0 0.6 1.0 0 0 0 0 0 1 0 0 0 0.06666666666666665 0.2666666666666667 0 1.0 0 0.6 0.4666666666666667 0 0.6666666666666667 0 0 0 0.6 0 0 0 0.4 0.6 0 0 0.8 0.9333333333333333 0 
1.0 0.4666666666666667 0.33333333333333337 0 0.4 0 0 0 0 0 0.7333333333333334 0.06666666666666665 0.2666666666666667 0.8666666666666667 0 0.19999999999999996 0 0.4 1.0 0.4 0 0.1333333333333333 0.0 0 0.7333333333333334 0 0.0 0.06666666666666665 0.4 0 0 0.0 0 0.6 0 0 0.9333333333333333 0 0 0 0.5333333333333333 0 0 0 0.9333333333333333 0.33333333333333337 0.7333333333333334 0.6 0 0 
0 0 0 0 0 0 0 0 0 0 0 0 0 0 0 0 0 0 0 0 0 0 0 0 0 0 0 0 0 0 0 0 0 0 0 0 0 0 0 0 0 0 0 0 0 0 0 0 0 0 
0.6666666666666667 0.5333333333333333 0 0 0.2666666666666667 0.1333333333333333 0.0 0.5333333333333333 0 0 0.4 0 0.7333333333333334 0 0 0 0.4 0.8666666666666667 0 0 1 0.6 0.0 0.8666666666666667 0.5333333333333333 0.33333333333333337 0.9333333333333333 0.8 0 0.4666666666666667 0 0.9333333333333333 0.0 0.4 0.0 0 0 0 0.33333333333333337 0.06666666666666665 1.0 0.6666666666666667 0.0 0.2666666666666667 0.1333333333333333 0.9333333333333333 0.06666666666666665 0.9333333333333333 0 0 
0 0 0 0 0 0 0 0 0 0 0 0 0 0 0 0 0 0 0 0 0 0 0 0 0 0 0 0 0 0 0 0 0 0 0 0 0 0 0 0 0 0 0 0 0 0 0 0 0 0 
0.0 0.5333333333333333 0.33333333333333337 0.8 0 0 0.19999999999999996 0 0.33333333333333337 0.9333333333333333 0 0.8666666666666667 0.9333333333333333 0 0 0.8666666666666667 0.4666666666666667 0.4666666666666667 0.5333333333333333 0.8666666666666667 0.6 0.6666666666666667 0.7333333333333334 0 0.0 0.4 1.0 0 0 0.1333333333333333 0.4666666666666667 0.6666666666666667 0.33333333333333337 0.4666666666666667 0.2666666666666667 0.4666666666666667 0 0 0 0.8 0.6666666666666667 0.4666666666666667 0.06666666666666665 0.6666666666666667 0 0 0 0 0 0.5333333333333333 
0.4666666666666667 0 0.33333333333333337 0 0 0.2666666666666667 0 1 0 0.8666666666666667 0.6 0 0 0 0.6666666666666667 0 0 0.1333333333333333 0 0 0 0 0.8 0.5333333333333333 0.7333333333333334 0 0.4 1 0 0.33333333333333337 0 0.6666666666666667 0.7333333333333334 1 0 0 0 0.19999999999999996 0.9333333333333333 0.9333333333333333 0 0.2666666666666667 0.33333333333333337 0 0.5333333333333333 0 0.4666666666666667 0 0 0.9333333333333333 
0 0 0 0 0 0 0 0.1333333333333333 0 0.9333333333333333 0 0.33333333333333337 0 0.8 0.19999999999999996 0 0.5333333333333333 0.7333333333333334 0 0 0 0 0.2666666666666667 0 0.8666666666666667 0 0 0 0 1.0 0.19999999999999996 0.9333333333333333 1 0 0 0.4666666666666667 0 0.19999999999999996 0 0.8 0.06666666666666665 0 0 0 0.6 0 0 0 0 0 
0 0.9333333333333333 0 0.7333333333333334 0 0.4666666666666667 0 0 0.33333333333333337 0 0.0 0 0.4 0 0 0.6 0 0 0 0.6 0 0 0.19999999999999996 0.2666666666666667 0.6666666666666667 0 0 0.33333333333333337 0.5333333333333333 0.8 0.2666666666666667 0 0.4 0.4666666666666667 0 0 0.9333333333333333 0 0 0 0.5333333333333333 1.0 0 0 0 0.4666666666666667 0 0 0 0.06666666666666665 
0 0 0 0 0 0 0 0 0 0 0 0 0 0 0 0 0 0 0 0 0 0 0 0 0 0 0 0 0 0 0 0 0 0 0 0 0 0 0 0 0 0 0 0 0 0 0 0 0 0 
0 0 0 0 0.6 0 0.6666666666666667 0.8666666666666667 0 0.5333333333333333 0.0 0 0 0 0.4 0 0 0.7333333333333334 0 0 1.0 0 0.2666666666666667 0 0 0.4 0.2666666666666667 0 0.0 0 0.4 0 0 0.06666666666666665 0.1333333333333333 0.2666666666666667 0.5333333333333333 0.5333333333333333 0 0.8 1.0 0 0.33333333333333337 0 0.5333333333333333 0.7333333333333334 0 0 0 0.6666666666666667 
0 0.6 0 0 0.19999999999999996 0 0.5333333333333333 0 0 0 0 1.0 0.8666666666666667 0 0 0 0.8666666666666667 0 0 0.7333333333333334 0 0 0 0.9333333333333333 0 0.8 1 0.19999999999999996 0.1333333333333333 0.4 0 0 0 0 0 0 1 0.4666666666666667 0 0.6666666666666667 0 0 0 0 0.06666666666666665 0 0 0.7333333333333334 0.06666666666666665 0.6 
0 0 0 0 0 0 0 0 0 0 0 0 0 0 0 0 0 0 0 0 0 0 0 0 0 0 0 0 0 0 0 0 0 0 0 0 0 0 0 0 0 0 0 0 0 0 0 0 0 0 
0 0 0 0 0 0 0 0 0 0 0 0 0 0 0 0 0 0 0 0 0 0 0 0 0 0 0 0 0 0 0 0 0 0 0 0 0 0 0 0 0 0 0 0 0 0 0 0 0 0 
0.8 0 0 0 0 1 0 0 0 0 0 0 0 0 0 0.6 0.4 1 0 0 0 0 0.4 0.0 0 0 0 0 0 0 0.5333333333333333 0.5333333333333333 0.33333333333333337 0.06666666666666665 0.0 0 0 0 1 0 0.19999999999999996 0 0.33333333333333337 0.33333333333333337 0 0.4666666666666667 0.5333333333333333 0 0.1333333333333333 0.4666666666666667 
0 0 0 0 0 1.0 0.7333333333333334 0.4666666666666667 0.6666666666666667 0 0 0 0 0.8 0 0.6 0 1 0 0 0.5333333333333333 0 0 0.06666666666666665 0 0.1333333333333333 1 0.7333333333333334 0 0 0 0 0 0 0.7333333333333334 0.4 0 0 0 0 0.2666666666666667 0.9333333333333333 0.9333333333333333 0.8 0 0.2666666666666667 0.6666666666666667 0 0 0.19999999999999996 
0 0 0 0 0 0 0 0 0 0 0 0 0 0 0 0 0 0 0 0 0 0 0 0 0 0 0 0 0 0 0 0 0 0 0 0 0 0 0 0 0 0 0 0 0 0 0 0 0 0 
0 0 0 0 0 0 0 0 0 0 0 0 0 0 0 0 0 0 0 0 0 0 0 0 0 0 0 0 0 0 0 0 0 0 0 0 0 0 0 0 0 0 0 0 0 0 0 0 0 0 
1.0 0 0 1.0 0.06666666666666665 0.5333333333333333 0.4 0 0.19999999999999996 0.06666666666666665 0.33333333333333337 0 0 0.1333333333333333 0 0 0 0 0.0 0.06666666666666665 0 0 0.4666666666666667 0.6 0.4666666666666667 0.2666666666666667 0 0.8666666666666667 0.8 0 0 0 0.4 0 0.0 0 0 0 0 0.5333333333333333 1.0 0.9333333333333333 0 0 0 0 0 0.8666666666666667 0.6 0 
0 0 0 0 0 0 0 0 0 0 0 0 0 0 0 0 0 0 0 0 0 0 0 0 0 0 0 0 0 0 0 0 0 0 0 0 0 0 0 0 0 0 0 0 0 0 0 0 0 0 
0 0 0 0 0 0 0 0 0 0 0 0 0 0 0 0 0 0 0 0 0 0 0 0 0 0 0 0 0 0 0 0 0 0 0 0 0 0 0 0 0 0 0 0 0 0 0 0 0 0 
0 0 0 0 0 0 0 0 0 0 0 0 0 0 0 0 0 0 0 0 0 0 0 0 0 0 0 0 0 0 0 0 0 0 0 0 0 0 0 0 0 0 0 0 0 0 0 0 0 0 
0 0 0 0 0 0 0 0 0 0 0 0 0 0 0 0 0 0 0 0 0 0 0 0 0 0 0 0 0 0 0 0 0 0 0 0 0 0 0 0 0 0 0 0 0 0 0 0 0 0 
0 0 0.06666666666666665 0.8 0 0 0 0 0.8 0 0.19999999999999996 0 0 0 0 0.1333333333333333 0.4666666666666667 0 0.33333333333333337 0.19999999999999996 0.8666666666666667 0.9333333333333333 0.8 0 0 0.4666666666666667 0.0 0 0.6 0.8666666666666667 0.8 0 0 0 0 0.4 1 0 0 0 0.0 0.0 0 0 0 0 0 0.0 0.7333333333333334 0.1333333333333333 
0 0 0 0 0 0 0 0 0 0 0 0 0 0 0 0 0 0 0 0 0 0 0 0 0 0 0 0 0 0 0 0 0 0 0 0 0 0 0 0 0 0 0 0 0 0 0 0 0 0 
0 0.6666666666666667 0.06666666666666665 0.5333333333333333 0 0.8 0 0 1.0 0 0.2666666666666667 0 0.6 0 0.4666666666666667 0.9333333333333333 0.6 0.19999999999999996 0.19999999999999996 0 0.2666666666666667 0.6 0 1.0 0 0 0.0 0.19999999999999996 0 0.06666666666666665 0.9333333333333333 0 0 0.0 0 0 0.8666666666666667 0 0 0.4 0.33333333333333337 0.6 0.2666666666666667 0 0.4666666666666667 0 0.0 0 0.4666666666666667 0.0 
0 0 0 0 0 0 0 0 0 0 0 0 0 0 0 0 0 0 0 0 0 0 0 0 0 0 0 0 0 0 0 0 0 0 0 0 0 0 0 0 0 0 0 0 0 0 0 0 0 0 
0 0 0 0 0 0 0 0 0 0 0 0 0 0 0 0 0 0 0 0 0 0 0 0 0 0 0 0 0 0 0 0 0 0 0 0 0 0 0 0 0 0 0 0 0 0 0 0 0 0 
0 0 0 0 0 1 0 0 0 0 0 0 0.6666666666666667 0.4 0.9333333333333333 1.0 0 0.2666666666666667 0.8666666666666667 0.4 0.19999999999999996 0.33333333333333337 0 0.8 0 0 0 0.6666666666666667 0 0 0.5333333333333333 0.8 0.6666666666666667 0 0.6666666666666667 0 0 0 0.4666666666666667 0.6 0.1333333333333333 0 0.5333333333333333 0 0.2666666666666667 0 0.33333333333333337 0.5333333333333333 0 0.33333333333333337 
