20
20
2
3
20
1 2 3 4 5 6 7 8 9 10 11 12 13 14 15 16 17 18 19 20 
1 2 3 4 5 6 7 8 9 10 11 12 13 14 15 16 17 18 19 20 
11
7 14 5 13 1 8 2 15 16 20 9 
17
2 17 12 6 8 10 11 4 20 1 16 13 7 3 15 18 9 
1 2 
1 2 3 
0 0 0 2 0 0 0 0 0 1 0 1 0 0 0 0 0 0 1 0 0 0 2 0 0 0 1 0 0 0 0 2 0 0 0 0 0 3 0 1 
0 1 1 0 0 0 1 0 0 1 0 0 1 0 0 0 2 0 0 0 0 0 1 0 2 1 1 0 0 0 0 1 0 0 0 0 0 1 2 0 
0 0 1 0 0 0 0 1 0 0 0 0 0 0 0 3 0 0 0 0 0 0 0 0 0 0 0 0 0 0 0 1 0 0 0 0 0 0 0 1 
0 0 0 0 1 1 0 0 0 1 1 0 1 1 1 1 0 0 0 0 1 2 0 0 0 2 0 0 0 0 0 0 0 0 0 2 0 0 1 0 
1 0 0 1 1 0 0 0 0 1 0 0 0 0 0 0 1 0 1 0 0 0 0 0 1 0 0 0 0 0 0 0 0 0 0 0 0 0 0 0 
0 0 0 0 1 0 0 1 0 0 0 0 0 0 0 0 0 0 0 0 0 0 0 3 0 0 0 0 2 0 0 0 0 0 0 1 1 0 0 0 
1 0 0 0 1 0 0 0 0 0 0 0 0 0 0 0 1 0 0 0 0 0 0 1 0 0 0 0 1 0 2 0 0 0 0 0 0 0 0 2 
0 0 0 0 0 0 0 0 2 0 1 1 0 0 0 1 1 1 0 0 1 1 0 0 0 0 0 1 0 0 1 0 0 0 0 0 1 0 1 0 
0 1 0 0 0 2 0 1 0 0 0 0 3 1 2 0 0 0 0 0 0 0 0 0 2 0 0 0 0 0 0 0 0 3 0 2 0 0 0 0 
1 0 0 0 0 0 0 2 0 0 0 1 0 0 0 0 2 0 0 0 0 0 1 0 0 0 2 0 0 0 0 0 0 0 0 0 0 0 1 1 
2 0 0 0 0 0 1 0 0 0 0 0 0 0 0 1 0 1 0 0 0 2 2 1 0 0 1 0 0 1 0 0 0 0 1 0 1 0 0 0 
0 0 0 0 0 0 2 0 0 1 0 3 0 0 0 0 1 1 0 0 0 1 1 0 1 1 0 0 0 0 0 1 0 1 0 0 0 0 0 3 
0 0 0 0 0 1 0 0 1 1 0 0 0 0 1 0 0 3 1 2 0 0 0 0 0 0 0 0 0 1 0 1 0 0 0 0 0 0 0 2 
0 0 0 2 1 0 0 2 0 1 0 0 0 1 0 2 0 0 0 2 0 0 0 0 0 0 0 0 1 2 0 0 0 1 0 0 0 2 0 2 
0 0 1 0 0 0 0 3 0 0 1 1 0 0 0 0 0 0 0 0 0 0 0 1 0 0 0 0 2 0 0 0 0 2 1 0 0 0 0 0 
0 1 0 0 1 0 0 0 0 0 1 0 0 1 1 2 1 0 2 1 0 0 1 0 0 0 0 0 1 0 0 0 0 0 2 0 0 1 0 0 
0 0 0 0 0 0 0 0 1 2 0 0 1 0 0 0 1 0 2 0 0 0 0 0 0 0 0 0 0 0 0 2 0 1 0 2 1 0 0 0 
0 0 0 0 0 0 1 2 1 0 0 0 0 0 0 0 1 0 0 0 2 0 0 0 0 0 0 0 0 0 0 1 0 0 0 0 0 2 0 0 
0 1 0 0 1 2 0 0 1 0 0 0 0 0 1 0 2 0 2 0 0 0 0 0 0 0 2 1 0 0 0 1 0 0 0 0 0 0 2 0 
0 0 0 0 1 0 1 0 0 2 0 0 0 1 3 0 0 0 0 0 0 0 0 0 0 0 1 1 0 0 0 0 0 2 0 0 0 0 0 0 
34 30 39 34 34 14 42 26 37 40 30 42 44 25 40 37 15 18 28 14 
23 24 37 28 15 27 38 31 35 30 38 39 27 43 25 28 43 29 33 10 
1000 1000 1000 1000 1000 1000 1000 1000 1000 1000 1000 1000 1000 1000 1000 1000 1000 1000 1000 1000 
1000 1000 1000 1000 1000 1000 1000 1000 1000 1000 1000 1000 1000 1000 1000 1000 1000 1000 1000 1000 
31 39 44 37 39 27 22 44 14 16 22 25 30 38 43 25 32 42 27 13 
1000 1000 1000 1000 1000 1000 1000 1000 1000 1000 1000 1000 1000 1000 1000 1000 1000 1000 1000 1000 
10 40 10 39 44 24 30 22 18 36 26 32 38 38 10 43 29 19 32 32 
39 42 29 17 29 42 37 44 31 17 45 38 28 26 12 16 31 32 11 27 
39 12 33 25 40 21 12 45 17 19 19 18 10 33 10 39 40 43 15 14 
1000 1000 1000 1000 1000 1000 1000 1000 1000 1000 1000 1000 1000 1000 1000 1000 1000 1000 1000 1000 
1000 1000 1000 1000 1000 1000 1000 1000 1000 1000 1000 1000 1000 1000 1000 1000 1000 1000 1000 1000 
1000 1000 1000 1000 1000 1000 1000 1000 1000 1000 1000 1000 1000 1000 1000 1000 1000 1000 1000 1000 
15 14 44 12 41 27 40 17 22 36 45 23 28 14 42 39 21 14 25 9 
31 10 36 29 21 32 12 43 43 34 15 10 17 35 17 32 36 34 12 45 
12 36 43 11 27 39 29 22 33 15 32 38 17 35 40 18 10 28 15 35 
14 43 35 43 26 44 28 16 32 23 38 37 19 36 27 33 14 11 15 35 
1000 1000 1000 1000 1000 1000 1000 1000 1000 1000 1000 1000 1000 1000 1000 1000 1000 1000 1000 1000 
1000 1000 1000 1000 1000 1000 1000 1000 1000 1000 1000 1000 1000 1000 1000 1000 1000 1000 1000 1000 
1000 1000 1000 1000 1000 1000 1000 1000 1000 1000 1000 1000 1000 1000 1000 1000 1000 1000 1000 1000 
36 19 17 44 38 28 45 10 15 21 10 14 20 39 16 19 9 43 13 30 
18 28 34 17 20 34 30 15 22 27 23 24 33 22 28 34 30 32 17 15 
20 15 15 15 28 28 27 29 27 17 25 24 24 25 31 29 18 15 19 22 
24 23 19 24 21 26 22 16 23 26 24 32 18 27 28 29 35 33 21 25 
15 18 20 35 33 20 29 31 21 18 26 17 29 17 31 28 28 24 15 20 
1000 1000 1000 1000 1000 1000 1000 1000 1000 1000 1000 1000 1000 1000 1000 1000 1000 1000 1000 1000 
32 30 21 31 28 33 18 32 27 17 24 16 28 33 26 22 34 32 17 23 
30 17 27 33 33 27 20 18 16 23 23 28 18 28 24 32 17 30 18 31 
17 28 28 29 31 34 32 28 29 25 17 21 23 25 35 27 29 15 20 29 
15 23 18 24 18 24 35 29 27 35 32 29 32 32 18 16 32 28 34 26 
21 28 17 23 19 27 34 31 29 21 18 33 26 23 27 19 33 17 17 31 
33 18 33 26 15 31 33 24 21 25 16 30 21 31 24 33 21 18 24 19 
33 35 23 25 19 18 35 20 18 19 21 27 21 15 35 21 31 26 15 16 
33 16 23 16 20 25 35 34 34 25 34 16 17 17 29 20 23 18 29 15 
1000 1000 1000 1000 1000 1000 1000 1000 1000 1000 1000 1000 1000 1000 1000 1000 1000 1000 1000 1000 
30 25 34 20 25 27 17 26 34 16 25 27 16 25 34 18 23 16 34 32 
33 31 35 22 27 22 33 33 19 22 29 29 26 32 17 22 25 28 15 28 
35 29 21 21 23 23 33 31 29 16 33 26 25 17 24 26 24 17 17 18 
21 19 20 28 26 32 25 24 23 23 23 25 20 16 24 32 27 28 28 16 
1000 1000 1000 1000 1000 1000 1000 1000 1000 1000 1000 1000 1000 1000 1000 1000 1000 1000 1000 1000 
35 15 20 35 30 28 19 23 28 18 26 23 33 18 24 33 17 34 16 18 
0 0 0 0 0 0.7333333333333334 0 0 0 0 0 0 0 0.0 0 0 0.6666666666666667 0.4666666666666667 0 0.7333333333333334 
0.1333333333333333 0.06666666666666665 0 0 0.6666666666666667 0 0 0 0 0 0 0 0 0 0.0 0 0 0 0 1.0 
0 0 0 0 0 0 0 0 0 0 0 0 0 0 0 0 0 0 0 0 
0 0 0 0 0 0 0 0 0 0 0 0 0 0 0 0 0 0 0 0 
0 0 0 0 0 0 0.19999999999999996 0 0.7333333333333334 0.6 0.19999999999999996 0.0 0 0 0 0.0 0 0 0 0.8 
0 0 0 0 0 0 0 0 0 0 0 0 0 0 0 0 0 0 0 0 
1.0 0 1.0 0 0 0.06666666666666665 0 0.19999999999999996 0.4666666666666667 0 0 0 0 0 1.0 0 0 0.4 0 0 
0 0 0 0.5333333333333333 0 0 0 0 0 0.5333333333333333 0 0 0 0 0.8666666666666667 0.6 0 0 0.9333333333333333 0 
0 0.8666666666666667 0 0.0 0 0.2666666666666667 0.8666666666666667 0 0.5333333333333333 0.4 0.4 0.4666666666666667 1.0 0 1.0 0 0 0 0.6666666666666667 0.7333333333333334 
0 0 0 0 0 0 0 0 0 0 0 0 0 0 0 0 0 0 0 0 
0 0 0 0 0 0 0 0 0 0 0 0 0 0 0 0 0 0 0 0 
0 0 0 0 0 0 0 0 0 0 0 0 0 0 0 0 0 0 0 0 
0.6666666666666667 0.7333333333333334 0 0.8666666666666667 0 0 0 0.5333333333333333 0.19999999999999996 0 0 0.1333333333333333 0 0.7333333333333334 0 0 0.2666666666666667 0.7333333333333334 0.0 1 
0 1.0 0 0 0.2666666666666667 0 0.8666666666666667 0 0 0 0.6666666666666667 1.0 0.5333333333333333 0 0.5333333333333333 0 0 0 0.8666666666666667 0 
0.8666666666666667 0 0 0.9333333333333333 0 0 0 0.19999999999999996 0 0.6666666666666667 0 0 0.5333333333333333 0 0 0.4666666666666667 1.0 0 0.6666666666666667 0 
0.7333333333333334 0 0 0 0 0 0 0.6 0 0.1333333333333333 0 0 0.4 0 0 0 0.7333333333333334 0.9333333333333333 0.6666666666666667 0 
0 0 0 0 0 0 0 0 0 0 0 0 0 0 0 0 0 0 0 0 
0 0 0 0 0 0 0 0 0 0 0 0 0 0 0 0 0 0 0 0 
0 0 0 0 0 0 0 0 0 0 0 0 0 0 0 0 0 0 0 0 
0 0.4 0.5333333333333333 0 0 0 0 1.0 0.6666666666666667 0.2666666666666667 1.0 0.7333333333333334 0.33333333333333337 0 0.6 0.4 1 0 0.8 0 
