10
25
2
3
3
1 2 3 4 5 6 7 8 9 10 
1 2 3 4 5 6 7 8 9 10 11 12 13 14 15 16 17 18 19 20 21 22 23 24 25 
13
10 21 11 23 6 12 16 22 24 13 20 4 1 
21
12 5 16 10 23 1 13 18 7 21 24 8 4 17 9 11 25 19 14 6 3 
1 2 
1 2 3 
0 0 0 0 0 0 0 1 1 0 2 0 0 0 0 2 0 0 0 1 
0 0 0 0 0 0 0 0 0 0 1 0 0 1 0 0 0 2 0 0 
0 1 0 0 0 0 0 0 0 0 0 1 1 2 0 0 1 0 0 0 
20 19 31 33 34 43 20 40 30 43 
1000 1000 1000 1000 1000 1000 1000 1000 1000 1000 
1000 1000 1000 1000 1000 1000 1000 1000 1000 1000 
38 44 23 31 28 12 36 38 40 19 
1000 1000 1000 1000 1000 1000 1000 1000 1000 1000 
21 39 12 30 10 13 16 24 32 44 
1000 1000 1000 1000 1000 1000 1000 1000 1000 1000 
1000 1000 1000 1000 1000 1000 1000 1000 1000 1000 
1000 1000 1000 1000 1000 1000 1000 1000 1000 1000 
29 39 34 43 14 29 11 39 23 23 
35 22 11 11 26 15 12 22 43 36 
43 31 31 42 14 20 45 41 13 39 
31 19 35 31 12 18 14 32 31 18 
1000 1000 1000 1000 1000 1000 1000 1000 1000 1000 
1000 1000 1000 1000 1000 1000 1000 1000 1000 1000 
13 16 12 11 9 12 10 28 21 22 
1000 1000 1000 1000 1000 1000 1000 1000 1000 1000 
1000 1000 1000 1000 1000 1000 1000 1000 1000 1000 
1000 1000 1000 1000 1000 1000 1000 1000 1000 1000 
40 28 20 10 34 35 40 42 15 30 
43 33 37 11 23 13 40 33 35 15 
21 37 29 12 19 39 41 45 37 39 
40 33 21 43 21 20 28 28 41 29 
45 35 14 40 43 20 9 21 31 31 
1000 1000 1000 1000 1000 1000 1000 1000 1000 1000 
15 28 15 20 27 34 23 26 24 33 
1000 1000 1000 1000 1000 1000 1000 1000 1000 1000 
35 17 21 26 27 19 30 21 22 18 
22 18 34 34 32 34 35 31 27 29 
26 34 29 20 26 34 19 16 26 33 
24 26 24 33 28 29 16 35 27 31 
18 35 16 21 22 16 30 18 21 23 
30 20 31 26 33 32 18 16 32 32 
25 17 15 27 23 29 17 31 22 22 
33 32 17 33 32 19 17 20 17 22 
25 35 16 16 33 35 17 33 26 19 
24 34 17 26 29 18 24 18 35 31 
25 17 31 33 23 33 32 32 19 19 
34 22 31 24 23 19 33 23 24 17 
1000 1000 1000 1000 1000 1000 1000 1000 1000 1000 
16 28 35 29 22 27 34 22 27 27 
22 21 16 24 24 18 20 20 29 15 
30 20 25 35 23 29 19 18 31 24 
19 26 21 19 18 23 17 19 25 17 
1000 1000 1000 1000 1000 1000 1000 1000 1000 1000 
20 24 34 20 25 15 26 34 20 19 
1000 1000 1000 1000 1000 1000 1000 1000 1000 1000 
18 18 33 35 15 21 26 25 27 34 
31 16 35 22 23 28 25 18 19 35 
32 21 34 34 34 34 22 23 27 18 
0.33333333333333337 0.4 0 0 0 0 0.33333333333333337 0 0 0 
0 0 0 0 0 0 0 0 0 0 
0 0 0 0 0 0 0 0 0 0 
0 0 0.1333333333333333 0 0 0.8666666666666667 0 0 0 0.4 
0 0 0 0 0 0 0 0 0 0 
0.2666666666666667 0 0.8666666666666667 0 1 0.8 0.6 0.06666666666666665 0 0 
0 0 0 0 0 0 0 0 0 0 
0 0 0 0 0 0 0 0 0 0 
0 0 0 0 0 0 0 0 0 0 
0 0 0 0 0.7333333333333334 0 0.9333333333333333 0 0.1333333333333333 0.1333333333333333 
0 0.19999999999999996 0.9333333333333333 0.9333333333333333 0 0.6666666666666667 0.8666666666666667 0.19999999999999996 0 0 
0 0 0 0 0.7333333333333334 0.33333333333333337 0 0 0.8 0 
0 0.4 0 0 0.8666666666666667 0.4666666666666667 0.7333333333333334 0 0 0.4666666666666667 
0 0 0 0 0 0 0 0 0 0 
0 0 0 0 0 0 0 0 0 0 
0.8 0.6 0.8666666666666667 0.9333333333333333 1 0.8666666666666667 1 0 0.2666666666666667 0.19999999999999996 
0 0 0 0 0 0 0 0 0 0 
0 0 0 0 0 0 0 0 0 0 
0 0 0 0 0 0 0 0 0 0 
0 0 0.33333333333333337 1 0 0 0 0 0.6666666666666667 0 
0 0 0 0.9333333333333333 0.1333333333333333 0.8 0 0 0 0.6666666666666667 
0.2666666666666667 0 0 0.8666666666666667 0.4 0 0 0 0 0 
0 0 0.2666666666666667 0 0.2666666666666667 0.33333333333333337 0 0 0 0 
0 0 0.7333333333333334 0 0 0.33333333333333337 1 0.2666666666666667 0 0 
0 0 0 0 0 0 0 0 0 0 
