80
85
2
3
40
1 2 3 4 5 6 7 8 9 10 11 12 13 14 15 16 17 18 19 20 21 22 23 24 25 26 27 28 29 30 31 32 33 34 35 36 37 38 39 40 41 42 43 44 45 46 47 48 49 50 51 52 53 54 55 56 57 58 59 60 61 62 63 64 65 66 67 68 69 70 71 72 73 74 75 76 77 78 79 80 
1 2 3 4 5 6 7 8 9 10 11 12 13 14 15 16 17 18 19 20 21 22 23 24 25 26 27 28 29 30 31 32 33 34 35 36 37 38 39 40 41 42 43 44 45 46 47 48 49 50 51 52 53 54 55 56 57 58 59 60 61 62 63 64 65 66 67 68 69 70 71 72 73 74 75 76 77 78 79 80 81 82 83 84 85 
0 1 0 0 1 0 0 0 0 0 0 2 1 1 3 0 0 0 0 0 0 0 0 0 0 0 0 0 0 0 2 0 0 0 1 0 1 0 0 0 0 1 0 0 0 0 1 0 0 0 0 0 2 0 3 0 0 0 0 0 0 0 2 0 1 1 1 0 0 0 0 1 0 0 0 0 0 0 1 1 0 0 0 0 0 0 1 0 3 0 2 0 0 0 0 0 0 0 0 0 0 0 1 0 2 0 0 0 1 0 0 0 0 0 0 1 2 0 0 0 0 1 0 1 1 0 0 0 0 0 0 0 0 0 0 1 0 0 0 0 0 0 0 0 0 0 0 0 0 0 0 2 0 0 0 0 2 0 0 1 
0 0 0 0 0 0 0 0 0 2 3 0 0 0 0 0 0 0 0 0 0 0 0 0 0 0 0 0 3 2 0 0 0 0 0 0 0 1 0 0 0 0 0 0 0 1 0 0 0 0 0 0 1 0 0 0 0 0 0 0 0 1 2 0 1 0 0 0 0 2 1 0 1 0 0 0 2 0 0 0 2 1 0 2 0 1 1 0 0 0 0 0 0 0 1 1 2 0 3 0 0 0 0 0 0 0 0 0 0 0 0 2 0 0 0 0 2 1 0 2 0 0 2 1 0 1 0 0 0 0 0 0 0 0 0 0 0 0 0 2 1 1 0 0 0 0 0 0 1 1 1 0 0 0 0 0 0 0 0 0 
0 2 0 0 0 1 0 0 0 0 0 0 0 1 0 0 2 0 0 0 0 0 0 0 0 1 2 1 0 0 0 1 0 0 0 0 0 0 0 2 1 0 1 0 0 0 0 0 0 0 0 1 1 0 0 0 0 0 0 0 0 0 1 0 1 0 0 0 0 2 0 0 0 0 2 0 0 2 0 0 0 1 2 1 0 0 0 0 0 0 0 0 0 0 0 0 3 0 1 1 0 0 0 1 0 0 0 0 0 0 0 1 0 0 1 0 1 0 1 1 0 0 0 0 1 0 0 0 0 0 1 0 0 0 0 0 1 2 1 0 1 0 0 0 0 0 0 0 0 0 0 0 1 0 0 0 0 0 0 0 
0 0 0 1 1 2 0 0 0 0 1 0 0 0 0 1 0 1 0 1 0 1 0 0 0 0 0 0 0 0 0 1 0 0 0 0 2 0 0 1 0 0 1 2 0 0 0 0 0 0 1 0 0 0 0 0 0 0 0 0 0 1 1 0 1 0 0 0 0 0 0 1 0 0 1 0 0 0 1 0 0 0 0 0 0 0 0 1 0 2 0 0 0 0 0 1 0 0 0 0 0 1 0 0 0 0 0 0 0 0 0 0 0 0 0 0 0 0 0 0 2 0 0 0 0 0 0 0 0 0 1 0 0 0 0 0 0 0 0 3 0 0 1 0 1 1 0 0 0 0 0 0 0 0 0 0 2 0 0 0 
1 2 0 1 2 0 0 0 1 0 0 0 0 0 0 0 1 1 1 0 0 0 0 1 0 1 0 0 0 0 0 0 0 1 0 2 0 0 1 1 0 0 0 0 0 0 1 0 0 0 0 0 0 0 0 0 0 0 0 1 0 0 1 0 0 1 0 0 0 0 1 0 0 0 0 0 0 0 0 0 0 0 0 0 0 0 0 0 0 0 0 0 1 1 0 0 0 1 0 2 0 2 0 0 0 0 2 0 1 0 0 1 1 0 0 0 0 0 1 0 0 2 0 1 0 0 1 1 0 0 0 0 0 0 0 0 0 0 1 0 0 0 0 0 1 0 0 0 0 1 0 0 2 0 0 0 1 0 0 0 
0 0 0 0 1 0 1 0 0 0 0 1 0 2 0 0 0 0 1 0 0 1 0 0 1 0 2 1 0 0 0 0 1 0 0 0 0 1 0 0 1 0 0 0 1 0 1 0 0 0 0 1 0 0 1 0 0 0 1 0 0 0 0 1 0 2 0 0 0 0 0 0 0 2 1 0 0 0 1 0 0 0 1 0 0 1 0 1 0 0 0 0 0 0 1 2 0 0 1 0 0 0 0 0 2 0 1 0 1 0 0 1 0 0 0 1 0 0 0 0 0 1 0 0 2 0 0 0 0 1 2 0 1 0 0 0 0 0 2 0 0 1 0 0 1 0 0 1 0 1 1 0 0 0 0 2 0 0 0 0 
0 2 0 0 0 0 0 0 2 1 0 0 0 0 0 0 0 0 0 0 1 0 0 0 0 1 0 0 0 0 0 0 1 0 1 0 0 0 0 0 0 1 0 0 0 0 0 0 0 0 0 0 0 0 0 0 0 0 0 0 0 1 2 0 1 0 2 2 2 2 0 0 0 2 1 0 0 0 0 1 0 0 1 0 0 0 0 1 0 1 0 2 0 0 0 0 1 0 2 0 0 0 2 1 1 0 0 0 0 0 0 0 1 2 0 0 0 1 0 1 0 2 0 0 0 0 0 0 1 0 1 0 1 1 1 1 0 0 0 0 0 0 1 0 1 1 0 1 2 0 1 0 0 0 1 0 0 1 0 0 
0 0 0 0 0 0 1 1 2 0 0 0 0 0 0 0 0 0 0 0 1 0 1 1 3 0 0 0 0 2 1 0 2 0 0 0 1 0 0 0 0 0 1 0 1 0 1 0 0 0 1 3 0 0 3 0 0 0 0 0 0 0 0 0 0 0 2 0 1 0 0 0 0 0 0 1 1 0 0 0 0 0 0 0 0 0 1 0 0 0 0 0 0 0 0 0 0 1 0 2 0 0 0 0 3 0 0 0 0 0 0 0 1 0 1 0 0 0 0 0 0 0 1 0 1 0 0 0 0 0 1 3 0 0 0 0 0 0 0 0 0 2 0 0 1 0 0 0 1 0 0 1 0 0 0 0 0 0 0 1 
0 0 0 1 0 0 2 0 3 0 0 0 0 0 0 0 0 0 0 1 0 0 0 0 0 0 0 1 1 0 0 0 0 0 0 0 0 0 0 0 0 0 0 0 0 0 1 1 0 1 0 3 0 0 1 1 0 0 0 1 0 0 2 0 0 1 1 0 0 0 0 0 0 2 0 0 0 0 0 2 0 0 1 0 0 0 0 0 1 1 0 0 0 0 0 0 1 1 0 1 0 0 0 1 1 0 0 1 0 0 0 0 1 2 1 0 0 0 0 0 0 0 2 2 0 1 0 1 0 0 0 0 0 1 0 2 0 3 0 0 0 2 1 1 0 0 0 0 0 0 0 0 1 1 1 0 1 0 0 0 
0 0 0 0 0 0 0 1 0 1 0 1 0 0 1 0 0 0 0 2 0 1 0 0 0 2 0 1 0 3 0 2 1 0 1 0 0 0 0 1 1 0 0 0 0 0 1 0 1 0 1 0 0 0 0 1 0 0 1 0 0 0 0 0 0 2 0 1 0 0 0 0 0 1 0 1 0 0 0 1 0 0 0 0 0 0 0 0 1 1 0 0 0 0 0 1 0 1 0 0 0 0 3 2 0 0 1 0 0 0 0 3 0 0 0 0 0 0 0 0 0 1 0 0 2 0 1 0 0 0 2 3 0 2 1 1 2 0 0 0 0 0 1 0 0 2 0 0 2 0 0 0 0 0 2 0 0 1 0 0 
0 0 2 0 0 0 2 0 0 0 0 0 0 0 0 0 0 0 0 0 0 0 1 0 0 2 0 0 0 0 0 1 0 0 2 1 0 0 0 0 0 0 2 1 1 1 0 0 0 2 0 0 0 0 0 0 0 0 0 0 0 0 0 0 0 0 0 0 0 1 0 0 0 0 0 0 0 0 0 0 0 0 0 0 1 0 0 0 0 0 0 0 2 0 0 0 0 0 0 0 0 0 0 0 0 0 0 2 0 0 0 0 0 0 1 0 0 0 0 0 0 2 0 0 0 0 0 1 0 0 1 0 0 0 0 0 0 0 0 1 0 0 0 0 0 0 0 1 0 0 1 0 1 0 0 0 0 0 0 2 
0 0 0 3 1 0 0 0 0 0 0 0 1 1 0 0 0 1 3 0 1 0 0 0 1 0 0 0 0 0 0 0 0 0 0 0 0 0 0 1 1 1 0 0 0 0 1 0 0 0 0 1 1 0 2 1 0 0 0 0 0 0 0 0 0 0 0 0 0 0 0 0 0 0 0 0 0 0 0 1 1 0 0 0 1 0 0 0 0 0 0 0 0 0 0 0 0 0 0 0 0 0 1 1 1 0 0 0 0 0 1 0 0 0 1 0 0 0 0 1 1 0 0 0 0 0 0 1 1 0 0 2 0 0 0 2 0 0 1 2 0 1 0 0 2 0 0 0 0 0 0 0 0 0 1 0 1 0 0 0 
0 0 0 0 0 0 0 0 2 0 0 0 0 0 0 0 2 0 1 0 0 0 0 0 0 1 0 2 0 0 0 0 0 0 0 0 1 1 0 0 1 2 0 0 2 0 0 1 0 2 0 1 2 0 0 0 0 0 0 0 1 1 2 0 2 0 0 1 0 3 0 0 0 0 0 0 0 0 0 0 0 2 0 0 0 0 0 0 0 1 0 2 0 0 0 0 1 0 0 1 0 0 0 0 0 0 3 0 0 1 0 0 1 0 0 1 0 0 0 0 2 0 0 0 0 0 0 2 0 0 0 1 0 0 0 0 1 2 0 0 0 0 0 2 1 0 0 0 0 0 0 0 0 1 3 0 1 1 0 1 
0 0 0 1 0 1 0 0 0 0 0 1 0 2 1 0 0 1 0 0 1 0 0 0 2 0 0 0 0 0 0 0 0 0 0 0 0 0 0 1 0 0 2 0 0 0 0 1 0 0 0 0 0 0 1 1 0 0 0 0 0 0 0 2 0 1 0 0 0 0 0 0 0 0 0 1 0 0 1 2 0 0 1 0 0 0 2 0 0 0 0 0 2 0 1 0 0 0 0 1 1 1 1 1 2 1 0 0 1 0 0 0 1 1 0 1 0 0 0 0 0 0 0 0 0 0 0 0 1 1 3 0 0 0 1 0 0 0 0 0 0 0 1 0 0 0 0 0 0 0 0 2 0 0 1 0 0 0 0 1 
0 0 0 1 2 1 0 0 0 0 0 0 0 0 2 1 1 0 1 0 2 0 1 1 1 2 2 0 0 0 1 1 0 3 1 0 0 0 0 0 0 0 0 0 1 2 0 0 0 0 0 1 0 0 0 0 1 0 0 0 0 0 0 0 1 0 0 0 0 0 0 0 0 0 0 1 0 0 1 0 0 0 0 0 0 0 2 0 0 0 0 1 2 1 0 0 0 0 2 0 0 1 0 0 0 1 0 0 0 0 1 2 2 0 0 0 0 1 1 0 3 0 1 0 0 0 2 0 1 0 0 0 0 0 0 0 0 0 0 0 1 1 0 0 0 0 0 2 0 0 1 0 0 0 0 0 0 0 0 0 
1 1 2 0 0 0 0 1 0 1 1 1 0 0 0 0 0 0 1 2 0 1 0 1 0 0 1 0 0 0 0 0 0 1 1 0 1 0 0 0 0 0 0 0 0 0 0 0 0 0 1 0 0 0 0 2 1 0 0 0 0 0 1 0 0 1 0 1 0 0 0 0 0 0 0 1 0 0 0 3 1 2 0 0 0 1 0 0 0 0 0 0 0 2 1 1 0 0 0 0 1 0 0 1 1 0 0 2 1 0 0 0 0 0 1 0 0 1 0 0 0 0 0 0 0 0 0 0 1 0 0 0 0 0 0 2 0 2 0 0 0 0 0 0 0 0 0 0 0 1 0 0 0 0 1 1 1 1 0 0 
1 0 0 0 0 0 0 0 0 1 0 0 1 0 1 1 1 0 0 0 1 0 0 0 1 0 2 0 0 1 1 0 0 1 2 0 3 1 1 0 0 0 0 0 3 0 0 0 0 2 3 2 0 0 0 0 0 0 0 0 0 1 0 0 0 0 0 1 0 0 1 0 0 0 0 1 3 0 0 0 0 1 0 0 0 0 0 0 0 0 2 0 0 1 0 0 0 0 0 0 0 0 0 0 0 1 1 0 0 0 1 1 0 0 0 0 0 1 0 0 0 0 0 0 1 0 0 1 2 2 1 0 0 0 1 0 0 0 1 0 1 0 0 0 0 0 0 0 0 0 0 1 0 2 1 0 0 0 2 0 
3 0 1 0 0 2 1 1 0 1 0 1 2 0 0 0 0 0 0 1 0 1 0 0 0 0 1 0 0 0 1 0 0 0 1 0 0 0 0 0 1 1 0 0 0 0 0 0 0 0 0 0 0 0 0 0 0 2 0 0 0 0 0 0 0 1 1 2 0 0 0 0 0 0 0 0 0 0 0 1 0 1 0 2 1 0 0 0 2 0 0 1 0 0 1 0 0 0 1 0 0 0 2 0 1 0 0 2 1 0 0 1 1 0 0 1 0 0 0 0 0 0 0 0 0 1 0 0 0 0 1 0 0 0 1 0 1 0 0 1 0 0 2 0 1 0 2 0 0 0 0 0 0 0 0 0 0 0 0 1 
0 0 0 0 1 0 0 2 0 0 0 0 0 2 3 0 0 1 0 0 0 0 0 0 0 1 0 2 0 0 0 0 0 3 0 0 0 0 0 0 0 0 0 2 0 0 0 2 1 0 0 1 0 0 0 0 1 2 0 0 0 0 0 0 0 1 0 0 0 0 0 0 2 0 1 0 0 0 0 2 0 1 1 1 0 0 0 1 1 0 0 1 0 1 0 0 0 0 0 2 1 0 0 0 1 0 0 1 0 0 0 0 0 0 0 0 0 0 0 0 1 0 0 0 1 0 0 1 0 0 3 0 0 0 0 0 0 0 0 1 0 0 0 0 1 0 1 2 0 0 0 0 0 0 0 0 0 1 0 2 
1 1 0 2 0 0 0 0 0 0 1 3 0 0 0 2 0 0 0 0 0 1 1 0 1 0 0 2 1 0 0 1 0 0 0 0 0 0 1 0 1 0 0 0 1 0 0 0 0 1 0 1 0 0 0 1 0 0 1 0 0 0 0 0 0 2 0 0 0 0 1 0 0 1 0 2 0 0 0 1 0 0 0 1 1 0 0 0 0 0 0 2 0 1 0 0 0 0 0 0 0 0 0 0 0 0 0 1 0 0 0 0 0 0 1 1 0 1 0 0 0 0 0 0 0 0 0 0 1 0 0 0 0 0 2 0 2 0 0 0 0 1 0 0 0 1 1 0 0 2 1 0 1 3 1 0 0 1 0 2 
0 0 0 0 0 0 0 0 0 0 0 0 0 0 1 0 1 0 0 0 0 0 0 0 1 1 0 0 0 0 0 0 0 0 0 0 1 0 1 0 0 0 0 1 0 0 0 0 0 2 0 0 0 0 0 0 1 0 0 0 2 0 0 0 0 0 1 0 0 0 0 0 1 1 0 1 1 0 0 0 0 2 0 0 1 0 1 0 0 0 2 0 0 1 0 0 0 0 0 0 0 1 0 0 0 0 0 3 0 0 0 0 0 1 1 0 0 0 0 0 0 2 0 1 0 0 1 1 0 0 0 1 0 0 0 0 0 0 1 0 0 0 0 0 2 0 0 0 0 0 0 0 1 0 0 1 2 0 0 0 
0 0 0 0 0 0 0 0 0 0 0 0 1 2 0 0 0 0 0 0 0 1 2 0 2 0 0 0 1 0 0 0 0 0 0 0 0 0 1 2 0 0 0 0 0 0 0 1 0 0 0 0 2 0 0 0 0 0 1 1 0 1 0 0 0 0 0 1 1 0 0 0 0 0 1 1 0 3 0 1 1 0 0 2 0 0 0 0 0 0 0 0 0 0 0 3 0 1 0 0 0 1 0 1 0 2 0 0 0 0 0 0 0 0 0 0 2 0 0 0 0 0 0 0 1 0 1 1 0 1 0 0 0 2 0 0 0 0 0 0 0 0 0 0 0 1 1 1 1 2 0 0 0 0 0 0 0 0 0 2 
2 0 0 2 1 0 0 0 2 0 0 0 0 0 0 0 0 1 0 0 0 0 0 0 0 0 0 0 0 2 0 0 0 3 0 0 2 0 1 0 0 0 2 0 0 0 0 0 0 1 0 0 1 0 0 0 0 0 0 1 0 1 0 0 0 0 0 3 0 0 0 1 0 0 0 0 0 0 0 0 0 3 1 0 0 1 0 0 0 0 0 1 1 0 0 0 2 0 0 0 0 1 2 0 0 1 1 1 0 0 0 1 0 0 0 0 0 0 0 0 1 0 0 3 0 2 0 1 0 1 0 0 0 0 0 0 0 2 1 0 0 1 0 0 0 1 0 0 0 0 1 0 0 0 0 0 0 0 2 2 
0 0 0 0 0 0 0 1 0 0 0 0 0 0 0 0 0 0 0 0 1 0 0 0 1 0 0 0 0 0 0 0 2 1 0 0 2 0 0 0 1 0 1 0 0 0 0 0 0 1 2 1 1 0 0 0 0 0 0 1 0 0 0 1 0 0 0 0 1 0 0 0 0 0 0 0 0 1 0 0 0 0 0 0 0 0 0 0 0 0 2 1 1 0 0 1 0 0 2 0 0 0 0 0 0 3 1 0 0 2 3 0 1 1 0 0 0 0 0 0 0 0 0 2 0 2 0 0 0 0 0 0 0 0 0 0 0 0 1 2 0 0 1 1 0 0 0 0 2 2 0 0 0 0 0 0 0 0 0 0 
0 2 1 0 1 0 0 0 2 0 0 0 0 2 0 0 0 0 1 1 0 1 0 0 0 0 0 0 0 0 0 1 0 0 0 0 0 0 1 0 0 0 0 3 0 1 0 0 0 0 0 1 1 0 0 0 0 1 3 1 1 0 0 0 0 0 0 0 2 0 0 0 0 2 0 0 0 2 0 0 0 0 0 0 0 2 0 0 0 0 0 1 0 0 0 0 0 0 0 0 0 0 2 0 0 3 1 0 0 1 1 1 0 0 1 0 0 0 0 2 0 0 0 0 0 0 2 0 0 0 0 0 0 0 0 1 0 0 0 1 0 0 0 0 0 0 0 1 0 1 0 0 0 0 0 0 0 2 0 1 
0 0 0 0 0 1 0 0 0 0 1 0 1 0 0 2 0 0 0 0 0 0 1 0 0 0 0 2 0 0 0 0 0 0 0 0 0 0 0 0 0 0 0 0 1 0 0 0 1 0 0 0 0 3 0 1 0 0 0 0 1 0 0 0 0 0 1 0 0 1 0 0 0 3 0 0 0 0 0 0 3 2 0 0 0 0 0 0 0 0 0 0 0 0 2 2 1 1 0 3 0 0 1 1 0 1 0 0 0 0 1 0 0 1 0 0 1 0 1 0 1 2 0 1 0 0 3 1 1 0 0 0 0 2 0 0 0 0 0 3 0 0 1 0 0 0 0 0 2 0 1 0 0 0 0 2 3 0 0 0 
0 0 2 1 0 0 0 0 2 2 0 0 2 0 1 0 0 0 0 0 0 0 0 0 1 0 0 1 0 1 0 0 0 0 0 2 0 0 0 0 0 0 1 0 0 1 0 0 0 0 0 1 0 0 0 0 0 0 0 0 0 0 2 0 0 0 0 0 0 0 3 0 0 0 0 0 0 1 1 0 1 0 3 0 0 1 0 0 1 0 1 0 0 1 1 1 0 0 2 2 0 0 0 0 0 0 0 1 0 0 1 0 0 0 1 0 3 2 1 0 0 0 0 2 1 2 0 0 0 1 0 0 2 0 1 0 0 1 0 0 0 0 3 0 0 0 0 2 1 0 0 0 0 0 0 0 1 0 0 1 
0 0 0 1 2 0 0 0 0 0 1 0 0 2 0 1 2 0 0 0 1 3 2 1 1 1 1 0 2 0 0 0 0 0 0 1 0 0 0 0 0 1 0 0 0 0 1 0 0 0 0 0 0 0 2 0 0 0 1 1 0 1 1 0 0 0 0 0 1 0 0 0 2 1 3 3 0 0 0 0 0 0 0 2 0 1 0 0 0 0 0 0 0 0 0 2 0 1 0 2 0 1 0 0 0 3 0 1 0 0 0 0 0 0 0 0 0 0 0 0 0 0 0 0 0 0 0 0 0 0 0 0 0 0 2 0 0 0 0 0 0 0 0 2 0 1 0 0 0 0 0 0 0 0 0 0 0 0 0 2 
0 0 0 0 0 0 0 0 0 2 1 0 1 0 0 0 1 0 0 0 0 0 0 1 0 0 1 0 0 0 0 0 0 0 1 0 0 0 0 1 1 1 0 0 0 0 0 1 0 0 0 1 0 0 1 2 0 0 0 0 2 0 0 1 0 1 2 0 1 0 0 0 0 0 0 0 2 0 1 0 0 2 0 0 0 0 1 0 0 0 0 0 1 0 0 0 0 0 1 0 0 0 1 0 0 0 2 0 0 1 0 0 0 0 0 0 2 0 0 2 1 0 2 0 0 1 0 0 0 0 1 1 1 0 0 0 1 0 0 0 0 0 3 0 0 0 0 0 0 2 2 0 2 0 0 0 0 0 0 3 
2 0 0 0 0 0 0 0 0 1 0 0 1 0 3 0 0 0 0 1 0 0 0 1 1 0 2 1 2 1 0 1 0 0 2 1 0 0 0 0 0 0 0 1 2 0 2 0 0 0 0 0 0 2 0 2 0 0 0 0 0 0 0 0 0 0 0 0 0 0 1 1 0 0 0 0 1 0 1 0 0 0 2 2 0 1 0 0 0 1 1 1 0 1 0 0 0 0 0 0 0 1 0 0 0 3 1 0 0 0 0 0 0 0 1 0 0 0 0 2 2 0 0 2 0 0 1 1 0 0 0 1 0 0 0 0 0 0 0 0 0 2 0 0 0 1 0 0 0 0 0 0 0 0 0 0 0 0 2 1 
0 2 0 1 1 0 0 0 0 0 0 0 1 0 2 0 0 0 0 0 1 0 3 1 0 0 0 0 0 1 0 0 0 1 0 2 0 0 0 1 1 0 0 0 0 3 3 0 0 0 0 1 2 0 2 0 0 0 2 0 0 0 0 0 2 0 0 1 1 0 0 1 0 1 0 0 0 2 0 0 0 0 0 0 0 0 1 0 1 2 0 0 2 3 0 0 0 0 0 0 0 0 0 0 1 0 0 0 0 3 2 0 0 0 0 0 0 0 0 0 1 0 0 0 0 0 0 0 0 0 0 1 0 0 0 0 0 0 0 0 0 0 0 0 0 0 0 0 0 0 0 3 1 0 0 0 0 0 1 1 
0 0 0 0 2 1 2 0 0 0 0 1 0 2 0 0 0 0 0 0 0 2 0 0 1 0 0 2 0 0 0 0 0 0 0 0 0 1 0 0 0 0 0 0 2 1 0 2 3 0 0 2 0 0 0 2 0 0 0 0 1 0 2 0 0 1 0 0 0 0 1 3 0 1 1 0 0 0 0 0 2 0 2 0 0 0 1 1 0 0 0 0 0 0 0 1 0 0 0 1 0 0 0 1 0 0 1 0 2 0 0 0 1 0 2 0 0 0 0 0 0 0 0 1 0 0 0 0 0 0 0 0 0 0 0 0 0 3 0 0 2 0 0 0 0 0 1 0 0 0 0 0 0 0 0 0 1 0 0 0 
2 0 2 2 0 0 0 0 0 0 1 1 0 0 0 0 0 0 0 0 0 0 0 1 0 0 1 0 0 0 1 1 1 0 0 0 0 1 1 1 0 1 0 0 0 0 0 1 0 0 0 0 0 0 0 0 0 1 0 2 0 0 0 0 1 0 0 2 3 0 3 0 0 0 0 0 0 1 3 0 2 0 0 0 0 0 1 1 0 0 0 1 0 0 0 0 0 2 0 0 1 0 0 0 0 0 0 0 0 1 0 0 0 0 0 0 0 0 0 0 0 0 0 0 0 0 0 0 0 0 2 1 0 0 0 0 1 0 0 1 0 0 0 0 0 2 1 0 0 0 0 1 0 0 0 0 0 0 0 0 
0 0 0 0 0 0 0 3 0 2 0 1 0 0 1 0 0 0 0 0 0 0 0 1 0 1 0 0 0 0 0 0 0 1 2 1 0 0 1 0 0 0 0 0 0 0 2 0 2 1 3 2 0 0 1 0 0 0 0 0 1 0 0 0 0 0 1 0 0 0 0 0 2 0 2 0 0 0 0 0 2 0 0 0 0 0 0 0 0 0 1 0 2 1 0 2 0 0 0 0 0 0 0 2 0 1 0 1 0 0 0 0 0 0 0 0 0 0 0 0 1 0 0 0 0 0 0 0 0 0 2 0 1 0 0 2 2 0 0 0 0 1 0 0 0 0 0 0 0 1 0 1 0 1 0 0 0 3 0 2 
0 0 0 0 0 0 0 0 3 0 2 0 0 0 0 0 0 0 1 1 0 0 0 0 2 1 0 1 3 0 1 0 1 1 0 0 0 0 1 0 1 0 0 0 0 0 0 0 0 1 0 0 0 1 0 0 0 0 0 1 0 0 1 0 0 0 0 0 0 0 0 1 0 0 0 0 0 0 0 0 0 0 0 2 0 0 0 0 0 0 0 0 0 0 0 0 0 0 1 0 0 2 0 0 0 0 0 0 0 2 2 0 0 0 0 0 1 0 0 0 0 0 0 0 1 0 0 0 0 2 1 1 1 0 0 2 0 0 0 0 0 0 0 0 2 0 0 1 1 0 2 0 0 0 1 1 0 1 0 0 
0 0 0 1 0 1 0 0 0 0 0 0 0 0 0 0 0 0 0 0 0 0 0 3 2 0 0 0 0 1 1 0 0 1 0 1 2 0 0 2 0 0 0 0 0 0 0 0 0 0 0 0 0 1 0 2 0 0 0 1 2 0 1 2 0 0 0 0 0 0 0 0 0 0 0 0 1 1 2 0 0 1 0 0 1 1 0 1 0 2 2 0 2 1 0 0 0 0 1 0 0 0 0 0 1 0 1 0 0 0 0 0 0 0 0 0 0 1 0 0 0 0 0 0 0 2 0 0 0 0 0 0 0 0 0 0 0 0 0 0 2 0 0 0 2 0 0 0 0 0 0 0 1 0 0 0 1 0 1 0 
0 0 0 0 0 0 2 0 0 0 0 2 0 1 0 0 0 1 2 0 0 0 0 0 0 0 0 0 1 0 0 0 0 0 0 1 0 0 0 0 2 0 0 0 0 0 0 0 0 0 1 1 1 0 0 0 0 0 0 0 0 0 0 0 0 0 1 2 1 0 0 0 0 1 0 0 0 0 0 0 0 0 3 0 0 0 0 0 0 1 0 0 1 1 0 0 0 0 0 0 0 2 0 0 0 0 0 0 2 0 0 0 0 0 0 0 0 1 0 0 0 0 0 0 0 0 0 0 0 1 0 0 1 1 0 0 0 0 0 0 0 0 1 3 0 0 1 0 0 0 2 0 0 0 0 2 2 0 0 0 
0 0 0 0 1 0 0 3 0 0 2 0 0 0 0 0 0 2 0 0 0 1 0 0 1 0 1 2 0 2 0 0 0 0 1 0 0 0 1 0 0 2 0 0 0 1 0 0 0 0 1 0 1 0 0 1 0 0 1 0 0 0 0 0 0 1 2 3 0 0 0 1 0 1 0 0 0 0 0 1 0 0 0 0 0 0 0 2 0 1 0 1 0 0 0 0 1 0 0 0 0 0 0 0 1 0 0 0 0 1 0 1 2 0 0 0 0 0 0 0 0 1 0 0 0 0 2 0 2 0 0 0 1 0 0 0 1 0 3 0 1 0 0 0 0 1 0 0 2 0 0 0 0 0 2 0 0 0 0 0 
0 2 0 0 0 0 0 1 0 1 1 0 0 1 0 0 0 0 0 0 1 1 0 0 0 0 0 0 0 0 3 2 0 0 0 0 0 0 1 1 1 0 1 0 0 0 0 1 0 1 0 0 0 0 0 0 1 1 0 0 1 0 0 0 0 2 0 0 0 2 0 0 0 0 2 1 0 0 1 2 2 1 0 0 0 0 3 0 0 1 0 0 1 0 0 0 1 2 1 0 0 0 0 2 1 0 0 1 0 0 0 1 0 0 0 0 0 0 1 0 1 0 2 0 0 0 0 0 2 1 0 0 0 1 0 0 0 0 1 0 0 1 0 2 1 0 0 0 0 0 1 0 0 0 0 0 0 0 0 0 
0 0 0 0 0 1 0 0 0 2 1 0 0 0 0 2 0 0 0 0 1 0 0 0 1 0 0 1 0 0 1 0 2 0 0 0 0 1 0 0 0 0 0 1 0 0 0 0 0 0 0 0 0 0 0 2 0 0 1 0 1 0 0 0 0 0 0 0 2 0 1 1 0 0 0 1 0 1 0 1 1 0 0 0 0 0 1 0 0 0 1 0 0 1 0 0 0 0 0 0 0 0 0 3 0 2 0 0 0 0 0 1 1 0 1 0 0 0 0 0 0 1 0 0 0 0 0 0 0 0 0 1 0 0 0 0 1 1 0 0 0 0 0 2 0 1 1 1 1 1 0 0 0 0 1 0 2 0 0 0 
11 36 34 17 23 17 17 41 41 14 13 45 9 13 22 43 42 20 30 31 10 36 29 37 44 15 35 40 36 19 41 23 18 18 27 35 11 9 36 39 17 16 20 24 37 42 11 45 32 40 45 35 9 39 20 33 11 11 23 22 36 40 40 23 38 40 39 33 32 20 12 12 35 16 23 19 28 24 33 43 
1000 1000 1000 1000 1000 1000 1000 1000 1000 1000 1000 1000 1000 1000 1000 1000 1000 1000 1000 1000 1000 1000 1000 1000 1000 1000 1000 1000 1000 1000 1000 1000 1000 1000 1000 1000 1000 1000 1000 1000 1000 1000 1000 1000 1000 1000 1000 1000 1000 1000 1000 1000 1000 1000 1000 1000 1000 1000 1000 1000 1000 1000 1000 1000 1000 1000 1000 1000 1000 1000 1000 1000 1000 1000 1000 1000 1000 1000 1000 1000 
12 17 17 26 39 28 9 40 24 10 31 28 41 30 16 31 27 45 45 24 22 36 42 25 36 24 42 11 44 15 22 37 26 30 38 34 30 32 19 13 13 24 42 19 20 14 11 16 43 33 39 33 28 11 9 22 43 33 30 15 10 37 12 36 45 14 33 15 25 45 32 42 27 44 41 22 21 42 24 26 
1000 1000 1000 1000 1000 1000 1000 1000 1000 1000 1000 1000 1000 1000 1000 1000 1000 1000 1000 1000 1000 1000 1000 1000 1000 1000 1000 1000 1000 1000 1000 1000 1000 1000 1000 1000 1000 1000 1000 1000 1000 1000 1000 1000 1000 1000 1000 1000 1000 1000 1000 1000 1000 1000 1000 1000 1000 1000 1000 1000 1000 1000 1000 1000 1000 1000 1000 1000 1000 1000 1000 1000 1000 1000 1000 1000 1000 1000 1000 1000 
22 36 36 19 42 44 45 24 15 21 26 29 26 23 20 45 10 10 45 26 31 40 16 37 19 29 33 43 31 36 41 14 17 40 41 42 15 29 18 15 10 33 31 23 28 39 38 27 13 30 42 33 10 17 20 44 44 22 40 18 17 39 16 15 35 45 23 17 22 39 21 33 45 39 38 16 17 41 30 31 
29 13 25 11 45 43 28 13 44 44 44 25 38 11 35 40 16 27 30 28 25 25 31 35 30 36 34 12 25 38 41 34 14 42 45 31 16 15 23 22 44 14 29 14 43 15 40 14 41 37 25 28 19 9 11 15 18 20 45 32 26 37 31 32 24 12 15 30 15 41 32 23 36 45 10 10 13 30 38 36 
1000 1000 1000 1000 1000 1000 1000 1000 1000 1000 1000 1000 1000 1000 1000 1000 1000 1000 1000 1000 1000 1000 1000 1000 1000 1000 1000 1000 1000 1000 1000 1000 1000 1000 1000 1000 1000 1000 1000 1000 1000 1000 1000 1000 1000 1000 1000 1000 1000 1000 1000 1000 1000 1000 1000 1000 1000 1000 1000 1000 1000 1000 1000 1000 1000 1000 1000 1000 1000 1000 1000 1000 1000 1000 1000 1000 1000 1000 1000 1000 
19 40 41 20 20 39 42 41 13 28 44 37 27 12 9 13 45 45 29 33 18 33 45 15 29 19 28 11 15 18 31 20 15 19 29 19 23 15 45 25 43 10 28 39 44 16 33 41 10 45 13 36 40 21 43 15 16 28 15 43 11 30 43 28 16 16 33 44 43 33 35 9 43 34 18 30 24 36 26 18 
24 43 9 38 42 21 44 25 35 21 28 25 29 23 39 12 31 22 10 34 12 16 12 16 10 25 19 32 10 25 23 20 11 23 43 13 41 36 44 15 35 30 37 12 22 38 31 15 39 25 18 17 21 27 12 37 30 22 40 31 14 20 36 33 21 33 43 25 11 15 40 32 11 20 18 17 42 38 21 18 
25 17 18 37 42 31 10 39 27 29 44 24 16 42 12 18 33 16 21 30 42 36 24 43 35 23 31 30 18 45 39 22 15 12 33 37 25 32 26 42 10 16 34 26 20 38 15 44 23 9 41 31 31 17 15 31 39 29 19 23 12 10 22 29 36 39 14 32 33 25 11 15 16 39 40 34 35 33 33 21 
29 9 43 45 27 14 13 32 13 12 44 16 41 23 13 16 32 31 17 17 36 38 15 39 36 10 13 13 21 35 18 18 15 21 44 34 16 26 10 24 21 39 37 20 23 45 39 30 12 14 16 9 25 16 34 27 9 27 12 41 14 29 19 37 20 35 17 23 11 10 22 12 45 33 20 16 44 16 19 26 
38 31 17 10 18 31 28 28 43 18 36 22 39 15 17 26 33 37 43 18 14 40 32 37 38 13 30 20 39 33 28 35 45 11 17 9 9 30 19 42 26 42 32 23 42 14 21 17 15 37 15 23 16 23 25 21 23 40 43 13 16 14 22 18 36 16 13 20 36 10 37 18 27 17 43 34 42 12 16 35 
22 42 13 12 39 18 35 11 41 24 43 42 27 20 22 13 43 41 38 36 45 40 42 42 44 41 32 32 45 16 38 16 12 38 19 14 45 10 44 12 21 31 14 11 27 12 28 34 10 41 15 14 19 33 44 12 21 38 11 45 20 18 13 34 17 22 45 44 29 33 14 45 33 20 43 38 23 21 32 39 
1000 1000 1000 1000 1000 1000 1000 1000 1000 1000 1000 1000 1000 1000 1000 1000 1000 1000 1000 1000 1000 1000 1000 1000 1000 1000 1000 1000 1000 1000 1000 1000 1000 1000 1000 1000 1000 1000 1000 1000 1000 1000 1000 1000 1000 1000 1000 1000 1000 1000 1000 1000 1000 1000 1000 1000 1000 1000 1000 1000 1000 1000 1000 1000 1000 1000 1000 1000 1000 1000 1000 1000 1000 1000 1000 1000 1000 1000 1000 1000 
1000 1000 1000 1000 1000 1000 1000 1000 1000 1000 1000 1000 1000 1000 1000 1000 1000 1000 1000 1000 1000 1000 1000 1000 1000 1000 1000 1000 1000 1000 1000 1000 1000 1000 1000 1000 1000 1000 1000 1000 1000 1000 1000 1000 1000 1000 1000 1000 1000 1000 1000 1000 1000 1000 1000 1000 1000 1000 1000 1000 1000 1000 1000 1000 1000 1000 1000 1000 1000 1000 1000 1000 1000 1000 1000 1000 1000 1000 1000 1000 
17 11 30 36 20 32 41 44 13 42 33 10 32 11 14 33 41 38 25 15 16 33 38 15 34 25 36 31 17 39 11 38 16 42 45 27 41 38 37 20 27 31 21 44 37 25 41 37 32 36 15 34 23 23 19 36 26 33 41 23 24 41 42 20 41 34 10 12 19 45 15 10 35 28 34 14 31 41 41 19 
20 45 13 12 17 26 42 17 15 30 28 29 10 25 19 38 42 21 35 15 19 35 25 44 35 34 11 16 9 42 20 42 38 16 25 15 37 12 30 44 17 29 28 28 29 27 12 29 13 12 24 9 41 11 39 32 35 38 26 15 32 14 23 42 25 34 18 24 45 45 29 26 45 12 15 14 37 40 26 27 
1000 1000 1000 1000 1000 1000 1000 1000 1000 1000 1000 1000 1000 1000 1000 1000 1000 1000 1000 1000 1000 1000 1000 1000 1000 1000 1000 1000 1000 1000 1000 1000 1000 1000 1000 1000 1000 1000 1000 1000 1000 1000 1000 1000 1000 1000 1000 1000 1000 1000 1000 1000 1000 1000 1000 1000 1000 1000 1000 1000 1000 1000 1000 1000 1000 1000 1000 1000 1000 1000 1000 1000 1000 1000 1000 1000 1000 1000 1000 1000 
38 11 21 45 22 25 34 12 9 17 40 43 29 25 18 33 28 10 26 10 20 12 10 9 41 39 44 43 38 26 26 26 18 9 41 9 18 16 9 25 20 17 34 29 24 38 12 43 21 10 44 37 30 26 32 37 20 9 22 45 27 10 35 10 37 43 11 17 40 34 42 39 18 13 13 30 26 33 41 12 
1000 1000 1000 1000 1000 1000 1000 1000 1000 1000 1000 1000 1000 1000 1000 1000 1000 1000 1000 1000 1000 1000 1000 1000 1000 1000 1000 1000 1000 1000 1000 1000 1000 1000 1000 1000 1000 1000 1000 1000 1000 1000 1000 1000 1000 1000 1000 1000 1000 1000 1000 1000 1000 1000 1000 1000 1000 1000 1000 1000 1000 1000 1000 1000 1000 1000 1000 1000 1000 1000 1000 1000 1000 1000 1000 1000 1000 1000 1000 1000 
1000 1000 1000 1000 1000 1000 1000 1000 1000 1000 1000 1000 1000 1000 1000 1000 1000 1000 1000 1000 1000 1000 1000 1000 1000 1000 1000 1000 1000 1000 1000 1000 1000 1000 1000 1000 1000 1000 1000 1000 1000 1000 1000 1000 1000 1000 1000 1000 1000 1000 1000 1000 1000 1000 1000 1000 1000 1000 1000 1000 1000 1000 1000 1000 1000 1000 1000 1000 1000 1000 1000 1000 1000 1000 1000 1000 1000 1000 1000 1000 
44 35 34 21 38 11 20 16 31 32 31 35 35 38 12 42 38 45 26 14 14 27 44 22 40 34 40 17 23 37 24 11 39 28 41 45 15 26 14 10 38 10 22 11 36 19 29 17 26 9 34 17 16 19 40 25 27 21 16 37 9 16 45 41 38 31 13 28 11 42 25 41 10 39 18 29 32 27 36 39 
1000 1000 1000 1000 1000 1000 1000 1000 1000 1000 1000 1000 1000 1000 1000 1000 1000 1000 1000 1000 1000 1000 1000 1000 1000 1000 1000 1000 1000 1000 1000 1000 1000 1000 1000 1000 1000 1000 1000 1000 1000 1000 1000 1000 1000 1000 1000 1000 1000 1000 1000 1000 1000 1000 1000 1000 1000 1000 1000 1000 1000 1000 1000 1000 1000 1000 1000 1000 1000 1000 1000 1000 1000 1000 1000 1000 1000 1000 1000 1000 
1000 1000 1000 1000 1000 1000 1000 1000 1000 1000 1000 1000 1000 1000 1000 1000 1000 1000 1000 1000 1000 1000 1000 1000 1000 1000 1000 1000 1000 1000 1000 1000 1000 1000 1000 1000 1000 1000 1000 1000 1000 1000 1000 1000 1000 1000 1000 1000 1000 1000 1000 1000 1000 1000 1000 1000 1000 1000 1000 1000 1000 1000 1000 1000 1000 1000 1000 1000 1000 1000 1000 1000 1000 1000 1000 1000 1000 1000 1000 1000 
1000 1000 1000 1000 1000 1000 1000 1000 1000 1000 1000 1000 1000 1000 1000 1000 1000 1000 1000 1000 1000 1000 1000 1000 1000 1000 1000 1000 1000 1000 1000 1000 1000 1000 1000 1000 1000 1000 1000 1000 1000 1000 1000 1000 1000 1000 1000 1000 1000 1000 1000 1000 1000 1000 1000 1000 1000 1000 1000 1000 1000 1000 1000 1000 1000 1000 1000 1000 1000 1000 1000 1000 1000 1000 1000 1000 1000 1000 1000 1000 
40 35 23 15 15 20 31 39 14 29 11 27 25 36 27 29 33 39 10 15 31 42 44 39 18 22 29 31 38 24 12 20 32 15 39 31 39 24 42 45 27 30 20 12 16 37 19 12 30 15 22 23 11 41 13 13 21 25 14 31 13 30 11 15 34 31 9 9 9 42 37 29 40 44 20 25 12 35 25 45 
12 32 17 9 38 31 25 15 27 43 12 30 32 24 25 33 27 11 44 29 14 28 43 12 18 24 42 38 28 18 16 24 38 43 9 12 41 35 21 21 37 14 14 24 22 14 41 9 35 36 16 37 13 27 39 44 12 13 32 14 31 14 21 25 38 32 25 34 24 42 24 41 40 29 30 29 31 18 44 44 
1000 1000 1000 1000 1000 1000 1000 1000 1000 1000 1000 1000 1000 1000 1000 1000 1000 1000 1000 1000 1000 1000 1000 1000 1000 1000 1000 1000 1000 1000 1000 1000 1000 1000 1000 1000 1000 1000 1000 1000 1000 1000 1000 1000 1000 1000 1000 1000 1000 1000 1000 1000 1000 1000 1000 1000 1000 1000 1000 1000 1000 1000 1000 1000 1000 1000 1000 1000 1000 1000 1000 1000 1000 1000 1000 1000 1000 1000 1000 1000 
39 20 43 36 31 37 23 42 29 18 31 18 23 40 20 16 35 42 41 9 11 38 18 19 34 39 11 12 25 22 45 25 9 36 34 19 38 28 26 17 24 9 43 13 21 35 11 10 39 13 41 16 42 18 31 15 13 28 10 11 17 22 14 44 25 15 12 16 38 19 14 16 15 34 12 15 20 33 29 29 
38 30 12 21 37 33 24 39 23 33 16 32 24 31 16 29 29 41 28 19 38 45 20 37 33 10 18 24 14 40 35 16 13 33 27 33 9 18 44 37 13 45 32 35 43 31 26 14 42 33 22 30 43 20 17 20 36 28 11 28 43 39 32 45 26 20 35 39 19 45 28 30 17 31 41 32 29 32 21 20 
17 26 23 27 45 43 9 19 25 20 14 43 31 31 19 31 39 42 20 43 44 33 15 15 27 16 24 17 42 41 11 19 20 15 13 9 29 30 16 11 27 33 39 14 39 14 19 35 19 45 44 42 17 37 40 37 37 42 13 14 9 35 44 19 12 27 21 32 42 21 37 12 40 28 43 44 31 27 31 40 
1000 1000 1000 1000 1000 1000 1000 1000 1000 1000 1000 1000 1000 1000 1000 1000 1000 1000 1000 1000 1000 1000 1000 1000 1000 1000 1000 1000 1000 1000 1000 1000 1000 1000 1000 1000 1000 1000 1000 1000 1000 1000 1000 1000 1000 1000 1000 1000 1000 1000 1000 1000 1000 1000 1000 1000 1000 1000 1000 1000 1000 1000 1000 1000 1000 1000 1000 1000 1000 1000 1000 1000 1000 1000 1000 1000 1000 1000 1000 1000 
1000 1000 1000 1000 1000 1000 1000 1000 1000 1000 1000 1000 1000 1000 1000 1000 1000 1000 1000 1000 1000 1000 1000 1000 1000 1000 1000 1000 1000 1000 1000 1000 1000 1000 1000 1000 1000 1000 1000 1000 1000 1000 1000 1000 1000 1000 1000 1000 1000 1000 1000 1000 1000 1000 1000 1000 1000 1000 1000 1000 1000 1000 1000 1000 1000 1000 1000 1000 1000 1000 1000 1000 1000 1000 1000 1000 1000 1000 1000 1000 
11 22 30 20 43 42 25 33 16 19 26 12 34 41 15 19 22 34 32 9 16 31 13 26 10 20 33 42 9 30 43 39 15 40 14 45 18 14 43 28 38 35 40 14 28 9 41 32 16 15 19 13 22 26 13 24 43 31 36 32 11 40 18 15 39 11 11 38 34 33 12 35 17 27 13 25 19 42 43 13 
14 41 19 22 29 39 36 12 44 37 28 41 24 16 24 36 14 38 20 45 22 14 15 32 33 29 42 13 13 30 35 20 27 25 23 14 26 34 17 22 35 14 31 34 18 16 39 36 42 12 22 29 20 21 10 22 34 33 30 40 16 26 39 31 39 30 44 21 27 21 38 43 45 38 32 13 16 44 41 20 
1000 1000 1000 1000 1000 1000 1000 1000 1000 1000 1000 1000 1000 1000 1000 1000 1000 1000 1000 1000 1000 1000 1000 1000 1000 1000 1000 1000 1000 1000 1000 1000 1000 1000 1000 1000 1000 1000 1000 1000 1000 1000 1000 1000 1000 1000 1000 1000 1000 1000 1000 1000 1000 1000 1000 1000 1000 1000 1000 1000 1000 1000 1000 1000 1000 1000 1000 1000 1000 1000 1000 1000 1000 1000 1000 1000 1000 1000 1000 1000 
41 21 36 25 25 31 22 42 17 20 39 40 23 16 39 42 18 24 12 34 45 19 20 20 41 34 23 29 23 37 21 40 23 18 31 11 29 19 10 28 10 25 16 19 13 18 29 40 27 45 29 18 15 38 17 43 23 23 34 41 21 25 36 13 42 43 42 27 38 38 38 44 28 31 45 44 17 31 15 20 
11 34 35 21 14 44 28 28 21 34 45 45 20 40 24 41 17 19 44 15 35 28 32 20 24 10 13 40 31 45 26 30 9 44 31 15 22 31 28 39 11 19 22 35 41 44 9 32 43 28 10 30 33 36 33 21 11 9 41 12 25 24 36 15 15 26 13 28 24 14 9 11 9 10 39 45 26 16 38 10 
31 45 27 34 43 35 36 22 9 9 34 41 40 19 41 36 19 42 27 34 16 18 45 40 21 25 16 21 24 15 38 43 15 20 35 19 25 42 16 10 27 16 33 31 34 23 39 43 39 15 41 36 31 10 19 25 24 11 25 16 44 32 13 40 19 31 28 35 44 43 41 25 30 28 29 28 25 31 41 39 
36 30 14 12 41 40 42 25 44 24 21 35 14 15 33 44 17 29 37 9 37 10 44 9 35 45 23 27 9 11 18 34 9 43 24 18 35 17 13 19 28 25 37 33 19 9 18 29 12 36 33 19 13 13 45 24 40 42 18 13 36 9 21 20 25 18 45 18 18 27 9 35 42 21 14 14 18 28 41 17 
39 16 12 36 16 41 19 42 13 29 32 14 43 17 13 22 24 15 27 44 30 41 16 17 21 28 21 25 36 32 16 38 22 18 41 35 32 19 34 45 36 38 30 39 16 40 23 9 24 25 9 20 43 40 41 20 43 35 21 15 21 39 42 12 34 26 9 25 38 32 12 27 11 42 29 26 37 39 34 36 
42 31 28 23 45 28 36 26 39 44 45 37 28 42 41 22 32 38 11 34 34 28 11 13 21 25 20 43 12 25 16 39 12 27 32 39 37 36 38 11 24 33 40 14 25 25 16 17 32 11 28 42 24 38 32 18 9 25 41 14 12 22 13 39 10 37 27 27 22 35 26 32 34 27 44 31 39 37 31 29 
1000 1000 1000 1000 1000 1000 1000 1000 1000 1000 1000 1000 1000 1000 1000 1000 1000 1000 1000 1000 1000 1000 1000 1000 1000 1000 1000 1000 1000 1000 1000 1000 1000 1000 1000 1000 1000 1000 1000 1000 1000 1000 1000 1000 1000 1000 1000 1000 1000 1000 1000 1000 1000 1000 1000 1000 1000 1000 1000 1000 1000 1000 1000 1000 1000 1000 1000 1000 1000 1000 1000 1000 1000 1000 1000 1000 1000 1000 1000 1000 
13 27 44 30 18 37 44 33 31 33 9 13 42 9 33 10 19 32 35 19 35 38 11 30 34 17 42 23 35 41 23 36 24 29 10 36 38 12 31 40 39 37 31 13 20 28 36 36 25 35 18 21 18 20 13 43 12 32 28 34 42 15 25 25 25 30 40 28 36 30 10 25 17 14 12 9 36 26 45 32 
1000 1000 1000 1000 1000 1000 1000 1000 1000 1000 1000 1000 1000 1000 1000 1000 1000 1000 1000 1000 1000 1000 1000 1000 1000 1000 1000 1000 1000 1000 1000 1000 1000 1000 1000 1000 1000 1000 1000 1000 1000 1000 1000 1000 1000 1000 1000 1000 1000 1000 1000 1000 1000 1000 1000 1000 1000 1000 1000 1000 1000 1000 1000 1000 1000 1000 1000 1000 1000 1000 1000 1000 1000 1000 1000 1000 1000 1000 1000 1000 
1000 1000 1000 1000 1000 1000 1000 1000 1000 1000 1000 1000 1000 1000 1000 1000 1000 1000 1000 1000 1000 1000 1000 1000 1000 1000 1000 1000 1000 1000 1000 1000 1000 1000 1000 1000 1000 1000 1000 1000 1000 1000 1000 1000 1000 1000 1000 1000 1000 1000 1000 1000 1000 1000 1000 1000 1000 1000 1000 1000 1000 1000 1000 1000 1000 1000 1000 1000 1000 1000 1000 1000 1000 1000 1000 1000 1000 1000 1000 1000 
1000 1000 1000 1000 1000 1000 1000 1000 1000 1000 1000 1000 1000 1000 1000 1000 1000 1000 1000 1000 1000 1000 1000 1000 1000 1000 1000 1000 1000 1000 1000 1000 1000 1000 1000 1000 1000 1000 1000 1000 1000 1000 1000 1000 1000 1000 1000 1000 1000 1000 1000 1000 1000 1000 1000 1000 1000 1000 1000 1000 1000 1000 1000 1000 1000 1000 1000 1000 1000 1000 1000 1000 1000 1000 1000 1000 1000 1000 1000 1000 
19 29 34 18 23 13 18 15 45 39 10 28 15 20 11 27 42 33 13 42 13 29 38 26 26 15 28 17 45 22 34 40 44 27 19 30 20 21 15 43 40 36 28 37 27 28 17 32 14 11 15 22 15 24 11 35 42 22 24 13 37 26 42 17 21 16 22 21 33 40 36 9 41 17 21 19 45 31 44 18 
1000 1000 1000 1000 1000 1000 1000 1000 1000 1000 1000 1000 1000 1000 1000 1000 1000 1000 1000 1000 1000 1000 1000 1000 1000 1000 1000 1000 1000 1000 1000 1000 1000 1000 1000 1000 1000 1000 1000 1000 1000 1000 1000 1000 1000 1000 1000 1000 1000 1000 1000 1000 1000 1000 1000 1000 1000 1000 1000 1000 1000 1000 1000 1000 1000 1000 1000 1000 1000 1000 1000 1000 1000 1000 1000 1000 1000 1000 1000 1000 
45 28 45 40 16 38 26 12 14 26 21 28 27 34 40 28 23 33 21 40 19 32 43 32 19 31 31 41 32 21 9 29 39 35 40 39 37 27 31 10 9 12 37 30 13 31 31 19 18 15 14 27 42 39 10 43 16 9 9 26 32 34 9 20 26 13 13 23 18 20 26 18 9 45 15 12 25 37 21 13 
16 11 27 41 15 23 13 13 32 37 13 18 15 36 10 24 37 28 36 32 37 36 18 14 35 45 39 39 21 30 41 13 41 38 10 36 19 21 10 41 26 15 45 43 29 41 18 29 11 31 17 35 16 28 24 31 45 16 18 19 36 24 36 42 26 27 27 32 17 30 10 29 35 28 22 23 18 31 33 24 
1000 1000 1000 1000 1000 1000 1000 1000 1000 1000 1000 1000 1000 1000 1000 1000 1000 1000 1000 1000 1000 1000 1000 1000 1000 1000 1000 1000 1000 1000 1000 1000 1000 1000 1000 1000 1000 1000 1000 1000 1000 1000 1000 1000 1000 1000 1000 1000 1000 1000 1000 1000 1000 1000 1000 1000 1000 1000 1000 1000 1000 1000 1000 1000 1000 1000 1000 1000 1000 1000 1000 1000 1000 1000 1000 1000 1000 1000 1000 1000 
36 13 29 34 11 30 9 35 29 14 29 27 17 18 44 37 19 27 36 27 17 31 45 37 10 39 16 23 21 44 41 10 13 34 34 30 24 13 31 42 22 32 26 13 34 39 41 28 24 24 16 11 12 39 38 36 31 24 10 39 19 43 10 18 32 33 12 9 32 20 40 36 45 13 43 42 41 12 13 32 
31 30 20 11 32 24 32 40 45 42 31 15 41 18 9 16 45 33 38 43 38 13 22 12 38 38 35 32 31 22 45 10 11 10 37 14 34 40 33 35 30 37 10 36 43 39 27 40 29 11 29 20 16 23 10 41 22 14 39 15 30 42 29 15 25 17 13 34 22 44 40 32 24 16 28 27 16 11 22 15 
1000 1000 1000 1000 1000 1000 1000 1000 1000 1000 1000 1000 1000 1000 1000 1000 1000 1000 1000 1000 1000 1000 1000 1000 1000 1000 1000 1000 1000 1000 1000 1000 1000 1000 1000 1000 1000 1000 1000 1000 1000 1000 1000 1000 1000 1000 1000 1000 1000 1000 1000 1000 1000 1000 1000 1000 1000 1000 1000 1000 1000 1000 1000 1000 1000 1000 1000 1000 1000 1000 1000 1000 1000 1000 1000 1000 1000 1000 1000 1000 
27 28 15 14 9 27 19 10 11 14 24 13 21 17 24 41 44 11 18 26 23 32 20 35 39 43 35 24 41 15 28 22 37 33 45 14 11 22 31 36 11 42 41 28 41 28 12 18 9 43 19 42 16 38 42 10 22 38 21 34 13 38 22 33 20 19 21 17 12 25 26 37 35 20 16 13 19 34 18 24 
1000 1000 1000 1000 1000 1000 1000 1000 1000 1000 1000 1000 1000 1000 1000 1000 1000 1000 1000 1000 1000 1000 1000 1000 1000 1000 1000 1000 1000 1000 1000 1000 1000 1000 1000 1000 1000 1000 1000 1000 1000 1000 1000 1000 1000 1000 1000 1000 1000 1000 1000 1000 1000 1000 1000 1000 1000 1000 1000 1000 1000 1000 1000 1000 1000 1000 1000 1000 1000 1000 1000 1000 1000 1000 1000 1000 1000 1000 1000 1000 
1000 1000 1000 1000 1000 1000 1000 1000 1000 1000 1000 1000 1000 1000 1000 1000 1000 1000 1000 1000 1000 1000 1000 1000 1000 1000 1000 1000 1000 1000 1000 1000 1000 1000 1000 1000 1000 1000 1000 1000 1000 1000 1000 1000 1000 1000 1000 1000 1000 1000 1000 1000 1000 1000 1000 1000 1000 1000 1000 1000 1000 1000 1000 1000 1000 1000 1000 1000 1000 1000 1000 1000 1000 1000 1000 1000 1000 1000 1000 1000 
1000 1000 1000 1000 1000 1000 1000 1000 1000 1000 1000 1000 1000 1000 1000 1000 1000 1000 1000 1000 1000 1000 1000 1000 1000 1000 1000 1000 1000 1000 1000 1000 1000 1000 1000 1000 1000 1000 1000 1000 1000 1000 1000 1000 1000 1000 1000 1000 1000 1000 1000 1000 1000 1000 1000 1000 1000 1000 1000 1000 1000 1000 1000 1000 1000 1000 1000 1000 1000 1000 1000 1000 1000 1000 1000 1000 1000 1000 1000 1000 
42 24 24 37 31 42 28 25 27 34 12 44 35 45 41 35 42 15 9 37 34 27 40 10 23 36 40 40 33 21 27 37 16 9 18 24 32 33 34 30 15 10 10 30 27 41 9 43 25 19 43 32 26 9 37 39 38 43 23 23 27 38 30 32 17 11 15 24 25 21 9 38 13 19 43 17 30 21 12 17 
1000 1000 1000 1000 1000 1000 1000 1000 1000 1000 1000 1000 1000 1000 1000 1000 1000 1000 1000 1000 1000 1000 1000 1000 1000 1000 1000 1000 1000 1000 1000 1000 1000 1000 1000 1000 1000 1000 1000 1000 1000 1000 1000 1000 1000 1000 1000 1000 1000 1000 1000 1000 1000 1000 1000 1000 1000 1000 1000 1000 1000 1000 1000 1000 1000 1000 1000 1000 1000 1000 1000 1000 1000 1000 1000 1000 1000 1000 1000 1000 
24 24 14 27 42 13 29 21 42 45 20 30 40 45 25 44 25 27 27 30 25 27 44 28 14 16 43 37 29 26 37 21 25 43 22 42 32 22 39 37 26 33 35 27 20 11 17 26 37 45 43 25 9 24 29 14 34 38 37 27 41 38 42 40 44 41 25 32 19 45 19 20 38 13 26 12 14 39 25 20 
1000 1000 1000 1000 1000 1000 1000 1000 1000 1000 1000 1000 1000 1000 1000 1000 1000 1000 1000 1000 1000 1000 1000 1000 1000 1000 1000 1000 1000 1000 1000 1000 1000 1000 1000 1000 1000 1000 1000 1000 1000 1000 1000 1000 1000 1000 1000 1000 1000 1000 1000 1000 1000 1000 1000 1000 1000 1000 1000 1000 1000 1000 1000 1000 1000 1000 1000 1000 1000 1000 1000 1000 1000 1000 1000 1000 1000 1000 1000 1000 
1000 1000 1000 1000 1000 1000 1000 1000 1000 1000 1000 1000 1000 1000 1000 1000 1000 1000 1000 1000 1000 1000 1000 1000 1000 1000 1000 1000 1000 1000 1000 1000 1000 1000 1000 1000 1000 1000 1000 1000 1000 1000 1000 1000 1000 1000 1000 1000 1000 1000 1000 1000 1000 1000 1000 1000 1000 1000 1000 1000 1000 1000 1000 1000 1000 1000 1000 1000 1000 1000 1000 1000 1000 1000 1000 1000 1000 1000 1000 1000 
19 33 23 35 44 17 44 37 44 11 11 11 33 20 32 18 21 28 38 23 27 15 29 39 22 42 45 22 42 20 35 45 30 43 34 10 38 31 38 31 32 43 24 21 33 16 38 41 25 19 35 24 12 20 37 38 25 34 22 11 42 29 30 37 26 25 34 18 24 21 10 39 28 39 27 16 37 13 16 20 
34 31 29 40 39 35 29 44 26 44 26 9 36 39 25 43 25 18 22 20 15 45 12 32 24 27 32 20 27 15 31 40 32 10 11 35 38 45 24 21 26 26 28 34 40 27 40 43 27 42 36 31 24 29 25 33 17 10 23 40 30 11 27 43 9 27 11 13 29 21 27 16 11 12 31 41 31 10 42 9 
1000 1000 1000 1000 1000 1000 1000 1000 1000 1000 1000 1000 1000 1000 1000 1000 1000 1000 1000 1000 1000 1000 1000 1000 1000 1000 1000 1000 1000 1000 1000 1000 1000 1000 1000 1000 1000 1000 1000 1000 1000 1000 1000 1000 1000 1000 1000 1000 1000 1000 1000 1000 1000 1000 1000 1000 1000 1000 1000 1000 1000 1000 1000 1000 1000 1000 1000 1000 1000 1000 1000 1000 1000 1000 1000 1000 1000 1000 1000 1000 
41 10 16 10 29 13 29 28 13 15 39 35 39 17 37 26 22 39 44 14 20 27 13 35 23 39 37 30 13 11 36 12 13 36 11 22 27 25 16 27 35 14 34 33 17 17 18 15 31 16 9 24 34 29 42 22 23 23 42 14 38 31 28 33 36 29 20 19 15 40 13 40 33 12 35 35 29 38 32 25 
33 16 18 32 10 30 38 45 28 42 40 10 20 45 39 23 12 25 12 30 21 13 32 35 41 15 21 38 23 10 43 35 30 26 15 12 39 24 33 44 40 15 33 34 38 36 33 29 27 29 28 13 41 19 28 14 25 10 35 15 35 9 15 39 16 23 23 38 20 26 29 20 40 28 23 15 26 17 15 44 
33 17 45 31 13 37 38 22 41 38 22 31 25 45 15 19 12 19 21 11 32 19 9 22 45 41 36 40 34 22 42 41 37 14 27 42 40 19 18 22 32 41 17 16 43 9 22 14 44 14 25 28 37 17 16 15 20 33 34 42 32 19 33 24 26 27 25 12 14 22 16 36 27 33 25 44 14 38 19 34 
30 40 16 36 35 41 22 35 18 18 35 34 14 38 38 41 20 18 17 44 41 26 18 19 36 12 10 30 11 15 43 17 23 11 45 21 37 26 38 18 37 44 11 9 10 18 44 35 19 15 21 38 43 29 38 44 16 30 42 20 28 32 14 35 34 16 37 38 12 16 39 10 43 18 31 36 22 33 21 38 
15 33 12 24 44 39 44 38 37 9 34 29 41 38 29 33 36 44 40 37 32 20 9 44 21 32 19 35 14 22 14 10 37 38 26 45 30 16 30 27 22 29 32 44 27 30 19 32 30 27 22 41 10 35 34 16 15 22 33 29 27 29 17 27 27 44 28 16 12 34 12 21 12 30 35 12 36 19 17 27 
43 19 20 26 38 24 23 36 43 12 39 21 31 21 33 19 40 19 32 11 34 23 15 30 19 45 9 43 13 30 20 43 31 19 9 19 38 9 22 21 35 27 30 12 29 43 14 39 40 22 31 37 40 10 18 18 34 39 12 14 32 16 20 11 10 37 29 33 13 21 13 27 38 25 23 45 12 33 15 20 
1000 1000 1000 1000 1000 1000 1000 1000 1000 1000 1000 1000 1000 1000 1000 1000 1000 1000 1000 1000 1000 1000 1000 1000 1000 1000 1000 1000 1000 1000 1000 1000 1000 1000 1000 1000 1000 1000 1000 1000 1000 1000 1000 1000 1000 1000 1000 1000 1000 1000 1000 1000 1000 1000 1000 1000 1000 1000 1000 1000 1000 1000 1000 1000 1000 1000 1000 1000 1000 1000 1000 1000 1000 1000 1000 1000 1000 1000 1000 1000 
17 12 12 27 16 23 43 12 13 26 22 24 25 41 38 16 28 15 10 10 17 31 28 41 16 41 16 22 14 21 28 26 19 32 24 24 9 13 35 13 41 39 20 40 33 38 14 27 33 12 32 24 35 14 32 9 31 36 12 13 21 26 26 38 28 30 19 23 44 29 27 10 16 44 22 12 28 22 11 20 
1000 1000 1000 1000 1000 1000 1000 1000 1000 1000 1000 1000 1000 1000 1000 1000 1000 1000 1000 1000 1000 1000 1000 1000 1000 1000 1000 1000 1000 1000 1000 1000 1000 1000 1000 1000 1000 1000 1000 1000 1000 1000 1000 1000 1000 1000 1000 1000 1000 1000 1000 1000 1000 1000 1000 1000 1000 1000 1000 1000 1000 1000 1000 1000 1000 1000 1000 1000 1000 1000 1000 1000 1000 1000 1000 1000 1000 1000 1000 1000 
1000 1000 1000 1000 1000 1000 1000 1000 1000 1000 1000 1000 1000 1000 1000 1000 1000 1000 1000 1000 1000 1000 1000 1000 1000 1000 1000 1000 1000 1000 1000 1000 1000 1000 1000 1000 1000 1000 1000 1000 1000 1000 1000 1000 1000 1000 1000 1000 1000 1000 1000 1000 1000 1000 1000 1000 1000 1000 1000 1000 1000 1000 1000 1000 1000 1000 1000 1000 1000 1000 1000 1000 1000 1000 1000 1000 1000 1000 1000 1000 
1000 1000 1000 1000 1000 1000 1000 1000 1000 1000 1000 1000 1000 1000 1000 1000 1000 1000 1000 1000 1000 1000 1000 1000 1000 1000 1000 1000 1000 1000 1000 1000 1000 1000 1000 1000 1000 1000 1000 1000 1000 1000 1000 1000 1000 1000 1000 1000 1000 1000 1000 1000 1000 1000 1000 1000 1000 1000 1000 1000 1000 1000 1000 1000 1000 1000 1000 1000 1000 1000 1000 1000 1000 1000 1000 1000 1000 1000 1000 1000 
1000 1000 1000 1000 1000 1000 1000 1000 1000 1000 1000 1000 1000 1000 1000 1000 1000 1000 1000 1000 1000 1000 1000 1000 1000 1000 1000 1000 1000 1000 1000 1000 1000 1000 1000 1000 1000 1000 1000 1000 1000 1000 1000 1000 1000 1000 1000 1000 1000 1000 1000 1000 1000 1000 1000 1000 1000 1000 1000 1000 1000 1000 1000 1000 1000 1000 1000 1000 1000 1000 1000 1000 1000 1000 1000 1000 1000 1000 1000 1000 
1000 1000 1000 1000 1000 1000 1000 1000 1000 1000 1000 1000 1000 1000 1000 1000 1000 1000 1000 1000 1000 1000 1000 1000 1000 1000 1000 1000 1000 1000 1000 1000 1000 1000 1000 1000 1000 1000 1000 1000 1000 1000 1000 1000 1000 1000 1000 1000 1000 1000 1000 1000 1000 1000 1000 1000 1000 1000 1000 1000 1000 1000 1000 1000 1000 1000 1000 1000 1000 1000 1000 1000 1000 1000 1000 1000 1000 1000 1000 1000 
1000 1000 1000 1000 1000 1000 1000 1000 1000 1000 1000 1000 1000 1000 1000 1000 1000 1000 1000 1000 1000 1000 1000 1000 1000 1000 1000 1000 1000 1000 1000 1000 1000 1000 1000 1000 1000 1000 1000 1000 1000 1000 1000 1000 1000 1000 1000 1000 1000 1000 1000 1000 1000 1000 1000 1000 1000 1000 1000 1000 1000 1000 1000 1000 1000 1000 1000 1000 1000 1000 1000 1000 1000 1000 1000 1000 1000 1000 1000 1000 
1000 1000 1000 1000 1000 1000 1000 1000 1000 1000 1000 1000 1000 1000 1000 1000 1000 1000 1000 1000 1000 1000 1000 1000 1000 1000 1000 1000 1000 1000 1000 1000 1000 1000 1000 1000 1000 1000 1000 1000 1000 1000 1000 1000 1000 1000 1000 1000 1000 1000 1000 1000 1000 1000 1000 1000 1000 1000 1000 1000 1000 1000 1000 1000 1000 1000 1000 1000 1000 1000 1000 1000 1000 1000 1000 1000 1000 1000 1000 1000 
24 13 30 44 34 40 34 10 26 25 23 19 12 34 26 10 22 21 30 15 23 20 35 19 24 25 33 27 25 36 39 21 12 14 32 22 20 20 12 14 18 13 20 16 33 42 24 11 38 29 35 13 31 26 10 11 40 9 16 33 16 40 22 42 28 25 44 9 31 44 17 17 33 41 29 35 15 37 28 13 
1000 1000 1000 1000 1000 1000 1000 1000 1000 1000 1000 1000 1000 1000 1000 1000 1000 1000 1000 1000 1000 1000 1000 1000 1000 1000 1000 1000 1000 1000 1000 1000 1000 1000 1000 1000 1000 1000 1000 1000 1000 1000 1000 1000 1000 1000 1000 1000 1000 1000 1000 1000 1000 1000 1000 1000 1000 1000 1000 1000 1000 1000 1000 1000 1000 1000 1000 1000 1000 1000 1000 1000 1000 1000 1000 1000 1000 1000 1000 1000 
1000 1000 1000 1000 1000 1000 1000 1000 1000 1000 1000 1000 1000 1000 1000 1000 1000 1000 1000 1000 1000 1000 1000 1000 1000 1000 1000 1000 1000 1000 1000 1000 1000 1000 1000 1000 1000 1000 1000 1000 1000 1000 1000 1000 1000 1000 1000 1000 1000 1000 1000 1000 1000 1000 1000 1000 1000 1000 1000 1000 1000 1000 1000 1000 1000 1000 1000 1000 1000 1000 1000 1000 1000 1000 1000 1000 1000 1000 1000 1000 
15 25 35 16 35 27 17 33 21 16 25 25 29 24 18 27 15 29 34 19 18 24 22 22 17 22 30 25 32 29 28 20 28 29 29 31 27 22 16 21 35 22 20 30 22 15 34 24 15 23 23 18 27 17 16 24 30 16 29 28 28 24 29 18 19 23 19 16 16 19 29 15 30 17 20 20 29 31 15 26 
22 25 24 28 27 18 20 27 30 21 32 29 26 29 19 20 29 24 16 26 31 19 33 15 29 31 33 29 24 34 32 25 24 26 28 19 25 33 17 26 28 22 24 19 27 23 17 32 28 35 19 24 22 15 20 16 19 30 21 27 17 19 30 24 28 27 15 33 29 16 30 28 31 23 21 27 35 21 32 26 
1000 1000 1000 1000 1000 1000 1000 1000 1000 1000 1000 1000 1000 1000 1000 1000 1000 1000 1000 1000 1000 1000 1000 1000 1000 1000 1000 1000 1000 1000 1000 1000 1000 1000 1000 1000 1000 1000 1000 1000 1000 1000 1000 1000 1000 1000 1000 1000 1000 1000 1000 1000 1000 1000 1000 1000 1000 1000 1000 1000 1000 1000 1000 1000 1000 1000 1000 1000 1000 1000 1000 1000 1000 1000 1000 1000 1000 1000 1000 1000 
15 32 29 16 19 30 26 21 29 35 26 25 15 18 15 33 19 26 20 20 18 35 23 23 20 22 32 25 23 31 29 31 15 21 28 27 20 28 30 32 21 18 20 28 20 31 21 27 27 18 28 25 24 26 23 26 18 22 32 27 30 21 32 24 15 32 35 27 23 23 24 32 15 27 32 24 30 30 17 34 
1000 1000 1000 1000 1000 1000 1000 1000 1000 1000 1000 1000 1000 1000 1000 1000 1000 1000 1000 1000 1000 1000 1000 1000 1000 1000 1000 1000 1000 1000 1000 1000 1000 1000 1000 1000 1000 1000 1000 1000 1000 1000 1000 1000 1000 1000 1000 1000 1000 1000 1000 1000 1000 1000 1000 1000 1000 1000 1000 1000 1000 1000 1000 1000 1000 1000 1000 1000 1000 1000 1000 1000 1000 1000 1000 1000 1000 1000 1000 1000 
17 24 22 18 31 18 26 22 34 15 31 33 34 26 20 30 27 35 28 32 29 34 15 33 16 27 18 34 33 20 29 19 25 24 21 21 18 32 15 15 17 27 33 15 23 16 30 21 35 21 35 18 18 21 35 15 17 22 18 22 31 30 26 25 16 25 32 20 31 30 18 22 17 30 23 30 24 31 25 25 
1000 1000 1000 1000 1000 1000 1000 1000 1000 1000 1000 1000 1000 1000 1000 1000 1000 1000 1000 1000 1000 1000 1000 1000 1000 1000 1000 1000 1000 1000 1000 1000 1000 1000 1000 1000 1000 1000 1000 1000 1000 1000 1000 1000 1000 1000 1000 1000 1000 1000 1000 1000 1000 1000 1000 1000 1000 1000 1000 1000 1000 1000 1000 1000 1000 1000 1000 1000 1000 1000 1000 1000 1000 1000 1000 1000 1000 1000 1000 1000 
21 28 17 27 32 24 27 29 21 26 33 35 16 21 23 33 32 23 16 34 24 33 34 33 29 35 16 25 32 16 28 23 29 15 22 16 17 34 26 16 26 20 17 30 21 18 35 17 20 27 34 29 18 35 21 26 30 28 32 27 30 32 33 28 21 32 32 25 26 22 27 25 26 31 20 32 35 31 28 23 
31 30 17 26 21 15 35 28 23 15 15 18 31 24 29 25 20 29 20 17 25 28 33 28 29 23 15 22 24 19 23 25 18 28 18 34 30 15 31 25 21 17 18 17 20 28 24 27 25 28 31 21 31 35 19 21 28 19 19 19 34 22 18 21 26 29 21 23 15 28 23 23 17 27 32 18 17 34 32 23 
29 15 25 15 29 35 25 15 35 22 21 23 25 26 21 23 28 25 18 31 23 27 30 27 18 35 21 24 32 31 27 25 22 16 28 35 30 25 30 21 26 31 20 32 22 20 32 24 24 22 18 22 21 33 23 20 16 23 31 22 20 15 22 23 24 35 24 24 35 34 23 34 25 29 31 19 30 30 34 20 
24 26 28 33 31 23 16 32 28 22 27 16 25 27 17 35 29 22 26 28 15 25 20 20 25 20 17 16 32 30 15 35 20 35 30 20 31 28 23 17 33 31 35 22 25 18 33 28 34 29 35 25 28 30 24 17 16 26 15 18 18 17 20 22 27 18 22 35 22 25 33 20 31 17 29 33 26 25 19 19 
21 16 22 34 30 30 20 17 27 19 20 16 19 34 28 18 25 20 15 20 31 16 20 34 35 15 27 21 25 18 25 15 23 29 16 32 26 17 17 22 35 27 21 34 35 15 18 25 33 16 29 26 31 33 30 34 23 23 30 23 34 17 17 16 35 31 16 15 33 19 21 29 19 24 28 34 23 26 18 16 
23 29 35 22 32 27 34 18 24 16 27 17 32 30 19 21 31 31 33 31 20 20 32 17 22 23 20 24 15 19 33 19 23 29 34 26 17 26 32 29 22 27 26 16 27 16 16 34 26 28 21 19 29 16 31 15 35 22 22 16 15 20 32 16 19 24 28 21 23 20 26 26 18 25 30 21 29 17 22 22 
1000 1000 1000 1000 1000 1000 1000 1000 1000 1000 1000 1000 1000 1000 1000 1000 1000 1000 1000 1000 1000 1000 1000 1000 1000 1000 1000 1000 1000 1000 1000 1000 1000 1000 1000 1000 1000 1000 1000 1000 1000 1000 1000 1000 1000 1000 1000 1000 1000 1000 1000 1000 1000 1000 1000 1000 1000 1000 1000 1000 1000 1000 1000 1000 1000 1000 1000 1000 1000 1000 1000 1000 1000 1000 1000 1000 1000 1000 1000 1000 
29 19 25 20 28 22 25 15 23 19 33 28 34 20 16 20 18 31 31 25 17 24 28 15 25 25 28 27 19 16 33 26 33 23 29 35 28 20 17 18 34 34 25 35 24 26 35 27 31 16 32 16 27 21 21 24 29 26 22 31 19 16 30 16 20 16 22 19 16 15 19 19 20 27 30 29 15 23 18 16 
21 23 24 18 19 24 15 18 22 34 35 27 15 25 30 20 21 16 25 35 26 26 32 16 18 22 16 35 26 25 25 30 17 35 16 25 15 24 30 17 25 32 22 26 17 22 28 34 17 17 28 34 34 16 20 19 31 29 17 35 30 18 27 32 20 24 26 28 18 32 23 31 18 22 21 24 15 21 15 34 
1000 1000 1000 1000 1000 1000 1000 1000 1000 1000 1000 1000 1000 1000 1000 1000 1000 1000 1000 1000 1000 1000 1000 1000 1000 1000 1000 1000 1000 1000 1000 1000 1000 1000 1000 1000 1000 1000 1000 1000 1000 1000 1000 1000 1000 1000 1000 1000 1000 1000 1000 1000 1000 1000 1000 1000 1000 1000 1000 1000 1000 1000 1000 1000 1000 1000 1000 1000 1000 1000 1000 1000 1000 1000 1000 1000 1000 1000 1000 1000 
35 27 30 18 24 20 31 16 17 16 23 31 21 22 27 29 32 16 15 26 29 35 17 28 33 30 26 27 28 20 19 23 21 29 35 27 22 30 26 33 30 25 30 33 21 19 35 17 25 26 17 33 29 16 18 23 31 17 15 26 20 32 34 16 30 26 30 21 15 16 22 23 26 21 27 26 24 32 20 16 
26 33 23 27 23 32 23 16 29 27 34 25 17 33 16 16 31 19 24 26 18 15 29 18 17 34 26 29 33 27 32 24 28 29 28 29 35 23 16 32 23 24 22 18 31 34 35 21 15 20 17 30 34 24 23 28 35 19 31 34 30 33 17 16 31 26 32 30 30 24 18 17 28 33 33 29 16 32 23 15 
24 33 28 20 33 35 19 21 26 15 31 28 22 21 35 28 22 32 22 35 29 35 22 26 21 27 35 26 16 20 34 33 29 17 26 21 19 31 28 15 33 19 32 23 29 25 28 25 19 30 17 24 20 30 18 23 21 28 22 18 35 26 28 18 31 15 17 32 21 34 35 22 15 26 15 33 17 24 30 19 
26 19 23 33 25 16 31 30 32 18 26 24 20 23 19 23 34 30 26 17 29 31 19 26 20 27 34 32 22 22 23 26 21 22 18 21 22 19 29 19 30 17 15 26 25 19 17 30 25 29 34 25 31 30 29 29 16 28 32 31 17 22 22 35 31 24 17 28 26 24 31 24 19 32 23 16 28 19 16 23 
19 21 23 30 26 20 25 23 17 22 18 25 25 21 32 32 35 24 16 19 28 28 19 32 28 33 33 25 26 18 26 27 17 22 21 27 22 30 29 16 19 17 26 26 27 35 16 20 20 29 23 33 26 24 16 30 30 19 31 20 35 16 17 15 30 32 28 26 15 31 25 32 21 24 16 19 34 30 19 16 
31 30 32 34 34 21 15 35 30 34 27 19 27 25 19 30 24 30 22 29 16 33 26 23 32 32 17 23 28 20 31 27 28 23 35 32 31 33 31 21 26 20 32 23 29 18 28 30 21 18 26 22 23 23 19 30 31 22 18 29 22 23 19 28 17 31 20 20 22 24 20 27 16 15 35 34 34 31 16 35 
25 35 35 17 26 17 18 29 30 31 21 34 15 27 29 20 27 16 18 25 34 32 30 24 34 25 18 26 25 28 26 26 24 27 20 32 15 18 23 29 29 18 15 25 29 20 22 32 19 31 31 33 29 17 16 20 24 18 35 22 29 19 20 20 27 17 28 16 23 30 34 17 19 17 19 16 29 29 32 29 
22 32 22 16 16 24 31 28 19 31 35 31 17 30 24 16 17 25 24 19 34 21 34 18 35 20 22 21 33 19 21 31 16 23 30 31 20 22 33 28 22 33 33 16 27 30 30 23 25 26 31 35 17 34 22 34 19 25 22 15 29 28 24 21 33 31 22 32 19 30 20 23 31 18 26 15 21 27 32 25 
16 19 32 33 24 31 17 21 27 30 20 15 22 24 33 31 34 33 22 28 25 15 22 22 34 21 26 17 29 32 22 32 35 34 20 23 16 18 33 25 22 29 23 15 17 22 30 28 20 18 27 29 16 16 17 33 18 31 34 16 16 17 26 35 17 25 27 16 28 23 18 25 32 27 25 31 26 28 31 33 
15 22 24 18 34 20 27 34 24 20 33 31 30 17 28 31 21 16 26 21 24 19 25 16 27 29 22 19 16 27 21 25 25 18 22 27 27 16 31 22 27 23 20 35 20 24 22 24 31 27 26 26 23 25 27 25 15 17 31 25 27 28 19 23 32 18 20 26 23 20 21 30 19 31 25 25 25 27 34 32 
1000 1000 1000 1000 1000 1000 1000 1000 1000 1000 1000 1000 1000 1000 1000 1000 1000 1000 1000 1000 1000 1000 1000 1000 1000 1000 1000 1000 1000 1000 1000 1000 1000 1000 1000 1000 1000 1000 1000 1000 1000 1000 1000 1000 1000 1000 1000 1000 1000 1000 1000 1000 1000 1000 1000 1000 1000 1000 1000 1000 1000 1000 1000 1000 1000 1000 1000 1000 1000 1000 1000 1000 1000 1000 1000 1000 1000 1000 1000 1000 
27 27 17 28 16 26 25 27 20 27 27 21 20 33 26 19 27 23 34 35 18 31 21 20 19 25 27 32 17 18 20 28 23 22 35 18 22 29 17 22 16 27 35 32 30 34 17 25 32 32 21 35 34 23 29 22 16 17 28 24 29 26 16 24 34 18 32 35 17 20 30 23 33 22 19 33 24 19 26 28 
18 20 17 23 30 30 21 28 18 21 31 17 17 27 29 17 29 33 19 29 35 20 24 25 28 24 22 30 32 19 20 32 20 28 31 15 35 24 33 28 24 19 22 21 18 21 35 20 26 29 32 30 34 31 35 26 18 22 32 35 29 32 18 35 32 34 21 30 33 33 31 18 31 33 21 24 23 27 24 19 
30 27 35 21 32 22 20 35 25 20 15 16 19 25 33 28 32 25 25 24 24 29 17 32 20 21 22 15 31 34 26 22 25 18 31 15 26 24 29 15 23 35 24 24 25 26 30 15 17 19 31 32 29 24 30 28 31 35 22 32 16 34 21 24 20 22 27 28 33 21 23 26 15 22 29 17 15 23 15 15 
26 25 20 23 20 20 28 33 33 27 32 19 16 29 21 16 29 17 25 24 23 25 30 16 27 32 35 31 15 31 28 18 19 31 35 35 17 27 32 32 34 27 26 33 16 23 16 15 30 35 21 19 28 17 17 33 31 19 21 35 28 29 20 25 26 21 15 15 20 28 24 15 22 20 16 29 23 20 25 26 
1000 1000 1000 1000 1000 1000 1000 1000 1000 1000 1000 1000 1000 1000 1000 1000 1000 1000 1000 1000 1000 1000 1000 1000 1000 1000 1000 1000 1000 1000 1000 1000 1000 1000 1000 1000 1000 1000 1000 1000 1000 1000 1000 1000 1000 1000 1000 1000 1000 1000 1000 1000 1000 1000 1000 1000 1000 1000 1000 1000 1000 1000 1000 1000 1000 1000 1000 1000 1000 1000 1000 1000 1000 1000 1000 1000 1000 1000 1000 1000 
24 31 35 24 31 19 20 27 18 31 21 16 32 19 23 20 33 33 15 26 32 35 32 29 26 29 15 15 23 28 24 21 19 34 18 34 18 28 33 22 16 26 23 18 28 26 20 26 15 32 32 31 35 35 31 23 27 24 16 28 29 27 17 34 24 33 21 28 30 32 31 17 26 33 26 23 20 18 17 34 
27 33 18 18 32 16 35 31 22 19 28 31 25 15 20 32 22 22 22 16 35 27 23 25 23 33 20 21 21 16 34 33 23 15 31 19 16 24 17 21 30 21 31 35 17 33 31 33 23 32 34 19 24 30 32 25 21 15 21 17 24 35 35 32 26 19 15 27 32 23 25 31 35 30 19 15 23 22 34 18 
23 32 31 15 26 32 22 33 35 24 23 27 31 31 26 34 30 32 29 33 24 16 33 25 34 18 32 21 25 30 16 29 24 26 34 31 32 21 34 27 27 21 32 35 35 34 30 20 21 17 33 24 25 35 21 33 30 23 19 33 23 16 33 19 16 27 23 25 30 24 28 18 35 28 20 30 32 15 29 27 
34 16 32 27 32 17 16 26 33 35 23 23 30 25 24 15 29 15 20 24 15 20 32 21 24 26 32 16 31 16 26 21 19 18 27 18 19 21 19 21 27 15 18 21 26 24 27 34 23 24 31 18 31 23 24 16 17 21 29 24 17 16 23 20 25 34 31 31 26 30 28 22 24 23 24 19 16 17 27 28 
18 28 32 32 30 27 26 24 32 27 27 30 35 28 29 16 27 24 18 29 28 28 15 21 25 21 31 33 17 29 26 22 25 22 35 19 19 25 28 34 35 26 17 23 22 21 15 15 22 32 30 16 31 19 26 20 18 25 15 33 26 27 35 24 21 26 31 25 21 27 26 25 33 35 16 16 29 17 31 20 
15 15 18 20 25 20 35 30 26 32 23 16 34 31 22 33 24 25 21 20 26 18 27 29 34 15 20 22 22 32 24 34 34 30 22 26 24 20 28 20 16 35 20 33 21 29 25 18 27 18 34 32 32 19 18 22 16 24 35 26 35 19 32 16 20 19 26 32 17 33 15 20 34 18 26 34 29 30 30 29 
34 22 34 22 23 28 20 20 30 29 19 30 31 17 22 26 22 32 16 16 16 15 26 16 32 16 29 26 26 16 20 31 29 17 33 23 27 15 23 16 28 31 25 24 32 30 19 23 16 21 33 30 34 29 17 24 24 22 25 18 16 28 25 31 34 21 33 24 25 15 29 29 17 28 27 33 29 33 21 30 
24 26 21 23 35 22 17 23 25 20 25 35 15 26 26 23 17 32 31 22 28 16 25 25 17 28 20 34 21 28 34 31 34 16 35 19 20 28 24 26 18 26 18 23 23 21 28 29 28 23 32 19 20 32 23 26 32 21 22 15 28 20 18 31 32 35 34 24 17 15 21 29 35 29 33 20 30 20 16 16 
27 23 27 16 16 33 35 23 20 17 15 18 16 16 27 15 32 31 35 25 34 23 29 31 34 33 32 31 23 31 28 23 32 28 26 28 32 35 20 34 23 24 26 29 32 30 17 22 27 31 28 28 21 28 15 23 29 17 19 27 34 23 32 24 16 19 22 16 31 23 35 22 26 25 35 29 15 16 27 27 
20 35 26 19 35 34 34 28 26 16 34 26 33 30 33 23 17 26 24 18 33 30 33 32 27 15 24 16 20 18 28 35 33 30 29 18 22 35 15 18 25 19 31 35 29 24 32 31 31 35 30 27 19 22 29 28 32 20 20 29 15 24 28 33 28 27 21 22 34 22 33 34 24 23 26 35 21 33 20 19 
18 18 28 28 21 31 16 24 18 15 20 23 18 23 18 29 20 28 15 15 28 22 23 19 29 20 24 22 24 28 16 33 33 23 28 16 16 26 23 20 29 15 17 27 35 31 15 20 33 19 25 16 26 26 18 23 20 19 23 29 28 21 21 21 33 27 21 24 24 27 33 23 20 26 23 35 26 31 19 17 
18 26 25 16 17 18 30 16 25 22 17 17 24 23 21 27 21 28 23 22 22 15 17 22 17 17 18 15 17 16 15 34 30 24 15 32 20 18 32 22 24 19 18 27 33 32 34 15 23 28 22 17 22 19 30 18 22 31 34 33 29 32 18 19 16 28 24 32 34 23 22 24 33 34 24 20 33 30 29 34 
34 28 27 22 19 25 33 25 31 21 25 20 30 26 29 30 25 34 16 29 33 17 24 27 20 33 28 22 19 20 29 19 31 32 34 34 34 33 35 30 22 25 31 25 15 22 16 19 29 34 23 26 18 22 15 35 17 35 21 35 31 30 34 17 35 26 20 21 34 19 16 20 27 22 25 21 20 30 34 31 
1000 1000 1000 1000 1000 1000 1000 1000 1000 1000 1000 1000 1000 1000 1000 1000 1000 1000 1000 1000 1000 1000 1000 1000 1000 1000 1000 1000 1000 1000 1000 1000 1000 1000 1000 1000 1000 1000 1000 1000 1000 1000 1000 1000 1000 1000 1000 1000 1000 1000 1000 1000 1000 1000 1000 1000 1000 1000 1000 1000 1000 1000 1000 1000 1000 1000 1000 1000 1000 1000 1000 1000 1000 1000 1000 1000 1000 1000 1000 1000 
1000 1000 1000 1000 1000 1000 1000 1000 1000 1000 1000 1000 1000 1000 1000 1000 1000 1000 1000 1000 1000 1000 1000 1000 1000 1000 1000 1000 1000 1000 1000 1000 1000 1000 1000 1000 1000 1000 1000 1000 1000 1000 1000 1000 1000 1000 1000 1000 1000 1000 1000 1000 1000 1000 1000 1000 1000 1000 1000 1000 1000 1000 1000 1000 1000 1000 1000 1000 1000 1000 1000 1000 1000 1000 1000 1000 1000 1000 1000 1000 
15 29 20 24 17 22 16 20 34 27 29 33 34 30 21 25 15 24 28 29 28 20 24 16 25 23 20 22 21 29 23 33 30 17 19 24 25 24 16 24 18 18 32 29 22 23 16 23 22 34 35 28 17 31 35 19 18 26 23 15 20 19 31 27 24 31 19 32 17 23 17 30 33 18 19 21 21 23 26 28 
20 34 27 32 17 25 21 19 32 22 26 17 17 16 23 32 35 21 30 18 33 29 32 23 30 34 16 26 16 32 27 27 18 25 32 27 23 19 35 15 28 34 33 23 33 23 26 22 26 33 27 15 29 29 22 21 16 22 29 15 21 33 28 17 31 29 20 33 31 27 35 15 33 16 18 16 27 24 17 35 
17 15 30 18 21 16 18 17 30 16 29 17 21 33 17 16 17 35 33 32 17 19 26 17 28 17 31 21 28 27 24 34 27 30 16 25 20 29 35 28 17 35 22 28 24 35 26 28 33 24 23 25 26 18 34 31 30 27 35 29 32 32 27 17 33 34 27 31 34 17 21 27 31 25 20 17 24 16 32 25 
19 18 17 26 23 35 18 28 33 18 29 25 30 22 26 24 34 15 28 32 25 34 25 34 35 19 22 16 23 17 28 16 24 24 34 21 22 33 21 31 31 30 30 31 22 31 25 21 31 27 34 27 17 29 28 23 15 21 31 33 35 23 27 17 16 23 26 19 20 29 33 21 29 32 35 16 26 30 22 33 
27 32 22 18 23 17 32 16 23 19 21 32 28 24 22 28 18 35 26 34 33 27 32 18 33 19 21 17 16 19 32 17 32 18 22 19 16 28 24 23 25 33 18 33 18 29 22 18 15 25 35 15 31 23 25 15 33 19 31 32 22 22 17 28 25 18 27 31 34 29 21 18 32 17 15 28 35 17 25 21 
1000 1000 1000 1000 1000 1000 1000 1000 1000 1000 1000 1000 1000 1000 1000 1000 1000 1000 1000 1000 1000 1000 1000 1000 1000 1000 1000 1000 1000 1000 1000 1000 1000 1000 1000 1000 1000 1000 1000 1000 1000 1000 1000 1000 1000 1000 1000 1000 1000 1000 1000 1000 1000 1000 1000 1000 1000 1000 1000 1000 1000 1000 1000 1000 1000 1000 1000 1000 1000 1000 1000 1000 1000 1000 1000 1000 1000 1000 1000 1000 
26 21 28 22 25 35 17 21 29 25 24 24 29 26 21 24 35 19 18 20 19 19 24 22 35 21 16 19 34 16 27 31 17 18 23 19 32 30 25 16 28 29 28 24 21 33 26 22 31 21 17 25 18 21 27 24 19 29 19 26 25 24 18 26 31 22 19 21 21 23 23 17 17 23 27 28 35 19 21 30 
1000 1000 1000 1000 1000 1000 1000 1000 1000 1000 1000 1000 1000 1000 1000 1000 1000 1000 1000 1000 1000 1000 1000 1000 1000 1000 1000 1000 1000 1000 1000 1000 1000 1000 1000 1000 1000 1000 1000 1000 1000 1000 1000 1000 1000 1000 1000 1000 1000 1000 1000 1000 1000 1000 1000 1000 1000 1000 1000 1000 1000 1000 1000 1000 1000 1000 1000 1000 1000 1000 1000 1000 1000 1000 1000 1000 1000 1000 1000 1000 
30 19 35 27 32 30 29 35 25 18 24 17 34 27 30 21 22 24 19 23 33 31 24 23 20 31 21 15 23 22 29 29 20 34 21 34 15 26 16 24 33 24 31 19 17 17 34 33 33 29 16 24 16 20 18 21 18 18 34 22 30 26 29 35 22 16 19 34 24 33 32 22 23 26 34 31 32 31 33 29 
16 29 25 30 29 25 26 19 17 29 23 21 25 17 30 35 29 31 21 31 21 19 32 31 18 18 35 25 26 30 20 35 26 31 25 28 19 34 18 21 21 26 25 35 16 23 33 15 26 20 17 31 32 21 16 26 34 31 25 16 17 35 32 15 28 20 29 25 35 22 33 18 23 30 35 17 17 35 25 28 
31 26 21 16 30 24 27 31 22 26 34 22 19 35 32 24 19 32 31 16 26 26 32 26 23 23 33 17 25 19 28 31 21 34 25 28 25 27 28 17 25 15 16 16 33 16 19 25 20 33 16 25 27 34 27 31 23 35 33 29 15 27 16 24 19 23 29 26 25 35 35 29 31 22 34 20 18 18 28 30 
1000 1000 1000 1000 1000 1000 1000 1000 1000 1000 1000 1000 1000 1000 1000 1000 1000 1000 1000 1000 1000 1000 1000 1000 1000 1000 1000 1000 1000 1000 1000 1000 1000 1000 1000 1000 1000 1000 1000 1000 1000 1000 1000 1000 1000 1000 1000 1000 1000 1000 1000 1000 1000 1000 1000 1000 1000 1000 1000 1000 1000 1000 1000 1000 1000 1000 1000 1000 1000 1000 1000 1000 1000 1000 1000 1000 1000 1000 1000 1000 
16 26 33 28 35 32 33 28 30 33 32 24 22 27 15 32 31 26 31 28 23 17 21 22 35 15 34 34 31 18 35 15 19 28 28 34 18 16 18 29 24 27 29 25 29 16 28 18 15 18 34 35 20 24 30 24 16 25 32 22 23 26 31 26 23 34 27 29 18 21 19 29 30 28 17 33 35 23 35 19 
25 24 31 26 29 26 17 35 16 20 21 25 34 20 30 23 16 35 25 28 35 22 22 25 17 30 34 32 29 21 23 26 30 29 19 16 15 29 35 29 16 28 29 35 28 25 25 31 27 22 28 27 35 29 22 35 16 31 20 17 16 30 28 33 27 18 31 34 22 26 20 35 22 18 32 27 20 15 22 27 
24 18 19 29 32 28 34 17 31 31 34 21 30 19 33 27 17 33 29 21 24 33 20 24 22 30 35 35 23 27 24 20 21 18 24 17 16 27 19 18 31 15 18 22 22 16 21 21 30 15 31 33 33 17 29 22 32 33 17 27 15 23 30 31 22 23 22 15 19 25 15 30 26 26 22 22 20 15 31 25 
32 16 35 26 21 35 16 28 24 23 35 26 31 19 17 24 27 25 21 27 19 20 31 17 17 18 24 17 19 34 24 27 23 23 22 29 34 26 17 31 31 22 22 32 22 35 24 26 27 19 33 19 30 28 27 29 28 35 16 33 19 34 21 34 29 33 20 25 34 35 20 29 26 15 28 24 25 26 33 28 
31 18 25 20 22 23 25 24 18 30 29 33 28 32 22 26 23 17 20 31 31 34 28 17 31 21 17 32 26 26 24 35 27 32 17 29 15 23 32 30 22 26 30 16 24 35 18 31 25 30 23 18 21 24 16 17 33 32 24 33 21 35 28 16 28 30 33 25 28 23 28 29 32 22 34 26 24 35 32 19 
17 23 21 23 30 22 24 21 19 16 21 25 16 35 22 24 29 22 17 26 31 23 20 30 17 24 32 20 30 15 30 29 16 19 18 28 26 21 34 15 26 21 27 32 16 24 19 32 19 22 26 15 27 17 31 34 25 24 15 25 35 18 19 22 15 27 35 26 26 17 16 15 16 25 15 22 19 25 28 35 
23 28 30 25 27 32 26 29 17 25 16 16 21 28 24 17 34 33 23 17 22 27 35 23 16 30 32 20 19 32 15 30 15 28 16 16 30 25 15 29 29 20 16 29 25 29 16 27 31 20 33 15 17 32 35 16 23 21 34 32 21 32 20 35 29 21 17 15 18 18 31 19 35 26 15 35 23 17 29 21 
18 33 19 34 28 35 23 32 23 29 30 29 15 16 15 29 34 20 21 35 26 16 34 24 35 33 17 32 35 35 19 18 27 17 21 24 15 21 27 28 20 26 33 31 23 21 32 34 20 25 34 22 26 25 23 35 35 28 25 28 18 28 24 23 21 16 17 28 19 32 29 34 16 17 25 25 17 18 22 34 
29 22 26 33 34 28 18 30 18 15 23 20 22 34 31 18 32 29 15 25 17 28 23 15 25 27 19 33 31 21 20 19 21 18 18 22 33 27 25 15 31 32 26 32 30 25 28 16 22 19 26 22 17 31 18 30 22 25 27 16 33 34 20 19 29 18 18 35 16 27 23 21 29 30 33 25 16 29 19 26 
23 27 35 24 16 20 17 30 15 19 34 18 33 21 27 33 17 17 20 17 15 27 23 29 15 34 17 26 30 31 27 22 34 25 28 23 15 33 28 27 29 31 22 27 22 23 28 22 17 22 30 26 22 18 33 27 16 20 28 34 18 27 21 17 24 35 31 16 24 17 26 22 30 19 22 22 29 20 17 22 
21 27 35 24 32 20 26 27 19 35 34 35 29 25 17 28 34 16 21 35 26 15 25 33 28 18 16 26 35 17 29 27 33 23 26 34 17 20 21 23 20 24 15 32 33 30 31 22 27 25 17 31 34 17 24 20 23 32 20 25 27 31 23 15 26 19 20 17 33 19 27 20 16 17 16 35 23 26 30 32 
35 29 21 15 26 30 23 31 23 28 23 25 21 27 22 33 21 35 21 19 31 32 31 24 25 21 31 28 17 17 16 23 33 24 16 24 22 17 29 33 31 16 33 23 29 34 24 23 15 30 23 17 31 28 16 30 19 25 20 34 29 28 26 22 28 18 29 29 29 23 35 33 31 19 31 23 34 17 15 25 
34 26 18 32 16 27 31 22 17 31 15 15 15 24 22 25 35 18 22 15 27 28 18 31 19 20 17 19 21 25 33 31 28 34 32 34 17 23 15 28 19 29 21 22 31 20 33 19 30 16 23 23 17 18 32 15 35 26 24 25 18 27 29 21 15 29 20 24 24 17 30 29 32 25 30 15 35 18 35 17 
29 15 15 28 15 29 23 25 31 32 17 23 26 32 27 20 30 32 31 18 23 30 32 16 19 29 18 25 26 24 15 27 19 22 27 24 26 34 22 21 31 24 28 22 19 23 27 17 28 15 19 27 30 32 15 20 20 21 25 29 32 17 27 35 28 35 23 17 23 35 20 23 16 27 33 27 31 18 34 30 
27 17 27 21 17 18 17 15 32 29 20 33 16 29 21 20 29 34 33 16 24 17 29 21 23 34 27 33 19 32 28 24 24 29 35 25 22 32 17 16 21 27 27 30 27 26 16 33 25 17 21 25 27 18 26 16 26 26 26 15 16 33 25 18 17 28 24 30 31 35 25 24 30 26 29 35 23 26 15 16 
34 29 15 25 34 22 31 32 16 16 26 35 19 34 35 23 28 24 23 26 21 16 33 29 21 16 32 16 29 34 26 21 28 26 17 33 29 17 34 35 28 30 23 29 28 23 20 23 30 29 35 21 30 18 20 25 24 30 15 23 34 27 24 34 18 20 22 24 29 18 30 35 18 29 26 16 31 24 35 18 
29 31 17 18 16 34 22 23 15 34 25 34 20 20 35 32 29 34 24 15 23 24 24 35 24 23 18 15 16 34 27 21 19 15 22 31 33 30 19 19 20 30 27 31 15 34 25 22 20 33 33 34 16 35 19 16 18 21 20 25 27 24 16 30 23 25 32 19 17 16 32 16 22 29 25 16 18 31 16 18 
27 29 29 33 22 19 29 24 27 15 33 32 30 31 26 18 32 24 16 18 25 16 15 15 27 34 28 31 26 20 17 33 32 25 26 32 16 23 19 33 35 24 32 24 15 15 29 34 18 31 32 27 29 30 29 32 34 27 32 26 15 27 24 26 26 28 29 15 18 25 23 15 21 24 22 33 30 15 24 16 
1000 1000 1000 1000 1000 1000 1000 1000 1000 1000 1000 1000 1000 1000 1000 1000 1000 1000 1000 1000 1000 1000 1000 1000 1000 1000 1000 1000 1000 1000 1000 1000 1000 1000 1000 1000 1000 1000 1000 1000 1000 1000 1000 1000 1000 1000 1000 1000 1000 1000 1000 1000 1000 1000 1000 1000 1000 1000 1000 1000 1000 1000 1000 1000 1000 1000 1000 1000 1000 1000 1000 1000 1000 1000 1000 1000 1000 1000 1000 1000 
22 20 27 24 19 23 23 30 16 21 30 30 30 18 31 28 32 16 20 26 20 16 34 33 30 19 27 32 22 23 33 20 31 22 32 34 22 19 16 26 21 24 29 28 26 25 32 21 23 27 34 20 34 27 28 18 30 35 22 32 26 29 19 27 30 24 34 34 26 27 26 32 32 35 26 20 25 32 35 28 
19 34 22 18 29 35 35 23 30 19 34 24 35 24 22 17 25 20 15 23 31 26 31 17 25 15 20 32 25 26 25 25 26 35 20 28 31 26 30 19 31 16 25 18 35 33 35 20 35 31 16 23 31 19 35 33 22 22 29 15 34 21 35 35 20 15 32 32 19 29 26 19 35 21 35 22 17 18 35 15 
22 22 26 24 31 23 16 17 16 32 19 20 22 33 24 19 25 23 17 19 31 24 32 28 33 28 31 21 16 30 21 29 28 29 35 15 34 21 17 30 20 28 16 16 15 34 32 35 21 34 29 34 23 20 19 26 18 34 18 31 22 15 29 24 19 18 31 24 23 29 19 21 19 33 19 18 21 26 24 22 
27 33 21 16 22 26 27 35 35 15 30 29 28 24 18 16 26 35 28 28 17 17 31 25 31 24 17 32 16 23 32 29 35 22 25 29 20 20 25 16 23 15 16 19 16 34 34 31 31 34 20 33 29 19 23 16 32 17 19 17 30 27 27 23 23 18 25 15 20 16 22 26 30 16 23 28 21 30 27 15 
15 16 17 26 31 34 24 18 31 23 16 26 18 29 17 31 26 15 33 19 18 23 16 30 26 32 19 15 24 32 22 30 25 22 15 32 32 18 31 18 18 17 26 33 18 25 26 19 19 16 29 16 17 15 20 35 31 18 33 18 28 26 32 24 23 35 30 32 35 25 25 31 19 17 24 32 23 26 19 25 
21 31 34 15 35 33 25 17 27 18 29 33 29 35 28 23 28 20 35 27 30 15 21 18 24 19 21 17 33 16 31 22 29 19 20 29 25 32 23 20 35 21 29 35 24 29 23 29 19 25 29 29 35 16 33 16 35 19 25 17 35 27 34 24 33 27 31 34 15 21 23 24 25 17 28 32 23 32 26 16 
0.9333333333333333 0 0 0.5333333333333333 0.1333333333333333 0.5333333333333333 0.5333333333333333 0 0 0.7333333333333334 0.8 0 1 0.8 0.19999999999999996 0 0 0.33333333333333337 0 0 1.0 0 0 0 0 0.6666666666666667 0 0 0 0.4 0 0.1333333333333333 0.4666666666666667 0.4666666666666667 0 0 0.9333333333333333 1 0 0 0.5333333333333333 0.6 0.33333333333333337 0.06666666666666665 0 0 0.9333333333333333 0 0 0 0 0 1 0 0.33333333333333337 0 0.9333333333333333 0.9333333333333333 0.1333333333333333 0.19999999999999996 0 0 0 0.1333333333333333 0 0 0 0 0 0.33333333333333337 0.8666666666666667 0.8666666666666667 0 0.6 0.1333333333333333 0.4 0 0.06666666666666665 0 0 
0 0 0 0 0 0 0 0 0 0 0 0 0 0 0 0 0 0 0 0 0 0 0 0 0 0 0 0 0 0 0 0 0 0 0 0 0 0 0 0 0 0 0 0 0 0 0 0 0 0 0 0 0 0 0 0 0 0 0 0 0 0 0 0 0 0 0 0 0 0 0 0 0 0 0 0 0 0 0 0 
0.8666666666666667 0.5333333333333333 0.5333333333333333 0 0 0 1 0 0.06666666666666665 1.0 0 0 0 0 0.6 0 0 0 0 0.06666666666666665 0.19999999999999996 0 0 0.0 0 0.06666666666666665 0 0.9333333333333333 0 0.6666666666666667 0.19999999999999996 0 0 0 0 0 0 0 0.4 0.8 0.8 0.06666666666666665 0 0.4 0.33333333333333337 0.7333333333333334 0.9333333333333333 0.6 0 0 0 0 0 0.9333333333333333 1 0.19999999999999996 0 0 0 0.6666666666666667 1.0 0 0.8666666666666667 0 0 0.7333333333333334 0 0.6666666666666667 0.0 0 0 0 0 0 0 0.19999999999999996 0.2666666666666667 0 0.06666666666666665 0 
0 0 0 0 0 0 0 0 0 0 0 0 0 0 0 0 0 0 0 0 0 0 0 0 0 0 0 0 0 0 0 0 0 0 0 0 0 0 0 0 0 0 0 0 0 0 0 0 0 0 0 0 0 0 0 0 0 0 0 0 0 0 0 0 0 0 0 0 0 0 0 0 0 0 0 0 0 0 0 0 
0.19999999999999996 0 0 0.4 0 0 0 0.06666666666666665 0.6666666666666667 0.2666666666666667 0 0 0 0.1333333333333333 0.33333333333333337 0 1.0 1.0 0 0 0 0 0.6 0 0.4 0 0 0 0 0 0 0.7333333333333334 0.5333333333333333 0 0 0 0.6666666666666667 0 0.4666666666666667 0.6666666666666667 1.0 0 0 0.1333333333333333 0 0 0 0 0.8 0 0 0 1.0 0.5333333333333333 0.33333333333333337 0 0 0.19999999999999996 0 0.4666666666666667 0.5333333333333333 0 0.6 0.6666666666666667 0 0 0.1333333333333333 0.5333333333333333 0.19999999999999996 0 0.2666666666666667 0 0 0 0 0.6 0.5333333333333333 0 0 0 
0 0.8 0.0 0.9333333333333333 0 0 0 0.8 0 0 0 0.0 0 0.9333333333333333 0 0 0.6 0 0 0 0.0 0.0 0 0 0 0 0 0.8666666666666667 0.0 0 0 0 0.7333333333333334 0 0 0 0.6 0.6666666666666667 0.1333333333333333 0.19999999999999996 0 0.7333333333333334 0 0.7333333333333334 0 0.6666666666666667 0 0.7333333333333334 0 0 0.0 0 0.4 1 0.9333333333333333 0.6666666666666667 0.4666666666666667 0.33333333333333337 0 0 0 0 0 0 0.06666666666666665 0.8666666666666667 0.6666666666666667 0 0.6666666666666667 0 0 0.1333333333333333 0 0 1.0 1.0 0.8 0 0 0 
0 0 0 0 0 0 0 0 0 0 0 0 0 0 0 0 0 0 0 0 0 0 0 0 0 0 0 0 0 0 0 0 0 0 0 0 0 0 0 0 0 0 0 0 0 0 0 0 0 0 0 0 0 0 0 0 0 0 0 0 0 0 0 0 0 0 0 0 0 0 0 0 0 0 0 0 0 0 0 0 
0.4 0 0 0.33333333333333337 0.33333333333333337 0 0 0 0.8 0 0 0 0 0.8666666666666667 1 0.8 0 0 0 0 0.4666666666666667 0 0 0.6666666666666667 0 0.4 0 0.9333333333333333 0.6666666666666667 0.4666666666666667 0 0.33333333333333337 0.6666666666666667 0.4 0 0.4 0.1333333333333333 0.6666666666666667 0 0.0 0 1.0 0 0 0 0.6 0 0 1.0 0 0.8 0 0 0.2666666666666667 0 0.6666666666666667 0.6 0 0.6666666666666667 0 0.9333333333333333 0 0 0 0.6 0.6 0 0 0 0 0 1 0 0 0.4666666666666667 0 0.06666666666666665 0 0 0.4666666666666667 
0.06666666666666665 0 1 0 0 0.2666666666666667 0 0.0 0 0.2666666666666667 0 0.0 0 0.1333333333333333 0 0.8666666666666667 0 0.19999999999999996 1.0 0 0.8666666666666667 0.6 0.8666666666666667 0.6 1.0 0.0 0.4 0 1.0 0.0 0.1333333333333333 0.33333333333333337 0.9333333333333333 0.1333333333333333 0 0.8 0 0 0 0.6666666666666667 0 0 0 0.8666666666666667 0.19999999999999996 0 0 0.6666666666666667 0 0.0 0.4666666666666667 0.5333333333333333 0.2666666666666667 0 0.8666666666666667 0 0 0.19999999999999996 0 0 0.7333333333333334 0.33333333333333337 0 0 0.2666666666666667 0 0 0.0 0.9333333333333333 0.6666666666666667 0 0 0.9333333333333333 0.33333333333333337 0.4666666666666667 0.5333333333333333 0 0 0.2666666666666667 0.4666666666666667 
0.0 0.5333333333333333 0.4666666666666667 0 0 0 1.0 0 0 0 0 0.06666666666666665 0.6 0 0.8666666666666667 0.4666666666666667 0 0.6 0.2666666666666667 0 0 0 0.06666666666666665 0 0 0.1333333333333333 0 0 0.4666666666666667 0 0 0.19999999999999996 0.6666666666666667 0.8666666666666667 0 0 0.0 0 0 0 1.0 0.6 0 0 0.33333333333333337 0 0.6666666666666667 0 0.1333333333333333 1 0 0 0 0.5333333333333333 0.6666666666666667 0 0 0 0.4 0.1333333333333333 0.8666666666666667 1.0 0.19999999999999996 0 0 0 0.7333333333333334 0 0 0.0 0.9333333333333333 0.6666666666666667 0.6 0 0 0 0 0 0 0.2666666666666667 
0 1 0 0 0 0.7333333333333334 0.8 0 0.8 0.8666666666666667 0 0.6 0 0.1333333333333333 0.8 0.6 0 0 0.5333333333333333 0.5333333333333333 0 0 0.6666666666666667 0 0 1.0 0.8 0.8 0.2666666666666667 0 0.4666666666666667 0.4666666666666667 0.6666666666666667 0.2666666666666667 0 0 0.6 0 1.0 0.06666666666666665 0.2666666666666667 0 0 0.33333333333333337 0.1333333333333333 0 0 0 0.8666666666666667 0.7333333333333334 0.6 1 0.0 0.6 0 0 1 0 0.8666666666666667 0 0.7333333333333334 0 0.4 0 0.33333333333333337 0 0.5333333333333333 0.1333333333333333 0.9333333333333333 1.0 0.19999999999999996 0.8666666666666667 0 0 0.33333333333333337 0.6 0 0.6 0.4 0 
0 0 0.5333333333333333 1.0 0.4666666666666667 0 0 0 0 0.4666666666666667 0 0.19999999999999996 0 0.6666666666666667 0.5333333333333333 0 0 0 0 0.4666666666666667 0.7333333333333334 0 0 0 0 0.8 0 0.33333333333333337 0 0 0 0 0 0.9333333333333333 0.5333333333333333 1 1 0 0.4 0 0 0 0 0.1333333333333333 0 0.7333333333333334 0.2666666666666667 0.5333333333333333 0.6666666666666667 0 0.6666666666666667 0.1333333333333333 0.6 0.1333333333333333 0.0 0.2666666666666667 0.1333333333333333 0 0 0.8 0.6 0.7333333333333334 0.19999999999999996 0.4666666666666667 0 0.6 0.8 0.33333333333333337 0 1.0 0 0.4666666666666667 0 0.5333333333333333 0 0 0 0.8666666666666667 0.6 0 
0.19999999999999996 0 0.8 0.8666666666666667 0 0.4666666666666667 0 0.9333333333333333 0 0.06666666666666665 0 0 0 0.33333333333333337 0.19999999999999996 0.8 0 0 0 0 0 0 0 0 0 0 0 0 0 0.6 0 0.6 0.8666666666666667 0 0.4 0.7333333333333334 0 1.0 0 0.8666666666666667 0.2666666666666667 0 0.7333333333333334 0.9333333333333333 0 0.8666666666666667 0 0 1.0 0 0.6666666666666667 0.7333333333333334 0.4 0 0 0.8666666666666667 0.2666666666666667 0 0.9333333333333333 0 0.33333333333333337 0.4666666666666667 0.8 0 0.5333333333333333 0.19999999999999996 0 0 0 0 0.7333333333333334 0 0 0.33333333333333337 0 0 0.1333333333333333 0.2666666666666667 0 0 
0 0 0 0 0 0 0 0 0 0 0 0 0 0 0 0 0 0 0 0 0 0 0 0 0 0 0 0 0 0 0 0 0 0 0 0 0 0 0 0 0 0 0 0 0 0 0 0 0 0 0 0 0 0 0 0 0 0 0 0 0 0 0 0 0 0 0 0 0 0 0 0 0 0 0 0 0 0 0 0 
0 0 0 0 0 0 0 0 0 0 0 0 0 0 0 0 0 0 0 0 0 0 0 0 0 0 0 0 0 0 0 0 0 0 0 0 0 0 0 0 0 0 0 0 0 0 0 0 0 0 0 0 0 0 0 0 0 0 0 0 0 0 0 0 0 0 0 0 0 0 0 0 0 0 0 0 0 0 0 0 
0.5333333333333333 0.9333333333333333 0 0 0.33333333333333337 0 0 0 0.8 0 0 1.0 0 0.9333333333333333 0.7333333333333334 0 0 0 0.0 0.6666666666666667 0.6 0 0 0.6666666666666667 0 0.0 0 0 0.5333333333333333 0 0.9333333333333333 0 0.6 0 0 0 0 0 0 0.33333333333333337 0 0 0.2666666666666667 0 0 0.0 0 0 0 0 0.6666666666666667 0 0.1333333333333333 0.1333333333333333 0.4 0 0 0 0 0.1333333333333333 0.06666666666666665 0 0 0.33333333333333337 0 0 1.0 0.8666666666666667 0.4 0 0.6666666666666667 1.0 0 0 0 0.7333333333333334 0 0 0 0.4 
0.33333333333333337 0 0.8 0.8666666666666667 0.5333333333333333 0 0 0.5333333333333333 0.6666666666666667 0 0 0 1.0 0.0 0.4 0 0 0.2666666666666667 0 0.6666666666666667 0.4 0 0.0 0 0 0 0.9333333333333333 0.6 1 0 0.33333333333333337 0 0 0.6 0.0 0.6666666666666667 0 0.8666666666666667 0 0 0.5333333333333333 0 0 0 0 0 0.8666666666666667 0 0.8 0.8666666666666667 0.06666666666666665 1 0 0.9333333333333333 0 0 0 0 0 0.6666666666666667 0 0.7333333333333334 0.1333333333333333 0 0.0 0 0.4666666666666667 0.06666666666666665 0 0 0 0 0 0.8666666666666667 0.6666666666666667 0.7333333333333334 0 0 0 0 
0 0 0 0 0 0 0 0 0 0 0 0 0 0 0 0 0 0 0 0 0 0 0 0 0 0 0 0 0 0 0 0 0 0 0 0 0 0 0 0 0 0 0 0 0 0 0 0 0 0 0 0 0 0 0 0 0 0 0 0 0 0 0 0 0 0 0 0 0 0 0 0 0 0 0 0 0 0 0 0 
0 0.9333333333333333 0.2666666666666667 0 0.19999999999999996 0.0 0 0.8666666666666667 1 0.5333333333333333 0 0 0 0.0 0.4666666666666667 0 0 1.0 0 1.0 0.33333333333333337 0.8666666666666667 1.0 1 0 0 0 0 0 0 0 0 0.4666666666666667 1 0 1 0.4666666666666667 0.6 1 0.0 0.33333333333333337 0.5333333333333333 0 0 0.06666666666666665 0 0.8666666666666667 0 0.2666666666666667 1.0 0 0 0 0 0 0 0.33333333333333337 1 0.19999999999999996 0 0 1.0 0 1.0 0 0 0.9333333333333333 0.5333333333333333 0 0 0 0 0.4666666666666667 0.8 0.8 0 0 0 0 0.8666666666666667 
0 0 0 0 0 0 0 0 0 0 0 0 0 0 0 0 0 0 0 0 0 0 0 0 0 0 0 0 0 0 0 0 0 0 0 0 0 0 0 0 0 0 0 0 0 0 0 0 0 0 0 0 0 0 0 0 0 0 0 0 0 0 0 0 0 0 0 0 0 0 0 0 0 0 0 0 0 0 0 0 
0 0 0 0 0 0 0 0 0 0 0 0 0 0 0 0 0 0 0 0 0 0 0 0 0 0 0 0 0 0 0 0 0 0 0 0 0 0 0 0 0 0 0 0 0 0 0 0 0 0 0 0 0 0 0 0 0 0 0 0 0 0 0 0 0 0 0 0 0 0 0 0 0 0 0 0 0 0 0 0 
0 0 0 0.2666666666666667 0 0.9333333333333333 0.33333333333333337 0.6 0 0 0 0 0 0 0.8666666666666667 0 0 0 0 0.7333333333333334 0.7333333333333334 0 0 0.19999999999999996 0 0 0 0.5333333333333333 0.1333333333333333 0 0.06666666666666665 0.9333333333333333 0 0 0 0 0.6666666666666667 0 0.7333333333333334 1.0 0 1.0 0.19999999999999996 0.9333333333333333 0 0.4 0 0.5333333333333333 0 1 0 0.5333333333333333 0.6 0.4 0 0.0 0 0.2666666666666667 0.6 0 1 0.6 0 0 0 0 0.8 0 0.9333333333333333 0 0.0 0 1.0 0 0.4666666666666667 0 0 0 0 0 
0 0 0 0 0 0 0 0 0 0 0 0 0 0 0 0 0 0 0 0 0 0 0 0 0 0 0 0 0 0 0 0 0 0 0 0 0 0 0 0 0 0 0 0 0 0 0 0 0 0 0 0 0 0 0 0 0 0 0 0 0 0 0 0 0 0 0 0 0 0 0 0 0 0 0 0 0 0 0 0 
0 0 0 0 0 0 0 0 0 0 0 0 0 0 0 0 0 0 0 0 0 0 0 0 0 0 0 0 0 0 0 0 0 0 0 0 0 0 0 0 0 0 0 0 0 0 0 0 0 0 0 0 0 0 0 0 0 0 0 0 0 0 0 0 0 0 0 0 0 0 0 0 0 0 0 0 0 0 0 0 
0 0 0 0 0 0 0 0 0 0 0 0 0 0 0 0 0 0 0 0 0 0 0 0 0 0 0 0 0 0 0 0 0 0 0 0 0 0 0 0 0 0 0 0 0 0 0 0 0 0 0 0 0 0 0 0 0 0 0 0 0 0 0 0 0 0 0 0 0 0 0 0 0 0 0 0 0 0 0 0 
0 0 0.1333333333333333 0.6666666666666667 0.6666666666666667 0.33333333333333337 0 0 0.7333333333333334 0 0.9333333333333333 0 0.0 0 0 0 0 0 1.0 0.6666666666666667 0 0 0 0 0.4666666666666667 0.19999999999999996 0 0 0 0.06666666666666665 0.8666666666666667 0.33333333333333337 0 0.6666666666666667 0 0 0 0.06666666666666665 0 0 0 0 0.33333333333333337 0.8666666666666667 0.6 0 0.4 0.8666666666666667 0 0.6666666666666667 0.19999999999999996 0.1333333333333333 0.9333333333333333 0 0.8 0.8 0.2666666666666667 0.0 0.7333333333333334 0 0.8 0 0.9333333333333333 0.6666666666666667 0 0 1 1 1 0 0 0 0 0 0.33333333333333337 0.0 0.8666666666666667 0 0.0 0 
0.8666666666666667 0 0.5333333333333333 1 0 0 0.0 0.6666666666666667 0 0 0.8666666666666667 0 0 0.06666666666666665 0.0 0 0 0.9333333333333333 0 0 0.7333333333333334 0 0 0.8666666666666667 0.4666666666666667 0.06666666666666665 0 0 0 0.4666666666666667 0.6 0.06666666666666665 0 0 1 0.8666666666666667 0 0 0.2666666666666667 0.2666666666666667 0 0.7333333333333334 0.7333333333333334 0.06666666666666665 0.19999999999999996 0.7333333333333334 0 1 0 0 0.6 0 0.8 0 0 0 0.8666666666666667 0.8 0 0.7333333333333334 0 0.7333333333333334 0.2666666666666667 0.0 0 0 0.0 0 0.06666666666666665 0 0.06666666666666665 0 0 0 0 0 0 0.4666666666666667 0 0 
0 0 0 0 0 0 0 0 0 0 0 0 0 0 0 0 0 0 0 0 0 0 0 0 0 0 0 0 0 0 0 0 0 0 0 0 0 0 0 0 0 0 0 0 0 0 0 0 0 0 0 0 0 0 0 0 0 0 0 0 0 0 0 0 0 0 0 0 0 0 0 0 0 0 0 0 0 0 0 0 
0 0.33333333333333337 0 0 0 0 0.1333333333333333 0 0 0.4666666666666667 0 0.4666666666666667 0.1333333333333333 0 0.33333333333333337 0.6 0 0 0 1 0.9333333333333333 0 0.4666666666666667 0.4 0 0 0.9333333333333333 0.8666666666666667 0.0 0.19999999999999996 0 0.0 1 0 0 0.4 0 0 0 0.5333333333333333 0.06666666666666665 1 0 0.8 0.2666666666666667 0 0.9333333333333333 1.0 0 0.8 0 0.6 0 0.4666666666666667 0 0.6666666666666667 0.8 0 1.0 0.9333333333333333 0.5333333333333333 0.19999999999999996 0.7333333333333334 0 0.0 0.6666666666666667 0.8666666666666667 0.6 0 0.4 0.7333333333333334 0.6 0.6666666666666667 0 0.8666666666666667 0.6666666666666667 0.33333333333333337 0 0 0 
0 0 0.8666666666666667 0.2666666666666667 0 0 0.06666666666666665 0 0.1333333333333333 0 0.6 0 0.06666666666666665 0 0.6 0 0 0 0 0.4 0 0 0.33333333333333337 0 0 1.0 0.4666666666666667 0.06666666666666665 0.7333333333333334 0 0 0.6 0.8 0 0 0 1 0.4666666666666667 0 0 0.8 0 0 0 0 0 0 0.7333333333333334 0 0 0.19999999999999996 0 0 0.33333333333333337 0.5333333333333333 0.33333333333333337 0 0 0.9333333333333333 0 0 0 0 0 0 0.33333333333333337 0 0 0.4 0 0 0 0.5333333333333333 0 0 0 0 0 0.2666666666666667 0.33333333333333337 
0.5333333333333333 0 0.1333333333333333 0 0 0 1 0.4 0.0 0.33333333333333337 0.7333333333333334 0 0 0 0.4 0 0 0 0.33333333333333337 0 0 0 0.6666666666666667 0.6666666666666667 0 0.6 0.06666666666666665 0.5333333333333333 0 0 0.9333333333333333 0.4 0.33333333333333337 0.6666666666666667 0.8 1 0 0 0.6 0.9333333333333333 0 0 0 0.7333333333333334 0 0.7333333333333334 0.4 0 0.4 0 0 0 0.5333333333333333 0 0 0 0 0 0.8 0.7333333333333334 1 0 0 0.4 0.8666666666666667 0 0.2666666666666667 0 0 0.2666666666666667 0 0.8666666666666667 0 0 0 0 0 0 0 0 
0 0 0 0 0 0 0 0 0 0 0 0 0 0 0 0 0 0 0 0 0 0 0 0 0 0 0 0 0 0 0 0 0 0 0 0 0 0 0 0 0 0 0 0 0 0 0 0 0 0 0 0 0 0 0 0 0 0 0 0 0 0 0 0 0 0 0 0 0 0 0 0 0 0 0 0 0 0 0 0 
0 0 0 0 0 0 0 0 0 0 0 0 0 0 0 0 0 0 0 0 0 0 0 0 0 0 0 0 0 0 0 0 0 0 0 0 0 0 0 0 0 0 0 0 0 0 0 0 0 0 0 0 0 0 0 0 0 0 0 0 0 0 0 0 0 0 0 0 0 0 0 0 0 0 0 0 0 0 0 0 
0.9333333333333333 0.19999999999999996 0 0.33333333333333337 0 0 0.0 0 0.6 0.4 0 0.8666666666666667 0 0 0.6666666666666667 0.4 0.19999999999999996 0 0 1 0.6 0 0.8 0 1.0 0.33333333333333337 0 0 1 0 0 0 0.6666666666666667 0 0.7333333333333334 0 0.4666666666666667 0.7333333333333334 0 0 0 0 0 0.7333333333333334 0 1 0 0 0.6 0.6666666666666667 0.4 0.8 0.19999999999999996 0 0.8 0.06666666666666665 0 0 0 0 0.9333333333333333 0 0.4666666666666667 0.6666666666666667 0 0.9333333333333333 0.9333333333333333 0 0 0 0.8666666666666667 0 0.5333333333333333 0 0.8 0.0 0.4 0 0 0.8 
0.7333333333333334 0 0.4 0.19999999999999996 0 0 0 0.8666666666666667 0 0 0 0 0.06666666666666665 0.6 0.06666666666666665 0 0.7333333333333334 0 0.33333333333333337 0 0.19999999999999996 0.7333333333333334 0.6666666666666667 0 0 0 0 0.8 0.8 0 0 0.33333333333333337 0 0.0 0.1333333333333333 0.7333333333333334 0 0 0.5333333333333333 0.19999999999999996 0 0.7333333333333334 0 0 0.4666666666666667 0.6 0 0 0 0.8666666666666667 0.19999999999999996 0 0.33333333333333337 0.2666666666666667 1.0 0.19999999999999996 0 0 0 0 0.6 0 0 0 0 0 0 0.2666666666666667 0 0.2666666666666667 0 0 0 0 0 0.8 0.6 0 0 0.33333333333333337 
0 0 0 0 0 0 0 0 0 0 0 0 0 0 0 0 0 0 0 0 0 0 0 0 0 0 0 0 0 0 0 0 0 0 0 0 0 0 0 0 0 0 0 0 0 0 0 0 0 0 0 0 0 0 0 0 0 0 0 0 0 0 0 0 0 0 0 0 0 0 0 0 0 0 0 0 0 0 0 0 
0 0.2666666666666667 0 0.0 0.0 0 0.19999999999999996 0 0.5333333333333333 0.33333333333333337 0 0 0.1333333333333333 0.6 0 0 0.4666666666666667 0.06666666666666665 0.8666666666666667 0 0 0.4 0.33333333333333337 0.33333333333333337 0 0 0.1333333333333333 0 0.1333333333333333 0 0.2666666666666667 0 0.1333333333333333 0.4666666666666667 0 0.9333333333333333 0 0.4 1.0 0 1.0 0.0 0.6 0.4 0.8 0.4666666666666667 0 0 0 0 0 0.4666666666666667 0.6666666666666667 0 0.5333333333333333 0 0.1333333333333333 0.1333333333333333 0 0 0.2666666666666667 0.0 0 0.8 0 0 0 0 0 0 0 0 0 0 0 0 0.5333333333333333 0 0.6666666666666667 0.33333333333333337 
0.9333333333333333 0 0 0.2666666666666667 0.7333333333333334 0 0 0 0.2666666666666667 0 0 0 0.33333333333333337 0 0.06666666666666665 0 0.5333333333333333 0.4 0 0.6666666666666667 0 0 0 0.33333333333333337 0.06666666666666665 1.0 0.8 0 0 0 0 0 1 0 0 0.6666666666666667 0.19999999999999996 0 0 0 0.9333333333333333 0.4 0.19999999999999996 0 0 0 1 0 0 0 1.0 0 0 0 0 0.2666666666666667 0.9333333333333333 1 0 0.8666666666666667 0.0 0.06666666666666665 0 0.6666666666666667 0.6666666666666667 0 0.8 0 0.06666666666666665 0.7333333333333334 1 0.9333333333333333 1 1.0 0 0 0 0.6 0 1.0 
0 0 0 0 0 0 0 0.19999999999999996 1 1 0 0 0 0.4 0 0 0.4 0 0 0 0.6 0.4666666666666667 0 0 0.2666666666666667 0.0 0.6 0.2666666666666667 0.06666666666666665 0.6666666666666667 0 0 0.6666666666666667 0.33333333333333337 0 0.4 0.0 0 0.6 1.0 0 0.6 0 0 0 0.1333333333333333 0 0 0 0.6666666666666667 0 0 0 1.0 0.4 0.0 0.06666666666666665 0.9333333333333333 0.0 0.6 0 0 0.8 0 0.4 0 0 0 0 0 0 0.0 0 0 0 0 0.0 0 0 0 
0 0 0.7333333333333334 0.8666666666666667 0 0 0 0.0 0 0.06666666666666665 0.2666666666666667 0 0.7333333333333334 0.6666666666666667 0 0 0.5333333333333333 0 0 1 0 1.0 0 1 0 0 0.1333333333333333 0 1 0.9333333333333333 0.4666666666666667 0 1 0 0.06666666666666665 0.4666666666666667 0 0.5333333333333333 0.8 0.4 0 0.0 0 0 0.4 1 0.4666666666666667 0 0.8666666666666667 0 0 0.4 0.8 0.8 0 0.06666666666666665 0 0 0.4666666666666667 0.8 0 1 0.2666666666666667 0.33333333333333337 0.0 0.4666666666666667 0 0.4666666666666667 0.4666666666666667 0 1 0 0 0.2666666666666667 0.7333333333333334 0.7333333333333334 0.4666666666666667 0 0 0.5333333333333333 
0 0.6 0.8666666666666667 0 0.6 0 0.4 0 0.8 0 0 0.7333333333333334 0 0.5333333333333333 0.8 0.19999999999999996 0.06666666666666665 0.6666666666666667 0 0 0 0 0.6 0.5333333333333333 0.2666666666666667 0 0.2666666666666667 0.0 0 0 0.6 0 0.19999999999999996 0.4666666666666667 0 0 0 0.4 0 0 0 0 0 0 0.6 0 0.1333333333333333 1 0.06666666666666665 0.0 1 0.33333333333333337 0 0 0 0.33333333333333337 0 0 0.2666666666666667 0.6666666666666667 0.2666666666666667 0 0 0.8666666666666667 0 0 1 0.0 0 0 0.8666666666666667 0 0.9333333333333333 0 0 0 0 0 0 0 
0 0 0 0.1333333333333333 0 0 0 0 0 0 0 0 0 0 0 0.19999999999999996 0 0 0.9333333333333333 0 0 0 0.9333333333333333 0.8 0.2666666666666667 0.0 0.33333333333333337 0 0.8666666666666667 0.0 0.6 0 0.8666666666666667 0 0 0 0 0 0 0.9333333333333333 0.06666666666666665 0 0 0.7333333333333334 0.0 0.0 0.6 0.5333333333333333 0 0.9333333333333333 0 0 0.06666666666666665 0 0 0.4666666666666667 1 0.0 0 0.7333333333333334 0.8666666666666667 0.19999999999999996 0.8 0 1.0 0 0 0 0.19999999999999996 0 0 0 0 0 0 0 0 0 0 0 
0 0 0 0 0 0 0 0 0 0 0 0 0 0 0 0 0 0 0 0 0 0 0 0 0 0 0 0 0 0 0 0 0 0 0 0 0 0 0 0 0 0 0 0 0 0 0 0 0 0 0 0 0 0 0 0 0 0 0 0 0 0 0 0 0 0 0 0 0 0 0 0 0 0 0 0 0 0 0 0 
0.8 0 0 0 0.4666666666666667 0 0 0 0 0 1 0.8 0 1 0 1.0 0.4 0 0 0.4 0 0 0.9333333333333333 0 0 0.5333333333333333 0 0.1333333333333333 0 0 0.1333333333333333 0 0.06666666666666665 0 1.0 0 0 0.8666666666666667 0 0 0 0 0 0.8 0.33333333333333337 0 0 0 0.0 0 0.4666666666666667 0.2666666666666667 0.4666666666666667 0.33333333333333337 0.8 0 0.8666666666666667 0 0 0 0 0.6666666666666667 0.0 0.0 0.0 0 0 0 0 0 1.0 0.0 0.5333333333333333 0.7333333333333334 0.8666666666666667 1 0 0 0 0 
0 0 0 0 0 0 0 0 0 0 0 0 0 0 0 0 0 0 0 0 0 0 0 0 0 0 0 0 0 0 0 0 0 0 0 0 0 0 0 0 0 0 0 0 0 0 0 0 0 0 0 0 0 0 0 0 0 0 0 0 0 0 0 0 0 0 0 0 0 0 0 0 0 0 0 0 0 0 0 0 
0 0 0 0 0 0 0 0 0 0 0 0 0 0 0 0 0 0 0 0 0 0 0 0 0 0 0 0 0 0 0 0 0 0 0 0 0 0 0 0 0 0 0 0 0 0 0 0 0 0 0 0 0 0 0 0 0 0 0 0 0 0 0 0 0 0 0 0 0 0 0 0 0 0 0 0 0 0 0 0 
0 0 0 0 0 0 0 0 0 0 0 0 0 0 0 0 0 0 0 0 0 0 0 0 0 0 0 0 0 0 0 0 0 0 0 0 0 0 0 0 0 0 0 0 0 0 0 0 0 0 0 0 0 0 0 0 0 0 0 0 0 0 0 0 0 0 0 0 0 0 0 0 0 0 0 0 0 0 0 0 
0.4 0 0 0.4666666666666667 0.1333333333333333 0.8 0.4666666666666667 0.6666666666666667 0 0 1.0 0 0.6666666666666667 0.33333333333333337 0.9333333333333333 0 0 0 0.8 0 0.8 0 0 0 0 0.6666666666666667 0 0.5333333333333333 0 0.19999999999999996 0 0 0 0 0.4 0 0.33333333333333337 0.2666666666666667 0.6666666666666667 0 0 0 0 0 0 0 0.5333333333333333 0 0.7333333333333334 0.9333333333333333 0.6666666666666667 0.19999999999999996 0.6666666666666667 0.06666666666666665 0.9333333333333333 0 0 0.19999999999999996 0.06666666666666665 0.8 0 0 0 0.5333333333333333 0.2666666666666667 0.6 0.19999999999999996 0.2666666666666667 0 0 0 1 0 0.5333333333333333 0.2666666666666667 0.4 0 0 0 0.4666666666666667 
0 0 0 0 0 0 0 0 0 0 0 0 0 0 0 0 0 0 0 0 0 0 0 0 0 0 0 0 0 0 0 0 0 0 0 0 0 0 0 0 0 0 0 0 0 0 0 0 0 0 0 0 0 0 0 0 0 0 0 0 0 0 0 0 0 0 0 0 0 0 0 0 0 0 0 0 0 0 0 0 
0 0 0 0 0.6 0 0 0.8666666666666667 0.7333333333333334 0 0.2666666666666667 0 0 0 0 0 0.1333333333333333 0 0.2666666666666667 0 0.4 0 0 0 0.4 0 0 0 0 0.2666666666666667 1 0 0 0 0 0 0 0 0 1.0 1 0.8666666666666667 0 0 0.8 0 0 0.4 0.4666666666666667 0.6666666666666667 0.7333333333333334 0 0 0 1.0 0 0.6 1 1 0 0 0 1 0.33333333333333337 0 0.8 0.8 0.1333333333333333 0.4666666666666667 0.33333333333333337 0 0.4666666666666667 1 0 0.6666666666666667 0.8666666666666667 0.0 0 0.2666666666666667 0.8 
0.6 0.9333333333333333 0 0 0.6666666666666667 0.1333333333333333 0.8 0.8 0 0 0.8 0.4666666666666667 0.6666666666666667 0 1.0 0.06666666666666665 0 0 0 0 0 0 0.4666666666666667 0.7333333333333334 0 0 0 0 0.2666666666666667 0 0 0.8 0 0 1.0 0 0.4 0.2666666666666667 1.0 0 0 0.6666666666666667 0 0 0 0 0.4666666666666667 0 0.9333333333333333 0 0.5333333333333333 0 0.6 0 0.06666666666666665 0 0 0.6 0.4666666666666667 0.4 0 0.06666666666666665 0 0 0 0 0 0 0.5333333333333333 0 1.0 0 0 0 0.19999999999999996 0.1333333333333333 0.4666666666666667 0 0 0.06666666666666665 
0 0 0 0 0 0 0 0 0 0 0 0 0 0 0 0 0 0 0 0 0 0 0 0 0 0 0 0 0 0 0 0 0 0 0 0 0 0 0 0 0 0 0 0 0 0 0 0 0 0 0 0 0 0 0 0 0 0 0 0 0 0 0 0 0 0 0 0 0 0 0 0 0 0 0 0 0 0 0 0 
0 0.8 0 0 0.9333333333333333 0 1 0 0 0.7333333333333334 0 0 0.5333333333333333 0.4666666666666667 0 0 0.4 0 0 0 0.5333333333333333 0 0 0 1.0 0 0.6 0.1333333333333333 0.2666666666666667 0 0 1.0 0.8 0 0 0 0.06666666666666665 0.8 0 0 0.19999999999999996 0 0 0.8 0 0 0 0 0.06666666666666665 0.06666666666666665 0.6 0.9333333333333333 0.8666666666666667 0 0 0 0 0.06666666666666665 1.0 0 0.4 0 1.0 0.4666666666666667 0 0 0.8666666666666667 1 0 0.33333333333333337 0 0 0 0.8 0 0 0 0.8666666666666667 0.8 0 
0 0 0.33333333333333337 0.9333333333333333 0 0.06666666666666665 0 0 0 0 0 0.6666666666666667 0 0.4666666666666667 1 0.6 0 0 0 0 0 0.8 0.19999999999999996 0.8666666666666667 0 0 0 0 0 0.19999999999999996 0 1.0 0.9333333333333333 1.0 0 0.7333333333333334 0 0 0 0 0 0 1.0 0 0 0 0 0 0 0.9333333333333333 0 0.33333333333333337 0.6 0.1333333333333333 1.0 0 0.19999999999999996 0.7333333333333334 0 0.6666666666666667 0 0 0 0.6666666666666667 0.0 0.5333333333333333 0.8 0 0.19999999999999996 0 0 0 0.06666666666666665 0.6 0 0 0.6 0.9333333333333333 0.19999999999999996 0.6666666666666667 
0 0 0 0 0 0 0 0 0 0 0 0 0 0 0 0 0 0 0 0 0 0 0 0 0 0 0 0 0 0 0 0 0 0 0 0 0 0 0 0 0 0 0 0 0 0 0 0 0 0 0 0 0 0 0 0 0 0 0 0 0 0 0 0 0 0 0 0 0 0 0 0 0 0 0 0 0 0 0 0 
0 0 0.6666666666666667 0.7333333333333334 1 0 0.4 1.0 0.9333333333333333 0.7333333333333334 0.06666666666666665 0.8 0.2666666666666667 0.5333333333333333 0.06666666666666665 0 0 0.9333333333333333 0.4666666666666667 0 0.1333333333333333 0 0.33333333333333337 0 0 0 0 0.06666666666666665 0 0.6666666666666667 0 0.19999999999999996 0 0 0 0.7333333333333334 0.9333333333333333 0.19999999999999996 0 0 0.9333333333333333 0 0 0 0 0 0.8666666666666667 0.4666666666666667 1 0 0.4 0 0.6 0 0 1.0 0.19999999999999996 0 0.2666666666666667 0 0.8 0 0.19999999999999996 0 0.33333333333333337 0.4 0.2666666666666667 0.5333333333333333 0.8666666666666667 0.0 0 0 0 0.33333333333333337 0.6 0.8 0.4 0 0.4666666666666667 0.06666666666666665 
0 0 0 0 0 0 0 0 0 0 0 0 0 0 0 0 0 0 0 0 0 0 0 0 0 0 0 0 0 0 0 0 0 0 0 0 0 0 0 0 0 0 0 0 0 0 0 0 0 0 0 0 0 0 0 0 0 0 0 0 0 0 0 0 0 0 0 0 0 0 0 0 0 0 0 0 0 0 0 0 
0 0 0 0 0 0 0 0 0 0 0 0 0 0 0 0 0 0 0 0 0 0 0 0 0 0 0 0 0 0 0 0 0 0 0 0 0 0 0 0 0 0 0 0 0 0 0 0 0 0 0 0 0 0 0 0 0 0 0 0 0 0 0 0 0 0 0 0 0 0 0 0 0 0 0 0 0 0 0 0 
0 0 0 0 0 0 0 0 0 0 0 0 0 0 0 0 0 0 0 0 0 0 0 0 0 0 0 0 0 0 0 0 0 0 0 0 0 0 0 0 0 0 0 0 0 0 0 0 0 0 0 0 0 0 0 0 0 0 0 0 0 0 0 0 0 0 0 0 0 0 0 0 0 0 0 0 0 0 0 0 
0 0.06666666666666665 0.06666666666666665 0 0 0 0 0.0 0 0 0.8666666666666667 0 0 0 0 0 0 0.6666666666666667 1 0 0 0 0 1.0 0.1333333333333333 0 0 0 0 0.2666666666666667 0 0 0.6 1 0.4666666666666667 0.06666666666666665 0 0 0 0 0.6666666666666667 1.0 1.0 0 0 0 1 0 0.0 0.4 0 0 0 1 0 0 0 0 0.1333333333333333 0.1333333333333333 0 0 0 0 0.5333333333333333 0.9333333333333333 0.6666666666666667 0.06666666666666665 0.0 0.2666666666666667 1 0 0.8 0.4 0 0.5333333333333333 0 0.2666666666666667 0.8666666666666667 0.5333333333333333 
0 0 0 0 0 0 0 0 0 0 0 0 0 0 0 0 0 0 0 0 0 0 0 0 0 0 0 0 0 0 0 0 0 0 0 0 0 0 0 0 0 0 0 0 0 0 0 0 0 0 0 0 0 0 0 0 0 0 0 0 0 0 0 0 0 0 0 0 0 0 0 0 0 0 0 0 0 0 0 0 
0.06666666666666665 0.06666666666666665 0.7333333333333334 0 0 0.8 0 0.2666666666666667 0 0 0.33333333333333337 0 0 0 0.0 0 0.0 0 0 0 0.0 0 0 0 0.7333333333333334 0.6 0 0 0 0 0 0.2666666666666667 0.0 0 0.19999999999999996 0 0 0.19999999999999996 0 0 0 0 0 0 0.33333333333333337 0.9333333333333333 0.5333333333333333 0 0 0 0 0.0 1 0.06666666666666665 0 0.7333333333333334 0 0 0 0 0 0 0 0 0 0 0.0 0 0.4 0 0.4 0.33333333333333337 0 0.8 0 0.8666666666666667 0.7333333333333334 0 0.0 0.33333333333333337 
0 0 0 0 0 0 0 0 0 0 0 0 0 0 0 0 0 0 0 0 0 0 0 0 0 0 0 0 0 0 0 0 0 0 0 0 0 0 0 0 0 0 0 0 0 0 0 0 0 0 0 0 0 0 0 0 0 0 0 0 0 0 0 0 0 0 0 0 0 0 0 0 0 0 0 0 0 0 0 0 
0 0 0 0 0 0 0 0 0 0 0 0 0 0 0 0 0 0 0 0 0 0 0 0 0 0 0 0 0 0 0 0 0 0 0 0 0 0 0 0 0 0 0 0 0 0 0 0 0 0 0 0 0 0 0 0 0 0 0 0 0 0 0 0 0 0 0 0 0 0 0 0 0 0 0 0 0 0 0 0 
0.4 0 0.1333333333333333 0 0 0.5333333333333333 0 0 0 0.9333333333333333 0.9333333333333333 0.9333333333333333 0 0.33333333333333337 0 0.4666666666666667 0.2666666666666667 0 0 0.1333333333333333 0 0.6666666666666667 0 0 0.19999999999999996 0 0 0.19999999999999996 0 0.33333333333333337 0 0 0 0 0 1.0 0 0 0 0 0 0 0.06666666666666665 0.2666666666666667 0 0.6 0 0 0.0 0.4 0 0.06666666666666665 0.8666666666666667 0.33333333333333337 0 0 0.0 0 0.19999999999999996 0.9333333333333333 0 0 0 0 0 0.0 0 0.4666666666666667 0.06666666666666665 0.2666666666666667 1.0 0 0 0 0 0.6 0 0.8 0.6 0.33333333333333337 
0 0 0 0 0 0 0 0 0 0 0 1 0 0 0.0 0 0.0 0.4666666666666667 0.19999999999999996 0.33333333333333337 0.6666666666666667 0 0.8666666666666667 0 0.06666666666666665 0 0 0.33333333333333337 0 0.6666666666666667 0 0 0 1.0 0.9333333333333333 0 0 0 0.06666666666666665 0.2666666666666667 0 0 0 0 0 0 0 0 0 0 0 0 0.06666666666666665 0 0.0 0 0.5333333333333333 1.0 0.1333333333333333 0 0 0.9333333333333333 0 0 1 0 0.9333333333333333 0.8 0 0.2666666666666667 0 0.6 0.9333333333333333 0.8666666666666667 0 0 0 1.0 0 1 
0 0 0 0 0 0 0 0 0 0 0 0 0 0 0 0 0 0 0 0 0 0 0 0 0 0 0 0 0 0 0 0 0 0 0 0 0 0 0 0 0 0 0 0 0 0 0 0 0 0 0 0 0 0 0 0 0 0 0 0 0 0 0 0 0 0 0 0 0 0 0 0 0 0 0 0 0 0 0 0 
0 1.0 0.6 1.0 0 0.8 0 0 0.8 0.6666666666666667 0 0 0 0.5333333333333333 0 0 0.19999999999999996 0 0 0.7333333333333334 0.33333333333333337 0 0.8 0 0.1333333333333333 0 0 0 0.8 0.9333333333333333 0 0.8666666666666667 0.8 0 0.9333333333333333 0.19999999999999996 0 0.0 0.6 0 0 0.7333333333333334 0 0 0.5333333333333333 0.5333333333333333 0.4666666666666667 0.6666666666666667 0 0.6 1 0.06666666666666665 0 0 0 0.19999999999999996 0.1333333333333333 0.1333333333333333 0 0.7333333333333334 0 0 0 0 0 0 0.33333333333333337 0.4 0.6666666666666667 0 0.8 0 0 0.8666666666666667 0 0 0 0 0 0.0 
0 0.6 0.4666666666666667 0 1.0 0 0 0 0 0 0 1.0 0.33333333333333337 0 0 0.1333333333333333 0.8666666666666667 0.0 0.8666666666666667 0 0.2666666666666667 0.8 0 0 0 0.6666666666666667 0.2666666666666667 0 0.1333333333333333 1.0 0 0 0 0 0.6666666666666667 0.8666666666666667 0 0.06666666666666665 0 0 0 0.6666666666666667 0 0 0 0 0 0 0 0 0 0.8 0 0.4 0 0.7333333333333334 0.0 1.0 0 0.6666666666666667 0 1 0.6666666666666667 0 0.6 0.1333333333333333 0.1333333333333333 0 0.33333333333333337 0 0 0.33333333333333337 0 0 0.1333333333333333 0.6666666666666667 0 0.5333333333333333 0.6666666666666667 0 
0 0.5333333333333333 0 0 0.8 0 0 0.19999999999999996 0 0 0.19999999999999996 0 0.0 0 0.6666666666666667 0.4 0.8666666666666667 0.4 0.2666666666666667 0.9333333333333333 0 0.4 1 0.19999999999999996 0 0 0 0 0 0.19999999999999996 0 0 0 0.7333333333333334 0 0 0 0.4 0.4666666666666667 0.19999999999999996 0 0 0.5333333333333333 0.6 0 1 0.19999999999999996 0.7333333333333334 0 0.7333333333333334 0.0 0 0 0.5333333333333333 0.6 0.6666666666666667 0.33333333333333337 0 0 0 0 0.4 0 0.06666666666666665 0 0 0.0 0.8666666666666667 0.7333333333333334 0.19999999999999996 0.6 0 0 0 0.0 0 0.7333333333333334 0 0.4 0 
0 0 0.6 0 0 0 0.19999999999999996 0 0.4666666666666667 0.4666666666666667 0 0 0.7333333333333334 0 0 0 0.33333333333333337 0.4666666666666667 0.5333333333333333 0 0 0 0.4666666666666667 0.4 0 0.8666666666666667 1.0 0 0.9333333333333333 0.6666666666666667 0 0.5333333333333333 0.1333333333333333 0.9333333333333333 0 0.2666666666666667 0 0 0 0.4666666666666667 0 0 0.9333333333333333 1 1.0 0.4666666666666667 0 0 0.4 0.6666666666666667 0.2666666666666667 0 0 0 0 0 0.6 0 0 0.33333333333333337 0 0 0.7333333333333334 0 0 0.6 0 0 0.8666666666666667 0.6 0 1.0 0 0.4666666666666667 0 0 0.19999999999999996 0 0.2666666666666667 0 
0.6666666666666667 0 0.8666666666666667 0.06666666666666665 0 0 0 0 0 1 0 0 0 0 0 0 0 0 0 0 0 0.33333333333333337 1 0 0.2666666666666667 0 0.4 0 0.7333333333333334 0.19999999999999996 0.7333333333333334 1.0 0 0 0 0 0 0.6 0 0 0.19999999999999996 0 0 0 0 0 0.4 0 0 0 0.19999999999999996 0 1.0 0 0 0.6 0.6666666666666667 0.19999999999999996 0 0 0 0 0.5333333333333333 0 0 0 0 0.6 0.8666666666666667 0 0.8666666666666667 0.2666666666666667 0.8666666666666667 0 0 0.8666666666666667 0 0.4 0.5333333333333333 0 
0 0.4 0.33333333333333337 0 0 0.06666666666666665 0.1333333333333333 0 0 0.8666666666666667 0 0.2666666666666667 0 0.2666666666666667 0 0.4 0 0.4 0 0.9333333333333333 0 0.1333333333333333 0.6666666666666667 0 0.4 0 1 0 0.8 0 0.33333333333333337 0 0 0.4 1 0.4 0 1 0.19999999999999996 0.2666666666666667 0 0 0 0.8666666666666667 0 0 0.7333333333333334 0 0 0.19999999999999996 0 0 0 1.0 0.4666666666666667 0.4666666666666667 0 0 0.8666666666666667 0.7333333333333334 0 0.6 0.33333333333333337 0.9333333333333333 1.0 0 0 0 0.8 0.2666666666666667 0.8 0 0 0.0 0.1333333333333333 0 0.8666666666666667 0 0.6666666666666667 0.33333333333333337 
0 0 0 0 0 0 0 0 0 0 0 0 0 0 0 0 0 0 0 0 0 0 0 0 0 0 0 0 0 0 0 0 0 0 0 0 0 0 0 0 0 0 0 0 0 0 0 0 0 0 0 0 0 0 0 0 0 0 0 0 0 0 0 0 0 0 0 0 0 0 0 0 0 0 0 0 0 0 0 0 
0.5333333333333333 0.8666666666666667 0.8666666666666667 0 0.6 0.1333333333333333 0 0.8666666666666667 0.8 0 0.19999999999999996 0.06666666666666665 0.0 0 0 0.6 0 0.6666666666666667 1.0 1.0 0.5333333333333333 0 0 0 0.6 0 0.6 0.19999999999999996 0.7333333333333334 0.2666666666666667 0 0 0.4 0 0.06666666666666665 0.06666666666666665 1 0.8 0 0.8 0 0 0.33333333333333337 0 0 0 0.7333333333333334 0 0 0.8666666666666667 0 0.06666666666666665 0 0.7333333333333334 0 1 0 0 0.8666666666666667 0.8 0.2666666666666667 0 0 0 0 0 0.4 0.1333333333333333 0 0 0 1.0 0.6 0 0.19999999999999996 0.8666666666666667 0 0.19999999999999996 0.9333333333333333 0.33333333333333337 
0 0 0 0 0 0 0 0 0 0 0 0 0 0 0 0 0 0 0 0 0 0 0 0 0 0 0 0 0 0 0 0 0 0 0 0 0 0 0 0 0 0 0 0 0 0 0 0 0 0 0 0 0 0 0 0 0 0 0 0 0 0 0 0 0 0 0 0 0 0 0 0 0 0 0 0 0 0 0 0 
0 0 0 0 0 0 0 0 0 0 0 0 0 0 0 0 0 0 0 0 0 0 0 0 0 0 0 0 0 0 0 0 0 0 0 0 0 0 0 0 0 0 0 0 0 0 0 0 0 0 0 0 0 0 0 0 0 0 0 0 0 0 0 0 0 0 0 0 0 0 0 0 0 0 0 0 0 0 0 0 
0 0 0 0 0 0 0 0 0 0 0 0 0 0 0 0 0 0 0 0 0 0 0 0 0 0 0 0 0 0 0 0 0 0 0 0 0 0 0 0 0 0 0 0 0 0 0 0 0 0 0 0 0 0 0 0 0 0 0 0 0 0 0 0 0 0 0 0 0 0 0 0 0 0 0 0 0 0 0 0 
0 0 0 0 0 0 0 0 0 0 0 0 0 0 0 0 0 0 0 0 0 0 0 0 0 0 0 0 0 0 0 0 0 0 0 0 0 0 0 0 0 0 0 0 0 0 0 0 0 0 0 0 0 0 0 0 0 0 0 0 0 0 0 0 0 0 0 0 0 0 0 0 0 0 0 0 0 0 0 0 
0 0 0 0 0 0 0 0 0 0 0 0 0 0 0 0 0 0 0 0 0 0 0 0 0 0 0 0 0 0 0 0 0 0 0 0 0 0 0 0 0 0 0 0 0 0 0 0 0 0 0 0 0 0 0 0 0 0 0 0 0 0 0 0 0 0 0 0 0 0 0 0 0 0 0 0 0 0 0 0 
0 0 0 0 0 0 0 0 0 0 0 0 0 0 0 0 0 0 0 0 0 0 0 0 0 0 0 0 0 0 0 0 0 0 0 0 0 0 0 0 0 0 0 0 0 0 0 0 0 0 0 0 0 0 0 0 0 0 0 0 0 0 0 0 0 0 0 0 0 0 0 0 0 0 0 0 0 0 0 0 
0 0 0 0 0 0 0 0 0 0 0 0 0 0 0 0 0 0 0 0 0 0 0 0 0 0 0 0 0 0 0 0 0 0 0 0 0 0 0 0 0 0 0 0 0 0 0 0 0 0 0 0 0 0 0 0 0 0 0 0 0 0 0 0 0 0 0 0 0 0 0 0 0 0 0 0 0 0 0 0 
0.06666666666666665 0.8 0 0 0 0 0 1.0 0 0.0 0.1333333333333333 0.4 0.8666666666666667 0 0 1.0 0.19999999999999996 0.2666666666666667 0 0.6666666666666667 0.1333333333333333 0.33333333333333337 0 0.4 0.06666666666666665 0.0 0 0 0.0 0 0 0.2666666666666667 0.8666666666666667 0.7333333333333334 0 0.19999999999999996 0.33333333333333337 0.33333333333333337 0.8666666666666667 0.7333333333333334 0.4666666666666667 0.8 0.33333333333333337 0.6 0 0 0.06666666666666665 0.9333333333333333 0 0 0 0.8 0 0 1.0 0.9333333333333333 0 1 0.6 0 0.6 0 0.19999999999999996 0 0 0.0 0 1 0 0 0.5333333333333333 0.5333333333333333 0 0 0 0 0.6666666666666667 0 0 0.8 
0 0 0 0 0 0 0 0 0 0 0 0 0 0 0 0 0 0 0 0 0 0 0 0 0 0 0 0 0 0 0 0 0 0 0 0 0 0 0 0 0 0 0 0 0 0 0 0 0 0 0 0 0 0 0 0 0 0 0 0 0 0 0 0 0 0 0 0 0 0 0 0 0 0 0 0 0 0 0 0 
0 0 0 0 0 0 0 0 0 0 0 0 0 0 0 0 0 0 0 0 0 0 0 0 0 0 0 0 0 0 0 0 0 0 0 0 0 0 0 0 0 0 0 0 0 0 0 0 0 0 0 0 0 0 0 0 0 0 0 0 0 0 0 0 0 0 0 0 0 0 0 0 0 0 0 0 0 0 0 0 
