20
50
25
0 1 0 0 0 0 0 0 1 0 1 2 1 1 0 0 0 1 0 0 0 0 0 1 0 0 0 0 0 1 0 0 0 1 1 0 0 0 0 0
0 0 1 0 0 0 0 0 0 1 0 1 0 0 0 0 0 1 1 1 0 1 0 0 1 0 0 0 0 0 0 0 0 1 0 0 0 0 0 1
0 0 0 0 0 1 1 0 0 0 0 0 1 1 2 1 0 0 0 0 0 0 1 0 0 0 0 0 0 0 0 0 0 0 1 0 0 1 0 0
0 0 2 0 0 0 0 0 0 0 1 0 0 0 0 0 0 0 0 0 0 2 0 0 0 0 0 0 1 0 0 0 0 0 0 1 0 0 1 0
0 0 0 0 1 0 0 0 1 0 0 0 0 0 0 0 0 2 0 0 1 0 0 0 0 1 0 0 1 0 0 0 2 0 0 0 0 0 0 0
1 0 0 0 1 0 0 0 0 0 0 0 0 0 0 0 0 1 0 0 0 1 0 1 0 0 0 0 0 0 1 0 0 0 0 0 0 0 0 0
0 1 0 0 0 0 0 1 0 0 0 0 0 1 0 2 1 0 0 0 0 0 0 0 0 0 0 0 0 0 0 0 1 0 0 0 1 0 1 0
1 0 1 0 0 0 1 1 0 0 0 0 0 1 0 0 0 0 1 1 0 1 0 0 0 0 0 0 1 0 1 0 0 0 0 0 0 0 0 0
0 0 1 0 0 0 0 1 0 0 0 0 0 0 0 0 0 0 0 0 1 0 0 0 0 0 0 1 0 0 1 0 0 0 0 0 0 0 0 0
1 0 0 1 0 1 0 0 0 0 1 2 0 0 0 0 0 0 0 0 0 0 0 0 0 0 0 0 0 1 0 0 0 1 0 0 0 0 0 0
0 0 1 0 0 0 0 0 0 0 0 1 0 0 0 0 1 1 0 0 0 0 0 0 0 0 1 0 0 0 0 0 0 0 0 0 0 0 0 0
0 0 0 0 0 0 1 1 0 1 0 1 1 0 0 0 0 1 0 0 0 0 0 0 0 0 1 0 0 0 0 0 0 0 0 0 0 1 1 0
0 0 0 0 1 0 0 0 0 0 0 1 0 0 0 0 1 0 0 0 0 0 1 0 1 0 0 0 1 0 0 0 0 1 1 1 0 0 1 0
1 0 0 0 0 1 0 0 0 0 0 0 0 0 0 1 0 0 0 0 0 0 0 1 0 0 0 0 0 0 0 0 1 0 0 0 0 1 0 0
0 0 0 0 0 0 0 1 0 0 0 1 0 0 1 0 1 0 1 1 0 0 0 0 1 0 0 1 0 0 0 0 0 0 1 0 1 0 0 0
0 0 0 0 1 0 0 0 0 0 1 0 0 0 0 0 1 0 1 1 0 0 0 0 1 0 0 0 0 0 0 0 1 0 0 0 0 0 0 0
0 0 0 0 1 0 0 0 0 1 1 0 0 1 0 0 0 0 0 0 0 0 1 0 0 0 0 0 0 0 0 0 0 0 0 0 1 0 0 0
2 0 0 0 0 0 0 0 1 0 0 1 1 0 0 0 1 0 0 1 1 0 0 0 0 1 0 0 1 1 0 0 0 1 0 0 0 0 0 0
0 0 0 0 1 0 0 0 0 0 1 0 0 0 2 1 0 1 1 0 1 0 0 1 0 0 1 1 0 0 0 0 0 0 0 1 0 0 0 1
0 0 1 0 0 1 0 0 0 0 0 0 1 0 0 1 0 1 0 0 0 0 0 0 0 0 0 0 0 0 0 0 0 0 0 1 0 0 0 0
0 0 0 0 1 1 1 0 0 0 1 1 0 0 0 0 0 0 0 0 0 1 0 1 0 1 0 0 0 0 0 0 0 1 0 0 1 0 0 0
0 0 0 0 0 0 1 0 0 0 0 0 0 0 0 2 0 1 0 0 0 0 0 0 0 0 0 1 0 0 0 0 0 0 0 0 0 0 0 0
0 1 1 0 1 0 0 0 0 0 0 0 0 0 1 0 0 0 0 0 0 0 0 0 0 0 0 0 1 0 1 0 0 0 0 1 1 0 0 0
0 0 0 0 0 0 0 0 0 0 0 0 0 0 0 0 0 0 0 0 0 0 0 0 0 0 0 0 1 0 0 0 0 0 0 0 0 0 1 0
0 0 0 0 0 0 0 0 0 1 1 0 1 1 0 0 1 0 0 0 0 0 0 0 0 0 0 0 0 0 0 0 0 0 0 1 0 0 2 1
22 18 20 9 16 15 18 20 14 12 14 20 14 11 18 8 12 18 24 17
19 18 10 21 15 23 14 12 17 22 10 20 18 23 18 9 16 12 18 9
19 23 18 20 13 8 19 16 18 13 17 22 14 16 12 15 21 13 13 21
20 15 16 21 20 15 12 19 11 19 14 19 18 13 16 18 14 23 8 13
12 13 13 10 17 16 13 18 21 26 11 19 21 20 15 13 15 12 14 14
22 13 11 11 18 12 20 10 19 19 22 24 16 17 14 12 26 7 14 10
10 24 10 13 13 18 21 14 17 17 18 17 27 15 19 18 15 12 14 15
21 12 10 16 13 19 12 22 22 14 24 8 13 14 15 10 18 14 12 28
18 18 12 15 15 22 22 22 20 13 26 15 21 19 21 10 16 24 24 17
12 16 23 17 16 17 17 13 13 10 13 10 13 10 9 21 24 18 20 23
25 12 13 12 28 18 19 20 15 13 15 16 16 24 13 12 15 13 13 18
19 22 10 14 18 21 13 19 16 15 12 26 17 21 12 16 24 15 14 18
20 18 15 9 12 23 16 17 21 13 15 10 17 16 22 20 15 10 18 13
17 14 23 14 17 19 15 21 11 14 16 18 12 16 17 23 16 20 12 12
11 22 21 17 23 21 17 10 16 18 10 16 14 13 17 18 21 15 23 20
13 16 20 38 20 10 16 13 21 19 22 16 15 13 19 15 19 11 18 15
16 20 31 15 14 14 22 8 20 18 20 9 22 20 22 15 19 9 16 15
18 22 16 12 18 20 25 25 18 12 17 17 14 17 14 19 14 13 15 12
16 17 21 9 15 11 12 12 17 14 18 10 16 11 17 13 11 17 14 22
13 12 12 8 17 9 18 13 15 26 19 13 12 14 19 18 18 13 18 14
17 14 14 19 12 12 15 19 14 17 13 18 9 20 20 15 13 13 16 16
16 15 15 18 28 15 12 21 12 23 14 20 15 23 17 15 17 14 15 13
15 16 15 11 15 15 16 12 15 16 15 8 18 22 16 15 12 20 15 15
16 19 18 19 17 15 16 13 10 15 15 23 30 16 18 21 27 26 21 24
13 27 12 15 11 13 18 23 24 15 19 14 24 17 17 17 11 14 16 19
14 11 14 10 27 16 18 10 18 14 23 21 15 16 15 15 11 13 13 21
11 28 25 11 17 19 14 20 8 23 16 15 23 18 14 22 19 18 11 12
13 17 16 10 11 19 10 13 14 22 26 21 17 26 11 15 14 16 13 21
23 25 8 12 20 12 15 14 18 16 17 16 11 11 21 11 11 17 23 15
19 18 15 23 22 11 15 19 14 14 15 17 9 15 13 15 8 13 19 10
15 13 12 19 22 8 16 15 14 21 19 16 16 12 18 7 23 12 16 15
23 11 15 21 16 21 20 15 13 14 8 19 13 16 16 14 13 9 22 17
21 13 13 17 15 14 11 10 17 16 10 18 14 25 18 17 18 15 21 12
22 16 21 13 20 22 16 27 9 24 8 22 11 15 20 21 15 25 13 11
13 21 22 14 14 10 10 16 11 16 20 30 22 16 29 10 13 12 12 15
14 16 15 11 11 20 10 17 12 21 13 15 25 17 9 10 13 11 20 22
17 11 14 16 20 19 16 16 18 20 15 16 22 15 11 13 16 21 21 13
14 9 15 14 15 10 24 13 19 16 11 15 10 17 16 21 19 12 17 25
12 23 13 26 15 16 21 18 16 14 25 13 23 14 22 15 25 12 12 17
19 16 20 11 18 20 16 19 14 18 10 17 24 11 26 17 15 13 20 30
14 14 8 22 25 16 10 16 19 20 16 13 10 12 13 13 11 14 16 18
13 18 17 17 20 17 17 20 8 17 15 15 11 22 14 18 17 16 13 23
15 15 27 14 23 14 16 14 9 18 13 15 15 12 23 12 23 11 16 17
10 16 11 11 9 18 22 12 17 14 15 19 15 9 14 16 13 14 14 16
17 20 14 19 18 15 13 15 18 12 14 21 17 11 20 11 19 16 24 15
13 7 14 15 17 15 11 21 14 12 20 11 13 11 16 13 22 13 26 5
21 9 15 13 18 22 11 18 10 15 21 17 9 19 23 16 19 24 11 25
19 7 16 26 16 22 20 15 15 19 24 16 13 7 16 22 12 11 12 9
8 12 29 14 19 11 17 21 10 16 17 10 7 7 15 19 15 16 13 19
15 19 9 21 15 15 18 16 22 12 13 16 17 26 14 21 13 22 19 17
0.1875 0.4375 0.3125 1 0.5625 0.625 0.4375 0.3125 0.6875 0.8125 0.6875 0.3125 0.6875 0.875 0.4375 1 0.8125 0.4375 0.0625 0.5
0.375 0.4375 0.9375 0.25 0.625 0.125 0.6875 0.8125 0.5 0.1875 0.9375 0.3125 0.4375 0.125 0.4375 1 0.5625 0.8125 0.4375 1
0.375 0.125 0.4375 0.3125 0.75 1 0.375 0.5625 0.4375 0.75 0.5 0.1875 0.6875 0.5625 0.8125 0.625 0.25 0.75 0.75 0.25
0.3125 0.625 0.5625 0.25 0.3125 0.625 0.8125 0.375 0.875 0.375 0.6875 0.375 0.4375 0.75 0.5625 0.4375 0.6875 0.125 1 0.75
0.8125 0.75 0.75 0.9375 0.5 0.5625 0.75 0.4375 0.25 0 0.875 0.375 0.25 0.3125 0.625 0.75 0.625 0.8125 0.6875 0.6875
0.1875 0.75 0.875 0.875 0.4375 0.8125 0.3125 0.9375 0.375 0.375 0.1875 0.0625 0.5625 0.5 0.6875 0.8125 0 1 0.6875 0.9375
0.9375 0.0625 0.9375 0.75 0.75 0.4375 0.25 0.6875 0.5 0.5 0.4375 0.5 0 0.625 0.375 0.4375 0.625 0.8125 0.6875 0.625
0.25 0.8125 0.9375 0.5625 0.75 0.375 0.8125 0.1875 0.1875 0.6875 0.0625 1 0.75 0.6875 0.625 0.9375 0.4375 0.6875 0.8125 0
0.4375 0.4375 0.8125 0.625 0.625 0.1875 0.1875 0.1875 0.3125 0.75 0 0.625 0.25 0.375 0.25 0.9375 0.5625 0.0625 0.0625 0.5
0.8125 0.5625 0.125 0.5 0.5625 0.5 0.5 0.75 0.75 0.9375 0.75 0.9375 0.75 0.9375 1 0.25 0.0625 0.4375 0.3125 0.125
0 0.8125 0.75 0.8125 0 0.4375 0.375 0.3125 0.625 0.75 0.625 0.5625 0.5625 0.0625 0.75 0.8125 0.625 0.75 0.75 0.4375
0.375 0.1875 0.9375 0.6875 0.4375 0.25 0.75 0.375 0.5625 0.625 0.8125 0 0.5 0.25 0.8125 0.5625 0.0625 0.625 0.6875 0.4375
0.3125 0.4375 0.625 1 0.8125 0.125 0.5625 0.5 0.25 0.75 0.625 0.9375 0.5 0.5625 0.1875 0.3125 0.625 0.9375 0.4375 0.75
0.5 0.6875 0.125 0.6875 0.5 0.375 0.625 0.25 0.875 0.6875 0.5625 0.4375 0.8125 0.5625 0.5 0.125 0.5625 0.3125 0.8125 0.8125
0.875 0.1875 0.25 0.5 0.125 0.25 0.5 0.9375 0.5625 0.4375 0.9375 0.5625 0.6875 0.75 0.5 0.4375 0.25 0.625 0.125 0.3125
0.75 0.5625 0.3125 0 0.3125 0.9375 0.5625 0.75 0.25 0.375 0.1875 0.5625 0.625 0.75 0.375 0.625 0.375 0.875 0.4375 0.625
0.5625 0.3125 0 0.625 0.6875 0.6875 0.1875 1 0.3125 0.4375 0.3125 1 0.1875 0.3125 0.1875 0.625 0.375 1 0.5625 0.625
0.4375 0.1875 0.5625 0.8125 0.4375 0.3125 0 0 0.4375 0.8125 0.5 0.5 0.6875 0.5 0.6875 0.375 0.6875 0.75 0.625 0.8125
0.5625 0.5 0.25 1 0.625 0.875 0.8125 0.8125 0.5 0.6875 0.4375 0.9375 0.5625 0.875 0.5 0.75 0.875 0.5 0.6875 0.1875
0.75 0.8125 0.8125 1 0.5 1 0.4375 0.75 0.625 0 0.375 0.75 0.8125 0.6875 0.375 0.4375 0.4375 0.75 0.4375 0.6875
0.5 0.6875 0.6875 0.375 0.8125 0.8125 0.625 0.375 0.6875 0.5 0.75 0.4375 1 0.3125 0.3125 0.625 0.75 0.75 0.5625 0.5625
0.5625 0.625 0.625 0.4375 0 0.625 0.8125 0.25 0.8125 0.125 0.6875 0.3125 0.625 0.125 0.5 0.625 0.5 0.6875 0.625 0.75
0.625 0.5625 0.625 0.875 0.625 0.625 0.5625 0.8125 0.625 0.5625 0.625 1 0.4375 0.1875 0.5625 0.625 0.8125 0.3125 0.625 0.625
0.5625 0.375 0.4375 0.375 0.5 0.625 0.5625 0.75 0.9375 0.625 0.625 0.125 0 0.5625 0.4375 0.25 0 0 0.25 0.0625
0.75 0 0.8125 0.625 0.875 0.75 0.4375 0.125 0.0625 0.625 0.375 0.6875 0.0625 0.5 0.5 0.5 0.875 0.6875 0.5625 0.375
0.6875 0.875 0.6875 0.9375 0 0.5625 0.4375 0.9375 0.4375 0.6875 0.125 0.25 0.625 0.5625 0.625 0.625 0.875 0.75 0.75 0.25
0.875 0 0 0.875 0.5 0.375 0.6875 0.3125 1 0.125 0.5625 0.625 0.125 0.4375 0.6875 0.1875 0.375 0.4375 0.875 0.8125
0.75 0.5 0.5625 0.9375 0.875 0.375 0.9375 0.75 0.6875 0.1875 0 0.25 0.5 0 0.875 0.625 0.6875 0.5625 0.75 0.25
0.125 0 1 0.8125 0.3125 0.8125 0.625 0.6875 0.4375 0.5625 0.5 0.5625 0.875 0.875 0.25 0.875 0.875 0.5 0.125 0.625
0.375 0.4375 0.625 0.125 0.1875 0.875 0.625 0.375 0.6875 0.6875 0.625 0.5 1 0.625 0.75 0.625 1 0.75 0.375 0.9375
0.625 0.75 0.8125 0.375 0.1875 1 0.5625 0.625 0.6875 0.25 0.375 0.5625 0.5625 0.8125 0.4375 1 0.125 0.8125 0.5625 0.625
0.125 0.875 0.625 0.25 0.5625 0.25 0.3125 0.625 0.75 0.6875 1 0.375 0.75 0.5625 0.5625 0.6875 0.75 1 0.1875 0.5
0.25 0.75 0.75 0.5 0.625 0.6875 0.875 0.9375 0.5 0.5625 0.9375 0.4375 0.6875 0 0.4375 0.5 0.4375 0.625 0.25 0.8125
0.1875 0.5625 0.25 0.75 0.3125 0.1875 0.5625 0 1 0.0625 1 0.1875 0.875 0.625 0.3125 0.25 0.625 0 0.75 0.875
0.75 0.25 0.1875 0.6875 0.6875 0.9375 0.9375 0.5625 0.875 0.5625 0.3125 0 0.1875 0.5625 0 0.9375 0.75 0.8125 0.8125 0.625
0.6875 0.5625 0.625 0.875 0.875 0.3125 0.9375 0.5 0.8125 0.25 0.75 0.625 0 0.5 1 0.9375 0.75 0.875 0.3125 0.1875
0.5 0.875 0.6875 0.5625 0.3125 0.375 0.5625 0.5625 0.4375 0.3125 0.625 0.5625 0.1875 0.625 0.875 0.75 0.5625 0.25 0.25 0.75
0.6875 1 0.625 0.6875 0.625 0.9375 0.0625 0.75 0.375 0.5625 0.875 0.625 0.9375 0.5 0.5625 0.25 0.375 0.8125 0.5 0
0.8125 0.125 0.75 0 0.625 0.5625 0.25 0.4375 0.5625 0.6875 0 0.75 0.125 0.6875 0.1875 0.625 0 0.8125 0.8125 0.5
0.375 0.5625 0.3125 0.875 0.4375 0.3125 0.5625 0.375 0.6875 0.4375 0.9375 0.5 0.0625 0.875 0 0.5 0.625 0.75 0.3125 0
0.6875 0.6875 1 0.1875 0 0.5625 0.9375 0.5625 0.375 0.3125 0.5625 0.75 0.9375 0.8125 0.75 0.75 0.875 0.6875 0.5625 0.4375
0.75 0.4375 0.5 0.5 0.3125 0.5 0.5 0.3125 1 0.5 0.625 0.625 0.875 0.1875 0.6875 0.4375 0.5 0.5625 0.75 0.125
0.625 0.625 0 0.6875 0.125 0.6875 0.5625 0.6875 1 0.4375 0.75 0.625 0.625 0.8125 0.125 0.8125 0.125 0.875 0.5625 0.5
0.9375 0.5625 0.875 0.875 1 0.4375 0.1875 0.8125 0.5 0.6875 0.625 0.375 0.625 1 0.6875 0.5625 0.75 0.6875 0.6875 0.5625
0.5 0.3125 0.6875 0.375 0.4375 0.625 0.75 0.625 0.4375 0.8125 0.6875 0.25 0.5 0.875 0.3125 0.875 0.375 0.5625 0.0625 0.625
0.75 1 0.6875 0.625 0.5 0.625 0.875 0.25 0.6875 0.8125 0.3125 0.875 0.75 0.875 0.5625 0.75 0.1875 0.75 0 1
0.25 1 0.625 0.75 0.4375 0.1875 0.875 0.4375 0.9375 0.625 0.25 0.5 1 0.375 0.125 0.5625 0.375 0.0625 0.875 0
0.375 1 0.5625 0 0.5625 0.1875 0.3125 0.625 0.625 0.375 0.0625 0.5625 0.75 1 0.5625 0.1875 0.8125 0.875 0.8125 1
1 0.8125 0 0.6875 0.375 0.875 0.5 0.25 0.9375 0.5625 0.5 0.9375 1 1 0.625 0.375 0.625 0.5625 0.75 0.375
0.625 0.375 1 0.25 0.625 0.625 0.4375 0.5625 0.1875 0.8125 0.75 0.5625 0.5 0 0.6875 0.25 0.75 0.1875 0.375 0.5
