100
70
2
3
25
1 2 3 4 5 6 7 8 9 10 11 12 13 14 15 16 17 18 19 20 21 22 23 24 25 26 27 28 29 30 31 32 33 34 35 36 37 38 39 40 41 42 43 44 45 46 47 48 49 50 51 52 53 54 55 56 57 58 59 60 61 62 63 64 65 66 67 68 69 70 71 72 73 74 75 76 77 78 79 80 81 82 83 84 85 86 87 88 89 90 91 92 93 94 95 96 97 98 99 100 
1 2 3 4 5 6 7 8 9 10 11 12 13 14 15 16 17 18 19 20 21 22 23 24 25 26 27 28 29 30 31 32 33 34 35 36 37 38 39 40 41 42 43 44 45 46 47 48 49 50 51 52 53 54 55 56 57 58 59 60 61 62 63 64 65 66 67 68 69 70 
0 0 0 0 0 0 0 1 2 1 0 0 0 0 0 0 0 1 0 0 1 0 0 0 1 2 0 0 0 2 1 0 0 0 1 1 0 0 0 0 0 0 0 0 0 0 0 2 0 0 0 0 0 1 0 0 0 1 0 0 1 0 0 0 1 0 0 0 1 1 1 3 0 0 1 0 2 0 0 1 0 0 0 0 0 0 1 1 0 0 0 0 1 0 0 0 1 2 1 0 0 0 0 1 0 0 0 1 1 0 0 0 0 1 0 2 0 0 0 0 1 0 0 0 0 0 1 0 0 0 0 2 1 0 0 0 0 1 1 0 0 0 0 0 0 0 1 0 1 0 1 1 0 0 1 0 0 0 0 0 2 0 0 0 0 1 1 0 2 2 2 1 0 0 0 0 0 0 2 0 3 1 0 0 0 0 2 0 0 0 1 0 0 2 0 1 0 0 0 0 
1 0 0 0 1 0 0 0 3 0 0 1 3 0 0 0 0 0 0 3 0 2 1 0 0 1 1 0 0 0 0 0 0 0 0 0 1 0 0 0 0 3 0 2 1 0 0 0 0 0 0 0 3 2 0 0 0 0 0 0 0 0 0 0 0 0 0 0 0 1 2 0 1 1 0 0 0 3 0 1 0 0 0 1 0 0 0 0 0 0 0 0 0 0 0 0 2 0 0 2 0 0 0 1 2 0 0 0 1 0 0 0 0 1 0 0 0 0 0 0 0 0 0 0 0 0 0 2 0 0 0 0 0 0 0 1 1 1 0 0 0 1 0 0 0 0 0 1 1 0 0 0 1 0 0 0 1 0 0 0 0 1 0 0 0 0 1 1 0 0 0 0 1 2 0 0 0 0 0 0 0 1 0 0 1 0 0 1 0 2 0 0 0 0 0 0 0 0 0 0 
0 0 0 0 0 0 0 0 0 0 0 0 0 0 0 0 0 0 0 0 1 0 0 0 0 0 0 1 1 0 0 0 1 1 1 2 0 1 0 1 0 0 0 1 0 0 1 0 2 2 1 0 0 0 0 0 1 0 1 1 0 0 0 0 0 2 0 0 0 2 1 0 0 0 0 2 0 1 0 0 0 0 0 1 0 1 0 2 3 0 0 0 1 0 0 0 0 0 0 0 0 1 0 0 0 0 0 0 0 0 0 0 0 0 0 0 0 0 0 0 1 1 0 0 1 2 1 0 1 0 0 0 0 0 1 2 1 0 0 0 0 0 0 0 0 0 1 1 0 0 0 0 0 0 0 0 0 0 1 0 0 1 0 0 0 0 1 0 0 0 2 0 1 0 0 0 1 1 0 0 0 0 0 3 0 0 0 0 0 0 0 0 1 0 0 0 0 0 1 0 
0 0 0 1 0 1 0 0 0 0 0 0 0 0 0 1 0 2 0 0 1 0 0 1 0 1 1 0 0 0 0 0 0 1 0 0 0 1 1 0 1 0 1 0 0 2 0 0 2 0 2 0 0 0 2 0 0 0 0 0 0 3 0 0 0 0 0 0 0 0 1 0 3 0 0 0 0 0 0 0 0 0 0 0 0 0 0 0 0 0 0 0 0 0 1 1 1 1 2 0 3 0 1 0 0 0 0 0 0 0 0 0 0 0 0 0 0 1 0 0 1 0 0 0 0 0 0 0 0 0 0 0 0 0 0 0 0 0 0 1 0 1 1 0 0 0 0 0 0 1 0 0 0 1 0 0 0 1 0 1 2 0 0 0 0 0 0 1 1 0 0 0 1 1 0 0 0 0 1 0 0 0 2 1 0 0 0 0 0 1 0 0 0 2 0 0 0 0 0 0 
0 2 0 0 2 0 0 0 0 0 0 0 0 0 1 0 0 0 0 0 0 0 2 0 0 0 0 1 0 0 0 0 0 0 0 0 0 0 0 0 0 0 0 0 0 0 0 0 2 0 2 0 0 0 1 0 0 0 0 2 0 2 0 0 0 0 0 0 0 2 0 0 0 1 0 0 0 0 1 0 2 0 0 0 0 0 1 0 0 0 0 2 0 0 2 0 0 1 0 0 0 1 0 0 0 0 0 0 0 1 0 0 0 0 0 0 0 0 0 2 2 0 0 0 0 0 0 0 0 0 2 0 0 0 0 0 0 0 0 2 0 0 0 0 0 0 0 0 1 0 0 0 0 0 0 0 0 3 0 0 0 0 0 0 0 3 0 0 0 1 2 0 1 0 0 0 0 1 0 0 1 0 0 0 0 0 2 0 0 1 2 0 1 0 1 0 0 0 0 0 
0 2 2 0 1 0 0 0 0 0 1 1 0 0 1 2 0 0 0 0 0 0 0 0 0 0 1 0 1 0 0 0 0 0 1 2 0 0 1 0 0 1 1 0 0 0 0 1 0 0 0 0 0 0 0 0 0 0 0 0 0 1 0 0 1 0 0 0 0 0 0 0 0 0 1 1 0 0 0 1 1 0 0 0 3 0 2 0 0 0 0 0 0 0 0 0 0 1 0 0 0 0 0 0 0 0 1 0 0 1 0 0 0 0 0 0 0 0 0 0 0 0 0 0 1 0 0 0 0 0 1 0 0 2 0 0 0 0 0 0 0 0 0 1 0 0 0 0 0 0 0 0 0 0 0 0 0 0 0 0 0 2 0 0 0 0 0 0 1 0 1 0 1 0 0 1 3 0 0 0 0 2 1 0 0 0 0 0 2 0 1 0 0 0 0 0 0 0 0 0 
0 0 0 0 0 1 0 1 0 1 0 0 0 0 0 0 0 1 1 0 1 0 0 0 1 0 0 1 1 0 0 0 1 0 0 1 0 1 0 0 2 0 0 0 1 0 0 0 0 0 0 0 0 1 0 1 0 0 0 0 2 1 0 0 0 0 0 0 0 2 1 0 2 2 0 0 0 0 0 0 2 0 0 0 0 1 0 2 0 0 0 1 0 0 0 0 0 0 0 0 0 0 0 2 2 0 0 1 0 0 0 0 2 0 0 1 0 0 0 0 0 0 3 3 0 0 0 2 0 0 0 0 0 0 0 0 0 0 0 0 0 0 0 0 0 0 0 1 0 0 0 0 0 1 0 0 1 2 0 0 0 0 0 0 1 0 0 0 0 0 1 0 0 0 0 1 1 0 0 0 1 2 0 0 0 0 0 0 0 1 3 0 1 2 0 0 0 0 1 0 
0 1 0 0 0 2 0 0 0 1 1 0 0 0 0 0 0 0 0 2 0 1 0 2 0 2 0 1 0 0 0 0 0 0 0 0 0 0 0 0 0 0 0 0 3 0 0 3 1 0 1 0 0 0 1 0 0 0 0 0 3 0 0 0 0 0 1 3 1 0 0 0 0 0 1 0 0 0 0 3 1 0 0 0 0 0 0 0 0 1 0 0 0 0 0 0 0 1 0 0 0 0 1 0 0 0 0 0 0 0 1 0 0 0 0 0 0 1 0 1 0 1 1 0 0 0 0 0 0 0 0 0 0 0 0 0 0 0 0 0 0 0 0 0 2 0 0 0 0 0 0 1 0 0 0 0 1 0 0 1 0 1 0 0 0 1 0 0 0 0 0 1 0 0 0 1 0 0 0 0 1 1 0 1 2 2 0 0 2 0 0 0 0 0 1 0 0 0 0 1 
0 0 0 1 0 0 0 0 0 2 0 1 0 0 0 2 0 0 0 0 0 0 1 0 3 2 1 0 0 0 2 0 0 0 1 0 1 0 0 0 0 0 0 0 0 0 0 1 0 0 0 1 0 0 0 0 1 0 0 0 0 0 0 2 0 2 0 0 0 2 1 0 0 0 0 0 0 0 0 0 1 0 0 0 1 0 0 0 0 3 0 2 0 0 0 0 0 0 0 0 2 0 0 0 0 0 0 0 1 0 1 0 0 1 0 0 0 0 3 1 0 0 0 2 0 0 1 0 0 0 0 0 0 0 0 0 0 0 0 0 0 0 0 0 0 0 0 0 1 0 0 0 0 1 0 1 0 0 0 0 1 0 1 0 0 2 0 0 0 0 0 0 0 0 0 2 0 2 0 3 0 0 1 1 1 0 0 2 0 0 0 0 0 1 0 0 0 0 0 0 
1 2 0 0 0 0 0 1 1 0 1 0 0 0 0 0 0 2 0 1 0 0 1 0 0 0 0 0 0 1 0 1 0 0 0 0 2 0 0 1 0 0 1 0 0 0 0 1 0 0 0 0 2 0 0 0 2 0 0 0 0 1 0 1 0 0 0 0 0 0 0 0 0 0 0 0 0 0 0 1 0 0 0 0 0 1 0 1 0 0 0 1 0 0 0 1 1 0 0 1 1 0 0 3 0 0 0 1 0 0 0 0 1 0 0 0 0 0 0 1 0 0 0 0 0 0 0 0 0 0 0 0 0 0 0 0 2 0 0 0 0 0 0 2 0 1 1 1 3 0 1 0 0 2 0 1 1 0 2 1 0 2 0 0 1 0 0 0 0 0 0 0 0 0 0 0 0 0 0 0 0 0 1 0 0 0 0 0 0 1 1 0 0 0 0 0 0 1 0 1 
0 1 0 0 0 0 0 1 0 0 0 0 0 0 1 0 0 0 0 0 0 0 0 0 0 0 0 3 2 0 0 0 0 1 0 1 0 2 0 0 0 1 0 1 0 0 0 1 0 0 0 0 0 0 1 1 0 0 1 2 0 0 0 0 0 1 0 0 0 0 0 0 0 2 1 0 0 0 0 0 0 0 0 0 0 1 0 0 0 0 2 0 2 0 1 0 0 0 0 0 0 0 0 0 0 0 0 1 1 0 1 0 1 1 0 0 0 0 0 2 0 1 0 0 1 0 0 0 0 0 0 0 0 1 0 0 0 0 0 1 0 1 0 1 1 0 0 0 0 0 0 0 0 0 0 2 0 0 0 0 0 1 0 0 0 0 0 0 0 0 1 0 0 0 0 0 0 0 0 0 0 1 2 0 0 2 0 0 0 0 0 0 0 0 0 0 0 2 0 0 
2 0 0 0 0 1 1 1 0 0 0 0 1 0 0 0 0 0 0 0 0 0 0 0 0 1 2 0 0 0 0 0 0 0 0 0 0 1 0 1 0 0 0 1 0 1 1 0 0 0 0 0 1 0 1 0 2 0 0 0 0 0 0 1 0 0 2 0 0 0 0 0 0 3 2 0 0 1 0 0 0 0 0 0 0 0 2 0 0 0 0 1 0 1 1 0 0 0 0 2 1 2 0 0 1 0 0 1 0 1 1 0 0 1 0 1 0 0 0 1 0 0 0 0 1 0 1 1 0 0 0 0 0 0 0 1 1 0 0 0 0 0 0 1 0 0 0 0 0 0 0 0 0 0 0 0 1 0 0 0 0 2 0 0 1 0 1 0 1 2 0 0 0 0 1 0 0 0 0 0 0 1 0 0 1 0 1 0 0 1 0 0 1 2 0 0 0 0 0 0 
2 1 0 1 0 0 0 0 0 0 0 0 2 0 1 0 0 0 0 0 0 0 0 0 3 0 0 2 2 0 2 1 0 0 0 0 1 0 0 0 1 0 0 0 1 0 1 2 0 0 0 0 2 0 2 0 3 0 1 2 0 0 0 1 0 0 0 0 0 0 0 0 1 0 0 2 1 1 0 0 0 0 0 0 0 0 0 0 0 0 0 0 0 0 0 0 1 0 0 0 1 1 0 1 0 0 0 0 0 0 0 0 3 0 0 0 0 0 0 1 3 0 0 0 0 1 0 0 0 0 0 0 2 0 0 0 0 0 2 0 0 2 0 1 0 0 0 0 1 0 0 0 0 2 0 2 1 0 1 1 0 1 0 0 0 0 2 0 1 0 1 0 0 0 0 0 0 0 2 0 0 2 0 1 0 0 0 0 1 1 1 0 0 0 1 0 0 0 0 0 
1 0 0 0 0 1 0 1 0 0 1 0 0 0 0 1 0 2 0 0 0 0 0 0 0 0 0 1 0 0 0 1 0 0 0 0 1 0 0 1 1 1 0 0 0 0 0 0 0 0 2 0 1 1 0 0 1 0 0 0 2 3 0 0 0 0 0 1 0 0 0 0 1 0 0 0 1 0 0 0 0 1 1 0 0 1 0 0 2 0 0 0 0 0 0 0 1 0 0 0 0 1 0 0 0 0 2 0 1 0 0 1 0 0 0 0 0 2 0 0 0 1 0 3 1 0 0 1 0 0 0 0 1 0 0 2 2 1 1 0 1 2 1 0 0 0 0 0 0 0 2 0 0 0 0 3 0 1 1 0 0 1 0 0 0 0 1 0 1 0 0 0 0 1 0 1 0 1 0 0 0 0 0 0 0 0 0 0 0 0 0 0 2 0 0 0 0 0 0 2 
0 3 0 0 1 0 1 0 0 2 0 0 0 1 0 0 0 0 0 0 0 2 0 0 0 0 0 0 0 0 0 0 0 1 1 0 0 0 0 0 0 0 0 0 2 0 0 0 1 0 0 0 1 0 0 0 0 0 0 0 0 0 0 0 0 1 0 0 0 0 0 0 0 0 0 1 0 0 2 0 0 0 0 0 0 0 0 0 0 0 1 0 0 0 0 0 0 0 0 0 2 0 0 0 0 2 0 0 0 0 0 0 0 0 0 0 0 0 0 0 0 1 0 1 0 0 0 0 0 0 0 0 0 0 0 0 0 0 0 0 0 1 0 0 0 0 0 0 0 0 3 1 0 0 1 0 0 0 0 0 0 0 0 0 0 0 1 0 2 1 2 0 0 0 1 0 1 0 0 1 1 0 0 0 0 0 1 0 0 0 1 1 3 2 0 0 0 0 0 0 
0 0 0 0 0 1 0 0 0 0 2 0 0 1 0 0 0 0 0 0 1 0 0 0 0 1 0 0 1 0 0 0 0 0 0 0 0 0 0 0 0 2 0 0 0 1 0 0 0 1 0 3 0 0 0 0 0 2 0 0 0 0 0 0 0 0 0 0 0 0 0 0 0 0 0 3 0 0 0 0 0 0 3 0 0 0 0 1 0 2 0 0 0 0 0 0 1 0 0 0 0 0 0 0 1 0 0 0 0 0 0 1 2 0 0 0 0 0 0 0 0 0 0 0 0 0 0 0 0 0 0 0 0 2 0 0 0 3 0 1 0 0 0 0 0 0 1 0 0 0 0 0 0 0 0 0 0 1 1 0 0 0 0 0 0 2 2 0 1 0 0 0 0 1 2 0 0 0 0 0 0 1 0 0 0 0 0 0 1 0 0 0 0 0 0 0 3 0 0 0 
2 0 0 0 0 0 0 0 0 0 2 0 0 0 0 0 0 0 0 2 0 2 0 0 0 1 0 0 0 0 0 0 0 0 1 0 2 1 2 0 0 0 0 0 0 0 1 1 0 0 0 0 1 0 3 3 0 0 0 0 0 1 1 0 0 0 1 0 0 0 0 0 2 0 0 0 1 1 0 0 0 0 0 0 0 0 1 0 0 0 0 0 0 2 0 1 0 2 0 0 0 0 0 0 0 0 0 1 1 1 0 3 0 0 0 0 0 0 0 1 0 0 0 1 0 0 1 0 0 0 2 0 0 0 0 0 0 1 0 1 0 1 0 0 1 0 0 1 0 0 1 1 0 0 1 1 0 0 0 0 1 0 2 0 0 0 0 1 0 0 0 0 2 0 0 0 0 0 1 0 0 2 0 1 0 0 0 0 0 0 0 0 1 0 0 0 0 0 0 0 
0 0 1 0 0 0 0 0 1 0 1 0 2 1 0 0 1 0 1 1 0 0 0 0 0 1 1 0 0 1 0 0 0 0 0 0 0 0 0 0 0 0 0 0 0 0 0 0 0 1 2 0 1 0 1 1 1 2 0 0 0 1 0 0 0 0 0 0 0 0 0 0 0 0 0 0 0 0 2 1 1 0 0 0 0 0 1 2 0 0 0 0 1 0 0 0 1 2 0 1 0 0 0 0 0 0 0 1 1 0 0 0 0 0 0 0 1 1 0 0 0 0 0 2 1 1 1 0 2 3 0 2 1 0 0 0 2 1 0 0 0 0 0 1 1 0 0 0 0 1 0 0 1 0 0 0 0 0 0 0 0 0 0 0 0 0 0 0 0 0 0 0 0 0 0 0 0 0 0 0 0 0 0 0 0 1 0 1 0 0 0 0 2 0 0 0 0 2 0 0 
0 0 0 0 0 0 0 0 0 0 2 0 0 0 0 0 0 0 0 0 0 1 0 0 0 0 1 0 0 0 0 0 0 0 0 0 0 0 0 0 0 0 0 0 0 0 0 1 0 2 0 0 3 1 0 0 0 0 0 1 0 0 0 0 1 0 0 0 0 2 0 1 0 1 2 0 0 0 2 0 1 0 1 0 0 1 1 1 1 0 0 0 0 0 0 0 0 0 0 0 0 1 0 0 0 2 0 0 0 0 0 0 0 1 1 0 0 0 0 1 1 0 0 0 2 1 1 0 1 0 0 0 0 0 0 1 0 0 0 3 1 0 0 0 0 0 0 0 0 2 0 0 0 0 1 2 0 0 0 0 0 0 0 0 2 0 0 0 0 2 2 0 0 0 0 1 0 0 0 1 0 0 0 0 0 0 0 0 0 2 0 1 0 2 0 1 0 0 0 2 
0 0 0 0 0 1 1 0 0 0 0 0 3 1 0 0 0 0 0 0 0 0 0 0 0 1 0 1 0 1 0 0 0 0 1 0 0 0 1 0 0 2 0 0 0 1 0 1 0 0 1 0 0 1 0 0 0 0 0 0 0 0 0 0 3 0 0 1 0 0 0 0 0 2 0 0 0 0 0 0 0 0 0 0 1 0 2 1 0 0 0 0 1 0 2 0 1 0 0 0 0 0 0 0 0 0 2 0 0 0 0 1 1 1 0 1 1 0 0 0 0 0 0 1 0 0 0 0 0 1 0 0 2 0 0 0 0 0 0 0 0 1 0 0 1 2 0 3 0 0 0 0 0 0 0 1 0 0 2 0 2 0 0 0 1 1 0 0 1 0 0 0 1 0 0 0 0 0 0 0 0 0 1 0 0 1 0 2 0 0 0 0 2 0 0 1 0 0 1 0 
0 1 0 1 2 0 2 0 1 0 0 0 3 2 0 0 2 0 0 1 0 0 0 0 0 0 0 0 0 0 0 0 3 0 0 0 0 1 0 0 0 0 0 0 1 0 0 1 0 0 0 0 0 2 0 0 2 1 3 0 0 0 0 0 0 2 0 0 2 0 0 0 0 0 0 0 1 1 1 0 0 0 0 1 0 1 0 0 0 0 0 0 0 0 0 0 0 0 0 0 0 1 0 0 0 1 0 2 0 0 0 0 0 0 0 0 0 0 0 1 0 1 0 1 0 1 0 1 1 0 0 0 0 0 0 0 0 0 0 2 0 0 1 0 0 0 0 0 2 2 0 0 0 0 0 0 0 0 0 0 1 0 0 0 1 0 1 1 0 0 0 0 0 1 0 1 1 1 0 0 0 0 0 2 0 0 2 0 0 0 0 0 0 2 0 0 0 0 0 0 
0 1 0 1 2 1 0 0 0 0 0 0 0 0 0 0 0 1 0 0 0 0 0 0 0 0 0 1 0 1 0 2 0 0 1 0 3 1 0 0 1 0 0 0 0 0 0 0 0 0 2 0 0 0 0 0 0 0 0 0 0 0 0 0 1 0 0 0 2 2 0 0 0 0 0 0 0 2 0 0 0 0 3 0 0 0 3 1 0 1 0 0 0 1 1 0 1 0 0 0 0 0 0 0 0 0 0 0 2 0 0 1 0 3 0 0 0 0 0 0 0 0 0 1 0 0 1 0 0 2 0 0 0 0 0 0 0 0 0 0 0 1 0 0 0 0 1 0 0 0 0 0 0 0 1 0 0 0 0 0 0 0 2 1 0 0 1 0 0 1 0 1 0 0 0 2 0 0 0 0 2 0 0 3 0 0 0 0 0 0 0 0 0 0 0 1 0 0 0 0 
0 0 0 1 0 2 0 1 0 0 0 0 0 0 0 0 0 0 0 1 0 0 0 0 0 0 0 0 0 0 0 0 0 1 0 0 0 0 0 0 0 0 1 0 0 0 2 0 0 0 0 0 0 0 0 1 0 0 0 0 0 0 0 0 0 0 2 0 0 0 0 0 0 0 1 0 0 0 1 0 0 0 0 0 0 0 0 0 0 0 1 0 0 0 3 0 0 0 0 0 0 0 0 3 0 0 0 0 1 0 0 0 2 0 0 0 0 0 0 0 1 0 0 1 0 0 2 1 1 2 0 0 0 0 0 0 0 2 2 0 1 0 1 0 0 2 0 0 0 1 1 0 0 0 0 0 0 0 1 0 0 0 0 0 0 0 0 0 0 0 0 0 0 0 0 0 0 0 3 0 0 2 1 0 0 0 1 1 0 0 0 1 0 0 0 2 0 0 0 0 
0 0 0 0 0 0 0 0 0 1 0 0 0 0 0 0 0 0 0 1 1 0 0 0 0 0 1 1 1 1 2 1 0 0 0 0 0 0 0 0 0 1 2 3 0 0 0 0 0 0 1 0 0 0 0 0 0 0 0 0 0 2 0 2 1 1 0 1 0 1 0 0 0 0 0 0 0 1 0 0 0 0 0 1 1 0 0 0 0 0 0 0 1 0 0 0 1 1 1 0 0 0 0 0 0 0 0 0 0 0 1 0 0 0 0 0 0 1 2 0 0 0 0 1 0 0 0 0 0 0 0 0 0 0 1 0 1 0 0 0 1 0 2 0 0 0 0 0 1 0 0 0 0 1 0 0 0 0 0 0 0 0 0 0 0 0 0 0 0 0 0 0 0 0 0 0 0 0 0 0 1 0 0 0 0 0 1 1 0 0 1 0 0 0 0 0 0 0 0 0 
1 0 0 0 0 0 1 0 0 1 1 0 0 0 1 0 0 0 1 0 0 2 0 1 0 0 0 1 0 0 0 0 1 0 0 0 0 0 0 0 0 1 0 0 0 0 1 0 0 0 0 0 0 0 0 0 3 0 0 2 0 0 0 1 1 0 0 0 0 1 0 2 1 2 0 0 2 0 1 0 0 0 0 0 0 0 0 0 1 2 0 0 2 0 0 1 0 0 1 0 0 0 1 1 0 0 0 1 0 0 2 0 2 0 1 0 0 1 0 0 0 0 0 0 0 0 0 0 0 0 2 1 0 0 0 0 0 0 0 1 0 0 2 0 0 0 0 0 0 1 0 0 0 0 0 0 0 0 0 0 0 0 0 0 0 0 1 0 1 0 0 0 0 0 0 2 3 2 0 1 0 0 0 0 2 2 0 0 0 2 0 0 0 0 0 0 0 0 0 0 
1000 1000 1000 1000 1000 1000 1000 1000 1000 1000 1000 1000 1000 1000 1000 1000 1000 1000 1000 1000 1000 1000 1000 1000 1000 1000 1000 1000 1000 1000 1000 1000 1000 1000 1000 1000 1000 1000 1000 1000 1000 1000 1000 1000 1000 1000 1000 1000 1000 1000 1000 1000 1000 1000 1000 1000 1000 1000 1000 1000 1000 1000 1000 1000 1000 1000 1000 1000 1000 1000 1000 1000 1000 1000 1000 1000 1000 1000 1000 1000 1000 1000 1000 1000 1000 1000 1000 1000 1000 1000 1000 1000 1000 1000 1000 1000 1000 1000 1000 1000 
1000 1000 1000 1000 1000 1000 1000 1000 1000 1000 1000 1000 1000 1000 1000 1000 1000 1000 1000 1000 1000 1000 1000 1000 1000 1000 1000 1000 1000 1000 1000 1000 1000 1000 1000 1000 1000 1000 1000 1000 1000 1000 1000 1000 1000 1000 1000 1000 1000 1000 1000 1000 1000 1000 1000 1000 1000 1000 1000 1000 1000 1000 1000 1000 1000 1000 1000 1000 1000 1000 1000 1000 1000 1000 1000 1000 1000 1000 1000 1000 1000 1000 1000 1000 1000 1000 1000 1000 1000 1000 1000 1000 1000 1000 1000 1000 1000 1000 1000 1000 
38 30 10 28 29 17 26 15 31 32 15 19 44 44 43 10 43 17 36 24 33 29 34 30 31 36 23 35 19 42 32 28 17 42 40 16 27 38 32 28 16 45 32 12 33 14 21 36 42 29 41 45 39 30 30 30 12 19 23 19 30 17 45 19 45 9 36 12 45 35 28 23 14 41 26 45 12 19 12 43 42 21 16 39 41 43 44 17 36 17 43 43 23 16 18 44 43 15 43 21 
37 11 36 44 23 12 33 35 19 19 13 22 32 42 37 12 16 40 19 40 37 42 12 43 29 30 41 29 44 30 40 45 30 37 43 15 20 30 19 18 12 31 11 15 43 35 42 13 14 44 36 11 34 26 27 19 42 27 34 34 9 22 41 15 10 13 9 13 31 33 12 15 18 28 20 23 41 41 13 35 30 39 19 17 32 39 38 20 15 41 20 37 32 18 26 35 27 26 36 15 
45 33 12 36 17 15 31 29 32 9 42 43 32 15 21 20 11 12 32 19 10 36 17 30 23 33 34 45 27 10 37 24 25 28 25 9 37 35 40 35 32 14 39 18 44 44 19 45 42 23 41 27 26 24 43 17 31 43 10 28 16 37 32 21 31 40 40 29 11 16 34 23 42 13 37 18 12 29 39 32 41 44 15 17 28 29 12 20 42 38 12 30 45 24 31 39 42 33 43 44 
31 23 40 10 38 16 29 9 42 39 20 35 35 19 12 42 11 12 40 26 38 26 18 13 32 42 36 14 21 23 17 31 44 31 39 43 30 41 22 42 31 45 37 30 14 18 19 37 26 21 25 35 10 20 13 22 13 25 14 33 9 13 39 11 43 14 30 27 30 45 9 43 29 28 34 37 40 18 11 19 28 25 38 35 31 16 23 21 42 20 20 32 44 29 41 14 24 45 23 35 
26 39 42 20 34 39 29 27 25 34 30 20 38 17 14 24 24 34 40 18 36 44 37 12 40 34 29 40 32 22 43 31 27 31 22 45 31 35 15 30 15 14 24 26 18 37 35 36 22 42 34 34 25 30 32 35 35 11 21 44 21 24 11 44 37 33 43 21 42 9 24 44 15 44 18 16 14 43 36 9 39 36 24 18 19 18 17 20 14 23 33 30 35 22 42 31 22 15 31 35 
1000 1000 1000 1000 1000 1000 1000 1000 1000 1000 1000 1000 1000 1000 1000 1000 1000 1000 1000 1000 1000 1000 1000 1000 1000 1000 1000 1000 1000 1000 1000 1000 1000 1000 1000 1000 1000 1000 1000 1000 1000 1000 1000 1000 1000 1000 1000 1000 1000 1000 1000 1000 1000 1000 1000 1000 1000 1000 1000 1000 1000 1000 1000 1000 1000 1000 1000 1000 1000 1000 1000 1000 1000 1000 1000 1000 1000 1000 1000 1000 1000 1000 1000 1000 1000 1000 1000 1000 1000 1000 1000 1000 1000 1000 1000 1000 1000 1000 1000 1000 
1000 1000 1000 1000 1000 1000 1000 1000 1000 1000 1000 1000 1000 1000 1000 1000 1000 1000 1000 1000 1000 1000 1000 1000 1000 1000 1000 1000 1000 1000 1000 1000 1000 1000 1000 1000 1000 1000 1000 1000 1000 1000 1000 1000 1000 1000 1000 1000 1000 1000 1000 1000 1000 1000 1000 1000 1000 1000 1000 1000 1000 1000 1000 1000 1000 1000 1000 1000 1000 1000 1000 1000 1000 1000 1000 1000 1000 1000 1000 1000 1000 1000 1000 1000 1000 1000 1000 1000 1000 1000 1000 1000 1000 1000 1000 1000 1000 1000 1000 1000 
37 36 22 28 39 34 41 12 12 45 29 17 35 25 15 30 30 38 22 10 17 34 33 31 35 30 44 29 31 9 16 20 41 9 11 9 42 17 38 24 37 25 43 32 34 31 45 17 41 13 31 15 34 15 14 17 44 24 23 23 24 24 43 32 20 16 34 22 40 34 10 24 14 43 13 36 26 44 14 28 15 41 15 37 35 20 44 18 20 37 31 27 12 16 10 28 14 26 16 14 
1000 1000 1000 1000 1000 1000 1000 1000 1000 1000 1000 1000 1000 1000 1000 1000 1000 1000 1000 1000 1000 1000 1000 1000 1000 1000 1000 1000 1000 1000 1000 1000 1000 1000 1000 1000 1000 1000 1000 1000 1000 1000 1000 1000 1000 1000 1000 1000 1000 1000 1000 1000 1000 1000 1000 1000 1000 1000 1000 1000 1000 1000 1000 1000 1000 1000 1000 1000 1000 1000 1000 1000 1000 1000 1000 1000 1000 1000 1000 1000 1000 1000 1000 1000 1000 1000 1000 1000 1000 1000 1000 1000 1000 1000 1000 1000 1000 1000 1000 1000 
33 24 27 18 44 45 33 34 27 44 28 9 41 37 24 10 18 13 32 37 44 17 22 18 26 21 39 10 20 14 11 15 43 41 27 11 38 45 9 43 17 22 29 27 18 18 44 9 13 31 40 12 31 14 22 22 14 40 26 27 30 29 33 17 13 27 16 45 43 45 25 33 31 43 45 27 26 16 41 26 17 24 44 10 42 10 37 42 25 23 39 31 17 18 41 21 39 15 32 43 
17 38 29 27 14 20 9 44 43 27 38 38 30 27 21 38 11 41 40 33 9 9 12 21 22 33 25 33 24 42 32 41 33 31 11 24 18 45 31 16 23 16 35 19 42 39 29 34 16 10 29 21 30 17 25 44 17 22 9 13 34 40 9 26 36 11 42 13 39 10 42 27 40 24 13 26 15 20 22 28 45 19 37 29 41 31 27 42 16 39 11 37 36 17 23 31 33 11 25 37 
37 11 30 34 43 34 10 22 16 20 45 30 40 20 36 41 17 23 24 33 13 18 39 20 22 22 37 29 28 27 19 12 39 15 10 10 19 15 24 21 39 31 22 28 31 20 12 38 23 44 14 29 36 38 10 10 24 18 28 38 37 16 10 26 30 40 43 42 11 21 15 34 22 31 20 27 18 18 10 20 19 32 18 14 42 17 15 29 18 43 29 15 20 34 29 21 44 35 45 18 
37 22 44 36 33 35 23 34 35 15 41 34 38 16 44 44 10 45 43 44 32 37 39 12 10 13 19 42 36 23 38 20 35 17 23 26 13 11 40 38 21 36 11 10 34 37 10 13 40 29 20 35 45 19 45 27 13 41 15 11 23 29 23 16 38 35 14 9 33 37 10 44 13 45 30 19 39 45 15 44 33 26 23 23 29 41 9 33 10 41 11 19 17 26 16 14 10 15 14 23 
13 25 22 41 14 42 42 16 23 20 43 34 43 26 35 33 20 28 28 29 45 12 25 31 13 33 36 33 19 36 24 17 26 32 14 40 24 40 15 44 18 23 23 33 28 9 22 11 22 9 12 32 21 22 20 40 18 12 45 18 39 25 26 34 44 9 37 40 18 42 10 28 14 42 41 25 26 35 13 30 39 23 10 42 38 18 10 34 16 28 15 10 37 25 18 12 40 12 24 31 
1000 1000 1000 1000 1000 1000 1000 1000 1000 1000 1000 1000 1000 1000 1000 1000 1000 1000 1000 1000 1000 1000 1000 1000 1000 1000 1000 1000 1000 1000 1000 1000 1000 1000 1000 1000 1000 1000 1000 1000 1000 1000 1000 1000 1000 1000 1000 1000 1000 1000 1000 1000 1000 1000 1000 1000 1000 1000 1000 1000 1000 1000 1000 1000 1000 1000 1000 1000 1000 1000 1000 1000 1000 1000 1000 1000 1000 1000 1000 1000 1000 1000 1000 1000 1000 1000 1000 1000 1000 1000 1000 1000 1000 1000 1000 1000 1000 1000 1000 1000 
1000 1000 1000 1000 1000 1000 1000 1000 1000 1000 1000 1000 1000 1000 1000 1000 1000 1000 1000 1000 1000 1000 1000 1000 1000 1000 1000 1000 1000 1000 1000 1000 1000 1000 1000 1000 1000 1000 1000 1000 1000 1000 1000 1000 1000 1000 1000 1000 1000 1000 1000 1000 1000 1000 1000 1000 1000 1000 1000 1000 1000 1000 1000 1000 1000 1000 1000 1000 1000 1000 1000 1000 1000 1000 1000 1000 1000 1000 1000 1000 1000 1000 1000 1000 1000 1000 1000 1000 1000 1000 1000 1000 1000 1000 1000 1000 1000 1000 1000 1000 
42 14 43 15 12 21 45 37 10 29 13 14 43 33 40 40 17 38 28 19 12 31 35 39 15 29 34 40 37 42 42 40 30 14 38 19 28 13 14 14 29 28 14 33 11 33 40 45 41 26 44 38 44 42 40 25 30 9 38 15 39 31 27 17 39 27 34 13 45 45 38 17 22 41 37 24 18 38 26 11 24 41 37 24 27 17 18 21 15 10 35 39 10 19 39 16 43 36 14 37 
1000 1000 1000 1000 1000 1000 1000 1000 1000 1000 1000 1000 1000 1000 1000 1000 1000 1000 1000 1000 1000 1000 1000 1000 1000 1000 1000 1000 1000 1000 1000 1000 1000 1000 1000 1000 1000 1000 1000 1000 1000 1000 1000 1000 1000 1000 1000 1000 1000 1000 1000 1000 1000 1000 1000 1000 1000 1000 1000 1000 1000 1000 1000 1000 1000 1000 1000 1000 1000 1000 1000 1000 1000 1000 1000 1000 1000 1000 1000 1000 1000 1000 1000 1000 1000 1000 1000 1000 1000 1000 1000 1000 1000 1000 1000 1000 1000 1000 1000 1000 
1000 1000 1000 1000 1000 1000 1000 1000 1000 1000 1000 1000 1000 1000 1000 1000 1000 1000 1000 1000 1000 1000 1000 1000 1000 1000 1000 1000 1000 1000 1000 1000 1000 1000 1000 1000 1000 1000 1000 1000 1000 1000 1000 1000 1000 1000 1000 1000 1000 1000 1000 1000 1000 1000 1000 1000 1000 1000 1000 1000 1000 1000 1000 1000 1000 1000 1000 1000 1000 1000 1000 1000 1000 1000 1000 1000 1000 1000 1000 1000 1000 1000 1000 1000 1000 1000 1000 1000 1000 1000 1000 1000 1000 1000 1000 1000 1000 1000 1000 1000 
25 22 39 44 41 31 38 12 25 13 14 41 13 23 37 24 17 39 22 12 11 42 25 14 21 26 27 16 31 19 37 27 21 23 18 26 32 38 10 41 26 42 36 16 18 17 13 19 43 45 30 27 23 25 23 18 35 22 43 42 23 41 20 33 27 18 24 41 28 17 43 30 42 24 26 30 29 10 11 32 16 21 42 30 39 39 33 30 30 44 19 39 12 32 29 19 40 11 12 13 
1000 1000 1000 1000 1000 1000 1000 1000 1000 1000 1000 1000 1000 1000 1000 1000 1000 1000 1000 1000 1000 1000 1000 1000 1000 1000 1000 1000 1000 1000 1000 1000 1000 1000 1000 1000 1000 1000 1000 1000 1000 1000 1000 1000 1000 1000 1000 1000 1000 1000 1000 1000 1000 1000 1000 1000 1000 1000 1000 1000 1000 1000 1000 1000 1000 1000 1000 1000 1000 1000 1000 1000 1000 1000 1000 1000 1000 1000 1000 1000 1000 1000 1000 1000 1000 1000 1000 1000 1000 1000 1000 1000 1000 1000 1000 1000 1000 1000 1000 1000 
1000 1000 1000 1000 1000 1000 1000 1000 1000 1000 1000 1000 1000 1000 1000 1000 1000 1000 1000 1000 1000 1000 1000 1000 1000 1000 1000 1000 1000 1000 1000 1000 1000 1000 1000 1000 1000 1000 1000 1000 1000 1000 1000 1000 1000 1000 1000 1000 1000 1000 1000 1000 1000 1000 1000 1000 1000 1000 1000 1000 1000 1000 1000 1000 1000 1000 1000 1000 1000 1000 1000 1000 1000 1000 1000 1000 1000 1000 1000 1000 1000 1000 1000 1000 1000 1000 1000 1000 1000 1000 1000 1000 1000 1000 1000 1000 1000 1000 1000 1000 
32 35 32 27 36 41 29 45 13 40 25 45 30 22 10 11 32 25 12 32 26 43 20 42 34 42 30 18 31 14 45 32 18 15 16 15 44 12 43 23 24 21 14 42 37 9 9 34 13 40 20 44 29 39 29 22 42 26 39 40 27 30 45 26 17 40 43 24 11 23 41 32 43 43 40 38 41 24 23 15 16 13 45 24 9 28 19 20 29 9 20 28 18 19 15 25 43 35 28 14 
19 10 43 36 14 39 17 28 12 40 28 45 29 19 23 44 39 26 41 10 36 29 22 30 29 40 26 38 23 22 20 17 32 26 38 25 26 22 27 22 10 36 27 42 18 23 16 32 27 31 9 11 41 16 9 11 28 32 37 34 17 41 11 20 15 35 13 43 34 43 34 19 9 15 13 16 42 26 27 21 26 22 42 12 23 27 45 25 42 30 35 23 28 31 19 21 28 43 33 9 
18 24 10 31 40 16 34 28 9 33 45 18 16 26 34 25 11 42 20 43 44 22 20 16 26 40 13 11 19 37 23 21 36 18 16 39 29 20 27 11 41 30 28 12 12 16 10 16 33 33 34 23 34 24 30 28 25 22 22 25 26 19 43 40 42 20 38 37 25 19 20 43 16 45 37 13 29 17 35 28 25 11 38 33 39 24 9 40 11 15 19 34 13 21 10 14 42 12 29 38 
32 21 21 26 42 23 34 34 20 42 12 27 44 44 27 10 32 45 38 25 22 14 31 20 37 25 27 33 9 10 35 35 40 38 35 21 27 18 40 39 29 9 9 29 41 26 43 42 27 29 22 45 14 15 16 39 34 35 12 33 44 42 44 22 44 36 29 30 23 43 32 38 34 33 44 18 41 43 31 31 39 16 32 44 41 18 26 27 44 9 36 22 37 42 14 12 22 33 43 32 
1000 1000 1000 1000 1000 1000 1000 1000 1000 1000 1000 1000 1000 1000 1000 1000 1000 1000 1000 1000 1000 1000 1000 1000 1000 1000 1000 1000 1000 1000 1000 1000 1000 1000 1000 1000 1000 1000 1000 1000 1000 1000 1000 1000 1000 1000 1000 1000 1000 1000 1000 1000 1000 1000 1000 1000 1000 1000 1000 1000 1000 1000 1000 1000 1000 1000 1000 1000 1000 1000 1000 1000 1000 1000 1000 1000 1000 1000 1000 1000 1000 1000 1000 1000 1000 1000 1000 1000 1000 1000 1000 1000 1000 1000 1000 1000 1000 1000 1000 1000 
1000 1000 1000 1000 1000 1000 1000 1000 1000 1000 1000 1000 1000 1000 1000 1000 1000 1000 1000 1000 1000 1000 1000 1000 1000 1000 1000 1000 1000 1000 1000 1000 1000 1000 1000 1000 1000 1000 1000 1000 1000 1000 1000 1000 1000 1000 1000 1000 1000 1000 1000 1000 1000 1000 1000 1000 1000 1000 1000 1000 1000 1000 1000 1000 1000 1000 1000 1000 1000 1000 1000 1000 1000 1000 1000 1000 1000 1000 1000 1000 1000 1000 1000 1000 1000 1000 1000 1000 1000 1000 1000 1000 1000 1000 1000 1000 1000 1000 1000 1000 
1000 1000 1000 1000 1000 1000 1000 1000 1000 1000 1000 1000 1000 1000 1000 1000 1000 1000 1000 1000 1000 1000 1000 1000 1000 1000 1000 1000 1000 1000 1000 1000 1000 1000 1000 1000 1000 1000 1000 1000 1000 1000 1000 1000 1000 1000 1000 1000 1000 1000 1000 1000 1000 1000 1000 1000 1000 1000 1000 1000 1000 1000 1000 1000 1000 1000 1000 1000 1000 1000 1000 1000 1000 1000 1000 1000 1000 1000 1000 1000 1000 1000 1000 1000 1000 1000 1000 1000 1000 1000 1000 1000 1000 1000 1000 1000 1000 1000 1000 1000 
1000 1000 1000 1000 1000 1000 1000 1000 1000 1000 1000 1000 1000 1000 1000 1000 1000 1000 1000 1000 1000 1000 1000 1000 1000 1000 1000 1000 1000 1000 1000 1000 1000 1000 1000 1000 1000 1000 1000 1000 1000 1000 1000 1000 1000 1000 1000 1000 1000 1000 1000 1000 1000 1000 1000 1000 1000 1000 1000 1000 1000 1000 1000 1000 1000 1000 1000 1000 1000 1000 1000 1000 1000 1000 1000 1000 1000 1000 1000 1000 1000 1000 1000 1000 1000 1000 1000 1000 1000 1000 1000 1000 1000 1000 1000 1000 1000 1000 1000 1000 
1000 1000 1000 1000 1000 1000 1000 1000 1000 1000 1000 1000 1000 1000 1000 1000 1000 1000 1000 1000 1000 1000 1000 1000 1000 1000 1000 1000 1000 1000 1000 1000 1000 1000 1000 1000 1000 1000 1000 1000 1000 1000 1000 1000 1000 1000 1000 1000 1000 1000 1000 1000 1000 1000 1000 1000 1000 1000 1000 1000 1000 1000 1000 1000 1000 1000 1000 1000 1000 1000 1000 1000 1000 1000 1000 1000 1000 1000 1000 1000 1000 1000 1000 1000 1000 1000 1000 1000 1000 1000 1000 1000 1000 1000 1000 1000 1000 1000 1000 1000 
1000 1000 1000 1000 1000 1000 1000 1000 1000 1000 1000 1000 1000 1000 1000 1000 1000 1000 1000 1000 1000 1000 1000 1000 1000 1000 1000 1000 1000 1000 1000 1000 1000 1000 1000 1000 1000 1000 1000 1000 1000 1000 1000 1000 1000 1000 1000 1000 1000 1000 1000 1000 1000 1000 1000 1000 1000 1000 1000 1000 1000 1000 1000 1000 1000 1000 1000 1000 1000 1000 1000 1000 1000 1000 1000 1000 1000 1000 1000 1000 1000 1000 1000 1000 1000 1000 1000 1000 1000 1000 1000 1000 1000 1000 1000 1000 1000 1000 1000 1000 
10 36 12 39 39 30 20 41 12 42 17 18 31 24 15 40 25 25 45 33 24 44 29 17 22 26 42 23 16 34 27 37 25 38 29 10 13 21 18 45 40 44 37 9 40 24 24 39 45 37 36 15 14 10 11 17 17 41 30 16 21 28 38 13 16 18 21 14 38 21 35 30 32 17 26 26 30 42 30 20 32 44 26 9 34 42 39 43 13 35 30 28 20 25 24 21 30 43 23 44 
16 27 37 15 40 37 13 44 32 18 27 28 17 22 20 19 42 36 23 27 36 44 34 43 17 33 34 41 43 33 33 12 18 31 20 28 10 22 27 15 27 44 25 38 43 25 34 44 30 38 30 17 30 27 38 31 19 15 36 42 31 22 45 20 20 35 15 20 38 13 38 17 40 21 31 19 28 21 21 17 12 20 9 35 32 28 24 42 30 24 45 37 23 33 20 38 17 41 10 24 
41 18 31 19 9 44 28 30 23 29 25 20 14 29 37 40 11 28 41 42 19 36 12 13 25 45 13 24 10 25 34 43 18 24 28 22 31 22 35 44 42 12 41 22 39 33 36 21 32 27 28 26 26 37 44 16 12 25 9 9 34 45 35 16 14 43 15 22 11 10 16 17 21 27 26 17 19 43 34 21 39 17 20 23 39 10 24 42 20 21 16 45 31 40 42 37 25 15 10 44 
1000 1000 1000 1000 1000 1000 1000 1000 1000 1000 1000 1000 1000 1000 1000 1000 1000 1000 1000 1000 1000 1000 1000 1000 1000 1000 1000 1000 1000 1000 1000 1000 1000 1000 1000 1000 1000 1000 1000 1000 1000 1000 1000 1000 1000 1000 1000 1000 1000 1000 1000 1000 1000 1000 1000 1000 1000 1000 1000 1000 1000 1000 1000 1000 1000 1000 1000 1000 1000 1000 1000 1000 1000 1000 1000 1000 1000 1000 1000 1000 1000 1000 1000 1000 1000 1000 1000 1000 1000 1000 1000 1000 1000 1000 1000 1000 1000 1000 1000 1000 
31 36 31 26 20 33 43 20 10 28 31 11 44 16 40 36 22 34 45 31 33 32 28 36 13 12 34 33 18 40 9 17 31 34 16 16 24 25 19 20 37 15 25 41 45 27 44 44 15 12 10 21 10 38 25 24 10 32 38 9 30 28 40 24 20 11 13 43 27 12 42 38 11 38 20 43 36 9 36 18 18 22 44 18 37 12 26 17 28 33 32 17 24 37 23 16 24 29 38 26 
23 11 44 22 10 24 36 45 35 19 44 40 22 22 43 25 42 23 35 33 21 38 10 14 26 27 12 24 36 28 20 12 39 20 20 23 19 24 34 41 20 38 21 36 41 24 33 9 19 14 22 43 13 45 27 13 16 40 23 34 11 40 15 13 17 25 45 32 27 36 15 35 32 10 10 37 25 35 17 39 33 45 26 19 18 26 11 36 29 29 11 28 11 20 20 20 16 22 9 17 
1000 1000 1000 1000 1000 1000 1000 1000 1000 1000 1000 1000 1000 1000 1000 1000 1000 1000 1000 1000 1000 1000 1000 1000 1000 1000 1000 1000 1000 1000 1000 1000 1000 1000 1000 1000 1000 1000 1000 1000 1000 1000 1000 1000 1000 1000 1000 1000 1000 1000 1000 1000 1000 1000 1000 1000 1000 1000 1000 1000 1000 1000 1000 1000 1000 1000 1000 1000 1000 1000 1000 1000 1000 1000 1000 1000 1000 1000 1000 1000 1000 1000 1000 1000 1000 1000 1000 1000 1000 1000 1000 1000 1000 1000 1000 1000 1000 1000 1000 1000 
38 27 37 40 38 36 27 24 34 19 28 35 33 36 34 45 17 32 18 32 26 42 40 12 34 13 40 28 33 40 43 33 32 23 42 28 26 21 19 22 18 15 13 35 17 42 34 18 17 20 20 31 40 23 22 25 18 23 26 9 16 40 43 44 31 11 18 12 41 28 36 35 22 44 10 13 16 13 21 41 35 34 29 14 20 15 33 33 16 12 32 30 26 37 45 24 24 26 17 23 
1000 1000 1000 1000 1000 1000 1000 1000 1000 1000 1000 1000 1000 1000 1000 1000 1000 1000 1000 1000 1000 1000 1000 1000 1000 1000 1000 1000 1000 1000 1000 1000 1000 1000 1000 1000 1000 1000 1000 1000 1000 1000 1000 1000 1000 1000 1000 1000 1000 1000 1000 1000 1000 1000 1000 1000 1000 1000 1000 1000 1000 1000 1000 1000 1000 1000 1000 1000 1000 1000 1000 1000 1000 1000 1000 1000 1000 1000 1000 1000 1000 1000 1000 1000 1000 1000 1000 1000 1000 1000 1000 1000 1000 1000 1000 1000 1000 1000 1000 1000 
17 45 35 44 23 38 28 9 38 15 36 34 9 44 12 29 26 11 25 30 11 23 26 37 15 28 20 36 29 9 38 25 27 24 38 23 25 42 24 12 17 40 43 12 16 11 31 19 13 25 23 41 29 37 43 14 26 18 25 38 45 20 35 13 17 27 32 43 40 45 14 20 13 40 23 22 42 20 40 20 10 30 13 18 13 19 23 12 44 30 22 16 31 45 21 30 13 42 32 32 
42 28 29 31 45 18 10 31 15 28 44 43 35 28 35 43 45 16 31 30 16 25 18 25 37 11 35 43 23 43 27 40 39 34 36 16 21 29 26 36 28 44 34 43 25 39 26 37 44 20 32 33 22 23 9 9 26 22 21 12 27 25 9 19 12 36 10 28 45 28 16 25 15 29 36 16 11 35 26 24 29 24 18 13 36 20 32 15 18 35 42 25 9 45 17 28 25 36 40 41 
1000 1000 1000 1000 1000 1000 1000 1000 1000 1000 1000 1000 1000 1000 1000 1000 1000 1000 1000 1000 1000 1000 1000 1000 1000 1000 1000 1000 1000 1000 1000 1000 1000 1000 1000 1000 1000 1000 1000 1000 1000 1000 1000 1000 1000 1000 1000 1000 1000 1000 1000 1000 1000 1000 1000 1000 1000 1000 1000 1000 1000 1000 1000 1000 1000 1000 1000 1000 1000 1000 1000 1000 1000 1000 1000 1000 1000 1000 1000 1000 1000 1000 1000 1000 1000 1000 1000 1000 1000 1000 1000 1000 1000 1000 1000 1000 1000 1000 1000 1000 
24 24 9 25 36 9 39 24 23 28 18 15 25 9 36 22 35 26 30 25 23 44 11 38 12 19 39 21 16 22 40 27 13 20 27 20 40 27 15 18 29 24 31 15 16 30 43 19 26 23 20 9 32 25 24 24 23 23 21 41 20 22 9 35 23 11 16 37 28 43 33 19 11 42 18 31 14 40 26 37 17 23 18 42 25 19 26 41 25 39 31 11 17 41 43 11 9 23 12 26 
19 21 29 18 9 23 38 17 24 38 11 33 10 29 19 31 40 22 14 19 19 25 27 34 30 9 30 17 10 21 43 15 16 23 15 12 21 18 38 30 11 21 39 41 27 35 27 18 21 11 38 40 17 37 42 28 23 12 32 44 23 35 35 17 17 36 22 20 39 36 18 16 12 23 33 29 11 45 24 33 17 33 41 36 37 41 9 26 11 34 10 17 10 16 28 18 18 43 29 20 
40 32 39 16 41 34 39 28 19 30 37 45 40 40 25 20 14 17 43 12 29 33 43 29 36 18 40 15 20 33 14 36 45 17 40 22 38 17 29 28 38 35 40 29 20 13 20 17 31 15 14 20 31 35 43 22 41 42 38 21 14 14 17 15 23 16 14 12 23 28 26 22 43 29 10 41 33 29 26 30 11 23 45 22 17 24 45 17 25 31 26 22 30 43 16 14 34 32 22 17 
23 41 9 31 9 12 18 38 42 30 24 14 29 35 37 22 45 31 32 45 10 17 40 14 35 14 17 29 10 14 40 20 44 18 20 26 32 30 31 43 22 44 21 16 14 16 31 35 21 25 40 34 13 44 30 41 13 35 30 27 39 20 22 26 21 39 41 10 24 23 38 37 38 44 29 41 9 43 30 40 21 21 43 21 38 37 27 13 40 27 31 25 28 28 19 34 38 37 22 37 
1000 1000 1000 1000 1000 1000 1000 1000 1000 1000 1000 1000 1000 1000 1000 1000 1000 1000 1000 1000 1000 1000 1000 1000 1000 1000 1000 1000 1000 1000 1000 1000 1000 1000 1000 1000 1000 1000 1000 1000 1000 1000 1000 1000 1000 1000 1000 1000 1000 1000 1000 1000 1000 1000 1000 1000 1000 1000 1000 1000 1000 1000 1000 1000 1000 1000 1000 1000 1000 1000 1000 1000 1000 1000 1000 1000 1000 1000 1000 1000 1000 1000 1000 1000 1000 1000 1000 1000 1000 1000 1000 1000 1000 1000 1000 1000 1000 1000 1000 1000 
1000 1000 1000 1000 1000 1000 1000 1000 1000 1000 1000 1000 1000 1000 1000 1000 1000 1000 1000 1000 1000 1000 1000 1000 1000 1000 1000 1000 1000 1000 1000 1000 1000 1000 1000 1000 1000 1000 1000 1000 1000 1000 1000 1000 1000 1000 1000 1000 1000 1000 1000 1000 1000 1000 1000 1000 1000 1000 1000 1000 1000 1000 1000 1000 1000 1000 1000 1000 1000 1000 1000 1000 1000 1000 1000 1000 1000 1000 1000 1000 1000 1000 1000 1000 1000 1000 1000 1000 1000 1000 1000 1000 1000 1000 1000 1000 1000 1000 1000 1000 
16 35 18 24 36 19 45 40 24 15 35 19 27 20 23 34 36 27 23 25 28 22 30 16 24 10 12 15 15 17 20 30 31 23 40 31 21 9 25 33 30 38 19 16 44 25 18 27 34 35 21 42 24 23 33 15 39 41 21 33 33 32 38 15 15 42 10 26 44 37 30 20 20 26 36 14 41 36 10 22 40 41 10 11 31 21 22 45 14 44 27 37 15 44 37 38 27 37 24 44 
1000 1000 1000 1000 1000 1000 1000 1000 1000 1000 1000 1000 1000 1000 1000 1000 1000 1000 1000 1000 1000 1000 1000 1000 1000 1000 1000 1000 1000 1000 1000 1000 1000 1000 1000 1000 1000 1000 1000 1000 1000 1000 1000 1000 1000 1000 1000 1000 1000 1000 1000 1000 1000 1000 1000 1000 1000 1000 1000 1000 1000 1000 1000 1000 1000 1000 1000 1000 1000 1000 1000 1000 1000 1000 1000 1000 1000 1000 1000 1000 1000 1000 1000 1000 1000 1000 1000 1000 1000 1000 1000 1000 1000 1000 1000 1000 1000 1000 1000 1000 
1000 1000 1000 1000 1000 1000 1000 1000 1000 1000 1000 1000 1000 1000 1000 1000 1000 1000 1000 1000 1000 1000 1000 1000 1000 1000 1000 1000 1000 1000 1000 1000 1000 1000 1000 1000 1000 1000 1000 1000 1000 1000 1000 1000 1000 1000 1000 1000 1000 1000 1000 1000 1000 1000 1000 1000 1000 1000 1000 1000 1000 1000 1000 1000 1000 1000 1000 1000 1000 1000 1000 1000 1000 1000 1000 1000 1000 1000 1000 1000 1000 1000 1000 1000 1000 1000 1000 1000 1000 1000 1000 1000 1000 1000 1000 1000 1000 1000 1000 1000 
27 40 28 25 26 35 16 40 17 24 11 35 26 20 21 13 10 34 35 45 26 10 39 31 37 43 37 34 14 40 15 21 27 39 30 28 22 33 42 17 9 39 23 12 12 15 24 32 9 43 22 42 19 11 42 21 39 31 45 41 28 27 41 37 40 17 26 34 45 10 35 29 22 44 45 20 28 30 20 33 23 14 30 17 30 9 24 29 45 45 42 25 35 19 29 15 38 35 41 11 
28 33 41 16 16 20 16 36 44 12 30 18 31 44 9 19 9 29 28 36 45 14 23 32 23 28 12 34 36 15 10 31 24 15 39 32 18 31 39 43 9 22 16 24 16 39 20 45 14 42 43 23 28 43 33 22 44 11 21 24 42 19 29 41 33 19 19 40 39 27 44 12 43 9 15 27 34 36 34 29 38 25 37 14 45 39 36 41 40 21 9 24 42 17 18 41 29 39 12 20 
33 45 35 33 19 44 42 34 35 14 10 37 40 37 28 13 40 11 44 10 27 15 35 18 23 38 24 10 44 9 42 30 38 21 9 41 27 25 21 22 45 35 38 14 37 32 30 12 41 22 10 41 28 26 40 18 28 23 24 11 19 18 34 43 37 15 21 30 38 9 42 23 40 13 19 20 38 13 16 11 16 12 40 12 24 31 28 12 12 34 16 20 38 18 21 33 25 38 17 11 
1000 1000 1000 1000 1000 1000 1000 1000 1000 1000 1000 1000 1000 1000 1000 1000 1000 1000 1000 1000 1000 1000 1000 1000 1000 1000 1000 1000 1000 1000 1000 1000 1000 1000 1000 1000 1000 1000 1000 1000 1000 1000 1000 1000 1000 1000 1000 1000 1000 1000 1000 1000 1000 1000 1000 1000 1000 1000 1000 1000 1000 1000 1000 1000 1000 1000 1000 1000 1000 1000 1000 1000 1000 1000 1000 1000 1000 1000 1000 1000 1000 1000 1000 1000 1000 1000 1000 1000 1000 1000 1000 1000 1000 1000 1000 1000 1000 1000 1000 1000 
1000 1000 1000 1000 1000 1000 1000 1000 1000 1000 1000 1000 1000 1000 1000 1000 1000 1000 1000 1000 1000 1000 1000 1000 1000 1000 1000 1000 1000 1000 1000 1000 1000 1000 1000 1000 1000 1000 1000 1000 1000 1000 1000 1000 1000 1000 1000 1000 1000 1000 1000 1000 1000 1000 1000 1000 1000 1000 1000 1000 1000 1000 1000 1000 1000 1000 1000 1000 1000 1000 1000 1000 1000 1000 1000 1000 1000 1000 1000 1000 1000 1000 1000 1000 1000 1000 1000 1000 1000 1000 1000 1000 1000 1000 1000 1000 1000 1000 1000 1000 
1000 1000 1000 1000 1000 1000 1000 1000 1000 1000 1000 1000 1000 1000 1000 1000 1000 1000 1000 1000 1000 1000 1000 1000 1000 1000 1000 1000 1000 1000 1000 1000 1000 1000 1000 1000 1000 1000 1000 1000 1000 1000 1000 1000 1000 1000 1000 1000 1000 1000 1000 1000 1000 1000 1000 1000 1000 1000 1000 1000 1000 1000 1000 1000 1000 1000 1000 1000 1000 1000 1000 1000 1000 1000 1000 1000 1000 1000 1000 1000 1000 1000 1000 1000 1000 1000 1000 1000 1000 1000 1000 1000 1000 1000 1000 1000 1000 1000 1000 1000 
38 40 12 20 44 24 31 10 9 13 24 35 27 27 27 34 32 33 41 36 29 13 33 25 22 10 24 26 16 43 14 32 37 22 29 20 43 32 14 11 38 24 18 23 43 25 30 17 44 30 26 32 12 12 43 23 21 28 45 20 45 32 38 27 15 11 30 39 41 21 39 13 13 14 32 22 18 45 43 18 36 37 36 17 14 25 12 22 39 35 20 17 38 42 45 24 41 32 39 26 
9 9 26 29 41 41 40 21 11 43 38 44 37 34 19 27 20 22 22 38 28 9 33 44 45 24 28 10 31 13 40 42 11 23 27 31 31 16 29 14 42 14 24 29 13 37 35 11 30 38 21 28 16 44 10 40 26 11 43 43 41 36 9 39 20 17 9 10 16 29 18 22 29 32 19 20 23 25 24 45 42 9 38 42 19 30 36 14 44 16 24 34 40 45 27 36 30 32 17 20 
15 9 24 19 15 45 18 18 24 43 19 31 39 21 38 26 41 31 15 10 34 14 13 23 40 38 12 12 27 23 33 15 36 29 15 39 27 18 40 17 21 31 10 33 29 38 43 41 29 44 23 22 26 43 36 19 42 39 36 32 38 14 31 17 28 27 11 43 24 17 25 41 22 35 26 40 36 19 31 18 34 28 9 27 10 21 38 18 33 42 26 12 27 15 22 39 12 41 42 31 
19 45 36 9 13 18 17 37 42 44 24 32 19 28 36 11 12 40 39 29 10 39 31 14 31 15 14 31 33 42 41 40 15 21 20 33 43 23 24 24 15 37 41 20 28 15 15 40 27 14 45 10 42 10 11 32 38 44 33 25 37 17 11 34 18 16 34 35 43 18 36 30 28 31 38 19 15 35 16 22 36 26 32 12 33 30 10 14 9 29 26 45 11 17 20 29 23 36 39 20 
1000 1000 1000 1000 1000 1000 1000 1000 1000 1000 1000 1000 1000 1000 1000 1000 1000 1000 1000 1000 1000 1000 1000 1000 1000 1000 1000 1000 1000 1000 1000 1000 1000 1000 1000 1000 1000 1000 1000 1000 1000 1000 1000 1000 1000 1000 1000 1000 1000 1000 1000 1000 1000 1000 1000 1000 1000 1000 1000 1000 1000 1000 1000 1000 1000 1000 1000 1000 1000 1000 1000 1000 1000 1000 1000 1000 1000 1000 1000 1000 1000 1000 1000 1000 1000 1000 1000 1000 1000 1000 1000 1000 1000 1000 1000 1000 1000 1000 1000 1000 
1000 1000 1000 1000 1000 1000 1000 1000 1000 1000 1000 1000 1000 1000 1000 1000 1000 1000 1000 1000 1000 1000 1000 1000 1000 1000 1000 1000 1000 1000 1000 1000 1000 1000 1000 1000 1000 1000 1000 1000 1000 1000 1000 1000 1000 1000 1000 1000 1000 1000 1000 1000 1000 1000 1000 1000 1000 1000 1000 1000 1000 1000 1000 1000 1000 1000 1000 1000 1000 1000 1000 1000 1000 1000 1000 1000 1000 1000 1000 1000 1000 1000 1000 1000 1000 1000 1000 1000 1000 1000 1000 1000 1000 1000 1000 1000 1000 1000 1000 1000 
1000 1000 1000 1000 1000 1000 1000 1000 1000 1000 1000 1000 1000 1000 1000 1000 1000 1000 1000 1000 1000 1000 1000 1000 1000 1000 1000 1000 1000 1000 1000 1000 1000 1000 1000 1000 1000 1000 1000 1000 1000 1000 1000 1000 1000 1000 1000 1000 1000 1000 1000 1000 1000 1000 1000 1000 1000 1000 1000 1000 1000 1000 1000 1000 1000 1000 1000 1000 1000 1000 1000 1000 1000 1000 1000 1000 1000 1000 1000 1000 1000 1000 1000 1000 1000 1000 1000 1000 1000 1000 1000 1000 1000 1000 1000 1000 1000 1000 1000 1000 
45 41 30 40 42 38 18 32 19 36 38 29 25 39 9 28 20 39 33 38 16 13 39 45 31 32 31 30 32 40 38 36 16 43 39 32 37 22 24 24 13 44 20 40 36 18 28 10 14 17 27 24 39 37 32 32 44 24 19 33 20 22 15 20 15 20 23 13 42 28 35 37 19 28 15 44 42 23 19 43 30 13 35 25 33 16 36 37 34 15 43 29 16 17 20 41 10 45 11 17 
1000 1000 1000 1000 1000 1000 1000 1000 1000 1000 1000 1000 1000 1000 1000 1000 1000 1000 1000 1000 1000 1000 1000 1000 1000 1000 1000 1000 1000 1000 1000 1000 1000 1000 1000 1000 1000 1000 1000 1000 1000 1000 1000 1000 1000 1000 1000 1000 1000 1000 1000 1000 1000 1000 1000 1000 1000 1000 1000 1000 1000 1000 1000 1000 1000 1000 1000 1000 1000 1000 1000 1000 1000 1000 1000 1000 1000 1000 1000 1000 1000 1000 1000 1000 1000 1000 1000 1000 1000 1000 1000 1000 1000 1000 1000 1000 1000 1000 1000 1000 
29 16 29 30 35 34 16 15 30 15 24 15 31 35 16 25 16 18 23 24 33 31 30 32 33 18 17 31 30 27 32 32 18 29 18 16 34 21 34 30 16 34 19 30 17 30 24 24 20 34 15 15 16 33 28 32 25 15 17 29 18 17 34 18 19 26 22 25 29 17 17 34 17 32 30 18 30 31 35 35 24 29 25 31 28 20 35 25 31 34 31 19 16 22 33 16 34 33 19 25 
17 35 18 28 26 28 20 22 24 31 35 29 32 34 30 25 18 27 31 35 16 23 18 32 30 15 24 25 35 32 33 24 15 29 15 22 29 30 27 20 17 33 31 21 32 15 35 31 31 30 35 26 18 22 32 16 28 22 18 33 28 15 17 20 22 31 29 31 21 33 29 20 30 29 17 32 17 25 22 26 30 32 15 20 33 27 29 33 22 15 33 31 26 17 22 32 17 35 35 34 
35 31 23 25 15 22 34 29 22 21 19 30 34 25 23 26 17 17 23 19 31 26 23 31 30 35 35 22 22 29 24 32 23 16 35 19 34 16 27 26 29 23 18 15 22 22 23 31 18 25 30 23 23 32 29 15 20 34 15 27 16 33 25 32 28 27 18 15 30 15 19 26 23 25 23 16 25 16 35 25 29 22 32 25 30 23 23 20 32 31 28 19 29 25 32 30 15 29 35 26 
35 32 25 19 31 29 28 34 15 21 17 20 34 17 27 29 16 18 25 27 16 26 17 27 28 26 29 30 31 19 27 33 17 19 21 27 24 16 17 19 34 23 27 34 32 28 18 30 16 29 25 28 34 28 16 28 33 35 22 17 20 15 32 25 30 24 23 15 16 32 15 32 30 20 19 17 17 21 35 25 15 29 29 33 15 34 35 21 19 16 20 25 33 20 30 22 17 34 16 16 
19 34 18 17 28 23 24 30 29 29 34 18 20 20 20 19 23 28 25 25 27 15 18 30 24 17 23 21 22 24 29 30 31 23 23 19 33 23 26 20 21 16 26 17 20 29 32 33 17 18 23 32 32 32 31 31 17 18 32 35 22 20 21 34 27 32 25 29 26 15 21 17 24 33 35 28 24 34 21 18 18 31 35 17 32 32 24 18 16 27 17 17 33 25 25 31 27 19 17 25 
35 19 16 29 20 25 22 15 31 35 31 24 24 26 30 18 25 28 26 18 20 34 19 19 17 29 23 21 28 26 30 19 23 30 16 30 31 21 32 28 16 21 33 27 33 21 23 30 25 16 33 23 30 17 27 15 16 22 27 17 16 20 19 33 34 21 22 19 30 25 32 20 18 30 22 18 16 23 19 24 28 20 29 21 35 31 35 23 17 27 17 29 27 31 27 19 30 35 18 18 
1000 1000 1000 1000 1000 1000 1000 1000 1000 1000 1000 1000 1000 1000 1000 1000 1000 1000 1000 1000 1000 1000 1000 1000 1000 1000 1000 1000 1000 1000 1000 1000 1000 1000 1000 1000 1000 1000 1000 1000 1000 1000 1000 1000 1000 1000 1000 1000 1000 1000 1000 1000 1000 1000 1000 1000 1000 1000 1000 1000 1000 1000 1000 1000 1000 1000 1000 1000 1000 1000 1000 1000 1000 1000 1000 1000 1000 1000 1000 1000 1000 1000 1000 1000 1000 1000 1000 1000 1000 1000 1000 1000 1000 1000 1000 1000 1000 1000 1000 1000 
25 23 19 30 25 17 17 27 15 16 18 16 32 27 22 20 22 26 24 31 20 30 24 21 34 26 17 15 29 34 28 19 17 32 35 35 19 18 18 35 19 24 31 28 16 28 18 18 35 16 26 34 23 21 32 26 34 28 15 32 20 22 25 15 17 20 18 24 19 25 31 20 17 35 18 24 20 26 23 24 21 19 25 17 29 34 22 32 29 34 25 35 33 32 32 16 21 23 26 21 
20 15 25 19 23 16 33 19 32 35 29 20 31 27 16 34 19 25 20 22 28 22 25 18 17 16 33 22 21 23 23 34 28 25 18 18 34 31 25 15 29 27 17 22 22 16 32 23 20 24 19 33 33 26 16 32 33 31 31 23 29 30 28 24 27 24 33 21 18 32 28 16 19 19 23 29 34 32 18 25 16 17 20 32 15 19 18 34 16 20 26 34 24 34 22 16 33 20 18 35 
30 34 17 32 23 18 19 32 16 19 20 25 31 34 19 20 25 27 30 29 22 27 23 18 15 24 30 23 22 20 31 22 16 21 33 35 20 30 22 30 24 29 28 30 31 33 16 33 15 34 16 19 21 16 20 28 22 30 33 18 28 23 34 19 19 19 15 15 29 17 30 19 21 33 16 23 35 26 19 17 27 26 32 27 15 23 35 24 32 30 20 27 21 18 18 29 21 35 35 24 
18 32 24 22 33 23 32 24 17 15 35 15 19 16 27 34 26 34 33 22 15 31 22 26 34 22 30 21 31 26 34 34 32 23 16 28 33 21 27 20 32 20 19 17 19 32 25 26 31 17 24 21 16 27 18 33 23 35 23 34 27 30 29 23 18 30 22 19 34 32 15 34 20 27 25 31 23 34 21 25 16 20 23 27 21 34 16 15 22 15 27 15 31 33 26 19 17 29 22 16 
15 26 32 28 31 22 35 26 26 30 23 29 27 18 26 22 20 26 35 35 29 28 21 35 34 31 33 30 22 33 24 25 29 32 19 28 30 22 15 23 25 20 22 29 34 20 19 34 15 22 18 21 19 16 24 15 23 17 24 17 26 26 28 23 32 17 16 15 21 17 32 25 21 20 18 35 19 30 32 24 17 28 16 16 18 35 35 18 15 28 27 17 30 31 35 24 17 31 32 19 
16 29 17 25 30 19 25 22 26 22 35 18 15 27 18 32 20 21 30 33 24 23 25 19 30 26 34 30 31 29 16 23 34 29 18 17 33 17 28 19 17 18 33 32 15 35 15 34 26 24 31 21 27 32 23 23 31 24 23 20 16 31 34 26 17 21 29 25 35 19 28 16 28 25 21 19 22 26 32 24 20 34 27 35 30 32 29 32 27 24 30 26 26 21 24 18 34 35 19 31 
30 31 20 27 16 29 15 29 25 20 27 26 21 27 30 32 28 25 22 28 31 33 20 23 32 21 34 18 25 23 22 21 34 33 15 23 27 17 20 21 16 29 26 27 15 18 30 28 31 29 26 34 23 26 29 16 25 21 24 32 19 35 19 25 31 35 19 23 28 18 33 26 15 32 23 32 23 33 21 33 31 19 30 25 31 19 21 26 33 16 35 28 24 21 34 16 35 18 16 32 
33 19 24 34 25 18 24 31 30 28 33 35 23 23 32 29 32 30 25 18 32 26 28 30 32 19 30 24 19 24 26 32 30 19 32 15 28 20 28 20 27 34 33 29 30 31 15 25 25 21 30 31 35 22 33 33 15 26 31 15 25 17 32 15 32 31 29 28 21 26 16 33 33 28 21 18 35 19 31 29 19 35 30 34 34 18 26 17 35 23 24 34 30 26 32 21 20 29 31 22 
21 32 35 17 31 26 17 35 34 35 34 22 24 19 20 29 32 20 31 32 17 33 15 27 28 31 15 15 29 34 33 19 28 19 25 26 19 30 35 29 18 17 29 21 29 26 33 25 18 27 17 19 22 21 29 15 20 34 34 21 26 27 23 30 27 35 19 26 19 15 32 19 16 29 35 25 32 21 26 15 24 20 22 35 22 29 23 33 29 27 19 32 29 33 16 15 27 17 29 35 
16 23 29 35 34 22 17 26 16 27 23 16 24 18 25 23 29 26 32 29 25 24 20 15 24 19 16 17 15 15 19 28 25 16 27 26 16 21 32 16 25 18 27 23 21 34 18 29 19 24 16 22 35 19 24 15 16 16 26 29 31 28 22 29 32 16 29 32 32 35 25 35 18 18 24 17 35 27 35 19 32 21 27 18 20 27 23 17 17 28 15 28 30 33 25 25 22 32 34 30 
33 15 19 34 27 23 28 24 26 28 27 18 20 27 25 23 21 19 29 22 28 26 22 28 19 26 30 23 21 31 31 27 32 31 17 31 19 32 16 28 21 27 19 25 28 31 28 22 26 26 34 27 23 26 20 18 32 15 26 27 18 35 25 35 19 35 15 19 34 15 25 33 31 25 23 20 22 18 21 23 21 15 20 15 17 22 23 21 35 28 27 21 18 31 22 32 35 27 17 28 
1000 1000 1000 1000 1000 1000 1000 1000 1000 1000 1000 1000 1000 1000 1000 1000 1000 1000 1000 1000 1000 1000 1000 1000 1000 1000 1000 1000 1000 1000 1000 1000 1000 1000 1000 1000 1000 1000 1000 1000 1000 1000 1000 1000 1000 1000 1000 1000 1000 1000 1000 1000 1000 1000 1000 1000 1000 1000 1000 1000 1000 1000 1000 1000 1000 1000 1000 1000 1000 1000 1000 1000 1000 1000 1000 1000 1000 1000 1000 1000 1000 1000 1000 1000 1000 1000 1000 1000 1000 1000 1000 1000 1000 1000 1000 1000 1000 1000 1000 1000 
20 32 20 16 19 16 24 28 18 32 24 18 16 29 19 28 24 26 33 25 22 15 31 24 19 27 29 35 33 20 16 25 33 34 16 29 22 24 16 19 21 33 35 33 15 15 25 16 27 31 29 21 29 17 19 27 28 28 26 23 32 23 21 32 28 35 18 32 19 35 18 26 29 25 15 22 27 33 22 31 15 33 15 28 22 15 16 25 23 18 25 19 31 32 17 20 27 25 26 30 
19 16 29 25 22 18 26 15 31 30 25 31 28 20 27 35 32 33 31 17 33 35 18 19 16 31 18 32 18 18 26 23 26 28 26 22 30 26 29 21 33 33 18 19 34 22 28 19 30 31 31 25 33 35 15 15 32 35 24 18 24 17 30 19 32 21 16 20 26 18 27 35 31 24 26 33 24 34 15 31 26 34 18 26 27 23 24 22 33 32 22 22 16 28 23 28 17 17 23 21 
32 18 27 20 15 22 30 29 18 34 19 23 34 16 19 23 31 33 35 18 26 32 30 29 15 35 15 15 25 16 27 30 17 34 31 25 32 22 24 30 17 17 31 27 22 35 19 25 15 18 32 32 16 24 35 23 17 25 17 22 19 16 30 15 28 17 18 15 20 21 15 20 19 24 32 33 35 32 31 19 26 19 30 24 28 31 22 31 29 23 18 35 29 20 18 26 26 28 25 24 
1000 1000 1000 1000 1000 1000 1000 1000 1000 1000 1000 1000 1000 1000 1000 1000 1000 1000 1000 1000 1000 1000 1000 1000 1000 1000 1000 1000 1000 1000 1000 1000 1000 1000 1000 1000 1000 1000 1000 1000 1000 1000 1000 1000 1000 1000 1000 1000 1000 1000 1000 1000 1000 1000 1000 1000 1000 1000 1000 1000 1000 1000 1000 1000 1000 1000 1000 1000 1000 1000 1000 1000 1000 1000 1000 1000 1000 1000 1000 1000 1000 1000 1000 1000 1000 1000 1000 1000 1000 1000 1000 1000 1000 1000 1000 1000 1000 1000 1000 1000 
25 35 34 24 30 35 31 31 23 32 31 25 23 32 22 27 23 20 34 31 29 23 25 17 21 27 27 29 27 18 20 21 26 32 19 32 33 19 23 30 27 22 34 27 33 25 35 33 35 32 25 25 18 31 16 25 30 17 32 16 25 18 29 25 19 25 34 22 32 30 21 20 25 18 29 35 27 24 27 23 21 25 26 35 21 32 16 29 17 20 35 23 29 17 35 33 25 24 28 20 
16 29 33 31 15 15 26 30 18 35 27 15 34 20 32 31 15 23 21 29 22 35 21 23 35 33 15 30 24 16 35 21 17 17 22 33 17 32 23 34 16 27 29 32 19 17 29 20 28 20 23 30 21 34 22 31 16 23 33 16 35 30 25 28 29 35 27 20 19 27 18 19 35 27 24 21 19 15 35 34 27 27 25 25 29 31 33 17 20 23 25 31 34 34 23 34 21 15 34 17 
1000 1000 1000 1000 1000 1000 1000 1000 1000 1000 1000 1000 1000 1000 1000 1000 1000 1000 1000 1000 1000 1000 1000 1000 1000 1000 1000 1000 1000 1000 1000 1000 1000 1000 1000 1000 1000 1000 1000 1000 1000 1000 1000 1000 1000 1000 1000 1000 1000 1000 1000 1000 1000 1000 1000 1000 1000 1000 1000 1000 1000 1000 1000 1000 1000 1000 1000 1000 1000 1000 1000 1000 1000 1000 1000 1000 1000 1000 1000 1000 1000 1000 1000 1000 1000 1000 1000 1000 1000 1000 1000 1000 1000 1000 1000 1000 1000 1000 1000 1000 
1000 1000 1000 1000 1000 1000 1000 1000 1000 1000 1000 1000 1000 1000 1000 1000 1000 1000 1000 1000 1000 1000 1000 1000 1000 1000 1000 1000 1000 1000 1000 1000 1000 1000 1000 1000 1000 1000 1000 1000 1000 1000 1000 1000 1000 1000 1000 1000 1000 1000 1000 1000 1000 1000 1000 1000 1000 1000 1000 1000 1000 1000 1000 1000 1000 1000 1000 1000 1000 1000 1000 1000 1000 1000 1000 1000 1000 1000 1000 1000 1000 1000 1000 1000 1000 1000 1000 1000 1000 1000 1000 1000 1000 1000 1000 1000 1000 1000 1000 1000 
1000 1000 1000 1000 1000 1000 1000 1000 1000 1000 1000 1000 1000 1000 1000 1000 1000 1000 1000 1000 1000 1000 1000 1000 1000 1000 1000 1000 1000 1000 1000 1000 1000 1000 1000 1000 1000 1000 1000 1000 1000 1000 1000 1000 1000 1000 1000 1000 1000 1000 1000 1000 1000 1000 1000 1000 1000 1000 1000 1000 1000 1000 1000 1000 1000 1000 1000 1000 1000 1000 1000 1000 1000 1000 1000 1000 1000 1000 1000 1000 1000 1000 1000 1000 1000 1000 1000 1000 1000 1000 1000 1000 1000 1000 1000 1000 1000 1000 1000 1000 
28 33 33 35 22 33 34 31 33 25 25 16 33 19 23 34 35 27 27 35 31 20 22 22 26 29 31 15 32 21 18 33 34 15 19 25 28 32 16 26 32 15 20 19 23 21 16 16 16 28 18 32 35 27 31 26 23 22 35 26 23 33 29 19 31 22 28 35 28 18 23 30 22 17 31 23 30 32 32 31 18 20 28 19 33 23 15 17 16 15 31 35 15 27 35 20 18 23 17 22 
28 22 35 33 33 17 20 33 33 19 35 28 23 26 33 25 17 16 33 29 34 34 33 28 35 34 20 30 33 30 34 29 17 34 26 29 15 34 34 34 33 30 35 34 15 33 15 20 24 20 17 17 29 26 32 19 29 26 29 25 23 23 15 33 15 20 24 18 21 33 20 33 23 18 17 17 29 26 16 26 16 33 16 32 32 21 21 26 33 35 25 15 34 21 22 22 18 26 25 23 
24 33 27 28 28 32 24 29 26 28 29 17 25 30 23 17 31 30 30 25 17 30 17 24 30 29 18 24 29 25 21 26 32 18 34 34 26 17 23 16 19 24 23 17 33 17 17 16 21 33 18 25 32 27 34 32 20 22 30 33 25 28 28 31 17 21 15 29 32 32 16 32 35 16 26 20 28 26 28 32 21 32 26 20 16 27 30 34 18 24 23 32 16 27 27 15 22 23 27 32 
1000 1000 1000 1000 1000 1000 1000 1000 1000 1000 1000 1000 1000 1000 1000 1000 1000 1000 1000 1000 1000 1000 1000 1000 1000 1000 1000 1000 1000 1000 1000 1000 1000 1000 1000 1000 1000 1000 1000 1000 1000 1000 1000 1000 1000 1000 1000 1000 1000 1000 1000 1000 1000 1000 1000 1000 1000 1000 1000 1000 1000 1000 1000 1000 1000 1000 1000 1000 1000 1000 1000 1000 1000 1000 1000 1000 1000 1000 1000 1000 1000 1000 1000 1000 1000 1000 1000 1000 1000 1000 1000 1000 1000 1000 1000 1000 1000 1000 1000 1000 
35 22 25 28 15 32 29 20 28 27 34 28 24 30 16 30 24 35 28 16 26 32 35 35 16 19 15 31 26 23 24 28 24 28 27 27 28 24 17 31 16 19 29 17 22 23 31 18 26 33 21 20 17 33 29 22 32 31 28 29 17 33 33 22 17 16 16 26 17 28 31 16 27 15 23 17 35 19 26 33 24 19 19 28 30 32 26 17 19 33 27 34 24 34 35 23 21 21 15 15 
23 30 15 16 17 19 19 19 17 21 15 20 32 23 29 20 21 31 19 27 29 31 30 25 27 34 23 27 35 35 23 29 22 24 29 24 28 16 35 23 20 17 26 31 16 20 25 34 16 30 33 31 17 31 21 30 19 33 27 15 31 35 25 32 32 35 35 33 28 35 18 33 31 23 17 27 29 15 22 19 20 22 21 23 15 26 25 32 17 17 20 27 29 22 33 34 26 21 34 15 
31 25 22 29 24 26 26 28 17 28 25 33 25 33 23 28 32 34 29 17 17 25 24 23 35 35 35 20 35 31 19 19 22 23 35 35 17 31 33 22 23 29 16 23 22 20 35 24 26 34 18 20 21 27 24 15 32 21 29 17 28 34 34 29 30 15 23 15 35 32 25 17 24 20 35 22 26 20 32 19 33 16 33 17 32 24 30 33 16 23 34 27 27 34 29 25 25 28 31 27 
31 20 29 19 30 24 26 30 31 21 16 22 26 30 18 21 30 32 18 17 19 25 19 17 16 33 17 19 18 33 31 28 18 24 29 35 22 20 17 16 28 31 22 31 23 28 35 18 33 18 35 15 29 29 33 18 24 27 17 23 26 15 30 26 31 27 29 35 15 18 21 16 25 34 28 17 25 34 24 24 23 27 27 35 27 17 25 29 22 25 31 29 21 34 19 28 25 15 32 33 
34 22 18 28 30 28 17 19 32 22 30 16 22 32 26 35 30 26 35 19 26 25 27 16 31 29 26 28 18 26 16 24 31 23 16 35 29 25 21 23 23 21 32 23 18 23 32 30 18 30 23 21 32 27 30 25 32 19 27 18 15 32 19 35 21 18 15 20 30 32 18 35 27 31 25 25 35 26 26 17 32 15 33 31 16 28 21 34 15 27 28 20 24 23 15 25 27 20 34 15 
28 20 28 19 28 28 16 24 28 22 34 28 23 34 21 22 29 23 17 21 15 26 21 31 15 32 20 34 24 25 32 26 21 23 18 23 31 32 23 20 20 22 18 23 23 15 18 27 30 30 17 20 23 31 34 29 16 33 33 34 31 20 18 17 27 32 34 32 34 31 18 18 22 16 35 22 27 34 33 31 33 17 25 31 34 18 23 20 28 29 18 17 25 31 18 34 18 30 26 31 
15 16 23 33 23 25 27 16 26 22 23 23 22 30 30 18 23 25 18 32 34 33 30 32 18 33 30 34 21 32 31 33 23 28 35 28 35 35 19 26 33 35 16 26 28 33 29 26 20 34 28 16 27 19 29 26 35 32 23 18 29 35 30 20 32 17 34 34 22 35 27 28 33 25 25 28 25 16 19 27 18 18 21 33 18 18 25 29 17 24 35 15 27 33 23 28 20 35 24 30 
1000 1000 1000 1000 1000 1000 1000 1000 1000 1000 1000 1000 1000 1000 1000 1000 1000 1000 1000 1000 1000 1000 1000 1000 1000 1000 1000 1000 1000 1000 1000 1000 1000 1000 1000 1000 1000 1000 1000 1000 1000 1000 1000 1000 1000 1000 1000 1000 1000 1000 1000 1000 1000 1000 1000 1000 1000 1000 1000 1000 1000 1000 1000 1000 1000 1000 1000 1000 1000 1000 1000 1000 1000 1000 1000 1000 1000 1000 1000 1000 1000 1000 1000 1000 1000 1000 1000 1000 1000 1000 1000 1000 1000 1000 1000 1000 1000 1000 1000 1000 
30 15 20 23 29 22 19 24 17 24 31 32 33 34 28 35 32 26 22 27 20 30 35 24 24 27 21 32 23 31 29 19 32 21 34 35 25 32 32 15 22 18 30 31 25 20 17 34 19 18 27 22 34 15 25 22 25 27 15 33 30 20 35 32 24 16 16 27 32 35 24 32 23 34 29 20 15 24 18 26 22 20 18 29 15 19 19 22 23 17 15 28 29 22 25 30 21 33 29 22 
33 25 35 32 34 35 33 32 30 30 27 33 26 20 27 35 35 15 18 29 19 19 24 22 22 23 20 32 31 21 20 35 22 25 22 23 27 17 33 21 32 23 28 29 34 28 24 18 35 21 27 17 25 24 32 27 27 35 34 23 32 33 19 35 32 17 18 26 23 24 29 34 33 16 20 27 15 35 32 29 35 24 23 31 32 25 15 30 20 33 23 25 30 30 22 29 27 30 32 30 
33 19 32 20 26 18 28 34 15 24 22 27 15 32 28 34 25 29 19 30 23 30 32 30 30 23 34 27 18 34 28 32 32 35 27 27 15 25 32 35 25 20 21 29 17 34 27 15 19 28 15 33 35 26 32 16 16 32 35 24 25 21 27 31 29 29 26 15 24 15 27 16 17 35 18 15 19 23 30 33 22 29 27 25 27 23 34 28 23 23 21 23 16 28 22 27 25 23 21 23 
20 34 21 20 21 21 25 20 34 23 27 19 15 26 17 31 27 23 18 17 35 30 32 22 25 16 23 20 21 20 35 17 25 29 15 26 28 32 20 25 24 15 19 23 32 20 22 16 25 24 20 27 24 34 20 19 35 30 23 16 35 20 35 19 18 23 27 34 22 24 22 19 28 26 31 22 25 25 16 20 22 25 16 22 19 28 17 18 33 32 30 29 22 24 17 20 16 17 19 24 
22 23 24 19 16 29 34 34 16 30 31 18 20 20 24 28 18 15 21 18 18 29 18 30 33 29 28 32 26 23 26 22 21 18 29 30 32 20 35 29 32 28 28 19 15 34 16 17 23 26 17 20 27 27 34 27 31 33 28 17 24 32 21 18 32 30 33 26 30 25 22 20 21 20 19 31 31 29 18 21 15 19 15 27 24 29 22 18 29 28 33 29 26 32 35 29 15 34 26 27 
24 29 25 33 31 23 34 16 34 22 22 17 26 16 24 29 26 21 25 26 25 27 26 16 26 25 17 19 28 22 19 21 27 26 15 28 27 34 33 21 18 17 28 30 22 22 25 31 24 34 25 19 30 16 28 17 16 28 17 18 18 19 25 16 18 24 25 21 24 34 18 24 20 34 31 26 33 31 19 20 30 33 25 26 20 16 23 18 28 25 19 22 32 23 16 22 32 15 21 31 
25 35 31 23 15 29 21 24 30 32 28 33 25 29 31 17 24 29 30 28 32 16 17 21 29 20 18 16 25 16 15 26 30 23 16 20 17 28 27 21 18 15 32 33 34 21 23 19 26 35 20 29 33 18 32 16 27 22 16 25 16 16 15 28 27 18 32 21 17 15 26 30 22 31 16 35 22 22 33 15 29 34 31 23 28 23 25 18 28 32 25 22 19 31 27 28 27 15 23 27 
22 19 16 23 31 26 22 15 29 18 15 21 33 21 28 35 31 15 26 33 19 34 33 16 21 27 25 35 16 26 28 24 28 33 17 33 26 34 23 29 26 24 27 21 30 27 24 25 31 33 20 24 30 23 15 32 24 33 27 20 30 15 16 26 33 28 21 32 25 21 23 25 28 30 26 28 17 33 33 24 33 21 21 26 21 35 16 32 20 33 34 22 15 30 31 33 26 17 35 19 
20 21 21 23 24 30 17 19 28 22 18 24 30 30 34 27 29 35 35 31 24 19 21 31 26 34 30 18 15 21 24 15 19 18 29 18 31 33 26 20 24 21 24 25 34 18 16 31 32 15 32 31 23 17 28 31 19 26 35 17 23 26 15 20 20 31 25 19 32 18 21 26 34 27 21 35 26 17 17 27 31 15 21 34 28 21 24 16 21 33 26 22 20 25 19 24 15 21 28 35 
1000 1000 1000 1000 1000 1000 1000 1000 1000 1000 1000 1000 1000 1000 1000 1000 1000 1000 1000 1000 1000 1000 1000 1000 1000 1000 1000 1000 1000 1000 1000 1000 1000 1000 1000 1000 1000 1000 1000 1000 1000 1000 1000 1000 1000 1000 1000 1000 1000 1000 1000 1000 1000 1000 1000 1000 1000 1000 1000 1000 1000 1000 1000 1000 1000 1000 1000 1000 1000 1000 1000 1000 1000 1000 1000 1000 1000 1000 1000 1000 1000 1000 1000 1000 1000 1000 1000 1000 1000 1000 1000 1000 1000 1000 1000 1000 1000 1000 1000 1000 
19 20 35 32 31 17 32 21 21 24 18 17 32 25 18 33 30 17 22 16 21 16 33 29 21 25 15 15 23 28 32 21 33 29 24 35 32 28 20 16 21 17 16 27 16 19 17 33 30 17 35 24 31 26 33 28 24 35 23 23 30 21 28 25 25 17 21 32 15 17 23 24 32 25 28 31 17 20 31 24 22 18 25 29 22 31 32 29 30 19 19 29 28 18 18 35 30 29 35 21 
23 27 20 33 35 29 28 25 30 20 23 26 26 28 29 33 20 28 22 22 35 28 24 28 16 20 28 30 33 21 24 15 28 16 20 27 30 20 24 30 27 21 19 31 20 27 20 20 31 15 18 23 15 28 24 25 23 23 28 27 17 17 29 18 32 23 20 29 30 26 27 19 33 22 34 26 29 25 20 27 21 29 22 31 17 25 19 27 22 22 28 35 26 32 33 34 29 31 19 35 
26 23 17 31 32 29 32 34 31 26 19 29 32 35 16 32 27 31 33 15 16 22 16 19 26 27 35 33 21 16 31 29 27 35 21 19 16 26 28 35 35 29 20 21 21 24 24 26 25 15 20 28 15 20 33 23 31 25 30 23 33 17 24 18 24 15 30 15 26 26 24 15 24 32 35 21 32 31 29 26 25 32 22 16 15 34 16 35 25 27 28 18 27 22 16 30 24 32 24 32 
15 32 28 23 18 27 22 18 15 32 28 30 20 15 24 27 20 31 34 22 23 21 18 31 24 28 23 24 34 32 15 35 31 26 17 25 32 21 27 19 15 15 24 29 34 31 20 21 22 18 22 17 33 34 31 18 35 27 29 16 17 33 16 35 25 32 18 15 23 32 25 30 33 29 28 19 18 22 34 27 34 27 19 19 23 21 15 21 20 35 19 16 20 30 33 20 19 34 23 15 
19 15 31 29 25 34 28 18 22 30 15 25 20 28 32 19 20 35 25 33 33 22 28 22 33 23 33 25 22 16 15 28 23 19 32 20 27 31 18 34 16 30 17 30 27 15 33 25 15 35 22 21 27 26 16 21 33 28 27 20 24 16 17 31 32 27 35 24 23 26 25 19 24 30 35 21 23 28 29 32 25 28 24 16 15 15 18 33 21 22 19 24 28 35 29 17 16 20 29 18 
25 35 22 22 21 19 21 21 30 34 28 31 33 26 21 21 34 22 35 15 17 35 32 24 28 22 28 34 26 15 31 19 33 29 33 16 19 34 26 25 22 33 29 23 24 20 21 28 26 20 32 31 16 34 15 15 29 21 32 26 34 26 21 35 20 20 16 17 34 15 16 30 29 31 15 33 33 33 30 18 24 18 16 23 31 27 16 15 25 22 34 25 35 28 19 29 28 18 24 25 
15 30 18 33 34 15 21 28 24 33 34 35 22 26 32 17 28 16 30 23 21 23 30 16 27 28 25 31 26 25 23 35 20 16 23 19 16 32 20 19 24 18 32 26 32 30 21 33 34 35 33 17 26 27 24 34 18 29 29 16 32 33 28 29 23 27 34 32 16 24 17 25 24 30 23 24 15 23 25 30 22 26 33 27 20 22 15 32 35 22 23 28 33 18 30 34 34 30 31 30 
32 20 33 20 34 30 32 30 35 35 35 19 24 30 21 28 17 35 31 33 21 19 33 27 34 19 30 28 26 34 29 33 23 26 17 29 19 22 33 19 21 19 15 31 18 18 31 25 30 17 31 25 23 15 25 29 31 34 28 19 25 22 22 20 18 25 19 18 30 32 28 35 27 15 25 31 16 32 30 26 25 33 21 35 34 18 21 17 22 35 19 18 32 26 25 22 30 22 29 26 
19 35 15 24 30 18 31 15 23 24 16 19 31 19 27 15 21 25 24 29 21 21 31 19 30 20 22 28 16 23 31 32 32 28 25 35 29 26 15 31 17 16 31 21 26 34 27 21 16 35 26 34 29 30 35 31 34 23 20 19 26 26 29 20 32 27 32 21 28 17 32 26 27 16 26 20 34 22 22 34 28 34 30 18 27 28 35 18 31 33 16 33 16 18 28 23 26 29 17 34 
21 24 32 31 21 17 35 32 25 28 29 34 27 17 16 22 26 27 25 27 25 16 21 16 22 23 28 17 25 26 27 19 18 34 24 24 29 29 26 26 20 19 27 24 33 22 28 15 20 21 32 23 19 21 30 22 27 19 22 22 32 20 31 17 17 35 28 23 20 33 27 31 18 30 29 29 25 22 16 16 19 23 30 27 32 32 16 34 16 19 34 33 31 15 19 21 34 16 29 29 
32 23 20 24 18 34 25 16 19 34 25 18 27 34 35 21 15 28 26 23 34 23 35 20 23 25 27 32 30 15 16 16 30 18 19 31 35 25 32 27 30 25 29 20 24 19 34 18 32 26 27 31 23 15 34 18 22 35 33 15 29 31 31 17 19 21 29 30 29 30 28 30 15 22 23 29 24 20 31 35 27 16 35 26 17 20 27 16 29 16 26 17 15 22 29 32 30 35 20 29 
31 33 25 24 17 24 30 17 24 29 21 33 20 22 19 15 20 22 29 19 15 15 33 18 34 32 25 20 18 18 18 34 35 20 15 35 33 35 26 31 25 19 32 23 35 29 28 20 29 35 29 21 25 26 24 21 19 20 17 30 34 26 28 18 17 21 23 18 25 25 34 35 23 29 27 20 26 35 21 16 28 19 28 23 23 22 24 24 26 31 24 23 27 27 22 15 33 16 15 28 
1000 1000 1000 1000 1000 1000 1000 1000 1000 1000 1000 1000 1000 1000 1000 1000 1000 1000 1000 1000 1000 1000 1000 1000 1000 1000 1000 1000 1000 1000 1000 1000 1000 1000 1000 1000 1000 1000 1000 1000 1000 1000 1000 1000 1000 1000 1000 1000 1000 1000 1000 1000 1000 1000 1000 1000 1000 1000 1000 1000 1000 1000 1000 1000 1000 1000 1000 1000 1000 1000 1000 1000 1000 1000 1000 1000 1000 1000 1000 1000 1000 1000 1000 1000 1000 1000 1000 1000 1000 1000 1000 1000 1000 1000 1000 1000 1000 1000 1000 1000 
32 29 16 15 18 31 32 30 33 23 27 20 31 28 25 26 27 23 22 34 19 17 17 32 28 26 28 17 27 25 15 21 26 24 20 29 34 25 29 17 19 23 35 20 15 19 32 19 23 32 26 32 27 26 30 32 28 33 35 15 34 22 19 26 35 17 26 17 35 32 24 31 18 22 29 33 27 19 15 34 27 15 18 27 26 17 17 21 28 25 26 29 26 34 34 18 32 23 27 29 
34 24 35 25 23 30 31 34 16 27 26 29 29 18 28 28 27 30 31 34 26 15 24 29 31 26 23 30 16 15 29 18 28 23 29 15 28 20 20 33 17 28 22 23 32 30 28 31 35 17 33 18 29 27 28 21 31 19 24 15 25 18 20 23 33 33 27 25 28 21 35 31 24 33 33 20 33 34 23 31 31 35 18 30 32 19 32 20 25 15 25 19 33 29 32 29 15 35 20 19 
20 19 22 18 26 19 35 26 18 25 25 23 33 19 28 29 23 18 20 19 26 19 17 19 32 27 19 26 32 18 28 22 32 23 20 31 26 31 26 25 25 17 17 21 22 33 26 23 25 23 23 23 18 29 32 27 24 27 27 26 25 24 19 34 33 15 15 35 35 29 27 21 31 29 18 21 16 32 20 35 32 31 16 20 30 31 16 20 24 34 27 22 18 17 31 28 33 18 19 23 
26 19 17 35 32 35 24 28 21 28 17 29 26 19 30 32 15 27 32 18 35 15 34 30 22 22 35 29 19 27 23 20 23 31 18 16 25 18 15 25 33 34 34 15 23 17 28 33 22 18 20 24 35 23 29 16 22 17 15 18 18 33 29 16 29 19 23 22 25 30 32 25 22 15 15 26 33 30 19 29 25 27 21 18 22 18 27 29 18 20 22 20 20 16 17 22 27 34 26 15 
26 17 26 28 34 26 22 23 18 24 24 30 34 28 29 28 28 18 15 19 23 31 25 16 25 15 30 29 15 20 33 33 15 34 34 19 20 19 34 32 30 18 15 24 27 23 27 32 33 29 29 31 31 27 24 22 20 22 28 24 17 32 34 18 29 33 19 16 33 26 26 33 35 17 35 15 26 32 29 26 26 20 17 22 31 25 32 35 32 29 26 27 24 19 27 23 30 17 16 33 
32 15 22 28 32 27 19 18 31 32 30 15 16 18 30 30 21 17 22 32 34 34 33 22 21 26 17 18 26 29 19 16 29 17 28 23 16 19 26 22 25 33 16 19 21 30 31 30 30 28 17 16 33 22 32 22 32 35 30 18 19 33 30 26 34 35 20 25 32 21 20 21 31 26 33 32 22 18 18 21 31 18 32 22 15 32 25 19 29 20 21 22 28 20 18 30 34 33 19 32 
1000 1000 1000 1000 1000 1000 1000 1000 1000 1000 1000 1000 1000 1000 1000 1000 1000 1000 1000 1000 1000 1000 1000 1000 1000 1000 1000 1000 1000 1000 1000 1000 1000 1000 1000 1000 1000 1000 1000 1000 1000 1000 1000 1000 1000 1000 1000 1000 1000 1000 1000 1000 1000 1000 1000 1000 1000 1000 1000 1000 1000 1000 1000 1000 1000 1000 1000 1000 1000 1000 1000 1000 1000 1000 1000 1000 1000 1000 1000 1000 1000 1000 1000 1000 1000 1000 1000 1000 1000 1000 1000 1000 1000 1000 1000 1000 1000 1000 1000 1000 
0 0 0 0 0 0 0 0 0 0 0 0 0 0 0 0 0 0 0 0 0 0 0 0 0 0 0 0 0 0 0 0 0 0 0 0 0 0 0 0 0 0 0 0 0 0 0 0 0 0 0 0 0 0 0 0 0 0 0 0 0 0 0 0 0 0 0 0 0 0 0 0 0 0 0 0 0 0 0 0 0 0 0 0 0 0 0 0 0 0 0 0 0 0 0 0 0 0 0 0 
0 0 0 0 0 0 0 0 0 0 0 0 0 0 0 0 0 0 0 0 0 0 0 0 0 0 0 0 0 0 0 0 0 0 0 0 0 0 0 0 0 0 0 0 0 0 0 0 0 0 0 0 0 0 0 0 0 0 0 0 0 0 0 0 0 0 0 0 0 0 0 0 0 0 0 0 0 0 0 0 0 0 0 0 0 0 0 0 0 0 0 0 0 0 0 0 0 0 0 0 
0 0 1.0 0 0 0.5333333333333333 0 0.6666666666666667 0 0 0.6666666666666667 0.4 0 0 0 1.0 0 0.5333333333333333 0 0.06666666666666665 0 0 0 0 0 0 0.1333333333333333 0 0.4 0 0 0 0.5333333333333333 0 0 0.6 0 0 0 0 0.6 0 0 0.8666666666666667 0 0.7333333333333334 0.2666666666666667 0 0 0 0 0 0 0 0 0 0.8666666666666667 0.4 0.1333333333333333 0.4 0 0.5333333333333333 0 0.4 0 1 0 0.8666666666666667 0 0 0 0.1333333333333333 0.7333333333333334 0 0 0 0.8666666666666667 0.4 0.8666666666666667 0 0 0.2666666666666667 0.6 0 0 0 0 0.5333333333333333 0 0.5333333333333333 0 0 0.1333333333333333 0.6 0.4666666666666667 0 0 0.6666666666666667 0 0.2666666666666667 
0 0.9333333333333333 0 0 0.1333333333333333 0.8666666666666667 0 0 0.4 0.4 0.8 0.19999999999999996 0 0 0 0.8666666666666667 0.6 0 0.4 0 0 0 0.8666666666666667 0 0 0 0 0 0 0 0 0 0 0 0 0.6666666666666667 0.33333333333333337 0 0.4 0.4666666666666667 0.8666666666666667 0 0.9333333333333333 0.6666666666666667 0 0 0 0.8 0.7333333333333334 0 0 0.9333333333333333 0 0 0 0.4 0 0 0 0 1 0.19999999999999996 0 0.6666666666666667 1.0 0.8 1 0.8 0 0 0.8666666666666667 0.6666666666666667 0.4666666666666667 0 0.33333333333333337 0.1333333333333333 0 0 0.8 0 0 0 0.4 0.5333333333333333 0 0 0 0.33333333333333337 0.6666666666666667 0 0.33333333333333337 0 0 0.4666666666666667 0 0 0 0 0 0.6666666666666667 
0 0 0.8666666666666667 0 0.5333333333333333 0.6666666666666667 0 0 0 1 0 0 0 0.6666666666666667 0.2666666666666667 0.33333333333333337 0.9333333333333333 0.8666666666666667 0 0.4 1.0 0 0.5333333333333333 0 0.1333333333333333 0 0 0 0 1.0 0 0.06666666666666665 0.0 0 0.0 1 0 0 0 0 0 0.7333333333333334 0 0.4666666666666667 0 0 0.4 0 0 0.1333333333333333 0 0 0 0.06666666666666665 0 0.5333333333333333 0 0 1.0 0 0.6 0 0 0.2666666666666667 0 0 0 0 0.9333333333333333 0.6 0 0.1333333333333333 0 0.8 0 0.4666666666666667 0.8666666666666667 0 0 0 0 0 0.6666666666666667 0.5333333333333333 0 0 0.8666666666666667 0.33333333333333337 0 0 0.8666666666666667 0 0 0.06666666666666665 0 0 0 0 0 0 
0 0.1333333333333333 0 1.0 0 0.6 0 1 0 0 0.33333333333333337 0 0 0.4 0.8666666666666667 0 0.9333333333333333 0.8666666666666667 0 0 0 0 0.4666666666666667 0.8 0 0 0 0.7333333333333334 0.2666666666666667 0.1333333333333333 0.5333333333333333 0 0 0 0 0 0 0 0.19999999999999996 0 0 0 0 0 0.7333333333333334 0.4666666666666667 0.4 0 0 0.2666666666666667 0.0 0 1.0 0.33333333333333337 0.8 0.19999999999999996 0.8 0.0 0.7333333333333334 0 1 0.8 0 0.9333333333333333 0 0.7333333333333334 0 0 0 0 1 0 0 0 0 0 0 0.4666666666666667 0.9333333333333333 0.4 0 0.0 0 0 0 0.6 0.1333333333333333 0.2666666666666667 0 0.33333333333333337 0.33333333333333337 0 0 0 0 0.7333333333333334 0.06666666666666665 0 0.1333333333333333 0 
0 0 0 0.33333333333333337 0 0 0 0 0.0 0 0 0.33333333333333337 0 0.5333333333333333 0.7333333333333334 0.06666666666666665 0.06666666666666665 0 0 0.4666666666666667 0 0 0 0.8666666666666667 0 0 0 0 0 0.19999999999999996 0 0 0 0 0.19999999999999996 0 0 0 0.6666666666666667 0 0.6666666666666667 0.7333333333333334 0.06666666666666665 0 0.4666666666666667 0 0 0 0.19999999999999996 0 0 0 0.0 0 0 0 0 0.9333333333333333 0.2666666666666667 0 0.2666666666666667 0.06666666666666665 0.9333333333333333 0 0 0 0 0.2666666666666667 0 1 0.06666666666666665 0 0.6666666666666667 0 0.4666666666666667 0.6 0.7333333333333334 0 0 1 0 0 0.06666666666666665 0.4666666666666667 0.4 0.4666666666666667 0.5333333333333333 0.33333333333333337 0.7333333333333334 0.1333333333333333 0 0 0 0.19999999999999996 0 0 0.19999999999999996 0.6666666666666667 0 0 
0 0 0 0 0 0 0 0 0 0 0 0 0 0 0 0 0 0 0 0 0 0 0 0 0 0 0 0 0 0 0 0 0 0 0 0 0 0 0 0 0 0 0 0 0 0 0 0 0 0 0 0 0 0 0 0 0 0 0 0 0 0 0 0 0 0 0 0 0 0 0 0 0 0 0 0 0 0 0 0 0 0 0 0 0 0 0 0 0 0 0 0 0 0 0 0 0 0 0 0 
0 0 0 0 0 0 0 0 0 0 0 0 0 0 0 0 0 0 0 0 0 0 0 0 0 0 0 0 0 0 0 0 0 0 0 0 0 0 0 0 0 0 0 0 0 0 0 0 0 0 0 0 0 0 0 0 0 0 0 0 0 0 0 0 0 0 0 0 0 0 0 0 0 0 0 0 0 0 0 0 0 0 0 0 0 0 0 0 0 0 0 0 0 0 0 0 0 0 0 0 
0 0 0.19999999999999996 0 0 0 0 0.8666666666666667 0.8666666666666667 0 0 0.5333333333333333 0 0.0 0.6666666666666667 0 0 0 0.19999999999999996 1.0 0.5333333333333333 0 0 0 0 0 0 0 0 1 0.6 0.33333333333333337 0 1 0.9333333333333333 1 0 0.5333333333333333 0 0.06666666666666665 0 0.0 0 0 0 0 0 0.5333333333333333 0 0.8 0 0.6666666666666667 0 0.6666666666666667 0.7333333333333334 0.5333333333333333 0 0.06666666666666665 0.1333333333333333 0.1333333333333333 0.06666666666666665 0.06666666666666665 0 0 0.33333333333333337 0.6 0 0.19999999999999996 0 0 1.0 0.06666666666666665 0.7333333333333334 0 0.8 0 0 0 0.7333333333333334 0 0.6666666666666667 0 0.6666666666666667 0 0 0.33333333333333337 0 0.4666666666666667 0.33333333333333337 0 0 0 0.8666666666666667 0.6 1.0 0 0.7333333333333334 0 0.6 0.7333333333333334 
0 0 0 0 0 0 0 0 0 0 0 0 0 0 0 0 0 0 0 0 0 0 0 0 0 0 0 0 0 0 0 0 0 0 0 0 0 0 0 0 0 0 0 0 0 0 0 0 0 0 0 0 0 0 0 0 0 0 0 0 0 0 0 0 0 0 0 0 0 0 0 0 0 0 0 0 0 0 0 0 0 0 0 0 0 0 0 0 0 0 0 0 0 0 0 0 0 0 0 0 
0 0.06666666666666665 0 0.4666666666666667 0 0 0 0 0 0 0 1 0 0 0.06666666666666665 1.0 0.4666666666666667 0.8 0 0 0 0.5333333333333333 0.19999999999999996 0.4666666666666667 0 0.2666666666666667 0 1.0 0.33333333333333337 0.7333333333333334 0.9333333333333333 0.6666666666666667 0 0 0 0.9333333333333333 0 0 1 0 0.5333333333333333 0.19999999999999996 0 0 0.4666666666666667 0.4666666666666667 0 1 0.8 0 0 0.8666666666666667 0 0.7333333333333334 0.19999999999999996 0.19999999999999996 0.7333333333333334 0 0 0 0 0 0 0.5333333333333333 0.8 0 0.6 0 0 0 0.0 0 0 0 0 0 0 0.6 0 0 0.5333333333333333 0.06666666666666665 0 1.0 0 1.0 0 0 0.0 0.1333333333333333 0 0 0.5333333333333333 0.4666666666666667 0 0.2666666666666667 0 0.6666666666666667 0 0 
0.5333333333333333 0 0 0 0.7333333333333334 0.33333333333333337 1 0 0 0 0 0 0 0 0.2666666666666667 0 0.9333333333333333 0 0 0 1 1 0.8666666666666667 0.2666666666666667 0.19999999999999996 0 0.0 0 0.06666666666666665 0 0 0 0 0 0.9333333333333333 0.06666666666666665 0.4666666666666667 0 0 0.6 0.1333333333333333 0.6 0 0.4 0 0 0 0 0.6 1.0 0 0.2666666666666667 0 0.5333333333333333 0.0 0 0.5333333333333333 0.19999999999999996 1 0.8 0 0 1 0 0 0.9333333333333333 0 0.8 0 1.0 0 0 0 0.06666666666666665 0.8 0 0.6666666666666667 0.33333333333333337 0.19999999999999996 0 0 0.4 0 0 0 0 0 0 0.6 0 0.9333333333333333 0 0 0.5333333333333333 0.1333333333333333 0 0 0.9333333333333333 0.0 0 
0 0.9333333333333333 0 0 0 0 1.0 0.19999999999999996 0.6 0.33333333333333337 0 0 0 0.33333333333333337 0 0 0.5333333333333333 0.1333333333333333 0.06666666666666665 0 0.8 0.4666666666666667 0 0.33333333333333337 0.19999999999999996 0.19999999999999996 0 0 0 0 0.4 0.8666666666666667 0 0.6666666666666667 1.0 1.0 0.4 0.6666666666666667 0.06666666666666665 0.2666666666666667 0 0 0.19999999999999996 0 0 0.33333333333333337 0.8666666666666667 0 0.1333333333333333 0 0.7333333333333334 0 0 0 1.0 1.0 0.06666666666666665 0.4666666666666667 0 0 0 0.6 1.0 0 0 0 0 0 0.9333333333333333 0.2666666666666667 0.6666666666666667 0 0.19999999999999996 0 0.33333333333333337 0 0.4666666666666667 0.4666666666666667 1.0 0.33333333333333337 0.4 0 0.4666666666666667 0.7333333333333334 0 0.5333333333333333 0.6666666666666667 0 0.4666666666666667 0 0 0.6666666666666667 0.33333333333333337 0 0 0.2666666666666667 0 0 0 0.4666666666666667 
0 0.19999999999999996 0 0 0 0 0.1333333333333333 0 0 0.6666666666666667 0 0 0 0.6 0 0 1.0 0 0 0 0 0 0 0.8666666666666667 1.0 0.8 0.4 0 0 0.1333333333333333 0 0.33333333333333337 0 0.5333333333333333 0.1333333333333333 0 0.8 0.9333333333333333 0 0 0.2666666666666667 0 0.9333333333333333 1.0 0 0 1.0 0.8 0 0 0.33333333333333337 0 0 0.4 0 0 0.8 0 0.6666666666666667 0.9333333333333333 0.1333333333333333 0 0.1333333333333333 0.6 0 0 0.7333333333333334 1 0 0 1.0 0 0.8 0 0 0.4 0 0 0.6666666666666667 0 0 0 0.1333333333333333 0.1333333333333333 0 0 1 0 1.0 0 0.9333333333333333 0.4 0.5333333333333333 0 0.6 0.7333333333333334 1.0 0.6666666666666667 0.7333333333333334 0.1333333333333333 
0.8 0.0 0.19999999999999996 0 0.7333333333333334 0 0 0.6 0.1333333333333333 0.33333333333333337 0 0 0 0 0 0 0.33333333333333337 0 0 0 0 0.8666666666666667 0.0 0 0.8 0 0 0 0.4 0 0.06666666666666665 0.5333333333333333 0 0 0.7333333333333334 0 0.06666666666666665 0 0.6666666666666667 0 0.4666666666666667 0.1333333333333333 0.1333333333333333 0 0 1 0.19999999999999996 0.9333333333333333 0.19999999999999996 1 0.8666666666666667 0 0.2666666666666667 0.19999999999999996 0.33333333333333337 0 0.4666666666666667 0.8666666666666667 0 0.4666666666666667 0 0.0 0 0 0 1 0 0 0.4666666666666667 0 1.0 0 0.7333333333333334 0 0 0.0 0 0 0.8 0 0 0.1333333333333333 1.0 0 0 0.4666666666666667 1.0 0 0.6 0 0.6666666666666667 1.0 0 0.0 0.4666666666666667 0.8666666666666667 0 0.8666666666666667 0.06666666666666665 0 
0 0 0 0 0 0 0 0 0 0 0 0 0 0 0 0 0 0 0 0 0 0 0 0 0 0 0 0 0 0 0 0 0 0 0 0 0 0 0 0 0 0 0 0 0 0 0 0 0 0 0 0 0 0 0 0 0 0 0 0 0 0 0 0 0 0 0 0 0 0 0 0 0 0 0 0 0 0 0 0 0 0 0 0 0 0 0 0 0 0 0 0 0 0 0 0 0 0 0 0 
0 0 0 0 0 0 0 0 0 0 0 0 0 0 0 0 0 0 0 0 0 0 0 0 0 0 0 0 0 0 0 0 0 0 0 0 0 0 0 0 0 0 0 0 0 0 0 0 0 0 0 0 0 0 0 0 0 0 0 0 0 0 0 0 0 0 0 0 0 0 0 0 0 0 0 0 0 0 0 0 0 0 0 0 0 0 0 0 0 0 0 0 0 0 0 0 0 0 0 0 
0 0.7333333333333334 0 0.6666666666666667 0.8666666666666667 0.2666666666666667 0 0 1.0 0 0.8 0.7333333333333334 0 0 0 0 0.5333333333333333 0 0 0.4 0.8666666666666667 0 0 0 0.6666666666666667 0 0 0 0 0 0 0 0 0.7333333333333334 0 0.4 0 0.8 0.7333333333333334 0.7333333333333334 0 0 0.7333333333333334 0 0.9333333333333333 0 0 0 0 0 0 0 0 0 0 0.0 0 1 0 0.6666666666666667 0 0 0 0.5333333333333333 0 0 0 0.8 0 0 0 0.5333333333333333 0.19999999999999996 0 0 0.06666666666666665 0.4666666666666667 0 0 0.9333333333333333 0.06666666666666665 0 0 0.06666666666666665 0 0.5333333333333333 0.4666666666666667 0.2666666666666667 0.6666666666666667 1.0 0 0 1.0 0.4 0 0.6 0 0 0.7333333333333334 0 
0 0 0 0 0 0 0 0 0 0 0 0 0 0 0 0 0 0 0 0 0 0 0 0 0 0 0 0 0 0 0 0 0 0 0 0 0 0 0 0 0 0 0 0 0 0 0 0 0 0 0 0 0 0 0 0 0 0 0 0 0 0 0 0 0 0 0 0 0 0 0 0 0 0 0 0 0 0 0 0 0 0 0 0 0 0 0 0 0 0 0 0 0 0 0 0 0 0 0 0 
0 0 0 0 0 0 0 0 0 0 0 0 0 0 0 0 0 0 0 0 0 0 0 0 0 0 0 0 0 0 0 0 0 0 0 0 0 0 0 0 0 0 0 0 0 0 0 0 0 0 0 0 0 0 0 0 0 0 0 0 0 0 0 0 0 0 0 0 0 0 0 0 0 0 0 0 0 0 0 0 0 0 0 0 0 0 0 0 0 0 0 0 0 0 0 0 0 0 0 0 
0.0 0.19999999999999996 0 0 0 0 0 0.8666666666666667 0.0 0.8 0.7333333333333334 0 0.8 0.1333333333333333 0 0.06666666666666665 0.5333333333333333 0 0.19999999999999996 0.8666666666666667 0.9333333333333333 0 0.0 0.7333333333333334 0.2666666666666667 0 0 0.6 0 0.4 0 0 0.2666666666666667 0.1333333333333333 0.4666666666666667 0 0 0 1.0 0 0 0 0 0.6 0.4666666666666667 0.5333333333333333 0.8 0.4 0 0 0 0 0.1333333333333333 0.0 0.1333333333333333 0.4666666666666667 0 0.19999999999999996 0 0 0.1333333333333333 0 0.33333333333333337 0 0 0.4666666666666667 0.06666666666666665 0 0 0.5333333333333333 0 0 0 0.06666666666666665 0 0 0 1.0 0.9333333333333333 0 0.6 0.2666666666666667 0 0 0 0 0 0 0 0 0.4 0 0.8666666666666667 0 0 0.4 0 0.9333333333333333 0.8666666666666667 0.8 
0 0 0 0 0 0 0 0 0 0 0 0 0 0 0 0 0 0 0 0 0 0 0 0 0 0 0 0 0 0 0 0 0 0 0 0 0 0 0 0 0 0 0 0 0 0 0 0 0 0 0 0 0 0 0 0 0 0 0 0 0 0 0 0 0 0 0 0 0 0 0 0 0 0 0 0 0 0 0 0 0 0 0 0 0 0 0 0 0 0 0 0 0 0 0 0 0 0 0 0 
0 0 0 0 0 0 0 0 0 0 0 0 0 0 0 0 0 0 0 0 0 0 0 0 0 0 0 0 0 0 0 0 0 0 0 0 0 0 0 0 0 0 0 0 0 0 0 0 0 0 0 0 0 0 0 0 0 0 0 0 0 0 0 0 0 0 0 0 0 0 0 0 0 0 0 0 0 0 0 0 0 0 0 0 0 0 0 0 0 0 0 0 0 0 0 0 0 0 0 0 
0 0 0 0 0 0 0 0 0.8 0 0.0 0 0 0.19999999999999996 1.0 0.9333333333333333 0 0.0 0.8666666666666667 0 0 0 0.33333333333333337 0 0 0 0 0.4666666666666667 0 0.7333333333333334 0 0 0.4666666666666667 0.6666666666666667 0.6 0.6666666666666667 0 0.8666666666666667 0 0.1333333333333333 0.06666666666666665 0.2666666666666667 0.7333333333333334 0 0 1 1 0 0.8 0 0.33333333333333337 0 0 0 0 0.19999999999999996 0 0 0 0 0 0 0 0 0.5333333333333333 0 0 0.06666666666666665 0.9333333333333333 0.1333333333333333 0 0 0 0 0 0 0 0.06666666666666665 0.1333333333333333 0.6666666666666667 0.6 0.8 0 0.06666666666666665 1 0 0.4 0.33333333333333337 0 1 0.33333333333333337 0 0.4666666666666667 0.4 0.6666666666666667 0.0 0 0 0 0.7333333333333334 
0.4 1.0 0 0 0.7333333333333334 0 0.5333333333333333 0 0.8666666666666667 0 0 0 0 0.4 0.1333333333333333 0 0 0 0 1.0 0 0 0.19999999999999996 0 0 0 0 0 0.1333333333333333 0.19999999999999996 0.33333333333333337 0.5333333333333333 0 0 0 0.0 0 0.19999999999999996 0 0.19999999999999996 1.0 0 0 0 0.4666666666666667 0.1333333333333333 0.6 0 0 0 1 0.9333333333333333 0 0.6 1 0.9333333333333333 0 0 0 0 0.5333333333333333 0 0.9333333333333333 0.33333333333333337 0.6666666666666667 0 0.8 0 0 0 0 0.4 1 0.6666666666666667 0.8 0.6 0 0 0 0.2666666666666667 0 0.19999999999999996 0 0.8666666666666667 0.1333333333333333 0 0 0.0 0 0 0 0.1333333333333333 0 0 0.4 0.2666666666666667 0 0 0 1 
0.4666666666666667 0.06666666666666665 1.0 0 0 0.6 0 0 1 0 0 0.4666666666666667 0.6 0 0 0.0 0.9333333333333333 0 0.33333333333333337 0 0 0.19999999999999996 0.33333333333333337 0.6 0 0 0.8 0.9333333333333333 0.4 0 0.1333333333333333 0.2666666666666667 0 0.4666666666666667 0.6 0 0 0.33333333333333337 0 0.9333333333333333 0 0 0 0.8666666666666667 0.8666666666666667 0.6 1.0 0.6 0 0 0 0.1333333333333333 0 0.06666666666666665 0 0 0.0 0.19999999999999996 0.19999999999999996 0.0 0 0.4 0 0 0 0.33333333333333337 0 0 0.0 0.4 0.33333333333333337 0 0.6 0 0 0.8 0 0.5333333333333333 0 0 0.0 0.9333333333333333 0 0 0 0.06666666666666665 1 0 0.9333333333333333 0.6666666666666667 0.4 0 0.8 0.2666666666666667 1.0 0.7333333333333334 0 0.8666666666666667 0 0 
0 0.2666666666666667 0.2666666666666667 0 0 0.1333333333333333 0 0 0.33333333333333337 0 0.8666666666666667 0 0 0 0 1.0 0 0 0 0.0 0.19999999999999996 0.7333333333333334 0 0.33333333333333337 0 0.0 0 0 1 1.0 0 0 0 0 0 0.2666666666666667 0 0.4666666666666667 0 0 0 1 1 0 0 0 0 0 0 0 0.19999999999999996 0 0.7333333333333334 0.6666666666666667 0.6 0 0 0 0.8666666666666667 0 0 0 0 0.19999999999999996 0 0 0 0 0.1333333333333333 0 0 0 0 0 0 0.4666666666666667 0 0 0 0 0 0.6 0 0 0 0.4666666666666667 0 0 0 1 0 0.19999999999999996 0 0 0.7333333333333334 0.8666666666666667 0.19999999999999996 0 0 0 
0 0 0 0 0 0 0 0 0 0 0 0 0 0 0 0 0 0 0 0 0 0 0 0 0 0 0 0 0 0 0 0 0 0 0 0 0 0 0 0 0 0 0 0 0 0 0 0 0 0 0 0 0 0 0 0 0 0 0 0 0 0 0 0 0 0 0 0 0 0 0 0 0 0 0 0 0 0 0 0 0 0 0 0 0 0 0 0 0 0 0 0 0 0 0 0 0 0 0 0 
0 0 0 0 0 0 0 0 0 0 0 0 0 0 0 0 0 0 0 0 0 0 0 0 0 0 0 0 0 0 0 0 0 0 0 0 0 0 0 0 0 0 0 0 0 0 0 0 0 0 0 0 0 0 0 0 0 0 0 0 0 0 0 0 0 0 0 0 0 0 0 0 0 0 0 0 0 0 0 0 0 0 0 0 0 0 0 0 0 0 0 0 0 0 0 0 0 0 0 0 
0 0 0 0 0 0 0 0 0 0 0 0 0 0 0 0 0 0 0 0 0 0 0 0 0 0 0 0 0 0 0 0 0 0 0 0 0 0 0 0 0 0 0 0 0 0 0 0 0 0 0 0 0 0 0 0 0 0 0 0 0 0 0 0 0 0 0 0 0 0 0 0 0 0 0 0 0 0 0 0 0 0 0 0 0 0 0 0 0 0 0 0 0 0 0 0 0 0 0 0 
0 0 0 0 0 0 0 0 0 0 0 0 0 0 0 0 0 0 0 0 0 0 0 0 0 0 0 0 0 0 0 0 0 0 0 0 0 0 0 0 0 0 0 0 0 0 0 0 0 0 0 0 0 0 0 0 0 0 0 0 0 0 0 0 0 0 0 0 0 0 0 0 0 0 0 0 0 0 0 0 0 0 0 0 0 0 0 0 0 0 0 0 0 0 0 0 0 0 0 0 
0 0 0 0 0 0 0 0 0 0 0 0 0 0 0 0 0 0 0 0 0 0 0 0 0 0 0 0 0 0 0 0 0 0 0 0 0 0 0 0 0 0 0 0 0 0 0 0 0 0 0 0 0 0 0 0 0 0 0 0 0 0 0 0 0 0 0 0 0 0 0 0 0 0 0 0 0 0 0 0 0 0 0 0 0 0 0 0 0 0 0 0 0 0 0 0 0 0 0 0 
0 0 0 0 0 0 0 0 0 0 0 0 0 0 0 0 0 0 0 0 0 0 0 0 0 0 0 0 0 0 0 0 0 0 0 0 0 0 0 0 0 0 0 0 0 0 0 0 0 0 0 0 0 0 0 0 0 0 0 0 0 0 0 0 0 0 0 0 0 0 0 0 0 0 0 0 0 0 0 0 0 0 0 0 0 0 0 0 0 0 0 0 0 0 0 0 0 0 0 0 
1.0 0 0.8666666666666667 0 0 0 0.33333333333333337 0 0.8666666666666667 0 0.5333333333333333 0.4666666666666667 0 0.06666666666666665 0.6666666666666667 0 0.0 0.0 0 0 0.06666666666666665 0 0 0.5333333333333333 0.19999999999999996 0 0 0.1333333333333333 0.6 0 0 0 0.0 0 0 1.0 0.8 0.2666666666666667 0.4666666666666667 0 0 0 0 1 0 0.06666666666666665 0.06666666666666665 0 0 0 0 0.6666666666666667 0.7333333333333334 1.0 0.9333333333333333 0.5333333333333333 0.5333333333333333 0 0 0.6 0.2666666666666667 0 0 0.8 0.6 0.4666666666666667 0.2666666666666667 0.7333333333333334 0 0.2666666666666667 0 0 0 0.5333333333333333 0 0 0 0 0 0.33333333333333337 0 0 0 1 0 0 0 0 0.8 0 0 0 0.33333333333333337 0.0 0.06666666666666665 0.2666666666666667 0 0 0.1333333333333333 0 
0.6 0 0 0.6666666666666667 0 0 0.8 0 0 0.4666666666666667 0 0 0.5333333333333333 0.19999999999999996 0.33333333333333337 0.4 0 0 0.1333333333333333 0 0 0 0 0 0.5333333333333333 0 0 0 0 0 0 0.8666666666666667 0.4666666666666667 0 0.33333333333333337 0 1.0 0.19999999999999996 0 0.6666666666666667 0 0 0.0 0 0 0.0 0 0 0 0 0 0.5333333333333333 0 0 0 0 0.4 0.6666666666666667 0 0 0 0.19999999999999996 0 0.33333333333333337 0.33333333333333337 0 0.6666666666666667 0.33333333333333337 0 0.8 0 0.5333333333333333 0 0.2666666666666667 0 0.4 0 0.2666666666666667 0.2666666666666667 0.5333333333333333 0.8666666666666667 0.33333333333333337 1 0 0 0 0.06666666666666665 0 0 0.06666666666666665 0 0 0.1333333333333333 0 0.33333333333333337 0 0.5333333333333333 0 1.0 0.06666666666666665 
0 0.4666666666666667 0 0.4 1 0 0 0 0.1333333333333333 0 0.0 0.33333333333333337 0.7333333333333334 0 0 0 0.9333333333333333 0 0 0 0.4 0 0.8666666666666667 0.8 0.0 0 0.8 0.06666666666666665 1.0 0.0 0 0 0.4666666666666667 0.06666666666666665 0 0.19999999999999996 0 0.19999999999999996 0 0 0 0.8666666666666667 0 0.19999999999999996 0 0 0 0.2666666666666667 0 0 0 0 0 0 0 0.6 0.8666666666666667 0.0 1 1 0 0 0 0.6 0.7333333333333334 0 0.6666666666666667 0.19999999999999996 0.9333333333333333 1.0 0.6 0.5333333333333333 0.2666666666666667 0 0 0.5333333333333333 0.4 0 0 0.2666666666666667 0 0.5333333333333333 0.33333333333333337 0.1333333333333333 0 1.0 0.06666666666666665 0 0.33333333333333337 0.2666666666666667 0.6 0 0 0 0 0 0.0 0.6666666666666667 1.0 0 
0 0 0 0 0 0 0 0 0 0 0 0 0 0 0 0 0 0 0 0 0 0 0 0 0 0 0 0 0 0 0 0 0 0 0 0 0 0 0 0 0 0 0 0 0 0 0 0 0 0 0 0 0 0 0 0 0 0 0 0 0 0 0 0 0 0 0 0 0 0 0 0 0 0 0 0 0 0 0 0 0 0 0 0 0 0 0 0 0 0 0 0 0 0 0 0 0 0 0 0 
0 0 0 0 0.33333333333333337 0 0 0.33333333333333337 1.0 0 0 0.9333333333333333 0 0.6 0 0 0.19999999999999996 0 0 0 0 0 0 0 0.8 0.8666666666666667 0 0 0.4666666666666667 0 1 0.5333333333333333 0 0 0.6 0.6 0.06666666666666665 0.0 0.4 0.33333333333333337 0 0.6666666666666667 0.0 0 0 0 0 0 0.6666666666666667 0.8666666666666667 1.0 0.2666666666666667 1.0 0 0.0 0.06666666666666665 1.0 0 0 1 0 0 0 0.06666666666666665 0.33333333333333337 0.9333333333333333 0.8 0 0 0.8666666666666667 0 0 0.9333333333333333 0 0.33333333333333337 0 0 1 0 0.4666666666666667 0.4666666666666667 0.19999999999999996 0 0.4666666666666667 0 0.8666666666666667 0 0.5333333333333333 0 0 0 0.5333333333333333 0.06666666666666665 0 0.1333333333333333 0.6 0.06666666666666665 0 0 0 
0.1333333333333333 0.9333333333333333 0 0.19999999999999996 1.0 0.06666666666666665 0 0 0 0.4 0 0 0.19999999999999996 0.19999999999999996 0 0.0 0 0.1333333333333333 0 0 0.2666666666666667 0 1.0 0.7333333333333334 0 0 0.8666666666666667 0.06666666666666665 0 0 0.33333333333333337 0.8666666666666667 0 0.33333333333333337 0.33333333333333337 0.1333333333333333 0.4 0.06666666666666665 0 0 0.33333333333333337 0 0.2666666666666667 0 0 0.06666666666666665 0 1 0.4 0.7333333333333334 0.19999999999999996 0 0.8 0 0 0.8 0.6 0 0.1333333333333333 0 0.9333333333333333 0 0.6666666666666667 0.8 0.5333333333333333 0.0 0 0 0 0 0.6666666666666667 0 0 1.0 1.0 0 0.0 0 0.5333333333333333 0 0 0 0 0.4 0.4666666666666667 0 0.9333333333333333 0 0 0 0.9333333333333333 0 0.9333333333333333 0.33333333333333337 0.33333333333333337 0.33333333333333337 0.6 0.19999999999999996 1 0.5333333333333333 
0 0 0 0 0 0 0 0 0 0 0 0 0 0 0 0 0 0 0 0 0 0 0 0 0 0 0 0 0 0 0 0 0 0 0 0 0 0 0 0 0 0 0 0 0 0 0 0 0 0 0 0 0 0 0 0 0 0 0 0 0 0 0 0 0 0 0 0 0 0 0 0 0 0 0 0 0 0 0 0 0 0 0 0 0 0 0 0 0 0 0 0 0 0 0 0 0 0 0 0 
0 0 0 0 0 0 0 0.06666666666666665 0 0.4 0 0 0 0 0 0 0.5333333333333333 0 0.4666666666666667 0 0 0 0 0.8666666666666667 0 0.8 0 0 0 0 0 0 0 0.1333333333333333 0 0 0 0.2666666666666667 0.4 0.19999999999999996 0.4666666666666667 0.6666666666666667 0.8 0 0.5333333333333333 0 0 0.4666666666666667 0.5333333333333333 0.33333333333333337 0.33333333333333337 0 0 0.1333333333333333 0.19999999999999996 0.0 0.4666666666666667 0.1333333333333333 0 1 0.6 0 0 0 0 0.9333333333333333 0.4666666666666667 0.8666666666666667 0 0 0 0 0.19999999999999996 0 1.0 0.8 0.6 0.8 0.2666666666666667 0 0 0 0 0.7333333333333334 0.33333333333333337 0.6666666666666667 0 0 0.6 0.8666666666666667 0 0 0 0 0 0.06666666666666665 0.06666666666666665 0 0.5333333333333333 0.1333333333333333 
0 0 0 0 0 0 0 0 0 0 0 0 0 0 0 0 0 0 0 0 0 0 0 0 0 0 0 0 0 0 0 0 0 0 0 0 0 0 0 0 0 0 0 0 0 0 0 0 0 0 0 0 0 0 0 0 0 0 0 0 0 0 0 0 0 0 0 0 0 0 0 0 0 0 0 0 0 0 0 0 0 0 0 0 0 0 0 0 0 0 0 0 0 0 0 0 0 0 0 0 
0.5333333333333333 0 0 0 0.1333333333333333 0 0 1 0 0.6666666666666667 0 0 1 0 0.8666666666666667 0 0 0.9333333333333333 0.0 0 0.9333333333333333 0.1333333333333333 0 0 0.6666666666666667 0 0.33333333333333337 0 0 1 0 0.0 0 0.06666666666666665 0 0.1333333333333333 0.0 0 0.06666666666666665 0.8666666666666667 0.5333333333333333 0 0 0.8666666666666667 0.6 0.9333333333333333 0 0.4 0.8 0.0 0.1333333333333333 0 0 0 0 0.7333333333333334 0 0.4666666666666667 0.0 0 0 0.33333333333333337 0 0.8 0.5333333333333333 0 0 0 0 0 0.7333333333333334 0.33333333333333337 0.8 0 0.1333333333333333 0.19999999999999996 0 0.33333333333333337 0 0.33333333333333337 1.0 0 0.8 0.4666666666666667 0.8 0.4 0.1333333333333333 0.8666666666666667 0 0 0.19999999999999996 0.6 0 0 0.2666666666666667 0 0.8 0 0 0 
0 0 0 0 0 0.4666666666666667 1.0 0 0.6666666666666667 0 0 0 0 0 0 0 0 0.6 0 0 0.6 0.0 0.4666666666666667 0.0 0 0.9333333333333333 0 0 0.1333333333333333 0 0 0 0 0 0 0.6 0.2666666666666667 0 0 0 0 0 0 0 0.0 0 0 0 0 0.33333333333333337 0 0 0.19999999999999996 0.1333333333333333 1 1 0 0.19999999999999996 0.2666666666666667 0.8666666666666667 0 0.0 1 0.4 0.8666666666666667 0 1.0 0 0 0 0.6 0.0 0.6666666666666667 0 0 0.6 0.9333333333333333 0 0 0.06666666666666665 0 0.06666666666666665 0.4666666666666667 0.8 0 0.33333333333333337 0 0.6666666666666667 0.4666666666666667 0 0 0.0 1 0 0.5333333333333333 0 0.0 0 0 0 
0 0 0 0 0 0 0 0 0 0 0 0 0 0 0 0 0 0 0 0 0 0 0 0 0 0 0 0 0 0 0 0 0 0 0 0 0 0 0 0 0 0 0 0 0 0 0 0 0 0 0 0 0 0 0 0 0 0 0 0 0 0 0 0 0 0 0 0 0 0 0 0 0 0 0 0 0 0 0 0 0 0 0 0 0 0 0 0 0 0 0 0 0 0 0 0 0 0 0 0 
0.06666666666666665 0.06666666666666665 1 0.0 0 1 0 0.06666666666666665 0.1333333333333333 0 0.4666666666666667 0.6666666666666667 0.0 1 0 0.19999999999999996 0 0 0 0.0 0.1333333333333333 0 0.9333333333333333 0 0.8666666666666667 0.4 0 0.2666666666666667 0.6 0.19999999999999996 0 0 0.8 0.33333333333333337 0 0.33333333333333337 0 0 0.6666666666666667 0.4666666666666667 0 0.06666666666666665 0 0.6666666666666667 0.6 0 0 0.4 0 0.1333333333333333 0.33333333333333337 1 0 0.0 0.06666666666666665 0.06666666666666665 0.1333333333333333 0.1333333333333333 0.2666666666666667 0 0.33333333333333337 0.19999999999999996 1 0 0.1333333333333333 0.9333333333333333 0.6 0 0 0 0 0.4 0.9333333333333333 0 0.4666666666666667 0 0.7333333333333334 0 0 0 0.5333333333333333 0.1333333333333333 0.4666666666666667 0 0.0 0.4 0 0 0.0 0 0 0.9333333333333333 0.5333333333333333 0 0 0.9333333333333333 1 0.1333333333333333 0.8666666666666667 0 
0.4 0.2666666666666667 0 0.4666666666666667 1 0.1333333333333333 0 0.5333333333333333 0.06666666666666665 0 0.9333333333333333 0 1.0 0 0.4 0 0 0.19999999999999996 0.7333333333333334 0.4 0.4 0.0 0 0 0 1 0 0.5333333333333333 1.0 0.2666666666666667 0 0.6666666666666667 0.6 0.1333333333333333 0.6666666666666667 0.8666666666666667 0.2666666666666667 0.4666666666666667 0 0 0.9333333333333333 0.2666666666666667 0 0 0 0 0 0.4666666666666667 0.2666666666666667 0.9333333333333333 0 0 0.5333333333333333 0 0 0 0.1333333333333333 0.8666666666666667 0 0 0.1333333333333333 0 0 0.5333333333333333 0.5333333333333333 0 0.19999999999999996 0.33333333333333337 0 0 0.4666666666666667 0.6 0.8666666666666667 0.1333333333333333 0 0 0.9333333333333333 0 0.06666666666666665 0 0.5333333333333333 0 0 0 0 0 1 0 0.9333333333333333 0 1.0 0.5333333333333333 1.0 0.6 0 0.4666666666666667 0.4666666666666667 0 0 0.33333333333333337 
0 0 0 0.6 0 0 0 0 0.4 0 0 0 0 0 0.0 0.33333333333333337 0.7333333333333334 0.5333333333333333 0 0.8666666666666667 0 0 0 0 0 0.4666666666666667 0 0.6666666666666667 0.33333333333333337 0 0.7333333333333334 0 0 0.5333333333333333 0 0.19999999999999996 0 0.5333333333333333 0 0 0 0 0 0 0.33333333333333337 0.8 0.33333333333333337 0.5333333333333333 0 0.6666666666666667 0.7333333333333334 0.33333333333333337 0 0 0 0.19999999999999996 0 0 0 0.2666666666666667 0.7333333333333334 0.7333333333333334 0.5333333333333333 0.6666666666666667 0.1333333333333333 0.6 0.7333333333333334 0.8666666666666667 0.1333333333333333 0 0 0.19999999999999996 0 0 1.0 0 0 0 0 0 0.9333333333333333 0.1333333333333333 0 0.19999999999999996 0.5333333333333333 0.06666666666666665 0 0.5333333333333333 0.0 0 0 0.19999999999999996 0 0 0.6 0.7333333333333334 0 0 0.19999999999999996 0.5333333333333333 
0.1333333333333333 0 1 0 1 0.8666666666666667 0.4666666666666667 0 0 0 0.06666666666666665 0.7333333333333334 0 0 0 0.19999999999999996 0 0 0 0 1.0 0.5333333333333333 0 0.7333333333333334 0 0.7333333333333334 0.5333333333333333 0 1.0 0.7333333333333334 0 0.33333333333333337 0 0.4666666666666667 0.33333333333333337 0 0 0 0 0 0.19999999999999996 0 0.2666666666666667 0.6 0.7333333333333334 0.6 0 0 0.2666666666666667 0.0 0 0 0.8 0 0 0 0.8 0 0 0 0 0.33333333333333337 0.19999999999999996 0 0.2666666666666667 0 0 1.0 0.06666666666666665 0.1333333333333333 0 0 0 0 0 0 1 0 0 0 0.2666666666666667 0.2666666666666667 0 0.2666666666666667 0 0 0 0.8 0 0 0 0.0 0 0 0.4 0 0 0 0.19999999999999996 0 
0 0 0 0 0 0 0 0 0 0 0 0 0 0 0 0 0 0 0 0 0 0 0 0 0 0 0 0 0 0 0 0 0 0 0 0 0 0 0 0 0 0 0 0 0 0 0 0 0 0 0 0 0 0 0 0 0 0 0 0 0 0 0 0 0 0 0 0 0 0 0 0 0 0 0 0 0 0 0 0 0 0 0 0 0 0 0 0 0 0 0 0 0 0 0 0 0 0 0 0 
0 0 0 0 0 0 0 0 0 0 0 0 0 0 0 0 0 0 0 0 0 0 0 0 0 0 0 0 0 0 0 0 0 0 0 0 0 0 0 0 0 0 0 0 0 0 0 0 0 0 0 0 0 0 0 0 0 0 0 0 0 0 0 0 0 0 0 0 0 0 0 0 0 0 0 0 0 0 0 0 0 0 0 0 0 0 0 0 0 0 0 0 0 0 0 0 0 0 0 0 
0.6 0 0.4666666666666667 0.06666666666666665 0 0.4 0 0 0.06666666666666665 0.6666666666666667 0 0.4 0 0.33333333333333337 0.1333333333333333 0 0 0 0.1333333333333333 0.0 0 0.19999999999999996 0 0.6 0.06666666666666665 1.0 0.8666666666666667 0.6666666666666667 0.6666666666666667 0.5333333333333333 0.33333333333333337 0 0 0.1333333333333333 0 0 0.2666666666666667 1 0.0 0 0 0 0.4 0.6 0 0.0 0.4666666666666667 0 0 0 0.2666666666666667 0 0.06666666666666665 0.1333333333333333 0 0.6666666666666667 0 0 0.2666666666666667 0 0 0 0 0.6666666666666667 0.6666666666666667 0 1.0 0 0 0 0 0.33333333333333337 0.33333333333333337 0 0 0.7333333333333334 0 0 1.0 0.19999999999999996 0 0 1.0 0.9333333333333333 0 0.2666666666666667 0.19999999999999996 0 0.7333333333333334 0 0 0 0.6666666666666667 0 0 0 0 0 0.06666666666666665 0 
0 0 0 0 0 0 0 0 0 0 0 0 0 0 0 0 0 0 0 0 0 0 0 0 0 0 0 0 0 0 0 0 0 0 0 0 0 0 0 0 0 0 0 0 0 0 0 0 0 0 0 0 0 0 0 0 0 0 0 0 0 0 0 0 0 0 0 0 0 0 0 0 0 0 0 0 0 0 0 0 0 0 0 0 0 0 0 0 0 0 0 0 0 0 0 0 0 0 0 0 
0 0 0 0 0 0 0 0 0 0 0 0 0 0 0 0 0 0 0 0 0 0 0 0 0 0 0 0 0 0 0 0 0 0 0 0 0 0 0 0 0 0 0 0 0 0 0 0 0 0 0 0 0 0 0 0 0 0 0 0 0 0 0 0 0 0 0 0 0 0 0 0 0 0 0 0 0 0 0 0 0 0 0 0 0 0 0 0 0 0 0 0 0 0 0 0 0 0 0 0 
0 0 0 0.0 0 0 0.6 0 0.5333333333333333 0.06666666666666665 0.9333333333333333 0 0 0.33333333333333337 0.2666666666666667 0.8 1.0 0 0 0 0 1.0 0 0 0 0 0 0 0.7333333333333334 0 0.6666666666666667 0.2666666666666667 0 0 0 0 0.19999999999999996 0 0 0.5333333333333333 1 0 0.1333333333333333 0.8666666666666667 0.8666666666666667 0.6666666666666667 0.06666666666666665 0 1 0 0.19999999999999996 0 0.4 0.9333333333333333 0 0.2666666666666667 0 0 0 0 0 0 0 0 0 0.5333333333333333 0 0 0 1.0 0 0 0.19999999999999996 0 0 0.33333333333333337 0 0 0.33333333333333337 0 0.1333333333333333 0.7333333333333334 0 0.5333333333333333 0 1 0.06666666666666665 0 0 0 0 0.0 0 0.4 0 0.6666666666666667 0 0 0 0.9333333333333333 
0 0 0 0.6 0.6 0.33333333333333337 0.6 0 0 0.8666666666666667 0 0.4666666666666667 0 0 1 0.4 1 0 0 0 0 0.7333333333333334 0.1333333333333333 0 0.1333333333333333 0 0.8666666666666667 0 0 0.6666666666666667 1.0 0 0.06666666666666665 0.6666666666666667 0 0 0.4666666666666667 0 0 0 1 0.19999999999999996 0.6 0.06666666666666665 0.6 0 0.33333333333333337 0 0.7333333333333334 0 0 0.1333333333333333 0 0 0 0.19999999999999996 0 0.9333333333333333 0.2666666666666667 0.06666666666666665 0 0.4 0 0 0 0.4 0.4 0 0 0 0 0.8666666666666667 0 1 0.6666666666666667 0 0 0 0 0 0 0.0 0 0.7333333333333334 0 0 0 0 0 0.2666666666666667 1 0.06666666666666665 0 0.5333333333333333 0.4666666666666667 0 0 0 0.8666666666666667 0.33333333333333337 
0 0 0 0 0.4 0 0 0 0 0.7333333333333334 1.0 0 0 0 0 0.8 0 0.9333333333333333 0 1.0 0 0.6666666666666667 0 0.4666666666666667 0.1333333333333333 0 0.06666666666666665 1.0 0 1 0 0 0 0.2666666666666667 1 0 0 0.0 0.2666666666666667 0.19999999999999996 0 0 0 0.7333333333333334 0 0 0 0.8666666666666667 0 0.19999999999999996 1.0 0 0 0 0 0.4666666666666667 0 0.1333333333333333 0.06666666666666665 0.9333333333333333 0.4 0.4666666666666667 0 0 0 0.6666666666666667 0.2666666666666667 0 0 1 0 0.1333333333333333 0 0.8 0.4 0.33333333333333337 0 0.8 0.6 0.9333333333333333 0.6 0.8666666666666667 0 0.8666666666666667 0.06666666666666665 0 0 0.8666666666666667 0.8666666666666667 0 0.6 0.33333333333333337 0 0.4666666666666667 0.2666666666666667 0 0.0 0 0.5333333333333333 0.9333333333333333 
0 0 0 0 0 0 0 0 0 0 0 0 0 0 0 0 0 0 0 0 0 0 0 0 0 0 0 0 0 0 0 0 0 0 0 0 0 0 0 0 0 0 0 0 0 0 0 0 0 0 0 0 0 0 0 0 0 0 0 0 0 0 0 0 0 0 0 0 0 0 0 0 0 0 0 0 0 0 0 0 0 0 0 0 0 0 0 0 0 0 0 0 0 0 0 0 0 0 0 0 
0 0 0 0 0 0 0 0 0 0 0 0 0 0 0 0 0 0 0 0 0 0 0 0 0 0 0 0 0 0 0 0 0 0 0 0 0 0 0 0 0 0 0 0 0 0 0 0 0 0 0 0 0 0 0 0 0 0 0 0 0 0 0 0 0 0 0 0 0 0 0 0 0 0 0 0 0 0 0 0 0 0 0 0 0 0 0 0 0 0 0 0 0 0 0 0 0 0 0 0 
0 0 0 0 0 0 0 0 0 0 0 0 0 0 0 0 0 0 0 0 0 0 0 0 0 0 0 0 0 0 0 0 0 0 0 0 0 0 0 0 0 0 0 0 0 0 0 0 0 0 0 0 0 0 0 0 0 0 0 0 0 0 0 0 0 0 0 0 0 0 0 0 0 0 0 0 0 0 0 0 0 0 0 0 0 0 0 0 0 0 0 0 0 0 0 0 0 0 0 0 
0 0 0.8666666666666667 0.33333333333333337 0 0.06666666666666665 0 1.0 1 0.8 0.06666666666666665 0 0 0 0 0 0 0 0 0 0 0.8 0 0.0 0.19999999999999996 1.0 0.06666666666666665 0 0.6 0 0.7333333333333334 0 0 0.19999999999999996 0 0.33333333333333337 0 0 0.7333333333333334 0.9333333333333333 0 0.06666666666666665 0.4666666666666667 0.1333333333333333 0 0.0 0 0.5333333333333333 0 0 0 0 0.8666666666666667 0.8666666666666667 0 0.1333333333333333 0.2666666666666667 0 0 0.33333333333333337 0 0 0 0 0.6666666666666667 0.9333333333333333 0 0 0 0.2666666666666667 0 0.8 0.8 0.7333333333333334 0 0.19999999999999996 0.4666666666666667 0 0 0.4666666666666667 0 0 0 0.5333333333333333 0.7333333333333334 0.0 0.8666666666666667 0.19999999999999996 0 0 0.33333333333333337 0.5333333333333333 0 0 0 0.06666666666666665 0 0 0 0 
1 1 0 0 0 0 0 0.2666666666666667 0.9333333333333333 0 0 0 0 0 0.4 0 0.33333333333333337 0.19999999999999996 0.19999999999999996 0 0 1 0 0 0 0.06666666666666665 0 1.0 0 0.8 0 0 0.9333333333333333 0.1333333333333333 0 0 0 0.6 0 0.7333333333333334 0 0.7333333333333334 0.06666666666666665 0 0.8 0 0 0.9333333333333333 0 0 0.2666666666666667 0 0.6 0 1.0 0 0 0.9333333333333333 0 0 0 0 1 0 0.33333333333333337 0.5333333333333333 1 1.0 0.6 0 0.4666666666666667 0.19999999999999996 0 0 0.4 0.33333333333333337 0.1333333333333333 0.0 0.06666666666666665 0 0 1 0 0 0.4 0 0 0.7333333333333334 0 0.6 0.06666666666666665 0 0 0 0 0 0 0 0.5333333333333333 0.33333333333333337 
0.6666666666666667 1 0.06666666666666665 0.4 0.6666666666666667 0 0.4666666666666667 0.4666666666666667 0.06666666666666665 0 0.4 0 0 0.2666666666666667 0 0 0 0 0.6666666666666667 1.0 0 0.7333333333333334 0.8 0.1333333333333333 0 0 0.8666666666666667 0.8666666666666667 0 0.1333333333333333 0 0.6666666666666667 0 0 0.6666666666666667 0 0 0.4666666666666667 0 0.5333333333333333 0.2666666666666667 0 1.0 0 0 0 0 0 0 0 0.1333333333333333 0.19999999999999996 0 0 0 0.4 0 0 0 0 0 0.7333333333333334 0 0.5333333333333333 0 0 0.9333333333333333 0 0.06666666666666665 0.5333333333333333 0.0 0 0.19999999999999996 0 0 0 0 0.4 0 0.4666666666666667 0 0 1 0 1.0 0.2666666666666667 0 0.4666666666666667 0 0 0 0.8666666666666667 0 0.6666666666666667 0.19999999999999996 0 0.8666666666666667 0 0 0 
0.4 0 0 1 0.8 0.4666666666666667 0.5333333333333333 0 0 0 0.06666666666666665 0 0.4 0 0 0.9333333333333333 0.8666666666666667 0 0 0 1.0 0 0 0.7333333333333334 0 0.6666666666666667 0.7333333333333334 0 0 0 0 0 0.6666666666666667 0.2666666666666667 0.33333333333333337 0 0 0.1333333333333333 0.06666666666666665 0.06666666666666665 0.6666666666666667 0 0 0.33333333333333337 0 0.6666666666666667 0.6666666666666667 0 0 0.7333333333333334 0 1.0 0 1.0 0.9333333333333333 0 0 0 0 0.0 0 0.5333333333333333 0.9333333333333333 0 0.4666666666666667 0.6 0 0 0 0.4666666666666667 0 0 0 0 0 0.4 0.6666666666666667 0 0.6 0.19999999999999996 0 0 0 0.8666666666666667 0 0 1.0 0.7333333333333334 1 0 0 0 0.9333333333333333 0.5333333333333333 0.33333333333333337 0 0.1333333333333333 0 0 0.33333333333333337 
0 0 0 0 0 0 0 0 0 0 0 0 0 0 0 0 0 0 0 0 0 0 0 0 0 0 0 0 0 0 0 0 0 0 0 0 0 0 0 0 0 0 0 0 0 0 0 0 0 0 0 0 0 0 0 0 0 0 0 0 0 0 0 0 0 0 0 0 0 0 0 0 0 0 0 0 0 0 0 0 0 0 0 0 0 0 0 0 0 0 0 0 0 0 0 0 0 0 0 0 
0 0 0 0 0 0 0 0 0 0 0 0 0 0 0 0 0 0 0 0 0 0 0 0 0 0 0 0 0 0 0 0 0 0 0 0 0 0 0 0 0 0 0 0 0 0 0 0 0 0 0 0 0 0 0 0 0 0 0 0 0 0 0 0 0 0 0 0 0 0 0 0 0 0 0 0 0 0 0 0 0 0 0 0 0 0 0 0 0 0 0 0 0 0 0 0 0 0 0 0 
0 0 0 0 0 0 0 0 0 0 0 0 0 0 0 0 0 0 0 0 0 0 0 0 0 0 0 0 0 0 0 0 0 0 0 0 0 0 0 0 0 0 0 0 0 0 0 0 0 0 0 0 0 0 0 0 0 0 0 0 0 0 0 0 0 0 0 0 0 0 0 0 0 0 0 0 0 0 0 0 0 0 0 0 0 0 0 0 0 0 0 0 0 0 0 0 0 0 0 0 
0 0 0 0 0 0 0.4666666666666667 0 0.4 0 0 0 0.0 0 1 0 0.33333333333333337 0 0 0 0.6 0.8 0 0 0 0 0 0 0 0 0 0 0.6 0 0 0 0 0.19999999999999996 0.06666666666666665 0.06666666666666665 0.8 0 0.33333333333333337 0 0 0.4666666666666667 0 1.0 0.7333333333333334 0.5333333333333333 0 0.06666666666666665 0 0 0 0 0 0.06666666666666665 0.4 0 0.33333333333333337 0.19999999999999996 0.6666666666666667 0.33333333333333337 0.6666666666666667 0.33333333333333337 0.1333333333333333 0.8 0 0 0 0 0.4 0 0.6666666666666667 0 0 0.1333333333333333 0.4 0 0 0.8 0 0.0 0 0.6 0 0 0 0.6666666666666667 0 0 0.6 0.5333333333333333 0.33333333333333337 0 1.0 0 0.9333333333333333 0.5333333333333333 
0 0 0 0 0 0 0 0 0 0 0 0 0 0 0 0 0 0 0 0 0 0 0 0 0 0 0 0 0 0 0 0 0 0 0 0 0 0 0 0 0 0 0 0 0 0 0 0 0 0 0 0 0 0 0 0 0 0 0 0 0 0 0 0 0 0 0 0 0 0 0 0 0 0 0 0 0 0 0 0 0 0 0 0 0 0 0 0 0 0 0 0 0 0 0 0 0 0 0 0 
