270
16
5
1 1 1 1 1 1 1 1 1 1 1 1 1 1 1 1 1 1 1 1 1 1 1 1 1 1 1 1 1 1 1 1 1 1 1 1 1 1 1 1 1 1 1 1 1 1 1 1 1 1 1 1 1 1 1 1 1 1 1 1 1 1 1 1 1 1 1 1 1 1 1 1 1 1 1 1 1 1 1 1 1 1 1 1 1 1 1 1 1 1 1 1 1 1 1 1 1 1 1 1 1 1 1 1 1 1 1 1 1 1 1 1 1 1 1 1 1 1 1 1 1 1 1 1 1 1 1 1 1 1 1 1 1 1 1 1 1 1 1 1 1 1 1 1 1 1 1 2 2 3 4 5 6 8 10 11 13 15 17 19 20 22 23 24 24 24 24 24 23 21 20 18 16 14 12 11 9 7 6 5 4 3 2 1 1 1 1 1 1 1 1 1 1 1 1 1 1 1 1 1 1 1 1 1 1 1 1 1 1 1 1 1 1 1 1 1 1 1 1 1 1 1 1 1 1 1 1 1 1 1 1 1 1 1 1 1 1 1 1 1 1 1 1 1 1 1 1 1 1 1 1 1 1 1 1 1 1 1 1 1 1 1 1 1 1 1 1 1 1 1
1 1 1 1 1 1 1 1 1 1 1 1 1 1 1 1 1 1 1 1 1 1 1 1 1 1 1 1 1 1 1 1 1 1 1 1 1 1 1 1 1 1 1 1 1 1 1 1 1 1 1 1 1 1 1 1 1 1 1 1 1 1 1 1 1 1 1 1 1 1 1 1 1 1 1 1 1 1 1 1 1 1 1 1 1 1 1 1 1 1 1 1 1 1 1 1 1 1 1 1 1 1 1 1 1 1 1 1 1 1 1 1 1 1 1 1 1 1 1 1 1 1 1 1 1 1 1 1 1 1 1 1 1 1 1 1 1 1 1 1 1 1 1 1 1 1 1 1 1 1 1 1 1 1 1 1 1 1 1 2 3 4 5 6 8 9 11 13 15 17 19 20 22 23 24 25 25 25 24 23 22 20 18 16 14 12 11 9 7 6 4 3 2 2 1 1 1 1 1 1 1 1 1 1 1 1 1 1 1 1 1 1 1 1 1 1 1 1 1 1 1 1 1 1 1 1 1 1 1 1 1 1 1 1 1 1 1 1 1 1 1 1 1 1 1 1 1 1 1 1 1 1 1 1 1 1 1 1 1 1 1 1 1 1 1 1 1 1 1 1
1 1 1 1 1 1 1 1 1 1 1 1 1 1 1 1 1 1 1 1 1 1 1 1 1 1 1 1 1 1 1 1 1 1 1 1 1 1 1 1 1 1 1 1 1 1 1 1 1 1 1 1 1 1 1 1 1 1 1 1 1 1 1 1 1 1 1 1 1 1 1 1 1 1 1 1 1 1 1 1 1 1 1 1 1 1 1 1 1 1 1 1 1 1 1 1 1 1 1 1 1 1 1 1 1 1 1 1 1 1 1 1 1 1 1 1 1 1 1 1 1 1 1 1 1 1 1 1 1 1 1 1 1 1 1 1 1 1 1 2 2 3 4 5 7 8 10 11 13 15 17 19 20 22 23 23 24 24 24 23 22 21 20 18 16 14 12 11 9 7 6 5 4 3 2 1 1 1 1 1 1 1 1 1 1 1 1 1 1 1 1 1 1 1 1 1 1 1 1 1 1 1 1 1 1 1 1 1 1 1 1 1 1 1 1 1 1 1 1 1 1 1 1 1 1 1 1 1 1 1 1 1 1 1 1 1 1 1 1 1 1 1 1 1 1 1 1 1 1 1 1 1 1 1 1 1 1 1 1 1 1 1 1 1 1 1 1 1 1 1
1 1 1 1 1 1 1 1 1 1 1 1 1 1 1 1 1 1 1 1 1 1 1 1 1 1 1 1 1 1 1 1 1 1 1 1 1 1 1 1 1 1 1 1 1 1 1 1 1 1 1 1 1 1 1 1 1 1 1 1 1 1 1 1 1 1 1 1 1 1 1 1 1 1 1 1 1 1 1 1 1 1 1 1 1 1 1 1 1 1 1 1 1 1 1 1 1 1 1 1 1 1 1 1 1 1 1 1 1 1 1 1 1 1 1 1 1 1 1 1 1 1 1 1 1 1 1 1 1 1 1 1 1 1 1 1 1 1 1 1 1 1 1 1 1 1 1 1 1 1 1 1 1 1 1 1 1 1 1 1 1 1 1 1 1 1 1 1 1 1 1 1 1 1 1 1 1 1 1 1 1 1 1 1 1 1 1 2 2 3 5 6 8 9 11 14 16 18 21 23 25 26 27 28 28 27 26 24 22 20 18 15 13 11 8 7 5 4 3 2 1 1 1 1 1 1 1 1 1 1 1 1 1 1 1 1 1 1 1 1 1 1 1 1 1 1 1 1 1 1 1 1 1 1 1 1 1 1 1 1 1 1 1 1 1 1 1 1 1 1
1 1 1 3 9 19 32 46 58 64 63 57 46 35 24 15 9 5 2 1 1 1 1 1 1 1 1 1 1 1 1 1 1 1 1 1 1 1 1 1 1 1 1 1 1 1 1 1 1 1 1 1 1 1 1 1 1 1 1 1 1 1 1 1 1 1 1 1 1 1 1 1 1 1 1 1 1 1 1 1 1 1 1 1 1 1 1 1 1 1 1 1 1 1 1 1 1 1 1 1 1 1 1 1 1 1 1 1 1 1 1 1 1 1 1 1 1 1 1 1 1 1 1 1 1 1 1 1 1 1 1 1 1 1 1 1 1 1 1 1 1 1 1 1 1 1 1 1 1 1 1 1 1 1 1 1 1 1 1 1 1 1 1 1 1 1 1 1 1 1 1 1 1 1 1 1 1 1 1 1 1 1 1 1 1 1 1 1 1 1 1 1 1 1 1 1 1 1 1 1 1 1 1 1 1 1 1 1 1 1 1 1 1 1 1 1 1 1 1 1 1 1 1 1 1 1 1 1 1 1 1 1 1 1 1 1 1 1 1 1 1 1 1 1 1 1 1 1 1 1 1 1 1 1 1 1 1 1 1 1 1 1 1 1 1 1 1 1 1 1
0 0 0 0 0 0 0 0 0 0 0 0 0 0 0 0 0 0 0 0 22 11 0 0 0 0 0 0 0 0 0 0 0 0 0 0 0 0 0 0 0 0 0 0 0 0 0 0 0 0 0 0 0 0 0 0 0 0 0 0 0 0 0 0 0 0 0 0 0 0 0 0 0 0 0 0 0 0 0 0 0 0 0 0 0 0 0 0 0 0 0 0 0 0 0 0 0 0 0 0 0 0 0 0 0 0 0 0 0 0 0 0 0 0 0 0 0 0 0 0 0 0 0 0 0 0 0 0 0 0 0 0 0 0 0 0 0 0 0 0 0 0 0 0 0 0 0 0 0 0 0 0 0 0 0 0 0 0 0 0 0 0 0 0 0 0 0 0 0 0 0 0 0 0 0 0 0 0 0 0 0 0 0 0 0 0 0 0 0 0 0 0 0 0 0 0 0 0 0 0 0 0 0 0 0 0 0 0 0 0 0 0 0 0 0 0 0 0 0 0 0 0 0 0 0 0 0 0 0 0 0 0 0 0 0 0 0 0 0 0 0 0 0 0 0 0 0 0 0 0 0 0 0 0 0 0 0 0 0 0 0 0 0 0 0 0 0 0 0 0 0 0 0 0 0 0 0 0 0 0 0 0 0 0 2 1 0 0 0 0 0 0 0 0 0 0 0 0 0 0 0 0 2 1 0 0 4 2 2 1 0 0 4 2 2 1 6 3 0 0 0 0 2 1 4 2 0 0 15 7 8 4 0 0 8 4 0 0 4 2 0 0 0 0 2 1 0 0 0 0 0 0 0 0 0 0 0 0 0 0 0 0 2 1 4 2 0 0 7 3 0 0 0 0 6 3 0 0 0 0 0 0 1 0 0 0 2 1 0 0 0 0 4 2 0 0 13 6 0 0 0 0 0 0 0 0 0 0 0 0 0 0 16 8 0 0 0 0 0 0 0 0 2 1 1 0 0 0 0 0 0 0 0 0 0 0 0 0 0 0 0 0 0 0 0 0 0 0 0 0 0 0 0 0 0 0 0 0 0 0 0 0 0 0 0 0 0 0 0 0 0 0 0 0 0 0 0 0 0 0 0 0 0 0 0 0 0 0 0 0 0 0 0 0 0 0 0 0 0 0 0 0 0 0 0 0 0 0 0 0 0 0 0 0 0 0 0 0 0 0 0 0 0 0 0 0 0 0 0 0 0 0 0 0 0 0 0 0 0 0
0 0 0 0 0 0 2 1 0 0 0 0 10 5 30 15 19 9 0 0 0 0 0 0 0 0 20 10 0 0 3 1 0 0 0 0 0 0 0 0 0 0 0 0 0 0 0 0 0 0 0 0 0 0 0 0 0 0 0 0 0 0 0 0 0 0 0 0 0 0 0 0 0 0 0 0 0 0 0 0 0 0 0 0 0 0 0 0 0 0 0 0 0 0 0 0 0 0 0 0 0 0 0 0 0 0 0 0 0 0 0 0 0 0 0 0 0 0 0 0 0 0 0 0 0 0 0 0 0 0 0 0 0 0 0 0 0 0 0 0 0 0 0 0 0 0 0 0 0 0 0 0 0 0 0 0 0 0 0 0 0 0 0 0 0 0 0 0 0 0 0 0 0 0 0 0 0 0 0 0 0 0 0 0 0 0 0 0 0 0 0 0 0 0 0 0 0 0 0 0 0 0 0 0 0 0 0 0 0 0 0 0 0 0 0 0 0 0 0 0 0 0 0 0 0 0 0 0 0 0 0 0 0 0 0 0 0 0 0 0 0 0 0 0 0 0 0 0 0 0 0 0 0 0 0 0 0 0 0 0 0 0 0 0 0 0 0 0 0 0 0 0 0 0 0 0 0 0 0 0 0 0 0 0 0 0 0 0 0 0 0 0 0 0 0 0 0 0 0 0 6 3 0 0 0 0 0 0 6 3 0 0 0 0 0 0 0 0 0 0 0 0 0 0 1 0 0 0 0 0 0 0 4 2 12 6 0 0 2 1 2 1 1 0 0 0 0 0 16 8 4 2 0 0 0 0 0 0 3 1 0 0 4 2 0 0 0 0 0 0 0 0 6 3 0 0 0 0 0 0 2 1 0 0 0 0 0 0 0 0 0 0 0 0 8 4 0 0 0 0 0 0 0 0 16 8 0 0 6 3 0 0 16 8 0 0 0 0 0 0 0 0 0 0 0 0 0 0 0 0 4 2 0 0 0 0 0 0 0 0 0 0 0 0 0 0 0 0 0 0 0 0 0 0 0 0 0 0 0 0 0 0 0 0 0 0 0 0 0 0 0 0 0 0 0 0 0 0 0 0 0 0 0 0 0 0 0 0 0 0 0 0 0 0 0 0 0 0 0 0 0 0 0 0 0 0 0 0 0 0 0 0 0 0 0 0 0 0 0 0 0 0 0 0 0 0 0 0 0 0 0 0 0 0 0 0 0 0 0 0
0 0 0 0 0 0 0 0 0 0 0 0 0 0 18 9 0 0 33 16 0 0 0 0 0 0 0 0 0 0 0 0 0 0 3 1 0 0 0 0 0 0 0 0 0 0 0 0 0 0 0 0 0 0 0 0 0 0 0 0 0 0 0 0 0 0 0 0 0 0 0 0 0 0 0 0 0 0 0 0 0 0 0 0 0 0 0 0 0 0 0 0 0 0 0 0 0 0 0 0 0 0 0 0 0 0 0 0 0 0 0 0 0 0 0 0 0 0 0 0 0 0 0 0 0 0 0 0 0 0 0 0 0 0 0 0 0 0 0 0 0 0 0 0 0 0 0 0 0 0 0 0 0 0 0 0 0 0 0 0 0 0 0 0 0 0 0 0 0 0 0 0 0 0 0 0 0 0 0 0 0 0 0 0 0 0 0 0 0 0 0 0 0 0 0 0 0 0 0 0 0 0 0 0 0 0 0 0 0 0 0 0 0 0 0 0 0 0 0 0 0 0 0 0 0 0 0 0 0 0 0 0 0 0 0 0 0 0 0 0 0 0 0 0 0 0 0 0 0 0 0 0 0 0 0 0 0 0 0 0 0 0 0 0 0 0 0 0 0 0 0 0 0 0 0 0 0 0 0 0 0 0 0 0 0 0 0 0 0 0 0 0 0 0 0 0 0 0 0 0 0 0 2 1 0 0 10 5 0 0 3 1 1 0 0 0 0 0 0 0 12 6 0 0 0 0 1 0 4 2 0 0 0 0 0 0 6 3 4 2 0 0 2 1 0 0 0 0 1 0 0 0 0 0 0 0 0 0 2 1 0 0 5 2 0 0 0 0 0 0 6 3 1 0 0 0 1 0 4 2 0 0 0 0 0 0 0 0 0 0 0 0 0 0 0 0 7 3 3 1 16 8 0 0 0 0 0 0 11 5 0 0 2 1 2 1 0 0 0 0 0 0 0 0 0 0 5 2 0 0 4 2 0 0 0 0 0 0 0 0 0 0 0 0 0 0 0 0 0 0 0 0 0 0 0 0 0 0 0 0 0 0 0 0 0 0 0 0 0 0 0 0 0 0 0 0 0 0 0 0 0 0 0 0 0 0 0 0 0 0 0 0 0 0 0 0 0 0 0 0 0 0 0 0 0 0 0 0 0 0 0 0 0 0 0 0 0 0 0 0 0 0 0 0 0 0 0 0 0 0 0 0 0 0 0 0 0 0 0 0
0 0 0 0 0 0 0 0 0 0 0 0 8 4 28 14 0 0 0 0 0 0 0 0 0 0 0 0 0 0 7 3 4 2 0 0 0 0 0 0 0 0 0 0 0 0 0 0 0 0 0 0 0 0 0 0 0 0 0 0 0 0 0 0 0 0 0 0 0 0 0 0 0 0 0 0 0 0 0 0 0 0 0 0 0 0 0 0 0 0 0 0 0 0 0 0 0 0 0 0 0 0 0 0 0 0 0 0 0 0 0 0 0 0 0 0 0 0 0 0 0 0 0 0 0 0 0 0 0 0 0 0 0 0 0 0 0 0 0 0 0 0 0 0 0 0 0 0 0 0 0 0 0 0 0 0 0 0 0 0 0 0 0 0 0 0 0 0 0 0 0 0 0 0 0 0 0 0 0 0 0 0 0 0 0 0 0 0 0 0 0 0 0 0 0 0 0 0 0 0 0 0 0 0 0 0 0 0 0 0 0 0 0 0 0 0 0 0 0 0 0 0 0 0 0 0 0 0 0 0 0 0 0 0 0 0 0 0 0 0 0 0 0 0 0 0 0 0 0 0 0 0 0 0 0 0 0 0 0 0 0 0 0 0 0 0 0 0 0 0 0 0 0 0 0 0 0 0 1 0 0 0 0 0 0 0 0 0 0 0 0 0 0 0 0 0 3 1 0 0 2 1 3 1 0 0 0 0 0 0 1 0 0 0 0 0 0 0 8 4 1 0 5 2 0 0 0 0 0 0 8 4 2 1 6 3 0 0 8 4 3 1 2 1 8 4 2 1 0 0 0 0 0 0 0 0 10 5 11 5 2 1 0 0 0 0 0 0 0 0 0 0 4 2 0 0 0 0 0 0 0 0 1 0 0 0 0 0 0 0 0 0 0 0 0 0 0 0 0 0 0 0 0 0 4 2 0 0 0 0 0 0 13 6 0 0 0 0 0 0 0 0 0 0 0 0 2 1 0 0 0 0 3 1 0 0 0 0 1 0 0 0 0 0 0 0 0 0 0 0 0 0 0 0 0 0 0 0 0 0 0 0 0 0 0 0 0 0 0 0 0 0 0 0 0 0 0 0 0 0 0 0 0 0 0 0 0 0 0 0 0 0 0 0 0 0 0 0 0 0 0 0 0 0 0 0 0 0 0 0 0 0 0 0 0 0 0 0 0 0 0 0 0 0 0 0 0 0 0 0 0 0 0 0 0 0 0 0 0 0
0 0 0 0 0 0 0 0 0 0 0 0 0 0 0 0 0 0 6 3 0 0 28 14 0 0 17 8 0 0 0 0 4 2 0 0 0 0 0 0 0 0 0 0 0 0 0 0 0 0 0 0 0 0 0 0 0 0 0 0 0 0 0 0 0 0 0 0 0 0 0 0 0 0 0 0 0 0 0 0 0 0 0 0 0 0 0 0 0 0 0 0 0 0 0 0 0 0 0 0 0 0 0 0 0 0 0 0 0 0 0 0 0 0 0 0 0 0 0 0 0 0 0 0 0 0 0 0 0 0 0 0 0 0 0 0 0 0 0 0 0 0 0 0 0 0 0 0 0 0 0 0 0 0 0 0 0 0 0 0 0 0 0 0 0 0 0 0 0 0 0 0 0 0 0 0 0 0 0 0 0 0 0 0 0 0 0 0 0 0 0 0 0 0 0 0 0 0 0 0 0 0 0 0 0 0 0 0 0 0 0 0 0 0 0 0 0 0 0 0 0 0 0 0 0 0 0 0 0 0 0 0 0 0 0 0 0 0 0 0 0 0 0 0 0 0 0 0 0 0 0 0 0 0 0 0 0 0 0 0 0 0 0 0 0 0 0 0 0 0 0 0 0 0 0 0 0 0 0 0 0 0 0 0 0 0 1 0 0 0 0 0 4 2 0 0 0 0 3 1 0 0 7 3 0 0 0 0 0 0 0 0 0 0 0 0 0 0 0 0 0 0 1 0 0 0 0 0 0 0 0 0 0 0 0 0 8 4 4 2 0 0 2 1 2 1 8 4 0 0 0 0 0 0 2 1 0 0 0 0 0 0 0 0 0 0 2 1 0 0 0 0 0 0 0 0 0 0 1 0 2 1 0 0 0 0 3 1 0 0 0 0 0 0 0 0 0 0 0 0 14 7 0 0 6 3 18 9 0 0 0 0 15 7 0 0 6 3 0 0 0 0 0 0 0 0 2 1 0 0 0 0 0 0 0 0 0 0 1 0 0 0 0 0 0 0 0 0 0 0 0 0 0 0 0 0 0 0 0 0 0 0 0 0 0 0 0 0 0 0 0 0 0 0 0 0 0 0 0 0 0 0 0 0 0 0 0 0 0 0 0 0 0 0 0 0 0 0 0 0 0 0 0 0 0 0 0 0 0 0 0 0 0 0 0 0 0 0 0 0 0 0 0 0 0 0 0 0 0 0 0 0 0 0 0 0 0 0 0 0
19 36 22 16 17 11 21 18 30 25 14 51 14 24 31 22 27 34 29 53 27 9 29 19 19 41 20 21 42 15 58 12 33 10 30 33 23 8 24 16 26 35 24 18 44 28 18 19 25 45 22 26 17 41 16 25 34 22 34 11 25 37 18 38 19 15 33 39 18 37 33 12 37 30 33 17 17 15 25 24 29 20 25 26 17 33 32 28 38 25 22 36 41 26 27 28 44 19 28 15 47 36 21 34 19 27 27 22 27 28 39 26 22 49 23 17 32 29 26 22 34 20 27 19 19 19 16 28 44 14 34 40 25 27 22 25 23 28 29 19 30 55 24 32 34 14 22 40 45 29 21 25 54 21 16 42 41 28 37 27 38 15 10 31 30 19 21 19 44 22 23 42 29 17 32 26 32 11 27 26 28 17 28 31 17 27 19 21 19 22 39 35 30 21 39 26 27 30 29 15 17 25 39 28 24 32 39 9 25 27 36 31 6 25 28 22 20 25 27 41 47 17 43 28 24 21 26 23 31 38 21 16 23 25 32 35 28 24 34 34 25 21 58 21 22 23 19 25 22 13 42 38 22 21 23 16 54 14 21 16 29 30 27 48 7 31 31 9 30 44
21 14 42 29 14 20 30 33 11 22 25 27 25 23 44 20 29 50 14 29 41 15 40 28 36 26 11 17 11 27 26 19 34 27 10 44 38 20 27 35 37 22 30 26 29 28 34 17 34 25 20 30 25 22 38 20 26 29 23 51 25 35 19 22 18 28 23 16 16 47 22 41 29 15 25 25 17 28 23 32 35 30 37 32 26 27 16 29 23 28 27 25 24 12 60 23 22 31 37 12 34 27 16 29 27 34 38 38 20 22 35 26 20 21 29 45 22 22 21 17 26 11 19 49 28 38 30 20 40 21 20 44 35 37 24 27 19 22 25 10 14 32 28 20 18 22 19 24 28 10 19 36 17 12 22 23 25 26 25 37 20 28 51 50 22 29 37 21 34 38 27 26 35 23 10 22 19 39 46 49 26 27 43 28 33 9 20 9 24 27 33 33 26 16 25 33 17 11 25 28 23 22 30 30 27 16 18 25 19 34 35 27 20 19 26 30 51 20 25 26 16 38 14 19 18 19 23 35 22 17 31 18 20 16 34 29 19 27 43 26 26 26 31 28 18 15 57 32 21 16 18 18 23 13 23 18 38 21 21 19 14 44 23 29 26 50 26 39 9 16
27 19 19 43 27 25 18 25 35 23 25 28 26 46 19 22 28 23 19 30 14 31 30 25 23 15 28 23 43 31 35 29 22 22 44 20 19 29 35 34 27 45 36 23 22 29 29 18 19 10 21 21 57 27 23 27 12 20 11 30 11 28 22 27 20 42 15 30 31 14 18 22 17 16 38 43 16 30 35 23 31 10 42 18 26 28 25 23 24 21 19 21 25 39 14 24 44 19 21 33 25 22 28 33 33 14 26 29 18 19 22 19 18 43 28 29 11 14 21 16 26 44 27 18 26 15 41 28 39 20 18 14 25 18 33 38 36 23 24 31 24 16 35 29 18 38 20 14 24 28 27 22 42 41 13 40 29 12 19 38 24 28 29 21 22 20 43 39 34 36 27 28 21 33 25 25 18 20 39 34 14 28 21 11 16 18 22 25 34 27 29 18 17 29 20 14 28 28 19 18 46 32 30 27 22 32 32 19 29 43 31 24 20 32 23 15 27 25 24 25 14 27 14 24 30 30 39 30 12 56 35 40 29 28 12 36 39 17 34 30 39 18 27 15 28 23 33 14 18 23 21 18 43 25 16 31 25 25 36 19 26 18 21 24 19 19 12 36 31 13
40 10 31 18 21 27 34 16 19 28 23 19 23 17 37 30 38 36 32 19 22 27 25 19 16 28 19 31 20 21 25 14 28 22 27 11 16 21 24 17 40 17 42 23 21 21 37 23 30 12 20 12 39 29 31 24 7 24 61 10 40 23 21 24 18 40 23 15 7 21 35 33 30 15 17 45 15 28 33 21 19 30 30 9 18 23 31 39 17 14 17 34 20 26 19 48 18 30 20 47 18 27 31 21 44 25 37 26 37 30 18 26 22 22 19 29 23 35 36 43 37 30 26 25 34 16 16 34 67 26 21 34 19 37 25 18 17 60 11 21 28 41 15 39 15 44 46 24 24 42 22 45 12 25 35 27 36 22 29 38 17 21 12 12 41 38 37 34 16 27 11 29 12 36 26 32 33 51 22 27 31 35 42 32 30 32 35 6 19 36 27 13 26 15 26 14 22 37 25 37 27 41 35 28 14 38 19 28 28 26 56 44 31 14 18 32 29 13 31 28 26 30 22 23 39 29 43 15 16 30 19 18 39 29 26 9 26 9 23 34 40 35 50 25 17 28 36 27 31 20 14 13 12 23 15 26 35 37 43 28 26 14 30 31 36 41 22 17 34 52
34 21 25 43 21 38 42 14 25 28 29 25 32 22 24 21 17 18 33 29 21 28 54 20 53 27 22 26 21 20 39 24 33 35 38 26 50 42 26 19 17 23 27 18 33 12 17 25 19 26 31 41 40 11 15 20 18 15 33 38 30 25 20 25 27 21 36 25 31 28 32 16 28 22 15 28 13 35 22 10 26 9 27 16 19 26 23 20 17 22 25 15 54 32 9 12 20 12 22 25 12 35 16 20 27 14 27 45 35 21 22 26 34 16 32 42 14 20 26 27 39 23 43 24 26 16 22 22 15 36 21 28 20 15 20 32 29 21 38 46 19 14 33 31 18 39 13 29 25 22 17 21 30 25 36 25 27 24 24 17 20 14 26 30 36 17 18 12 24 22 8 18 32 30 34 17 24 22 41 34 16 36 21 13 35 29 21 40 32 29 18 24 32 46 14 22 28 31 25 11 14 33 33 39 35 26 22 14 21 32 23 31 46 19 30 35 23 26 24 11 34 31 10 15 8 23 26 36 25 28 24 23 29 33 18 22 22 14 15 32 33 44 11 16 32 39 33 20 21 27 29 22 21 21 44 29 24 19 18 30 26 14 41 31 31 22 19 41 33 38
44 34 30 22 23 37 22 15 21 22 22 11 19 24 23 23 19 32 27 34 21 30 38 47 15 29 25 28 27 14 26 33 17 47 11 30 12 28 33 19 38 14 19 16 31 42 49 21 14 37 18 13 30 12 39 35 26 23 13 8 24 26 32 39 23 20 22 33 46 24 21 17 40 37 11 25 35 16 24 23 24 23 22 41 23 24 22 23 27 27 21 35 19 15 27 29 19 32 32 14 23 12 23 16 32 25 28 22 22 16 26 22 30 41 19 20 43 34 28 35 19 16 15 21 42 16 32 20 31 17 39 21 26 34 21 18 38 24 39 35 29 32 32 29 13 19 37 14 39 21 28 30 38 24 25 28 43 40 20 44 29 28 35 31 13 19 36 21 11 28 15 23 18 19 40 27 17 22 41 38 14 13 25 24 41 18 22 30 23 17 30 40 32 21 17 29 21 46 22 24 22 32 47 13 21 36 22 29 18 32 17 21 13 26 24 15 15 33 20 27 42 26 22 28 22 47 26 22 44 19 36 22 25 18 32 10 15 16 23 13 20 18 12 26 20 33 14 41 46 26 23 14 22 29 27 21 11 24 38 24 14 38 14 29 33 17 7 31 32 13
22 25 52 21 21 19 25 12 37 13 27 28 17 19 18 33 31 24 18 19 14 42 18 15 12 15 26 69 30 31 39 22 35 26 32 15 18 41 52 25 12 33 24 24 23 20 25 29 33 37 35 30 30 36 17 46 34 18 16 35 30 14 16 11 26 39 18 15 34 25 29 35 21 17 18 16 27 46 17 19 19 20 51 26 25 29 23 27 31 24 21 35 29 25 22 17 28 22 15 18 18 35 29 27 37 36 20 32 20 21 26 10 17 13 19 32 25 27 29 48 35 17 29 6 14 27 28 27 33 35 16 27 26 19 24 35 27 20 27 21 27 13 18 14 27 30 19 23 12 24 19 19 30 10 32 34 35 41 23 29 18 35 22 32 15 15 24 39 18 26 36 40 22 21 25 19 20 20 11 39 30 38 22 20 17 43 17 29 16 17 15 22 41 24 24 34 19 23 33 20 37 40 17 19 16 18 33 11 40 30 44 17 17 43 20 33 29 12 27 20 17 25 13 26 22 45 29 28 40 24 29 24 31 27 20 30 29 24 19 17 13 26 11 16 32 30 23 13 26 36 16 12 9 18 25 39 30 22 27 16 19 29 31 30 23 15 32 31 45 19
19 30 21 31 45 27 16 39 42 28 10 31 19 32 35 21 23 36 32 29 28 32 36 32 32 27 21 15 33 31 24 26 45 13 38 29 8 10 16 37 21 15 29 36 24 17 25 46 52 25 21 24 27 29 28 36 6 23 30 50 24 39 10 24 26 16 25 19 21 31 25 12 37 32 25 65 44 25 14 10 20 21 21 28 25 26 39 22 19 24 43 51 12 25 22 24 48 26 29 21 26 19 9 27 35 12 20 26 18 27 12 29 49 35 31 27 22 33 44 36 18 40 25 22 15 23 44 18 29 14 16 31 31 15 22 17 21 29 35 32 24 31 32 21 18 31 27 20 25 22 27 25 30 64 24 44 28 37 40 32 29 40 33 30 18 34 24 35 30 53 19 27 27 24 57 35 18 14 42 27 30 22 33 27 33 17 23 21 24 53 33 21 13 32 17 17 14 17 29 26 15 31 26 27 21 18 12 30 30 22 24 9 30 14 33 15 35 17 23 29 22 30 22 35 57 27 26 39 18 21 21 29 34 33 16 30 35 33 13 25 9 25 20 20 34 20 26 36 10 17 13 24 37 29 23 31 19 12 38 22 35 28 20 34 18 16 25 27 23 21
36 27 15 19 26 31 11 35 29 20 50 16 33 28 28 33 16 39 33 12 13 12 23 25 13 33 16 32 15 24 32 46 45 25 26 39 28 24 30 31 21 31 21 31 31 30 31 33 36 20 14 32 37 35 22 54 24 32 29 31 12 20 40 26 15 31 40 30 13 23 18 27 19 17 40 14 13 17 31 15 20 12 18 14 13 48 6 19 14 16 36 21 34 48 24 45 26 31 25 33 20 11 13 8 32 24 23 24 19 21 36 17 16 30 43 21 16 22 18 18 45 25 23 30 22 17 28 47 39 38 33 33 19 45 26 16 25 36 21 46 39 24 22 28 20 12 10 26 18 15 23 27 23 19 22 6 42 29 32 33 37 33 25 25 20 8 14 18 27 16 36 19 37 33 22 39 32 14 19 45 26 36 15 26 34 43 42 25 21 24 25 12 28 20 27 21 41 11 28 35 22 13 32 31 12 26 24 14 16 16 16 22 22 19 28 19 16 34 21 22 30 25 16 19 18 21 19 31 15 20 14 28 15 30 35 49 32 47 23 21 23 30 38 32 19 31 23 21 19 24 35 38 34 22 24 18 22 27 20 15 17 28 9 24 24 42 29 17 16 31
23 31 36 14 29 23 15 34 29 42 15 25 28 24 8 21 20 31 24 40 34 29 24 19 15 43 24 28 36 29 18 17 25 43 24 43 33 16 27 20 20 29 30 19 19 22 28 31 47 19 25 42 23 14 17 22 16 30 17 23 12 29 42 23 23 27 18 43 31 13 35 16 8 20 30 12 37 25 45 22 26 44 17 25 16 32 29 22 16 37 24 28 14 37 23 41 20 23 17 16 16 31 31 19 39 17 39 41 29 22 28 22 42 18 26 35 22 17 28 21 31 18 33 35 16 29 30 47 35 17 40 21 32 19 22 13 36 23 17 30 24 27 20 16 51 32 25 28 41 31 49 24 29 17 22 36 30 26 20 27 27 25 30 27 22 30 32 23 25 35 7 30 22 31 27 40 22 45 46 16 27 44 40 19 40 16 33 23 19 28 33 20 24 24 17 29 15 23 43 38 31 15 22 28 25 29 20 19 23 43 38 34 10 30 35 27 28 27 30 49 14 21 33 28 15 29 18 40 30 24 34 10 47 28 23 20 40 35 25 26 10 24 45 26 16 7 22 33 31 20 25 42 16 22 22 22 32 38 40 31 53 37 23 22 17 25 17 26 21 10
52 23 31 24 35 33 35 22 31 24 34 18 23 43 31 25 37 24 31 20 29 25 21 31 47 46 18 22 19 33 35 33 37 29 21 31 20 28 16 30 25 29 22 37 20 17 17 32 18 34 29 28 21 24 26 37 27 32 24 17 38 36 17 27 16 60 40 19 28 22 34 31 31 38 28 19 24 23 25 23 19 20 27 21 14 25 14 36 26 19 32 25 23 22 18 19 15 26 13 14 14 17 25 30 15 30 25 14 27 23 29 19 22 27 30 27 39 38 20 20 34 23 11 33 29 27 50 15 29 26 21 21 34 29 27 12 14 15 19 11 38 20 17 31 14 22 18 20 21 16 29 14 22 24 48 16 26 31 34 43 6 50 20 21 20 26 18 7 41 21 23 27 17 41 33 57 7 39 44 29 27 34 22 26 20 18 21 29 17 34 23 17 41 22 42 45 19 36 27 32 21 36 20 12 13 30 28 31 17 34 32 32 21 26 17 20 40 20 12 26 27 25 22 13 36 24 22 25 32 23 19 21 7 32 15 23 20 35 33 34 40 12 15 23 29 29 15 15 44 17 33 48 35 24 29 47 38 34 23 34 44 46 31 23 21 22 55 22 21 12
13 11 16 18 22 34 11 36 21 15 24 34 15 25 33 33 19 17 41 25 24 13 17 24 38 35 25 22 26 18 29 38 40 33 24 21 31 18 10 43 32 16 21 18 38 26 19 15 22 24 32 30 30 17 40 18 20 16 30 10 31 30 18 31 24 34 34 16 22 27 24 17 25 21 31 23 12 32 12 25 27 11 36 31 27 20 26 27 19 21 34 19 20 24 37 23 22 33 38 16 26 30 18 35 11 32 28 17 14 62 14 29 40 30 29 26 16 29 25 14 40 7 19 36 26 34 15 38 26 26 32 30 40 25 30 23 14 15 37 26 6 31 29 20 23 20 13 41 23 19 26 19 25 19 40 31 27 32 25 35 31 15 34 15 16 20 13 30 21 24 11 27 28 20 17 31 24 17 31 20 34 28 45 27 25 31 33 27 30 22 45 28 26 24 22 25 29 24 34 38 14 16 28 24 21 39 16 26 33 14 28 21 24 21 39 16 32 19 26 17 21 25 38 45 22 22 17 41 18 35 36 35 27 32 17 25 17 31 40 26 26 37 24 49 39 23 13 29 21 31 44 30 14 30 34 29 19 29 21 22 18 34 35 18 15 23 24 32 24 27
24 36 28 31 34 37 25 34 19 21 37 10 29 12 16 32 25 28 24 20 46 18 25 38 11 28 19 28 39 12 19 18 33 38 18 17 33 33 36 24 45 25 20 20 41 18 35 23 40 23 13 33 32 24 24 16 16 19 17 21 52 22 28 30 26 22 42 27 25 47 31 24 43 13 34 28 22 43 34 18 16 49 22 34 31 38 27 32 28 10 37 31 12 50 16 28 18 18 22 25 27 29 29 16 54 40 15 16 19 42 17 23 38 18 12 29 29 29 21 36 30 21 14 29 19 17 24 29 34 29 28 15 14 28 22 29 25 19 49 33 16 19 32 16 19 18 26 30 19 32 64 37 26 27 23 9 16 9 31 25 16 19 30 18 31 14 30 13 32 34 10 22 27 36 31 17 23 15 22 21 40 15 32 14 32 23 17 26 12 14 21 22 29 22 17 42 42 15 22 23 34 23 25 25 28 15 22 14 19 26 40 10 22 19 21 39 23 40 34 24 22 25 24 29 21 18 38 29 36 18 19 25 16 21 20 31 23 25 19 40 18 26 19 22 23 44 24 24 28 23 15 40 17 21 21 21 36 28 30 28 23 13 33 17 43 26 24 33 13 19
14 26 30 20 37 14 42 32 30 41 29 11 41 31 41 29 34 28 33 47 37 13 36 13 24 29 23 31 48 41 24 17 32 12 12 31 14 23 22 38 40 14 21 21 29 22 29 27 28 20 31 24 18 29 37 27 17 28 64 28 24 28 37 19 24 31 29 22 8 19 28 29 35 25 21 43 51 18 26 28 22 17 41 25 25 22 24 29 20 35 35 14 35 21 17 22 26 17 17 12 32 22 32 20 16 17 21 28 26 42 19 33 12 29 29 29 24 25 15 15 20 18 20 21 26 12 29 22 25 12 28 32 36 41 33 22 17 27 32 29 40 15 14 21 24 30 32 43 18 28 36 27 22 26 13 23 26 35 29 17 24 18 27 30 19 31 23 15 33 17 32 18 41 13 33 20 23 14 35 27 45 22 29 20 30 13 15 41 22 17 31 15 25 16 20 13 26 27 27 37 16 25 25 24 17 32 23 40 15 16 19 24 21 17 18 19 16 11 19 39 35 19 25 22 28 16 22 21 13 33 37 24 19 13 47 23 29 27 37 20 31 18 14 21 20 20 24 27 43 23 24 16 18 21 34 24 31 28 14 30 19 30 15 22 25 21 15 36 41 26
26 26 42 25 29 31 33 18 37 28 42 16 30 20 11 32 19 21 19 28 20 34 38 18 20 24 21 27 32 33 35 20 32 13 21 31 14 16 30 24 17 48 21 15 18 42 28 20 25 26 19 22 21 19 20 18 23 22 73 22 12 22 10 35 28 29 21 15 35 31 20 28 31 29 43 35 36 37 19 31 20 22 32 17 17 25 20 15 21 24 37 19 33 19 24 16 19 22 22 17 24 21 26 11 12 46 17 41 25 30 19 28 22 39 16 10 20 25 33 28 27 34 20 29 16 39 28 10 22 29 27 21 15 35 9 35 14 28 25 28 44 26 23 10 36 15 29 31 29 19 19 29 49 28 10 23 39 43 29 24 24 29 37 19 22 18 13 15 14 21 44 22 16 20 26 9 24 33 22 36 26 24 12 56 40 18 24 24 26 18 45 25 25 45 28 15 32 27 31 16 28 19 11 17 47 29 25 24 42 30 42 33 22 25 19 15 34 33 14 27 25 27 10 44 35 36 17 22 24 18 26 38 17 50 15 16 24 33 18 36 36 23 17 37 29 17 26 39 31 13 39 22 10 17 16 23 34 24 24 25 30 30 31 31 21 11 30 41 19 17
24 24 22 19 30 13 36 17 23 24 21 22 39 41 26 25 40 23 23 34 33 41 45 18 25 27 14 22 23 27 21 13 40 16 21 28 25 14 19 53 17 23 11 15 32 34 20 42 23 35 34 15 34 26 15 29 27 10 28 12 13 26 17 22 30 27 25 32 37 35 35 18 19 27 15 27 19 13 16 21 22 22 10 35 43 13 37 27 47 32 37 30 19 31 21 12 28 21 21 33 21 21 25 20 30 24 25 46 14 23 18 33 29 24 38 21 47 44 45 31 15 15 31 17 24 22 38 29 11 34 28 15 38 19 31 40 31 22 17 54 37 27 18 12 28 11 16 36 44 34 51 37 34 14 23 16 22 37 21 40 52 34 20 22 22 34 20 34 41 33 36 30 27 31 27 13 30 19 24 31 27 11 34 29 31 31 36 29 12 25 16 25 17 40 20 19 17 28 11 29 26 36 19 26 46 22 47 18 19 26 42 16 20 26 31 31 23 17 33 44 23 29 14 11 37 16 25 38 30 25 30 14 24 19 19 26 27 26 31 23 23 24 40 20 22 27 15 37 20 22 34 13 25 19 14 14 48 37 24 20 33 24 20 40 42 31 17 8 25 31
0.375 0 0.1875 0.5625 0.5 0.875 0.25 0.4375 0 0 0.6875 0 0.6875 0.0625 0 0.1875 0 0 0 0 0 1 0 0.375 0.375 0 0.3125 0.25 0 0.625 0 0.8125 0 0.9375 0 0 0.125 1 0.0625 0.5625 0 0 0.0625 0.4375 0 0 0.4375 0.375 0 0 0.1875 0 0.5 0 0.5625 0 0 0.1875 0 0.875 0 0 0.4375 0 0.375 0.625 0 0 0.4375 0 0 0.8125 0 0 0 0.5 0.5 0.625 0 0.0625 0 0.3125 0 0 0.5 0 0 0 0 0 0.1875 0 0 0 0 0 0 0.375 0 0.625 0 0 0.25 0 0.375 0 0 0.1875 0 0 0 0 0.1875 0 0.125 0.5 0 0 0 0.1875 0 0.3125 0 0.375 0.375 0.375 0.5625 0 0 0.6875 0 0 0 0 0.1875 0 0.125 0 0 0.375 0 0 0.0625 0 0 0.6875 0.1875 0 0 0 0.25 0 0 0.25 0.5625 0 0 0 0 0 0 0.625 0.9375 0 0 0.375 0.25 0.375 0 0.1875 0.125 0 0 0.5 0 0 0 0.875 0 0 0 0.5 0 0 0.5 0 0.375 0.25 0.375 0.1875 0 0 0 0.25 0 0 0 0 0 0.625 0.5 0 0 0 0.0625 0 0 1 0 0 0 0 1 0 0 0.1875 0.3125 0 0 0 0 0.5 0 0 0.0625 0.25 0 0.125 0 0 0.25 0.5625 0.125 0 0 0 0 0.0625 0 0 0 0.25 0 0.25 0.1875 0.125 0.375 0 0.1875 0.75 0 0 0.1875 0.25 0.125 0.5625 0 0.6875 0.25 0.5625 0 0 0 0 1 0 0 1 0 0
0.25 0.6875 0 0 0.6875 0.3125 0 0 0.875 0.1875 0 0 0 0.125 0 0.3125 0 0 0.6875 0 0 0.625 0 0 0 0 0.875 0.5 0.875 0 0 0.375 0 0 0.9375 0 0 0.3125 0 0 0 0.1875 0 0 0 0 0 0.5 0 0 0.3125 0 0 0.1875 0 0.3125 0 0 0.125 0 0 0 0.375 0.1875 0.4375 0 0.125 0.5625 0.5625 0 0.1875 0 0 0.625 0 0 0.5 0 0.125 0 0 0 0 0 0 0 0.5625 0 0.125 0 0 0 0.0625 0.8125 0 0.125 0.1875 0 0 0.8125 0 0 0.5625 0 0 0 0 0 0.3125 0.1875 0 0 0.3125 0.25 0 0 0.1875 0.1875 0.25 0.5 0 0.875 0.375 0 0 0 0 0.3125 0 0.25 0.3125 0 0 0 0.0625 0 0.375 0.1875 0 0.9375 0.6875 0 0 0.3125 0.4375 0.1875 0.375 0.0625 0 0.9375 0.375 0 0.5 0.8125 0.1875 0.125 0 0 0 0 0.3125 0 0 0 0.1875 0 0 0.25 0 0 0 0 0 0.125 0.9375 0.1875 0.375 0 0 0 0 0 0 0 0 1 0.3125 1 0.0625 0 0 0 0 0.5625 0 0 0.5 0.875 0 0 0.125 0.1875 0 0 0 0.5625 0.4375 0 0.375 0 0 0 0.3125 0.375 0 0 0 0.3125 0 0 0.5625 0 0.6875 0.375 0.4375 0.375 0.125 0 0.1875 0.5 0 0.4375 0.3125 0.5625 0 0 0.375 0 0 0 0 0 0 0 0.4375 0.625 0 0 0.25 0.5625 0.4375 0.4375 0.125 0.75 0.125 0.4375 0 0.25 0.25 0.375 0.6875 0 0.125 0 0 0 0 0 1 0.5625
0 0.375 0.375 0 0 0 0.4375 0 0 0.125 0 0 0 0 0.375 0.1875 0 0.125 0.375 0 0.6875 0 0 0 0.125 0.625 0 0.125 0 0 0 0 0.1875 0.1875 0 0.3125 0.375 0 0 0 0 0 0 0.125 0.1875 0 0 0.4375 0.375 0.9375 0.25 0.25 0 0 0.125 0 0.8125 0.3125 0.875 0 0.875 0 0.1875 0 0.3125 0 0.625 0 0 0.6875 0.4375 0.1875 0.5 0.5625 0 0 0.5625 0 0 0.125 0 0.9375 0 0.4375 0 0 0 0.125 0.0625 0.25 0.375 0.25 0 0 0.6875 0.0625 0 0.375 0.25 0 0 0.1875 0 0 0 0.6875 0 0 0.4375 0.375 0.1875 0.375 0.4375 0 0 0 0.875 0.6875 0.25 0.5625 0 0 0 0.4375 0 0.625 0 0 0 0.3125 0.4375 0.6875 0 0.4375 0 0 0 0.125 0.0625 0 0.0625 0.5625 0 0 0.4375 0 0.3125 0.6875 0.0625 0 0 0.1875 0 0 0.75 0 0 0.8125 0.375 0 0.0625 0 0 0.25 0.1875 0.3125 0 0 0 0 0 0 0.25 0 0 0 0.4375 0.3125 0 0 0.6875 0 0.25 0.875 0.5625 0.4375 0.1875 0 0 0 0 0.4375 0.5 0 0.3125 0.6875 0 0 0.375 0.4375 0 0 0 0 0.1875 0 0 0.375 0 0 0 0.0625 0.3125 0 0.125 0.625 0 0 0.0625 0 0.6875 0 0.6875 0.0625 0 0 0 0 0.8125 0 0 0 0 0 0.8125 0 0 0.5 0 0 0 0.4375 0 0.625 0 0.125 0 0.6875 0.4375 0.125 0.25 0.4375 0 0 0.5625 0 0 0 0 0.375 0 0.4375 0.25 0.0625 0.375 0.375 0.8125 0 0 0.75
0 0.9375 0 0.4375 0.25 0 0 0.5625 0.375 0 0.125 0.375 0.125 0.5 0 0 0 0 0 0.375 0.1875 0 0 0.375 0.5625 0 0.375 0 0.3125 0.25 0 0.6875 0 0.1875 0 0.875 0.5625 0.25 0.0625 0.5 0 0.5 0 0.125 0.25 0.25 0 0.125 0 0.8125 0.3125 0.8125 0 0 0 0.0625 1 0.0625 0 0.9375 0 0.125 0.25 0.0625 0.4375 0 0.125 0.625 1 0.25 0 0 0 0.625 0.5 0 0.625 0 0 0.25 0.375 0 0 1 0.4375 0.125 0 0 0.5 0.6875 0.5 0 0.3125 0 0.375 0 0.4375 0 0.3125 0 0.4375 0 0 0.25 0 0 0 0 0 0 0.4375 0 0.1875 0.1875 0.375 0 0.125 0 0 0 0 0 0 0 0 0.5625 0.5625 0 0 0 0.25 0 0.375 0 0 0.4375 0.5 0 0.875 0.25 0 0 0.625 0 0.625 0 0 0.0625 0.0625 0 0.1875 0 0.8125 0 0 0 0 0.1875 0 0 0.5 0.25 0.8125 0.8125 0 0 0 0 0.5625 0 0.875 0 0.8125 0 0 0 0 0 0.1875 0 0 0 0 0 0 0 0 1 0.375 0 0 0.75 0 0.625 0 0.6875 0.1875 0 0 0 0 0 0 0 0.6875 0 0.375 0 0 0 0 0 0 0.6875 0.4375 0 0 0.75 0 0 0 0 0.1875 0.125 0 0 0 0.625 0.5625 0 0.375 0.4375 0 0 0 1 0 1 0.125 0 0 0 0 0 0.5 0 0 0 0 0.3125 0.6875 0.75 0.8125 0.125 0.625 0 0 0 0 0 0 0.6875 0 0 0 0 0.1875 0.5 0 0
0 0.25 0 0 0.25 0 0 0.6875 0 0 0 0 0 0.1875 0.0625 0.25 0.5 0.4375 0 0 0.25 0 0 0.3125 0 0 0.1875 0 0.25 0.3125 0 0.0625 0 0 0 0 0 0 0 0.375 0.5 0.125 0 0.4375 0 0.8125 0.5 0 0.375 0 0 0 0 0.875 0.625 0.3125 0.4375 0.625 0 0 0 0 0.3125 0 0 0.25 0 0 0 0 0 0.5625 0 0.1875 0.625 0 0.75 0 0.1875 0.9375 0 1 0 0.5625 0.375 0 0.125 0.3125 0.5 0.1875 0 0.625 0 0 1 0.8125 0.3125 0.8125 0.1875 0 0.8125 0 0.5625 0.3125 0 0.6875 0 0 0 0.25 0.1875 0 0 0.5625 0 0 0.6875 0.3125 0 0 0 0.125 0 0.0625 0 0.5625 0.1875 0.1875 0.625 0 0.25 0 0.3125 0.625 0.3125 0 0 0.25 0 0 0.375 0.6875 0 0 0.4375 0 0.75 0 0 0.1875 0.5 0.25 0 0 0 0 0 0.0625 0.0625 0.5 0.3125 0.6875 0 0 0 0.5 0.4375 0.8125 0.0625 0.1875 1 0.4375 0 0 0 0.5 0.0625 0.1875 0 0 0.5625 0 0.25 0.75 0 0 0.25 0 0 0 0.4375 0.0625 0 0 0.6875 0.1875 0 0 0 0.875 0.6875 0 0 0 0 0 0.1875 0.6875 0.25 0 0.125 0 0 0.375 0 0 0.125 0 0.0625 0.875 0 0 0.9375 0.625 1 0.125 0 0 0 0 0.0625 0.125 0 0 0.4375 0.1875 0.1875 0.6875 0.625 0 0 0 0.875 0.5625 0 0 0 0.3125 0.25 0 0 0.1875 0.25 0.25 0 0 0.0625 0.375 0.4375 0 0 0.6875 0 0 0 0.1875 0.375 0 0 0
0 0 0 0.1875 0.125 0 0.1875 0.625 0.25 0.1875 0.1875 0.875 0.375 0.0625 0.125 0.125 0.375 0 0 0 0.25 0 0 0 0.625 0 0 0 0 0.6875 0 0 0.5 0 0.875 0 0.8125 0 0 0.375 0 0.6875 0.375 0.5625 0 0 0 0.25 0.6875 0 0.4375 0.75 0 0.8125 0 0 0 0.125 0.75 1 0.0625 0 0 0 0.125 0.3125 0.1875 0 0 0.0625 0.25 0.5 0 0 0.875 0 0 0.5625 0.0625 0.125 0.0625 0.125 0.1875 0 0.125 0.0625 0.1875 0.125 0 0 0.25 0 0.375 0.625 0 0 0.375 0 0 0.6875 0.125 0.8125 0.125 0.5625 0 0 0 0.1875 0.1875 0.5625 0 0.1875 0 0 0.375 0.3125 0 0 0 0 0.375 0.5625 0.625 0.25 0 0.5625 0 0.3125 0 0.5 0 0.25 0 0 0.25 0.4375 0 0.0625 0 0 0 0 0 0 0.75 0.375 0 0.6875 0 0.25 0 0 0 0.0625 0 0 0 0 0.3125 0 0 0 0 0 0.75 0.375 0 0.25 0.875 0 0.625 0.125 0.4375 0.375 0 0 0.5 0.1875 0 0 0.6875 0.75 0 0.0625 0 0.4375 0.1875 0 0.125 0.5 0 0 0 0.25 0.5 0 0.25 0 0.1875 0.0625 0.1875 0 0 0.75 0.25 0 0.1875 0 0.4375 0 0.5 0.25 0.75 0 0.0625 0.625 0.625 0 0.3125 0 0 0 0.1875 0 0.1875 0 0 0.1875 0 0.375 0 0.1875 0 0.4375 0 0.9375 0.625 0.5625 0.125 0.75 0.3125 0.4375 0.8125 0 0.3125 0 0.6875 0 0 0 0.125 0.6875 0.1875 0 0 0.25 0.875 0.0625 0 0.0625 0.6875 0 0.6875 0 0 0.5 1 0 0 0.75
0.1875 0 0 0.25 0.25 0.375 0 0.8125 0 0.75 0 0 0.5 0.375 0.4375 0 0 0.0625 0.4375 0.375 0.6875 0 0.4375 0.625 0.8125 0.625 0 0 0 0 0 0.1875 0 0 0 0.625 0.4375 0 0 0 0.8125 0 0.0625 0.0625 0.125 0.3125 0 0 0 0 0 0 0 0 0.5 0 0 0.4375 0.5625 0 0 0.6875 0.5625 0.875 0 0 0.4375 0.625 0 0 0 0 0.25 0.5 0.4375 0.5625 0 0 0.5 0.375 0.375 0.3125 0 0 0 0 0.125 0 0 0.0625 0.25 0 0 0 0.1875 0.5 0 0.1875 0.625 0.4375 0.4375 0 0 0 0 0 0.3125 0 0.3125 0.25 0 0.9375 0.5 0.75 0.375 0 0 0 0 0 0 0.5 0 1 0.6875 0 0 0 0 0 0.5625 0 0 0.375 0.0625 0 0 0.3125 0 0.25 0 0.75 0.4375 0.6875 0 0 0.375 0.125 0.8125 0.0625 0.375 0.375 0 0.9375 0 0 0 0 0.125 0 0.4375 0 0.1875 0 0.625 0.625 0.0625 0 0.4375 0 0 0 0.1875 0.25 0 0.375 0.3125 0.3125 0.875 0 0 0 0.1875 0.3125 0.5 0 0.5 0 0.5625 0.5 0.625 0.1875 0 0.0625 0.0625 0 0.375 0.125 0 0.3125 0 0 0.5 0.375 0.5625 0.4375 0 0.875 0 0 0 0.5 0.5 0 0.3125 0 0 0.8125 0 0.3125 0.5 0 0.75 0 0.1875 0 0 0 0 0.0625 0 0.0625 0 0 0.3125 0 0 0.0625 0.375 0.5 0.75 0 0.875 0.5625 0 0 0.125 0.75 0 0 0.5625 0.8125 1 0.4375 0 0 0 0.1875 0 0.5625 0.375 0 0 0 0.125 0.625 0 0 0 0.375
0.375 0 0.25 0 0 0 0.5625 0 0 0 0.9375 0 0.375 0 0 0.25 0.125 0 0 0 0 0 0 0 0 0 0.25 0.625 0 0 0.0625 0 0 0.75 0 0 1 0.9375 0.5625 0 0.25 0.625 0 0 0.0625 0.5 0 0 0 0 0.25 0.0625 0 0 0 0 1 0.125 0 0 0.0625 0 0.9375 0.0625 0 0.5625 0 0.375 0.25 0 0 0.8125 0 0 0 0 0 0 0.6875 0.9375 0.3125 0.25 0.25 0 0 0 0 0.1875 0.375 0.0625 0 0 0.8125 0 0.1875 0.0625 0 0 0 0.25 0 0.375 1 0 0 0.8125 0.3125 0 0.4375 0 0.8125 0 0 0 0 0 0.1875 0 0 0 0.4375 0 0 0.1875 0.625 0.125 0 0.4375 0 0.6875 0.5625 0 0 0.625 0.1875 0.5 0.25 0 0 0 0.0625 0 0 0.25 0.4375 0 0 0.3125 0 0.1875 0 0 0 0 0.0625 0 0 0 0 0 0 0 0 0 0.4375 0 0.0625 0 0 0 0.375 0 0 0.0625 0 0 0.4375 0.6875 0 0 0 0.1875 0 0 0 0.5 0.125 0.25 0.0625 0 0 0.25 0.75 0 0.5 0.5 0.6875 0.5 0 0 0.625 0 0 0 0.25 0.4375 0.8125 0 0 0.1875 0.0625 1 0 0.6875 0 0.625 0 0.5 0.125 0 0.1875 0 0.1875 0 0 0 0 0 0.4375 0.25 0.25 0 0 0 0.5625 0 0 0 0.75 0 1 0 0.3125 0.3125 0 0.3125 0 0 0.9375 0.5 0.75 0.0625 0 0 0.125 0 0.375 0.8125 0 0.1875 0 0 0.3125 0 0.4375 0.5625 0 0 0.125 0.25
0 0 0.625 0.375 0 0 0.875 0 0 0.3125 0 0.5625 0 0 0 0 0.5625 0 0 0.8125 0.75 0.8125 0.125 0 0.75 0 0.5625 0 0.625 0.0625 0 0 0 0 0 0 0 0.0625 0 0 0.25 0 0.25 0 0 0 0 0 0 0.3125 0.6875 0 0 0 0.1875 0 0.0625 0 0 0 0.8125 0.3125 0 0 0.625 0 0 0 0.75 0.125 0.4375 0 0.375 0.5 0 0.6875 0.75 0.5 0 0.625 0.3125 0.8125 0.4375 0.6875 0.75 0 1 0.375 0.6875 0.5625 0 0.25 0 0 0.0625 0 0 0 0 0 0.3125 0.875 0.75 1 0 0.0625 0.125 0.0625 0.375 0.25 0 0.5 0.5625 0 0 0.25 0.5625 0.1875 0.4375 0.4375 0 0 0.125 0 0.1875 0.5 0 0 0 0 0 0 0.375 0 0 0.5625 0 0 0.25 0 0 0.0625 0.1875 0 0.3125 0.8125 0.9375 0 0.4375 0.625 0.125 0 0.125 0.375 0.1875 1 0 0 0 0 0 0 0 0 0.3125 1 0.6875 0.4375 0 0.5625 0 0.375 0 0 0.1875 0 0 0.6875 0.375 0 0 0 0.625 0 0 0 0 0 0.25 0.0625 0 0.8125 0 0.3125 0 0.25 0 0.875 0 0 0.1875 0.75 0 0 0.8125 0 0.0625 0.6875 0.5625 0.5625 0.5625 0.1875 0.1875 0.375 0 0.375 0.5625 0 0.25 0.1875 0 0 0.5625 0.375 0.4375 0.25 0.375 0 0.625 0.3125 0.6875 0 0.625 0 0 0 0 0 0.125 0.25 0.125 0 0 0 0.375 0 0.125 0.25 0.375 0.0625 0 0 0 0.1875 0.0625 0.4375 0.1875 0 0.3125 0.625 0.5 0 1 0.0625 0.0625 0 0 0.5 0.5625 0
0.125 0 0 0.6875 0 0.125 0.625 0 0 0 0.625 0 0 0.0625 1 0.25 0.3125 0 0.0625 0 0 0 0.0625 0.375 0.625 0 0.0625 0 0 0 0.4375 0.5 0 0 0.0625 0 0 0.5625 0 0.3125 0.3125 0 0 0.375 0.375 0.1875 0 0 0 0.375 0 0 0.125 0.6875 0.5 0.1875 0.5625 0 0.5 0.125 0.8125 0 0 0.125 0.125 0 0.4375 0 0 0.75 0 0.5625 1 0.3125 0 0.8125 0 0 0 0.1875 0 0 0.5 0 0.5625 0 0 0.1875 0.5625 0 0.0625 0 0.6875 0 0.125 0 0.3125 0.125 0.5 0.5625 0.5625 0 0 0.375 0 0.5 0 0 0 0.1875 0 0.1875 0 0.4375 0 0 0.1875 0.5 0 0.25 0 0.4375 0 0 0.5625 0 0 0 0 0.5 0 0.25 0 0.375 0.1875 0.75 0 0.125 0.5 0 0.0625 0 0.3125 0.5625 0 0 0 0 0 0 0 0.0625 0 0.5 0.1875 0 0 0 0.3125 0 0 0 0 0 0.1875 0 0 0.125 0 0 1 0 0.1875 0 0 0 0.1875 0 0 0.5625 0 0 0 0.375 0 0.5625 0 0.125 0.375 0 0 0.3125 0.0625 0.0625 0.5 0 0.625 0.125 0 0 0 0.625 0.1875 0 0 0 0.3125 0.375 0.125 0 0 0 0.9375 0 0 0 0 0 0 0 0.6875 0.25 0 0 0.625 0 0.4375 0 0 0.0625 0 0.9375 0 0 0.125 0.3125 0 0 0 0 0.9375 0.0625 0 0 0.5625 1 0.1875 0 0 0.3125 0 0 0.5625 0.1875 0.1875 0.1875 0 0 0 0 0 0 0.125 0.1875 0.5 0 0.5 0 0.25 0.9375
0 0.125 0 0.0625 0 0 0 0.1875 0 0.0625 0 0.4375 0.125 0 0 0 0 0.0625 0 0.3125 0 0 0.25 0 0 0 0.4375 0.1875 0.375 0 0 0 0 0 0.25 0 0.3125 0 0.5625 0 0 0 0.1875 0 0.3125 0.5 0.5 0 0.4375 0 0 0 0.25 0.0625 0 0 0 0 0.0625 0.5 0 0 0.5 0 0.5625 0 0 0.375 0 0.1875 0 0 0 0 0 0.375 0.0625 0.125 0 0.125 0.375 0.3125 0 0.25 0.6875 0 0.6875 0 0 0.375 0 0 0.125 0.1875 0.4375 0.375 0.625 0 0.75 0.6875 0.6875 0.5 0 0 0.625 0 0 0.6875 0 0.125 0 0.375 0.1875 0 0 0 0 0 0.3125 0.3125 0 0.125 0.875 0 0 0 0 0.625 0 0 0.25 0.25 0 0 0 0.8125 0.6875 0.625 0.375 0.875 0 0.3125 0.5 0 0.6875 0.1875 0.4375 0.3125 0.25 0.5625 0 0.6875 0.1875 0.0625 0 0.5625 0 0 0 0 1 0 0.3125 0.25 0.3125 0 0.4375 1 0 0.25 0.125 0 0.5 0 0 0 1 0 0 0 0 0 0.1875 0 0.3125 0.4375 0.25 0 0.5 0 0.125 0.5 0 0.1875 0 0 0.375 0 0 0 0.25 0 0.3125 0.8125 0.75 0 0 0 0.5 0 0 0 0.25 0 0.5 0.3125 0 0.3125 0.8125 0 0 0 0.1875 0.75 0 0.0625 0.1875 0 0 0.125 0.375 0.25 1 0 0.625 0.125 0.3125 0 0 0 0 0.8125 0.625 0.125 0 0 0.625 0.625 0 0.5 0 0 0 0.0625 0 0 0 0 0.125 0 0 0 0 0.125 0.25 0.1875 0 0.1875 0.25 0.8125
0.75 0.875 0.5625 0.4375 0.1875 0 0.875 0 0.25 0.625 0.0625 0 0.625 0 0 0 0.375 0.5 0 0 0.0625 0.75 0.5 0.0625 0 0 0 0.1875 0 0.4375 0 0 0 0 0.0625 0.25 0 0.4375 0.9375 0 0 0.5625 0.25 0.4375 0 0 0.375 0.625 0.1875 0.0625 0 0 0 0.5 0 0.4375 0.3125 0.5625 0 0.9375 0 0 0.4375 0 0.0625 0 0 0.5625 0.1875 0 0.0625 0.5 0 0.25 0 0.125 0.8125 0 0.8125 0 0 0.875 0 0 0 0.3125 0 0 0.375 0.25 0 0.375 0.3125 0.0625 0 0.125 0.1875 0 0 0.5625 0 0 0.4375 0 0.875 0 0 0.5 0.6875 0 0.6875 0 0 0 0 0 0.5625 0 0 0.6875 0 1 0.375 0 0 0 0.625 0 0 0 0 0 0 0 0 0.125 0.6875 0.625 0 0 1 0 0 0.3125 0.125 0.3125 0.75 0 0.125 0.375 0 0.375 0 0.375 0 0 0 0 0 0 0 0.625 0 0.625 0.5625 0.3125 0.75 0 0.25 0.0625 0.875 0 0 0.3125 0.5 0 0.0625 0.5 0 0.3125 0 0 0 0 0 0 0 0 0 0.1875 0 0 0 0.0625 0.1875 0 0 0.0625 0 0 0.6875 0.5625 0 0.0625 0.25 0 0.5625 0 0 0.6875 0 0.25 0.0625 0.25 0 0.5625 0 0.375 0 0.5 0.25 0 0 0 0.1875 0.1875 0.5 0 0.4375 0 0 0 0 0 0.5 0 0.5 0 0 0 0 0 0.0625 0 0 0.125 0.75 0 0.25 0 0 0 0.6875 0 0 0 0.375 0 0.25 0.1875 0.4375 0 0 0.4375 0.625 0.125 0.0625 0 0.0625 0
0.0625 0 0 0 0 0 0 0 0.375 0.25 0 0.9375 0 0.8125 0.5625 0 0 0 0.0625 0.3125 0 0.4375 0 0 0.875 0 0.375 0 0 0.8125 0.375 0.4375 0 0 0.4375 0.5 0 0 0 0.0625 0 0 0.3125 0.3125 0 0.4375 0 0.125 0 0.125 0.75 0 0 0.0625 0.0625 0.5625 0.5625 0.375 0.5 0.25 0 0.1875 0 0 0 0.1875 0 0 0 0 0 0.0625 0 0.75 0 0 0.1875 0 0 0.4375 0.5625 0 0.1875 0 0 0 0 0 0 0.9375 0 0 0.8125 0 0.5625 0 0.4375 0.4375 0.1875 0 0 0 0 0.5625 0 0 0.625 0.5625 0.375 0 0.5 0.125 0 0.4375 0.8125 0 0 0 0.25 0 0 0.25 0.6875 0 0.375 0.5 0.0625 0 0 0 0 0.625 0.6875 0 0.1875 0 0 0.375 0 0 0.5625 0.375 0 0.5625 0.375 0.4375 0 0 0.375 0 0 0 0 0 0.125 1 0.5625 1 0 0 0.5625 0.375 0 0.4375 0 0.6875 0 0.75 0 0 0.9375 0.1875 0 0 0 0.5 0.125 0.625 0.1875 0.25 0 0.625 0 0.6875 0 0.125 0.5 0 0.8125 0.6875 0.25 0.1875 0 0.1875 0.5 0 0 0.625 0.1875 0.125 0 0.125 0 0 0 0.625 0.1875 0.6875 0.375 0 0 0.9375 0.1875 0.375 0.25 0 0.125 0 0 0.0625 0.1875 0 0.0625 0 0.25 0.4375 0 0 0 0.4375 0.375 0 0.5625 0.25 0.3125 0 0.125 0 0.375 0 0.4375 0 0.375 0.1875 0.125 0 0.0625 0.0625 0 0.125 0.625 0 0.5 0.25 0.25 0.25 0 0 0 0 0.125 0.75 0 0.5 0 0 0.0625 0 0.75 0.375
0.6875 0 0 0.3125 0 0.6875 0 0 0 0 0 0.875 0 0 0 0 0 0 0 0 0 0.75 0 0.75 0.0625 0 0.125 0 0 0 0.0625 0.5 0 0.8125 0.8125 0 0.6875 0.125 0.1875 0 0 0.6875 0.25 0.25 0 0.1875 0 0 0 0.3125 0 0.0625 0.4375 0 0 0 0.5 0 0 0 0.0625 0 0 0.375 0.0625 0 0 0.1875 1 0.375 0 0 0 0 0.25 0 0 0.4375 0 0 0.1875 0.5 0 0 0 0.1875 0.0625 0 0.3125 0 0 0.6875 0 0.25 0.5 0.1875 0 0.5 0.5 0.8125 0 0.1875 0 0.3125 0.5625 0.5 0.25 0 0 0 0.375 0 0.8125 0 0 0 0.0625 0 0.625 0.625 0.3125 0.4375 0.3125 0.25 0 0.8125 0 0.1875 0 0.8125 0 0 0 0 0 0.1875 0.5 0 0 0 0 0.625 0.6875 0.25 0.0625 0 0 0 0.4375 0 0 0 0.1875 0 0.75 0.125 0 0 0 0.5 0.0625 0.4375 0 0 0.375 0 0.125 0.625 0 0.5 0 0.4375 0 0.75 0 0.3125 0.125 0.6875 0 0 0 0.1875 0 0.3125 0 0.75 0.625 0 0.1875 0.5 0 0.625 0 0.5625 0.3125 0.75 0 0 0 0 0.5625 0 0 0.0625 0.5 0 0.125 0 0.625 0.5625 0.375 0.0625 0.25 0.5 0.4375 0.375 0.5625 0.875 0.375 0 0 0.375 0 0.1875 0 0.5625 0.1875 0.25 0.75 0 0 0.0625 0.375 0.75 0 0.125 0 0 0 0.3125 0 0.4375 0.6875 0.25 0.3125 0.3125 0.0625 0 0 0.125 0.0625 0.5625 0.4375 0.25 0 0.0625 0 0 0.6875 0 0.375 0 0.625 0.1875 0 0.25 0.625 0 0 0
0 0 0 0 0 0 0 0.4375 0 0 0 0.5625 0 0.3125 0.875 0 0.375 0.25 0.375 0 0.3125 0 0 0.4375 0.3125 0.0625 0.25 0 0 0 0 0.3125 0 0.75 0.25 0 0.6875 0.5625 0 0.0625 0.5 0 0.25 0.625 0.4375 0 0 0.3125 0 0 0.375 0.1875 0.25 0.375 0.3125 0.4375 0.125 0.1875 0 0.1875 0.8125 0.1875 0.9375 0 0 0 0.25 0.625 0 0 0.3125 0 0 0 0 0 0 0 0.375 0 0.3125 0.1875 0 0.5 0.5 0 0.3125 0.625 0.25 0.0625 0 0.375 0 0.375 0.0625 0.5625 0.375 0.1875 0.1875 0.5 0.0625 0.25 0 0.875 0.8125 0 0.5 0 0 0 0.375 0 0.1875 0 0.5625 0.9375 0.3125 0 0 0 0 0 0.3125 0 0.5625 0 0 0.9375 0.1875 0 0 0.25 0.625 0 1 0 0.6875 0 0 0 0 0 0.125 0.9375 0 0.625 0 0 0 0.375 0.375 0 0 0 0.9375 0.125 0 0 0 0.0625 0.0625 0 0 0.375 0.1875 0.4375 0.75 0.625 0.6875 0.25 0 0.1875 0.5625 0.3125 0 1 0.0625 0 0.1875 0 0 0.0625 0.8125 0 0 0.4375 0.0625 0.0625 0 0.4375 0 0 0 0 0 0.625 0 0 0 0.5625 0 0.375 0.875 0.5 0 0 0 0.0625 0 0 0 0 0.1875 0 0.375 0.625 0 0 0.6875 0 0 0 0.9375 0 0 0 0.5 0.1875 0.0625 0.4375 0 0 0.5 0 0.625 0.5625 0.0625 0 0.4375 0 0 0.125 0.5 0 0 0.5 0 0 0 0.75 0 0.1875 0.9375 0.5 0.5625 0.125 0 0.0625 0.0625 0 0 0 0 0 0.25 0.875 0 0 0.375 0.5
0.0625 0.0625 0.1875 0.375 0 0.75 0 0.5 0.125 0.0625 0.25 0.1875 0 0 0 0 0 0.125 0.125 0 0 0 0 0.4375 0 0 0.6875 0.1875 0.125 0 0.25 0.75 0 0.5625 0.25 0 0 0.6875 0.375 0 0.5 0.125 0.875 0.625 0 0 0.3125 0 0.125 0 0 0.625 0 0 0.625 0 0 0.9375 0 0.8125 0.75 0 0.5 0.1875 0 0 0 0 0 0 0 0.4375 0.375 0 0.625 0 0.375 0.75 0.5625 0.25 0.1875 0.1875 0.9375 0 0 0.75 0 0 0 0 0 0 0.375 0 0.25 0.8125 0 0.25 0.25 0 0.25 0.25 0 0.3125 0 0.0625 0 0 0.6875 0.125 0.4375 0 0 0.0625 0 0.25 0 0 0 0 0.625 0.625 0 0.5 0.0625 0.1875 0 0 0.875 0 0 0.625 0 0.375 0 0 0 0.1875 0.5 0 0 0 0.4375 0.8125 0 0.875 0.5625 0 0 0 0 0 0 0.6875 0.125 0.5625 0.1875 0 0.25 0 0 0 0.3125 0.1875 0.1875 0 0.3125 0 0 0 0 0 0 0 0 0.75 0 0.375 0.0625 0 0 0.875 0 0 0 0 0 0 0.8125 0 0.5625 0 0.5 0 0.3125 0.375 0.5 0 0.875 0 0 0 0.375 0 0 0.1875 0 0.4375 0.375 0 0 0.5625 0.3125 0 0 0 0.125 0.5 0 0 0.125 0 0.6875 0.875 0 0.5625 0 0 0 0 0 0.6875 0.0625 0.375 0.375 0 0 0 0 0.125 0.125 0.0625 0 0.3125 0.1875 0 0.625 0 0.3125 0.1875 0 0.75 0 0.375 0.6875 0.6875 0 0 0.0625 0.3125 0 0.0625 0.3125 0 0 0 0.5 1 0 0
4
4
3
2
1
2
2
2
4
2
1
2
2
2
2
2
