80
40
2
3
50
1 2 3 4 5 6 7 8 9 10 11 12 13 14 15 16 17 18 19 20 21 22 23 24 25 26 27 28 29 30 31 32 33 34 35 36 37 38 39 40 41 42 43 44 45 46 47 48 49 50 51 52 53 54 55 56 57 58 59 60 61 62 63 64 65 66 67 68 69 70 71 72 73 74 75 76 77 78 79 80 
1 2 3 4 5 6 7 8 9 10 11 12 13 14 15 16 17 18 19 20 21 22 23 24 25 26 27 28 29 30 31 32 33 34 35 36 37 38 39 40 
1 0 0 0 1 1 0 0 0 2 0 0 2 0 0 0 1 0 0 0 0 0 1 0 0 0 3 0 0 0 0 0 0 0 0 0 0 0 0 0 0 0 0 1 2 0 0 0 1 1 2 0 0 0 0 0 1 1 0 0 0 0 0 0 0 1 2 0 0 1 0 1 1 0 0 0 1 0 1 0 0 0 0 0 0 0 0 0 0 0 1 0 0 2 0 0 0 0 0 0 0 0 0 1 0 0 0 0 0 1 0 0 0 0 0 0 0 0 0 2 0 0 0 0 0 2 0 0 0 2 0 2 0 0 0 0 0 1 0 0 0 0 0 0 0 0 0 0 2 0 0 0 0 0 0 0 1 0 2 0 
0 0 0 0 0 0 0 0 0 0 1 0 0 2 0 0 0 0 0 0 1 0 3 1 0 0 1 0 2 0 0 0 0 0 0 0 0 0 0 0 0 0 2 1 0 1 1 0 0 0 0 0 1 0 0 0 0 0 0 0 0 0 0 0 0 0 1 0 0 0 0 0 0 0 0 0 0 0 1 1 0 0 0 0 2 0 1 0 0 0 0 1 0 0 1 0 0 2 0 0 2 1 1 1 2 0 0 0 0 0 0 0 0 2 0 0 0 0 0 2 0 0 0 0 1 1 0 0 0 0 1 0 0 0 1 0 0 1 0 0 0 0 0 0 0 0 0 0 2 0 0 1 1 2 3 0 0 1 2 1 
0 0 0 1 0 0 0 0 0 0 0 1 0 3 0 0 0 0 0 2 0 1 0 0 0 0 0 1 0 0 1 0 0 0 2 2 1 0 0 0 0 0 0 1 0 0 0 0 0 0 0 0 0 2 1 0 0 0 0 0 0 3 2 0 0 0 2 0 0 0 1 2 0 0 0 1 0 1 3 0 0 0 0 0 0 2 1 0 0 0 0 1 0 0 0 3 0 0 0 1 0 0 1 1 0 0 2 0 0 0 0 2 0 0 2 0 0 0 0 0 0 0 0 0 0 0 0 0 0 1 0 0 0 0 2 0 0 1 0 0 1 0 0 2 0 0 0 0 0 3 1 1 1 1 0 1 0 0 0 0 
0 1 0 0 0 0 0 0 0 0 0 0 0 0 2 0 2 0 1 0 1 1 0 0 0 0 0 1 0 2 0 0 0 0 1 0 0 0 0 0 0 0 0 0 2 0 0 0 0 0 1 0 0 0 0 0 0 0 0 0 0 0 0 0 0 1 0 0 0 0 1 1 0 0 0 2 0 0 0 0 1 0 1 0 0 0 0 0 1 0 0 1 0 0 2 0 0 0 1 0 0 1 0 0 0 0 2 0 0 0 0 0 0 1 0 0 0 0 0 0 1 0 0 1 0 0 0 1 0 1 0 0 1 0 0 0 0 0 0 0 0 0 0 0 0 0 2 0 1 0 0 1 0 0 2 0 0 0 0 3 
0 0 0 0 0 0 0 0 0 0 0 0 0 0 1 3 2 0 1 0 0 0 0 0 0 0 0 0 0 0 0 1 0 0 2 1 0 0 0 0 3 0 0 0 2 0 0 0 0 1 0 1 0 0 0 0 1 1 0 0 0 0 0 2 1 0 3 0 0 0 1 0 0 0 0 0 0 0 0 0 0 0 0 0 2 0 0 0 1 0 0 2 0 0 0 0 0 0 0 1 0 1 0 0 0 2 0 2 0 0 0 3 0 1 0 0 0 0 0 0 0 0 1 0 0 0 0 1 0 0 1 0 0 0 0 0 0 0 0 0 1 1 0 0 0 0 0 0 0 0 2 0 0 0 2 1 0 0 0 1 
1 0 1 0 0 0 0 0 1 2 0 0 0 0 0 0 0 0 0 3 0 0 1 1 0 1 0 1 0 0 0 0 0 0 1 0 2 0 0 0 0 0 2 1 0 0 0 0 0 0 0 1 0 0 1 0 0 0 1 0 0 0 0 1 0 1 0 1 0 0 0 1 0 0 0 1 0 0 2 3 0 0 0 0 1 2 0 1 0 1 0 0 0 0 1 0 0 0 0 0 2 0 1 0 0 0 0 0 0 0 1 1 0 0 2 3 0 0 0 0 1 2 0 1 0 0 0 0 0 0 0 0 0 0 0 0 0 0 0 1 0 0 0 0 0 0 0 0 0 0 0 2 1 0 2 0 1 0 2 1 
1 0 0 0 1 1 0 1 1 0 0 0 0 1 0 0 0 1 1 0 0 0 0 0 0 0 0 0 0 0 0 0 1 1 0 0 0 0 0 3 0 0 0 0 0 0 0 0 0 0 0 0 0 0 0 1 0 0 0 0 0 2 2 1 0 1 0 0 0 0 0 0 0 1 0 0 0 0 0 0 0 0 0 0 1 1 0 0 0 0 0 1 2 0 2 0 3 0 3 0 2 2 2 0 1 0 0 0 0 0 0 0 0 0 1 2 0 0 0 2 0 0 0 0 1 0 0 2 0 1 0 0 0 0 0 0 0 1 0 0 1 0 0 1 3 0 0 0 0 0 0 3 0 0 0 2 1 0 0 2 
1 0 0 0 0 1 0 0 0 0 0 0 0 2 0 0 0 0 0 3 0 0 0 1 2 1 0 0 0 0 0 2 2 0 3 0 0 1 0 2 0 0 0 0 0 1 0 0 0 0 0 0 0 0 0 0 0 0 0 0 0 2 0 0 0 0 0 0 0 0 0 1 0 0 0 0 2 0 2 0 0 0 1 0 0 2 0 0 0 0 0 2 0 1 0 0 0 0 1 0 0 0 2 0 0 1 0 0 0 1 0 0 0 0 0 0 0 0 0 1 0 0 0 0 0 2 0 0 0 0 0 0 0 0 0 0 2 0 0 0 1 0 0 0 2 0 0 0 0 0 0 0 0 0 0 0 0 0 0 0 
0 0 0 0 0 1 0 1 1 2 0 2 0 0 0 1 0 0 0 0 0 1 0 1 2 0 0 2 3 0 2 1 0 0 0 0 2 0 0 0 0 0 0 0 0 1 2 1 0 1 1 0 0 0 0 1 0 0 0 1 2 0 0 0 1 1 0 0 1 1 1 0 0 0 0 0 0 0 1 0 0 0 2 0 0 0 0 0 0 0 2 1 0 0 3 1 0 0 1 0 0 2 0 0 0 0 0 0 0 0 0 0 0 1 0 0 0 1 0 0 0 0 0 0 0 0 0 1 0 1 0 0 0 2 0 0 0 0 0 1 0 0 0 0 0 0 0 0 0 0 0 0 0 0 1 0 1 0 0 0 
0 1 0 0 0 0 0 0 1 0 0 0 1 0 0 2 0 0 2 3 0 2 0 0 0 3 0 0 0 0 0 0 0 0 0 0 0 0 0 0 0 0 1 0 0 2 2 1 0 0 0 3 0 2 3 1 0 0 0 0 0 0 0 0 0 0 1 0 0 0 1 2 0 0 0 0 0 2 0 1 0 1 0 0 0 0 0 1 2 0 0 0 0 0 0 0 0 1 0 0 0 0 0 0 0 0 1 0 0 0 0 1 0 0 0 0 0 0 0 0 0 0 2 2 0 0 0 2 1 1 0 0 0 0 0 1 0 1 0 0 2 0 0 0 0 1 0 0 0 0 0 0 0 0 3 1 0 0 1 2 
0 0 0 3 0 0 0 0 0 0 2 0 0 0 0 0 0 0 0 0 0 0 0 1 0 0 0 0 0 0 0 0 1 0 0 0 1 1 0 0 0 0 1 0 0 0 0 2 0 2 0 0 1 0 0 0 1 1 1 0 0 0 0 0 2 0 1 3 2 0 1 1 1 0 0 0 1 0 0 0 0 0 0 1 0 2 2 0 0 2 0 0 0 0 0 0 1 0 0 0 0 0 0 0 0 0 0 0 0 0 0 0 0 0 1 0 0 0 0 0 1 1 0 0 2 1 0 0 0 0 0 0 0 0 0 0 1 0 0 0 0 1 0 0 0 1 0 1 0 0 1 0 2 0 0 0 0 0 0 0 
0 0 0 0 2 0 0 0 0 0 0 0 0 0 0 0 1 0 0 0 0 1 2 1 0 0 0 0 0 0 1 0 0 0 0 0 0 0 0 0 0 0 0 0 0 1 1 2 1 0 0 0 0 1 0 1 0 0 0 0 1 0 0 1 0 0 0 2 0 0 0 0 0 0 0 3 0 0 0 0 0 1 0 1 1 0 0 1 1 0 0 2 1 1 1 0 0 1 0 0 0 0 0 0 0 0 0 1 0 0 0 0 0 0 0 0 0 0 0 0 0 0 0 0 0 0 0 0 0 2 0 0 0 0 1 1 0 2 1 2 0 2 0 0 2 0 0 0 0 0 0 0 0 0 0 0 0 0 2 0 
1 0 0 0 0 0 0 0 1 1 2 0 0 0 0 0 0 0 0 0 0 0 0 0 0 0 0 2 0 0 0 1 0 0 0 0 0 0 1 0 0 0 1 0 0 0 1 1 0 0 0 0 0 1 0 0 1 0 0 0 0 1 0 0 1 1 0 0 1 0 0 0 0 0 1 0 0 0 0 0 0 0 0 0 0 0 0 0 0 0 0 0 0 1 0 0 0 0 0 0 1 0 0 0 2 2 1 0 0 0 0 0 0 2 0 0 1 0 0 0 0 0 0 0 0 1 0 0 0 0 0 2 0 1 1 0 0 0 0 0 0 0 1 0 2 0 0 0 0 0 0 0 1 2 0 0 0 0 0 1 
0 0 0 0 0 2 0 0 0 0 0 0 0 1 0 0 0 0 1 0 0 0 0 0 0 0 0 0 0 3 0 0 0 0 0 0 0 0 0 0 0 1 0 0 0 1 0 0 1 1 0 0 0 0 1 0 1 1 1 2 0 0 1 0 0 0 0 0 0 0 0 0 0 0 0 2 0 0 0 0 0 0 2 0 0 0 0 0 1 0 0 0 2 0 0 0 0 0 0 0 0 2 0 0 0 0 0 1 0 0 0 1 0 0 0 0 0 0 0 0 0 1 0 2 0 0 0 0 0 3 0 0 0 0 0 0 0 1 1 1 0 0 0 0 0 1 1 0 0 1 0 0 0 0 0 1 0 0 1 0 
0 0 0 0 0 0 1 0 0 0 0 0 2 0 1 0 0 1 0 0 0 0 0 1 0 0 0 0 1 0 3 0 0 0 0 3 0 0 0 1 0 0 0 0 0 0 0 2 1 0 0 0 0 0 0 1 0 0 0 1 0 0 0 0 0 0 1 1 0 0 0 0 1 0 0 0 1 0 0 1 0 2 0 0 0 0 0 0 0 0 0 0 0 0 0 0 1 0 0 1 0 0 0 0 0 0 0 0 0 0 0 0 0 0 2 0 0 0 0 0 0 0 0 0 0 0 0 0 3 0 0 0 1 0 0 0 0 0 0 0 0 0 0 1 0 0 0 2 0 0 0 0 0 0 3 0 0 0 0 0 
0 1 0 0 0 1 0 0 1 0 0 0 0 0 0 1 0 0 0 0 0 0 0 0 2 0 0 0 0 0 0 1 0 2 0 0 0 0 0 0 0 0 0 0 0 1 0 2 0 2 2 0 0 0 0 1 0 0 0 2 0 0 0 0 0 0 0 0 0 0 1 0 0 0 1 0 0 0 0 1 1 0 0 0 0 3 2 3 0 0 0 0 1 0 1 0 0 0 0 0 1 0 1 0 0 0 0 2 0 0 0 0 0 0 0 0 3 1 0 3 0 0 0 0 0 0 0 0 0 0 0 2 0 1 0 0 2 0 0 0 1 0 0 0 1 0 0 0 1 2 0 0 1 2 0 0 0 0 0 0 
0 1 2 0 0 0 2 0 0 0 0 0 0 1 1 0 0 1 1 1 1 0 0 0 2 1 0 3 0 0 2 2 0 0 0 0 3 0 0 0 2 0 0 0 0 0 0 0 1 0 1 0 0 0 2 0 0 0 0 0 0 0 0 1 2 0 0 0 0 2 0 0 0 0 0 1 0 0 0 0 0 1 1 0 0 1 0 0 0 0 0 1 0 0 0 0 0 0 0 0 0 0 0 2 0 0 0 0 0 0 0 0 1 0 1 0 0 0 1 1 1 0 0 0 0 0 0 0 1 1 2 0 0 2 0 2 0 0 0 0 0 0 0 0 1 0 0 0 1 0 1 2 0 0 0 0 0 0 1 0 
3 1 0 0 0 0 0 0 2 0 0 0 0 0 0 0 2 0 0 0 0 0 0 1 0 0 0 0 0 0 0 1 0 0 0 0 0 0 0 0 0 1 1 0 0 1 0 0 0 1 1 0 0 0 0 0 1 0 0 0 0 0 2 0 1 0 0 1 0 0 3 0 1 1 0 0 0 0 0 0 1 0 0 0 0 0 0 0 0 1 2 0 1 0 1 0 0 2 0 0 0 0 0 2 0 0 0 0 0 0 0 0 2 1 0 1 0 0 0 0 1 0 0 1 0 1 0 0 0 2 0 0 3 0 0 0 0 0 0 0 0 0 0 0 0 1 0 3 0 0 0 0 0 2 1 2 0 0 2 0 
0 0 0 0 2 1 1 0 0 1 0 0 1 0 0 0 0 1 0 0 0 0 0 3 0 0 1 0 0 1 0 0 0 0 0 0 0 1 0 0 0 1 0 0 0 2 0 0 1 0 1 0 0 0 0 0 0 1 0 0 0 0 1 0 0 0 0 0 0 0 0 2 0 0 3 1 0 0 1 1 1 0 0 0 0 0 0 0 0 1 1 0 0 0 0 0 2 0 0 0 0 0 0 0 0 1 0 0 1 0 0 0 0 0 0 0 0 0 0 0 1 0 0 0 0 0 2 0 1 0 0 2 0 0 0 0 0 0 1 0 0 0 0 0 0 0 0 2 0 1 0 0 0 2 0 0 0 2 0 0 
0 2 0 0 0 0 0 2 0 0 1 0 0 0 0 0 0 1 0 0 0 0 0 0 0 0 0 0 1 0 0 1 0 1 2 0 0 0 0 1 0 0 0 0 0 0 0 1 2 0 0 0 0 1 1 0 0 0 0 0 1 0 1 0 0 2 0 1 0 0 0 0 2 0 0 0 0 1 0 0 0 0 0 0 0 0 0 0 1 0 0 0 2 0 0 1 0 0 0 0 0 2 0 0 2 0 0 0 0 0 0 0 2 0 0 0 1 0 0 0 0 0 0 0 0 0 2 0 0 0 0 1 0 0 1 3 0 1 1 0 1 0 0 0 0 1 0 0 1 0 0 0 2 0 1 0 0 1 0 0 
1 0 0 0 0 0 0 0 0 0 0 0 1 0 0 0 0 2 0 0 0 0 0 0 0 0 0 0 0 0 0 1 0 0 0 0 0 0 1 0 1 0 0 0 0 1 0 1 3 0 0 0 1 1 0 0 0 0 0 3 0 0 0 0 0 0 0 0 0 0 3 0 1 0 0 0 0 0 0 0 1 0 0 0 0 1 1 0 0 0 0 2 0 0 0 0 0 0 0 2 0 1 1 3 1 0 1 0 0 1 0 0 0 0 1 0 3 0 1 0 0 0 0 0 0 0 0 0 0 1 0 0 0 0 0 0 0 0 0 0 3 0 0 0 1 0 0 0 0 2 0 0 1 1 0 0 0 0 0 0 
0 0 0 1 0 0 0 0 0 0 0 0 0 0 0 0 0 0 3 0 0 0 0 0 0 0 0 0 1 0 0 0 0 2 2 0 0 2 0 0 0 0 0 1 0 0 0 0 1 0 0 0 0 0 0 0 0 1 0 0 0 0 0 2 0 0 0 0 0 0 0 2 0 0 0 0 1 1 1 0 2 0 0 0 1 0 0 0 0 3 0 0 0 0 0 1 0 0 1 1 0 0 1 0 0 0 0 0 0 1 2 0 0 0 1 1 1 0 0 0 0 0 0 0 0 0 0 0 0 0 0 1 0 0 1 0 0 0 2 0 0 0 0 0 0 0 0 0 1 0 0 0 0 0 0 0 0 0 0 2 
0 0 1 0 1 0 0 0 0 0 0 0 0 0 0 0 0 3 0 0 3 1 0 0 0 1 0 0 0 1 0 0 0 1 0 0 0 0 0 0 1 0 0 0 1 0 0 0 0 0 1 0 0 0 0 0 0 0 0 0 0 0 1 0 2 0 0 0 0 0 0 0 1 2 0 1 0 0 2 0 0 0 1 0 1 0 0 0 2 0 0 1 0 0 0 0 0 0 0 1 2 1 0 0 0 0 0 0 1 1 0 0 0 0 0 0 2 0 0 0 1 1 0 0 2 1 0 0 0 3 1 1 0 0 1 0 0 0 0 0 1 0 0 0 0 0 1 1 0 0 1 0 0 0 0 0 0 2 2 2 
0 0 0 0 0 0 1 0 2 0 0 1 0 0 0 1 1 0 0 0 0 0 0 0 2 0 0 0 2 0 0 1 1 0 1 3 0 0 0 0 0 0 0 0 0 0 1 0 0 0 0 1 0 0 0 0 0 1 0 0 0 1 0 0 2 0 0 1 0 0 1 0 1 0 2 0 0 0 0 1 2 0 0 0 0 0 0 0 1 0 0 0 0 0 0 1 0 0 1 0 0 0 1 0 1 0 0 0 0 1 1 0 0 0 0 0 0 0 0 0 3 0 0 3 0 0 0 0 0 0 1 0 0 0 0 0 2 1 3 0 0 0 1 3 0 0 0 0 1 0 0 0 0 0 0 0 1 0 0 0 
0 1 0 0 2 0 0 2 0 0 0 0 0 2 0 0 1 2 0 0 0 0 0 0 1 0 0 2 0 0 0 1 0 0 0 0 0 1 0 1 0 0 0 0 0 0 0 0 1 2 1 1 3 1 1 3 1 0 0 2 0 2 0 0 1 0 0 0 0 0 0 0 0 1 0 0 1 0 0 0 0 2 1 0 0 0 1 0 0 1 0 0 0 0 0 0 0 2 2 0 0 0 0 0 1 1 0 0 0 0 1 0 1 2 1 0 0 0 0 0 3 0 2 0 1 2 0 0 0 1 1 0 0 0 2 2 0 0 0 0 2 0 0 0 0 0 1 0 1 0 0 0 2 2 0 0 0 0 0 0 
0 1 0 1 2 1 0 0 0 0 0 0 0 0 0 0 0 0 1 0 1 1 0 1 0 0 0 1 0 1 0 0 2 1 0 1 2 0 0 0 0 0 2 0 0 0 0 0 0 0 0 1 0 1 1 0 0 2 0 1 0 1 0 2 1 0 2 0 0 1 1 1 0 0 0 0 0 0 0 0 0 0 0 0 0 0 0 0 1 2 0 0 1 2 2 0 1 0 0 0 2 0 0 2 1 1 0 2 0 0 0 0 0 0 0 1 0 0 0 0 1 0 0 0 2 0 0 0 0 1 0 1 0 0 0 2 0 0 0 0 0 1 0 0 1 1 0 0 0 2 0 0 0 1 0 0 0 0 0 0 
0 1 0 0 0 0 0 0 0 0 0 0 0 0 0 0 0 0 0 3 0 0 0 1 0 0 2 0 0 0 1 0 0 1 0 0 0 0 2 0 0 0 0 1 0 0 0 0 0 1 0 1 0 0 0 1 0 0 2 0 0 2 0 0 0 2 0 1 0 1 2 1 0 0 1 0 1 0 1 0 1 1 0 3 0 0 0 0 2 0 0 0 0 0 0 0 0 0 0 0 0 1 0 0 0 0 0 1 0 0 0 0 0 0 0 0 0 1 0 0 0 0 0 0 0 0 0 0 0 0 0 1 0 0 0 0 0 0 0 0 0 0 1 0 0 0 1 0 0 0 0 0 0 1 0 0 0 1 0 0 
1 0 0 2 0 0 1 0 0 0 0 0 0 1 0 0 0 2 0 0 1 0 0 0 0 0 1 0 0 1 2 0 0 0 1 2 0 0 1 0 0 0 0 0 0 0 1 0 0 2 1 0 0 0 0 0 2 0 0 2 0 0 0 0 0 0 0 0 0 0 0 0 0 0 2 0 0 0 0 0 0 0 1 0 0 0 0 1 0 0 1 0 0 0 0 2 0 1 1 0 0 0 0 0 0 0 0 0 0 1 0 0 0 1 0 0 0 0 0 0 0 0 0 0 0 0 0 0 0 0 0 0 0 0 1 0 1 0 2 0 0 3 0 0 0 1 0 0 2 0 0 3 3 3 1 0 1 0 0 0 
0 0 2 0 0 0 2 0 0 0 1 0 0 0 1 0 0 0 3 0 0 2 3 0 1 0 3 0 1 1 0 0 2 0 0 0 0 0 0 0 2 0 1 1 0 0 0 0 1 2 0 0 1 0 0 0 0 0 0 2 0 0 0 0 0 0 0 0 0 1 0 0 0 0 0 0 0 0 0 0 1 0 0 1 1 0 0 0 0 0 1 0 0 0 0 0 0 0 0 0 0 0 0 0 0 0 0 0 0 1 0 0 0 0 0 2 0 1 1 0 0 1 0 0 0 0 0 0 1 0 0 0 1 0 0 0 2 2 1 0 2 0 0 0 0 0 1 0 0 2 1 1 0 0 0 0 0 2 0 2 
0 0 1 0 0 2 2 0 0 1 0 0 1 0 0 0 0 1 0 0 3 0 1 0 1 2 0 0 0 0 0 0 0 0 0 0 0 0 0 0 0 2 2 0 0 0 0 0 0 2 0 0 2 0 0 0 0 0 0 0 0 0 0 0 0 2 0 0 1 0 1 1 0 1 0 0 0 0 0 3 0 1 0 0 0 0 2 0 0 0 0 0 1 0 0 0 0 0 1 0 0 0 0 0 0 2 0 0 0 0 0 0 0 0 0 0 0 0 0 0 0 0 2 0 0 1 0 0 2 0 0 0 0 0 0 0 0 0 2 1 0 0 0 0 0 2 2 0 2 0 0 0 1 1 0 0 0 1 1 0 
0 1 0 1 0 2 0 0 1 0 0 0 0 2 1 1 0 0 0 0 0 0 0 2 0 0 0 3 0 0 0 0 0 0 1 0 0 0 0 0 0 0 0 0 0 1 0 0 1 0 1 1 0 0 0 1 0 1 0 0 2 1 0 0 0 1 0 0 0 0 0 1 0 0 0 0 0 0 0 0 2 0 0 0 1 0 0 0 0 0 0 0 0 0 0 0 2 0 1 0 3 0 0 0 0 0 1 0 0 0 0 1 1 2 0 0 0 0 0 0 0 0 0 0 0 0 0 0 0 3 2 1 0 0 0 0 0 0 1 0 0 0 0 0 0 0 0 0 0 1 0 0 0 1 0 0 0 3 0 0 
0 2 0 0 0 0 0 0 1 0 2 0 0 0 0 0 0 0 0 0 2 0 1 0 0 2 0 0 0 0 1 0 0 0 1 0 0 0 0 0 1 0 0 0 0 0 1 0 2 0 0 0 0 0 0 0 1 1 0 0 0 0 0 0 0 0 0 0 0 0 0 0 0 1 0 1 0 0 0 1 0 0 0 0 1 0 0 0 1 1 0 0 0 0 0 1 0 0 0 0 1 0 1 0 1 0 0 0 0 0 0 0 0 3 1 0 0 0 1 0 0 0 1 0 0 0 0 0 0 0 0 1 0 2 0 0 0 0 0 0 1 0 0 2 0 0 0 0 0 0 0 0 0 0 0 0 0 0 1 0 
0 0 0 0 0 1 1 0 0 0 0 0 0 0 0 0 0 0 0 0 0 0 0 0 0 0 0 3 0 0 0 0 0 3 0 0 1 0 0 0 0 0 1 0 1 0 1 1 1 0 0 0 0 0 0 0 1 0 0 1 0 0 1 0 0 0 0 1 0 0 0 0 0 0 0 1 0 0 2 0 0 0 0 0 0 2 0 0 0 0 0 0 0 0 1 0 0 1 0 2 0 0 0 0 0 0 0 0 0 0 0 0 2 0 0 1 0 0 0 0 0 0 0 0 1 0 0 0 0 1 0 0 0 0 0 0 2 1 0 0 0 0 0 0 0 1 0 0 2 0 0 0 0 0 0 0 1 2 0 0 
2 0 0 1 0 1 0 0 0 0 0 1 0 0 0 0 1 0 0 0 0 2 3 0 0 0 2 1 1 1 2 0 0 0 0 0 1 0 0 0 0 0 0 0 0 0 0 0 1 1 0 0 0 0 0 0 0 0 0 2 0 0 0 0 0 0 0 0 0 1 0 0 0 1 3 0 0 0 1 2 0 0 0 0 0 0 0 0 0 0 0 0 0 0 0 0 1 0 0 0 0 1 0 0 0 3 0 0 0 0 0 0 0 0 0 0 0 0 0 0 2 0 0 2 0 0 0 0 0 0 0 1 0 0 0 0 0 0 0 1 0 1 0 0 0 0 0 0 0 0 0 2 0 1 0 0 0 0 1 0 
1 0 0 0 0 0 0 0 0 0 0 0 0 0 0 0 3 0 1 2 1 0 0 0 0 0 0 1 0 0 0 2 0 0 0 2 0 0 0 0 0 0 0 0 0 0 1 0 0 1 0 0 0 0 0 0 0 1 0 0 0 0 2 1 1 0 0 0 1 0 0 2 0 0 0 1 0 0 0 1 3 0 0 0 0 0 1 0 0 0 1 0 0 0 0 2 1 1 0 0 2 0 0 1 0 0 0 0 0 0 0 1 0 0 0 0 0 0 0 0 0 0 0 0 2 0 2 1 0 1 2 1 0 0 0 0 0 0 0 0 0 0 0 0 0 0 0 0 3 0 0 0 0 0 1 0 0 0 0 1 
0 1 0 0 0 0 0 0 0 0 1 0 1 1 1 1 2 2 0 0 0 1 0 1 0 0 0 0 0 0 1 0 0 3 0 0 0 0 0 0 1 3 1 0 0 1 1 2 1 0 0 0 1 0 0 0 1 0 0 0 1 3 1 0 0 0 0 0 0 0 1 0 0 0 0 1 0 1 0 2 0 1 1 0 0 0 0 2 0 0 0 0 0 1 2 0 0 0 0 0 0 0 0 0 0 0 0 0 1 0 0 2 1 0 1 0 0 1 0 0 0 0 0 0 0 0 0 2 0 0 1 0 0 2 0 0 0 0 0 1 0 2 0 0 0 0 1 0 1 1 0 0 1 1 0 1 0 0 0 1 
0 0 0 0 0 1 0 2 0 1 0 0 1 0 0 0 0 1 3 0 0 0 1 0 0 0 0 2 3 1 0 0 0 0 0 0 0 0 0 1 0 1 0 0 0 0 0 0 3 0 0 0 0 0 0 0 0 0 0 1 0 0 0 0 0 0 0 0 0 0 0 0 1 1 0 0 0 0 0 0 1 1 0 1 0 0 0 0 0 0 0 0 3 0 0 2 2 0 0 0 0 0 0 0 2 2 0 1 0 0 0 0 0 1 1 0 0 2 0 0 0 0 2 0 0 2 2 0 0 1 0 0 0 0 0 0 3 0 0 0 0 0 1 0 0 1 0 1 0 0 1 0 0 0 0 0 0 0 0 0 
2 0 0 0 1 0 0 0 2 1 0 0 0 0 0 1 0 0 0 0 0 0 1 0 0 0 0 0 0 0 0 0 0 0 0 0 0 0 0 0 0 0 1 0 0 0 0 0 0 0 0 1 0 1 0 1 0 0 0 0 3 0 3 0 2 0 0 0 0 1 1 0 0 0 1 0 1 0 0 0 0 0 0 0 0 1 0 1 0 1 0 0 0 0 2 0 0 0 0 0 0 2 0 0 0 0 1 0 0 0 0 0 0 0 0 0 0 0 0 0 1 1 0 1 1 0 0 0 1 0 0 1 0 0 0 0 1 2 1 0 1 2 0 2 0 0 1 0 0 0 1 1 0 1 0 0 0 0 0 1 
0 0 1 1 0 1 0 0 0 1 0 0 1 1 0 0 1 2 0 0 2 0 1 0 0 0 0 0 0 0 0 3 0 0 0 0 3 0 3 0 0 0 0 0 0 2 0 0 0 0 1 0 1 2 0 1 0 0 1 2 0 0 0 1 0 3 0 2 0 0 0 1 0 0 0 0 1 0 0 0 0 0 0 0 0 0 2 0 0 0 1 2 1 0 1 0 1 1 0 1 0 0 0 0 1 1 1 2 1 0 1 0 0 1 0 0 0 0 0 0 1 0 0 0 0 1 0 0 0 0 0 0 0 0 0 0 0 2 0 1 1 0 0 0 0 1 0 0 0 0 0 0 0 0 0 0 0 0 0 0 
0 0 1 1 0 0 2 0 0 1 0 2 0 0 3 0 0 0 0 0 0 0 0 0 0 0 0 2 0 0 1 1 2 1 0 0 1 0 0 0 0 0 0 3 1 0 0 2 0 0 0 1 0 1 1 0 0 0 0 1 0 0 0 0 0 0 0 0 1 0 1 0 2 1 0 1 0 0 2 0 0 0 0 0 0 0 0 0 0 0 2 1 0 0 0 0 0 0 1 2 0 2 0 0 0 0 0 0 0 0 0 0 1 0 2 0 2 1 0 0 0 0 0 2 0 2 0 2 0 0 1 0 0 1 0 0 1 0 2 0 0 0 1 0 0 0 0 0 0 0 0 0 0 0 0 0 0 0 0 2 
1 1 0 0 0 0 0 0 0 0 0 0 3 2 0 0 0 0 0 0 2 0 0 0 0 0 1 0 0 1 0 0 0 0 0 0 0 0 0 0 0 0 0 0 1 0 0 1 0 0 0 1 0 0 1 1 3 1 0 1 0 0 0 1 2 0 0 0 0 0 0 0 1 0 0 0 0 1 0 1 0 1 0 0 0 0 1 0 1 0 3 1 1 1 0 0 0 0 0 0 0 0 0 1 0 0 1 1 0 0 1 1 0 0 0 1 0 0 0 0 1 2 1 0 2 1 2 1 0 0 0 0 0 0 0 1 0 0 0 0 0 1 0 2 1 0 1 2 2 0 2 0 0 0 0 0 0 2 0 0 
0 0 0 2 0 0 3 3 0 0 1 2 0 0 1 0 0 3 0 0 0 0 0 1 0 0 1 1 0 0 0 0 0 0 0 0 0 0 0 0 0 0 0 0 0 0 0 1 0 0 0 1 0 0 1 0 0 0 1 0 0 0 0 0 0 0 0 0 0 1 0 0 0 2 0 0 1 0 0 0 0 0 3 2 0 0 0 0 0 0 0 0 0 0 0 0 0 1 1 0 0 0 0 1 0 0 0 0 0 0 1 1 0 2 0 0 0 0 2 0 1 0 1 0 0 0 0 0 1 1 2 0 1 0 1 0 0 0 0 0 1 0 0 0 0 0 0 0 0 0 0 0 0 0 0 3 0 1 0 0 
0 0 0 0 0 0 0 0 0 0 0 0 0 0 0 0 0 1 0 1 0 0 0 2 0 0 0 0 0 1 0 0 0 0 3 0 1 0 1 0 0 0 1 1 2 0 0 0 0 1 0 0 0 2 0 2 0 0 0 2 0 0 0 0 0 0 0 1 0 0 0 1 0 1 0 0 2 0 0 1 0 0 0 0 0 0 0 0 0 0 0 0 0 0 0 0 0 1 0 0 2 0 0 2 2 1 0 0 3 0 0 0 0 0 1 0 0 1 0 0 0 0 2 0 2 0 2 0 1 1 2 0 2 1 0 0 0 2 0 0 0 0 1 1 1 0 0 0 2 0 0 0 1 0 0 1 0 0 0 0 
0 0 0 0 0 0 0 0 1 0 1 0 0 0 0 0 0 0 0 0 0 1 1 0 0 0 0 0 0 0 0 1 0 0 1 3 1 0 0 0 0 0 0 0 1 0 0 0 0 0 0 0 0 0 0 0 0 0 0 0 0 0 0 0 0 0 0 0 0 0 1 0 0 0 0 0 0 0 0 1 0 0 0 1 0 2 0 1 0 0 0 0 2 1 0 2 0 0 0 0 0 0 0 0 0 0 1 1 0 0 1 0 0 3 0 1 0 0 0 0 1 0 0 0 0 1 2 0 0 0 0 0 0 2 0 0 0 0 0 0 1 0 0 0 0 2 0 0 1 0 0 1 2 0 0 0 0 0 1 0 
0 0 0 2 1 0 0 0 0 0 0 2 0 1 0 0 1 0 1 1 1 0 0 0 1 0 2 0 0 0 0 0 0 0 0 0 0 0 2 0 0 0 2 0 0 0 0 1 0 0 0 0 2 0 0 1 0 0 0 0 1 0 0 1 0 0 0 0 0 1 1 0 0 0 0 0 0 1 2 0 0 0 0 0 1 0 0 0 0 1 0 1 1 0 0 0 1 0 0 0 0 0 2 1 0 0 0 0 0 0 2 0 0 1 0 0 1 0 0 0 0 0 2 2 0 0 0 0 0 0 0 0 0 0 1 0 0 0 1 0 1 0 0 0 1 0 0 0 0 0 1 0 0 0 0 0 0 0 0 0 
0 0 0 0 0 0 2 0 0 0 0 0 0 0 1 0 0 0 0 0 0 1 0 1 1 0 0 0 0 0 0 0 0 0 0 1 1 0 0 0 0 2 1 0 0 0 0 0 0 0 2 1 0 0 0 1 0 1 2 0 1 0 0 0 0 0 0 2 0 0 1 0 0 0 1 1 0 0 0 0 2 1 2 0 0 1 1 1 0 0 0 1 0 0 0 0 0 1 0 1 0 1 0 0 0 0 0 0 0 0 0 0 0 0 2 0 0 0 0 1 0 1 0 0 0 0 0 1 0 0 0 0 0 0 0 1 0 0 0 1 0 0 0 0 0 0 1 0 0 1 0 0 0 2 0 0 0 3 2 2 
0 0 0 0 0 0 1 1 0 0 0 0 0 0 0 0 0 0 0 1 0 3 0 0 0 0 0 2 0 0 0 0 0 0 1 0 0 0 0 0 0 0 0 0 0 0 0 0 0 0 0 0 0 0 0 0 0 0 1 0 0 0 0 2 0 0 0 0 0 2 0 1 0 0 0 0 0 0 1 0 0 0 0 0 0 0 0 0 0 1 0 0 0 0 0 0 0 0 0 0 0 0 0 0 0 0 1 0 0 0 0 2 0 0 0 1 0 0 0 0 1 1 0 1 0 0 0 2 0 0 0 0 1 1 0 0 0 0 0 0 0 1 0 0 1 0 3 0 1 1 0 2 0 0 0 0 0 0 1 0 
0 0 0 2 1 0 0 0 0 0 2 0 2 1 0 0 0 2 0 0 2 0 0 0 2 0 0 1 0 0 1 0 0 0 0 0 0 0 0 0 0 0 2 2 0 0 1 1 0 0 0 0 0 2 0 1 0 0 1 0 0 0 0 0 1 0 1 0 0 0 0 2 0 1 0 0 1 0 1 0 0 1 0 0 0 0 0 1 0 0 2 0 0 0 0 0 0 0 1 1 0 0 1 3 0 0 0 2 0 0 0 0 0 0 0 0 0 0 0 0 0 1 0 0 0 0 1 0 1 0 0 1 1 2 0 1 0 0 0 1 0 0 2 0 0 1 0 0 0 0 0 0 0 1 0 0 0 0 0 0 
0 0 0 0 0 0 0 1 0 0 2 1 0 0 0 1 0 0 1 2 0 0 0 1 0 1 0 1 2 0 0 0 1 0 1 0 0 2 0 0 0 0 0 0 0 0 0 1 0 3 0 0 0 0 0 0 0 0 0 0 0 0 0 0 2 0 0 1 0 1 0 0 1 0 0 0 0 1 0 0 0 0 2 0 1 1 1 0 0 1 1 0 0 0 2 3 0 0 3 0 0 0 0 0 0 3 0 0 0 0 2 0 3 0 0 0 0 0 0 0 0 0 1 0 1 0 0 0 0 0 0 0 0 1 0 2 0 0 0 0 0 1 0 0 0 0 0 0 0 1 0 0 0 0 0 0 0 2 0 1 
0 0 0 1 0 0 2 0 0 0 0 0 0 0 0 0 0 0 0 0 0 1 0 0 0 0 2 0 0 0 0 0 0 2 0 0 0 0 0 0 0 0 0 0 1 0 0 0 0 0 0 0 1 2 0 0 0 0 0 0 0 0 2 2 0 0 0 3 1 0 0 2 1 1 0 0 0 0 0 1 0 0 0 3 0 0 0 0 0 1 0 0 0 0 0 0 1 0 0 0 0 0 0 0 0 0 0 2 0 0 0 0 0 0 0 2 0 1 0 0 0 0 0 0 0 0 0 0 0 1 0 1 2 0 0 0 2 0 0 0 0 0 1 0 2 0 1 2 0 1 0 0 0 2 0 0 0 2 0 0 
37 30 17 27 17 41 12 17 30 36 42 13 36 20 19 14 29 25 11 36 31 25 39 12 29 22 42 19 38 35 33 9 38 23 42 35 45 31 23 13 33 34 32 45 15 27 32 32 36 31 31 36 45 12 17 42 41 16 24 44 17 45 40 41 28 37 14 21 29 33 18 39 13 19 9 11 34 24 28 22 
1000 1000 1000 1000 1000 1000 1000 1000 1000 1000 1000 1000 1000 1000 1000 1000 1000 1000 1000 1000 1000 1000 1000 1000 1000 1000 1000 1000 1000 1000 1000 1000 1000 1000 1000 1000 1000 1000 1000 1000 1000 1000 1000 1000 1000 1000 1000 1000 1000 1000 1000 1000 1000 1000 1000 1000 1000 1000 1000 1000 1000 1000 1000 1000 1000 1000 1000 1000 1000 1000 1000 1000 1000 1000 1000 1000 1000 1000 1000 1000 
1000 1000 1000 1000 1000 1000 1000 1000 1000 1000 1000 1000 1000 1000 1000 1000 1000 1000 1000 1000 1000 1000 1000 1000 1000 1000 1000 1000 1000 1000 1000 1000 1000 1000 1000 1000 1000 1000 1000 1000 1000 1000 1000 1000 1000 1000 1000 1000 1000 1000 1000 1000 1000 1000 1000 1000 1000 1000 1000 1000 1000 1000 1000 1000 1000 1000 1000 1000 1000 1000 1000 1000 1000 1000 1000 1000 1000 1000 1000 1000 
1000 1000 1000 1000 1000 1000 1000 1000 1000 1000 1000 1000 1000 1000 1000 1000 1000 1000 1000 1000 1000 1000 1000 1000 1000 1000 1000 1000 1000 1000 1000 1000 1000 1000 1000 1000 1000 1000 1000 1000 1000 1000 1000 1000 1000 1000 1000 1000 1000 1000 1000 1000 1000 1000 1000 1000 1000 1000 1000 1000 1000 1000 1000 1000 1000 1000 1000 1000 1000 1000 1000 1000 1000 1000 1000 1000 1000 1000 1000 1000 
12 44 19 36 28 19 23 15 22 44 19 15 19 22 25 33 44 25 40 43 38 22 36 28 20 32 42 10 44 35 33 10 43 12 31 24 31 10 27 20 23 30 13 27 36 13 14 16 41 38 38 32 40 22 30 20 24 12 18 30 12 24 43 42 12 31 32 36 40 41 10 31 13 10 45 38 36 38 12 28 
1000 1000 1000 1000 1000 1000 1000 1000 1000 1000 1000 1000 1000 1000 1000 1000 1000 1000 1000 1000 1000 1000 1000 1000 1000 1000 1000 1000 1000 1000 1000 1000 1000 1000 1000 1000 1000 1000 1000 1000 1000 1000 1000 1000 1000 1000 1000 1000 1000 1000 1000 1000 1000 1000 1000 1000 1000 1000 1000 1000 1000 1000 1000 1000 1000 1000 1000 1000 1000 1000 1000 1000 1000 1000 1000 1000 1000 1000 1000 1000 
24 12 34 39 43 22 10 41 16 45 14 20 24 28 27 12 40 11 41 11 22 23 33 23 18 38 29 44 30 26 23 30 41 42 23 21 10 11 32 37 28 37 26 10 35 15 13 22 26 10 19 18 25 19 38 29 42 17 45 12 42 41 20 37 24 34 22 13 37 31 34 27 24 16 26 21 40 25 17 21 
41 28 31 22 14 10 26 36 45 37 43 43 10 25 18 21 12 11 29 24 44 9 44 17 20 35 29 38 39 31 25 34 42 14 33 29 11 19 43 40 24 25 35 18 11 35 39 39 27 10 35 14 45 22 31 22 13 11 20 24 29 28 39 15 44 15 25 16 38 15 38 41 26 36 16 40 15 10 15 14 
9 36 15 38 26 19 26 30 16 45 11 39 38 34 43 42 23 44 11 43 43 43 17 24 33 17 43 43 16 45 20 15 25 37 22 9 31 40 44 18 20 9 23 34 37 9 23 20 16 43 43 15 10 41 15 17 37 11 41 19 27 16 34 30 21 38 25 42 19 33 10 16 32 22 31 27 10 44 18 38 
1000 1000 1000 1000 1000 1000 1000 1000 1000 1000 1000 1000 1000 1000 1000 1000 1000 1000 1000 1000 1000 1000 1000 1000 1000 1000 1000 1000 1000 1000 1000 1000 1000 1000 1000 1000 1000 1000 1000 1000 1000 1000 1000 1000 1000 1000 1000 1000 1000 1000 1000 1000 1000 1000 1000 1000 1000 1000 1000 1000 1000 1000 1000 1000 1000 1000 1000 1000 1000 1000 1000 1000 1000 1000 1000 1000 1000 1000 1000 1000 
1000 1000 1000 1000 1000 1000 1000 1000 1000 1000 1000 1000 1000 1000 1000 1000 1000 1000 1000 1000 1000 1000 1000 1000 1000 1000 1000 1000 1000 1000 1000 1000 1000 1000 1000 1000 1000 1000 1000 1000 1000 1000 1000 1000 1000 1000 1000 1000 1000 1000 1000 1000 1000 1000 1000 1000 1000 1000 1000 1000 1000 1000 1000 1000 1000 1000 1000 1000 1000 1000 1000 1000 1000 1000 1000 1000 1000 1000 1000 1000 
1000 1000 1000 1000 1000 1000 1000 1000 1000 1000 1000 1000 1000 1000 1000 1000 1000 1000 1000 1000 1000 1000 1000 1000 1000 1000 1000 1000 1000 1000 1000 1000 1000 1000 1000 1000 1000 1000 1000 1000 1000 1000 1000 1000 1000 1000 1000 1000 1000 1000 1000 1000 1000 1000 1000 1000 1000 1000 1000 1000 1000 1000 1000 1000 1000 1000 1000 1000 1000 1000 1000 1000 1000 1000 1000 1000 1000 1000 1000 1000 
41 45 20 9 42 43 14 22 25 14 32 12 21 38 11 43 15 43 18 11 27 38 45 9 25 20 18 19 37 26 35 29 9 30 44 31 44 29 39 12 19 43 11 31 23 12 28 28 11 32 41 15 27 27 17 39 39 35 33 28 31 16 15 13 26 20 45 30 18 20 19 43 33 40 31 19 28 12 20 23 
1000 1000 1000 1000 1000 1000 1000 1000 1000 1000 1000 1000 1000 1000 1000 1000 1000 1000 1000 1000 1000 1000 1000 1000 1000 1000 1000 1000 1000 1000 1000 1000 1000 1000 1000 1000 1000 1000 1000 1000 1000 1000 1000 1000 1000 1000 1000 1000 1000 1000 1000 1000 1000 1000 1000 1000 1000 1000 1000 1000 1000 1000 1000 1000 1000 1000 1000 1000 1000 1000 1000 1000 1000 1000 1000 1000 1000 1000 1000 1000 
1000 1000 1000 1000 1000 1000 1000 1000 1000 1000 1000 1000 1000 1000 1000 1000 1000 1000 1000 1000 1000 1000 1000 1000 1000 1000 1000 1000 1000 1000 1000 1000 1000 1000 1000 1000 1000 1000 1000 1000 1000 1000 1000 1000 1000 1000 1000 1000 1000 1000 1000 1000 1000 1000 1000 1000 1000 1000 1000 1000 1000 1000 1000 1000 1000 1000 1000 1000 1000 1000 1000 1000 1000 1000 1000 1000 1000 1000 1000 1000 
25 38 16 25 13 9 32 36 33 13 30 13 36 45 38 24 17 41 45 45 20 14 34 14 36 28 19 41 34 15 30 30 42 37 31 34 40 38 26 16 29 35 39 17 39 20 31 16 37 24 15 27 25 25 28 42 27 24 14 40 28 29 37 27 33 12 11 42 11 39 21 13 39 30 24 38 20 22 17 30 
43 24 33 19 16 26 30 17 25 14 24 40 30 44 28 23 37 36 20 26 26 30 20 38 29 43 44 14 16 42 41 36 18 21 29 36 29 43 44 36 35 36 30 29 17 41 31 38 9 41 44 28 30 45 21 15 29 45 25 37 24 14 41 44 28 40 16 45 10 37 23 23 26 26 13 38 34 31 24 11 
30 41 40 36 9 37 27 35 45 23 19 39 20 39 28 45 28 21 33 39 41 33 20 36 40 36 11 32 15 28 20 21 16 44 15 35 37 41 35 14 25 14 33 32 32 26 40 15 38 29 45 27 11 28 35 41 34 44 44 25 15 20 13 42 37 36 16 37 19 33 45 30 36 41 17 41 34 39 33 44 
12 13 26 11 38 43 43 18 29 12 26 39 28 37 11 45 38 23 15 20 12 37 45 13 25 45 41 15 15 20 16 40 22 37 12 22 32 23 21 42 20 12 27 40 40 31 31 23 31 19 16 23 15 40 45 39 27 26 15 43 15 10 11 31 31 16 39 26 9 35 31 38 31 27 32 33 34 17 15 44 
1000 1000 1000 1000 1000 1000 1000 1000 1000 1000 1000 1000 1000 1000 1000 1000 1000 1000 1000 1000 1000 1000 1000 1000 1000 1000 1000 1000 1000 1000 1000 1000 1000 1000 1000 1000 1000 1000 1000 1000 1000 1000 1000 1000 1000 1000 1000 1000 1000 1000 1000 1000 1000 1000 1000 1000 1000 1000 1000 1000 1000 1000 1000 1000 1000 1000 1000 1000 1000 1000 1000 1000 1000 1000 1000 1000 1000 1000 1000 1000 
1000 1000 1000 1000 1000 1000 1000 1000 1000 1000 1000 1000 1000 1000 1000 1000 1000 1000 1000 1000 1000 1000 1000 1000 1000 1000 1000 1000 1000 1000 1000 1000 1000 1000 1000 1000 1000 1000 1000 1000 1000 1000 1000 1000 1000 1000 1000 1000 1000 1000 1000 1000 1000 1000 1000 1000 1000 1000 1000 1000 1000 1000 1000 1000 1000 1000 1000 1000 1000 1000 1000 1000 1000 1000 1000 1000 1000 1000 1000 1000 
32 20 37 39 36 41 29 43 22 27 22 24 42 24 19 31 26 40 40 36 21 21 26 22 43 32 30 28 20 10 12 10 15 41 13 45 29 12 27 11 23 27 38 41 13 45 34 36 34 16 39 34 14 24 29 40 17 9 18 39 34 10 38 28 23 21 28 27 12 41 29 35 22 44 43 27 11 32 39 19 
1000 1000 1000 1000 1000 1000 1000 1000 1000 1000 1000 1000 1000 1000 1000 1000 1000 1000 1000 1000 1000 1000 1000 1000 1000 1000 1000 1000 1000 1000 1000 1000 1000 1000 1000 1000 1000 1000 1000 1000 1000 1000 1000 1000 1000 1000 1000 1000 1000 1000 1000 1000 1000 1000 1000 1000 1000 1000 1000 1000 1000 1000 1000 1000 1000 1000 1000 1000 1000 1000 1000 1000 1000 1000 1000 1000 1000 1000 1000 1000 
45 39 29 44 30 34 42 34 38 43 14 21 13 42 10 29 13 15 44 42 37 45 28 42 40 40 14 13 30 40 17 24 43 40 11 35 36 18 23 40 25 11 19 26 22 23 22 19 28 25 24 15 18 29 43 37 9 19 24 9 18 40 22 15 28 31 23 10 22 18 35 10 33 15 11 44 34 14 25 35 
9 20 34 13 24 31 37 38 18 14 31 11 18 45 15 37 16 17 13 12 21 36 14 36 28 45 33 12 22 45 40 15 37 22 24 38 39 17 42 22 29 43 19 10 42 27 43 20 13 23 17 42 42 31 32 27 10 40 12 42 14 44 35 35 17 27 38 30 28 15 27 30 32 9 24 14 18 13 39 40 
1000 1000 1000 1000 1000 1000 1000 1000 1000 1000 1000 1000 1000 1000 1000 1000 1000 1000 1000 1000 1000 1000 1000 1000 1000 1000 1000 1000 1000 1000 1000 1000 1000 1000 1000 1000 1000 1000 1000 1000 1000 1000 1000 1000 1000 1000 1000 1000 1000 1000 1000 1000 1000 1000 1000 1000 1000 1000 1000 1000 1000 1000 1000 1000 1000 1000 1000 1000 1000 1000 1000 1000 1000 1000 1000 1000 1000 1000 1000 1000 
1000 1000 1000 1000 1000 1000 1000 1000 1000 1000 1000 1000 1000 1000 1000 1000 1000 1000 1000 1000 1000 1000 1000 1000 1000 1000 1000 1000 1000 1000 1000 1000 1000 1000 1000 1000 1000 1000 1000 1000 1000 1000 1000 1000 1000 1000 1000 1000 1000 1000 1000 1000 1000 1000 1000 1000 1000 1000 1000 1000 1000 1000 1000 1000 1000 1000 1000 1000 1000 1000 1000 1000 1000 1000 1000 1000 1000 1000 1000 1000 
41 28 21 39 39 43 37 42 38 43 21 32 22 23 12 35 43 22 16 26 39 42 13 45 36 43 45 11 36 19 40 22 18 30 32 30 31 35 42 33 21 44 19 42 11 25 39 39 33 27 37 38 38 21 19 12 29 39 44 18 11 34 9 20 20 38 38 29 12 44 37 44 41 24 28 24 35 35 16 39 
1000 1000 1000 1000 1000 1000 1000 1000 1000 1000 1000 1000 1000 1000 1000 1000 1000 1000 1000 1000 1000 1000 1000 1000 1000 1000 1000 1000 1000 1000 1000 1000 1000 1000 1000 1000 1000 1000 1000 1000 1000 1000 1000 1000 1000 1000 1000 1000 1000 1000 1000 1000 1000 1000 1000 1000 1000 1000 1000 1000 1000 1000 1000 1000 1000 1000 1000 1000 1000 1000 1000 1000 1000 1000 1000 1000 1000 1000 1000 1000 
30 18 25 29 13 21 36 23 32 20 19 24 9 28 33 32 17 18 21 43 13 40 9 17 28 35 15 29 11 43 31 42 38 30 37 23 12 10 18 39 23 10 35 32 32 33 36 23 15 36 27 26 18 35 37 19 36 41 15 38 27 40 11 45 12 40 38 20 31 43 30 12 39 39 45 27 44 45 14 18 
29 45 12 39 9 27 13 37 24 32 10 30 24 44 44 16 39 29 27 41 23 35 16 16 27 45 43 35 12 38 23 29 17 45 12 18 12 21 10 37 30 13 20 14 44 41 23 14 20 26 15 22 9 21 22 38 15 13 38 17 35 15 30 23 27 44 28 14 27 17 15 24 31 22 41 24 10 39 35 40 
35 44 16 27 30 34 20 35 27 20 37 19 30 37 9 35 16 37 14 32 41 30 25 38 33 23 30 42 21 29 31 35 34 25 40 20 16 30 29 42 15 37 44 32 38 18 19 32 42 32 17 17 30 13 24 16 18 13 17 20 18 43 9 29 34 16 37 32 36 23 44 19 31 17 12 32 38 29 41 14 
1000 1000 1000 1000 1000 1000 1000 1000 1000 1000 1000 1000 1000 1000 1000 1000 1000 1000 1000 1000 1000 1000 1000 1000 1000 1000 1000 1000 1000 1000 1000 1000 1000 1000 1000 1000 1000 1000 1000 1000 1000 1000 1000 1000 1000 1000 1000 1000 1000 1000 1000 1000 1000 1000 1000 1000 1000 1000 1000 1000 1000 1000 1000 1000 1000 1000 1000 1000 1000 1000 1000 1000 1000 1000 1000 1000 1000 1000 1000 1000 
13 21 36 45 35 41 28 12 36 25 31 39 29 26 28 27 38 28 31 12 45 28 21 23 23 20 20 24 27 38 19 30 45 22 42 41 9 24 30 27 17 18 15 28 37 31 26 23 19 9 10 43 18 24 29 11 34 36 44 20 23 26 12 37 33 41 10 28 23 33 10 31 30 26 22 9 24 41 32 36 
1000 1000 1000 1000 1000 1000 1000 1000 1000 1000 1000 1000 1000 1000 1000 1000 1000 1000 1000 1000 1000 1000 1000 1000 1000 1000 1000 1000 1000 1000 1000 1000 1000 1000 1000 1000 1000 1000 1000 1000 1000 1000 1000 1000 1000 1000 1000 1000 1000 1000 1000 1000 1000 1000 1000 1000 1000 1000 1000 1000 1000 1000 1000 1000 1000 1000 1000 1000 1000 1000 1000 1000 1000 1000 1000 1000 1000 1000 1000 1000 
29 24 35 32 19 38 16 42 30 12 41 15 38 17 22 33 18 37 26 42 30 22 26 43 40 43 39 23 24 35 9 45 27 26 41 44 25 9 41 29 10 32 41 43 36 13 13 9 28 15 19 43 37 40 31 16 12 43 37 33 11 35 43 36 15 45 12 26 18 18 25 31 42 28 15 25 30 23 35 33 
16 42 20 22 36 18 22 38 17 15 23 37 34 33 36 45 40 12 33 22 31 28 27 25 40 13 38 10 27 10 27 42 25 11 39 39 22 23 12 43 14 45 44 34 34 43 32 13 12 43 27 20 9 24 11 30 34 43 28 15 31 22 30 39 17 31 24 41 24 36 34 17 41 41 20 38 9 19 19 33 
37 45 27 44 14 24 25 9 31 44 15 34 13 35 38 35 22 39 41 22 32 26 20 40 39 18 33 30 20 36 26 17 21 42 11 40 34 13 42 12 39 31 35 20 24 30 29 9 38 45 34 11 21 11 19 18 33 44 14 22 28 11 10 18 18 29 44 44 37 9 38 11 33 38 33 18 31 16 38 41 
34 44 15 44 23 12 30 10 17 44 19 26 31 10 31 13 38 41 32 43 17 12 29 33 43 18 20 42 32 37 33 36 30 25 13 26 15 43 29 28 32 31 27 41 12 27 11 10 15 32 26 37 34 34 24 22 28 35 17 45 37 17 28 35 17 20 17 42 38 12 43 35 26 44 41 35 38 25 33 32 
1000 1000 1000 1000 1000 1000 1000 1000 1000 1000 1000 1000 1000 1000 1000 1000 1000 1000 1000 1000 1000 1000 1000 1000 1000 1000 1000 1000 1000 1000 1000 1000 1000 1000 1000 1000 1000 1000 1000 1000 1000 1000 1000 1000 1000 1000 1000 1000 1000 1000 1000 1000 1000 1000 1000 1000 1000 1000 1000 1000 1000 1000 1000 1000 1000 1000 1000 1000 1000 1000 1000 1000 1000 1000 1000 1000 1000 1000 1000 1000 
24 27 16 33 21 20 26 23 26 31 19 25 17 20 29 28 31 21 28 31 22 17 30 30 25 24 34 21 21 26 27 25 23 29 23 26 20 15 35 35 21 21 15 35 35 26 31 17 16 26 16 32 34 19 19 30 31 17 33 34 17 27 21 29 25 32 16 28 23 19 30 15 25 31 31 31 26 29 22 18 
24 28 17 19 17 25 35 15 25 25 23 16 26 18 25 18 17 34 15 15 17 25 31 34 34 19 28 20 34 17 19 33 27 24 35 17 28 26 26 33 22 29 18 21 19 26 29 22 30 28 29 34 33 31 17 26 33 20 20 32 23 32 30 24 17 33 25 20 34 33 32 25 24 27 30 16 26 31 35 18 
31 34 26 35 22 22 29 25 21 27 33 16 23 35 34 21 21 25 17 25 18 20 28 28 34 15 33 22 31 30 34 16 26 34 18 23 17 28 17 30 27 32 19 23 28 26 26 15 27 29 35 24 32 31 20 24 24 30 15 26 23 18 22 21 20 21 30 29 33 21 18 24 16 34 21 20 24 16 27 19 
35 19 17 27 22 21 15 34 19 27 34 28 18 27 31 17 27 19 28 23 25 24 15 32 27 25 22 26 26 26 28 16 22 20 22 35 33 33 18 19 22 17 21 32 15 19 22 28 18 25 26 30 27 35 19 21 34 30 30 17 25 22 30 20 22 22 27 34 29 35 34 33 27 16 26 30 18 20 32 17 
23 21 34 35 28 19 27 31 18 32 25 27 20 21 30 26 23 16 28 20 34 27 32 33 15 19 15 32 23 23 24 18 27 22 23 15 33 26 16 19 32 32 32 23 34 17 34 22 25 17 35 24 15 20 23 29 26 30 35 21 31 26 17 31 18 16 19 16 22 28 23 30 26 30 29 15 28 30 19 20 
15 27 24 25 17 28 27 22 32 26 27 17 29 26 18 33 16 34 33 35 34 17 29 26 31 15 21 32 35 34 23 16 25 18 34 19 31 30 33 35 22 30 26 24 24 34 15 15 23 30 19 21 29 32 19 21 33 35 21 34 22 32 22 23 17 25 32 30 22 32 33 22 28 15 27 16 16 15 23 17 
25 17 33 16 16 17 34 28 32 17 19 30 19 28 26 25 26 21 24 29 32 15 23 16 16 23 16 30 27 32 15 23 21 30 34 34 31 30 17 34 28 20 27 25 15 32 24 31 25 24 29 33 22 29 35 32 16 30 15 33 29 23 19 23 21 16 15 18 20 22 34 33 32 35 27 21 31 26 30 16 
26 26 35 18 19 28 28 22 21 21 26 29 28 25 17 17 17 17 25 32 17 34 20 26 18 31 15 30 26 19 17 23 15 15 15 22 30 29 28 32 22 31 17 29 30 31 32 20 27 31 32 18 15 15 15 23 35 15 16 29 25 15 20 26 16 23 16 22 16 28 19 18 15 27 33 19 24 26 23 21 
24 31 17 24 16 33 21 20 18 30 25 32 15 18 27 22 23 18 33 33 19 23 26 31 30 21 20 29 27 19 16 33 17 34 31 25 17 19 21 27 28 35 19 27 28 32 18 32 35 24 31 21 31 20 27 18 18 30 35 25 20 30 33 35 18 26 31 31 31 29 31 31 35 19 28 25 32 21 21 21 
23 17 20 29 34 34 15 27 22 31 28 16 28 24 33 23 18 34 23 18 17 25 33 25 27 35 31 19 19 20 22 19 24 20 15 29 20 21 28 34 20 33 28 33 17 23 27 27 19 31 26 34 35 28 30 34 32 17 33 22 26 19 34 27 32 23 15 15 22 26 34 28 24 16 34 18 35 25 19 16 
15 34 25 16 33 35 21 15 23 15 29 22 30 34 26 24 35 25 27 20 23 28 29 25 18 15 31 16 35 32 29 33 24 32 25 17 21 26 18 19 17 20 35 31 17 26 32 20 32 22 31 23 28 21 18 30 31 27 22 20 18 21 15 28 34 21 16 24 31 16 32 28 33 18 26 33 25 20 32 30 
28 25 32 33 34 17 24 18 31 20 32 35 24 33 19 28 34 19 33 24 35 34 35 26 22 34 15 20 25 35 25 22 33 23 26 30 19 35 33 19 15 27 16 28 35 26 31 24 21 30 30 19 20 19 23 27 22 27 15 22 35 31 17 31 24 15 24 30 21 18 22 25 34 32 18 15 26 20 16 15 
1000 1000 1000 1000 1000 1000 1000 1000 1000 1000 1000 1000 1000 1000 1000 1000 1000 1000 1000 1000 1000 1000 1000 1000 1000 1000 1000 1000 1000 1000 1000 1000 1000 1000 1000 1000 1000 1000 1000 1000 1000 1000 1000 1000 1000 1000 1000 1000 1000 1000 1000 1000 1000 1000 1000 1000 1000 1000 1000 1000 1000 1000 1000 1000 1000 1000 1000 1000 1000 1000 1000 1000 1000 1000 1000 1000 1000 1000 1000 1000 
16 25 31 17 35 34 19 18 24 17 17 15 34 28 21 29 34 32 18 15 34 33 15 17 27 15 30 27 31 32 26 35 33 20 19 23 18 19 25 22 19 15 30 34 35 34 15 18 19 32 25 26 31 18 32 24 15 22 29 15 26 20 20 23 25 27 25 22 20 15 32 20 35 22 29 31 33 21 21 20 
1000 1000 1000 1000 1000 1000 1000 1000 1000 1000 1000 1000 1000 1000 1000 1000 1000 1000 1000 1000 1000 1000 1000 1000 1000 1000 1000 1000 1000 1000 1000 1000 1000 1000 1000 1000 1000 1000 1000 1000 1000 1000 1000 1000 1000 1000 1000 1000 1000 1000 1000 1000 1000 1000 1000 1000 1000 1000 1000 1000 1000 1000 1000 1000 1000 1000 1000 1000 1000 1000 1000 1000 1000 1000 1000 1000 1000 1000 1000 1000 
23 22 34 18 19 16 32 16 21 26 18 24 31 30 15 18 29 31 26 33 15 32 24 35 31 21 35 24 30 15 26 27 31 21 21 15 30 18 31 18 33 16 18 24 24 16 24 34 17 33 21 26 23 18 23 22 21 23 18 31 29 15 20 15 30 34 23 21 27 21 23 18 29 19 22 25 32 19 23 27 
18 33 30 22 32 27 25 29 27 16 25 29 30 31 29 34 34 24 24 33 20 20 25 35 27 34 25 22 16 23 23 30 31 26 28 32 20 20 24 34 26 31 21 22 33 34 31 20 28 23 25 24 29 26 25 20 18 28 32 27 23 28 24 31 35 21 18 34 19 28 19 22 35 26 32 31 16 27 31 17 
32 30 15 25 27 23 31 26 20 26 32 28 23 22 17 31 17 24 25 22 22 24 29 20 26 32 29 23 24 19 17 30 16 30 20 35 25 26 24 27 18 20 18 27 29 30 16 29 19 28 29 24 29 28 16 23 21 27 19 26 25 17 22 28 16 25 27 22 28 18 35 24 33 18 25 30 35 17 30 16 
18 22 28 33 35 30 16 26 29 29 34 18 16 20 30 31 26 16 30 27 30 27 27 33 33 35 16 34 25 20 25 24 23 28 23 21 25 33 16 23 31 25 32 28 33 15 20 35 19 29 34 18 28 30 18 25 27 34 26 26 16 32 33 24 24 15 22 33 32 25 18 28 25 24 33 28 34 16 29 22 
29 28 33 19 27 20 29 34 18 35 17 20 22 30 23 32 21 32 26 17 33 24 21 15 25 30 31 28 25 21 34 31 27 28 32 32 23 28 28 21 35 30 31 27 30 20 19 22 21 31 16 32 26 32 20 34 28 34 27 21 20 34 26 18 20 32 21 19 26 19 27 16 27 26 28 21 22 27 24 21 
32 28 31 34 26 32 17 25 21 27 29 29 29 24 16 31 31 24 35 24 27 30 17 31 16 15 34 21 33 16 22 19 15 35 20 34 15 22 31 32 27 22 30 21 29 23 28 33 26 19 28 23 17 20 15 24 34 23 17 28 26 32 24 21 16 30 18 20 31 29 23 22 21 32 25 22 23 35 17 21 
25 22 28 33 29 35 34 16 21 27 34 23 30 23 23 30 32 25 26 35 23 22 28 15 15 35 28 27 30 27 17 31 16 29 25 30 35 17 25 26 22 21 33 21 20 27 35 33 26 27 32 23 16 16 25 30 33 26 20 21 28 33 21 26 33 21 20 34 23 31 24 25 34 34 31 20 20 29 30 16 
1000 1000 1000 1000 1000 1000 1000 1000 1000 1000 1000 1000 1000 1000 1000 1000 1000 1000 1000 1000 1000 1000 1000 1000 1000 1000 1000 1000 1000 1000 1000 1000 1000 1000 1000 1000 1000 1000 1000 1000 1000 1000 1000 1000 1000 1000 1000 1000 1000 1000 1000 1000 1000 1000 1000 1000 1000 1000 1000 1000 1000 1000 1000 1000 1000 1000 1000 1000 1000 1000 1000 1000 1000 1000 1000 1000 1000 1000 1000 1000 
21 26 34 23 31 28 17 29 27 32 32 22 23 19 18 27 21 26 33 19 32 25 32 34 15 29 32 26 17 27 17 22 22 18 34 20 29 17 29 31 15 27 32 27 25 34 21 35 25 24 15 16 28 24 32 28 25 35 28 27 16 34 22 33 23 30 24 34 27 35 18 18 32 26 27 21 23 33 24 29 
28 32 23 17 19 30 26 27 16 30 35 32 21 21 24 16 17 20 20 17 18 21 22 26 35 35 18 18 34 26 26 35 29 15 15 16 21 31 35 34 28 27 18 17 35 21 19 23 28 16 17 19 16 30 32 27 24 31 27 19 23 28 33 15 21 25 19 34 17 15 33 26 19 32 26 19 26 27 20 24 
33 23 15 28 33 17 29 21 16 34 28 32 30 33 26 19 33 31 27 26 27 35 22 19 22 29 19 34 27 22 19 24 33 23 21 31 22 35 25 21 23 29 27 29 17 31 25 23 24 22 32 21 31 28 27 32 31 16 32 17 30 21 33 23 17 35 27 24 23 35 18 22 26 15 34 23 35 35 35 24 
24 22 24 16 31 22 26 27 29 34 29 31 22 20 33 28 32 32 21 15 28 30 24 27 26 30 27 18 22 25 34 30 29 15 19 32 21 23 15 23 34 22 26 23 33 27 18 17 16 28 15 23 23 17 28 29 33 21 25 15 19 16 33 18 18 20 20 21 34 17 23 22 26 28 33 17 25 17 19 30 
16 25 32 34 20 26 35 25 26 32 16 34 23 24 31 34 15 19 20 16 23 31 29 17 34 32 31 29 31 19 29 16 24 22 35 27 21 23 27 30 34 19 19 23 22 29 26 25 24 27 33 26 33 18 29 18 21 21 18 20 30 31 29 27 22 28 17 23 31 16 26 20 28 26 19 32 19 34 26 17 
19 33 19 16 15 15 16 21 21 23 34 22 16 29 24 33 27 18 24 23 29 22 33 15 26 33 28 27 27 29 22 18 28 27 23 24 24 29 27 30 24 31 25 29 31 18 32 24 16 21 28 15 30 25 22 28 19 31 22 26 15 33 35 22 26 15 34 21 16 17 28 18 21 21 25 32 31 22 22 21 
33 18 27 33 20 16 25 19 30 24 30 34 32 18 22 26 33 28 15 29 21 32 16 34 26 19 23 19 19 27 26 35 33 18 23 17 27 17 35 29 21 27 17 20 35 15 29 31 30 35 18 33 32 18 21 27 25 34 22 18 19 22 34 34 19 21 27 34 26 31 31 25 21 26 17 16 20 18 24 15 
1000 1000 1000 1000 1000 1000 1000 1000 1000 1000 1000 1000 1000 1000 1000 1000 1000 1000 1000 1000 1000 1000 1000 1000 1000 1000 1000 1000 1000 1000 1000 1000 1000 1000 1000 1000 1000 1000 1000 1000 1000 1000 1000 1000 1000 1000 1000 1000 1000 1000 1000 1000 1000 1000 1000 1000 1000 1000 1000 1000 1000 1000 1000 1000 1000 1000 1000 1000 1000 1000 1000 1000 1000 1000 1000 1000 1000 1000 1000 1000 
1000 1000 1000 1000 1000 1000 1000 1000 1000 1000 1000 1000 1000 1000 1000 1000 1000 1000 1000 1000 1000 1000 1000 1000 1000 1000 1000 1000 1000 1000 1000 1000 1000 1000 1000 1000 1000 1000 1000 1000 1000 1000 1000 1000 1000 1000 1000 1000 1000 1000 1000 1000 1000 1000 1000 1000 1000 1000 1000 1000 1000 1000 1000 1000 1000 1000 1000 1000 1000 1000 1000 1000 1000 1000 1000 1000 1000 1000 1000 1000 
32 21 20 21 19 16 33 33 26 33 23 24 22 25 25 32 17 28 18 35 22 26 35 23 18 23 18 30 18 33 30 18 20 31 20 27 27 27 24 33 32 27 27 30 29 31 24 19 23 33 24 15 18 27 28 29 25 15 23 35 26 31 34 15 29 28 31 15 27 28 25 24 17 29 24 18 29 32 30 29 
15 32 15 32 19 35 31 26 33 23 20 27 23 27 17 20 23 27 35 18 17 20 15 23 22 17 15 28 16 34 19 20 25 33 26 34 20 19 17 25 18 27 30 18 26 29 20 27 31 23 30 19 30 26 19 23 31 26 17 18 17 20 32 27 29 21 30 25 28 18 30 26 33 19 17 35 16 33 20 20 
31 27 18 35 25 16 22 18 25 35 17 26 15 19 21 21 22 31 34 33 23 16 33 17 34 34 15 18 21 26 27 16 32 17 15 24 20 24 16 16 30 35 32 21 16 20 21 34 31 26 31 18 24 17 34 22 33 34 18 33 21 33 17 26 32 34 21 33 35 29 29 29 26 33 25 16 33 34 27 32 
25 22 26 18 31 23 35 32 15 25 18 26 26 29 16 24 26 31 17 24 18 25 16 32 29 34 32 33 26 23 20 17 28 18 25 28 18 35 21 16 15 21 16 25 32 19 18 33 20 30 28 34 32 15 29 31 31 33 31 32 29 34 20 17 30 16 30 18 16 29 28 26 34 34 23 17 29 33 35 31 
15 26 34 25 30 33 26 29 17 26 29 22 26 16 28 24 27 30 15 16 15 22 34 34 32 21 22 24 21 25 21 21 22 20 34 23 28 17 31 25 31 16 32 19 31 22 35 26 29 29 18 18 18 17 28 16 16 32 31 24 35 19 32 29 35 19 15 22 31 35 32 25 35 32 16 26 35 23 18 25 
33 22 21 24 24 26 27 18 34 19 33 22 15 15 32 27 22 17 18 25 33 30 29 17 31 33 24 29 17 15 31 32 18 25 25 34 30 35 30 34 33 22 33 21 15 23 20 15 25 26 28 21 22 18 15 32 23 25 34 16 27 23 15 30 24 18 16 26 29 29 21 29 25 22 15 35 28 17 30 20 
1000 1000 1000 1000 1000 1000 1000 1000 1000 1000 1000 1000 1000 1000 1000 1000 1000 1000 1000 1000 1000 1000 1000 1000 1000 1000 1000 1000 1000 1000 1000 1000 1000 1000 1000 1000 1000 1000 1000 1000 1000 1000 1000 1000 1000 1000 1000 1000 1000 1000 1000 1000 1000 1000 1000 1000 1000 1000 1000 1000 1000 1000 1000 1000 1000 1000 1000 1000 1000 1000 1000 1000 1000 1000 1000 1000 1000 1000 1000 1000 
29 29 18 26 31 30 31 17 16 23 17 32 22 24 35 27 22 19 19 15 17 21 29 22 33 16 30 22 25 16 22 20 25 19 35 23 34 26 34 34 23 25 33 23 23 18 19 26 27 23 17 26 30 31 15 26 16 20 19 17 25 17 19 23 26 32 30 31 29 18 24 29 23 26 18 34 20 17 18 22 
0 0 0.5333333333333333 0 0.5333333333333333 0 0.8666666666666667 0.5333333333333333 0 0 0 0.8 0 0.33333333333333337 0.4 0.7333333333333334 0 0.0 0.9333333333333333 0 0 0.0 0 0.8666666666666667 0 0.19999999999999996 0 0.4 0 0 0 1 0 0.1333333333333333 0 0 0 0 0.1333333333333333 0.8 0 0 0 0 0.6666666666666667 0 0 0 0 0 0 0 0 0.8666666666666667 0.5333333333333333 0 0 0.6 0.06666666666666665 0 0.5333333333333333 0 0 0 0 0 0.7333333333333334 0.2666666666666667 0 0 0.4666666666666667 0 0.8 0.4 1 0.9333333333333333 0 0.06666666666666665 0 0.19999999999999996 
0 0 0 0 0 0 0 0 0 0 0 0 0 0 0 0 0 0 0 0 0 0 0 0 0 0 0 0 0 0 0 0 0 0 0 0 0 0 0 0 0 0 0 0 0 0 0 0 0 0 0 0 0 0 0 0 0 0 0 0 0 0 0 0 0 0 0 0 0 0 0 0 0 0 0 0 0 0 0 0 
0 0 0 0 0 0 0 0 0 0 0 0 0 0 0 0 0 0 0 0 0 0 0 0 0 0 0 0 0 0 0 0 0 0 0 0 0 0 0 0 0 0 0 0 0 0 0 0 0 0 0 0 0 0 0 0 0 0 0 0 0 0 0 0 0 0 0 0 0 0 0 0 0 0 0 0 0 0 0 0 
0 0 0 0 0 0 0 0 0 0 0 0 0 0 0 0 0 0 0 0 0 0 0 0 0 0 0 0 0 0 0 0 0 0 0 0 0 0 0 0 0 0 0 0 0 0 0 0 0 0 0 0 0 0 0 0 0 0 0 0 0 0 0 0 0 0 0 0 0 0 0 0 0 0 0 0 0 0 0 0 
0.8666666666666667 0 0.4 0 0 0.4 0.1333333333333333 0.6666666666666667 0.19999999999999996 0 0.4 0.6666666666666667 0.4 0.19999999999999996 0.0 0 0 0.0 0 0 0 0.19999999999999996 0 0 0.33333333333333337 0 0 1.0 0 0 0 1.0 0 0.8666666666666667 0 0.06666666666666665 0 1.0 0 0.33333333333333337 0.1333333333333333 0 0.8 0 0 0.8 0.7333333333333334 0.6 0 0 0 0 0 0.19999999999999996 0 0.33333333333333337 0.06666666666666665 0.8666666666666667 0.4666666666666667 0 0.8666666666666667 0.06666666666666665 0 0 0.8666666666666667 0 0 0 0 0 1.0 0 0.8 1.0 0 0 0 0 0.8666666666666667 0 
0 0 0 0 0 0 0 0 0 0 0 0 0 0 0 0 0 0 0 0 0 0 0 0 0 0 0 0 0 0 0 0 0 0 0 0 0 0 0 0 0 0 0 0 0 0 0 0 0 0 0 0 0 0 0 0 0 0 0 0 0 0 0 0 0 0 0 0 0 0 0 0 0 0 0 0 0 0 0 0 
0.06666666666666665 0.8666666666666667 0 0 0 0.19999999999999996 1.0 0 0.6 0 0.7333333333333334 0.33333333333333337 0.06666666666666665 0 0 0.8666666666666667 0 0.9333333333333333 0 0.9333333333333333 0.19999999999999996 0.1333333333333333 0 0.1333333333333333 0.4666666666666667 0 0 0 0 0 0.1333333333333333 0 0 0 0.1333333333333333 0.2666666666666667 1.0 0.9333333333333333 0 0 0 0 0 1.0 0 0.6666666666666667 0.8 0.19999999999999996 0 1.0 0.4 0.4666666666666667 0.0 0.4 0 0 0 0.5333333333333333 0 0.8666666666666667 0 0 0.33333333333333337 0 0.06666666666666665 0 0.19999999999999996 0.8 0 0 0 0 0.06666666666666665 0.6 0 0.2666666666666667 0 0.0 0.5333333333333333 0.2666666666666667 
0 0 0 0.19999999999999996 0.7333333333333334 1.0 0 0 0 0 0 0 1.0 0.0 0.4666666666666667 0.2666666666666667 0.8666666666666667 0.9333333333333333 0 0.06666666666666665 0 1 0 0.5333333333333333 0.33333333333333337 0 0 0 0 0 0.0 0 0 0.7333333333333334 0 0 0.9333333333333333 0.4 0 0 0.06666666666666665 0.0 0 0.4666666666666667 0.9333333333333333 0 0 0 0 1.0 0 0.7333333333333334 0 0.19999999999999996 0 0.19999999999999996 0.8 0.9333333333333333 0.33333333333333337 0.06666666666666665 0 0 0 0.6666666666666667 0 0.6666666666666667 0.0 0.6 0 0.6666666666666667 0 0 0 0 0.6 0 0.6666666666666667 1.0 0.6666666666666667 0.7333333333333334 
1 0 0.6666666666666667 0 0 0.4 0 0 0.6 0 0.9333333333333333 0 0 0 0 0 0.1333333333333333 0 0.9333333333333333 0 0 0 0.5333333333333333 0.06666666666666665 0 0.5333333333333333 0 0 0.6 0 0.33333333333333337 0.6666666666666667 0.0 0 0.19999999999999996 1 0 0 0 0.4666666666666667 0.33333333333333337 1 0.1333333333333333 0 0 1 0.1333333333333333 0.33333333333333337 0.6 0 0 0.6666666666666667 1.0 0 0.6666666666666667 0.5333333333333333 0 0.9333333333333333 0 0.4 0 0.6 0 0 0.2666666666666667 0 0.0 0 0.4 0 1.0 0.6 0 0.19999999999999996 0 0 1.0 0 0.4666666666666667 0 
0 0 0 0 0 0 0 0 0 0 0 0 0 0 0 0 0 0 0 0 0 0 0 0 0 0 0 0 0 0 0 0 0 0 0 0 0 0 0 0 0 0 0 0 0 0 0 0 0 0 0 0 0 0 0 0 0 0 0 0 0 0 0 0 0 0 0 0 0 0 0 0 0 0 0 0 0 0 0 0 
0 0 0 0 0 0 0 0 0 0 0 0 0 0 0 0 0 0 0 0 0 0 0 0 0 0 0 0 0 0 0 0 0 0 0 0 0 0 0 0 0 0 0 0 0 0 0 0 0 0 0 0 0 0 0 0 0 0 0 0 0 0 0 0 0 0 0 0 0 0 0 0 0 0 0 0 0 0 0 0 
0 0 0 0 0 0 0 0 0 0 0 0 0 0 0 0 0 0 0 0 0 0 0 0 0 0 0 0 0 0 0 0 0 0 0 0 0 0 0 0 0 0 0 0 0 0 0 0 0 0 0 0 0 0 0 0 0 0 0 0 0 0 0 0 0 0 0 0 0 0 0 0 0 0 0 0 0 0 0 0 
0 0 0.33333333333333337 1 0 0 0.7333333333333334 0.19999999999999996 0.0 0.7333333333333334 0 0.8666666666666667 0.2666666666666667 0 0.9333333333333333 0 0.6666666666666667 0 0.4666666666666667 0.9333333333333333 0 0 0 1 0.0 0.33333333333333337 0.4666666666666667 0.4 0 0 0 0 1 0 0 0 0 0 0 0.8666666666666667 0.4 0 0.9333333333333333 0 0.1333333333333333 0.8666666666666667 0 0 0.9333333333333333 0 0 0.6666666666666667 0 0 0.5333333333333333 0 0 0 0 0 0 0.6 0.6666666666666667 0.8 0 0.33333333333333337 0 0 0.4666666666666667 0.33333333333333337 0.4 0 0 0 0 0.4 0 0.8666666666666667 0.33333333333333337 0.1333333333333333 
0 0 0 0 0 0 0 0 0 0 0 0 0 0 0 0 0 0 0 0 0 0 0 0 0 0 0 0 0 0 0 0 0 0 0 0 0 0 0 0 0 0 0 0 0 0 0 0 0 0 0 0 0 0 0 0 0 0 0 0 0 0 0 0 0 0 0 0 0 0 0 0 0 0 0 0 0 0 0 0 
0 0 0 0 0 0 0 0 0 0 0 0 0 0 0 0 0 0 0 0 0 0 0 0 0 0 0 0 0 0 0 0 0 0 0 0 0 0 0 0 0 0 0 0 0 0 0 0 0 0 0 0 0 0 0 0 0 0 0 0 0 0 0 0 0 0 0 0 0 0 0 0 0 0 0 0 0 0 0 0 
0.0 0 0.6 0.0 0.8 1 0 0 0 0.8 0 0.8 0 0 0 0.06666666666666665 0.5333333333333333 0 0 0 0.33333333333333337 0.7333333333333334 0 0.7333333333333334 0 0 0.4 0 0 0.6666666666666667 0 0 0 0 0 0 0 0 0 0.6 0 0 0 0.5333333333333333 0 0.33333333333333337 0 0.6 0 0.06666666666666665 0.6666666666666667 0 0.0 0.0 0 0 0 0.06666666666666665 0.7333333333333334 0 0 0 0 0 0 0.8666666666666667 0.9333333333333333 0 0.9333333333333333 0 0.2666666666666667 0.8 0 0 0.06666666666666665 0 0.33333333333333337 0.19999999999999996 0.5333333333333333 0 
0 0.06666666666666665 0 0.4 0.6 0 0 0.5333333333333333 0.0 0.7333333333333334 0.06666666666666665 0 0 0 0 0.1333333333333333 0 0 0.33333333333333337 0 0 0 0.33333333333333337 0 0 0 0 0.7333333333333334 0.6 0 0 0 0.4666666666666667 0.2666666666666667 0 0 0 0 0 0 0 0 0 0 0.5333333333333333 0 0 0 1 0 0 0 0 0 0.2666666666666667 0.6666666666666667 0 0 0.0 0 0.06666666666666665 0.7333333333333334 0 0 0 0 0.6 0 1.0 0 0.1333333333333333 0.1333333333333333 0 0 0.8 0 0 0 0.06666666666666665 0.9333333333333333 
0 0 0 0 1 0 0 0 0 0.1333333333333333 0.4 0 0.33333333333333337 0 0 0 0 0.2666666666666667 0 0 0 0 0.33333333333333337 0 0 0 0.9333333333333333 0 0.6666666666666667 0 0.33333333333333337 0.2666666666666667 0.6 0 0.6666666666666667 0 0 0 0 0.7333333333333334 0.0 0.7333333333333334 0 0 0 0 0 0.6666666666666667 0 0 0 0 0.9333333333333333 0 0 0 0 0 0 0.0 0.6666666666666667 0.33333333333333337 0.8 0 0 0 0.6 0 0.4 0 0 0 0 0 0.5333333333333333 0 0 0 0 0 
0.8666666666666667 0.8 0 0.9333333333333333 0 0 0 0.4666666666666667 0 0.8666666666666667 0 0 0 0 0.9333333333333333 0 0 0.1333333333333333 0.6666666666666667 0.33333333333333337 0.8666666666666667 0 0 0.8 0.0 0 0 0.6666666666666667 0.6666666666666667 0.33333333333333337 0.6 0 0.19999999999999996 0 0.8666666666666667 0.19999999999999996 0 0.1333333333333333 0.2666666666666667 0 0.33333333333333337 0.8666666666666667 0 0 0 0 0 0.1333333333333333 0 0.4 0.6 0.1333333333333333 0.6666666666666667 0 0 0 0 0 0.6666666666666667 0 0.6666666666666667 1.0 0.9333333333333333 0 0 0.6 0 0 1 0 0 0 0 0 0 0 0 0.5333333333333333 0.6666666666666667 0 
0 0 0 0 0 0 0 0 0 0 0 0 0 0 0 0 0 0 0 0 0 0 0 0 0 0 0 0 0 0 0 0 0 0 0 0 0 0 0 0 0 0 0 0 0 0 0 0 0 0 0 0 0 0 0 0 0 0 0 0 0 0 0 0 0 0 0 0 0 0 0 0 0 0 0 0 0 0 0 0 
0 0 0 0 0 0 0 0 0 0 0 0 0 0 0 0 0 0 0 0 0 0 0 0 0 0 0 0 0 0 0 0 0 0 0 0 0 0 0 0 0 0 0 0 0 0 0 0 0 0 0 0 0 0 0 0 0 0 0 0 0 0 0 0 0 0 0 0 0 0 0 0 0 0 0 0 0 0 0 0 
0 0.33333333333333337 0 0 0 0 0 0 0.19999999999999996 0 0.19999999999999996 0.06666666666666665 0 0.06666666666666665 0.4 0 0 0 0 0 0.2666666666666667 0.2666666666666667 0 0.19999999999999996 0 0 0 0 0.33333333333333337 1.0 0.8666666666666667 1.0 0.6666666666666667 0 0.8 0 0 0.8666666666666667 0 0.9333333333333333 0.1333333333333333 0 0 0 0.8 0 0 0 0 0.6 0 0 0.7333333333333334 0.06666666666666665 0 0 0.5333333333333333 1 0.4666666666666667 0 0 1.0 0 0 0.1333333333333333 0.2666666666666667 0 0 0.8666666666666667 0 0 0 0.19999999999999996 0 0 0 0.9333333333333333 0 0 0.4 
0 0 0 0 0 0 0 0 0 0 0 0 0 0 0 0 0 0 0 0 0 0 0 0 0 0 0 0 0 0 0 0 0 0 0 0 0 0 0 0 0 0 0 0 0 0 0 0 0 0 0 0 0 0 0 0 0 0 0 0 0 0 0 0 0 0 0 0 0 0 0 0 0 0 0 0 0 0 0 0 
0 0 0 0 0 0 0 0 0 0 0.7333333333333334 0.2666666666666667 0.8 0 1.0 0 0.8 0.6666666666666667 0 0 0 0 0 0 0 0 0.7333333333333334 0.8 0 0 0.5333333333333333 0.06666666666666665 0 0 0.9333333333333333 0 0 0.4666666666666667 0.1333333333333333 0 0.0 0.9333333333333333 0.4 0 0.19999999999999996 0.1333333333333333 0.19999999999999996 0.4 0 0.0 0.06666666666666665 0.6666666666666667 0.4666666666666667 0 0 0 1 0.4 0.06666666666666665 1 0.4666666666666667 0 0.19999999999999996 0.6666666666666667 0 0 0.1333333333333333 1.0 0.19999999999999996 0.4666666666666667 0 1.0 0 0.6666666666666667 0.9333333333333333 0 0 0.7333333333333334 0.0 0 
1 0.33333333333333337 0 0.8 0.06666666666666665 0 0 0 0.4666666666666667 0.7333333333333334 0 0.9333333333333333 0.4666666666666667 0 0.6666666666666667 0 0.6 0.5333333333333333 0.8 0.8666666666666667 0.2666666666666667 0 0.7333333333333334 0 0 0 0 0.8666666666666667 0.19999999999999996 0 0 0.6666666666666667 0 0.19999999999999996 0.06666666666666665 0 0 0.5333333333333333 0 0.19999999999999996 0 0 0.4 1.0 0 0 0 0.33333333333333337 0.8 0.1333333333333333 0.5333333333333333 0 0 0 0 0 1.0 0 0.8666666666666667 0 0.7333333333333334 0 0 0 0.5333333333333333 0 0 0 0 0.6666666666666667 0 0 0 1 0.06666666666666665 0.7333333333333334 0.4666666666666667 0.8 0 0 
0 0 0 0 0 0 0 0 0 0 0 0 0 0 0 0 0 0 0 0 0 0 0 0 0 0 0 0 0 0 0 0 0 0 0 0 0 0 0 0 0 0 0 0 0 0 0 0 0 0 0 0 0 0 0 0 0 0 0 0 0 0 0 0 0 0 0 0 0 0 0 0 0 0 0 0 0 0 0 0 
0 0 0 0 0 0 0 0 0 0 0 0 0 0 0 0 0 0 0 0 0 0 0 0 0 0 0 0 0 0 0 0 0 0 0 0 0 0 0 0 0 0 0 0 0 0 0 0 0 0 0 0 0 0 0 0 0 0 0 0 0 0 0 0 0 0 0 0 0 0 0 0 0 0 0 0 0 0 0 0 
0 0 0.2666666666666667 0 0 0 0 0 0 0 0.2666666666666667 0 0.19999999999999996 0.1333333333333333 0.8666666666666667 0 0 0.19999999999999996 0.6 0 0 0 0.8 0 0 0 0 0.9333333333333333 0 0.4 0 0.19999999999999996 0.4666666666666667 0 0 0 0 0 0 0 0.2666666666666667 0 0.4 0 0.9333333333333333 0.0 0 0 0 0 0 0 0 0.2666666666666667 0.4 0.8666666666666667 0 0 0 0.4666666666666667 0.9333333333333333 0 1 0.33333333333333337 0.33333333333333337 0 0 0 0.8666666666666667 0 0 0 0 0.06666666666666665 0 0.06666666666666665 0 0 0.6 0 
0 0 0 0 0 0 0 0 0 0 0 0 0 0 0 0 0 0 0 0 0 0 0 0 0 0 0 0 0 0 0 0 0 0 0 0 0 0 0 0 0 0 0 0 0 0 0 0 0 0 0 0 0 0 0 0 0 0 0 0 0 0 0 0 0 0 0 0 0 0 0 0 0 0 0 0 0 0 0 0 
0 0.4666666666666667 0.0 0 0.8 0.2666666666666667 0 0.1333333333333333 0 0.33333333333333337 0.4 0.06666666666666665 1 0 0 0 0.5333333333333333 0.4666666666666667 0.2666666666666667 0 0.8 0 1 0.5333333333333333 0 0 0.6666666666666667 0 0.9333333333333333 0 0 0 0 0 0 0.1333333333333333 0.8666666666666667 1.0 0.4666666666666667 0 0.1333333333333333 1.0 0 0 0 0 0 0.1333333333333333 0.6666666666666667 0 0 0 0.4666666666666667 0 0 0.4 0 0 0.6666666666666667 0 0 0 0.9333333333333333 0 0.8666666666666667 0 0 0.33333333333333337 0 0 0 0.8666666666666667 0 0 0 0 0 0 0.7333333333333334 0.4666666666666667 
0 0 0.8666666666666667 0 1 0 0.8 0 0.06666666666666665 0 1.0 0 0.06666666666666665 0 0 0.6 0 0 0 0 0.1333333333333333 0 0.6 0.6 0 0 0 0 0.8666666666666667 0 0.1333333333333333 0 0.5333333333333333 0 0.8666666666666667 0.4666666666666667 0.8666666666666667 0.2666666666666667 1.0 0 0 0.8 0.33333333333333337 0.7333333333333334 0 0 0.1333333333333333 0.7333333333333334 0.33333333333333337 0 0.6666666666666667 0.19999999999999996 1 0.2666666666666667 0.19999999999999996 0 0.6666666666666667 0.8 0 0.5333333333333333 0 0.6666666666666667 0 0.1333333333333333 0 0 0 0.7333333333333334 0 0.5333333333333333 0.6666666666666667 0.06666666666666665 0 0.19999999999999996 0 0.06666666666666665 1.0 0 0 0 
0 0 0.6 0 0 0 0.33333333333333337 0 0 0.33333333333333337 0 0.4 0 0 1 0 0.6 0 0.7333333333333334 0 0 0 0.0 0 0 0.1333333333333333 0 0 0.2666666666666667 0 0 0 0 0.0 0 0.33333333333333337 0.6 0 0 0 0.6666666666666667 0 0 0 0 0.4666666666666667 0.4 0 0 0 0.5333333333333333 0.5333333333333333 0 0.8 0.06666666666666665 0.6 0.4666666666666667 0.8 0.5333333333333333 0.33333333333333337 0.4666666666666667 0 1 0 0 0.6 0 0 0 0.1333333333333333 0 0.4 0 0.5333333333333333 0.8666666666666667 0 0 0 0 0.7333333333333334 
0 0 0 0 0 0 0 0 0 0 0 0 0 0 0 0 0 0 0 0 0 0 0 0 0 0 0 0 0 0 0 0 0 0 0 0 0 0 0 0 0 0 0 0 0 0 0 0 0 0 0 0 0 0 0 0 0 0 0 0 0 0 0 0 0 0 0 0 0 0 0 0 0 0 0 0 0 0 0 0 
0.8 0.2666666666666667 0 0 0 0 0 0.8666666666666667 0 0.0 0 0 0 0 0 0 0 0 0 0.8666666666666667 0 0 0.2666666666666667 0.1333333333333333 0.1333333333333333 0.33333333333333337 0.33333333333333337 0.06666666666666665 0 0 0.4 0 0 0.19999999999999996 0 0 1 0.06666666666666665 0 0 0.5333333333333333 0.4666666666666667 0.6666666666666667 0 0 0 0 0.1333333333333333 0.4 1 1.0 0 0.4666666666666667 0.06666666666666665 0 0.9333333333333333 0 0 0 0.33333333333333337 0.1333333333333333 0 0.8666666666666667 0 0 0 1.0 0 0.1333333333333333 0 1.0 0 0 0 0.19999999999999996 1 0.06666666666666665 0 0 0 
0 0 0 0 0 0 0 0 0 0 0 0 0 0 0 0 0 0 0 0 0 0 0 0 0 0 0 0 0 0 0 0 0 0 0 0 0 0 0 0 0 0 0 0 0 0 0 0 0 0 0 0 0 0 0 0 0 0 0 0 0 0 0 0 0 0 0 0 0 0 0 0 0 0 0 0 0 0 0 0 
0 0.06666666666666665 0 0 0.4 0 0.6 0 0 0.8666666666666667 0 0.6666666666666667 0 0.5333333333333333 0.19999999999999996 0 0.4666666666666667 0 0 0 0 0.19999999999999996 0 0 0 0 0 0.1333333333333333 0.06666666666666665 0 1 0 0 0 0 0 0.0 1 0 0 1.0 0 0 0 0 0.8 0.8 1 0 0.6666666666666667 0.4 0 0 0 0 0.6 0.8666666666666667 0 0 0 0.9333333333333333 0 0 0 0.6666666666666667 0 0.8666666666666667 0 0.4666666666666667 0.4666666666666667 0.0 0 0 0 0.6666666666666667 0.0 0 0.1333333333333333 0 0 
0.6 0 0.33333333333333337 0.19999999999999996 0 0.4666666666666667 0.19999999999999996 0 0.5333333333333333 0.6666666666666667 0.1333333333333333 0 0 0 0 0 0 0.8666666666666667 0 0.19999999999999996 0 0 0 0.0 0 0.8 0 1.0 0 1.0 0 0 0.0 0.9333333333333333 0 0 0.19999999999999996 0.1333333333333333 0.8666666666666667 0 0.7333333333333334 0 0 0 0 0 0 0.8 0.8666666666666667 0 0 0.33333333333333337 1 0.06666666666666665 0.9333333333333333 0 0 0 0 0.6666666666666667 0 0.19999999999999996 0 0 0.5333333333333333 0 0.06666666666666665 0 0.06666666666666665 0 0 0.5333333333333333 0 0 0.33333333333333337 0 1 0.4 0.4 0 
0 0 0 0 0.7333333333333334 0.06666666666666665 0.0 1 0 0 0.6666666666666667 0 0.8 0 0 0 0.19999999999999996 0 0 0.19999999999999996 0 0 0.33333333333333337 0 0 0.4666666666666667 0 0 0.33333333333333337 0 0 0.5333333333333333 0.2666666666666667 0 0.9333333333333333 0 0 0.8 0 0.8666666666666667 0 0 0 0.33333333333333337 0.06666666666666665 0 0 1 0 0 0 0.9333333333333333 0.2666666666666667 0.9333333333333333 0.4 0.4666666666666667 0 0 0.7333333333333334 0.19999999999999996 0 0.9333333333333333 1.0 0.4666666666666667 0.4666666666666667 0 0 0 0 1 0 0.9333333333333333 0 0 0 0.4666666666666667 0 0.6 0 0 
0 0 0.6666666666666667 0 0.1333333333333333 0.8666666666666667 0 1.0 0.5333333333333333 0 0.4 0 0 1.0 0 0.8 0 0 0 0 0.5333333333333333 0.8666666666666667 0 0 0 0.4666666666666667 0.33333333333333337 0 0 0 0 0 0 0.0 0.8 0 0.6666666666666667 0 0 0 0 0 0 0 0.8666666666666667 0 0.9333333333333333 1.0 0.6666666666666667 0 0 0 0 0 0.06666666666666665 0.19999999999999996 0 0 0.5333333333333333 0 0 0.5333333333333333 0 0 0.5333333333333333 0.33333333333333337 0.5333333333333333 0 0 0.8666666666666667 0 0 0 0 0 0 0 0.0 0 0 
0 0 0 0 0 0 0 0 0 0 0 0 0 0 0 0 0 0 0 0 0 0 0 0 0 0 0 0 0 0 0 0 0 0 0 0 0 0 0 0 0 0 0 0 0 0 0 0 0 0 0 0 0 0 0 0 0 0 0 0 0 0 0 0 0 0 0 0 0 0 0 0 0 0 0 0 0 0 0 0 
