168
16
15
1 1 1 1 1 1 1 1 1 1 1 1 1 1 1 1 1 1 2 3 5 8 12 17 22 27 32 36 39 40 39 37 34 30 26 21 16 12 9 6 4 3 2 1 1 1 1 1 1 1 1 1 1 1 1 1 1 1 1 1 1 1 1 1 1 1 1 1 1 1 1 1 1 1 1 1 1 1 1 1 1 1 1 1 1 1 1 1 1 1 1 1 1 1 1 1 1 1 1 1 1 1 1 1 1 1 1 1 1 1 1 1 1 1 1 1 1 1 1 1 1 1 1 1 1 1 1 1 1 1 1 1 1 1 1 1 1 1 1 1 1 1 1 1 1 1 1 1 1 1 1 1 1 1 1 1 1 1 1 1 1 1 1 1 1 1 1 1
1 1 1 1 1 1 1 1 1 1 1 1 1 1 1 1 1 1 1 1 1 1 1 1 1 1 1 1 1 1 1 1 1 1 1 1 1 1 1 1 1 1 1 1 1 1 1 1 1 1 1 1 1 1 1 1 1 2 2 4 5 7 9 12 14 17 20 23 26 28 29 30 31 30 29 27 25 22 19 16 13 11 8 6 5 3 2 1 1 1 1 1 1 1 1 1 1 1 1 1 1 1 1 1 1 1 1 1 1 1 1 1 1 1 1 1 1 1 1 1 1 1 1 1 1 1 1 1 1 1 1 1 1 1 1 1 1 1 1 1 1 1 1 1 1 1 1 1 1 1 1 1 1 1 1 1 1 1 1 1 1 1 1 1 1 1 1 1
1 1 1 1 1 1 1 1 1 1 1 1 1 1 1 1 1 1 1 1 1 1 1 1 1 1 1 1 1 1 1 1 1 1 1 1 1 1 1 1 1 1 1 1 1 1 1 1 1 1 1 1 1 1 1 1 1 1 1 1 1 1 1 1 1 1 1 1 1 1 1 1 1 1 1 1 1 1 1 1 1 1 1 1 1 1 1 1 2 3 5 6 8 11 13 16 19 22 25 27 29 30 31 31 30 28 26 23 20 17 14 11 9 7 5 3 2 1 1 1 1 1 1 1 1 1 1 1 1 1 1 1 1 1 1 1 1 1 1 1 1 1 1 1 1 1 1 1 1 1 1 1 1 1 1 1 1 1 1 1 1 1 1 1 1 1 1 1
1 1 1 1 1 1 1 1 1 1 1 1 1 1 1 1 1 1 1 1 1 1 1 1 1 1 1 1 1 1 1 1 1 2 3 5 7 10 13 17 20 24 28 30 33 34 34 33 31 29 26 22 19 15 12 9 7 5 4 2 1 1 1 1 1 1 1 1 1 1 1 1 1 1 1 1 1 1 1 1 1 1 1 1 1 1 1 1 1 1 1 1 1 1 1 1 1 1 1 1 1 1 1 1 1 1 1 1 1 1 1 1 1 1 1 1 1 1 1 1 1 1 1 1 1 1 1 1 1 1 1 1 1 1 1 1 1 1 1 1 1 1 1 1 1 1 1 1 1 1 1 1 1 1 1 1 1 1 1 1 1 1 1 1 1 1 1 1
1 1 1 1 1 1 1 1 1 1 1 1 1 1 1 1 1 1 1 1 1 1 1 1 1 1 1 1 1 1 1 1 1 1 1 1 1 1 1 1 1 1 1 1 1 1 1 1 1 1 1 1 1 1 1 1 1 1 1 1 1 1 1 1 1 1 1 1 1 1 1 1 1 1 1 1 1 1 1 1 1 1 1 1 1 1 1 1 1 1 1 1 1 1 1 1 1 1 2 3 4 6 8 10 13 16 19 22 25 28 30 32 32 32 31 29 26 23 20 17 14 11 8 6 4 3 2 1 1 1 1 1 1 1 1 1 1 1 1 1 1 1 1 1 1 1 1 1 1 1 1 1 1 1 1 1 1 1 1 1 1 1 1 1 1 1 1 1
1 1 1 1 1 1 1 1 1 1 1 1 1 1 1 1 1 1 1 1 1 1 1 1 1 1 1 1 1 1 1 1 1 1 1 1 1 1 1 1 1 1 1 1 1 1 1 1 1 1 1 1 1 1 1 1 1 1 1 1 1 1 1 1 1 1 1 1 1 1 1 1 1 1 1 1 1 1 1 1 1 1 1 1 1 1 1 1 1 1 1 1 1 1 1 1 1 1 2 3 4 6 8 10 13 16 19 22 25 28 30 32 32 32 31 29 26 23 20 17 14 11 8 6 4 3 2 1 1 1 1 1 1 1 1 1 1 1 1 1 1 1 1 1 1 1 1 1 1 1 1 1 1 1 1 1 1 1 1 1 1 1 1 1 1 1 1 1
1 1 1 1 1 1 1 1 1 1 1 1 1 1 1 1 1 1 1 1 1 1 1 1 1 1 1 1 1 1 1 1 1 1 1 1 1 1 1 1 1 1 1 1 1 1 1 1 1 1 1 1 1 1 1 1 1 1 2 3 5 6 8 11 13 16 19 22 25 27 29 30 31 30 29 28 26 23 20 17 14 12 9 7 5 4 3 2 1 1 1 1 1 1 1 1 1 1 1 1 1 1 1 1 1 1 1 1 1 1 1 1 1 1 1 1 1 1 1 1 1 1 1 1 1 1 1 1 1 1 1 1 1 1 1 1 1 1 1 1 1 1 1 1 1 1 1 1 1 1 1 1 1 1 1 1 1 1 1 1 1 1 1 1 1 1 1 1
1 1 1 1 1 1 1 1 1 1 1 1 1 1 1 1 1 1 1 1 1 1 1 1 1 1 1 1 1 1 1 1 1 1 1 1 1 1 1 1 1 1 1 1 1 1 1 1 1 1 1 1 1 1 1 1 1 1 1 1 1 1 1 1 1 1 1 1 1 1 1 2 3 4 5 7 9 12 15 17 20 23 26 28 29 30 30 30 28 27 24 22 19 16 13 11 8 6 5 3 2 1 1 1 1 1 1 1 1 1 1 1 1 1 1 1 1 1 1 1 1 1 1 1 1 1 1 1 1 1 1 1 1 1 1 1 1 1 1 1 1 1 1 1 1 1 1 1 1 1 1 1 1 1 1 1 1 1 1 1 1 1 1 1 1 1 1 1
1 1 1 1 1 1 1 1 1 1 1 1 1 1 1 1 1 1 1 1 1 1 1 1 1 1 1 1 1 1 1 1 1 1 1 1 1 1 1 1 1 1 1 1 1 1 1 1 1 1 1 1 1 1 1 1 1 1 1 1 1 1 1 1 1 1 1 1 1 1 1 1 1 1 1 1 1 1 1 1 1 1 1 1 1 1 1 1 1 1 1 1 1 1 1 1 1 1 1 1 1 1 1 1 1 1 1 1 1 1 1 1 1 1 1 1 1 1 1 1 1 1 1 1 1 1 1 1 1 1 1 1 1 1 1 1 1 1 1 1 1 1 1 1 1 1 1 1 1 1 1 1 1 1 1 2 5 10 19 34 51 69 81 81 67 44 21 7
1 1 1 1 1 1 1 1 1 1 1 1 1 1 1 1 1 1 1 1 1 1 1 1 1 1 1 1 1 1 1 1 1 1 1 1 1 1 1 1 1 1 1 1 1 1 1 1 1 1 1 1 1 1 1 1 1 1 1 1 1 1 1 1 1 1 1 1 1 1 1 1 1 1 2 3 4 6 8 10 13 15 18 21 24 26 28 30 30 30 29 28 26 24 21 18 15 12 10 8 6 4 3 2 1 1 1 1 1 1 1 1 1 1 1 1 1 1 1 1 1 1 1 1 1 1 1 1 1 1 1 1 1 1 1 1 1 1 1 1 1 1 1 1 1 1 1 1 1 1 1 1 1 1 1 1 1 1 1 1 1 1 1 1 1 1 1 1
1 1 1 1 1 1 1 1 1 1 1 1 1 1 1 1 1 1 1 1 1 1 1 1 1 1 1 1 1 1 1 1 1 1 1 1 1 1 1 1 1 1 1 1 1 1 1 1 1 1 1 1 1 1 1 1 1 1 1 1 1 1 1 1 1 1 1 1 1 1 1 1 1 1 1 1 1 1 1 1 1 1 1 1 1 2 2 3 5 7 9 11 14 17 19 22 25 27 29 30 31 30 29 28 25 23 20 17 14 11 9 7 5 3 2 1 1 1 1 1 1 1 1 1 1 1 1 1 1 1 1 1 1 1 1 1 1 1 1 1 1 1 1 1 1 1 1 1 1 1 1 1 1 1 1 1 1 1 1 1 1 1 1 1 1 1 1 1
1 1 1 1 1 1 1 1 1 1 1 1 1 1 1 1 1 1 1 1 1 1 1 1 1 1 1 1 1 1 1 1 1 1 1 1 1 1 1 1 1 1 1 1 1 1 1 1 1 2 3 4 5 7 10 12 15 18 22 24 27 29 30 31 31 30 29 26 24 21 18 15 12 10 7 5 4 3 2 1 1 1 1 1 1 1 1 1 1 1 1 1 1 1 1 1 1 1 1 1 1 1 1 1 1 1 1 1 1 1 1 1 1 1 1 1 1 1 1 1 1 1 1 1 1 1 1 1 1 1 1 1 1 1 1 1 1 1 1 1 1 1 1 1 1 1 1 1 1 1 1 1 1 1 1 1 1 1 1 1 1 1 1 1 1 1 1 1
1 1 1 1 1 1 1 1 1 1 1 1 1 1 1 1 1 1 1 1 1 1 1 1 1 1 1 1 1 1 1 1 1 1 1 1 1 1 1 1 1 1 1 1 1 1 1 1 1 1 2 3 5 6 9 11 14 17 20 23 26 28 30 31 31 31 29 27 25 22 19 16 13 11 8 6 5 3 2 1 1 1 1 1 1 1 1 1 1 1 1 1 1 1 1 1 1 1 1 1 1 1 1 1 1 1 1 1 1 1 1 1 1 1 1 1 1 1 1 1 1 1 1 1 1 1 1 1 1 1 1 1 1 1 1 1 1 1 1 1 1 1 1 1 1 1 1 1 1 1 1 1 1 1 1 1 1 1 1 1 1 1 1 1 1 1 1 1
1 1 1 1 1 1 1 1 1 1 1 1 1 1 1 1 1 1 1 1 1 1 1 1 1 1 1 1 1 1 1 1 1 1 1 1 1 1 1 1 1 1 2 3 4 6 8 11 14 17 20 24 27 29 31 32 32 31 30 28 25 22 19 16 13 10 8 6 4 3 2 1 1 1 1 1 1 1 1 1 1 1 1 1 1 1 1 1 1 1 1 1 1 1 1 1 1 1 1 1 1 1 1 1 1 1 1 1 1 1 1 1 1 1 1 1 1 1 1 1 1 1 1 1 1 1 1 1 1 1 1 1 1 1 1 1 1 1 1 1 1 1 1 1 1 1 1 1 1 1 1 1 1 1 1 1 1 1 1 1 1 1 1 1 1 1 1 1
1 1 1 1 1 1 1 1 1 1 1 1 1 1 1 1 1 1 1 1 1 1 2 3 5 8 11 15 19 24 28 32 35 37 38 37 35 32 28 23 19 15 12 9 6 4 3 2 1 1 1 1 1 1 1 1 1 1 1 1 1 1 1 1 1 1 1 1 1 1 1 1 1 1 1 1 1 1 1 1 1 1 1 1 1 1 1 1 1 1 1 1 1 1 1 1 1 1 1 1 1 1 1 1 1 1 1 1 1 1 1 1 1 1 1 1 1 1 1 1 1 1 1 1 1 1 1 1 1 1 1 1 1 1 1 1 1 1 1 1 1 1 1 1 1 1 1 1 1 1 1 1 1 1 1 1 1 1 1 1 1 1 1 1 1 1 1 1
0 0 0 0 0 0 0 0 0 0 0 0 0 0 0 0 0 0 0 0 0 0 0 0 0 0 0 0 0 0 0 0 0 0 0 0 0 0 0 0 0 0 0 0 0 0 0 0 0 0 4 2 0 0 0 0 0 0 0 0 0 0 0 0 0 0 0 0 14 7 0 0 0 0 0 0 0 0 0 0 0 0 0 0 0 0 3 1 4 2 0 0 0 0 0 0 0 0 0 0 0 0 2 1 0 0 0 0 0 0 6 3 0 0 0 0 0 0 0 0 0 0 0 0 14 7 0 0 6 3 0 0 0 0 6 3 4 2 12 6 0 0 0 0 0 0 4 2 0 0 1 0 8 4 0 0 1 0 2 1 8 4 0 0 1 0 0 0 0 0 12 6 0 0 0 0 0 0 0 0 15 7 0 0 0 0 0 0 0 0 5 2 12 6 0 0 0 0 0 0 0 0 0 0 0 0 0 0 0 0 0 0 0 0 0 0 0 0 4 2 0 0 13 6 0 0 0 0 0 0 5 2 0 0 0 0 0 0 0 0 0 0 0 0 0 0 0 0 0 0 0 0 0 0 0 0 0 0 0 0 0 0 0 0 0 0 0 0 0 0 0 0 0 0 0 0 0 0 0 0 0 0 0 0 0 0 0 0 0 0 0 0 0 0 0 0 0 0 0 0 0 0 0 0 0 0 0 0 0 0 0 0 0 0 0 0 0 0 0 0 0 0 0 0 0 0 0 0 0 0 0 0 0 0 0 0
0 0 0 0 0 0 0 0 0 0 0 0 0 0 0 0 0 0 0 0 0 0 0 0 0 0 0 0 0 0 0 0 0 0 0 0 0 0 0 0 2 1 0 0 0 0 0 0 0 0 0 0 4 2 0 0 0 0 0 0 8 4 0 0 9 4 0 0 0 0 17 8 0 0 0 0 7 3 0 0 0 0 1 0 0 0 5 2 0 0 0 0 0 0 0 0 0 0 0 0 0 0 0 0 0 0 0 0 0 0 0 0 2 1 0 0 2 1 0 0 0 0 0 0 0 0 0 0 0 0 4 2 0 0 2 1 14 7 1 0 4 2 0 0 0 0 12 6 0 0 0 0 0 0 0 0 5 2 0 0 0 0 2 1 0 0 0 0 10 5 0 0 0 0 15 7 0 0 0 0 0 0 0 0 0 0 0 0 0 0 0 0 9 4 0 0 0 0 0 0 0 0 0 0 0 0 0 0 4 2 9 4 0 0 0 0 0 0 0 0 13 6 0 0 0 0 2 1 0 0 1 0 0 0 1 0 0 0 3 1 0 0 2 1 0 0 0 0 0 0 0 0 0 0 0 0 0 0 0 0 0 0 0 0 0 0 0 0 0 0 0 0 0 0 0 0 0 0 0 0 0 0 0 0 0 0 0 0 0 0 0 0 0 0 0 0 0 0 0 0 0 0 0 0 0 0 0 0 0 0 0 0 0 0 0 0 0 0 0 0 0 0 0 0 0 0 0 0 0 0 0 0 0 0 0 0
0 0 0 0 0 0 0 0 0 0 0 0 0 0 0 0 0 0 0 0 0 0 0 0 0 0 0 0 0 0 0 0 0 0 0 0 0 0 0 0 0 0 0 0 0 0 0 0 0 0 0 0 0 0 0 0 0 0 0 0 0 0 0 0 0 0 0 0 0 0 0 0 0 0 0 0 1 0 0 0 0 0 0 0 0 0 0 0 0 0 0 0 0 0 0 0 0 0 0 0 0 0 0 0 0 0 0 0 0 0 7 3 0 0 0 0 0 0 1 0 0 0 0 0 0 0 0 0 6 3 0 0 0 0 0 0 0 0 12 6 0 0 0 0 18 9 0 0 0 0 0 0 1 0 0 0 0 0 0 0 0 0 0 0 0 0 0 0 0 0 0 0 0 0 0 0 0 0 0 0 0 0 0 0 0 0 0 0 0 0 0 0 10 5 0 0 0 0 17 8 0 0 0 0 0 0 0 0 0 0 0 0 9 4 0 0 13 6 0 0 0 0 4 2 0 0 0 0 0 0 0 0 0 0 0 0 1 0 0 0 0 0 0 0 0 0 0 0 0 0 0 0 0 0 0 0 0 0 0 0 0 0 0 0 0 0 0 0 0 0 0 0 0 0 0 0 0 0 0 0 0 0 0 0 0 0 0 0 0 0 0 0 0 0 0 0 0 0 0 0 0 0 0 0 0 0 0 0 0 0 0 0 0 0 0 0 0 0 8 4 0 0 46 23 0 0 0 0 0 0 0 0 0 0 0 0
0 0 0 0 0 0 0 0 0 0 0 0 0 0 0 0 0 0 0 0 0 0 0 0 0 0 0 0 0 0 0 0 0 0 0 0 0 0 0 0 0 0 0 0 0 0 0 0 0 0 0 0 8 4 0 0 0 0 0 0 0 0 0 0 0 0 0 0 0 0 0 0 0 0 0 0 0 0 0 0 0 0 0 0 0 0 0 0 0 0 0 0 5 2 0 0 0 0 0 0 4 2 9 4 5 2 4 2 0 0 0 0 0 0 1 0 0 0 4 2 1 0 0 0 0 0 6 3 0 0 0 0 4 2 0 0 16 8 0 0 11 5 1 0 0 0 0 0 0 0 2 1 0 0 0 0 10 5 0 0 5 2 0 0 5 2 0 0 0 0 0 0 0 0 0 0 3 1 1 0 3 1 0 0 0 0 0 0 0 0 0 0 0 0 0 0 5 2 0 0 0 0 0 0 18 9 0 0 0 0 0 0 9 4 0 0 0 0 0 0 0 0 0 0 15 7 16 8 0 0 0 0 0 0 0 0 0 0 0 0 2 1 0 0 0 0 0 0 0 0 0 0 0 0 0 0 0 0 0 0 0 0 0 0 0 0 0 0 0 0 0 0 0 0 0 0 0 0 0 0 0 0 0 0 0 0 0 0 0 0 0 0 0 0 0 0 0 0 0 0 0 0 0 0 0 0 0 0 0 0 0 0 0 0 0 0 0 0 0 0 0 0 0 0 0 0 0 0 0 0 0 0 0 0 0 0
0 0 0 0 0 0 0 0 0 0 0 0 0 0 0 0 0 0 0 0 0 0 0 0 0 0 0 0 0 0 0 0 0 0 0 0 0 0 0 0 0 0 3 1 1 0 0 0 0 0 0 0 0 0 0 0 0 0 0 0 0 0 0 0 0 0 0 0 2 1 0 0 0 0 0 0 0 0 0 0 0 0 0 0 0 0 0 0 2 1 0 0 0 0 0 0 0 0 5 2 0 0 0 0 2 1 0 0 0 0 0 0 2 1 0 0 0 0 10 5 0 0 0 0 10 5 0 0 0 0 0 0 3 1 0 0 0 0 0 0 0 0 0 0 0 0 2 1 0 0 0 0 1 0 8 4 0 0 0 0 3 1 0 0 13 6 0 0 0 0 0 0 0 0 0 0 0 0 0 0 0 0 14 7 0 0 0 0 4 2 0 0 0 0 0 0 0 0 0 0 14 7 0 0 13 6 0 0 8 4 0 0 0 0 0 0 7 3 16 8 14 7 0 0 0 0 0 0 1 0 0 0 17 8 0 0 0 0 0 0 0 0 0 0 1 0 0 0 0 0 0 0 1 0 0 0 0 0 0 0 0 0 0 0 0 0 0 0 0 0 0 0 0 0 0 0 0 0 0 0 0 0 0 0 0 0 0 0 0 0 0 0 0 0 0 0 0 0 0 0 0 0 0 0 0 0 0 0 0 0 0 0 0 0 0 0 0 0 0 0 0 0 0 0 0 0 0 0 0 0 0 0 0 0 0 0
0 0 0 0 0 0 0 0 0 0 0 0 0 0 0 0 0 0 0 0 0 0 0 0 0 0 0 0 0 0 0 0 0 0 0 0 0 0 0 0 0 0 0 0 0 0 0 0 0 0 0 0 0 0 18 9 24 12 0 0 0 0 0 0 0 0 0 0 0 0 0 0 0 0 0 0 8 4 0 0 0 0 0 0 4 2 0 0 0 0 0 0 4 2 0 0 0 0 0 0 2 1 0 0 0 0 0 0 0 0 2 1 0 0 0 0 1 0 0 0 0 0 0 0 2 1 4 2 18 9 0 0 0 0 0 0 0 0 0 0 0 0 0 0 0 0 14 7 4 2 2 1 1 0 0 0 8 4 0 0 8 4 0 0 0 0 0 0 9 4 0 0 0 0 0 0 0 0 0 0 0 0 0 0 2 1 0 0 6 3 0 0 10 5 0 0 14 7 0 0 0 0 0 0 0 0 0 0 0 0 10 5 6 3 0 0 0 0 0 0 2 1 0 0 5 2 0 0 0 0 0 0 0 0 0 0 0 0 0 0 1 0 0 0 0 0 0 0 0 0 0 0 0 0 0 0 0 0 0 0 0 0 0 0 0 0 0 0 0 0 0 0 0 0 0 0 0 0 0 0 0 0 0 0 0 0 0 0 0 0 0 0 0 0 0 0 0 0 0 0 0 0 0 0 0 0 0 0 0 0 0 0 2 1 0 0 0 0 0 0 0 0 0 0 0 0 0 0 0 0 0 0 0 0 0 0
0 0 0 0 0 0 0 0 0 0 0 0 0 0 0 0 0 0 0 0 0 0 0 0 0 0 0 0 0 0 0 0 0 0 0 0 0 0 0 0 0 0 0 0 0 0 0 0 0 0 0 0 0 0 0 0 0 0 16 8 0 0 0 0 0 0 0 0 0 0 0 0 0 0 0 0 0 0 0 0 0 0 0 0 0 0 0 0 0 0 0 0 2 1 0 0 0 0 2 1 12 6 0 0 0 0 0 0 20 10 0 0 0 0 0 0 0 0 17 8 7 3 0 0 0 0 0 0 3 1 4 2 3 1 10 5 15 7 0 0 0 0 12 6 2 1 0 0 1 0 0 0 0 0 0 0 0 0 0 0 0 0 0 0 0 0 0 0 0 0 0 0 0 0 0 0 0 0 0 0 8 4 0 0 0 0 0 0 0 0 0 0 0 0 0 0 0 0 0 0 0 0 12 6 0 0 0 0 0 0 0 0 0 0 0 0 0 0 7 3 0 0 0 0 0 0 15 7 0 0 0 0 2 1 10 5 6 3 0 0 0 0 1 0 0 0 0 0 2 1 0 0 0 0 0 0 0 0 0 0 0 0 0 0 0 0 0 0 0 0 0 0 0 0 0 0 0 0 0 0 0 0 0 0 0 0 0 0 0 0 0 0 0 0 0 0 0 0 0 0 0 0 0 0 0 0 0 0 0 0 0 0 0 0 0 0 0 0 0 0 0 0 0 0 0 0 0 0 0 0 0 0 0 0 0 0
0 0 0 0 0 0 0 0 0 0 0 0 0 0 0 0 0 0 0 0 0 0 0 0 0 0 0 0 0 0 0 0 0 0 0 0 1 0 0 0 0 0 4 2 0 0 0 0 0 0 0 0 0 0 0 0 18 9 0 0 0 0 0 0 0 0 0 0 2 1 0 0 0 0 0 0 0 0 0 0 0 0 0 0 0 0 0 0 0 0 0 0 0 0 0 0 0 0 0 0 0 0 0 0 0 0 0 0 0 0 0 0 6 3 0 0 10 5 14 7 0 0 0 0 12 6 0 0 0 0 10 5 0 0 4 2 0 0 0 0 8 4 0 0 0 0 0 0 0 0 0 0 0 0 0 0 0 0 0 0 0 0 2 1 1 0 5 2 0 0 0 0 0 0 0 0 0 0 0 0 0 0 0 0 0 0 14 7 0 0 0 0 0 0 0 0 0 0 0 0 0 0 0 0 0 0 0 0 0 0 4 2 0 0 0 0 0 0 7 3 5 2 0 0 0 0 0 0 0 0 0 0 0 0 0 0 4 2 0 0 0 0 0 0 0 0 0 0 0 0 0 0 0 0 0 0 0 0 0 0 0 0 0 0 0 0 0 0 0 0 0 0 0 0 0 0 0 0 0 0 0 0 0 0 0 0 0 0 0 0 0 0 0 0 0 0 0 0 0 0 0 0 0 0 0 0 0 0 0 0 0 0 0 0 0 0 0 0 0 0 0 0 0 0 0 0 0 0 0 0 0 0 0 0 0 0
0 0 0 0 0 0 0 0 0 0 0 0 0 0 0 0 0 0 0 0 0 0 0 0 0 0 0 0 0 0 0 0 0 0 0 0 0 0 0 0 0 0 0 0 0 0 0 0 0 0 0 0 0 0 0 0 0 0 0 0 0 0 0 0 0 0 0 0 0 0 0 0 0 0 0 0 0 0 0 0 2 1 0 0 0 0 0 0 0 0 0 0 0 0 0 0 11 5 0 0 0 0 0 0 15 7 0 0 2 1 0 0 0 0 1 0 0 0 14 7 0 0 0 0 0 0 0 0 0 0 0 0 0 0 12 6 0 0 0 0 0 0 0 0 0 0 0 0 0 0 0 0 0 0 0 0 8 4 0 0 6 3 6 3 0 0 0 0 0 0 1 0 0 0 0 0 0 0 0 0 0 0 0 0 0 0 0 0 0 0 4 2 2 1 14 7 0 0 0 0 0 0 0 0 0 0 0 0 0 0 8 4 0 0 1 0 0 0 0 0 0 0 0 0 10 5 0 0 0 0 0 0 0 0 14 7 0 0 0 0 0 0 0 0 3 1 0 0 0 0 0 0 0 0 0 0 0 0 0 0 0 0 0 0 0 0 0 0 0 0 0 0 0 0 0 0 0 0 0 0 0 0 0 0 0 0 0 0 0 0 0 0 0 0 0 0 0 0 0 0 0 0 0 0 0 0 0 0 0 0 0 0 0 0 0 0 0 0 0 0 0 0 0 0 0 0 0 0 0 0 0 0 0 0 0 0
0 0 0 0 0 0 0 0 0 0 0 0 0 0 0 0 0 0 0 0 0 0 0 0 0 0 0 0 0 0 0 0 0 0 0 0 0 0 0 0 0 0 0 0 0 0 0 0 0 0 0 0 0 0 0 0 0 0 0 0 0 0 0 0 0 0 1 0 1 0 5 2 0 0 0 0 0 0 0 0 0 0 0 0 6 3 0 0 0 0 0 0 0 0 4 2 0 0 0 0 0 0 12 6 0 0 4 2 0 0 0 0 0 0 0 0 12 6 0 0 0 0 16 8 0 0 0 0 6 3 0 0 0 0 14 7 0 0 0 0 0 0 19 9 0 0 0 0 0 0 0 0 0 0 0 0 2 1 4 2 0 0 2 1 0 0 0 0 0 0 0 0 0 0 0 0 0 0 0 0 0 0 0 0 0 0 0 0 0 0 4 2 4 2 0 0 0 0 0 0 0 0 0 0 0 0 4 2 0 0 0 0 13 6 6 3 0 0 0 0 0 0 0 0 0 0 0 0 0 0 0 0 0 0 0 0 0 0 0 0 0 0 0 0 0 0 0 0 2 1 0 0 0 0 0 0 0 0 0 0 0 0 0 0 0 0 0 0 0 0 0 0 0 0 0 0 0 0 0 0 0 0 0 0 0 0 0 0 0 0 0 0 0 0 0 0 0 0 0 0 0 0 0 0 0 0 0 0 0 0 0 0 0 0 0 0 0 0 0 0 0 0 0 0 0 0 0 0 0 0 22 11 5 2 0 0
0 0 0 0 0 0 0 0 0 0 0 0 0 0 0 0 0 0 0 0 0 0 0 0 0 0 0 0 0 0 0 0 0 0 0 0 0 0 0 0 0 0 0 0 0 0 1 0 0 0 0 0 0 0 0 0 0 0 0 0 14 7 0 0 0 0 0 0 0 0 0 0 0 0 0 0 9 4 0 0 0 0 0 0 0 0 0 0 18 9 0 0 0 0 1 0 0 0 0 0 0 0 0 0 0 0 0 0 3 1 0 0 0 0 2 1 0 0 0 0 0 0 0 0 0 0 6 3 0 0 4 2 0 0 0 0 0 0 0 0 0 0 0 0 0 0 2 1 3 1 4 2 0 0 0 0 0 0 0 0 0 0 0 0 0 0 0 0 0 0 0 0 0 0 0 0 0 0 0 0 0 0 0 0 0 0 0 0 0 0 0 0 0 0 4 2 4 2 10 5 0 0 3 1 0 0 0 0 0 0 16 8 7 3 7 3 0 0 0 0 0 0 0 0 0 0 0 0 0 0 0 0 0 0 0 0 0 0 0 0 0 0 3 1 0 0 0 0 0 0 0 0 0 0 0 0 0 0 0 0 0 0 0 0 0 0 0 0 0 0 0 0 0 0 0 0 0 0 0 0 0 0 0 0 0 0 0 0 0 0 0 0 0 0 0 0 0 0 0 0 0 0 0 0 0 0 0 0 0 0 0 0 0 0 0 0 0 0 0 0 0 0 0 0 0 0 0 0 4 2 0 0 0 0 0 0
0 0 0 0 0 0 0 0 0 0 0 0 0 0 0 0 0 0 0 0 0 0 0 0 0 0 0 0 0 0 0 0 0 0 0 0 0 0 0 0 0 0 0 0 0 0 0 0 0 0 0 0 0 0 0 0 0 0 0 0 13 6 0 0 0 0 13 6 11 5 0 0 6 3 10 5 0 0 3 1 0 0 0 0 0 0 0 0 12 6 2 1 0 0 0 0 0 0 0 0 0 0 2 1 0 0 0 0 4 2 0 0 0 0 0 0 0 0 0 0 0 0 0 0 0 0 0 0 0 0 0 0 0 0 6 3 16 8 0 0 0 0 0 0 0 0 4 2 0 0 0 0 0 0 4 2 1 0 4 2 2 1 0 0 0 0 0 0 2 1 0 0 0 0 1 0 0 0 0 0 0 0 0 0 4 2 0 0 0 0 0 0 9 4 0 0 0 0 0 0 0 0 2 1 0 0 0 0 0 0 0 0 0 0 0 0 0 0 0 0 0 0 0 0 0 0 20 10 0 0 0 0 0 0 0 0 0 0 10 5 0 0 0 0 0 0 0 0 0 0 2 1 0 0 0 0 0 0 0 0 0 0 0 0 0 0 0 0 0 0 0 0 0 0 0 0 0 0 0 0 0 0 0 0 0 0 0 0 0 0 0 0 0 0 0 0 0 0 0 0 0 0 0 0 0 0 0 0 0 0 0 0 2 1 0 0 0 0 0 0 0 0 0 0 30 15 0 0 0 0 0 0 0 0 0 0
0 0 0 0 0 0 0 0 0 0 0 0 0 0 0 0 0 0 0 0 0 0 0 0 0 0 0 0 0 0 0 0 0 0 0 0 0 0 0 0 0 0 0 0 0 0 0 0 0 0 0 0 0 0 0 0 0 0 0 0 0 0 0 0 0 0 0 0 0 0 0 0 0 0 4 2 0 0 0 0 0 0 0 0 0 0 0 0 0 0 0 0 2 1 0 0 0 0 0 0 2 1 0 0 0 0 0 0 0 0 0 0 0 0 0 0 0 0 0 0 17 8 0 0 6 3 0 0 0 0 0 0 0 0 0 0 0 0 0 0 0 0 4 2 18 9 0 0 1 0 1 0 0 0 0 0 0 0 0 0 0 0 8 4 0 0 0 0 0 0 0 0 0 0 0 0 1 0 0 0 2 1 0 0 9 4 7 3 0 0 1 0 0 0 0 0 0 0 0 0 0 0 0 0 2 1 0 0 0 0 0 0 0 0 0 0 0 0 10 5 15 7 0 0 0 0 4 2 0 0 14 7 0 0 0 0 0 0 0 0 0 0 0 0 0 0 0 0 0 0 0 0 0 0 0 0 0 0 0 0 0 0 0 0 0 0 0 0 0 0 0 0 0 0 0 0 0 0 0 0 0 0 0 0 0 0 0 0 0 0 0 0 0 0 0 0 0 0 0 0 0 0 0 0 0 0 0 0 0 0 0 0 3 1 4 2 0 0 0 0 0 0 0 0 0 0 32 16 0 0 0 0 0 0 0 0
0 0 0 0 0 0 0 0 0 0 0 0 0 0 0 0 0 0 0 0 0 0 0 0 0 0 0 0 0 0 0 0 0 0 0 0 0 0 0 0 0 0 0 0 1 0 0 0 0 0 0 0 0 0 0 0 0 0 0 0 0 0 0 0 10 5 22 11 0 0 0 0 0 0 0 0 0 0 6 3 0 0 0 0 0 0 0 0 0 0 4 2 0 0 1 0 0 0 0 0 0 0 0 0 0 0 0 0 0 0 0 0 2 1 0 0 1 0 0 0 0 0 0 0 4 2 7 3 0 0 2 1 0 0 0 0 12 6 0 0 0 0 0 0 12 6 12 6 0 0 0 0 0 0 0 0 0 0 0 0 0 0 3 1 0 0 0 0 2 1 2 1 0 0 17 8 0 0 0 0 0 0 0 0 12 6 10 5 0 0 0 0 0 0 0 0 1 0 0 0 0 0 0 0 0 0 1 0 0 0 5 2 0 0 0 0 0 0 0 0 4 2 0 0 0 0 0 0 0 0 0 0 11 5 0 0 0 0 0 0 3 1 0 0 0 0 0 0 0 0 0 0 0 0 0 0 0 0 0 0 0 0 0 0 0 0 0 0 0 0 0 0 0 0 0 0 0 0 0 0 0 0 0 0 0 0 0 0 0 0 0 0 0 0 0 0 0 0 0 0 0 0 0 0 0 0 0 0 0 0 0 0 0 0 0 0 0 0 0 0 0 0 18 9 0 0 0 0 0 0 0 0 0 0 0 0
0 0 0 0 0 0 0 0 0 0 0 0 0 0 0 0 0 0 0 0 0 0 0 0 0 0 0 0 0 0 0 0 0 0 0 0 0 0 0 0 0 0 0 0 6 3 0 0 0 0 0 0 0 0 0 0 0 0 0 0 0 0 0 0 0 0 0 0 3 1 0 0 0 0 0 0 0 0 0 0 0 0 0 0 0 0 0 0 14 7 0 0 11 5 0 0 0 0 0 0 1 0 0 0 0 0 0 0 0 0 0 0 0 0 0 0 2 1 0 0 0 0 0 0 0 0 0 0 5 2 0 0 0 0 0 0 0 0 0 0 14 7 4 2 0 0 0 0 0 0 0 0 0 0 7 3 0 0 8 4 0 0 0 0 0 0 0 0 13 6 0 0 1 0 0 0 0 0 0 0 0 0 0 0 0 0 0 0 0 0 0 0 4 2 11 5 0 0 0 0 12 6 0 0 4 2 0 0 0 0 12 6 10 5 11 5 0 0 3 1 5 2 14 7 8 4 0 0 0 0 0 0 7 3 10 5 0 0 0 0 0 0 0 0 0 0 0 0 0 0 0 0 0 0 0 0 0 0 0 0 0 0 0 0 0 0 0 0 0 0 0 0 0 0 0 0 0 0 0 0 0 0 0 0 0 0 0 0 0 0 0 0 0 0 0 0 0 0 0 0 0 0 0 0 0 0 0 0 0 0 0 0 3 1 0 0 0 0 0 0 0 0 0 0 0 0 0 0 0 0 0 0 0 0 0 0
20 15 24 24 28 22 33 17 25 18 38 20 16 29 24 28 16 16 28 31 16 34 25 23 29 19 29 12 29 13 32 29 13 41 28 27 30 29 17 32 40 29 38 30 30 26 11 32 39 19 25 24 25 38 16 23 35 35 32 16 18 20 23 27 30 23 12 30 20 31 31 43 34 16 33 16 37 59 34 18 25 20 20 36 40 23 31 52 28 23 46 25 35 18 15 19 22 30 30 23 27 48 46 30 22 50 46 26 23 22 22 22 14 37 20 37 16 42 41 15 17 19 18 25 45 35 17 17 72 19 28 39 20 27 21 29 30 20 23 13 21 25 12 14 26 34 26 14 32 27 28 24 29 12 37 14 44 53 35 20 11 27 13 37 38 17 19 28
19 12 30 22 24 39 39 19 11 25 31 18 25 20 16 12 37 20 20 20 13 18 32 48 31 20 15 21 19 19 33 5 29 42 15 33 26 26 20 28 36 22 34 22 20 22 19 27 22 15 21 23 30 26 25 28 32 12 19 16 34 32 10 29 35 25 35 41 23 17 26 18 22 16 17 34 17 21 33 22 26 31 36 13 41 22 17 40 37 45 15 20 29 30 35 17 18 26 45 29 19 30 21 15 22 42 34 42 28 31 21 26 21 39 24 23 22 18 41 39 14 28 27 12 33 10 27 40 63 40 21 41 37 35 38 29 27 42 27 20 30 12 26 30 39 11 32 17 12 25 35 22 39 16 22 20 16 13 24 20 22 16 50 41 41 37 27 21
26 23 24 32 25 17 25 29 26 34 32 21 26 22 17 28 12 17 17 33 14 45 26 15 47 14 33 23 23 15 37 33 31 24 26 36 13 41 39 35 28 19 24 24 23 14 30 14 18 35 22 21 27 34 30 20 24 20 16 27 14 18 22 24 64 37 26 18 29 20 24 24 33 18 31 20 33 25 23 11 28 15 17 18 32 19 16 13 18 27 19 23 38 22 39 13 22 51 29 33 13 21 21 24 35 41 25 17 13 23 27 36 27 16 17 21 25 20 28 45 29 30 27 19 12 29 27 32 28 34 30 17 13 19 17 16 18 44 25 35 23 15 24 45 45 18 19 11 21 27 39 21 27 24 23 19 42 26 48 35 21 33 25 22 16 25 9 31
20 28 33 22 7 23 8 28 30 23 22 22 21 25 28 35 35 21 25 30 18 25 31 31 15 20 25 20 12 29 15 19 19 33 33 54 16 39 24 24 27 10 23 30 37 34 16 41 32 30 14 36 49 17 24 34 22 23 40 26 41 37 28 23 26 33 25 32 35 23 17 17 15 29 24 16 26 41 37 18 40 22 35 10 21 25 20 15 17 36 18 28 43 40 32 23 20 36 11 27 56 14 18 41 32 16 29 42 28 31 24 12 20 19 17 19 24 22 33 42 36 15 13 35 22 21 46 27 13 25 24 38 33 36 24 20 24 18 8 27 34 28 33 21 22 26 20 17 14 16 33 14 42 62 47 29 11 31 33 34 34 33 18 35 27 32 33 26
26 14 27 39 29 44 14 40 30 12 19 26 27 31 29 19 22 43 31 27 24 29 14 26 35 29 8 36 20 34 38 22 20 21 18 52 26 19 26 24 43 19 32 26 23 20 30 18 19 38 20 29 22 17 17 25 27 15 26 35 32 36 17 34 19 22 29 53 21 34 24 14 18 22 28 12 22 25 22 22 14 22 15 35 20 28 26 16 28 31 14 10 22 18 22 30 19 20 26 28 7 16 32 32 16 16 19 51 42 25 23 27 28 25 28 22 15 30 17 30 26 19 23 33 12 18 25 19 19 21 25 18 22 16 24 20 14 23 25 38 35 17 45 31 19 29 27 20 30 21 23 39 36 33 19 25 23 25 18 12 22 19 28 19 15 12 23 15
25 25 33 24 20 38 59 33 29 40 42 26 16 24 13 8 25 21 15 31 10 19 33 32 16 21 45 20 27 34 19 33 26 26 31 30 39 21 25 32 41 20 24 21 12 55 16 21 19 17 30 22 24 22 29 48 16 17 20 36 26 27 38 10 29 22 34 23 36 28 45 29 10 14 28 29 18 25 22 40 17 35 39 21 23 25 18 20 32 26 13 17 12 32 28 18 16 21 15 26 21 34 28 36 24 23 33 16 29 23 12 29 21 52 36 33 37 38 26 22 25 33 17 35 26 21 26 24 39 23 22 15 26 34 24 21 27 16 27 31 14 35 14 35 40 32 38 20 21 20 11 29 15 26 22 9 19 35 22 17 17 27 22 25 14 28 26 32
18 18 20 32 35 22 17 25 22 37 21 29 18 50 16 26 29 20 36 24 15 38 24 29 30 38 21 16 31 27 22 20 24 9 34 32 29 21 15 26 29 44 13 36 29 22 8 27 35 20 32 9 29 30 20 25 25 34 25 23 17 21 17 34 40 34 15 26 41 23 27 44 21 22 21 21 19 10 27 15 29 19 26 26 21 19 33 18 28 26 25 23 20 24 27 30 14 22 32 16 26 22 22 22 36 23 40 33 31 26 35 22 17 27 27 22 23 22 24 30 31 13 14 24 33 26 15 21 24 31 31 27 21 23 47 31 13 9 14 19 13 33 21 13 25 45 26 11 13 12 24 22 35 32 36 18 31 17 7 22 26 20 27 32 12 28 29 21
12 21 25 30 19 24 31 33 28 16 18 21 16 15 17 33 11 26 20 35 27 16 30 29 15 22 31 20 25 16 54 26 40 24 27 20 16 12 32 9 26 14 26 33 17 9 32 35 12 18 21 17 17 24 32 33 31 26 25 20 16 22 22 35 24 25 20 18 27 15 43 8 25 38 21 41 20 35 37 7 29 24 21 37 28 46 18 20 21 26 22 26 23 24 28 29 44 29 30 31 52 20 36 35 46 24 14 21 6 33 31 26 29 50 26 50 29 16 34 11 24 34 30 25 26 27 27 33 24 23 21 16 36 35 26 14 47 32 15 30 22 20 13 41 32 17 21 40 23 31 26 35 24 22 26 33 23 41 19 27 29 36 13 29 23 25 13 28
16 32 39 20 23 30 30 28 37 11 28 31 13 15 40 22 34 19 22 30 31 13 33 14 42 23 25 16 26 27 26 31 13 23 36 23 24 27 19 38 30 34 37 40 19 24 31 19 17 19 24 25 27 31 29 29 22 18 18 29 15 19 26 33 29 38 31 25 35 23 30 18 37 38 24 42 21 30 37 10 29 14 21 31 16 16 17 25 19 30 45 17 30 32 52 28 38 20 22 25 51 33 15 21 15 18 24 23 22 19 18 31 25 12 33 22 21 20 33 26 28 16 29 28 24 11 62 25 20 41 19 22 13 21 22 33 23 30 17 18 18 34 23 25 19 26 13 33 31 24 43 35 22 27 45 40 20 33 16 29 40 25 54 35 21 25 21 43
17 28 34 29 14 23 25 43 28 26 35 14 24 34 23 21 23 37 32 40 32 59 22 30 23 23 38 12 58 22 27 19 28 39 29 11 32 15 20 35 16 38 25 13 44 27 26 22 24 24 18 21 33 23 16 34 27 28 32 28 31 33 16 33 20 33 39 21 33 21 14 16 26 12 26 31 35 34 41 29 41 18 27 11 16 30 17 20 38 22 14 25 28 10 23 22 18 19 37 26 20 28 18 28 24 5 18 31 54 20 51 36 50 41 34 24 19 15 46 11 12 22 18 14 32 23 20 23 18 19 32 32 32 37 28 74 40 25 24 40 16 24 24 19 29 18 20 19 27 19 34 28 29 20 22 18 19 26 25 32 20 13 23 19 36 31 22 8
25 18 15 31 12 28 29 30 35 27 10 25 11 15 41 40 37 28 33 32 26 18 21 27 30 19 21 13 17 22 25 17 36 34 20 26 24 38 24 16 37 42 16 9 19 30 16 38 23 33 25 26 30 27 48 24 36 19 16 26 20 31 44 16 18 42 61 31 29 28 26 24 35 9 30 18 26 20 18 15 20 24 36 37 51 25 17 14 32 22 58 33 23 14 43 22 18 17 32 21 8 28 37 49 22 38 24 24 30 35 39 26 39 30 19 8 42 33 25 38 35 17 29 30 15 27 15 15 17 14 30 38 13 16 54 21 45 18 34 23 19 19 23 29 49 12 15 35 34 16 34 25 27 20 41 18 35 32 21 19 27 21 16 15 31 25 19 30
25 18 16 29 26 38 51 22 14 21 27 38 22 31 32 26 19 18 40 19 29 17 21 12 27 14 25 23 11 27 26 23 20 19 31 26 18 13 17 21 29 13 20 20 20 22 34 38 46 17 36 56 9 28 14 18 28 20 30 36 23 22 19 27 29 24 27 22 17 32 22 27 18 15 25 36 23 13 30 25 35 19 31 38 16 34 15 32 38 30 27 39 35 25 22 29 41 24 25 37 34 22 45 28 45 32 25 16 23 21 18 14 20 22 28 16 26 25 17 26 31 30 15 20 38 20 28 32 20 20 30 17 26 37 28 28 38 31 25 24 18 18 37 26 24 15 16 13 22 33 19 29 25 39 55 18 21 21 28 26 23 25 23 19 27 26 19 25
20 15 28 17 23 49 19 40 36 11 24 28 16 20 39 23 16 26 33 37 21 8 27 18 14 24 24 33 23 17 11 21 21 16 36 16 33 26 14 37 29 13 34 20 31 18 22 55 32 20 21 19 30 20 28 13 17 53 33 21 21 26 24 24 35 41 31 18 31 31 10 61 26 10 33 20 21 25 21 16 21 14 20 30 23 42 20 16 22 30 23 20 18 20 55 42 28 18 19 23 14 14 38 20 31 21 9 40 15 22 15 51 33 17 15 22 29 15 38 12 19 22 48 36 18 28 37 15 20 35 41 24 26 28 28 33 34 25 22 19 31 24 14 15 33 28 19 47 22 15 36 14 17 20 24 25 14 31 28 21 21 25 27 23 30 13 26 55
28 15 30 9 33 31 27 21 33 53 36 17 12 31 21 24 25 43 27 27 23 39 26 24 16 21 46 23 56 35 29 11 9 23 9 25 31 24 16 28 29 23 32 19 53 23 28 24 22 30 17 51 19 31 15 33 24 23 21 13 37 30 23 40 61 31 23 18 22 41 32 31 35 17 25 24 32 39 24 33 27 23 20 22 14 28 26 35 36 23 42 29 15 22 16 27 25 34 36 24 21 33 19 32 16 29 31 29 19 27 22 17 38 17 10 10 21 8 45 16 21 54 32 13 37 15 19 37 39 12 25 24 42 19 25 40 32 24 24 29 29 25 32 18 22 9 25 16 13 27 16 24 20 25 59 22 33 24 14 30 22 39 46 23 26 26 38 30
19 32 20 7 14 16 19 21 24 44 32 19 33 35 18 39 29 37 34 18 21 22 23 26 24 26 23 32 11 36 19 26 19 33 23 12 9 16 21 33 25 19 35 19 16 23 34 28 30 15 21 30 13 22 22 20 30 22 51 23 23 19 14 24 34 10 14 40 31 27 25 31 11 14 23 26 23 15 27 44 36 35 21 32 43 36 21 13 31 32 23 41 35 38 32 30 14 15 24 22 30 37 11 18 27 18 33 20 24 33 22 36 26 13 29 47 21 29 29 9 23 23 34 31 18 29 28 26 35 20 37 27 23 19 16 33 22 31 48 27 36 23 15 25 24 32 20 18 23 30 24 17 33 17 10 19 22 28 33 17 33 16 24 24 17 33 18 28
34 16 38 15 39 16 15 28 21 45 29 31 26 35 34 41 16 31 13 17 22 42 32 19 15 19 33 21 21 26 16 17 22 19 20 35 23 15 23 23 46 31 29 16 38 24 31 24 22 29 15 38 37 37 24 15 28 23 17 34 42 44 32 15 24 38 26 14 30 16 19 22 24 12 33 27 36 22 21 19 19 30 32 24 17 16 18 19 25 28 13 25 31 39 28 27 25 16 34 18 25 18 23 14 27 30 26 8 33 43 13 26 18 41 20 31 42 27 19 38 34 24 15 26 27 33 17 22 42 16 13 26 21 33 20 13 16 19 17 22 57 27 58 29 21 34 25 24 47 27 32 22 37 22 19 25 28 22 25 44 17 19 21 41 13 23 21 8
0.3125 0.625 0.0625 0.0625 0 0.1875 0 0.5 0 0.4375 0 0.3125 0.5625 0 0.0625 0 0.5625 0.5625 0 0 0.5625 0 0 0.125 0 0.375 0 0.8125 0 0.75 0 0 0.75 0 0 0 0 0 0.5 0 0 0 0 0 0 0 0.875 0 0 0.375 0 0.0625 0 0 0.5625 0.125 0 0 0 0.5625 0.4375 0.3125 0.125 0 0 0.125 0.8125 0 0.3125 0 0 0 0 0.5625 0 0.5625 0 0 0 0.4375 0 0.3125 0.3125 0 0 0.125 0 0 0 0.125 0 0 0 0.4375 0.625 0.375 0.1875 0 0 0.125 0 0 0 0 0.1875 0 0 0 0.125 0.1875 0.1875 0.1875 0.6875 0 0.3125 0 0.5625 0 0 0.625 0.5 0.375 0.4375 0 0 0 0.5 0.5 0 0.375 0 0 0.3125 0 0.25 0 0 0.3125 0.125 0.75 0.25 0 0.8125 0.6875 0 0 0 0.6875 0 0 0 0.0625 0 0.8125 0 0.6875 0 0 0 0.3125 0.875 0 0.75 0 0 0.5 0.375 0
0.375 0.8125 0 0.1875 0.0625 0 0 0.375 0.875 0 0 0.4375 0 0.3125 0.5625 0.8125 0 0.3125 0.3125 0.3125 0.75 0.4375 0 0 0 0.3125 0.625 0.25 0.375 0.375 0 1 0 0 0.625 0 0 0 0.3125 0 0 0.1875 0 0.1875 0.3125 0.1875 0.375 0 0.1875 0.625 0.25 0.125 0 0 0 0 0 0.8125 0.375 0.5625 0 0 0.9375 0 0 0 0 0 0.125 0.5 0 0.4375 0.1875 0.5625 0.5 0 0.5 0.25 0 0.1875 0 0 0 0.75 0 0.1875 0.5 0 0 0 0.625 0.3125 0 0 0 0.5 0.4375 0 0 0 0.375 0 0.25 0.625 0.1875 0 0 0 0 0 0.25 0 0.25 0 0.0625 0.125 0.1875 0.4375 0 0 0.6875 0 0 0.8125 0 0.9375 0 0 0 0 0.25 0 0 0 0 0 0 0 0 0.3125 0 0.8125 0 0 0 0.875 0 0.5 0.8125 0 0 0.1875 0 0.5625 0.1875 0.3125 0.5625 0.75 0.0625 0.3125 0.1875 0.5625 0 0 0 0 0 0.25
0 0.125 0.0625 0 0 0.5 0 0 0 0 0 0.25 0 0.1875 0.5 0 0.8125 0.5 0.5 0 0.6875 0 0 0.625 0 0.6875 0 0.125 0.125 0.625 0 0 0 0.0625 0 0 0.75 0 0 0 0 0.375 0.0625 0.0625 0.125 0.6875 0 0.6875 0.4375 0 0.1875 0.25 0 0 0 0.3125 0.0625 0.3125 0.5625 0 0.6875 0.4375 0.1875 0.0625 0 0 0 0.4375 0 0.3125 0.0625 0.0625 0 0.4375 0 0.3125 0 0 0.125 0.875 0 0.625 0.5 0.4375 0 0.375 0.5625 0.75 0.4375 0 0.375 0.125 0 0.1875 0 0.75 0.1875 0 0 0 0.75 0.25 0.25 0.0625 0 0 0 0.5 0.75 0.125 0 0 0 0.5625 0.5 0.25 0 0.3125 0 0 0 0 0 0.375 0.8125 0 0 0 0 0 0 0.5 0.75 0.375 0.5 0.5625 0.4375 0 0 0 0.125 0.625 0.0625 0 0 0.4375 0.375 0.875 0.25 0 0 0.25 0 0.0625 0.125 0.375 0 0 0 0 0.25 0 0 0.1875 0.5625 0 1 0
0.3125 0 0 0.1875 1 0.125 1 0 0 0.125 0.1875 0.1875 0.25 0 0 0 0 0.25 0 0 0.4375 0 0 0 0.625 0.3125 0 0.3125 0.8125 0 0.625 0.375 0.375 0 0 0 0.5625 0 0.0625 0.0625 0 0.9375 0.125 0 0 0 0.5625 0 0 0 0.6875 0 0 0.5 0.0625 0 0.1875 0.125 0 0 0 0 0 0.125 0 0 0 0 0 0.125 0.5 0.5 0.625 0 0.0625 0.5625 0 0 0 0.4375 0 0.1875 0 0.9375 0.25 0 0.3125 0.625 0.5 0 0.4375 0 0 0 0 0.125 0.3125 0 0.875 0 0 0.6875 0.4375 0 0 0.5625 0 0 0 0 0.0625 0.8125 0.3125 0.375 0.5 0.375 0.0625 0.1875 0 0 0 0.625 0.75 0 0.1875 0.25 0 0 0.75 0 0.0625 0 0 0 0.0625 0.3125 0.0625 0.4375 1 0 0 0 0 0.25 0.1875 0 0.3125 0.5 0.6875 0.5625 0 0.6875 0 0 0 0 0.875 0 0 0 0 0 0.4375 0 0 0 0 0
0 0.6875 0 0 0 0 0.6875 0 0 0.8125 0.375 0 0 0 0 0.375 0.1875 0 0 0 0.0625 0 0.6875 0 0 0 1 0 0.3125 0 0 0.1875 0.3125 0.25 0.4375 0 0 0.375 0 0.0625 0 0.375 0 0 0.125 0.3125 0 0.4375 0.375 0 0.3125 0 0.1875 0.5 0.5 0 0 0.625 0 0 0 0 0.5 0 0.375 0.1875 0 0 0.25 0 0.0625 0.6875 0.4375 0.1875 0 0.8125 0.1875 0 0.1875 0.1875 0.6875 0.1875 0.625 0 0.3125 0 0 0.5625 0 0 0.6875 0.9375 0.1875 0.4375 0.1875 0 0.375 0.3125 0 0 1 0.5625 0 0 0.5625 0.5625 0.375 0 0 0 0.125 0 0 0 0 0.1875 0.625 0 0.5 0 0 0.375 0.125 0 0.8125 0.4375 0 0.375 0.375 0.25 0 0.4375 0.1875 0.5625 0.0625 0.3125 0.6875 0.125 0 0 0 0.5 0 0 0.375 0 0 0.3125 0 0.25 0.125 0 0 0 0.375 0 0.125 0 0.4375 0.8125 0.1875 0.375 0 0.375 0.625 0.8125 0.125 0.625
0 0 0 0.0625 0.3125 0 0 0 0 0 0 0 0.5625 0.0625 0.75 1 0 0.25 0.625 0 0.9375 0.375 0 0 0.5625 0.25 0 0.3125 0 0 0.375 0 0 0 0 0 0 0.25 0 0 0 0.3125 0.0625 0.25 0.8125 0 0.5625 0.25 0.375 0.5 0 0.1875 0.0625 0.1875 0 0 0.5625 0.5 0.3125 0 0 0 0 0.9375 0 0.1875 0 0.125 0 0 0 0 0.9375 0.6875 0 0 0.4375 0 0.1875 0 0.5 0 0 0.25 0.125 0 0.4375 0.3125 0 0 0.75 0.5 0.8125 0 0 0.4375 0.5625 0.25 0.625 0 0.25 0 0 0 0.0625 0.125 0 0.5625 0 0.125 0.8125 0 0.25 0 0 0 0 0 0 0.1875 0 0 0.5 0 0 0.25 0 0.0625 0 0.125 0.1875 0.625 0 0 0.0625 0.25 0 0.5625 0 0 0.6875 0 0.6875 0 0 0 0 0.3125 0.25 0.3125 0.875 0 0.625 0 0.1875 1 0.375 0 0.1875 0.5 0.5 0 0.1875 0 0.6875 0 0 0
0.4375 0.4375 0.3125 0 0 0.1875 0.5 0 0.1875 0 0.25 0 0.4375 0 0.5625 0 0 0.3125 0 0.0625 0.625 0 0.0625 0 0 0 0.25 0.5625 0 0 0.1875 0.3125 0.0625 1 0 0 0 0.25 0.625 0 0 0 0.75 0 0 0.1875 1 0 0 0.3125 0 1 0 0 0.3125 0 0 0 0 0.125 0.5 0.25 0.5 0 0 0 0.625 0 0 0.125 0 0 0.25 0.1875 0.25 0.25 0.375 0.9375 0 0.625 0 0.375 0 0 0.25 0.375 0 0.4375 0 0 0 0.125 0.3125 0.0625 0 0 0.6875 0.1875 0 0.5625 0 0.1875 0.1875 0.1875 0 0.125 0 0 0 0 0 0.1875 0.5 0 0 0.1875 0.125 0.1875 0.0625 0 0 0.75 0.6875 0.0625 0 0 0.625 0.25 0.0625 0 0 0 0.25 0.125 0 0 0.75 1 0.6875 0.375 0.75 0 0.25 0.75 0 0 0 0.875 0.75 0.8125 0.0625 0.1875 0 0 0 0.4375 0 0.5 1 0.1875 0 0.3125 0 0 0.8125 0 0 0.25
0.8125 0.25 0 0 0.375 0.0625 0 0 0 0.5625 0.4375 0.25 0.5625 0.625 0.5 0 0.875 0 0.3125 0 0 0.5625 0 0 0.625 0.1875 0 0.3125 0 0.5625 0 0 0 0.0625 0 0.3125 0.5625 0.8125 0 1 0 0.6875 0 0 0.5 1 0 0 0.8125 0.4375 0.25 0.5 0.5 0.0625 0 0 0 0 0 0.3125 0.5625 0.1875 0.1875 0 0.0625 0 0.3125 0.4375 0 0.625 0 1 0 0 0.25 0 0.3125 0 0 1 0 0.0625 0.25 0 0 0 0.4375 0.3125 0.25 0 0.1875 0 0.125 0.0625 0 0 0 0 0 0 0 0.3125 0 0 0 0.0625 0.6875 0.25 1 0 0 0 0 0 0 0 0 0.5625 0 0.875 0.0625 0 0 0 0 0 0 0 0.0625 0.125 0.25 0.5625 0 0 0 0.6875 0 0 0.625 0 0.1875 0.3125 0.75 0 0 0.5 0.25 0 0.125 0 0 0 0.0625 0.1875 0 0 0.125 0 0.375 0 0 0 0.75 0 0.125 0 0.75 0
0.5625 0 0 0.3125 0.125 0 0 0 0 0.875 0 0 0.75 0.625 0 0.1875 0 0.375 0.1875 0 0 0.75 0 0.6875 0 0.125 0 0.5625 0 0 0 0 0.75 0.125 0 0.125 0.0625 0 0.375 0 0 0 0 0 0.375 0.0625 0 0.375 0.5 0.375 0.0625 0 0 0 0 0 0.1875 0.4375 0.4375 0 0.625 0.375 0 0 0 0 0 0 0 0.125 0 0.4375 0 0 0.0625 0 0.25 0 0 0.9375 0 0.6875 0.25 0 0.5625 0.5625 0.5 0 0.375 0 0 0.5 0 0 0 0 0 0.3125 0.1875 0 0 0 0.625 0.25 0.625 0.4375 0.0625 0.125 0.1875 0.375 0.4375 0 0 0.8125 0 0.1875 0.25 0.3125 0 0 0 0.5625 0 0 0.0625 0.875 0 0 0.3125 0 0.375 0.1875 0.75 0.25 0.1875 0 0.125 0 0.5 0.4375 0.4375 0 0.125 0 0.375 0 0.75 0 0 0.0625 0 0 0.1875 0 0 0 0.3125 0 0.5625 0 0 0 0 0 0.25 0 0.25 0
0.5 0 0 0 0.6875 0.125 0 0 0 0 0 0.6875 0.0625 0 0.125 0.25 0.125 0 0 0 0 0 0.1875 0 0.125 0.125 0 0.8125 0 0.1875 0 0.375 0 0 0 0.875 0 0.625 0.3125 0 0.5625 0 0 0.75 0 0 0 0.1875 0.0625 0.0625 0.4375 0.25 0 0.125 0.5625 0 0 0 0 0 0 0 0.5625 0 0.3125 0 0 0.25 0 0.25 0.6875 0.5625 0 0.8125 0 0 0 0 0 0 0 0.4375 0 0.875 0.5625 0 0.5 0.3125 0 0.1875 0.6875 0 0 0.9375 0.125 0.1875 0.4375 0.375 0 0 0.3125 0 0.4375 0 0.0625 1 0.4375 0 0 0.3125 0 0 0 0 0 0.0625 0.375 0.625 0 0.875 0.8125 0.1875 0.4375 0.6875 0 0.125 0.3125 0.125 0.4375 0.375 0 0 0 0 0 0 0 0 0.0625 0 0.5625 0.0625 0.0625 0.375 0 0.4375 0.3125 0.375 0 0.375 0 0 0 0.3125 0.1875 0.4375 0.375 0 0 0 0.3125 0.75 0.125 0.375 0 0 0.1875 1
0 0.4375 0.625 0 0.8125 0 0 0 0 0 0.9375 0 0.875 0.625 0 0 0 0 0 0 0 0.4375 0.25 0 0 0.375 0.25 0.75 0.5 0.1875 0 0.5 0 0 0.3125 0 0.0625 0 0.0625 0.5625 0 0 0.5625 1 0.375 0 0.5625 0 0.125 0 0 0 0 0 0 0.0625 0 0.375 0.5625 0 0.3125 0 0 0.5625 0.4375 0 0 0 0 0 0 0.0625 0 1 0 0.4375 0 0.3125 0.4375 0.625 0.3125 0.0625 0 0 0 0 0.5 0.6875 0 0.1875 0 0 0.125 0.6875 0 0.1875 0.4375 0.5 0 0.25 1 0 0 0 0.1875 0 0.0625 0.0625 0 0 0 0 0 0 0.375 1 0 0 0 0 0 0.5 0 0 0.625 0 0.625 0.625 0.5 0.6875 0 0 0.75 0.5625 0 0.25 0 0.4375 0 0.125 0.375 0.375 0.125 0 0 0.8125 0.625 0 0 0.5625 0 0 0 0.3125 0 0.4375 0 0 0.25 0.375 0 0.25 0.5625 0.625 0 0 0.375 0
0 0.4375 0.5625 0 0 0 0 0.1875 0.6875 0.25 0 0 0.1875 0 0 0 0.375 0.4375 0 0.375 0 0.5 0.25 0.8125 0 0.6875 0 0.125 0.875 0 0 0.125 0.3125 0.375 0 0 0.4375 0.75 0.5 0.25 0 0.75 0.3125 0.3125 0.3125 0.1875 0 0 0 0.5 0 0 1 0 0.6875 0.4375 0 0.3125 0 0 0.125 0.1875 0.375 0 0 0.0625 0 0.1875 0.5 0 0.1875 0 0.4375 0.625 0 0 0.125 0.75 0 0 0 0.375 0 0 0.5625 0 0.625 0 0 0 0 0 0 0 0.1875 0 0 0.0625 0 0 0 0.1875 0 0 0 0 0 0.5625 0.125 0.25 0.4375 0.6875 0.3125 0.1875 0 0.5625 0 0 0.5 0 0 0 0.625 0.3125 0 0.3125 0 0 0.3125 0.3125 0 0.5 0 0 0 0 0 0 0 0.0625 0.4375 0.4375 0 0 0.0625 0.625 0.5625 0.75 0.1875 0 0.375 0 0 0 0 0.4375 0.25 0.25 0 0 0.125 0 0.125 0.375 0 0 0.375 0
0.3125 0.625 0 0.5 0.125 0 0.375 0 0 0.875 0.0625 0 0.5625 0.3125 0 0.125 0.5625 0 0 0 0.25 1 0 0.4375 0.6875 0.0625 0.0625 0 0.125 0.5 0.875 0.25 0.25 0.5625 0 0.5625 0 0 0.6875 0 0 0.75 0 0.3125 0 0.4375 0.1875 0 0 0.3125 0.25 0.375 0 0.3125 0 0.75 0.5 0 0 0.25 0.25 0 0.0625 0.0625 0 0 0 0.4375 0 0 0.9375 0 0 0.9375 0 0.3125 0.25 0 0.25 0.5625 0.25 0.6875 0.3125 0 0.125 0 0.3125 0.5625 0.1875 0 0.125 0.3125 0.4375 0.3125 0 0 0 0.4375 0.375 0.125 0.6875 0.6875 0 0.3125 0 0.25 1 0 0.625 0.1875 0.625 0 0 0.5 0.625 0.1875 0 0.625 0 0.8125 0.375 0.1875 0 0 0.4375 0 0 0.625 0.3125 0 0 0.0625 0 0 0 0 0 0 0.1875 0.375 0 0.0625 0.6875 0.625 0 0 0.375 0 0.1875 0.625 0 0.6875 0.5 0.3125 0.0625 0 0.6875 0 0 0.25 0.25 0 0 0.125 0 0.75 0 0
0 0.625 0 1 0 0 0 0.25 0 0 0 0.5 0.8125 0 0.25 0.0625 0 0 0 0 0.125 0 0 0.0625 0.5625 0.25 0 0.125 0 0 0 0.875 1 0.125 1 0 0 0.0625 0.5625 0 0 0.125 0 0.375 0 0.125 0 0.0625 0.1875 0 0.5 0 0.375 0 0.625 0 0.0625 0.125 0.25 0.75 0 0 0.125 0 0 0 0.125 0.4375 0.1875 0 0 0 0 0.5 0 0.0625 0 0 0.0625 0 0 0.125 0.3125 0.1875 0.6875 0 0 0 0 0.125 0 0 0.625 0.1875 0.5625 0 0 0 0 0.0625 0.25 0 0.375 0 0.5625 0 0 0 0.375 0 0.1875 0.5 0 0.5 0.9375 0.9375 0.25 1 0 0.5625 0.25 0 0 0.75 0 0.625 0.375 0 0 0.8125 0 0.0625 0 0.375 0 0 0 0.0625 0.0625 0 0 0 0 0.4375 0.1875 1 0 0.5625 0.75 0 0.5625 0.0625 0.3125 0 0 0.1875 0 0.0625 0.6875 0 0.1875 0 0 0.125 0 0 0 0
0.375 0 0.3125 1 0.6875 0.5625 0.375 0.25 0.0625 0 0 0.375 0 0 0.4375 0 0 0 0 0.4375 0.25 0.1875 0.125 0 0.0625 0 0.125 0 0.875 0 0.375 0 0.375 0 0.125 0.8125 1 0.5625 0.25 0 0 0.375 0 0.375 0.5625 0.125 0 0 0 0.625 0.25 0 0.75 0.1875 0.1875 0.3125 0 0.1875 0 0.125 0.125 0.375 0.6875 0.0625 0 0.9375 0.6875 0 0 0 0 0 0.875 0.6875 0.125 0 0.125 0.625 0 0 0 0 0.25 0 0 0 0.25 0.75 0 0 0.125 0 0 0 0 0 0.6875 0.625 0.0625 0.1875 0 0 0.875 0.4375 0 0.4375 0 0.3125 0.0625 0 0.1875 0 0 0.75 0 0 0.25 0 0 1 0.125 0.125 0 0 0.4375 0 0 0 0 0.3125 0 0 0.125 0.375 0.5625 0 0.1875 0 0 0 0 0.125 0.625 0 0.0625 0 0.3125 0.4375 0.125 0 0.0625 0.5 0 0.5 0.9375 0.375 0.1875 0 0 0.5 0 0.5625 0.0625 0.0625 0.5 0 0.4375 0
0 0.5625 0 0.625 0 0.5625 0.625 0 0.25 0 0 0 0 0 0 0 0.5625 0 0.75 0.5 0.1875 0 0 0.375 0.625 0.375 0 0.25 0.25 0 0.5625 0.5 0.1875 0.375 0.3125 0 0.125 0.625 0.125 0.125 0 0 0 0.5625 0 0.0625 0 0.0625 0.1875 0 0.625 0 0 0 0.0625 0.625 0 0.125 0.5 0 0 0 0 0.625 0.0625 0 0 0.6875 0 0.5625 0.375 0.1875 0.0625 0.8125 0 0 0 0.1875 0.25 0.375 0.375 0 0 0.0625 0.5 0.5625 0.4375 0.375 0 0 0.75 0 0 0 0 0 0 0.5625 0 0.4375 0 0.4375 0.125 0.6875 0 0 0 1 0 0 0.75 0 0.4375 0 0.3125 0 0 0 0.375 0 0 0.0625 0.625 0 0 0 0.5 0.1875 0 0.5625 0.75 0 0.25 0 0.3125 0.75 0.5625 0.375 0.5 0.1875 0 0 0 0 0.25 0 0 0.0625 0 0 0 0.1875 0 0.1875 0.375 0 0 0.1875 0 0 0.5 0.375 0.25 0 0.75 0.125 0.25 1
3
3
1
4
1
1
3
1
1
3
1
1
1
1
4
2
