168
16
15
1 1 1 1 1 1 1 1 1 1 1 1 1 1 1 1 1 1 1 1 1 1 1 1 1 1 1 1 1 1 1 1 1 1 1 1 1 1 1 1 1 1 2 3 4 6 8 11 14 17 20 23 26 29 31 32 32 31 30 28 25 22 19 16 13 10 8 6 4 3 2 1 1 1 1 1 1 1 1 1 1 1 1 1 1 1 1 1 1 1 1 1 1 1 1 1 1 1 1 1 1 1 1 1 1 1 1 1 1 1 1 1 1 1 1 1 1 1 1 1 1 1 1 1 1 1 1 1 1 1 1 1 1 1 1 1 1 1 1 1 1 1 1 1 1 1 1 1 1 1 1 1 1 1 1 1 1 1 1 1 1 1 1 1 1 1 1 1
1 1 1 1 1 1 1 1 1 1 1 1 1 1 1 1 1 1 1 1 1 1 1 1 1 1 1 1 1 1 1 1 1 1 1 1 1 1 1 1 1 1 1 1 1 1 1 1 1 1 1 1 1 1 1 1 1 1 1 1 1 1 1 1 1 1 1 1 1 1 1 1 1 1 1 1 1 1 1 1 1 1 1 1 1 1 1 1 1 1 1 1 1 1 1 1 1 1 1 1 2 3 4 6 8 10 13 16 19 23 26 28 30 32 32 32 31 29 26 23 20 17 13 11 8 6 4 3 2 1 1 1 1 1 1 1 1 1 1 1 1 1 1 1 1 1 1 1 1 1 1 1 1 1 1 1 1 1 1 1 1 1 1 1 1 1 1 1
1 1 1 1 1 1 1 1 1 1 1 1 1 1 1 1 1 1 1 1 1 1 1 1 1 1 1 1 1 1 1 1 1 1 1 1 1 1 1 1 1 1 1 1 1 1 1 1 1 1 1 1 1 1 1 1 1 1 1 1 1 1 1 1 1 1 1 1 1 1 1 1 1 1 1 1 1 1 1 1 1 1 1 1 1 1 1 1 1 1 1 1 1 1 1 1 1 1 1 1 1 1 1 1 1 1 1 1 1 1 1 1 1 1 1 1 1 2 3 5 7 9 12 16 19 23 27 31 34 35 36 36 34 31 28 24 20 15 12 8 6 4 2 1 1 1 1 1 1 1 1 1 1 1 1 1 1 1 1 1 1 1 1 1 1 1 1 1
1 1 1 1 1 1 1 1 1 1 1 1 1 1 1 1 1 1 1 1 1 1 1 1 1 1 1 1 1 1 1 1 1 1 1 1 1 1 1 1 1 1 1 1 1 1 1 1 1 1 1 1 1 1 1 1 1 1 1 1 1 1 1 1 1 1 1 1 1 1 1 1 1 1 1 1 2 3 4 6 8 10 13 16 18 21 24 26 28 30 30 30 29 28 26 23 21 18 15 12 10 8 6 4 3 2 1 1 1 1 1 1 1 1 1 1 1 1 1 1 1 1 1 1 1 1 1 1 1 1 1 1 1 1 1 1 1 1 1 1 1 1 1 1 1 1 1 1 1 1 1 1 1 1 1 1 1 1 1 1 1 1 1 1 1 1 1 1
1 1 1 1 1 1 1 1 1 1 1 1 1 1 1 1 1 1 1 1 1 1 1 1 1 1 1 1 1 1 1 1 1 1 1 1 1 1 1 1 1 1 1 1 1 1 1 1 1 1 1 1 1 1 1 1 1 1 1 1 1 1 1 1 1 1 1 1 1 1 1 1 1 1 1 2 3 4 6 8 10 12 15 18 21 23 26 28 29 30 30 30 28 26 24 21 18 16 13 10 8 6 4 3 2 1 1 1 1 1 1 1 1 1 1 1 1 1 1 1 1 1 1 1 1 1 1 1 1 1 1 1 1 1 1 1 1 1 1 1 1 1 1 1 1 1 1 1 1 1 1 1 1 1 1 1 1 1 1 1 1 1 1 1 1 1 1 1
1 1 1 1 1 1 1 1 1 1 1 1 1 1 1 1 1 1 1 1 1 1 1 1 1 1 1 1 1 1 1 1 1 1 1 1 1 1 1 1 1 1 1 1 1 1 1 1 1 1 1 1 1 1 1 1 1 1 1 1 1 1 1 1 1 1 1 1 1 1 1 1 1 1 2 3 5 6 8 10 13 16 19 21 24 26 28 30 30 30 29 28 26 23 21 18 15 12 10 7 6 4 3 2 1 1 1 1 1 1 1 1 1 1 1 1 1 1 1 1 1 1 1 1 1 1 1 1 1 1 1 1 1 1 1 1 1 1 1 1 1 1 1 1 1 1 1 1 1 1 1 1 1 1 1 1 1 1 1 1 1 1 1 1 1 1 1 1
1 1 1 1 1 1 1 1 1 1 1 1 1 1 1 1 1 1 1 1 1 1 1 1 1 1 1 1 1 1 1 1 1 1 1 1 1 1 1 1 1 1 1 1 1 1 1 1 1 1 1 1 1 1 1 1 1 1 1 1 1 1 1 1 1 1 1 1 1 1 1 1 1 1 1 1 1 1 1 1 1 1 1 1 1 1 1 1 1 1 1 1 1 1 1 1 1 1 1 1 1 1 1 1 1 1 1 1 1 1 1 1 2 3 5 7 9 12 15 19 23 26 29 32 34 35 34 33 31 28 24 20 17 13 10 7 5 3 2 1 1 1 1 1 1 1 1 1 1 1 1 1 1 1 1 1 1 1 1 1 1 1 1 1 1 1 1 1
1 1 1 1 1 1 1 1 1 1 1 1 1 1 1 1 1 1 1 1 1 1 1 1 1 1 1 1 1 1 1 1 1 1 1 1 1 1 1 1 1 1 1 1 1 1 1 1 1 1 1 1 1 1 1 1 1 1 1 1 1 1 2 3 4 6 8 10 13 16 19 21 24 26 28 30 30 30 29 28 26 23 21 18 15 12 10 8 6 4 3 2 1 1 1 1 1 1 1 1 1 1 1 1 1 1 1 1 1 1 1 1 1 1 1 1 1 1 1 1 1 1 1 1 1 1 1 1 1 1 1 1 1 1 1 1 1 1 1 1 1 1 1 1 1 1 1 1 1 1 1 1 1 1 1 1 1 1 1 1 1 1 1 1 1 1 1 1
1 1 1 1 1 1 1 1 1 1 1 1 1 1 1 1 1 1 1 1 1 1 1 1 1 1 1 1 1 1 1 1 1 1 1 1 1 1 1 1 1 1 1 1 1 1 1 1 1 1 1 1 1 1 1 1 1 1 1 1 1 1 1 1 1 1 1 1 1 1 1 1 1 1 1 1 1 1 1 1 1 1 1 1 1 1 1 1 1 1 1 1 1 1 1 1 1 1 1 1 1 1 1 1 1 2 3 4 6 8 10 13 16 19 23 26 29 31 33 33 33 32 30 27 23 20 16 13 10 7 5 4 2 1 1 1 1 1 1 1 1 1 1 1 1 1 1 1 1 1 1 1 1 1 1 1 1 1 1 1 1 1 1 1 1 1 1 1
1 1 1 1 1 1 1 1 1 1 1 1 1 1 1 1 1 1 1 1 1 1 1 1 1 1 1 1 1 1 1 1 1 1 2 3 5 7 9 12 16 19 23 26 29 32 33 34 33 32 29 27 23 20 16 13 10 8 6 4 3 2 1 1 1 1 1 1 1 1 1 1 1 1 1 1 1 1 1 1 1 1 1 1 1 1 1 1 1 1 1 1 1 1 1 1 1 1 1 1 1 1 1 1 1 1 1 1 1 1 1 1 1 1 1 1 1 1 1 1 1 1 1 1 1 1 1 1 1 1 1 1 1 1 1 1 1 1 1 1 1 1 1 1 1 1 1 1 1 1 1 1 1 1 1 1 1 1 1 1 1 1 1 1 1 1 1 1
1 1 1 1 1 1 1 1 1 1 1 1 1 1 1 1 1 1 1 1 1 1 1 1 1 1 1 1 1 1 1 1 1 1 1 1 1 1 1 1 1 1 1 1 1 1 2 3 4 6 8 10 13 16 19 22 25 28 30 31 32 31 30 28 26 23 20 17 14 11 9 7 5 3 2 1 1 1 1 1 1 1 1 1 1 1 1 1 1 1 1 1 1 1 1 1 1 1 1 1 1 1 1 1 1 1 1 1 1 1 1 1 1 1 1 1 1 1 1 1 1 1 1 1 1 1 1 1 1 1 1 1 1 1 1 1 1 1 1 1 1 1 1 1 1 1 1 1 1 1 1 1 1 1 1 1 1 1 1 1 1 1 1 1 1 1 1 1
1 1 1 1 1 1 1 1 1 1 1 1 1 1 1 1 1 1 1 1 1 1 1 1 1 1 1 1 1 1 1 1 1 1 1 1 1 1 1 1 1 1 1 1 1 1 1 1 1 1 1 1 1 1 1 1 1 1 1 1 1 1 1 1 1 1 1 1 1 1 1 1 1 1 1 1 1 1 1 1 1 1 1 1 1 1 1 2 2 3 5 7 9 11 14 17 20 22 25 28 29 31 31 31 30 28 25 23 20 17 14 11 8 6 5 3 2 1 1 1 1 1 1 1 1 1 1 1 1 1 1 1 1 1 1 1 1 1 1 1 1 1 1 1 1 1 1 1 1 1 1 1 1 1 1 1 1 1 1 1 1 1 1 1 1 1 1 1
1 1 1 1 1 1 1 1 1 1 1 1 1 1 1 1 1 1 1 1 1 1 1 1 1 1 1 1 1 1 1 1 1 1 1 1 1 1 1 1 1 1 1 1 1 1 1 1 1 1 1 1 1 1 1 1 1 1 1 1 1 1 1 1 1 1 1 1 1 1 1 1 1 1 1 1 1 1 1 1 2 2 3 5 7 9 11 13 16 19 22 25 27 29 30 30 30 29 28 25 23 20 17 14 11 9 7 5 4 2 2 1 1 1 1 1 1 1 1 1 1 1 1 1 1 1 1 1 1 1 1 1 1 1 1 1 1 1 1 1 1 1 1 1 1 1 1 1 1 1 1 1 1 1 1 1 1 1 1 1 1 1 1 1 1 1 1 1
1 1 1 1 1 1 1 1 1 1 1 1 1 1 1 1 1 1 1 1 1 1 1 2 3 5 7 10 14 18 23 27 31 34 36 37 37 35 32 28 24 20 16 13 9 7 5 3 2 1 1 1 1 1 1 1 1 1 1 1 1 1 1 1 1 1 1 1 1 1 1 1 1 1 1 1 1 1 1 1 1 1 1 1 1 1 1 1 1 1 1 1 1 1 1 1 1 1 1 1 1 1 1 1 1 1 1 1 1 1 1 1 1 1 1 1 1 1 1 1 1 1 1 1 1 1 1 1 1 1 1 1 1 1 1 1 1 1 1 1 1 1 1 1 1 1 1 1 1 1 1 1 1 1 1 1 1 1 1 1 1 1 1 1 1 1 1 1
1 1 1 1 1 1 1 1 1 1 1 1 1 1 1 1 1 1 1 1 1 1 1 1 1 1 1 1 1 1 1 1 1 1 1 1 1 1 1 1 1 1 1 1 1 1 1 1 1 1 1 1 1 1 1 1 1 1 1 1 2 3 4 5 7 9 12 15 18 20 23 26 28 29 30 30 30 29 27 24 22 19 16 13 11 8 6 5 3 2 1 1 1 1 1 1 1 1 1 1 1 1 1 1 1 1 1 1 1 1 1 1 1 1 1 1 1 1 1 1 1 1 1 1 1 1 1 1 1 1 1 1 1 1 1 1 1 1 1 1 1 1 1 1 1 1 1 1 1 1 1 1 1 1 1 1 1 1 1 1 1 1 1 1 1 1 1 1
0 0 0 0 0 0 0 0 0 0 0 0 0 0 0 0 0 0 0 0 0 0 0 0 0 0 0 0 0 0 0 0 0 0 0 0 0 0 0 0 0 0 0 0 0 0 0 0 0 0 0 0 0 0 0 0 0 0 0 0 0 0 0 0 0 0 0 0 0 0 0 0 0 0 0 0 0 0 0 0 0 0 0 0 0 0 5 2 0 0 0 0 0 0 0 0 1 0 0 0 0 0 0 0 0 0 0 0 12 6 0 0 0 0 18 9 3 1 0 0 0 0 0 0 4 2 0 0 0 0 2 1 0 0 6 3 0 0 0 0 0 0 0 0 2 1 0 0 0 0 0 0 0 0 0 0 16 8 0 0 8 4 1 0 2 1 0 0 0 0 2 1 0 0 7 3 0 0 19 9 0 0 4 2 0 0 0 0 6 3 0 0 8 4 0 0 0 0 0 0 0 0 2 1 0 0 0 0 0 0 0 0 1 0 0 0 0 0 0 0 2 1 0 0 0 0 0 0 0 0 14 7 0 0 0 0 0 0 0 0 0 0 0 0 7 3 0 0 0 0 0 0 0 0 0 0 15 7 0 0 2 1 0 0 0 0 0 0 0 0 0 0 0 0 0 0 0 0 0 0 0 0 0 0 0 0 0 0 0 0 0 0 0 0 0 0 0 0 0 0 0 0 0 0 0 0 0 0 0 0 0 0 0 0 0 0 0 0 0 0 0 0 0 0 0 0 0 0 0 0 0 0 0 0 0 0
0 0 0 0 0 0 0 0 0 0 0 0 0 0 0 0 0 0 0 0 0 0 0 0 0 0 0 0 0 0 0 0 0 0 0 0 0 0 0 0 0 0 0 0 0 0 0 0 0 0 0 0 0 0 0 0 0 0 0 0 0 0 0 0 0 0 0 0 0 0 0 0 0 0 0 0 0 0 0 0 0 0 0 0 0 0 0 0 0 0 0 0 0 0 0 0 1 0 0 0 0 0 17 8 5 2 0 0 0 0 0 0 0 0 0 0 0 0 1 0 0 0 0 0 15 7 9 4 0 0 0 0 3 1 0 0 0 0 0 0 0 0 16 8 0 0 0 0 0 0 0 0 1 0 0 0 0 0 0 0 0 0 0 0 0 0 0 0 0 0 0 0 17 8 6 3 16 8 1 0 0 0 0 0 7 3 0 0 0 0 0 0 0 0 6 3 0 0 5 2 7 3 0 0 19 9 0 0 0 0 0 0 0 0 0 0 0 0 0 0 0 0 4 2 0 0 0 0 0 0 0 0 0 0 0 0 0 0 0 0 0 0 0 0 0 0 0 0 12 6 0 0 0 0 0 0 0 0 0 0 2 1 0 0 0 0 10 5 7 3 2 1 0 0 2 1 0 0 0 0 0 0 0 0 0 0 0 0 0 0 0 0 0 0 0 0 0 0 0 0 0 0 0 0 0 0 0 0 0 0 0 0 0 0 0 0 0 0 0 0 0 0 0 0 0 0 0 0 0 0 0 0 0 0 0 0
0 0 0 0 0 0 0 0 0 0 0 0 0 0 0 0 0 0 0 0 0 0 0 0 0 0 0 0 0 0 0 0 0 0 0 0 0 0 0 0 0 0 0 0 0 0 0 0 0 0 0 0 0 0 0 0 0 0 0 0 0 0 0 0 0 0 0 0 0 0 0 0 0 0 0 0 0 0 0 0 0 0 0 0 0 0 0 0 0 0 2 1 0 0 0 0 6 3 0 0 0 0 8 4 0 0 0 0 17 8 3 1 0 0 0 0 4 2 0 0 12 6 0 0 0 0 0 0 0 0 0 0 0 0 0 0 0 0 0 0 0 0 0 0 0 0 0 0 0 0 20 10 0 0 2 1 0 0 3 1 0 0 0 0 1 0 9 4 0 0 0 0 3 1 0 0 0 0 0 0 0 0 2 1 0 0 4 2 0 0 6 3 3 1 15 7 0 0 0 0 0 0 0 0 0 0 0 0 1 0 6 3 0 0 14 7 0 0 0 0 0 0 0 0 0 0 0 0 0 0 3 1 0 0 8 4 0 0 21 10 6 3 0 0 0 0 1 0 0 0 0 0 0 0 0 0 5 2 0 0 0 0 0 0 0 0 0 0 0 0 0 0 0 0 0 0 0 0 0 0 0 0 0 0 0 0 0 0 0 0 0 0 0 0 0 0 0 0 0 0 0 0 0 0 0 0 0 0 0 0 0 0 0 0 0 0 0 0 0 0 0 0 0 0 0 0 0 0 0 0 0 0 0 0 0 0
0 0 0 0 0 0 0 0 0 0 0 0 0 0 0 0 0 0 0 0 0 0 0 0 0 0 0 0 0 0 0 0 0 0 0 0 0 0 0 0 0 0 0 0 0 0 0 0 0 0 0 0 0 0 0 0 0 0 0 0 0 0 0 0 0 0 0 0 0 0 0 0 0 0 2 1 0 0 0 0 0 0 0 0 0 0 0 0 6 3 0 0 1 0 0 0 0 0 0 0 0 0 0 0 0 0 0 0 4 2 0 0 0 0 0 0 0 0 0 0 9 4 0 0 0 0 0 0 0 0 4 2 0 0 0 0 0 0 10 5 2 1 10 5 0 0 0 0 1 0 0 0 0 0 0 0 0 0 0 0 0 0 4 2 0 0 0 0 0 0 0 0 0 0 0 0 0 0 0 0 18 9 0 0 0 0 0 0 5 2 0 0 0 0 0 0 14 7 2 1 0 0 0 0 0 0 0 0 0 0 0 0 3 1 0 0 0 0 1 0 0 0 6 3 0 0 0 0 0 0 0 0 0 0 7 3 7 3 0 0 3 1 0 0 0 0 0 0 0 0 0 0 0 0 0 0 0 0 0 0 0 0 0 0 2 1 0 0 0 0 0 0 0 0 0 0 8 4 0 0 0 0 0 0 0 0 0 0 0 0 0 0 0 0 0 0 0 0 0 0 0 0 0 0 0 0 0 0 0 0 0 0 0 0 0 0 0 0 0 0 0 0 0 0 0 0 0 0 0 0 0 0 0 0 0 0
0 0 0 0 0 0 0 0 0 0 0 0 0 0 0 0 0 0 0 0 0 0 0 0 0 0 0 0 0 0 0 0 0 0 0 0 0 0 0 0 0 0 0 0 0 0 0 0 0 0 0 0 0 0 0 0 0 0 0 0 0 0 0 0 0 0 0 0 0 0 0 0 0 0 0 0 0 0 0 0 0 0 0 0 0 0 0 0 0 0 0 0 0 0 0 0 0 0 0 0 3 1 0 0 0 0 0 0 4 2 0 0 0 0 0 0 0 0 0 0 0 0 0 0 4 2 7 3 0 0 0 0 0 0 0 0 0 0 0 0 0 0 0 0 0 0 0 0 0 0 19 9 0 0 0 0 1 0 0 0 0 0 0 0 1 0 1 0 7 3 0 0 14 7 0 0 0 0 16 8 0 0 12 6 1 0 14 7 16 8 0 0 0 0 0 0 0 0 0 0 0 0 1 0 0 0 2 1 4 2 0 0 0 0 0 0 0 0 0 0 0 0 0 0 1 0 2 1 3 1 0 0 1 0 0 0 0 0 12 6 0 0 14 7 0 0 0 0 0 0 0 0 0 0 0 0 0 0 0 0 0 0 13 6 0 0 6 3 0 0 2 1 0 0 0 0 0 0 0 0 0 0 0 0 0 0 0 0 0 0 0 0 0 0 0 0 0 0 0 0 0 0 0 0 0 0 0 0 0 0 0 0 0 0 0 0 0 0 0 0 0 0 0 0 0 0 0 0 0 0 0 0 0 0 0 0
0 0 0 0 0 0 0 0 0 0 0 0 0 0 0 0 0 0 0 0 0 0 0 0 0 0 0 0 0 0 0 0 0 0 0 0 0 0 0 0 0 0 0 0 0 0 0 0 0 0 0 0 0 0 0 0 0 0 6 3 0 0 0 0 0 0 0 0 0 0 0 0 9 4 2 1 0 0 0 0 0 0 0 0 0 0 0 0 0 0 0 0 0 0 0 0 0 0 0 0 0 0 0 0 0 0 0 0 0 0 0 0 0 0 0 0 0 0 0 0 0 0 0 0 2 1 0 0 0 0 0 0 0 0 0 0 0 0 0 0 0 0 12 6 14 7 0 0 1 0 0 0 0 0 0 0 0 0 0 0 0 0 8 4 0 0 2 1 2 1 0 0 0 0 0 0 0 0 0 0 0 0 0 0 0 0 0 0 6 3 0 0 0 0 7 3 4 2 4 2 8 4 0 0 0 0 8 4 0 0 0 0 0 0 0 0 12 6 0 0 0 0 0 0 10 5 0 0 0 0 0 0 0 0 0 0 0 0 0 0 0 0 0 0 8 4 4 2 0 0 0 0 0 0 7 3 0 0 0 0 0 0 0 0 0 0 0 0 0 0 0 0 2 1 0 0 0 0 0 0 0 0 2 1 0 0 0 0 0 0 0 0 0 0 0 0 0 0 0 0 0 0 0 0 0 0 0 0 0 0 0 0 0 0 0 0 0 0 0 0 0 0 0 0 0 0 0 0 0 0 0 0 0 0 0 0
0 0 0 0 0 0 0 0 0 0 0 0 0 0 0 0 0 0 0 0 0 0 0 0 0 0 0 0 0 0 0 0 0 0 0 0 0 0 0 0 0 0 0 0 0 0 0 0 0 0 0 0 0 0 0 0 0 0 0 0 0 0 0 0 0 0 5 2 0 0 0 0 0 0 4 2 0 0 0 0 0 0 0 0 2 1 0 0 0 0 0 0 10 5 2 1 0 0 0 0 0 0 0 0 4 2 0 0 0 0 0 0 0 0 0 0 0 0 0 0 0 0 0 0 2 1 0 0 0 0 0 0 0 0 0 0 0 0 0 0 1 0 0 0 0 0 0 0 10 5 0 0 10 5 0 0 0 0 0 0 0 0 0 0 3 1 6 3 0 0 0 0 0 0 0 0 16 8 0 0 9 4 8 4 0 0 2 1 0 0 0 0 0 0 8 4 0 0 0 0 0 0 0 0 0 0 0 0 1 0 0 0 0 0 10 5 0 0 0 0 10 5 0 0 0 0 4 2 2 1 0 0 16 8 0 0 0 0 0 0 0 0 6 3 0 0 0 0 3 1 0 0 0 0 0 0 0 0 0 0 0 0 0 0 0 0 0 0 0 0 0 0 0 0 0 0 2 1 0 0 0 0 2 1 0 0 0 0 0 0 0 0 0 0 0 0 0 0 0 0 0 0 0 0 0 0 0 0 0 0 0 0 0 0 0 0 0 0 0 0 0 0 0 0 0 0 0 0 0 0 0 0 0 0 0 0
0 0 0 0 0 0 0 0 0 0 0 0 0 0 0 0 0 0 0 0 0 0 0 0 0 0 0 0 0 0 0 0 0 0 0 0 0 0 0 0 0 0 0 0 0 0 0 0 0 0 0 0 0 0 0 0 0 0 0 0 0 0 0 0 0 0 0 0 0 0 1 0 0 0 0 0 0 0 0 0 0 0 0 0 0 0 0 0 0 0 0 0 0 0 0 0 0 0 0 0 0 0 4 2 0 0 4 2 19 9 0 0 8 4 0 0 0 0 0 0 0 0 0 0 0 0 0 0 2 1 0 0 0 0 0 0 0 0 0 0 0 0 4 2 0 0 0 0 0 0 0 0 0 0 0 0 1 0 0 0 0 0 0 0 0 0 5 2 0 0 4 2 0 0 8 4 17 8 1 0 0 0 0 0 0 0 14 7 0 0 0 0 4 2 0 0 0 0 8 4 0 0 0 0 0 0 0 0 0 0 0 0 0 0 0 0 4 2 0 0 0 0 0 0 1 0 0 0 0 0 0 0 0 0 2 1 0 0 14 7 7 3 0 0 0 0 0 0 0 0 0 0 0 0 0 0 9 4 0 0 0 0 6 3 0 0 0 0 1 0 0 0 0 0 0 0 1 0 0 0 0 0 0 0 0 0 0 0 0 0 0 0 0 0 0 0 0 0 0 0 0 0 0 0 0 0 0 0 0 0 0 0 0 0 0 0 0 0 0 0 0 0 0 0 0 0 0 0 0 0 0 0 0 0 0 0
0 0 0 0 0 0 0 0 0 0 0 0 0 0 0 0 0 0 0 0 0 0 0 0 0 0 0 0 0 0 0 0 0 0 0 0 0 0 0 0 0 0 0 0 0 0 0 0 0 0 0 0 0 0 0 0 0 0 0 0 0 0 0 0 0 0 0 0 0 0 22 11 0 0 0 0 0 0 0 0 0 0 0 0 0 0 0 0 8 4 0 0 0 0 0 0 0 0 0 0 5 2 3 1 0 0 10 5 0 0 0 0 0 0 0 0 0 0 0 0 0 0 0 0 0 0 0 0 0 0 0 0 0 0 0 0 0 0 0 0 0 0 0 0 0 0 14 7 0 0 0 0 20 10 0 0 2 1 0 0 0 0 1 0 8 4 0 0 7 3 5 2 11 5 0 0 0 0 0 0 0 0 0 0 2 1 11 5 0 0 0 0 0 0 0 0 0 0 1 0 0 0 2 1 0 0 0 0 0 0 2 1 2 1 0 0 0 0 2 1 0 0 0 0 0 0 0 0 0 0 0 0 0 0 0 0 0 0 0 0 0 0 0 0 0 0 0 0 0 0 0 0 0 0 8 4 1 0 0 0 3 1 0 0 0 0 0 0 2 1 0 0 0 0 0 0 0 0 0 0 0 0 0 0 0 0 0 0 0 0 0 0 0 0 0 0 0 0 0 0 0 0 0 0 0 0 0 0 0 0 0 0 0 0 0 0 0 0 0 0 0 0 0 0 0 0 0 0 0 0 0 0 0 0 0 0
0 0 0 0 0 0 0 0 0 0 0 0 0 0 0 0 0 0 0 0 0 0 0 0 0 0 0 0 0 0 0 0 0 0 0 0 0 0 0 0 0 0 0 0 0 0 0 0 0 0 0 0 0 0 0 0 0 0 0 0 0 0 0 0 0 0 0 0 0 0 0 0 0 0 0 0 0 0 0 0 0 0 0 0 0 0 0 0 0 0 6 3 0 0 0 0 0 0 0 0 0 0 6 3 0 0 0 0 0 0 0 0 0 0 0 0 0 0 0 0 0 0 0 0 3 1 0 0 0 0 0 0 0 0 4 2 0 0 1 0 0 0 0 0 0 0 0 0 0 0 1 0 0 0 6 3 0 0 3 1 0 0 0 0 11 5 4 2 0 0 4 2 0 0 16 8 0 0 1 0 0 0 0 0 0 0 12 6 10 5 0 0 7 3 0 0 0 0 0 0 2 1 0 0 0 0 1 0 0 0 0 0 4 2 0 0 0 0 0 0 0 0 0 0 0 0 0 0 0 0 0 0 0 0 0 0 1 0 0 0 0 0 7 3 6 3 0 0 0 0 4 2 0 0 0 0 0 0 0 0 0 0 0 0 0 0 0 0 0 0 0 0 0 0 0 0 0 0 0 0 0 0 0 0 0 0 0 0 0 0 0 0 0 0 0 0 0 0 0 0 0 0 0 0 0 0 0 0 0 0 0 0 0 0 0 0 0 0 0 0 0 0 0 0 0 0 0 0 0 0 0 0 0 0 0 0
0 0 0 0 0 0 0 0 0 0 0 0 0 0 0 0 0 0 0 0 0 0 0 0 0 0 0 0 0 0 0 0 0 0 0 0 0 0 0 0 0 0 0 0 0 0 0 0 0 0 0 0 0 0 0 0 0 0 0 0 0 0 0 0 0 0 0 0 0 0 0 0 0 0 0 0 0 0 0 0 0 0 0 0 7 3 0 0 16 8 0 0 0 0 0 0 0 0 0 0 0 0 2 1 0 0 0 0 0 0 16 8 0 0 12 6 0 0 0 0 0 0 0 0 11 5 0 0 0 0 4 2 3 1 0 0 0 0 0 0 0 0 0 0 0 0 0 0 0 0 5 2 0 0 1 0 0 0 9 4 0 0 0 0 0 0 0 0 1 0 0 0 0 0 4 2 3 1 0 0 4 2 7 3 0 0 6 3 14 7 0 0 0 0 0 0 8 4 0 0 3 1 1 0 0 0 0 0 0 0 0 0 0 0 0 0 4 2 0 0 0 0 0 0 0 0 0 0 1 0 0 0 0 0 14 7 0 0 20 10 0 0 0 0 0 0 6 3 0 0 0 0 0 0 0 0 0 0 0 0 0 0 0 0 0 0 1 0 0 0 0 0 0 0 0 0 0 0 0 0 0 0 0 0 0 0 0 0 0 0 0 0 0 0 0 0 0 0 0 0 0 0 0 0 0 0 0 0 0 0 0 0 0 0 0 0 0 0 0 0 0 0 0 0 0 0 0 0 0 0 0 0 0 0 0 0
0 0 0 0 0 0 0 0 0 0 0 0 0 0 0 0 0 0 0 0 0 0 0 0 0 0 0 0 0 0 0 0 0 0 0 0 0 0 0 0 0 0 0 0 0 0 0 0 0 0 0 0 0 0 0 0 0 0 10 5 0 0 0 0 0 0 0 0 0 0 0 0 0 0 1 0 4 2 0 0 0 0 0 0 0 0 0 0 0 0 0 0 0 0 0 0 0 0 0 0 0 0 0 0 0 0 18 9 0 0 0 0 0 0 0 0 0 0 0 0 0 0 0 0 0 0 0 0 0 0 0 0 0 0 0 0 3 1 0 0 1 0 0 0 4 2 0 0 13 6 2 1 0 0 0 0 0 0 0 0 4 2 10 5 0 0 2 1 0 0 0 0 5 2 0 0 0 0 4 2 1 0 3 1 0 0 0 0 0 0 0 0 0 0 0 0 0 0 0 0 0 0 12 6 0 0 0 0 2 1 0 0 0 0 0 0 0 0 0 0 0 0 0 0 0 0 0 0 0 0 0 0 0 0 0 0 0 0 0 0 6 3 12 6 0 0 0 0 0 0 0 0 5 2 0 0 0 0 0 0 0 0 0 0 0 0 0 0 0 0 0 0 0 0 0 0 0 0 0 0 0 0 0 0 0 0 0 0 0 0 0 0 0 0 0 0 0 0 0 0 0 0 0 0 0 0 0 0 0 0 0 0 0 0 0 0 0 0 0 0 0 0 0 0 0 0 0 0 0 0 0 0 0 0 0 0
0 0 0 0 0 0 0 0 0 0 0 0 0 0 0 0 0 0 0 0 0 0 0 0 0 0 0 0 0 0 0 0 0 0 0 0 0 0 0 0 0 0 0 0 0 0 0 0 0 0 0 0 0 0 2 1 0 0 0 0 0 0 0 0 9 4 0 0 0 0 0 0 14 7 0 0 0 0 0 0 0 0 0 0 0 0 0 0 0 0 0 0 0 0 0 0 0 0 0 0 0 0 0 0 0 0 2 1 0 0 0 0 0 0 0 0 7 3 0 0 0 0 0 0 6 3 0 0 0 0 4 2 0 0 0 0 4 2 0 0 0 0 0 0 0 0 0 0 0 0 0 0 0 0 0 0 1 0 0 0 0 0 0 0 0 0 0 0 0 0 10 5 0 0 0 0 0 0 0 0 0 0 1 0 12 6 0 0 0 0 0 0 0 0 0 0 0 0 0 0 0 0 0 0 0 0 0 0 0 0 0 0 0 0 0 0 0 0 0 0 9 4 0 0 16 8 0 0 2 1 0 0 0 0 16 8 0 0 6 3 0 0 4 2 0 0 0 0 0 0 0 0 0 0 0 0 0 0 0 0 0 0 0 0 18 9 0 0 0 0 0 0 0 0 0 0 0 0 0 0 0 0 0 0 0 0 0 0 0 0 0 0 0 0 0 0 0 0 0 0 0 0 0 0 0 0 0 0 0 0 0 0 0 0 0 0 0 0 0 0 0 0 0 0 0 0 0 0 0 0 0 0 0 0 0 0
0 0 0 0 0 0 0 0 0 0 0 0 0 0 0 0 0 0 0 0 0 0 0 0 0 0 0 0 0 0 0 0 0 0 0 0 0 0 0 0 0 0 0 0 0 0 0 0 0 0 0 0 2 1 0 0 0 0 0 0 0 0 0 0 0 0 0 0 1 0 0 0 0 0 0 0 0 0 0 0 0 0 0 0 0 0 0 0 0 0 3 1 0 0 6 3 0 0 0 0 0 0 0 0 15 7 8 4 0 0 0 0 0 0 18 9 0 0 0 0 0 0 15 7 0 0 0 0 0 0 4 2 0 0 0 0 0 0 0 0 0 0 0 0 2 1 0 0 0 0 0 0 0 0 0 0 0 0 5 2 5 2 6 3 1 0 1 0 4 2 0 0 2 1 0 0 3 1 12 6 0 0 0 0 4 2 0 0 0 0 0 0 0 0 0 0 0 0 6 3 0 0 0 0 0 0 1 0 0 0 0 0 16 8 0 0 0 0 0 0 1 0 0 0 0 0 0 0 0 0 0 0 4 2 1 0 0 0 0 0 0 0 0 0 0 0 0 0 0 0 0 0 2 1 0 0 0 0 0 0 0 0 0 0 0 0 3 1 0 0 0 0 1 0 0 0 0 0 5 2 0 0 0 0 0 0 0 0 0 0 0 0 0 0 0 0 0 0 0 0 0 0 0 0 0 0 0 0 0 0 0 0 0 0 0 0 0 0 0 0 0 0 0 0 0 0 0 0 0 0 0 0 0 0 0 0
0 0 0 0 0 0 0 0 0 0 0 0 0 0 0 0 0 0 0 0 0 0 0 0 0 0 0 0 0 0 0 0 0 0 0 0 0 0 0 0 0 0 0 0 0 0 0 0 0 0 0 0 0 0 0 0 0 0 0 0 0 0 0 0 0 0 1 0 0 0 1 0 24 12 0 0 0 0 0 0 4 2 0 0 0 0 0 0 0 0 0 0 15 7 0 0 0 0 0 0 0 0 0 0 0 0 11 5 0 0 0 0 0 0 0 0 0 0 0 0 0 0 0 0 0 0 0 0 0 0 0 0 0 0 0 0 3 1 0 0 0 0 0 0 1 0 0 0 1 0 0 0 0 0 0 0 0 0 0 0 0 0 0 0 0 0 1 0 0 0 0 0 6 3 0 0 0 0 9 4 0 0 0 0 11 5 0 0 0 0 6 3 8 4 0 0 1 0 0 0 1 0 1 0 0 0 0 0 6 3 4 2 0 0 2 1 0 0 0 0 0 0 0 0 0 0 19 9 0 0 0 0 0 0 0 0 0 0 0 0 0 0 12 6 5 2 0 0 0 0 9 4 17 8 9 4 0 0 0 0 0 0 0 0 0 0 6 3 0 0 0 0 0 0 0 0 0 0 0 0 0 0 0 0 0 0 0 0 0 0 0 0 0 0 0 0 0 0 0 0 0 0 0 0 0 0 0 0 0 0 0 0 0 0 0 0 0 0 0 0 0 0 0 0 0 0 0 0 0 0 0 0 0 0 0 0
11 30 16 20 17 15 9 35 10 14 11 12 14 23 6 13 20 12 22 33 14 17 9 12 19 12 10 21 11 23 10 16 11 21 16 12 23 27 10 13 35 16 19 6 11 15 15 22 20 16 20 17 18 14 10 29 20 4 17 20 26 16 18 14 7 23 24 21 12 6 23 11 14 14 14 9 15 23 20 14 20 12 35 10 15 11 10 20 17 22 13 13 15 34 6 13 11 9 9 5 11 19 14 26 7 9 26 21 5 15 16 20 18 14 13 12 18 8 20 13 30 18 15 17 9 8 24 17 7 8 12 10 16 12 10 13 20 13 21 12 22 25 12 13 21 15 14 11 15 11 14 13 12 26 13 13 8 18 15 5 5 28 21 7 16 8 13 20
9 9 10 5 13 18 14 18 20 19 20 15 15 20 7 20 12 10 6 15 19 15 19 24 7 14 14 14 18 13 16 12 10 16 20 10 18 11 17 9 17 9 11 19 11 14 14 15 17 17 5 20 13 4 16 22 19 27 13 12 16 19 23 24 16 9 20 11 16 15 13 16 16 7 10 11 19 20 18 13 9 20 18 14 10 20 10 16 20 10 12 16 13 23 11 14 22 13 14 20 19 14 17 17 14 27 21 5 17 15 6 17 10 11 19 17 11 23 20 20 13 11 13 12 22 16 10 18 19 9 13 13 19 14 14 14 14 11 23 14 21 11 21 7 21 21 16 8 8 18 14 9 22 8 28 19 18 11 15 11 23 18 16 16 16 25 18 13
20 20 15 14 28 12 21 25 16 23 37 8 11 8 11 12 16 11 13 23 24 17 21 21 16 22 13 11 6 14 10 21 19 18 8 13 8 16 15 19 14 24 25 16 15 7 9 20 6 11 18 12 9 17 19 13 27 12 21 14 12 15 18 20 5 6 9 11 29 26 16 11 9 21 13 15 19 10 10 22 13 13 22 13 10 8 20 21 17 15 7 15 16 10 27 23 14 14 25 13 16 25 6 16 15 11 16 19 30 16 16 11 17 11 21 20 14 17 18 9 9 19 18 20 11 18 14 14 16 12 19 24 16 13 11 13 17 26 20 12 12 23 13 17 10 18 12 17 10 17 9 18 6 12 15 21 13 10 10 5 22 16 9 10 10 12 19 18
20 13 25 31 8 17 18 11 23 13 15 20 25 9 15 8 6 10 20 11 25 10 15 13 13 12 34 8 12 16 11 20 14 18 18 15 14 11 12 11 19 15 20 23 21 18 13 22 12 6 11 16 17 24 30 27 19 13 13 12 14 17 13 25 7 16 11 18 12 11 15 15 17 18 14 21 10 19 16 11 16 13 23 21 8 15 18 23 35 16 15 8 26 13 17 15 15 13 24 11 11 21 21 10 22 20 17 13 11 12 16 21 9 15 26 16 18 26 15 18 14 15 13 8 19 16 37 13 13 22 15 5 7 21 20 12 29 20 9 17 22 16 12 17 18 13 13 13 14 14 11 23 19 26 18 13 15 13 17 12 14 13 33 22 22 18 20 12
11 7 13 9 14 12 23 15 12 23 30 11 11 12 13 24 8 10 20 12 14 14 18 11 19 15 20 15 11 15 28 13 13 18 11 10 2 20 11 15 13 18 12 12 13 17 12 17 12 19 15 31 14 8 19 15 11 17 14 12 13 10 22 24 16 15 11 14 14 10 19 19 9 10 17 19 15 16 25 22 11 13 16 8 19 17 20 8 24 6 19 16 15 15 17 13 18 17 17 24 11 4 15 24 13 11 13 8 14 14 17 17 13 22 21 22 17 15 11 13 9 22 13 18 8 12 24 6 23 18 18 8 4 24 10 24 26 20 11 21 10 21 11 12 16 5 21 10 10 10 16 11 18 26 5 20 19 13 12 8 18 10 17 17 8 12 12 11
12 13 11 12 20 13 19 11 23 12 17 13 17 17 15 25 5 6 8 19 14 15 10 21 19 20 17 22 13 17 14 5 15 9 26 15 25 20 26 18 14 24 5 17 21 16 11 13 18 14 12 21 23 19 16 16 7 8 8 9 14 14 9 11 14 9 16 15 20 13 18 13 15 18 16 17 9 7 12 26 15 18 15 25 18 26 7 13 13 9 14 18 12 24 17 14 25 15 19 16 9 17 12 19 22 11 18 23 13 10 19 12 15 17 20 12 8 21 24 18 13 12 11 10 12 13 11 13 28 7 15 16 24 10 14 11 22 12 6 18 12 21 15 12 21 11 16 22 21 24 13 13 7 16 21 12 8 17 12 27 13 9 13 21 13 17 37 10
20 14 10 16 18 18 17 7 17 21 11 18 17 21 7 12 14 22 30 15 19 31 10 13 24 12 11 25 9 13 18 12 15 4 20 14 21 5 15 21 17 13 22 21 8 13 19 15 14 10 18 9 17 15 13 9 12 18 21 13 10 15 10 10 20 15 19 13 30 8 12 17 11 13 12 18 14 16 8 18 10 19 23 18 12 12 12 12 18 9 22 20 8 11 26 13 14 8 15 12 9 12 15 9 10 19 10 17 20 23 22 10 16 24 20 11 10 12 9 10 10 12 29 9 10 17 6 27 25 22 11 21 23 10 9 18 13 13 16 26 9 18 16 15 12 12 7 19 17 28 13 7 12 11 13 13 11 17 24 15 14 12 14 12 9 8 17 19
7 13 25 12 15 9 11 13 12 16 21 14 13 9 18 17 9 16 11 17 7 7 11 14 17 9 16 19 11 16 13 4 18 13 10 13 12 11 18 12 9 16 8 16 14 24 22 16 11 14 9 12 23 5 7 9 11 7 12 9 14 9 12 24 18 10 18 16 10 17 13 12 12 22 19 17 11 17 18 16 17 16 16 13 8 8 14 11 9 17 14 8 14 22 29 11 15 13 10 11 20 18 9 17 7 17 13 15 10 21 8 9 28 9 20 11 10 16 15 21 8 15 10 9 10 32 21 20 19 18 18 14 15 9 14 12 24 14 16 20 13 12 16 18 20 12 14 8 18 23 14 21 15 19 15 22 20 9 20 15 25 14 21 11 11 15 14 10
13 15 25 17 9 25 17 11 17 14 9 11 14 9 22 15 10 15 30 31 23 11 7 10 21 5 23 20 12 26 25 13 21 12 24 16 13 11 14 14 11 9 12 19 21 10 19 13 12 10 19 11 27 16 10 15 17 10 14 6 19 13 7 8 16 11 19 6 12 20 23 24 19 19 13 24 14 14 12 14 16 4 22 16 27 19 25 5 13 6 15 15 18 11 15 20 7 18 16 11 22 17 7 18 12 20 13 16 23 13 17 15 31 14 16 20 18 19 12 9 17 12 12 9 11 16 14 17 5 16 23 17 22 25 31 20 20 19 15 18 20 26 25 23 17 18 11 12 26 6 11 18 27 13 19 14 12 16 18 12 17 21 14 9 14 13 14 17
14 7 19 15 15 16 23 17 10 20 6 13 12 26 24 10 11 7 13 17 12 18 16 32 9 13 18 26 12 11 16 19 21 9 5 13 15 14 15 22 4 23 21 10 9 18 11 11 13 19 14 11 24 4 15 21 17 15 17 15 15 15 10 12 12 12 21 14 12 25 13 11 29 11 15 19 8 32 9 11 22 13 10 17 35 14 18 20 13 22 22 16 21 14 19 8 12 17 12 25 6 9 16 11 24 17 16 12 14 24 14 11 18 9 9 13 11 15 14 14 16 20 10 18 14 12 14 15 22 9 15 15 20 9 13 20 10 19 9 14 14 15 9 9 26 11 8 23 13 11 20 30 17 11 8 13 16 6 13 17 27 13 17 19 15 9 5 16
26 10 12 13 8 25 10 19 28 18 22 22 20 22 17 10 25 20 17 11 21 16 14 14 9 12 17 10 10 12 14 10 7 11 16 6 14 12 5 11 17 17 13 11 20 21 9 14 15 25 11 19 19 12 17 15 33 14 12 6 11 12 12 23 15 10 21 15 7 12 10 13 14 25 14 11 20 4 21 20 38 8 11 11 16 19 15 17 14 27 28 22 23 7 13 12 18 24 14 15 12 16 31 22 9 24 21 28 9 20 12 11 21 7 16 13 21 17 13 22 17 17 24 12 19 14 23 19 14 25 16 12 14 25 9 18 10 15 13 7 6 10 19 18 15 10 22 17 9 17 8 13 23 14 11 12 13 23 17 13 14 17 8 18 15 16 16 20
22 19 18 16 19 21 23 15 11 11 13 9 28 18 10 13 20 15 13 19 6 8 11 12 16 13 32 17 27 13 20 17 13 9 23 14 17 19 25 20 15 15 3 21 17 13 16 26 18 23 11 21 13 22 15 10 13 7 11 6 18 26 26 17 18 22 6 11 15 8 21 15 13 15 11 9 8 14 9 33 16 14 20 17 19 15 9 16 20 21 12 32 17 8 15 14 15 18 14 16 13 16 15 13 30 27 19 12 11 19 12 15 9 15 13 11 8 15 21 14 7 9 16 17 10 12 21 18 27 12 11 14 28 11 16 15 11 13 15 15 13 12 8 18 16 13 14 11 8 10 18 11 11 11 22 26 25 18 18 15 17 13 14 9 12 14 13 13
10 16 11 8 21 21 18 13 10 14 19 28 16 15 16 17 25 18 7 16 19 18 9 19 15 10 11 22 23 14 14 13 11 19 6 32 14 6 17 21 18 13 6 11 16 13 6 17 14 18 20 13 14 11 13 13 31 16 10 20 15 11 15 13 9 19 16 10 26 12 19 10 25 17 17 10 16 24 9 8 9 13 13 7 9 24 18 24 17 16 14 17 11 9 12 20 9 15 18 17 19 24 6 20 21 13 15 15 8 17 13 14 22 19 5 15 17 15 10 12 20 13 13 13 14 28 9 26 17 14 14 7 15 11 11 16 17 14 12 7 28 17 17 15 8 6 11 24 17 12 13 17 16 11 21 9 9 4 11 8 18 18 19 11 22 17 13 11
15 22 20 9 9 17 17 14 27 12 13 14 13 6 18 21 20 16 14 22 10 12 29 15 20 14 14 12 10 8 14 13 15 11 10 13 11 8 20 16 12 14 18 6 10 16 13 13 13 11 7 13 23 15 25 18 10 14 8 22 19 16 19 19 18 24 10 17 12 18 14 14 17 7 12 8 13 12 22 8 10 17 9 11 19 8 13 5 22 22 8 17 24 5 8 24 11 5 9 14 17 16 10 11 8 21 21 18 16 13 21 23 19 20 17 14 10 11 16 15 7 20 14 23 11 24 16 14 10 16 11 15 20 30 16 25 13 15 19 9 10 18 15 13 22 11 24 19 11 19 16 16 9 11 12 9 15 24 21 12 16 10 32 24 16 16 9 11
36 8 19 27 13 26 14 12 24 17 13 13 12 21 22 15 20 14 15 6 20 19 22 13 35 13 15 12 6 16 8 13 22 25 26 10 14 11 16 14 23 15 14 26 15 12 18 11 16 11 13 16 16 9 9 11 14 6 23 14 11 10 14 12 16 7 13 12 20 22 23 10 13 8 17 17 17 9 13 15 23 23 14 9 20 11 15 18 15 18 20 11 21 29 26 17 5 10 14 14 20 13 18 11 13 8 14 25 15 13 7 20 15 9 23 19 13 18 14 13 19 26 11 10 8 22 10 27 15 22 20 11 15 13 13 10 26 16 22 17 17 18 17 21 14 21 15 22 6 16 16 23 13 15 20 17 15 12 14 26 8 13 7 16 13 9 12 15
10 24 16 10 19 12 13 19 12 20 12 19 12 19 18 24 17 12 9 8 11 15 18 17 14 27 14 18 24 10 20 10 15 8 13 11 13 12 19 16 11 11 14 19 20 8 13 16 21 18 13 21 18 20 9 10 11 16 9 12 11 13 18 16 10 13 16 11 19 13 18 10 36 14 12 31 17 13 17 29 9 20 27 5 10 19 11 17 12 25 12 13 26 22 13 13 10 12 20 16 29 21 12 11 9 23 6 24 15 20 16 22 17 18 8 26 19 12 18 20 11 11 10 10 19 19 17 22 35 13 21 15 22 16 17 11 14 21 16 13 20 9 18 21 10 16 10 11 16 12 20 12 17 9 29 21 15 21 14 16 18 19 18 18 14 8 8 10
0.875 0 0.5625 0.3125 0.5 0.625 1 0 0.9375 0.6875 0.875 0.8125 0.6875 0.125 1 0.75 0.3125 0.8125 0.1875 0 0.6875 0.5 1 0.8125 0.375 0.8125 0.9375 0.25 0.875 0.125 0.9375 0.5625 0.875 0.25 0.5625 0.8125 0.125 0 0.9375 0.75 0 0.5625 0.375 1 0.875 0.625 0.625 0.1875 0.3125 0.5625 0.3125 0.5 0.4375 0.6875 0.9375 0 0.3125 1 0.5 0.3125 0 0.5625 0.4375 0.6875 1 0.125 0.0625 0.25 0.8125 1 0.125 0.875 0.6875 0.6875 0.6875 1 0.625 0.125 0.3125 0.6875 0.3125 0.8125 0 0.9375 0.625 0.875 0.9375 0.3125 0.5 0.1875 0.75 0.75 0.625 0 1 0.75 0.875 1 1 1 0.875 0.375 0.6875 0 1 1 0 0.25 1 0.625 0.5625 0.3125 0.4375 0.6875 0.75 0.8125 0.4375 1 0.3125 0.75 0 0.4375 0.625 0.5 1 1 0.0625 0.5 1 1 0.8125 0.9375 0.5625 0.8125 0.9375 0.75 0.3125 0.75 0.25 0.8125 0.1875 0 0.8125 0.75 0.25 0.625 0.6875 0.875 0.625 0.875 0.6875 0.75 0.8125 0 0.75 0.75 1 0.4375 0.625 1 1 0 0.25 1 0.5625 1 0.75 0.3125
1 1 0.9375 1 0.75 0.4375 0.6875 0.4375 0.3125 0.375 0.3125 0.625 0.625 0.3125 1 0.3125 0.8125 0.9375 1 0.625 0.375 0.625 0.375 0.0625 1 0.6875 0.6875 0.6875 0.4375 0.75 0.5625 0.8125 0.9375 0.5625 0.3125 0.9375 0.4375 0.875 0.5 1 0.5 1 0.875 0.375 0.875 0.6875 0.6875 0.625 0.5 0.5 1 0.3125 0.75 1 0.5625 0.1875 0.375 0 0.75 0.8125 0.5625 0.375 0.125 0.0625 0.5625 1 0.3125 0.875 0.5625 0.625 0.75 0.5625 0.5625 1 0.9375 0.875 0.375 0.3125 0.4375 0.75 1 0.3125 0.4375 0.6875 0.9375 0.3125 0.9375 0.5625 0.3125 0.9375 0.8125 0.5625 0.75 0.125 0.875 0.6875 0.1875 0.75 0.6875 0.3125 0.375 0.6875 0.5 0.5 0.6875 0 0.25 1 0.5 0.625 1 0.5 0.9375 0.875 0.375 0.5 0.875 0.125 0.3125 0.3125 0.75 0.875 0.75 0.8125 0.1875 0.5625 0.9375 0.4375 0.375 1 0.75 0.75 0.375 0.6875 0.6875 0.6875 0.6875 0.875 0.125 0.6875 0.25 0.875 0.25 1 0.25 0.25 0.5625 1 1 0.4375 0.6875 1 0.1875 1 0 0.375 0.4375 0.875 0.625 0.875 0.125 0.4375 0.5625 0.5625 0.5625 0 0.4375 0.75
0.3125 0.3125 0.625 0.6875 0 0.8125 0.25 0 0.5625 0.125 0 1 0.875 1 0.875 0.8125 0.5625 0.875 0.75 0.125 0.0625 0.5 0.25 0.25 0.5625 0.1875 0.75 0.875 1 0.6875 0.9375 0.25 0.375 0.4375 1 0.75 1 0.5625 0.625 0.375 0.6875 0.0625 0 0.5625 0.625 1 1 0.3125 1 0.875 0.4375 0.8125 1 0.5 0.375 0.75 0 0.8125 0.25 0.6875 0.8125 0.625 0.4375 0.3125 1 1 1 0.875 0 0 0.5625 0.875 1 0.25 0.75 0.625 0.375 0.9375 0.9375 0.1875 0.75 0.75 0.1875 0.75 0.9375 1 0.3125 0.25 0.5 0.625 1 0.625 0.5625 0.9375 0 0.125 0.6875 0.6875 0 0.75 0.5625 0 1 0.5625 0.625 0.875 0.5625 0.375 0 0.5625 0.5625 0.875 0.5 0.875 0.25 0.3125 0.6875 0.5 0.4375 1 1 0.375 0.4375 0.3125 0.875 0.4375 0.6875 0.6875 0.5625 0.8125 0.375 0.0625 0.5625 0.75 0.875 0.75 0.5 0 0.3125 0.8125 0.8125 0.125 0.75 0.5 0.9375 0.4375 0.8125 0.5 0.9375 0.5 1 0.4375 1 0.8125 0.625 0.25 0.75 0.9375 0.9375 1 0.1875 0.5625 1 0.9375 0.9375 0.8125 0.375 0.4375
0.3125 0.75 0 0 1 0.5 0.4375 0.875 0.125 0.75 0.625 0.3125 0 1 0.625 1 1 0.9375 0.3125 0.875 0 0.9375 0.625 0.75 0.75 0.8125 0 1 0.8125 0.5625 0.875 0.3125 0.6875 0.4375 0.4375 0.625 0.6875 0.875 0.8125 0.875 0.375 0.625 0.3125 0.125 0.25 0.4375 0.75 0.1875 0.8125 1 0.875 0.5625 0.5 0.0625 0 0 0.375 0.75 0.75 0.8125 0.6875 0.5 0.75 0 1 0.5625 0.875 0.4375 0.8125 0.875 0.625 0.625 0.5 0.4375 0.6875 0.25 0.9375 0.375 0.5625 0.875 0.5625 0.75 0.125 0.25 1 0.625 0.4375 0.125 0 0.5625 0.625 1 0 0.75 0.5 0.625 0.625 0.75 0.0625 0.875 0.875 0.25 0.25 0.9375 0.1875 0.3125 0.5 0.75 0.875 0.8125 0.5625 0.25 1 0.625 0 0.5625 0.4375 0 0.625 0.4375 0.6875 0.625 0.75 1 0.375 0.5625 0 0.75 0.75 0.1875 0.625 1 1 0.25 0.3125 0.8125 0 0.3125 1 0.5 0.1875 0.5625 0.8125 0.5 0.4375 0.75 0.75 0.75 0.6875 0.6875 0.875 0.125 0.375 0 0.4375 0.75 0.625 0.75 0.5 0.8125 0.6875 0.75 0 0.1875 0.1875 0.4375 0.3125 0.8125
0.875 1 0.75 1 0.6875 0.8125 0.125 0.625 0.8125 0.125 0 0.875 0.875 0.8125 0.75 0.0625 1 0.9375 0.3125 0.8125 0.6875 0.6875 0.4375 0.875 0.375 0.625 0.3125 0.625 0.875 0.625 0 0.75 0.75 0.4375 0.875 0.9375 1 0.3125 0.875 0.625 0.75 0.4375 0.8125 0.8125 0.75 0.5 0.8125 0.5 0.8125 0.375 0.625 0 0.6875 1 0.375 0.625 0.875 0.5 0.6875 0.8125 0.75 0.9375 0.1875 0.0625 0.5625 0.625 0.875 0.6875 0.6875 0.9375 0.375 0.375 1 0.9375 0.5 0.375 0.625 0.5625 0 0.1875 0.875 0.75 0.5625 1 0.375 0.5 0.3125 1 0.0625 1 0.375 0.5625 0.625 0.625 0.5 0.75 0.4375 0.5 0.5 0.0625 0.875 1 0.625 0.0625 0.75 0.875 0.75 1 0.6875 0.6875 0.5 0.5 0.75 0.1875 0.25 0.1875 0.5 0.625 0.875 0.75 1 0.1875 0.75 0.4375 1 0.8125 0.0625 1 0.125 0.4375 0.4375 1 1 0.0625 0.9375 0.0625 0 0.3125 0.875 0.25 0.9375 0.25 0.875 0.8125 0.5625 1 0.25 0.9375 0.9375 0.9375 0.5625 0.875 0.4375 0 1 0.3125 0.375 0.75 0.8125 1 0.4375 0.9375 0.5 0.5 1 0.8125 0.8125 0.875
0.8125 0.75 0.875 0.8125 0.3125 0.75 0.375 0.875 0.125 0.8125 0.5 0.75 0.5 0.5 0.625 0 1 1 1 0.375 0.6875 0.625 0.9375 0.25 0.375 0.3125 0.5 0.1875 0.75 0.5 0.6875 1 0.625 1 0 0.625 0 0.3125 0 0.4375 0.6875 0.0625 1 0.5 0.25 0.5625 0.875 0.75 0.4375 0.6875 0.8125 0.25 0.125 0.375 0.5625 0.5625 1 1 1 1 0.6875 0.6875 1 0.875 0.6875 1 0.5625 0.625 0.3125 0.75 0.4375 0.75 0.625 0.4375 0.5625 0.5 1 1 0.8125 0 0.625 0.4375 0.625 0 0.4375 0 1 0.75 0.75 1 0.6875 0.4375 0.8125 0.0625 0.5 0.6875 0 0.625 0.375 0.5625 1 0.5 0.8125 0.375 0.1875 0.875 0.4375 0.125 0.75 0.9375 0.375 0.8125 0.625 0.5 0.3125 0.8125 1 0.25 0.0625 0.4375 0.75 0.8125 0.875 0.9375 0.8125 0.75 0.875 0.75 0 1 0.625 0.5625 0.0625 0.9375 0.6875 0.875 0.1875 0.8125 1 0.4375 0.8125 0.25 0.625 0.8125 0.25 0.875 0.5625 0.1875 0.25 0.0625 0.75 0.75 1 0.5625 0.25 0.8125 1 0.5 0.8125 0 0.75 1 0.75 0.25 0.75 0.5 0 0.9375
0.3125 0.6875 0.9375 0.5625 0.4375 0.4375 0.5 1 0.5 0.25 0.875 0.4375 0.5 0.25 1 0.8125 0.6875 0.1875 0 0.625 0.375 0 0.9375 0.75 0.0625 0.8125 0.875 0 1 0.75 0.4375 0.8125 0.625 1 0.3125 0.6875 0.25 1 0.625 0.25 0.5 0.75 0.1875 0.25 1 0.75 0.375 0.625 0.6875 0.9375 0.4375 1 0.5 0.625 0.75 1 0.8125 0.4375 0.25 0.75 0.9375 0.625 0.9375 0.9375 0.3125 0.625 0.375 0.75 0 1 0.8125 0.5 0.875 0.75 0.8125 0.4375 0.6875 0.5625 1 0.4375 0.9375 0.375 0.125 0.4375 0.8125 0.8125 0.8125 0.8125 0.4375 1 0.1875 0.3125 1 0.875 0 0.75 0.6875 1 0.625 0.8125 1 0.8125 0.625 1 0.9375 0.375 0.9375 0.5 0.3125 0.125 0.1875 0.9375 0.5625 0.0625 0.3125 0.875 0.9375 0.8125 1 0.9375 0.9375 0.8125 0 1 0.9375 0.5 1 0 0 0.1875 0.875 0.25 0.125 0.9375 1 0.4375 0.75 0.75 0.5625 0 1 0.4375 0.5625 0.625 0.8125 0.8125 1 0.375 0.5 0 0.75 1 0.8125 0.875 0.75 0.75 0.875 0.5 0.0625 0.625 0.6875 0.8125 0.6875 0.8125 1 1 0.5 0.375
1 0.75 0 0.8125 0.625 1 0.875 0.75 0.8125 0.5625 0.25 0.6875 0.75 1 0.4375 0.5 1 0.5625 0.875 0.5 1 1 0.875 0.6875 0.5 1 0.5625 0.375 0.875 0.5625 0.75 1 0.4375 0.75 0.9375 0.75 0.8125 0.875 0.4375 0.8125 1 0.5625 1 0.5625 0.6875 0.0625 0.1875 0.5625 0.875 0.6875 1 0.8125 0.125 1 1 1 0.875 1 0.8125 1 0.6875 1 0.8125 0.0625 0.4375 0.9375 0.4375 0.5625 0.9375 0.5 0.75 0.8125 0.8125 0.1875 0.375 0.5 0.875 0.5 0.4375 0.5625 0.5 0.5625 0.5625 0.75 1 1 0.6875 0.875 1 0.5 0.6875 1 0.6875 0.1875 0 0.875 0.625 0.75 0.9375 0.875 0.3125 0.4375 1 0.5 1 0.5 0.75 0.625 0.9375 0.25 1 1 0 1 0.3125 0.875 0.9375 0.5625 0.625 0.25 1 0.625 0.9375 1 0.9375 0 0.25 0.3125 0.375 0.4375 0.4375 0.6875 0.625 1 0.6875 0.8125 0.0625 0.6875 0.5625 0.3125 0.75 0.8125 0.5625 0.4375 0.3125 0.8125 0.6875 1 0.4375 0.125 0.6875 0.25 0.625 0.375 0.625 0.1875 0.3125 1 0.3125 0.625 0 0.6875 0.25 0.875 0.875 0.625 0.6875 0.9375
0.75 0.625 0 0.5 1 0 0.5 0.875 0.5 0.6875 1 0.875 0.6875 1 0.1875 0.625 0.9375 0.625 0 0 0.125 0.875 1 0.9375 0.25 1 0.125 0.3125 0.8125 0 0 0.75 0.25 0.8125 0.0625 0.5625 0.75 0.875 0.6875 0.6875 0.875 1 0.8125 0.375 0.25 0.9375 0.375 0.75 0.8125 0.9375 0.375 0.875 0 0.5625 0.9375 0.625 0.5 0.9375 0.6875 1 0.375 0.75 1 1 0.5625 0.875 0.375 1 0.8125 0.3125 0.125 0.0625 0.375 0.375 0.75 0.0625 0.6875 0.6875 0.8125 0.6875 0.5625 1 0.1875 0.5625 0 0.375 0 1 0.75 1 0.625 0.625 0.4375 0.875 0.625 0.3125 1 0.4375 0.5625 0.875 0.1875 0.5 1 0.4375 0.8125 0.3125 0.75 0.5625 0.125 0.75 0.5 0.625 0 0.6875 0.5625 0.3125 0.4375 0.375 0.8125 1 0.5 0.8125 0.8125 1 0.875 0.5625 0.6875 0.5 1 0.5625 0.125 0.5 0.1875 0 0 0.3125 0.3125 0.375 0.625 0.4375 0.3125 0 0 0.125 0.5 0.4375 0.875 0.8125 0 1 0.875 0.4375 0 0.75 0.375 0.6875 0.8125 0.5625 0.4375 0.8125 0.5 0.25 0.6875 1 0.6875 0.75 0.6875 0.5
0.6875 1 0.375 0.625 0.625 0.5625 0.125 0.5 0.9375 0.3125 1 0.75 0.8125 0 0.0625 0.9375 0.875 1 0.75 0.5 0.8125 0.4375 0.5625 0 1 0.75 0.4375 0 0.8125 0.875 0.5625 0.375 0.25 1 1 0.75 0.625 0.6875 0.625 0.1875 1 0.125 0.25 0.9375 1 0.4375 0.875 0.875 0.75 0.375 0.6875 0.875 0.0625 1 0.625 0.25 0.5 0.625 0.5 0.625 0.625 0.625 0.9375 0.8125 0.8125 0.8125 0.25 0.6875 0.8125 0 0.75 0.875 0 0.875 0.625 0.375 1 0 1 0.875 0.1875 0.75 0.9375 0.5 0 0.6875 0.4375 0.3125 0.75 0.1875 0.1875 0.5625 0.25 0.6875 0.375 1 0.8125 0.5 0.8125 0 1 1 0.5625 0.875 0.0625 0.5 0.5625 0.8125 0.6875 0.0625 0.6875 0.875 0.4375 1 1 0.75 0.875 0.625 0.6875 0.6875 0.5625 0.3125 0.9375 0.4375 0.6875 0.8125 0.6875 0.625 0.1875 1 0.625 0.625 0.3125 1 0.75 0.3125 0.9375 0.375 1 0.6875 0.6875 0.625 1 1 0 0.875 1 0.125 0.75 0.875 0.3125 0 0.5 0.875 1 0.75 0.5625 1 0.75 0.5 0 0.75 0.5 0.375 0.625 1 1 0.5625
0 0.9375 0.8125 0.75 1 0 0.9375 0.375 0 0.4375 0.1875 0.1875 0.3125 0.1875 0.5 0.9375 0 0.3125 0.5 0.875 0.25 0.5625 0.6875 0.6875 1 0.8125 0.5 0.9375 0.9375 0.8125 0.6875 0.9375 1 0.875 0.5625 1 0.6875 0.8125 1 0.875 0.5 0.5 0.75 0.875 0.3125 0.25 1 0.6875 0.625 0 0.875 0.375 0.375 0.8125 0.5 0.625 0 0.6875 0.8125 1 0.875 0.8125 0.8125 0.125 0.625 0.9375 0.25 0.625 1 0.8125 0.9375 0.75 0.6875 0 0.6875 0.875 0.3125 1 0.25 0.3125 0 1 0.875 0.875 0.5625 0.375 0.625 0.5 0.6875 0 0 0.1875 0.125 1 0.75 0.8125 0.4375 0.0625 0.6875 0.625 0.8125 0.5625 0 0.1875 1 0.0625 0.25 0 1 0.3125 0.8125 0.875 0.25 1 0.5625 0.75 0.25 0.5 0.75 0.1875 0.5 0.5 0.0625 0.8125 0.375 0.6875 0.125 0.375 0.6875 0 0.5625 0.8125 0.6875 0 1 0.4375 0.9375 0.625 0.75 1 1 0.9375 0.375 0.4375 0.625 0.9375 0.1875 0.5 1 0.5 1 0.75 0.125 0.6875 0.875 0.8125 0.75 0.125 0.5 0.75 0.6875 0.5 1 0.4375 0.625 0.5625 0.5625 0.3125
0.1875 0.375 0.4375 0.5625 0.375 0.25 0.125 0.625 0.875 0.875 0.75 1 0 0.4375 0.9375 0.75 0.3125 0.625 0.75 0.375 1 1 0.875 0.8125 0.5625 0.75 0 0.5 0 0.75 0.3125 0.5 0.75 1 0.125 0.6875 0.5 0.375 0 0.3125 0.625 0.625 1 0.25 0.5 0.75 0.5625 0 0.4375 0.125 0.875 0.25 0.75 0.1875 0.625 0.9375 0.75 1 0.875 1 0.4375 0 0 0.5 0.4375 0.1875 1 0.875 0.625 1 0.25 0.625 0.75 0.625 0.875 1 1 0.6875 1 0 0.5625 0.6875 0.3125 0.5 0.375 0.625 1 0.5625 0.3125 0.25 0.8125 0 0.5 1 0.625 0.6875 0.625 0.4375 0.6875 0.5625 0.75 0.5625 0.625 0.75 0 0 0.375 0.8125 0.875 0.375 0.8125 0.625 1 0.625 0.75 0.875 1 0.625 0.25 0.6875 1 1 0.5625 0.5 0.9375 0.8125 0.25 0.4375 0 0.8125 0.875 0.6875 0 0.875 0.5625 0.625 0.875 0.75 0.625 0.625 0.75 0.8125 1 0.4375 0.5625 0.75 0.6875 0.875 1 0.9375 0.4375 0.875 0.875 0.875 0.1875 0 0 0.4375 0.4375 0.625 0.5 0.75 0.6875 1 0.8125 0.6875 0.75 0.75
0.9375 0.5625 0.875 1 0.25 0.25 0.4375 0.75 0.9375 0.6875 0.375 0 0.5625 0.625 0.5625 0.5 0 0.4375 1 0.5625 0.375 0.4375 1 0.375 0.625 0.9375 0.875 0.1875 0.125 0.6875 0.6875 0.75 0.875 0.375 1 0 0.6875 1 0.5 0.25 0.4375 0.75 1 0.875 0.5625 0.75 1 0.5 0.6875 0.4375 0.3125 0.75 0.6875 0.875 0.75 0.75 0 0.5625 0.9375 0.3125 0.625 0.875 0.625 0.75 1 0.375 0.5625 0.9375 0 0.8125 0.375 0.9375 0 0.5 0.5 0.9375 0.5625 0.0625 1 1 1 0.75 0.75 1 1 0.0625 0.4375 0.0625 0.5 0.5625 0.6875 0.5 0.875 1 0.8125 0.3125 1 0.625 0.4375 0.5 0.375 0.0625 1 0.3125 0.25 0.75 0.625 0.625 1 0.5 0.75 0.6875 0.1875 0.375 1 0.625 0.5 0.625 0.9375 0.8125 0.3125 0.75 0.75 0.75 0.6875 0 1 0 0.5 0.6875 0.6875 1 0.625 0.875 0.875 0.5625 0.5 0.6875 0.8125 1 0 0.5 0.5 0.625 1 1 0.875 0.0625 0.5 0.8125 0.75 0.5 0.5625 0.875 0.25 1 1 1 0.875 1 0.4375 0.4375 0.375 0.875 0.1875 0.5 0.75 0.875
0.625 0.1875 0.3125 1 1 0.5 0.5 0.6875 0 0.8125 0.75 0.6875 0.75 1 0.4375 0.25 0.3125 0.5625 0.6875 0.1875 0.9375 0.8125 0 0.625 0.3125 0.6875 0.6875 0.8125 0.9375 1 0.6875 0.75 0.625 0.875 0.9375 0.75 0.875 1 0.3125 0.5625 0.8125 0.6875 0.4375 1 0.9375 0.5625 0.75 0.75 0.75 0.875 1 0.75 0.125 0.625 0 0.4375 0.9375 0.6875 1 0.1875 0.375 0.5625 0.375 0.375 0.4375 0.0625 0.9375 0.5 0.8125 0.4375 0.6875 0.6875 0.5 1 0.8125 1 0.75 0.8125 0.1875 1 0.9375 0.5 1 0.875 0.375 1 0.75 1 0.1875 0.1875 1 0.5 0.0625 1 1 0.0625 0.875 1 1 0.6875 0.5 0.5625 0.9375 0.875 1 0.25 0.25 0.4375 0.5625 0.75 0.25 0.125 0.375 0.3125 0.5 0.6875 0.9375 0.875 0.5625 0.625 1 0.3125 0.6875 0.125 0.875 0.0625 0.5625 0.6875 0.9375 0.5625 0.875 0.625 0.3125 0 0.5625 0 0.75 0.625 0.375 1 0.9375 0.4375 0.625 0.75 0.1875 0.875 0.0625 0.375 0.875 0.375 0.5625 0.5625 1 0.875 0.8125 1 0.625 0.0625 0.25 0.8125 0.5625 0.9375 0 0.0625 0.5625 0.5625 1 0.875
0 1 0.375 0 0.75 0 0.6875 0.8125 0.0625 0.5 0.75 0.75 0.8125 0.25 0.1875 0.625 0.3125 0.6875 0.625 1 0.3125 0.375 0.1875 0.75 0 0.75 0.625 0.8125 1 0.5625 1 0.75 0.1875 0 0 0.9375 0.6875 0.875 0.5625 0.6875 0.125 0.625 0.6875 0 0.625 0.8125 0.4375 0.875 0.5625 0.875 0.75 0.5625 0.5625 1 1 0.875 0.6875 1 0.125 0.6875 0.875 0.9375 0.6875 0.8125 0.5625 1 0.75 0.8125 0.3125 0.1875 0.125 0.9375 0.75 1 0.5 0.5 0.5 1 0.75 0.625 0.125 0.125 0.6875 1 0.3125 0.875 0.625 0.4375 0.625 0.4375 0.3125 0.875 0.25 0 0 0.5 1 0.9375 0.6875 0.6875 0.3125 0.75 0.4375 0.875 0.75 1 0.6875 0 0.625 0.75 1 0.3125 0.625 1 0.125 0.375 0.75 0.4375 0.6875 0.75 0.375 0 0.875 0.9375 1 0.1875 0.9375 0 0.625 0.1875 0.3125 0.875 0.625 0.75 0.75 0.9375 0 0.5625 0.1875 0.5 0.5 0.4375 0.5 0.25 0.6875 0.25 0.625 0.1875 1 0.5625 0.5625 0.125 0.75 0.625 0.3125 0.5 0.625 0.8125 0.6875 0 1 0.75 1 0.5625 0.75 1 0.8125 0.625
0.9375 0.0625 0.5625 0.9375 0.375 0.8125 0.75 0.375 0.8125 0.3125 0.8125 0.375 0.8125 0.375 0.4375 0.0625 0.5 0.8125 1 1 0.875 0.625 0.4375 0.5 0.6875 0 0.6875 0.4375 0.0625 0.9375 0.3125 0.9375 0.625 1 0.75 0.875 0.75 0.8125 0.375 0.5625 0.875 0.875 0.6875 0.375 0.3125 1 0.75 0.5625 0.25 0.4375 0.75 0.25 0.4375 0.3125 1 0.9375 0.875 0.5625 1 0.8125 0.875 0.75 0.4375 0.5625 0.9375 0.75 0.5625 0.875 0.375 0.75 0.4375 0.9375 0 0.6875 0.8125 0 0.5 0.75 0.5 0 1 0.3125 0 1 0.9375 0.375 0.875 0.5 0.8125 0 0.8125 0.75 0 0.1875 0.75 0.75 0.9375 0.8125 0.3125 0.5625 0 0.25 0.8125 0.875 1 0.125 1 0.0625 0.625 0.3125 0.5625 0.1875 0.5 0.4375 1 0 0.375 0.8125 0.4375 0.3125 0.875 0.875 0.9375 0.9375 0.375 0.375 0.5 0.1875 0 0.75 0.25 0.625 0.1875 0.5625 0.5 0.875 0.6875 0.25 0.5625 0.75 0.3125 1 0.4375 0.25 0.9375 0.5625 0.9375 0.875 0.5625 0.8125 0.3125 0.8125 0.5 1 0 0.25 0.625 0.25 0.6875 0.5625 0.4375 0.375 0.4375 0.4375 0.6875 1 1 0.9375
3
2
3
2
3
4
4
2
4
1
1
4
2
1
1
4
