50
40
2
3
15
1 2 3 4 5 6 7 8 9 10 11 12 13 14 15 16 17 18 19 20 21 22 23 24 25 26 27 28 29 30 31 32 33 34 35 36 37 38 39 40 41 42 43 44 45 46 47 48 49 50 
1 2 3 4 5 6 7 8 9 10 11 12 13 14 15 16 17 18 19 20 21 22 23 24 25 26 27 28 29 30 31 32 33 34 35 36 37 38 39 40 
1 0 1 0 0 2 0 0 0 0 0 0 0 0 0 0 1 2 1 0 3 0 0 0 2 0 0 2 0 1 0 1 1 1 2 1 0 0 0 0 0 0 0 0 0 0 0 0 2 0 1 0 0 0 0 1 0 1 0 0 0 0 1 0 1 0 0 0 0 0 0 1 0 0 0 0 0 0 0 0 0 0 1 0 0 0 0 0 3 0 0 0 1 0 0 0 0 0 0 0 
0 1 1 0 0 1 0 0 0 1 1 0 0 0 2 1 0 0 0 1 1 0 1 0 2 0 0 0 0 0 2 0 1 0 1 0 0 0 0 0 0 0 0 0 0 0 0 0 0 0 2 2 0 0 0 0 0 1 0 1 0 1 2 1 0 0 2 0 0 2 0 0 1 0 0 0 0 0 2 1 0 0 1 0 0 0 0 3 0 2 0 0 0 3 0 0 0 0 1 0 
0 1 0 0 0 2 2 0 2 0 0 0 0 2 1 0 1 0 0 0 2 0 0 0 0 0 1 3 2 0 0 0 0 0 0 1 0 0 1 2 0 2 0 0 0 0 0 0 1 2 0 2 1 0 0 1 2 0 0 1 0 0 2 0 1 1 0 0 1 3 0 1 0 1 0 0 1 0 1 0 1 0 1 1 0 0 0 2 0 0 0 0 0 0 0 0 1 0 2 2 
0 0 1 0 0 0 2 0 0 0 0 0 0 0 0 0 0 0 0 0 2 0 1 1 0 0 1 0 0 0 0 1 0 0 0 0 0 1 0 0 0 0 0 0 3 0 0 0 0 1 0 0 1 0 0 1 0 0 1 1 0 0 1 1 0 0 0 0 0 0 0 1 2 0 0 1 0 0 0 0 0 0 2 0 0 0 0 0 0 0 0 0 0 0 0 0 2 3 0 1 
2 0 0 0 2 0 0 0 0 0 0 0 0 1 1 0 0 0 0 0 0 0 0 0 0 0 2 0 0 0 0 0 1 0 0 0 1 1 0 0 0 0 0 0 0 0 2 0 0 0 0 0 2 0 2 0 0 1 0 0 0 0 1 0 1 1 0 0 1 0 0 1 1 0 0 0 1 1 0 0 0 1 0 0 2 0 0 0 0 0 0 0 0 3 0 0 0 0 1 0 
1 0 0 0 0 0 0 1 0 1 1 2 0 0 3 0 0 0 1 2 0 0 0 0 2 1 0 0 0 2 0 0 0 0 0 0 0 0 0 0 0 0 0 0 2 0 0 0 0 1 0 0 1 0 0 0 0 0 2 0 0 2 0 1 0 0 2 0 0 0 1 0 0 2 0 0 3 0 0 0 0 0 0 1 0 0 2 0 0 3 0 1 0 3 0 0 0 1 1 1 
0 0 0 1 1 0 0 1 1 0 1 0 0 0 2 1 0 0 0 1 0 0 1 0 0 0 1 1 0 1 0 0 1 2 0 0 1 0 0 0 0 0 0 0 1 0 1 3 0 0 2 0 0 0 1 0 0 0 1 0 0 0 0 3 1 1 0 0 0 1 0 0 0 0 1 0 1 0 0 0 0 0 1 0 0 0 1 0 0 0 0 0 0 2 0 2 0 0 0 0 
1 2 0 0 0 0 2 0 0 1 0 1 1 0 0 0 0 1 0 0 0 0 0 0 0 0 2 0 0 0 0 1 1 0 0 1 0 1 0 0 0 0 0 0 0 2 0 0 0 0 0 0 0 0 0 0 0 0 0 0 0 0 3 0 0 0 2 3 1 0 0 0 0 0 0 0 0 0 1 0 0 0 0 0 1 0 0 0 0 1 0 1 0 1 0 0 0 0 0 0 
0 0 0 1 0 0 0 0 0 0 0 0 0 0 0 0 2 1 0 0 0 0 0 0 0 1 0 1 0 0 0 0 0 0 0 0 1 0 0 0 2 0 0 2 0 0 0 0 0 0 0 3 1 0 0 0 0 0 0 0 1 0 0 0 0 0 0 2 0 0 0 0 0 0 0 1 0 0 2 1 0 0 0 2 1 0 0 0 0 0 0 1 0 1 0 0 0 0 2 0 
0 0 0 0 1 0 1 0 0 3 0 0 2 0 0 0 0 0 0 0 0 0 3 1 0 0 0 0 2 0 0 0 0 0 0 1 0 1 0 0 0 0 0 0 0 2 0 0 0 2 0 0 0 1 0 0 0 0 0 0 0 0 0 1 0 0 0 1 1 0 0 0 0 0 0 0 0 0 0 0 0 0 0 0 0 0 0 0 0 1 0 0 0 1 1 0 1 1 0 2 
0 0 1 0 0 0 0 1 0 1 0 0 0 0 0 0 0 1 0 0 0 1 1 0 0 0 0 0 0 0 0 0 0 1 0 3 0 0 0 0 0 0 1 2 2 0 0 0 0 1 0 1 1 0 0 1 0 0 0 0 0 0 0 0 0 2 0 0 0 0 0 0 1 0 0 0 2 0 0 0 0 1 0 0 0 0 0 0 0 0 0 0 1 1 0 0 0 0 0 0 
0 0 0 0 0 0 0 0 0 0 1 0 0 1 0 0 0 0 1 0 0 0 1 0 0 0 1 0 0 3 0 0 0 0 1 0 0 0 2 0 1 1 0 0 0 0 0 0 0 0 1 0 0 0 0 0 0 1 3 0 0 0 0 0 0 0 0 0 0 1 0 0 0 0 0 0 3 0 1 1 0 0 0 0 0 1 0 0 0 0 0 0 0 0 2 1 0 0 0 0 
0 0 0 2 0 0 1 0 1 0 0 0 0 0 0 0 0 0 0 0 0 0 0 0 0 0 3 0 0 1 0 0 0 0 1 0 0 0 0 0 3 0 1 1 2 2 0 0 0 0 2 1 0 0 0 1 2 1 0 1 0 0 0 0 0 0 1 0 0 0 0 1 0 0 0 0 0 0 2 1 1 0 0 0 0 0 1 0 0 0 0 0 0 3 0 0 0 0 0 0 
1 0 0 0 0 0 0 1 1 0 0 1 0 0 0 0 2 0 0 0 0 0 0 0 1 2 2 1 0 1 0 0 0 0 1 0 0 0 0 1 1 0 0 1 0 2 1 0 0 0 0 0 0 1 0 0 1 1 0 0 0 0 2 0 0 0 0 0 0 1 1 3 0 0 0 0 0 0 0 1 0 0 1 1 0 2 0 0 0 0 1 0 2 0 0 0 0 2 0 2 
0 0 0 0 2 0 0 1 0 1 0 0 0 2 0 0 0 0 0 0 2 0 0 0 0 0 1 1 0 2 1 1 1 1 0 0 0 1 0 0 1 0 0 0 0 2 0 0 0 0 0 0 3 3 1 0 0 0 0 0 0 0 0 2 2 0 0 0 0 1 1 1 0 0 1 0 3 0 0 0 0 1 1 0 3 1 2 0 1 0 0 0 0 0 0 0 1 0 2 0 
31 24 38 34 44 12 33 19 29 32 33 32 36 20 40 28 29 19 44 19 38 31 18 26 40 40 41 45 22 31 33 12 12 17 22 27 9 13 19 21 41 34 17 13 32 36 21 12 27 34 
1000 1000 1000 1000 1000 1000 1000 1000 1000 1000 1000 1000 1000 1000 1000 1000 1000 1000 1000 1000 1000 1000 1000 1000 1000 1000 1000 1000 1000 1000 1000 1000 1000 1000 1000 1000 1000 1000 1000 1000 1000 1000 1000 1000 1000 1000 1000 1000 1000 1000 
1000 1000 1000 1000 1000 1000 1000 1000 1000 1000 1000 1000 1000 1000 1000 1000 1000 1000 1000 1000 1000 1000 1000 1000 1000 1000 1000 1000 1000 1000 1000 1000 1000 1000 1000 1000 1000 1000 1000 1000 1000 1000 1000 1000 1000 1000 1000 1000 1000 1000 
45 19 44 27 25 10 15 34 44 22 31 13 28 44 12 34 27 27 29 42 38 25 15 29 11 15 21 18 25 16 30 28 9 27 10 15 22 9 19 36 21 44 12 10 34 18 33 36 37 35 
11 21 35 11 9 14 15 35 34 34 33 37 45 34 13 11 26 23 37 43 45 14 20 32 30 29 20 27 37 25 13 12 23 14 32 41 37 30 43 33 17 13 40 38 14 35 17 39 24 26 
36 44 31 23 12 35 17 45 15 40 22 41 36 26 10 18 28 28 43 12 24 12 19 37 11 24 11 19 16 38 19 18 29 29 16 14 21 10 17 44 15 10 11 12 26 14 44 38 14 41 
16 15 19 18 34 33 19 42 26 31 20 19 12 39 15 26 15 33 13 32 29 33 42 21 37 16 37 13 13 41 29 22 38 39 14 42 32 14 30 40 16 43 23 45 34 21 10 15 22 9 
1000 1000 1000 1000 1000 1000 1000 1000 1000 1000 1000 1000 1000 1000 1000 1000 1000 1000 1000 1000 1000 1000 1000 1000 1000 1000 1000 1000 1000 1000 1000 1000 1000 1000 1000 1000 1000 1000 1000 1000 1000 1000 1000 1000 1000 1000 1000 1000 1000 1000 
27 43 13 45 33 13 44 14 39 13 32 23 45 32 20 36 23 20 22 37 32 16 26 19 37 35 24 17 13 24 16 19 38 37 10 41 20 23 42 36 45 25 36 29 19 21 30 44 25 18 
1000 1000 1000 1000 1000 1000 1000 1000 1000 1000 1000 1000 1000 1000 1000 1000 1000 1000 1000 1000 1000 1000 1000 1000 1000 1000 1000 1000 1000 1000 1000 1000 1000 1000 1000 1000 1000 1000 1000 1000 1000 1000 1000 1000 1000 1000 1000 1000 1000 1000 
1000 1000 1000 1000 1000 1000 1000 1000 1000 1000 1000 1000 1000 1000 1000 1000 1000 1000 1000 1000 1000 1000 1000 1000 1000 1000 1000 1000 1000 1000 1000 1000 1000 1000 1000 1000 1000 1000 1000 1000 1000 1000 1000 1000 1000 1000 1000 1000 1000 1000 
1000 1000 1000 1000 1000 1000 1000 1000 1000 1000 1000 1000 1000 1000 1000 1000 1000 1000 1000 1000 1000 1000 1000 1000 1000 1000 1000 1000 1000 1000 1000 1000 1000 1000 1000 1000 1000 1000 1000 1000 1000 1000 1000 1000 1000 1000 1000 1000 1000 1000 
1000 1000 1000 1000 1000 1000 1000 1000 1000 1000 1000 1000 1000 1000 1000 1000 1000 1000 1000 1000 1000 1000 1000 1000 1000 1000 1000 1000 1000 1000 1000 1000 1000 1000 1000 1000 1000 1000 1000 1000 1000 1000 1000 1000 1000 1000 1000 1000 1000 1000 
1000 1000 1000 1000 1000 1000 1000 1000 1000 1000 1000 1000 1000 1000 1000 1000 1000 1000 1000 1000 1000 1000 1000 1000 1000 1000 1000 1000 1000 1000 1000 1000 1000 1000 1000 1000 1000 1000 1000 1000 1000 1000 1000 1000 1000 1000 1000 1000 1000 1000 
23 42 13 19 40 45 45 23 45 45 32 38 29 14 9 21 21 22 11 18 11 30 32 17 11 17 24 25 44 28 13 15 32 23 40 31 37 18 26 13 27 22 34 19 24 24 23 38 11 37 
1000 1000 1000 1000 1000 1000 1000 1000 1000 1000 1000 1000 1000 1000 1000 1000 1000 1000 1000 1000 1000 1000 1000 1000 1000 1000 1000 1000 1000 1000 1000 1000 1000 1000 1000 1000 1000 1000 1000 1000 1000 1000 1000 1000 1000 1000 1000 1000 1000 1000 
28 32 30 42 13 33 35 32 13 23 35 34 30 28 37 13 12 13 11 40 17 27 32 33 30 21 36 19 32 25 24 22 12 9 16 27 17 41 9 12 33 9 38 13 15 35 40 17 24 21 
1000 1000 1000 1000 1000 1000 1000 1000 1000 1000 1000 1000 1000 1000 1000 1000 1000 1000 1000 1000 1000 1000 1000 1000 1000 1000 1000 1000 1000 1000 1000 1000 1000 1000 1000 1000 1000 1000 1000 1000 1000 1000 1000 1000 1000 1000 1000 1000 1000 1000 
22 36 12 11 43 44 22 18 33 41 34 36 33 20 42 31 14 33 31 24 21 19 40 38 31 13 30 23 13 45 23 11 20 25 38 18 30 16 10 33 19 25 26 39 27 45 42 28 36 22 
35 12 34 32 15 11 22 34 10 37 41 25 14 40 43 20 40 18 21 37 30 13 35 29 43 27 29 11 11 39 29 45 10 41 13 41 33 26 21 28 37 31 38 42 39 25 34 41 31 24 
38 42 10 31 17 31 28 32 15 38 13 28 27 29 45 37 18 11 43 11 32 42 30 27 41 29 29 45 21 10 22 43 9 9 23 33 39 9 30 30 29 20 26 19 39 20 43 24 40 38 
10 26 24 30 36 36 15 25 9 31 13 40 12 28 40 21 40 14 29 32 32 39 37 31 39 21 28 43 37 20 31 14 29 21 43 22 15 23 9 39 20 41 32 34 39 15 32 33 45 43 
33 42 17 20 15 11 35 20 19 23 38 36 39 12 30 40 45 30 31 16 11 44 22 11 14 22 28 13 19 36 21 33 29 16 23 36 41 11 31 15 26 29 45 20 14 9 35 10 31 42 
1000 1000 1000 1000 1000 1000 1000 1000 1000 1000 1000 1000 1000 1000 1000 1000 1000 1000 1000 1000 1000 1000 1000 1000 1000 1000 1000 1000 1000 1000 1000 1000 1000 1000 1000 1000 1000 1000 1000 1000 1000 1000 1000 1000 1000 1000 1000 1000 1000 1000 
1000 1000 1000 1000 1000 1000 1000 1000 1000 1000 1000 1000 1000 1000 1000 1000 1000 1000 1000 1000 1000 1000 1000 1000 1000 1000 1000 1000 1000 1000 1000 1000 1000 1000 1000 1000 1000 1000 1000 1000 1000 1000 1000 1000 1000 1000 1000 1000 1000 1000 
1000 1000 1000 1000 1000 1000 1000 1000 1000 1000 1000 1000 1000 1000 1000 1000 1000 1000 1000 1000 1000 1000 1000 1000 1000 1000 1000 1000 1000 1000 1000 1000 1000 1000 1000 1000 1000 1000 1000 1000 1000 1000 1000 1000 1000 1000 1000 1000 1000 1000 
1000 1000 1000 1000 1000 1000 1000 1000 1000 1000 1000 1000 1000 1000 1000 1000 1000 1000 1000 1000 1000 1000 1000 1000 1000 1000 1000 1000 1000 1000 1000 1000 1000 1000 1000 1000 1000 1000 1000 1000 1000 1000 1000 1000 1000 1000 1000 1000 1000 1000 
17 34 10 11 9 23 13 15 45 22 13 9 11 26 11 10 23 36 14 27 32 15 22 24 33 43 39 28 38 30 35 17 21 38 31 21 17 34 40 26 22 41 11 36 25 32 15 17 18 25 
42 42 35 16 18 29 43 26 11 39 11 30 34 18 28 30 28 11 39 14 11 25 38 11 17 40 37 19 35 20 44 23 12 34 17 13 33 40 25 29 24 38 36 44 43 30 25 41 35 11 
33 21 45 31 34 11 12 44 36 44 30 23 38 24 22 10 39 31 18 14 26 38 18 11 25 11 9 15 43 22 38 35 18 23 32 31 29 36 45 18 40 43 19 11 11 14 21 12 26 34 
1000 1000 1000 1000 1000 1000 1000 1000 1000 1000 1000 1000 1000 1000 1000 1000 1000 1000 1000 1000 1000 1000 1000 1000 1000 1000 1000 1000 1000 1000 1000 1000 1000 1000 1000 1000 1000 1000 1000 1000 1000 1000 1000 1000 1000 1000 1000 1000 1000 1000 
1000 1000 1000 1000 1000 1000 1000 1000 1000 1000 1000 1000 1000 1000 1000 1000 1000 1000 1000 1000 1000 1000 1000 1000 1000 1000 1000 1000 1000 1000 1000 1000 1000 1000 1000 1000 1000 1000 1000 1000 1000 1000 1000 1000 1000 1000 1000 1000 1000 1000 
19 44 36 37 25 18 29 41 11 16 42 39 32 30 33 36 29 24 33 26 35 23 35 40 36 38 35 44 11 42 40 39 45 29 17 20 28 26 25 34 12 36 15 41 40 27 27 10 25 14 
44 10 42 28 24 22 20 9 21 35 31 41 24 21 37 16 31 29 13 43 12 26 16 43 37 12 22 16 9 33 10 24 30 14 15 12 29 23 42 34 32 42 29 33 32 11 39 40 18 32 
12 21 23 13 16 22 41 22 24 38 38 27 31 44 42 16 42 45 35 9 15 15 9 27 37 33 33 35 19 36 19 32 10 12 22 33 19 29 29 15 35 37 33 20 22 36 36 29 17 28 
1000 1000 1000 1000 1000 1000 1000 1000 1000 1000 1000 1000 1000 1000 1000 1000 1000 1000 1000 1000 1000 1000 1000 1000 1000 1000 1000 1000 1000 1000 1000 1000 1000 1000 1000 1000 1000 1000 1000 1000 1000 1000 1000 1000 1000 1000 1000 1000 1000 1000 
27 27 32 14 37 37 37 18 12 36 23 35 41 18 38 45 19 16 35 44 42 9 45 45 34 19 27 39 41 43 25 39 44 45 31 44 17 41 24 15 17 39 16 12 42 30 9 23 23 39 
18 24 41 32 12 37 30 33 29 19 23 39 38 41 21 25 14 16 24 43 36 33 33 27 35 36 31 17 43 19 42 11 42 9 9 45 11 32 29 42 24 34 14 30 15 30 11 36 22 38 
1000 1000 1000 1000 1000 1000 1000 1000 1000 1000 1000 1000 1000 1000 1000 1000 1000 1000 1000 1000 1000 1000 1000 1000 1000 1000 1000 1000 1000 1000 1000 1000 1000 1000 1000 1000 1000 1000 1000 1000 1000 1000 1000 1000 1000 1000 1000 1000 1000 1000 
42 37 27 14 13 39 34 22 32 14 18 41 37 36 24 40 42 35 11 22 34 28 37 22 37 29 37 24 41 29 30 10 37 10 12 25 44 29 45 23 22 40 27 40 34 41 34 34 24 14 
1000 1000 1000 1000 1000 1000 1000 1000 1000 1000 1000 1000 1000 1000 1000 1000 1000 1000 1000 1000 1000 1000 1000 1000 1000 1000 1000 1000 1000 1000 1000 1000 1000 1000 1000 1000 1000 1000 1000 1000 1000 1000 1000 1000 1000 1000 1000 1000 1000 1000 
20 29 27 16 31 32 31 33 26 32 34 18 34 26 28 16 30 23 31 24 34 18 17 18 19 24 34 21 20 16 19 28 16 34 24 29 28 31 35 34 20 21 33 30 16 34 25 19 26 29 
1000 1000 1000 1000 1000 1000 1000 1000 1000 1000 1000 1000 1000 1000 1000 1000 1000 1000 1000 1000 1000 1000 1000 1000 1000 1000 1000 1000 1000 1000 1000 1000 1000 1000 1000 1000 1000 1000 1000 1000 1000 1000 1000 1000 1000 1000 1000 1000 1000 1000 
24 29 18 16 22 34 22 16 30 20 34 32 27 22 17 19 20 26 20 17 22 35 24 25 30 26 28 32 23 24 18 16 24 18 23 22 29 34 30 21 32 31 29 15 21 16 35 17 24 30 
26 25 34 22 32 26 24 15 15 18 32 20 17 33 34 30 30 18 24 15 28 27 33 29 35 30 32 28 19 18 21 30 32 21 28 31 21 23 19 28 21 34 22 34 35 18 35 30 26 20 
17 32 28 24 31 33 31 33 17 18 23 30 31 24 34 29 21 33 24 29 16 35 33 17 20 34 20 15 35 20 25 32 18 24 29 28 33 21 22 24 19 29 16 34 15 32 19 15 23 21 
30 23 22 35 19 29 30 21 28 26 23 31 27 19 35 20 15 28 27 26 33 26 25 25 32 21 21 25 29 28 27 31 18 31 16 23 15 24 26 22 24 23 19 19 25 20 21 17 22 20 
26 22 19 17 18 17 25 25 21 21 19 18 30 33 15 29 31 17 21 20 32 20 24 15 16 28 15 32 22 25 33 26 16 33 26 16 25 24 15 25 25 31 18 23 26 33 26 30 35 15 
27 16 19 30 26 34 21 19 27 24 28 29 34 20 17 19 23 20 22 27 25 28 32 16 27 31 28 24 21 22 32 20 33 19 26 27 31 18 31 29 19 28 35 15 35 18 24 23 26 17 
33 25 22 35 31 23 25 20 35 35 30 25 24 24 21 35 34 15 22 24 23 16 25 34 34 16 32 27 23 30 35 28 18 16 23 32 30 16 18 16 21 17 21 21 22 16 23 22 16 33 
22 35 24 29 33 26 21 16 32 29 35 31 20 15 29 21 16 19 21 31 25 16 35 20 27 29 18 27 29 18 15 29 21 22 20 30 35 22 23 25 18 20 29 18 26 17 17 22 16 31 
16 35 19 15 35 19 29 29 26 26 16 30 32 27 35 34 27 29 24 31 21 16 24 30 23 16 15 32 25 32 31 27 30 18 30 30 19 32 18 29 26 25 35 31 25 24 28 28 15 30 
30 16 19 33 25 27 19 34 17 15 29 35 22 15 20 15 19 17 27 15 25 20 26 35 28 15 26 22 28 30 25 19 29 29 21 23 20 22 15 31 16 26 29 19 20 31 34 20 29 28 
35 17 18 33 20 29 22 29 16 20 22 15 26 26 24 17 31 27 33 26 22 32 34 19 19 31 16 25 29 24 24 18 35 26 35 23 21 21 30 23 22 19 26 19 19 15 27 34 25 21 
16 33 26 33 20 22 17 29 17 18 22 19 33 25 30 31 17 25 23 16 19 17 19 22 18 19 26 25 30 21 21 28 26 34 16 30 26 22 30 19 28 19 15 27 32 20 21 23 19 30 
1000 1000 1000 1000 1000 1000 1000 1000 1000 1000 1000 1000 1000 1000 1000 1000 1000 1000 1000 1000 1000 1000 1000 1000 1000 1000 1000 1000 1000 1000 1000 1000 1000 1000 1000 1000 1000 1000 1000 1000 1000 1000 1000 1000 1000 1000 1000 1000 1000 1000 
21 34 32 16 31 35 24 30 21 30 29 32 28 25 29 31 17 31 20 19 15 35 29 35 15 28 30 21 20 28 16 20 30 20 24 21 26 27 21 30 34 26 15 19 32 34 31 29 20 28 
1000 1000 1000 1000 1000 1000 1000 1000 1000 1000 1000 1000 1000 1000 1000 1000 1000 1000 1000 1000 1000 1000 1000 1000 1000 1000 1000 1000 1000 1000 1000 1000 1000 1000 1000 1000 1000 1000 1000 1000 1000 1000 1000 1000 1000 1000 1000 1000 1000 1000 
15 31 33 32 15 19 19 15 17 21 29 27 25 18 20 23 31 25 28 30 22 20 24 22 23 33 24 28 18 27 17 15 29 22 23 17 32 28 27 35 29 30 35 25 30 17 29 30 33 19 
23 25 16 31 31 21 24 16 35 25 27 21 35 25 32 32 33 35 19 28 27 27 26 32 29 25 30 34 18 29 26 29 30 18 16 29 35 34 27 20 24 27 20 19 22 19 35 32 16 35 
24 23 22 17 29 30 35 17 18 15 25 20 16 35 15 21 34 21 30 26 32 25 25 27 29 31 15 17 32 30 16 26 24 23 31 17 27 18 30 17 32 33 21 20 18 25 24 32 19 35 
23 24 23 17 22 17 29 33 30 30 24 18 18 24 18 19 21 25 19 18 35 25 29 31 19 19 33 34 34 16 15 20 17 25 30 29 28 31 29 32 29 27 22 17 34 21 27 16 23 34 
30 21 32 21 25 33 23 30 18 16 27 26 22 19 16 28 32 25 34 23 24 27 20 19 30 22 32 25 20 26 25 30 25 28 19 32 30 25 35 27 26 19 20 29 27 34 28 19 24 19 
27 28 28 34 34 24 22 29 30 31 21 16 28 16 17 22 28 33 24 32 25 34 23 16 27 27 15 28 24 16 30 25 25 23 20 20 17 20 24 20 35 15 27 32 35 33 24 31 28 28 
1000 1000 1000 1000 1000 1000 1000 1000 1000 1000 1000 1000 1000 1000 1000 1000 1000 1000 1000 1000 1000 1000 1000 1000 1000 1000 1000 1000 1000 1000 1000 1000 1000 1000 1000 1000 1000 1000 1000 1000 1000 1000 1000 1000 1000 1000 1000 1000 1000 1000 
24 24 32 33 32 28 27 27 23 24 35 35 17 29 18 20 28 25 33 17 15 29 34 32 18 30 19 19 24 31 33 33 23 24 30 30 25 17 26 32 32 35 17 29 22 25 29 26 20 35 
30 26 30 20 25 34 30 31 23 23 28 32 33 18 30 23 32 35 17 22 16 15 22 15 29 27 20 25 29 16 22 19 29 17 17 15 20 33 31 28 27 16 26 28 23 32 34 26 20 21 
23 28 31 26 25 30 34 25 23 15 26 30 34 30 15 34 19 32 21 15 29 29 20 18 26 18 20 26 18 35 19 29 27 29 28 32 30 21 33 33 35 21 23 24 28 22 31 26 19 27 
25 18 33 31 27 33 16 25 28 24 19 21 27 28 32 35 20 18 31 28 23 19 29 29 18 27 30 21 32 20 32 23 33 30 22 23 34 35 32 26 22 16 33 21 22 15 28 25 23 23 
27 20 20 18 22 24 25 27 29 35 16 23 29 17 16 31 22 16 18 21 18 31 20 28 35 22 25 19 22 35 33 15 21 15 26 29 27 25 23 24 23 16 32 16 19 29 30 27 33 32 
30 18 18 18 15 18 35 20 24 16 26 15 21 22 17 34 34 19 21 29 18 17 35 17 32 28 17 15 26 35 17 26 23 26 18 25 18 25 29 18 23 18 26 25 23 35 18 32 32 31 
24 21 16 24 16 33 20 28 33 30 18 23 26 17 19 35 17 29 27 35 26 22 18 30 31 32 31 25 20 21 23 20 34 33 26 35 22 34 18 22 33 34 30 29 15 31 16 25 18 17 
16 24 29 25 23 34 15 25 33 25 22 17 25 29 28 34 15 34 33 31 34 22 16 34 17 21 15 33 20 30 25 28 19 24 22 27 28 31 20 31 26 19 17 15 26 24 32 27 19 21 
23 17 24 15 19 17 34 24 15 29 17 28 15 19 31 21 32 26 30 30 26 22 24 23 22 16 32 26 26 32 30 32 32 16 30 32 18 29 16 24 16 27 30 28 24 15 18 27 21 35 
1000 1000 1000 1000 1000 1000 1000 1000 1000 1000 1000 1000 1000 1000 1000 1000 1000 1000 1000 1000 1000 1000 1000 1000 1000 1000 1000 1000 1000 1000 1000 1000 1000 1000 1000 1000 1000 1000 1000 1000 1000 1000 1000 1000 1000 1000 1000 1000 1000 1000 
24 26 32 30 16 18 30 33 31 31 16 23 29 35 34 32 33 33 16 18 28 17 21 35 21 29 17 23 16 31 30 26 26 24 32 20 25 31 18 32 15 23 20 30 17 27 30 16 27 31 
25 30 21 28 18 19 21 24 33 24 35 24 18 15 28 33 33 31 18 31 24 18 17 18 25 20 20 26 19 21 15 17 22 31 31 19 21 31 31 16 17 30 27 30 21 30 28 15 31 25 
17 18 15 22 23 30 32 17 28 24 34 34 28 24 16 19 22 19 35 33 16 23 31 24 32 29 27 29 28 29 32 31 32 23 15 25 19 18 26 32 35 33 15 21 20 25 27 20 34 35 
35 20 21 35 23 24 21 21 25 23 30 19 35 17 23 29 22 24 20 27 26 32 23 33 30 24 27 26 29 17 26 24 25 25 29 30 23 30 25 26 21 31 21 31 26 35 19 25 32 25 
28 34 16 23 33 27 27 25 33 26 25 17 20 24 23 20 26 30 27 29 19 32 29 32 17 33 22 20 32 18 30 30 22 15 17 23 21 33 30 20 31 29 15 21 32 17 25 35 24 34 
0 0.06666666666666665 0 0 0 0.8666666666666667 0 0.4 0 0 0 0 0 0.33333333333333337 0 0 0 0.4 0 0.4 0 0 0.4666666666666667 0 0 0 0 0 0.19999999999999996 0 0 0.8666666666666667 0.8666666666666667 0.5333333333333333 0.19999999999999996 0 1 0.8 0.4 0.2666666666666667 0 0 0.5333333333333333 0.8 0 0 0.2666666666666667 0.8666666666666667 0 0 
0 0 0 0 0 0 0 0 0 0 0 0 0 0 0 0 0 0 0 0 0 0 0 0 0 0 0 0 0 0 0 0 0 0 0 0 0 0 0 0 0 0 0 0 0 0 0 0 0 0 
0 0 0 0 0 0 0 0 0 0 0 0 0 0 0 0 0 0 0 0 0 0 0 0 0 0 0 0 0 0 0 0 0 0 0 0 0 0 0 0 0 0 0 0 0 0 0 0 0 0 
0 0.4 0 0 0.0 1.0 0.6666666666666667 0 0 0.19999999999999996 0 0.8 0 0 0.8666666666666667 0 0 0 0 0 0 0.0 0.6666666666666667 0 0.9333333333333333 0.6666666666666667 0.2666666666666667 0.4666666666666667 0.0 0.6 0 0 1 0 1.0 0.6666666666666667 0.19999999999999996 1 0.4 0 0.2666666666666667 0 0.8666666666666667 1.0 0 0.4666666666666667 0 0 0 0 
0.9333333333333333 0.2666666666666667 0 0.9333333333333333 1 0.7333333333333334 0.6666666666666667 0 0 0 0 0 0 0 0.8 0.9333333333333333 0 0.1333333333333333 0 0 0 0.7333333333333334 0.33333333333333337 0 0 0 0.33333333333333337 0 0 0.0 0.8 0.8666666666666667 0.1333333333333333 0.7333333333333334 0 0 0 0 0 0 0.5333333333333333 0.8 0 0 0.7333333333333334 0 0.5333333333333333 0 0.06666666666666665 0 
0 0 0 0.1333333333333333 0.8666666666666667 0 0.5333333333333333 0 0.6666666666666667 0 0.19999999999999996 0 0 0 1.0 0.4666666666666667 0 0 0 0.8666666666666667 0.06666666666666665 0.8666666666666667 0.4 0 0.9333333333333333 0.06666666666666665 0.9333333333333333 0.4 0.6 0 0.4 0.4666666666666667 0 0 0.6 0.7333333333333334 0.2666666666666667 1.0 0.5333333333333333 0 0.6666666666666667 1.0 0.9333333333333333 0.8666666666666667 0 0.7333333333333334 0 0 0.7333333333333334 0 
0.6 0.6666666666666667 0.4 0.4666666666666667 0 0 0.4 0 0 0 0.33333333333333337 0.4 0.8666666666666667 0 0.6666666666666667 0 0.6666666666666667 0 0.8 0 0 0 0 0.2666666666666667 0 0.6 0 0.8 0.8 0 0 0.19999999999999996 0 0 0.7333333333333334 0 0 0.7333333333333334 0 0 0.6 0 0.1333333333333333 0 0 0.2666666666666667 1.0 0.6666666666666667 0.19999999999999996 1 
0 0 0 0 0 0 0 0 0 0 0 0 0 0 0 0 0 0 0 0 0 0 0 0 0 0 0 0 0 0 0 0 0 0 0 0 0 0 0 0 0 0 0 0 0 0 0 0 0 0 
0 0 0.8 0 0 0.8 0 0.7333333333333334 0 0.8 0 0.1333333333333333 0 0 0.33333333333333337 0 0.1333333333333333 0.33333333333333337 0.19999999999999996 0 0 0.6 0 0.4 0 0 0.06666666666666665 0.5333333333333333 0.8 0.06666666666666665 0.6 0.4 0 0 1.0 0 0.33333333333333337 0.1333333333333333 0 0 0 0.0 0 0 0.4 0.2666666666666667 0 0 0.0 0.4666666666666667 
0 0 0 0 0 0 0 0 0 0 0 0 0 0 0 0 0 0 0 0 0 0 0 0 0 0 0 0 0 0 0 0 0 0 0 0 0 0 0 0 0 0 0 0 0 0 0 0 0 0 
0 0 0 0 0 0 0 0 0 0 0 0 0 0 0 0 0 0 0 0 0 0 0 0 0 0 0 0 0 0 0 0 0 0 0 0 0 0 0 0 0 0 0 0 0 0 0 0 0 0 
0 0 0 0 0 0 0 0 0 0 0 0 0 0 0 0 0 0 0 0 0 0 0 0 0 0 0 0 0 0 0 0 0 0 0 0 0 0 0 0 0 0 0 0 0 0 0 0 0 0 
0 0 0 0 0 0 0 0 0 0 0 0 0 0 0 0 0 0 0 0 0 0 0 0 0 0 0 0 0 0 0 0 0 0 0 0 0 0 0 0 0 0 0 0 0 0 0 0 0 0 
0 0 0 0 0 0 0 0 0 0 0 0 0 0 0 0 0 0 0 0 0 0 0 0 0 0 0 0 0 0 0 0 0 0 0 0 0 0 0 0 0 0 0 0 0 0 0 0 0 0 
0.1333333333333333 0 0.8 0.4 0 0 0 0.1333333333333333 0 0 0 0 0 0.7333333333333334 1 0.2666666666666667 0.2666666666666667 0.19999999999999996 0.9333333333333333 0.4666666666666667 0.9333333333333333 0 0 0.5333333333333333 0.9333333333333333 0.5333333333333333 0.06666666666666665 0.0 0 0 0.8 0.6666666666666667 0 0.1333333333333333 0 0 0 0.4666666666666667 0 0.8 0 0.19999999999999996 0 0.4 0.06666666666666665 0.06666666666666665 0.1333333333333333 0 0.9333333333333333 0 
0 0 0 0 0 0 0 0 0 0 0 0 0 0 0 0 0 0 0 0 0 0 0 0 0 0 0 0 0 0 0 0 0 0 0 0 0 0 0 0 0 0 0 0 0 0 0 0 0 0 
0 0 0 0 0.8 0 0 0 0.8 0.1333333333333333 0 0 0 0 0 0.8 0.8666666666666667 0.8 0.9333333333333333 0 0.5333333333333333 0 0 0 0 0.2666666666666667 0 0.4 0 0.0 0.06666666666666665 0.19999999999999996 0.8666666666666667 1 0.6 0 0.5333333333333333 0 1 0.8666666666666667 0 1 0 0.8 0.6666666666666667 0 0 0.5333333333333333 0.06666666666666665 0.2666666666666667 
0 0 0 0 0 0 0 0 0 0 0 0 0 0 0 0 0 0 0 0 0 0 0 0 0 0 0 0 0 0 0 0 0 0 0 0 0 0 0 0 0 0 0 0 0 0 0 0 0 0 
0.19999999999999996 0 0.8666666666666667 0.9333333333333333 0 0 0.19999999999999996 0.4666666666666667 0 0 0 0 0 0.33333333333333337 0 0 0.7333333333333334 0 0 0.06666666666666665 0.2666666666666667 0.4 0 0 0 0.8 0 0.1333333333333333 0.8 0 0.1333333333333333 0.9333333333333333 0.33333333333333337 0.0 0 0.4666666666666667 0 0.6 1.0 0 0.4 0.0 0 0 0 0 0 0 0 0.19999999999999996 
0 0.8666666666666667 0 0 0.6666666666666667 0.9333333333333333 0.19999999999999996 0 1.0 0 0 0.0 0.7333333333333334 0 0 0.33333333333333337 0 0.4666666666666667 0.2666666666666667 0 0 0.8 0 0 0 0 0 0.9333333333333333 0.9333333333333333 0 0 0 1.0 0 0.8 0 0 0 0.2666666666666667 0 0 0 0 0 0 0.0 0 0 0 0.06666666666666665 
0 0 1.0 0 0.5333333333333333 0 0 0 0.6666666666666667 0 0.8 0 0 0 0 0 0.4666666666666667 0.9333333333333333 0 0.9333333333333333 0 0 0 0 0 0 0 0 0.2666666666666667 1.0 0.19999999999999996 0 1 1 0.1333333333333333 0 0 1 0 0 0 0.33333333333333337 0 0.4 0 0.33333333333333337 0 0.06666666666666665 0 0 
1.0 0 0.06666666666666665 0 0 0 0.6666666666666667 0.0 1 0 0.8 0 0.8666666666666667 0 0 0.2666666666666667 0 0.7333333333333334 0 0 0 0 0 0 0 0.2666666666666667 0 0 0 0.33333333333333337 0 0.7333333333333334 0 0.2666666666666667 0 0.19999999999999996 0.6666666666666667 0.1333333333333333 1 0 0.33333333333333337 0 0 0 0 0.6666666666666667 0 0 0 0 
0 0 0.5333333333333333 0.33333333333333337 0.6666666666666667 0.9333333333333333 0 0.33333333333333337 0.4 0.1333333333333333 0 0 0 0.8666666666666667 0 0 0 0 0 0.6 0.9333333333333333 0 0.19999999999999996 0.9333333333333333 0.7333333333333334 0.19999999999999996 0 0.8 0.4 0 0.2666666666666667 0 0 0.6 0.1333333333333333 0 0 0.9333333333333333 0 0.6666666666666667 0 0 0 0.33333333333333337 0.7333333333333334 1 0 1.0 0 0 
0 0 0 0 0 0 0 0 0 0 0 0 0 0 0 0 0 0 0 0 0 0 0 0 0 0 0 0 0 0 0 0 0 0 0 0 0 0 0 0 0 0 0 0 0 0 0 0 0 0 
0 0 0 0 0 0 0 0 0 0 0 0 0 0 0 0 0 0 0 0 0 0 0 0 0 0 0 0 0 0 0 0 0 0 0 0 0 0 0 0 0 0 0 0 0 0 0 0 0 0 
0 0 0 0 0 0 0 0 0 0 0 0 0 0 0 0 0 0 0 0 0 0 0 0 0 0 0 0 0 0 0 0 0 0 0 0 0 0 0 0 0 0 0 0 0 0 0 0 0 0 
0 0 0 0 0 0 0 0 0 0 0 0 0 0 0 0 0 0 0 0 0 0 0 0 0 0 0 0 0 0 0 0 0 0 0 0 0 0 0 0 0 0 0 0 0 0 0 0 0 0 
0.5333333333333333 0 1.0 0.9333333333333333 1 0.1333333333333333 0.8 0.6666666666666667 0 0.19999999999999996 0.8 1 0.9333333333333333 0 0.9333333333333333 1.0 0.1333333333333333 0 0.7333333333333334 0 0 0.6666666666666667 0.19999999999999996 0.06666666666666665 0 0 0 0 0 0 0 0.5333333333333333 0.2666666666666667 0 0 0.2666666666666667 0.5333333333333333 0 0 0 0.19999999999999996 0 0.9333333333333333 0 0.0 0 0.6666666666666667 0.5333333333333333 0.4666666666666667 0.0 
0 0 0 0.6 0.4666666666666667 0 0 0 0.9333333333333333 0 0.9333333333333333 0 0 0.4666666666666667 0 0 0 0.9333333333333333 0 0.7333333333333334 0.9333333333333333 0.0 0 0.9333333333333333 0.5333333333333333 0 0 0.4 0 0.33333333333333337 0 0.1333333333333333 0.8666666666666667 0 0.5333333333333333 0.8 0 0 0.0 0 0.06666666666666665 0 0 0 0 0 0.0 0 0 0.9333333333333333 
0 0.2666666666666667 0 0 0 0.9333333333333333 0.8666666666666667 0 0 0 0 0.1333333333333333 0 0.06666666666666665 0.19999999999999996 1.0 0 0 0.4666666666666667 0.7333333333333334 0 0 0.4666666666666667 0.9333333333333333 0.0 0.9333333333333333 1 0.6666666666666667 0 0.19999999999999996 0 0 0.4666666666666667 0.1333333333333333 0 0 0 0 0 0.4666666666666667 0 0 0.4 0.9333333333333333 0.9333333333333333 0.7333333333333334 0.2666666666666667 0.8666666666666667 0 0 
0 0 0 0 0 0 0 0 0 0 0 0 0 0 0 0 0 0 0 0 0 0 0 0 0 0 0 0 0 0 0 0 0 0 0 0 0 0 0 0 0 0 0 0 0 0 0 0 0 0 
0 0 0 0 0 0 0 0 0 0 0 0 0 0 0 0 0 0 0 0 0 0 0 0 0 0 0 0 0 0 0 0 0 0 0 0 0 0 0 0 0 0 0 0 0 0 0 0 0 0 
0.4 0 0 0 0.0 0.4666666666666667 0 0 0.9333333333333333 0.6 0 0 0 0 0 0 0 0.06666666666666665 0 0 0 0.1333333333333333 0 0 0 0 0 0 0.9333333333333333 0 0 0 0 0 0.5333333333333333 0.33333333333333337 0 0 0.0 0 0.8666666666666667 0 0.6666666666666667 0 0 0 0 1.0 0.0 0.7333333333333334 
0 1.0 0 0 0.06666666666666665 0.19999999999999996 0.33333333333333337 1 0.2666666666666667 0 0 0 0.06666666666666665 0.2666666666666667 0 0.6 0 0 0.8 0 0.8666666666666667 0 0.6 0 0 0.8666666666666667 0.19999999999999996 0.6 1 0 1.0 0.06666666666666665 0 0.7333333333333334 0.6666666666666667 0.8666666666666667 0 0.1333333333333333 0 0 0 0 0 0 0 0.9333333333333333 0 0 0.4666666666666667 0 
0.8666666666666667 0.2666666666666667 0.1333333333333333 0.8 0.6 0.19999999999999996 0 0.19999999999999996 0.06666666666666665 0 0 0 0 0 0 0.6 0 0 0 1 0.6666666666666667 0.6666666666666667 1 0 0 0 0 0 0.4 0 0.4 0 1.0 0.8666666666666667 0.19999999999999996 0 0.4 0 0 0.6666666666666667 0 0 0 0.33333333333333337 0.19999999999999996 0 0 0 0.5333333333333333 0 
0 0 0 0 0 0 0 0 0 0 0 0 0 0 0 0 0 0 0 0 0 0 0 0 0 0 0 0 0 0 0 0 0 0 0 0 0 0 0 0 0 0 0 0 0 0 0 0 0 0 
0 0 0 0.7333333333333334 0 0 0 0.4666666666666667 0.8666666666666667 0 0.1333333333333333 0 0 0.4666666666666667 0 0 0.4 0.6 0 0 0 1 0 0 0 0.4 0 0 0 0 0.0 0 0 0 0 0 0.5333333333333333 0 0.06666666666666665 0.6666666666666667 0.5333333333333333 0 0.6 0.8666666666666667 0 0 1 0.1333333333333333 0.1333333333333333 0 
0.4666666666666667 0.06666666666666665 0 0 0.8666666666666667 0 0 0 0 0.4 0.1333333333333333 0 0 0 0.2666666666666667 0.0 0.7333333333333334 0.6 0.06666666666666665 0 0 0 0 0 0 0 0 0.5333333333333333 0 0.4 0 0.9333333333333333 0 1 1 0 0.9333333333333333 0 0 0 0.06666666666666665 0 0.7333333333333334 0 0.6666666666666667 0 0.9333333333333333 0 0.19999999999999996 0 
0 0 0 0 0 0 0 0 0 0 0 0 0 0 0 0 0 0 0 0 0 0 0 0 0 0 0 0 0 0 0 0 0 0 0 0 0 0 0 0 0 0 0 0 0 0 0 0 0 0 
0 0 0 0.7333333333333334 0.8 0 0 0.19999999999999996 0 0.7333333333333334 0.4666666666666667 0 0 0 0.06666666666666665 0 0 0 0.9333333333333333 0.19999999999999996 0 0 0 0.19999999999999996 0 0 0 0.06666666666666665 0 0 0 1.0 0 1.0 0.8666666666666667 0.0 0 0 0 0.1333333333333333 0.19999999999999996 0 0 0 0 0 0 0 0.06666666666666665 0.7333333333333334 
