20
100
2
3
500
1 2 3 4 5 6 7 8 9 10 11 12 13 14 15 16 17 18 19 20 
1 2 3 4 5 6 7 8 9 10 11 12 13 14 15 16 17 18 19 20 21 22 23 24 25 26 27 28 29 30 31 32 33 34 35 36 37 38 39 40 41 42 43 44 45 46 47 48 49 50 51 52 53 54 55 56 57 58 59 60 61 62 63 64 65 66 67 68 69 70 71 72 73 74 75 76 77 78 79 80 81 82 83 84 85 86 87 88 89 90 91 92 93 94 95 96 97 98 99 100 
0 0 3 0 0 0 2 0 0 0 0 0 2 0 0 0 0 1 0 0 0 0 0 2 0 2 1 0 0 0 0 1 0 0 1 0 0 0 0 0 
0 0 1 0 0 1 1 0 0 0 1 0 1 1 1 2 0 0 0 2 1 0 0 0 0 0 0 0 0 0 0 0 0 1 0 3 0 0 0 0 
3 0 1 0 0 0 0 0 0 2 1 0 0 0 1 2 0 0 0 0 1 0 0 0 0 0 0 0 2 0 0 0 0 0 0 2 0 0 0 0 
0 0 0 1 0 1 0 1 0 0 0 0 0 0 1 0 0 2 0 1 0 0 0 0 0 0 0 0 0 0 0 0 2 0 0 3 0 0 0 0 
0 0 0 2 0 1 0 0 0 0 1 0 0 0 0 0 0 0 2 0 0 2 0 1 0 1 0 0 0 0 0 0 0 0 0 0 0 1 2 0 
0 0 2 0 0 0 1 0 0 0 1 0 0 2 0 0 0 0 0 3 0 1 0 0 0 0 0 0 0 1 2 0 0 0 0 0 0 0 1 1 
0 0 0 0 0 0 0 0 0 0 0 2 1 0 0 1 2 0 0 2 0 0 2 0 1 0 0 0 0 2 0 0 0 0 0 0 0 3 2 0 
0 0 0 0 0 0 0 0 0 0 2 1 0 0 1 0 1 1 0 0 0 0 0 0 0 0 0 1 0 0 1 0 0 0 2 2 0 0 0 0 
0 2 1 0 0 0 0 0 0 0 0 0 0 0 3 0 0 0 0 1 0 0 0 1 0 0 0 0 0 0 0 0 2 0 0 0 1 0 0 0 
0 0 0 0 2 0 0 0 0 0 0 1 0 0 0 0 1 0 0 0 0 0 0 0 0 2 0 0 0 0 0 0 0 1 0 0 1 0 0 0 
0 0 0 0 1 1 0 0 0 0 0 3 0 0 1 1 0 3 0 0 0 1 1 1 0 0 0 1 0 0 0 0 0 0 0 0 0 0 0 0 
1 0 0 0 1 0 0 0 1 0 0 1 1 0 1 0 0 0 0 0 0 0 0 1 1 2 2 0 0 0 0 0 1 0 0 0 0 0 3 0 
0 0 0 1 0 0 0 0 0 0 0 0 0 0 0 0 0 0 0 0 0 0 0 0 0 0 0 0 1 0 0 1 0 0 0 0 1 2 0 0 
0 0 0 0 0 0 0 2 3 0 0 0 0 1 0 0 1 0 0 0 0 2 0 0 0 0 0 1 0 0 0 0 0 0 0 1 0 0 1 0 
0 1 0 1 1 2 0 0 0 0 0 0 0 0 0 1 1 0 0 2 0 0 1 1 0 0 0 0 0 0 0 0 0 0 1 0 0 0 0 0 
0 2 0 0 0 0 0 0 0 0 0 1 2 0 1 0 0 0 0 1 0 0 0 0 0 0 2 0 0 0 0 0 0 0 0 0 0 2 2 1 
0 0 2 0 0 0 0 1 0 0 1 1 2 0 0 1 0 0 0 0 0 2 2 0 0 0 1 0 0 1 0 0 0 0 0 0 0 0 1 0 
1 1 1 0 1 0 0 0 0 0 0 0 1 0 2 0 0 1 0 0 0 0 2 0 0 0 1 0 0 1 0 1 0 0 0 0 0 0 2 0 
0 0 0 0 0 0 0 1 0 1 0 0 0 0 0 2 2 0 0 0 0 0 0 0 0 1 0 0 0 0 1 1 1 0 2 0 0 1 0 1 
0 0 0 1 0 0 0 0 0 1 0 2 0 0 0 0 0 2 1 1 0 1 1 0 1 0 0 0 0 0 0 0 0 0 0 0 0 1 0 0 
0 0 0 1 0 0 0 0 2 0 1 2 0 0 1 0 2 0 0 0 2 0 1 0 0 0 2 0 1 1 0 0 1 1 0 0 1 0 0 0 
1 0 2 0 0 2 0 0 0 1 0 0 0 0 0 0 0 1 0 0 1 0 0 0 0 1 0 0 0 0 0 0 2 0 0 1 1 0 0 0 
0 0 0 0 0 0 0 0 0 3 0 0 0 0 0 0 0 0 0 0 0 1 0 0 0 0 0 0 0 0 0 0 0 0 1 0 0 0 0 0 
2 2 0 0 0 0 0 0 1 0 0 0 0 0 2 0 1 0 0 0 0 0 1 0 1 0 0 1 0 2 0 0 0 0 0 1 0 1 0 1 
0 0 0 0 0 0 0 2 1 3 0 0 0 0 0 0 0 0 0 0 0 0 1 0 1 0 1 0 0 0 0 0 0 0 0 0 1 0 0 0 
2 0 0 0 0 2 0 1 1 0 0 2 0 0 0 1 0 0 0 0 0 0 0 0 0 0 0 0 1 1 0 0 0 0 0 2 0 0 0 0 
1 0 0 3 0 0 0 0 1 0 0 0 0 0 0 1 1 0 2 0 0 0 0 0 0 0 0 0 1 2 0 0 0 1 0 0 1 2 0 0 
0 0 1 1 0 0 0 1 0 0 0 0 0 0 0 0 1 0 0 0 0 0 0 0 0 0 0 1 0 0 1 0 0 0 1 1 0 0 0 0 
0 1 0 0 0 0 0 0 0 0 1 0 1 0 0 0 0 0 0 0 1 0 1 0 0 0 0 0 0 1 1 0 0 0 0 0 0 0 1 0 
1 0 1 1 1 0 1 0 0 0 0 1 0 0 0 2 0 0 2 0 1 0 0 2 0 2 2 2 0 1 0 0 0 0 0 1 0 0 0 0 
0 0 0 0 0 0 0 0 0 1 2 0 0 2 0 0 0 0 0 1 0 0 0 0 0 0 0 0 0 0 0 0 0 0 0 1 0 0 0 2 
0 0 0 0 0 0 0 0 1 0 2 0 1 0 0 1 0 0 0 0 0 0 1 0 0 0 0 0 0 0 0 1 2 0 0 0 1 0 0 0 
0 0 0 0 0 0 0 0 0 0 0 0 0 0 0 0 0 0 0 0 1 1 0 0 1 0 0 0 0 0 0 0 0 0 0 0 0 0 2 0 
0 0 0 0 0 0 0 1 1 0 1 0 0 0 1 0 1 1 0 0 0 1 0 0 0 0 0 0 0 0 0 0 0 1 0 0 0 0 0 3 
0 1 1 1 0 1 0 1 0 0 1 0 2 0 0 0 0 0 0 1 0 0 0 0 0 0 0 0 0 0 0 0 1 0 0 0 1 0 0 1 
0 0 1 0 0 0 1 0 0 0 2 0 0 0 0 1 0 0 0 0 1 0 0 0 0 2 0 0 0 0 0 0 0 2 0 1 0 0 0 0 
0 3 1 0 2 0 0 1 0 2 1 2 0 0 0 1 0 0 0 0 1 1 0 0 0 0 2 0 0 1 1 3 0 0 0 1 0 0 0 0 
0 0 0 0 0 0 0 0 1 0 1 1 0 0 0 0 2 0 0 0 1 0 0 0 0 0 0 0 0 0 0 0 0 0 0 0 0 1 1 0 
0 0 1 1 1 1 0 0 0 0 0 0 2 0 0 1 1 0 0 0 1 0 1 0 0 1 0 1 0 1 0 0 0 0 0 2 0 0 1 0 
2 1 0 0 2 1 0 0 0 0 0 0 1 2 1 3 0 0 0 1 0 0 0 0 0 1 0 0 0 0 0 0 1 0 0 0 2 0 1 0 
0 0 0 0 2 0 2 0 0 0 0 2 0 0 0 0 0 1 0 1 0 0 0 0 0 0 0 0 0 0 1 0 0 0 0 1 0 0 0 0 
0 0 0 0 0 0 0 0 0 0 2 0 0 1 0 0 0 0 1 0 0 0 1 0 2 2 0 0 0 0 0 0 0 0 3 0 0 1 0 0 
1 0 0 1 1 0 0 0 0 0 0 0 0 1 0 3 0 1 0 0 0 0 1 0 0 0 0 2 0 0 0 0 0 0 0 0 0 0 0 0 
3 0 2 0 0 0 0 3 0 1 0 0 0 0 2 1 1 0 0 0 0 0 0 0 0 1 1 0 0 1 0 0 0 1 0 1 0 1 1 0 
0 0 0 0 0 0 0 0 0 0 0 0 2 0 0 0 0 1 0 1 1 0 0 0 0 0 0 1 0 1 0 0 0 1 0 3 0 0 1 0 
0 2 0 1 0 0 0 0 0 0 0 0 0 1 0 0 1 0 0 0 3 0 0 0 0 0 0 0 0 1 0 0 2 1 1 1 0 0 2 0 
1 3 3 0 0 0 2 1 2 0 1 0 0 0 0 0 0 0 1 0 0 0 1 1 0 0 2 0 0 0 0 0 0 0 0 0 0 0 0 0 
0 0 0 0 0 0 0 0 0 0 0 0 0 0 0 0 0 0 0 0 0 0 0 0 0 0 0 0 0 0 0 1 0 0 1 0 0 0 1 1 
1 0 0 0 0 0 2 1 2 1 0 0 0 0 1 1 0 0 0 0 0 0 0 0 0 0 0 0 0 0 0 0 0 2 0 0 0 0 0 0 
0 0 1 1 2 0 2 0 0 0 2 0 0 1 0 1 0 0 1 0 0 1 0 0 0 0 0 0 0 0 2 0 0 0 0 0 0 0 2 0 
0 0 0 1 2 0 2 0 1 0 0 0 0 0 0 0 0 0 1 3 0 1 1 0 0 2 0 0 2 0 0 1 0 0 0 0 1 0 2 2 
2 0 0 3 0 0 0 0 0 1 0 0 1 0 0 0 0 0 0 0 0 0 0 0 0 0 0 0 0 0 0 0 0 0 0 0 0 1 1 0 
2 0 0 0 0 0 0 0 0 0 2 0 0 0 1 2 0 0 0 0 0 0 1 0 1 0 0 2 0 0 1 2 0 0 0 0 1 0 1 0 
0 0 0 0 1 2 0 0 0 0 1 0 0 1 0 0 0 0 2 0 0 1 0 1 1 3 0 0 0 1 0 1 1 0 1 2 1 1 0 0 
0 0 2 0 0 0 1 0 0 0 0 1 1 0 0 0 0 0 1 1 0 0 0 0 0 1 0 0 0 1 3 2 0 0 0 0 1 0 0 0 
0 0 0 0 0 0 0 0 0 0 0 0 0 0 1 2 0 0 0 0 0 0 1 1 0 0 2 0 0 0 0 0 0 0 0 0 1 0 0 0 
0 0 0 0 0 0 0 1 2 2 0 0 0 1 0 0 0 0 2 0 1 0 0 2 3 0 0 0 0 1 0 0 0 0 0 0 0 1 0 0 
0 0 0 0 0 0 0 0 0 1 0 0 0 0 0 0 0 0 1 0 3 0 0 0 0 0 1 0 0 0 0 0 1 0 0 0 0 0 1 0 
2 1 0 0 1 2 2 0 1 0 0 0 0 1 1 0 0 1 1 0 2 0 0 1 0 0 1 0 0 1 2 0 0 0 0 0 0 2 0 0 
0 1 0 0 0 0 0 0 0 0 0 1 0 0 0 2 0 1 0 0 0 0 1 0 1 1 2 0 0 2 0 0 0 2 0 0 0 0 1 0 
0 0 1 2 0 1 0 0 0 0 0 1 0 0 0 0 0 0 0 0 0 1 0 0 1 0 1 0 0 0 0 0 1 0 0 0 0 0 0 0 
0 0 0 2 2 0 0 0 0 0 1 0 0 1 0 1 0 0 1 0 1 0 2 0 2 2 0 0 0 0 0 0 0 0 1 0 0 0 0 0 
0 0 0 0 0 0 0 1 0 0 0 0 0 0 1 0 0 2 0 2 0 0 3 0 0 2 1 0 0 0 0 0 0 0 0 1 1 0 1 1 
0 1 0 2 0 0 2 0 1 0 0 2 1 0 2 0 0 0 2 0 1 1 1 3 0 0 1 0 0 0 0 0 1 0 0 0 1 0 0 2 
0 0 0 0 0 0 0 1 1 0 0 0 1 0 2 0 0 0 1 0 0 0 0 2 0 0 0 0 1 0 0 0 0 0 0 0 0 1 1 0 
2 0 0 0 0 0 0 1 0 0 2 0 0 0 1 0 3 0 1 0 0 0 0 1 0 2 0 0 0 1 1 0 0 0 0 0 0 1 0 0 
2 0 0 0 0 2 0 2 0 0 1 1 0 0 0 2 0 0 0 0 1 0 0 0 0 0 1 0 0 1 0 0 2 1 0 0 0 1 0 0 
2 2 0 0 0 0 0 1 0 0 0 1 0 0 3 0 2 0 0 1 0 1 0 2 1 1 0 0 0 0 0 1 1 0 0 1 0 0 1 0 
0 1 1 1 0 0 0 0 3 0 0 0 1 1 1 2 0 0 2 0 0 0 0 0 0 0 0 0 1 0 0 0 0 0 0 0 0 0 0 0 
0 1 0 0 1 0 0 0 0 1 0 0 0 0 0 2 0 0 0 0 0 0 0 0 1 0 0 0 2 0 0 0 0 0 0 0 0 0 0 0 
0 0 0 0 0 1 0 0 0 0 0 1 0 0 0 0 0 0 1 1 0 0 0 0 0 0 0 3 0 0 2 0 0 2 0 2 0 0 0 0 
0 1 0 0 0 1 0 2 0 0 0 0 3 0 0 1 0 2 2 0 0 0 0 0 0 1 0 1 0 0 0 1 0 0 1 0 0 3 0 0 
1 1 0 0 0 0 0 0 0 0 0 0 1 0 2 2 0 0 0 0 1 0 2 0 0 2 1 0 0 1 0 0 0 0 0 0 0 0 1 0 
0 0 1 1 0 0 0 1 0 1 0 0 1 0 1 0 1 1 0 1 0 2 0 2 1 0 0 0 2 0 1 0 0 0 3 0 0 0 2 1 
0 0 0 0 0 0 0 0 1 0 2 0 0 0 0 0 0 0 0 0 2 0 0 0 1 0 0 0 0 0 2 0 0 0 0 0 0 0 0 0 
3 0 0 0 1 0 1 0 0 2 0 0 0 0 0 2 0 0 2 2 0 0 0 0 0 0 0 2 0 1 0 0 0 0 1 0 0 0 0 0 
0 0 0 0 0 0 1 0 0 0 0 0 0 0 0 0 0 0 2 0 0 2 0 1 0 0 0 0 0 0 1 0 1 0 0 0 0 0 0 0 
2 0 1 0 0 0 1 1 0 1 0 0 0 0 0 0 2 0 0 0 1 2 1 0 1 0 1 0 0 0 0 0 1 1 0 0 0 0 0 0 
0 0 0 0 0 0 1 0 0 0 0 0 0 0 0 1 1 1 0 1 1 3 0 1 0 1 2 0 0 1 0 2 1 0 0 2 2 0 0 0 
0 0 0 0 0 1 0 0 0 0 1 0 0 0 0 0 0 0 0 0 0 1 0 1 0 0 0 1 3 1 0 0 0 0 0 0 0 2 0 2 
0 0 1 0 3 0 0 0 1 0 0 0 0 1 0 0 0 2 0 0 0 0 0 0 3 0 0 0 1 0 0 2 0 1 0 0 0 1 0 2 
0 0 0 0 0 2 0 0 0 0 0 0 0 0 0 0 0 0 0 0 0 0 0 0 2 0 1 0 0 1 0 0 1 0 1 0 0 1 0 0 
1 1 0 0 0 0 0 0 0 1 0 2 2 0 1 2 0 0 1 0 0 0 0 0 1 0 1 1 0 0 1 0 0 1 2 0 0 0 0 0 
0 0 1 0 0 0 1 0 0 0 0 0 3 2 0 0 1 0 1 0 0 0 1 0 0 1 0 1 0 0 0 0 0 1 0 0 0 1 1 0 
1 0 0 0 0 0 0 1 1 0 0 0 0 0 0 0 0 0 0 0 1 0 0 1 1 0 0 1 2 0 0 0 0 0 0 0 0 0 1 2 
0 0 0 0 0 0 0 0 1 0 0 0 0 1 1 0 0 0 1 0 0 0 0 0 2 0 1 2 0 0 2 0 0 0 0 0 0 0 0 0 
0 0 0 0 0 0 0 1 0 0 0 0 0 0 0 1 0 0 0 0 0 0 0 0 0 0 0 0 0 0 0 1 2 0 0 0 2 0 0 0 
1 0 0 0 0 1 0 0 0 0 0 0 0 0 0 1 0 0 1 0 0 0 0 0 0 0 3 0 1 1 0 0 0 0 0 0 0 0 0 0 
2 1 0 0 0 0 0 0 2 0 0 0 0 0 0 0 0 0 2 1 0 0 2 0 0 0 0 0 0 0 0 0 0 0 1 0 2 0 0 0 
0 1 1 0 1 0 0 0 0 0 0 1 0 0 0 0 1 0 0 0 0 0 0 1 0 0 0 1 1 2 0 0 0 0 0 0 0 1 2 0 
1 0 0 0 0 1 2 1 1 0 0 2 0 0 0 0 0 0 0 0 0 2 0 0 1 0 0 0 0 0 2 1 0 0 3 1 0 0 1 1 
0 0 0 0 0 0 0 2 0 1 0 1 1 0 0 0 0 0 3 0 0 0 0 0 0 0 0 0 0 0 0 0 0 0 0 0 0 1 1 0 
1 1 0 0 1 1 2 0 0 0 2 1 1 3 0 0 0 0 3 0 0 0 1 0 0 0 0 2 0 0 0 0 0 0 0 0 0 1 2 0 
0 0 0 0 2 0 0 2 1 0 0 0 0 0 0 0 0 0 0 0 0 0 1 0 0 2 0 0 1 0 2 0 0 0 0 0 0 2 0 0 
0 1 0 1 0 0 0 0 0 1 1 0 0 1 0 1 0 0 0 0 2 0 1 1 0 0 2 0 0 2 0 3 0 0 0 0 1 0 0 0 
1 0 0 0 0 0 0 0 3 0 0 0 0 0 0 0 1 3 0 0 0 0 0 0 0 0 0 1 2 0 0 0 0 1 0 0 0 2 0 0 
0 0 0 2 0 0 0 0 2 0 2 0 0 0 2 0 0 0 1 0 0 0 1 1 0 0 0 0 0 0 0 1 0 0 0 0 0 0 0 0 
1 0 0 0 0 0 0 0 0 1 0 1 1 0 1 0 1 0 1 1 0 2 1 0 1 0 2 0 0 0 0 0 2 0 0 1 0 1 0 3 
0 1 1 0 0 0 0 0 0 2 0 0 0 1 0 0 0 0 1 0 1 1 1 1 0 0 0 0 0 1 0 0 0 0 1 1 1 0 0 2 
0 0 1 0 0 1 1 0 0 3 0 0 0 0 0 0 0 0 0 0 2 0 0 1 0 0 0 0 0 0 0 0 0 0 0 0 0 0 1 1 
0 0 0 0 0 1 0 0 0 0 0 0 1 0 0 1 0 0 0 0 0 2 2 0 1 0 0 0 2 0 0 0 0 0 0 0 0 0 0 1 
0 0 0 0 0 0 1 0 1 0 0 0 0 0 0 0 0 0 0 0 0 0 0 1 0 0 0 0 0 0 0 0 0 0 2 0 0 0 1 0 
0 0 0 1 1 0 0 1 0 0 0 1 0 0 0 0 1 0 1 1 0 0 0 0 2 0 2 0 0 0 1 0 1 2 3 0 0 0 1 2 
0 0 0 0 0 0 2 1 1 0 0 2 0 0 2 0 0 0 0 0 0 0 0 0 1 0 1 1 0 0 1 1 0 0 0 0 0 0 0 0 
0 0 0 0 2 1 0 0 1 0 0 0 0 0 0 0 0 0 0 0 0 0 2 1 0 0 0 2 3 0 0 0 2 1 0 0 0 0 0 0 
0 0 1 0 0 0 0 0 0 0 1 0 1 0 0 0 2 0 0 0 1 0 0 1 0 0 1 0 1 0 0 0 0 0 0 0 0 1 0 0 
0 2 0 0 0 0 0 0 0 0 1 1 1 0 0 0 1 0 0 0 0 0 0 0 0 3 0 1 0 0 0 3 1 3 0 0 0 0 0 0 
0 1 0 0 0 0 0 0 0 0 0 1 0 0 0 0 0 0 2 0 0 0 0 0 0 0 3 0 0 0 0 0 3 2 0 0 0 1 0 0 
1 0 0 2 0 0 0 0 0 0 0 0 0 1 0 1 1 2 0 0 0 3 0 1 0 1 1 0 0 0 0 0 0 1 0 2 0 0 0 0 
0 0 1 0 0 0 0 0 0 0 0 0 0 2 1 0 0 0 0 0 0 1 1 0 1 2 0 0 1 0 0 1 0 0 0 0 0 0 0 0 
1 1 1 0 1 0 0 2 0 0 0 0 0 2 0 0 0 0 0 2 0 0 2 0 0 2 1 0 0 0 1 0 0 1 0 1 0 1 0 0 
0 0 0 0 1 0 0 0 0 0 0 1 0 0 0 2 0 1 0 0 0 1 0 0 0 1 0 0 2 0 0 3 2 1 0 1 0 0 0 0 
1 0 2 2 2 0 0 1 0 0 1 1 1 3 0 1 0 0 2 0 0 1 0 0 2 0 0 0 0 0 0 0 0 2 0 2 0 0 2 0 
1 0 0 0 1 1 0 2 1 0 0 0 1 2 0 0 0 0 1 0 0 1 0 0 0 0 0 1 0 1 0 0 0 2 0 0 1 1 0 0 
0 1 0 0 0 1 0 0 0 0 0 2 0 0 0 0 0 0 0 1 0 1 0 0 0 0 0 0 0 1 0 0 0 0 0 0 0 0 0 0 
0 1 2 1 0 0 0 0 0 0 0 2 0 1 0 0 0 0 0 1 0 0 0 0 0 0 1 0 0 0 0 1 0 0 0 0 0 0 2 0 
2 0 0 1 0 0 0 1 1 0 0 0 0 0 0 0 0 0 0 0 1 0 1 0 0 1 2 0 1 1 0 0 0 2 0 0 0 0 0 1 
1 0 0 0 0 0 1 1 0 0 0 0 0 0 1 0 0 2 0 0 1 0 1 0 0 0 0 1 0 0 0 0 0 0 0 0 0 0 0 0 
0 2 0 0 0 0 2 0 0 0 0 0 0 0 1 0 0 0 1 0 0 2 0 0 0 0 1 0 0 0 0 2 1 0 1 1 0 0 0 0 
1 0 0 0 0 1 0 0 1 1 1 0 0 0 0 0 1 0 0 0 0 0 0 0 1 1 2 0 0 0 1 0 0 1 0 0 0 0 0 0 
0 0 0 1 0 1 0 1 0 0 1 0 0 1 0 2 0 2 1 1 0 0 0 1 0 1 0 0 0 1 0 2 1 0 0 0 1 1 0 2 
0 0 0 0 0 2 1 2 2 0 0 1 2 0 0 1 0 2 0 0 0 0 0 1 0 3 1 0 0 0 0 0 0 0 1 0 0 0 2 0 
0 0 2 0 0 0 0 0 0 0 0 0 0 0 0 1 1 1 2 1 0 1 1 0 2 0 0 0 0 1 0 3 0 1 1 0 0 0 0 0 
0 0 2 0 0 3 0 0 0 0 1 0 0 0 0 2 0 0 0 0 0 0 0 0 0 0 0 1 0 0 0 1 0 0 0 0 1 0 1 1 
0 0 0 0 1 0 0 0 0 1 1 0 0 0 0 0 2 0 0 0 0 0 0 1 0 0 0 0 0 0 0 0 0 0 0 0 0 0 0 0 
0 0 2 1 0 0 1 0 0 1 1 0 0 1 0 0 2 1 1 0 2 2 0 0 1 2 0 0 0 0 0 1 0 0 0 0 0 1 0 1 
1 0 0 0 2 0 0 0 0 0 0 0 0 2 0 0 0 0 1 0 0 0 0 1 0 0 0 0 0 2 0 0 0 0 0 0 0 1 1 0 
0 0 0 2 0 0 3 0 0 0 0 0 0 0 0 2 0 0 0 0 0 0 0 0 0 1 0 0 1 1 0 0 0 0 0 0 0 1 2 0 
0 0 3 0 0 0 0 0 1 1 0 0 0 0 0 0 0 0 1 0 0 2 0 0 1 0 0 0 0 0 2 0 0 0 0 1 0 2 1 0 
0 0 0 0 0 0 0 2 0 0 0 0 1 0 0 1 1 2 0 0 1 1 1 0 0 3 0 0 0 0 0 0 0 0 0 1 0 0 0 1 
0 1 2 0 0 0 0 1 0 0 1 0 0 0 1 0 0 0 2 0 0 1 1 0 0 0 0 2 0 0 0 0 0 0 1 1 0 0 1 0 
0 1 0 0 0 1 2 0 0 0 0 0 1 0 0 1 0 0 0 0 0 1 1 1 0 0 0 0 0 0 1 0 0 0 0 0 0 0 0 0 
0 0 0 0 0 0 0 0 0 2 0 0 0 0 0 0 2 1 1 2 1 0 0 1 0 2 0 0 0 0 0 2 0 0 0 0 0 0 1 0 
2 2 0 2 1 0 0 0 0 0 0 0 1 0 0 0 0 1 0 0 3 0 0 0 0 1 0 0 0 2 2 0 0 0 0 1 1 0 0 0 
0 0 0 0 0 0 0 0 1 0 1 0 0 0 0 1 0 0 0 0 3 0 1 0 0 2 1 2 1 0 2 0 0 0 0 2 0 0 0 0 
0 1 0 0 0 2 1 0 0 0 0 0 0 0 1 0 1 0 0 2 0 1 0 0 0 0 0 0 3 0 0 2 0 0 0 0 1 0 0 2 
0 0 2 0 1 0 0 1 0 0 0 0 1 0 1 0 0 0 0 0 0 0 0 1 0 0 0 0 2 0 1 1 0 0 0 1 0 0 0 0 
0 0 0 0 0 0 0 1 0 0 0 0 1 0 0 1 0 0 1 1 0 1 0 0 0 0 0 0 0 0 2 0 0 0 0 0 0 0 1 0 
0 0 0 0 2 0 0 0 0 1 2 0 0 1 0 0 1 0 2 0 0 0 0 0 0 1 0 1 0 0 1 0 0 0 0 0 0 0 0 1 
0 1 0 0 0 0 0 0 3 0 0 0 0 0 0 0 0 0 2 1 0 3 0 0 1 0 1 0 0 0 0 0 0 0 1 0 0 0 1 0 
0 0 1 1 0 0 0 0 0 0 0 1 0 0 0 1 0 1 0 0 1 0 0 2 0 0 0 0 0 0 0 1 0 1 0 0 0 0 2 0 
0 0 0 0 0 1 0 0 0 0 0 0 0 0 0 1 0 0 0 0 0 0 0 0 1 0 1 0 0 0 0 0 0 0 0 0 0 0 0 0 
3 0 1 0 0 0 0 1 0 0 0 0 0 0 0 2 0 0 2 0 0 0 0 1 0 0 1 0 0 0 3 0 0 0 2 0 1 2 0 0 
0 0 0 0 2 0 0 0 3 0 0 0 0 0 0 0 0 0 1 0 0 0 1 1 2 0 0 0 0 0 0 0 0 1 0 0 0 0 0 1 
1 0 0 0 0 0 0 0 0 0 0 1 2 2 3 0 0 0 0 0 0 2 0 0 1 0 2 0 0 0 0 0 0 0 1 0 0 0 0 0 
1 0 0 3 0 1 0 0 0 0 0 0 0 0 0 1 0 0 0 3 0 0 0 0 0 0 1 0 1 0 0 0 2 0 1 0 0 0 0 0 
1 1 0 0 0 0 0 0 0 1 2 0 0 0 0 0 2 1 2 1 0 2 0 0 0 0 0 1 0 0 0 0 0 0 0 0 0 0 0 0 
3 0 3 0 1 0 0 0 1 0 0 0 0 0 0 0 1 0 0 3 0 0 2 0 0 0 0 0 0 0 0 0 0 1 1 1 2 1 0 0 
0 0 2 0 0 2 1 0 0 2 0 0 0 1 0 0 0 0 0 0 1 0 0 0 0 0 2 0 0 1 1 0 0 0 0 0 0 2 0 0 
0 0 0 1 1 0 0 0 0 0 0 0 0 0 0 0 0 0 0 0 0 0 1 0 0 0 0 0 0 0 0 0 0 0 2 0 0 0 0 0 
0 1 0 0 0 0 0 0 0 0 0 0 0 3 0 0 0 0 0 1 1 1 0 0 0 0 1 2 0 0 0 0 0 1 0 0 0 1 3 0 
0 0 2 1 0 0 1 0 2 0 0 0 0 0 1 0 0 0 2 1 0 1 0 0 0 0 0 0 0 0 1 0 1 0 2 0 0 0 1 1 
1 0 0 0 0 0 0 0 0 0 0 0 0 1 0 0 0 0 0 1 0 0 0 0 0 1 0 0 0 2 0 0 0 0 2 0 0 0 3 0 
0 0 0 0 2 1 1 0 1 0 0 3 0 0 1 0 2 3 0 0 0 0 0 0 0 0 0 1 0 1 0 1 0 0 1 1 0 0 0 0 
0 0 0 0 2 0 0 1 0 0 0 0 1 0 0 0 1 0 0 2 0 0 0 0 1 1 0 0 0 0 0 0 0 0 0 0 0 1 0 1 
1 0 1 0 0 0 0 0 0 2 0 0 0 1 1 0 0 0 0 0 0 2 1 0 0 1 0 0 1 0 0 0 0 1 0 0 0 0 0 1 
1 0 0 1 0 1 0 1 0 0 0 0 0 1 1 1 0 0 0 0 0 1 0 1 0 1 0 0 0 0 0 0 0 0 0 0 0 0 0 2 
2 1 0 0 0 0 0 0 0 0 1 0 2 0 0 0 0 2 0 2 0 0 0 0 0 0 0 0 0 0 0 0 0 0 0 0 0 1 1 2 
0 0 0 0 1 0 1 2 0 2 0 0 1 1 0 0 1 0 1 0 0 0 0 0 0 1 0 0 0 0 0 0 0 0 0 0 0 0 0 0 
1 0 2 0 0 0 0 0 0 0 0 0 0 0 0 0 0 0 0 0 1 0 0 1 0 0 0 1 0 0 1 0 0 0 0 0 0 1 0 0 
1 1 0 0 0 0 0 0 1 0 0 1 0 0 0 0 1 0 1 0 0 1 1 0 0 0 0 0 0 0 0 0 0 2 1 2 0 0 0 0 
0 0 1 0 0 3 0 1 1 0 0 0 0 0 0 0 1 1 0 0 0 1 0 1 0 0 0 0 1 0 0 2 1 2 0 0 0 0 0 3 
0 0 0 0 0 2 1 0 3 0 2 0 1 0 0 0 0 0 3 0 0 1 0 0 0 2 1 2 0 0 0 0 0 0 2 0 0 1 0 1 
2 0 0 1 0 0 0 0 0 0 0 0 0 0 2 0 0 0 0 0 0 0 2 1 0 2 0 3 0 0 0 0 0 0 1 0 0 0 1 0 
0 0 0 1 0 0 0 0 0 0 0 1 2 0 0 0 0 0 0 0 0 0 1 0 0 0 0 0 0 0 1 1 0 1 0 0 0 1 0 0 
0 0 0 0 0 0 0 0 1 1 2 0 1 0 0 0 0 1 0 0 0 0 0 0 0 0 0 2 0 0 1 0 0 0 0 1 0 0 0 0 
0 0 1 0 2 0 0 0 0 2 0 0 0 0 0 0 0 0 0 0 0 1 0 0 0 0 0 0 0 0 0 1 2 0 0 0 0 0 1 0 
0 3 1 0 0 0 0 0 0 0 0 0 1 0 0 0 0 0 0 2 3 0 2 3 1 0 0 0 0 0 0 0 0 0 1 0 0 2 0 1 
0 0 1 1 0 0 0 0 0 0 0 0 0 3 1 1 0 0 0 0 0 3 0 1 1 0 3 0 0 0 0 0 0 0 0 1 0 0 0 0 
0 0 0 0 0 3 0 0 0 1 1 0 0 1 0 2 0 0 0 0 1 1 0 0 0 0 1 1 2 1 0 1 2 0 0 0 0 0 0 0 
1 0 0 1 0 0 1 0 0 1 0 0 1 0 1 1 1 0 0 0 0 0 0 0 0 0 0 2 1 0 2 0 0 0 0 0 0 0 0 0 
0 0 1 1 0 2 0 0 0 0 0 0 0 0 0 0 1 1 0 1 0 0 0 0 0 0 0 1 0 0 0 0 0 0 0 0 1 0 0 0 
1 0 0 1 0 0 0 1 0 0 0 0 0 0 1 0 0 0 0 0 0 0 0 0 0 0 0 0 1 0 0 0 1 0 1 0 1 0 0 0 
0 0 1 0 2 0 1 0 0 0 0 0 0 1 1 1 0 0 0 0 0 0 0 0 1 1 1 1 0 0 0 1 0 0 1 1 0 1 0 2 
0 0 1 0 0 0 0 0 0 0 0 0 2 0 1 1 0 0 1 0 0 0 2 0 0 0 1 0 0 0 0 0 0 2 0 0 0 1 0 0 
0 1 0 0 1 0 0 0 2 0 2 0 0 0 0 0 0 1 0 0 0 0 1 0 0 0 0 1 0 1 0 1 0 0 0 0 3 0 0 0 
1 1 0 1 0 0 1 1 0 1 0 0 0 0 0 2 0 0 0 0 0 0 1 0 0 1 0 0 0 1 0 1 0 0 0 1 0 1 0 0 
0 0 0 0 0 0 0 0 0 0 1 0 0 0 0 0 1 0 0 0 0 0 0 1 0 0 0 0 0 1 0 1 0 0 1 0 0 0 0 0 
0 0 0 0 0 0 0 0 0 0 0 0 0 0 0 1 0 1 0 0 0 1 3 0 0 0 2 2 0 0 0 0 1 0 1 0 1 0 0 0 
0 0 0 1 2 0 2 0 0 0 1 2 0 0 0 2 0 1 0 1 2 0 0 1 0 0 0 0 0 0 0 0 1 0 0 0 0 1 0 0 
0 0 1 0 0 0 0 0 0 0 0 0 0 0 1 1 0 0 0 1 0 0 0 0 0 0 2 0 0 0 1 0 0 2 0 0 1 0 2 1 
0 0 1 1 0 1 1 0 2 1 2 0 2 0 0 0 0 1 0 0 0 0 1 0 0 0 0 1 0 1 0 0 0 0 0 0 0 0 3 1 
0 0 0 2 0 0 0 0 0 0 0 0 0 0 0 0 0 0 0 1 0 0 0 0 1 0 0 0 0 0 0 0 0 2 0 0 0 0 2 0 
0 0 0 0 0 0 0 0 0 0 0 2 0 0 0 0 1 0 1 0 0 0 2 0 0 0 0 0 1 0 0 0 0 2 0 1 0 1 0 1 
0 0 0 0 3 0 1 0 0 1 0 0 0 0 0 0 2 0 0 0 2 0 1 0 0 0 0 0 0 0 0 0 2 0 0 1 0 0 3 0 
0 0 0 0 0 0 1 0 3 0 0 3 0 0 0 0 0 0 0 0 0 2 0 0 0 0 0 0 1 2 0 0 1 1 2 0 2 0 0 0 
0 0 0 0 0 0 0 0 0 0 0 1 0 0 0 0 1 0 0 0 0 0 0 0 1 0 3 2 1 1 2 2 0 2 1 0 0 0 1 0 
0 0 0 1 0 0 0 2 0 0 1 1 0 2 1 0 0 1 0 3 0 0 1 0 0 1 0 0 0 0 0 2 0 0 0 0 0 0 0 0 
0 0 1 1 0 0 1 0 0 1 0 1 0 0 1 0 0 0 1 1 0 0 1 0 0 2 0 1 0 1 1 0 0 0 0 0 1 0 0 2 
0 1 0 1 0 0 1 0 0 0 0 0 0 0 0 0 3 0 0 0 0 0 0 1 0 0 0 1 0 0 1 0 0 0 1 0 0 0 2 0 
0 0 0 0 0 0 0 0 0 0 0 0 0 1 1 0 0 1 0 0 1 1 0 0 0 1 0 0 0 0 0 0 0 2 0 0 0 0 0 0 
3 0 0 0 1 1 0 0 0 0 0 1 0 1 1 0 1 0 0 0 0 2 0 0 1 1 3 1 0 0 1 0 0 1 0 0 0 0 0 3 
0 1 0 0 0 0 0 0 0 0 0 1 0 0 0 0 0 1 0 0 0 0 0 0 0 0 0 0 0 0 0 0 2 0 0 3 0 0 0 0 
1 0 0 0 2 0 0 2 1 3 0 0 1 0 0 3 0 0 0 0 0 1 0 0 0 0 0 0 3 0 0 0 1 0 1 0 0 1 0 0 
0 0 1 2 0 0 0 1 3 1 3 0 0 0 0 0 0 1 0 1 1 0 0 1 0 0 0 0 0 0 0 0 0 0 0 0 0 1 1 1 
1 0 1 0 1 0 0 0 0 0 2 1 0 0 1 0 0 0 0 0 0 0 0 3 0 0 0 0 0 1 1 1 0 0 0 0 0 0 3 0 
0 0 2 0 0 0 0 0 0 1 0 0 0 0 0 0 0 0 0 0 0 0 0 0 0 0 2 0 1 1 0 2 0 0 1 0 0 0 1 0 
0 1 0 2 0 0 0 0 0 0 0 0 0 0 0 1 0 1 0 1 0 0 0 0 0 0 0 0 0 0 0 0 2 0 2 0 0 1 0 0 
1 0 0 2 0 1 1 1 0 0 1 2 1 0 1 0 0 1 1 0 0 0 0 1 0 0 0 1 0 0 2 0 1 0 1 0 0 0 2 0 
0 1 0 0 0 2 0 0 0 0 0 0 0 0 0 0 2 0 0 1 0 0 0 0 0 0 0 0 0 2 0 0 0 0 3 0 0 2 0 0 
0 0 0 0 1 0 0 0 0 0 1 0 0 0 0 1 0 0 0 0 0 1 1 2 0 0 0 0 1 0 0 0 0 0 0 0 0 0 2 0 
1 0 0 0 0 0 2 0 2 1 0 0 1 1 0 0 0 0 3 0 0 0 0 3 0 0 0 0 0 0 1 0 0 0 0 0 0 0 0 2 
0 0 0 0 1 0 0 1 0 0 1 0 0 0 0 0 0 0 2 0 0 0 1 0 0 1 0 2 1 2 0 0 0 0 0 0 0 1 0 0 
0 0 0 1 0 0 0 0 0 0 1 0 0 0 0 0 1 0 2 0 0 0 0 0 0 0 0 0 0 1 0 0 1 2 0 2 0 1 0 0 
0 0 1 1 0 0 0 2 0 0 1 0 0 0 0 0 0 0 1 0 0 0 0 0 0 0 0 0 1 0 0 0 0 0 1 2 0 0 0 0 
0 0 1 0 2 2 0 0 0 1 0 2 1 0 0 1 1 2 1 0 1 0 0 0 0 1 0 0 1 1 0 0 3 0 0 1 0 0 0 0 
0 0 0 1 0 0 0 0 0 0 0 0 0 0 1 0 0 0 0 0 0 2 0 0 0 0 0 0 0 0 0 0 0 0 0 0 0 0 2 0 
0 3 0 0 0 0 1 0 0 0 0 0 0 0 0 0 2 1 0 0 0 0 0 0 0 0 0 1 0 0 0 0 0 0 0 0 0 0 0 1 
0 0 0 0 0 0 0 0 0 0 1 0 0 0 1 0 0 0 0 0 0 0 0 0 1 0 0 1 0 0 0 0 0 0 0 0 0 0 0 0 
0 0 0 0 0 0 0 1 0 0 0 0 0 0 0 0 0 1 0 0 0 1 0 1 2 0 0 0 0 0 0 0 0 1 0 0 0 0 0 0 
2 2 0 0 0 0 0 1 1 1 0 0 0 0 0 0 0 0 0 2 1 1 0 0 0 0 0 2 0 0 1 0 0 0 0 0 2 1 0 0 
0 0 0 0 0 0 0 0 0 1 2 0 0 0 0 0 1 2 0 0 0 1 0 0 0 2 0 1 0 0 0 0 0 0 0 1 0 1 2 0 
0 1 0 1 0 0 0 1 0 0 0 0 0 0 0 0 0 0 1 0 2 0 0 0 1 0 0 0 0 0 0 1 0 0 0 0 0 1 1 0 
2 0 0 0 0 0 0 0 1 0 0 0 0 1 0 0 0 0 0 0 0 0 0 0 0 0 0 2 0 0 1 0 1 0 0 0 1 0 0 0 
2 0 0 0 0 1 0 0 0 0 0 1 2 0 0 0 0 1 0 0 0 0 0 0 0 0 0 0 0 0 0 0 0 0 0 1 0 1 0 0 
0 0 0 0 1 1 0 2 0 0 1 0 0 0 1 0 0 0 1 0 0 0 0 0 0 0 0 0 0 1 1 0 0 0 0 0 0 0 0 0 
0 1 0 0 0 0 0 0 0 3 0 0 1 2 0 0 0 0 0 0 0 0 2 0 2 0 0 1 0 0 1 0 0 1 0 0 0 0 0 0 
0 0 0 0 0 2 2 2 2 0 0 0 0 0 0 0 0 0 0 0 0 0 0 0 0 0 1 0 0 0 0 0 1 0 0 2 0 2 0 3 
0 0 0 0 0 0 0 0 0 0 0 0 0 0 0 1 0 0 0 0 0 0 1 0 0 1 0 0 0 1 0 0 1 1 0 0 0 0 0 0 
1 1 1 1 1 0 1 0 0 2 0 0 0 1 0 0 0 0 1 1 0 0 1 0 1 0 0 0 0 0 2 0 0 0 1 0 0 0 0 0 
0 1 1 2 0 0 0 0 1 1 0 0 1 0 0 0 0 2 0 0 1 0 0 0 0 0 0 0 0 1 0 0 2 0 0 0 0 0 1 1 
0 1 0 2 0 1 2 2 0 2 3 0 0 1 0 0 0 0 0 0 0 0 0 0 0 0 0 2 0 1 0 1 1 0 1 0 0 0 2 1 
0 0 0 0 1 0 0 0 0 0 1 0 0 0 1 1 0 1 1 1 0 0 0 0 0 1 0 0 0 0 0 1 0 0 0 0 0 0 0 0 
0 0 0 0 0 0 1 2 0 0 1 0 1 0 0 0 0 0 0 0 0 0 0 0 1 0 0 1 0 0 0 1 0 0 0 0 0 0 1 0 
0 0 0 1 1 0 0 1 0 0 0 0 0 0 0 0 0 0 0 0 0 0 0 0 0 1 0 1 1 1 0 0 1 0 2 1 2 0 0 0 
0 2 0 0 1 2 1 1 2 0 1 1 2 0 0 0 0 1 0 1 0 0 2 0 0 0 0 0 0 0 1 0 0 0 0 2 0 0 0 0 
0 0 0 0 0 1 1 0 1 0 0 0 0 0 1 0 0 1 0 3 1 0 0 1 0 0 0 0 0 0 0 0 1 0 0 0 0 2 0 0 
0 0 0 0 0 0 0 0 1 0 0 0 1 0 0 0 0 0 0 0 0 1 0 0 2 0 1 2 0 1 0 0 0 1 0 0 0 0 0 0 
0 0 0 0 0 1 0 1 0 1 0 0 0 3 1 1 0 1 0 2 0 3 1 0 0 0 0 0 0 0 2 0 0 1 0 0 0 1 0 2 
0 0 0 0 0 0 1 0 1 0 0 0 0 0 0 0 0 0 1 0 0 2 0 1 0 1 0 1 0 0 0 1 0 0 0 1 1 0 0 0 
0 0 0 0 0 0 0 0 1 0 0 0 0 0 0 1 0 0 0 0 0 0 0 0 0 0 0 0 2 1 0 0 1 0 0 0 0 0 0 0 
0 1 0 2 0 0 0 0 0 2 1 0 0 1 0 0 1 0 0 0 0 0 0 0 2 0 0 0 0 1 0 0 1 0 1 1 0 2 0 1 
0 0 0 0 0 0 0 0 0 0 1 0 0 0 0 0 0 1 0 1 0 1 1 0 1 0 2 0 1 0 0 0 0 1 1 0 0 0 0 1 
0 0 0 0 1 0 0 0 0 1 1 0 2 1 2 0 0 3 0 0 0 2 0 0 0 0 0 0 0 0 2 0 0 1 0 0 2 0 0 0 
0 0 2 0 0 1 0 0 0 1 0 0 0 1 1 0 0 0 0 1 1 2 1 0 0 0 1 1 0 0 0 0 0 1 0 1 0 0 0 0 
0 0 0 0 0 0 1 1 0 1 0 0 1 0 0 2 0 0 0 0 0 0 2 0 0 0 0 1 1 0 0 1 0 0 0 0 0 2 0 0 
0 1 1 2 0 0 0 1 0 0 0 0 1 0 0 0 0 0 0 0 0 0 0 0 0 0 0 1 2 1 0 0 0 2 0 0 3 1 1 0 
0 2 1 0 0 0 1 0 0 0 0 0 0 0 0 2 1 0 0 0 0 0 0 1 0 0 2 0 0 0 0 0 0 0 1 0 0 0 0 1 
0 0 1 0 0 0 0 0 0 0 0 0 2 0 0 0 0 1 2 0 0 1 0 0 0 0 3 0 0 0 0 2 0 0 0 2 0 0 0 3 
0 0 0 2 0 0 0 2 1 0 0 0 0 0 0 1 0 0 0 0 0 0 1 0 0 0 0 0 2 0 0 0 0 0 0 0 0 0 1 2 
1 0 0 0 0 0 0 0 0 0 0 2 0 0 0 0 0 3 0 0 0 1 0 0 0 0 1 0 0 0 0 0 0 0 0 0 0 1 0 0 
0 0 0 0 1 0 0 0 2 0 1 0 2 0 2 0 0 1 1 3 0 0 0 1 0 0 0 0 0 0 0 2 0 1 0 1 0 0 0 0 
0 0 0 1 0 1 0 1 0 0 0 0 0 0 0 0 0 0 0 0 0 0 0 0 0 0 0 0 0 1 0 0 0 0 0 0 0 0 0 0 
2 0 0 0 0 0 0 1 0 0 0 1 0 0 0 1 0 1 0 0 0 0 0 0 1 0 0 0 1 0 0 0 1 0 0 0 0 0 0 0 
0 1 0 0 0 1 1 0 0 0 0 2 0 0 0 0 0 0 0 0 0 0 0 1 0 0 1 0 0 1 1 0 2 2 1 2 2 0 0 1 
0 0 0 0 0 2 1 0 0 0 1 0 0 1 0 0 1 0 0 0 0 0 1 0 1 0 0 0 1 0 0 0 1 1 0 0 0 0 1 1 
0 0 0 0 0 1 1 1 0 0 0 0 0 0 0 0 0 0 0 1 0 1 0 0 0 0 1 0 0 0 0 0 0 0 0 0 0 0 0 1 
0 3 0 0 1 0 0 0 0 0 0 0 0 0 0 0 0 0 0 1 1 2 0 0 0 0 0 0 0 1 1 1 0 0 0 0 0 2 0 0 
0 0 0 1 1 0 2 0 0 0 0 1 1 2 0 1 3 0 0 0 0 1 0 0 0 0 0 0 0 0 2 0 0 0 0 1 0 0 0 0 
0 0 0 1 0 0 0 1 0 0 0 0 1 0 1 1 0 0 0 0 0 2 0 0 0 0 0 0 0 0 2 0 0 1 3 0 0 1 1 0 
0 1 0 0 0 0 0 2 3 0 1 1 0 0 0 0 0 0 0 0 2 0 0 0 2 0 0 0 0 0 2 0 0 0 1 0 0 0 0 0 
1 1 0 1 0 0 0 0 0 0 0 0 0 0 0 1 1 0 0 0 1 3 1 0 1 1 0 3 0 0 0 0 0 0 0 2 0 0 1 0 
1 0 1 0 0 0 0 0 0 2 0 0 0 0 0 0 0 0 0 3 0 0 1 0 0 0 1 0 0 0 1 0 0 0 1 0 0 1 0 0 
2 0 0 1 0 1 0 0 0 0 2 1 0 0 2 0 0 0 0 0 0 0 0 0 0 0 1 0 0 0 0 0 0 0 0 0 1 1 1 0 
1 0 0 0 1 0 2 0 0 0 0 0 0 0 0 1 0 0 0 1 0 0 0 0 0 0 0 0 0 1 0 0 0 1 0 0 0 0 2 0 
0 0 3 0 0 0 2 0 0 0 0 0 0 2 0 0 2 0 0 0 0 0 0 0 2 0 0 0 1 0 1 0 0 0 0 1 0 0 0 0 
0 2 0 0 0 0 0 0 0 0 0 0 0 0 0 0 0 0 0 0 2 0 1 0 0 0 0 1 0 0 0 0 2 0 1 0 0 2 0 0 
2 0 0 2 0 0 0 1 0 0 0 3 0 0 2 0 2 1 0 0 0 0 0 0 0 0 0 0 0 0 0 0 0 0 2 0 1 0 1 0 
0 1 0 0 0 0 0 0 0 0 3 0 0 1 0 0 1 0 0 0 1 0 0 0 3 0 0 0 0 0 0 2 0 0 0 0 2 0 2 0 
1 0 2 0 0 0 0 0 0 0 2 0 0 0 0 0 0 0 0 0 0 2 0 0 0 1 0 0 1 3 0 0 0 0 1 0 0 0 1 0 
0 0 0 0 0 0 3 0 0 0 0 1 0 0 0 0 0 0 0 0 0 0 1 1 0 0 2 0 0 0 0 0 0 0 0 0 0 0 0 0 
0 1 1 0 0 1 0 0 0 1 1 0 0 0 0 0 0 0 0 0 1 1 0 1 0 0 0 0 0 0 0 0 1 0 0 0 2 0 2 1 
0 0 1 0 0 0 3 1 0 0 2 0 2 0 0 1 0 0 0 0 0 2 0 0 0 0 0 0 0 0 3 0 0 0 0 0 0 1 0 0 
1 0 2 0 1 2 0 0 0 0 1 0 0 2 0 0 0 0 2 0 0 0 0 1 1 1 0 1 0 1 1 0 0 0 0 0 0 0 0 0 
1 0 0 0 0 1 0 0 1 0 1 0 0 0 0 0 1 0 0 0 0 0 0 0 2 0 0 0 0 0 0 0 1 1 0 2 1 1 0 1 
2 0 1 0 0 0 0 0 0 2 0 0 0 0 0 0 0 0 0 1 0 1 1 0 0 0 0 2 0 0 0 0 1 0 0 0 0 0 0 0 
0 0 0 3 1 0 0 0 0 1 0 0 2 2 0 1 0 0 0 0 0 0 0 2 0 1 0 0 0 0 0 0 0 0 0 2 0 0 1 0 
0 0 1 0 0 2 0 0 0 2 1 1 0 0 0 1 0 0 1 0 2 2 0 3 0 1 0 1 0 1 2 0 0 0 1 0 0 1 0 0 
0 0 0 1 0 0 0 0 0 0 0 2 0 1 0 0 2 2 0 3 0 0 0 0 1 0 0 2 0 0 0 0 2 0 0 0 0 0 0 0 
0 0 0 0 0 2 0 2 0 0 0 0 0 1 0 0 0 1 0 1 0 1 2 0 0 1 0 0 1 0 0 0 0 0 0 0 0 0 0 0 
0 1 0 2 0 0 0 0 0 0 0 1 1 1 0 0 0 0 0 0 0 0 0 0 0 0 3 1 0 0 1 0 0 0 0 1 0 0 0 0 
0 0 0 1 0 0 0 0 0 0 0 0 3 1 0 2 0 0 0 0 0 0 0 0 0 0 0 0 0 0 0 1 0 2 0 3 1 0 1 2 
2 1 0 2 0 1 0 0 1 0 0 0 0 1 0 0 0 0 1 0 1 1 1 0 0 0 0 0 0 0 1 0 0 0 0 3 1 0 0 0 
0 2 1 2 0 1 0 1 0 0 0 0 0 0 0 0 0 1 0 0 0 3 0 0 1 1 1 0 0 1 0 3 0 0 1 2 0 0 0 0 
1 0 0 0 0 0 0 0 0 0 3 0 1 0 0 0 0 3 0 1 1 0 0 0 2 0 0 0 0 0 0 0 0 2 0 3 0 0 0 1 
0 1 0 0 2 0 0 0 0 0 0 0 0 1 1 1 0 0 2 0 0 0 0 1 2 1 1 0 0 1 0 0 0 0 2 0 0 0 0 0 
0 2 0 0 0 1 0 3 0 1 0 0 1 0 0 0 0 0 0 0 0 0 0 1 1 1 2 0 0 0 0 1 1 0 0 0 0 0 0 2 
0 0 0 2 1 1 0 0 0 0 0 0 1 2 1 0 0 0 0 0 0 0 1 1 0 0 0 0 0 0 0 0 0 0 1 0 0 2 0 0 
0 0 0 0 0 0 0 1 1 0 0 0 0 0 0 1 0 0 0 1 0 0 2 3 0 1 0 0 0 2 0 0 0 0 0 1 0 0 2 2 
0 0 0 1 1 0 0 0 0 0 0 0 0 0 0 0 0 0 0 1 2 0 0 1 0 0 0 2 0 0 2 2 0 0 0 0 0 0 0 0 
0 0 0 2 0 0 1 3 0 0 0 0 1 0 0 0 1 0 1 1 0 2 0 0 0 0 0 1 0 0 0 1 0 1 0 1 0 0 0 0 
2 0 0 1 2 0 0 0 0 1 0 1 0 0 0 0 0 0 0 0 0 2 0 0 0 0 0 0 0 0 0 0 0 0 0 0 0 0 2 1 
0 0 0 0 0 1 0 1 0 0 0 2 0 1 0 0 0 0 0 0 0 0 1 0 2 0 0 0 0 0 0 0 0 0 0 0 0 2 0 0 
0 0 0 0 0 0 3 0 0 0 0 1 0 0 2 1 0 0 1 0 0 0 0 0 0 2 0 0 1 0 0 0 0 0 0 1 0 0 1 0 
0 0 1 0 0 0 1 1 1 0 2 0 1 0 0 1 0 0 1 0 1 1 0 1 1 2 0 0 0 0 0 0 0 0 0 1 0 0 0 0 
0 0 0 0 0 0 0 0 0 1 0 0 1 0 0 0 0 0 0 0 0 0 0 0 0 0 0 0 2 1 0 0 0 0 0 0 0 0 0 0 
0 1 0 0 1 1 0 1 0 0 0 0 0 0 0 0 0 0 0 0 0 1 0 0 2 1 0 0 0 1 0 0 0 0 0 0 2 0 0 0 
0 0 0 0 0 0 0 3 0 0 0 3 2 0 0 0 0 0 1 0 0 2 0 2 0 1 1 0 2 0 0 0 0 0 1 0 0 0 0 0 
0 0 0 2 0 0 1 0 1 0 1 0 0 0 0 1 0 1 0 0 1 2 0 0 2 0 3 0 0 2 0 0 0 0 1 0 0 0 0 0 
0 3 0 0 0 0 1 0 1 0 0 0 2 0 0 0 1 3 0 0 1 1 0 0 2 0 0 0 2 0 1 0 0 0 0 0 0 2 1 0 
1 0 0 2 0 0 0 0 0 0 0 0 0 1 0 0 0 0 0 0 0 0 1 1 1 0 0 0 1 2 0 0 0 0 0 0 0 1 1 0 
0 1 0 0 0 0 0 2 0 1 0 0 1 0 0 0 0 0 1 0 0 0 0 0 0 0 1 0 0 0 1 0 0 0 0 1 0 1 0 2 
2 0 0 0 0 0 0 1 0 0 0 0 1 1 0 0 1 0 0 0 0 0 0 1 0 0 0 0 0 0 1 3 0 1 0 0 0 0 0 0 
0 0 0 1 0 0 1 0 2 0 0 0 0 0 0 0 0 0 2 1 0 0 0 1 1 2 0 0 2 0 0 1 3 0 1 0 0 0 2 0 
0 0 0 0 2 0 1 0 0 1 0 1 0 0 0 0 0 0 0 0 0 0 0 0 0 0 0 0 2 2 0 0 0 0 0 0 0 0 0 1 
0 0 0 0 0 1 0 0 2 0 0 0 2 1 0 1 0 0 2 0 0 0 1 0 0 0 2 2 0 0 0 0 0 0 0 0 1 0 1 0 
0 0 0 3 0 0 1 0 0 0 0 0 0 0 0 2 0 0 0 0 0 0 0 0 0 0 1 0 0 0 0 0 0 0 0 0 0 1 0 0 
0 0 0 0 0 1 1 0 0 0 0 0 0 0 0 0 2 0 0 0 2 0 0 1 1 0 0 0 0 0 1 0 1 0 0 0 0 0 0 0 
0 0 1 1 0 0 0 0 0 0 0 0 0 2 0 0 0 0 0 0 0 0 0 0 0 1 0 0 0 0 0 0 0 0 1 0 1 0 0 1 
0 0 0 0 0 0 0 0 1 0 0 0 0 0 1 0 1 1 0 1 0 1 0 0 0 0 0 0 1 0 1 0 1 1 0 0 1 0 0 0 
0 0 0 0 1 0 0 0 0 1 1 0 0 0 0 0 1 0 0 0 0 0 0 1 2 0 0 0 0 0 0 1 1 3 1 0 0 0 0 0 
0 0 0 0 0 0 0 1 0 0 0 0 1 1 0 0 0 0 0 0 1 0 0 2 0 0 0 0 0 2 0 0 0 0 0 1 0 0 0 0 
0 0 0 0 0 0 0 0 0 2 0 0 2 0 2 0 1 0 0 0 1 0 3 0 1 0 0 0 0 1 0 0 1 0 0 0 0 0 0 2 
1 0 0 0 0 0 0 0 0 0 0 0 0 0 0 0 1 1 0 0 0 1 0 0 0 0 1 0 1 0 1 0 0 0 0 0 0 0 0 1 
0 0 0 0 0 0 0 0 0 0 0 1 0 0 0 0 0 2 0 0 0 0 1 0 0 2 0 2 0 0 0 1 2 1 0 0 0 0 0 0 
2 0 0 0 0 0 0 0 1 3 0 2 0 0 0 1 1 0 0 0 1 0 0 0 0 0 1 0 0 0 0 0 1 0 0 0 1 0 0 1 
0 0 0 0 0 1 0 0 1 0 0 0 0 0 0 0 1 2 0 0 0 0 0 0 0 1 0 1 3 0 0 0 1 0 0 0 0 0 0 0 
1 2 0 0 0 2 0 0 0 0 0 2 0 0 0 0 0 0 0 0 0 0 0 0 1 0 0 0 0 2 0 0 0 0 2 0 1 0 0 1 
0 0 0 0 1 0 0 2 1 0 3 1 0 0 0 0 0 0 2 0 0 0 0 1 0 0 0 0 0 0 0 0 0 0 1 0 0 0 1 0 
1 0 1 1 0 0 1 0 0 0 2 0 0 0 0 0 1 0 0 0 0 0 0 1 0 0 0 1 0 0 0 0 0 0 0 0 0 0 2 0 
0 0 0 0 2 1 0 0 0 0 0 0 0 0 0 2 0 0 0 0 0 0 0 1 0 1 0 0 0 0 0 0 0 0 0 3 1 0 0 0 
0 0 0 0 0 0 0 0 0 0 1 0 0 3 2 0 0 0 0 0 0 0 0 0 0 0 1 0 0 0 1 0 2 0 0 0 0 0 0 0 
0 1 0 0 0 0 0 0 0 0 1 0 0 0 0 0 0 0 0 1 0 0 1 0 0 0 0 0 0 0 0 0 0 0 0 0 0 0 1 0 
0 0 0 0 2 0 1 2 0 0 1 2 1 0 0 0 0 2 0 0 0 0 1 0 1 0 0 0 0 0 0 0 1 0 0 0 0 1 0 0 
1 0 0 0 0 0 2 0 0 0 0 2 1 2 0 0 0 0 0 0 0 0 0 0 0 0 0 0 0 2 0 0 0 0 2 0 0 0 0 0 
0 2 0 0 0 0 1 0 1 1 0 0 1 0 0 0 0 1 2 0 0 3 1 2 0 0 0 1 0 0 1 1 0 0 2 0 0 0 0 0 
0 0 0 1 0 0 0 0 0 0 0 0 0 0 1 0 0 0 0 0 0 0 1 0 0 0 0 0 0 1 0 0 1 1 0 1 0 0 0 0 
0 1 0 0 0 0 0 0 0 0 0 0 0 0 0 1 0 0 0 0 0 2 0 1 0 1 2 0 1 1 1 1 0 0 0 1 0 0 1 1 
0 0 0 0 0 0 0 0 0 0 0 0 1 1 1 0 0 0 0 0 0 0 0 0 1 0 1 0 0 0 0 1 0 0 0 0 0 1 0 1 
0 0 3 0 0 0 0 1 2 1 0 0 0 1 0 0 0 1 2 0 0 0 0 1 0 0 0 0 2 1 0 1 0 1 0 0 1 0 0 0 
0 0 1 0 0 0 1 0 0 0 0 1 1 0 0 0 2 2 0 0 2 0 1 0 0 0 1 0 0 0 2 0 0 0 0 1 0 1 2 0 
0 1 0 1 0 0 0 0 1 0 1 0 0 1 0 0 0 0 0 1 0 0 0 0 0 1 0 0 0 0 1 0 0 0 0 0 0 0 1 0 
0 0 0 1 0 0 1 0 0 0 0 0 0 0 0 0 0 2 0 0 0 1 0 1 0 0 1 0 0 0 0 0 0 1 1 1 1 0 0 2 
0 0 1 1 1 0 0 0 2 0 0 1 0 0 0 0 0 1 0 0 2 0 0 2 0 0 2 0 0 0 0 0 0 0 0 0 0 0 0 0 
1 2 1 2 0 1 0 1 0 0 0 0 2 0 0 0 2 0 0 1 0 0 0 0 0 1 0 0 1 0 0 1 0 0 1 0 0 0 0 1 
0 3 0 0 0 1 0 0 0 0 0 1 0 0 0 0 0 0 0 0 1 0 1 0 0 0 0 0 1 0 0 0 0 0 1 0 0 1 0 0 
0 1 0 0 0 0 0 0 0 0 0 0 0 0 1 0 1 0 0 1 0 0 2 0 0 1 0 0 0 2 0 0 2 0 1 1 0 0 1 0 
0 0 0 0 2 1 0 0 0 0 0 0 1 0 0 0 2 2 3 0 0 0 0 0 0 0 0 0 0 0 3 2 0 0 0 0 0 0 0 0 
0 0 0 0 0 0 0 2 0 0 0 0 0 0 0 0 0 0 0 0 0 0 0 3 0 0 0 1 2 0 0 0 0 0 0 1 0 1 0 0 
0 0 0 0 1 0 0 0 2 0 0 0 0 3 1 1 0 0 0 1 0 0 0 0 0 2 0 1 0 0 0 0 0 1 0 0 1 0 1 0 
0 1 0 0 0 0 0 0 0 0 0 3 0 0 0 0 0 2 0 0 0 0 1 0 0 0 0 0 0 0 0 0 0 0 0 0 0 0 0 0 
0 0 0 2 0 3 0 0 0 0 0 0 0 0 0 0 0 1 0 0 0 0 0 0 0 0 0 0 0 0 0 0 0 0 0 1 0 2 0 0 
0 0 0 0 0 0 0 0 0 0 1 0 2 0 0 0 2 0 3 0 0 0 0 0 0 0 1 0 0 1 1 0 0 1 0 0 2 0 0 2 
0 0 1 1 1 0 0 1 0 1 0 0 0 0 0 0 1 1 0 0 1 0 0 1 1 0 0 0 0 0 0 2 0 0 2 0 0 0 0 0 
0 0 2 0 3 0 0 0 0 1 0 0 0 0 1 0 0 0 1 0 0 0 0 1 1 0 1 0 0 0 0 2 0 0 0 0 0 0 3 0 
0 0 0 0 0 1 1 0 1 0 1 0 0 0 0 2 0 0 0 0 0 0 0 0 0 0 3 0 0 1 2 0 0 0 0 1 0 0 0 0 
1 1 0 0 0 0 0 0 0 0 0 0 0 0 0 0 0 0 0 0 0 0 0 1 0 0 2 0 0 1 0 1 1 0 0 0 0 0 0 0 
0 0 0 0 0 3 0 0 0 0 0 0 0 0 0 0 1 0 0 0 0 1 0 0 2 0 0 0 2 0 0 3 0 0 1 0 0 0 0 0 
1 2 0 0 0 0 0 0 0 0 2 2 1 0 0 0 0 1 0 0 1 0 0 0 0 0 0 0 0 0 0 0 0 1 0 0 0 0 0 0 
0 0 0 0 0 1 1 1 0 0 0 0 0 1 0 0 0 2 0 1 1 0 0 2 0 1 0 0 0 0 0 0 0 0 0 0 0 3 1 0 
1 0 2 1 3 0 0 0 0 2 0 0 0 0 0 1 0 0 0 0 0 0 0 1 0 0 0 0 0 0 0 2 0 0 0 1 0 0 0 1 
1 1 0 0 0 0 0 0 0 2 1 0 1 0 0 0 0 0 0 0 3 1 0 0 0 0 0 0 1 0 0 0 0 0 0 0 1 1 0 0 
1 1 1 0 0 0 0 0 0 0 0 3 0 0 0 0 1 1 0 0 0 0 0 0 0 0 0 0 0 0 0 0 0 0 0 0 0 0 0 0 
0 0 0 0 0 1 0 0 1 0 0 0 0 1 1 0 0 0 0 0 0 0 2 0 0 0 1 0 0 0 0 0 0 1 0 0 0 0 1 0 
2 0 0 0 0 0 0 0 0 1 0 1 0 0 0 0 2 0 0 1 0 1 0 0 0 0 0 0 0 3 0 0 1 1 0 0 1 0 1 0 
1 1 1 0 0 1 2 0 0 0 0 0 0 0 0 0 0 0 0 0 0 0 1 1 0 0 0 0 0 2 0 0 0 0 0 0 0 0 1 0 
0 0 0 0 1 2 1 0 0 0 0 0 0 1 0 0 0 0 0 0 0 1 0 2 0 0 0 0 0 2 0 2 1 0 0 0 1 0 1 0 
0 0 0 0 0 0 0 2 0 0 0 0 0 0 0 0 0 0 0 1 0 0 0 0 0 0 0 0 0 0 0 0 1 0 0 1 0 2 2 1 
0 0 1 0 0 0 1 1 0 0 0 1 0 0 0 0 0 0 0 0 0 0 0 0 0 1 0 1 0 0 0 1 0 0 0 0 0 0 0 0 
0 1 0 0 0 0 0 0 1 0 0 0 0 0 0 0 0 0 1 1 0 0 0 0 0 0 0 0 2 0 0 0 0 0 0 0 0 1 0 0 
1 0 3 0 1 0 0 0 0 2 0 0 0 0 0 3 0 0 0 1 0 0 0 0 0 0 0 0 0 0 0 0 0 0 0 1 0 1 0 0 
1 0 1 0 0 0 0 0 0 1 0 1 0 1 0 0 1 2 0 0 2 0 2 0 0 1 0 0 0 1 1 0 0 0 0 0 0 0 0 0 
0 0 0 0 0 0 2 0 0 0 0 0 0 0 0 0 0 0 0 1 1 0 0 0 0 0 0 1 0 1 0 0 1 0 0 1 0 1 0 1 
0 0 1 0 1 0 0 1 0 0 1 0 0 1 0 0 0 0 0 0 0 3 0 0 2 0 0 0 2 0 2 1 1 0 0 0 0 0 1 2 
0 0 0 0 0 1 0 0 0 0 0 0 0 0 0 0 0 0 0 2 3 0 1 1 0 0 0 0 0 0 0 2 0 0 1 1 0 0 1 1 
1 0 0 1 1 0 1 0 0 1 0 0 1 1 0 0 0 0 0 0 0 0 1 1 0 1 0 2 2 0 0 0 0 1 1 0 0 0 0 0 
0 0 0 0 0 0 0 0 1 0 0 0 0 0 0 0 0 0 0 0 1 0 0 0 1 2 0 0 2 0 0 0 2 1 0 0 0 2 0 0 
2 0 0 0 1 1 0 0 0 0 0 0 0 1 2 0 0 0 1 2 0 0 0 0 0 0 0 0 2 2 1 0 0 0 1 0 2 0 2 0 
0 0 0 0 0 0 0 0 2 0 0 0 3 0 1 0 1 0 0 0 0 1 0 0 2 1 0 0 0 0 0 0 1 0 0 0 0 0 0 2 
0 0 0 0 1 0 0 0 0 1 0 0 0 1 2 0 3 0 0 1 1 1 0 0 1 0 0 0 0 0 0 0 0 0 0 1 1 2 0 0 
0 0 0 3 0 0 0 0 1 0 0 0 0 0 0 0 0 0 0 0 0 2 0 0 1 0 2 2 0 2 0 0 0 2 0 2 0 0 0 0 
0 1 0 0 1 0 0 0 0 0 0 1 0 0 0 0 1 1 0 0 0 0 0 0 1 2 0 0 0 0 2 2 1 0 0 0 1 1 1 0 
0 0 3 0 0 0 0 0 0 0 1 2 0 1 0 0 0 0 0 0 2 0 0 0 1 0 1 0 0 1 0 0 0 1 0 2 2 0 2 0 
0 0 2 0 0 1 1 1 0 0 0 2 0 0 0 1 0 0 0 0 0 0 1 1 0 0 0 0 0 1 0 1 0 0 0 0 0 0 0 0 
1 0 0 2 0 0 2 0 1 1 1 0 2 1 0 1 0 1 0 0 0 0 0 0 1 0 0 0 0 1 1 0 0 0 0 0 2 0 0 0 
0 0 0 0 2 0 0 0 0 3 1 0 0 0 2 0 1 0 0 0 0 2 0 0 0 0 0 0 2 0 2 1 0 0 1 0 0 0 0 0 
0 0 0 0 2 0 1 0 0 1 0 0 0 0 1 2 0 0 0 0 0 0 0 0 0 0 0 0 1 0 0 1 3 1 0 0 0 1 1 0 
0 1 0 0 0 0 0 0 1 0 0 0 0 0 1 0 0 0 0 0 0 0 2 0 0 0 1 1 1 0 0 0 0 0 1 0 0 2 0 1 
0 1 0 0 0 1 1 1 0 1 1 0 0 0 0 0 0 3 0 0 0 0 0 0 0 0 0 1 0 2 0 0 0 3 0 0 0 0 0 3 
0 0 0 0 0 0 0 0 0 0 0 0 0 1 0 0 0 1 1 0 0 0 0 2 0 0 0 0 0 0 2 2 0 1 0 0 0 0 1 0 
2 1 0 0 2 0 0 0 0 1 0 0 0 0 0 0 0 1 2 2 0 0 0 0 0 0 0 0 0 0 0 0 0 0 0 0 2 0 0 0 
1 0 0 1 0 1 0 0 1 1 0 0 0 1 0 0 0 2 0 0 1 0 2 0 0 0 1 1 0 1 1 0 0 1 2 1 0 0 0 0 
2 2 0 2 0 0 0 1 1 0 0 0 0 0 0 0 0 1 0 0 0 0 1 0 0 0 0 0 0 1 1 0 0 0 0 0 0 0 1 0 
0 0 0 0 0 0 0 0 2 0 0 0 0 0 1 0 0 0 0 0 1 2 1 0 0 0 0 0 1 0 0 0 0 0 0 1 1 1 3 0 
0 0 0 0 2 2 0 0 0 0 0 0 0 0 0 0 1 2 1 0 0 3 2 1 0 0 0 0 1 1 0 0 3 0 0 0 0 3 0 0 
0 0 0 0 0 0 0 0 3 1 1 3 0 0 2 0 1 0 0 0 0 0 0 0 0 0 0 0 0 0 0 0 0 0 3 2 0 0 0 0 
0 0 0 0 2 0 0 0 2 1 0 2 0 0 0 0 0 0 0 0 0 0 0 0 0 0 1 0 1 1 0 0 0 0 2 2 0 0 1 1 
0 0 0 0 0 0 0 0 0 1 1 1 3 0 0 0 0 0 0 0 0 0 1 2 1 0 0 1 1 0 0 0 0 0 0 0 0 2 0 0 
0 0 0 0 0 0 1 0 2 0 0 0 0 0 0 2 0 1 0 3 0 0 0 1 1 0 3 0 0 0 0 0 0 0 0 0 0 0 0 0 
3 1 0 0 0 0 0 0 0 0 0 0 0 1 2 1 0 0 2 0 0 0 0 0 0 0 1 0 1 0 1 0 3 0 1 0 0 0 2 0 
1 0 0 0 0 0 0 0 0 0 0 0 1 0 0 0 0 0 0 0 0 0 0 1 0 0 0 0 1 0 0 0 0 0 0 0 2 0 1 0 
0 2 0 0 0 2 0 0 0 3 3 0 0 3 0 0 0 0 0 0 0 1 1 3 0 1 0 2 0 0 1 2 0 0 0 0 0 0 1 0 
0 0 0 0 1 0 0 0 0 0 1 0 0 0 0 0 1 1 0 1 0 2 0 0 0 0 1 0 1 0 0 3 0 0 0 0 0 0 1 1 
1 0 0 0 1 2 1 0 0 0 1 0 0 0 0 0 0 1 1 0 0 0 0 0 0 0 0 0 2 0 0 0 0 3 0 0 0 0 0 0 
0 0 1 0 0 0 0 0 0 2 2 2 0 1 0 0 0 0 0 0 0 1 1 0 0 0 0 0 0 0 0 1 0 0 0 1 0 0 0 1 
1 1 0 2 0 0 1 0 0 0 0 1 0 0 2 2 0 0 0 0 2 0 0 0 0 0 0 0 0 1 0 0 0 0 0 0 0 0 0 0 
0 2 0 0 0 0 0 0 0 0 0 0 0 0 0 0 0 0 0 1 0 0 0 0 0 0 1 0 0 0 3 0 1 0 0 1 1 0 2 0 
2 0 0 1 0 0 0 0 0 2 0 0 1 1 0 0 1 0 0 0 0 0 0 0 0 1 0 0 0 0 1 2 0 0 0 0 1 1 0 1 
1 0 0 0 2 0 0 0 0 0 0 1 0 0 0 0 0 0 0 0 0 0 0 2 0 0 0 0 0 1 0 0 0 0 0 1 1 0 2 1 
0 0 2 2 1 1 1 0 0 0 0 1 0 0 0 0 0 0 0 0 1 0 0 0 0 2 1 0 0 3 0 0 0 0 1 0 0 0 0 1 
0 1 0 0 0 0 0 1 0 0 0 0 0 0 0 1 0 1 0 0 1 0 0 0 1 0 2 0 0 2 0 0 0 0 1 0 0 1 0 0 
0 0 0 0 1 1 0 1 1 0 0 0 0 2 0 0 1 0 1 0 0 0 0 1 0 0 0 0 1 0 0 1 1 0 0 1 2 0 0 1 
0 0 0 0 2 0 0 0 0 1 0 0 0 0 1 0 1 1 0 0 2 1 0 0 0 0 0 0 0 0 0 0 0 0 0 0 0 0 1 2 
0 2 0 0 0 0 1 0 0 0 1 0 0 0 0 0 0 1 0 1 1 0 0 1 0 0 0 0 0 0 1 0 2 0 0 1 1 0 0 0 
0 0 0 0 1 3 0 0 0 1 0 0 0 2 0 0 0 0 0 0 0 0 0 0 1 0 0 0 0 0 0 1 0 0 2 1 0 0 0 0 
0 0 0 0 0 0 0 0 0 0 0 0 0 0 0 0 1 0 0 0 0 0 0 0 0 0 0 0 0 0 0 0 1 1 3 0 0 0 1 1 
0 0 0 0 1 0 0 0 0 0 0 0 0 0 0 0 0 1 0 0 0 0 0 2 0 0 0 0 0 0 0 0 0 0 0 1 1 0 0 0 
1 0 0 0 0 0 0 0 0 0 0 0 0 0 0 0 0 0 0 1 1 2 0 0 0 0 0 0 0 1 0 0 1 1 1 1 0 0 0 1 
0 0 0 0 0 0 2 0 2 0 0 1 0 0 0 0 0 0 0 1 1 0 0 0 0 0 0 0 2 0 0 0 0 0 0 0 0 0 0 0 
0 0 0 0 0 2 1 0 0 0 0 0 0 0 0 1 0 0 0 0 0 0 0 1 0 0 0 0 0 0 0 1 0 3 0 0 2 0 0 0 
0 0 1 0 0 1 0 0 2 1 1 0 0 0 2 1 0 2 2 0 0 0 0 3 0 0 2 1 0 0 1 0 0 0 0 0 0 0 0 1 
0 0 0 1 0 0 1 0 0 0 2 1 0 0 0 1 0 0 1 0 1 0 3 2 0 0 0 0 0 0 0 0 0 0 0 0 0 0 0 0 
3 0 0 0 0 0 0 0 2 0 1 0 0 0 0 0 0 0 1 0 0 0 0 1 0 0 2 0 0 0 0 0 0 0 0 1 0 1 0 2 
0 0 1 0 0 0 0 0 0 0 0 0 0 0 1 0 2 0 0 1 0 0 0 1 0 0 0 0 0 0 0 1 0 0 1 0 0 0 0 0 
0 0 0 1 0 1 0 0 1 0 2 1 0 1 0 0 1 0 1 0 0 0 0 0 0 0 0 0 0 0 0 1 0 0 0 0 2 0 0 0 
0 0 0 1 0 0 0 0 0 0 0 1 0 0 0 0 0 0 0 0 0 0 0 0 0 1 0 0 0 2 0 0 0 0 0 0 0 0 0 0 
0 0 0 1 3 0 1 0 0 0 0 0 1 0 0 1 0 0 0 0 1 0 0 0 0 0 0 0 0 1 0 1 0 0 0 0 1 0 0 1 
0 2 0 0 0 1 0 1 1 1 2 0 1 1 2 0 0 0 0 1 0 1 0 0 0 2 0 2 0 0 0 0 0 0 0 0 0 0 0 0 
0 0 0 0 0 0 0 0 0 1 1 0 0 0 1 0 0 0 0 0 0 0 2 0 0 1 3 2 0 1 1 1 0 0 1 0 2 0 1 0 
0 0 0 0 0 1 0 0 3 0 2 1 0 0 2 0 0 0 0 0 0 0 0 0 0 0 0 2 0 0 0 1 0 0 0 0 0 0 0 2 
0 0 0 0 0 0 1 0 0 2 0 0 0 1 0 2 0 2 0 0 0 0 1 0 2 2 0 0 0 0 1 0 0 0 0 0 0 0 0 0 
0 2 0 0 0 1 2 0 0 0 0 0 0 0 0 0 1 0 0 0 1 1 0 0 0 0 0 0 0 0 1 1 0 0 0 0 0 0 0 1 
0 1 0 0 0 0 0 1 0 1 0 0 0 1 0 0 0 2 0 2 0 0 0 0 0 0 0 1 0 0 0 1 0 0 0 1 0 0 0 1 
0 0 0 0 0 0 0 1 0 3 1 0 2 0 0 2 0 0 0 0 0 0 1 1 0 0 0 0 0 1 0 0 1 0 3 0 0 0 0 0 
0 0 0 0 0 1 0 0 0 1 0 0 1 0 2 1 0 1 0 0 0 0 1 0 0 0 0 0 0 0 0 0 0 1 0 0 0 0 0 0 
1 0 0 0 1 0 0 1 0 0 0 0 0 0 1 0 0 1 0 1 0 1 0 0 1 0 0 0 0 0 0 0 0 0 0 0 0 1 0 0 
1 0 0 0 0 1 0 1 0 0 0 1 0 1 0 0 1 0 0 0 2 0 1 1 1 0 0 0 0 0 2 0 1 0 0 0 0 0 0 0 
1 0 2 0 0 0 0 0 0 1 0 1 0 0 1 1 0 0 1 2 0 0 1 0 0 0 2 0 0 1 0 1 0 0 1 0 0 0 0 0 
0 0 1 0 1 0 0 0 0 1 0 1 0 0 1 0 0 0 0 0 0 2 1 0 1 0 0 0 2 0 0 0 1 0 0 0 0 1 0 0 
0 0 1 0 0 0 0 0 0 1 0 0 0 0 0 1 0 0 0 0 0 0 1 2 0 0 0 0 0 0 2 0 0 1 1 0 0 0 0 2 
1 0 0 0 0 1 1 2 0 1 0 0 0 0 0 0 0 0 0 0 0 1 0 1 1 0 0 0 0 0 0 1 1 0 1 0 0 0 0 1 
0 0 0 0 1 0 0 0 1 0 0 0 0 1 2 0 0 0 0 0 0 0 1 0 3 0 0 0 0 0 0 0 0 0 0 2 1 0 0 0 
0 0 0 0 1 1 0 1 0 0 1 2 0 0 0 0 0 0 0 0 1 0 0 0 0 0 0 0 0 0 0 0 2 1 1 0 0 0 2 0 
0 0 0 0 0 0 1 0 0 0 2 0 0 0 0 0 0 0 0 0 0 0 1 0 0 1 3 0 0 0 0 0 0 0 0 1 0 0 1 0 
0 0 0 0 2 0 2 0 0 0 1 0 0 0 0 0 0 0 0 0 2 0 0 0 0 0 0 0 0 0 0 1 0 0 1 0 0 0 0 1 
0 0 0 0 0 0 0 0 0 0 0 2 1 0 0 0 1 0 0 0 0 0 0 0 2 0 0 0 2 0 0 0 0 1 1 0 1 0 0 1 
0 1 0 0 0 0 0 3 2 1 0 0 0 0 1 0 0 0 0 0 1 0 2 0 0 1 0 0 0 0 0 0 3 0 0 0 0 0 1 0 
0 1 1 0 0 0 1 0 0 0 0 0 0 1 0 0 1 1 0 0 0 0 2 0 1 1 0 0 0 0 0 0 0 0 0 0 1 0 1 0 
1 3 0 0 0 0 1 0 0 0 0 3 0 0 0 0 1 0 0 1 0 0 0 0 3 0 0 0 0 0 1 0 0 0 0 0 0 0 0 0 
0 0 0 0 0 0 1 0 1 0 0 0 0 0 0 0 1 0 3 1 0 0 0 0 0 0 0 0 3 0 0 0 0 2 0 0 0 0 0 0 
0 1 0 0 0 0 0 0 3 0 0 0 0 0 2 0 0 1 0 1 1 1 0 0 0 0 0 2 0 0 2 0 0 0 0 0 0 0 0 0 
0 0 0 0 0 0 0 0 0 0 0 0 3 0 0 0 0 0 0 1 0 0 0 0 0 0 0 0 0 0 0 0 0 3 3 0 0 0 0 0 
0 1 0 0 0 2 1 0 2 0 2 0 2 0 0 0 0 0 0 2 0 0 0 0 0 0 0 1 0 0 0 0 0 0 0 0 0 0 0 1 
0 1 1 0 1 1 0 1 1 0 0 0 0 0 0 1 0 0 0 2 2 2 0 0 0 1 0 1 1 0 0 0 1 0 0 0 0 0 1 1 
0 0 0 1 1 1 0 0 0 0 0 1 1 0 0 0 0 0 1 0 1 2 0 0 0 0 0 0 1 0 0 0 1 1 0 1 0 0 0 0 
0 1 0 0 0 1 0 0 0 1 0 2 0 0 1 0 0 0 1 0 0 1 0 0 0 0 0 2 0 1 0 0 0 0 0 0 0 1 0 0 
0 0 1 0 0 0 2 0 0 2 0 0 0 0 1 0 0 1 0 0 0 3 0 2 1 0 0 0 0 0 0 0 0 0 0 0 0 0 0 0 
0 0 0 0 0 0 0 0 0 0 0 1 0 0 1 1 0 2 1 0 0 0 0 0 0 0 1 1 0 1 0 0 2 0 0 1 0 0 2 0 
0 1 0 0 1 0 0 0 0 0 0 0 0 0 0 1 0 1 0 0 1 0 0 0 0 0 1 1 0 0 0 1 0 0 0 0 0 0 0 0 
0 1 2 2 1 0 0 0 0 2 1 0 1 0 0 0 0 0 0 0 0 0 2 0 2 0 0 0 0 0 0 0 0 0 0 0 0 0 1 2 
0 0 0 1 1 0 1 2 0 1 1 0 0 0 0 2 0 0 3 0 2 0 0 0 0 3 0 2 0 0 1 0 0 1 0 0 0 1 0 0 
0 0 0 1 0 0 0 1 0 0 0 0 2 0 0 0 1 0 1 1 0 0 0 0 0 1 0 0 0 0 0 0 0 0 0 0 0 0 0 1 
0 0 0 0 0 0 0 0 0 2 0 1 0 0 0 0 0 1 0 0 0 0 0 0 0 0 0 0 0 0 1 0 0 0 0 0 0 2 0 0 
0 0 0 1 0 0 0 0 0 0 0 0 0 0 1 0 1 0 0 0 0 0 0 0 0 2 0 0 0 0 0 1 2 0 0 0 2 0 0 2 
0 0 1 2 0 3 0 0 1 0 1 1 0 0 0 0 2 0 2 0 0 1 0 3 0 1 0 0 3 0 0 0 1 0 1 0 0 0 0 0 
1 0 3 0 0 0 0 2 0 0 0 0 0 0 0 1 0 0 1 0 0 1 0 0 0 0 0 0 0 0 0 0 0 0 0 0 0 0 0 0 
0 0 0 0 0 0 0 0 0 1 2 0 0 0 2 0 0 1 0 0 0 0 0 0 0 2 0 0 0 0 0 0 0 0 0 0 1 0 0 1 
1 0 1 0 0 0 0 0 0 0 0 2 2 0 1 3 0 0 0 0 0 2 0 0 0 2 1 1 0 0 0 0 0 0 0 0 0 0 0 0 
0 0 0 0 0 1 0 0 0 1 0 0 2 0 0 0 0 0 0 0 0 0 0 0 0 0 1 0 0 0 1 0 0 0 0 0 0 0 0 1 
0 0 0 0 2 0 0 0 1 0 0 0 0 0 0 0 0 1 0 0 0 0 0 0 2 0 0 0 0 0 0 0 0 0 1 0 1 1 0 0 
1 0 0 0 0 0 0 0 0 0 0 0 0 0 0 0 0 1 1 0 0 0 0 0 0 0 0 0 0 0 0 0 0 0 0 1 0 1 0 0 
0 0 0 0 2 0 0 1 0 0 0 0 0 0 0 1 0 2 0 0 0 3 0 1 0 0 0 0 2 0 1 2 0 0 0 0 0 0 1 1 
0 0 0 0 0 1 0 0 0 0 0 0 0 0 0 0 0 0 1 0 1 0 0 0 0 0 0 0 0 0 0 0 0 0 0 0 0 1 1 1 
0 1 2 0 0 0 0 0 0 0 0 0 0 0 0 0 0 0 2 1 0 0 0 0 0 1 0 1 1 0 0 0 0 0 0 0 1 0 0 0 
0 0 0 1 0 0 0 1 2 0 0 1 0 0 0 0 0 0 0 0 0 1 1 0 3 2 1 0 0 0 0 0 0 1 1 0 0 0 0 1 
1 0 0 0 2 0 0 1 0 0 0 0 0 0 0 0 0 0 0 0 0 1 0 0 0 0 0 0 0 0 1 2 0 1 0 0 0 1 0 1 
2 0 0 1 0 0 0 0 0 0 1 0 0 0 0 2 2 0 0 1 0 0 0 0 3 0 0 0 0 0 0 0 0 0 1 0 0 0 0 0 
0 1 1 0 0 0 0 0 0 0 1 0 0 1 0 1 0 1 0 0 2 3 0 0 3 0 2 0 0 0 0 0 0 0 2 0 0 0 0 2 
0 0 0 1 0 2 1 0 0 0 0 0 0 0 1 1 1 0 1 0 0 1 0 0 0 0 1 0 0 0 0 0 0 0 0 0 0 0 1 0 
0 0 0 3 1 0 0 0 0 0 0 0 0 0 0 0 0 0 0 0 0 1 1 0 0 0 1 0 0 0 0 0 0 0 1 0 0 0 0 0 
0 0 0 0 0 0 0 1 0 0 0 0 0 0 0 0 0 0 0 0 0 0 2 0 0 2 0 0 0 1 0 0 0 0 0 0 0 0 0 0 
0 1 0 0 0 0 0 0 0 0 1 0 0 0 0 0 0 0 1 1 0 0 2 0 0 1 1 1 0 1 0 0 1 1 0 0 2 0 0 0 
0 1 1 1 0 0 0 0 0 0 0 1 0 2 0 0 0 0 1 0 0 1 0 0 1 0 1 1 1 0 0 1 0 0 0 0 0 0 0 0 
0 3 1 0 0 0 1 0 0 1 1 0 0 0 0 0 0 0 0 1 1 0 0 0 0 0 0 2 0 0 1 0 0 0 0 0 0 0 0 0 
0 0 0 0 0 1 0 0 0 1 0 0 0 0 1 0 0 3 0 0 0 0 0 0 1 0 1 0 0 0 0 0 1 0 0 0 0 1 1 0 
1 0 1 0 0 0 0 0 0 0 0 0 0 0 2 1 0 0 0 0 0 0 0 1 0 0 0 0 0 0 0 0 0 0 0 0 0 1 0 1 
0 0 0 0 0 0 0 0 1 1 1 0 1 0 0 0 0 2 0 2 0 0 1 1 0 0 1 0 0 0 0 1 0 0 1 0 0 0 1 0 
1 0 0 0 0 0 0 1 0 0 3 2 0 0 0 0 0 0 2 0 2 0 1 2 1 1 0 0 1 0 0 0 0 0 0 1 0 0 0 0 
0 0 1 0 0 0 1 0 0 2 0 0 2 0 0 1 2 0 0 0 0 0 0 0 0 0 0 0 0 0 0 1 0 0 0 0 0 1 1 1 
2 0 1 0 2 1 1 0 2 0 0 0 0 0 0 0 0 0 0 0 1 0 0 0 0 0 2 0 0 0 0 0 1 0 0 0 0 0 1 0 
0 0 0 0 0 0 0 0 0 0 0 0 0 0 0 1 0 0 0 1 0 0 0 0 0 0 0 1 0 0 1 0 0 1 0 0 0 0 0 0 
0 0 0 0 1 0 3 0 0 0 0 0 1 3 3 1 0 2 0 1 0 0 0 1 0 0 1 0 0 2 1 0 0 0 1 0 0 0 0 0 
2 2 0 0 0 1 0 0 0 0 0 1 0 0 1 2 0 0 0 0 0 0 0 0 0 0 0 0 1 0 0 0 0 0 0 0 0 2 0 0 
0 2 0 1 0 0 0 0 0 0 0 0 0 0 0 1 0 0 0 0 3 0 2 0 0 3 0 1 2 3 0 0 0 1 0 0 0 0 0 3 
1 0 0 1 1 0 0 0 0 0 0 0 1 2 0 0 0 0 0 0 0 0 0 1 1 0 1 0 0 0 0 1 0 0 0 0 0 0 0 1 
0 0 2 1 1 2 0 1 0 0 0 0 0 0 0 0 0 0 0 1 0 0 0 0 2 0 0 1 0 0 0 0 0 1 1 2 1 0 0 0 
0 1 0 0 0 0 0 1 0 0 1 0 0 0 0 0 0 0 0 1 1 2 0 0 0 0 0 0 1 1 1 0 0 1 0 1 0 0 1 0 
0 1 1 0 0 0 1 0 0 0 0 1 0 0 0 0 0 2 1 0 0 0 0 0 0 0 1 0 0 0 0 0 0 1 0 0 0 1 3 0 
1 0 1 0 0 0 2 0 0 0 0 0 3 0 0 0 1 0 0 0 0 3 1 0 0 0 1 1 2 0 0 2 0 0 0 0 2 0 0 1 
0 2 0 2 2 1 0 0 0 0 2 0 0 0 0 0 1 3 0 0 0 0 1 0 0 0 0 0 0 0 2 1 0 0 0 0 1 0 0 1 
0 3 0 2 0 0 0 0 0 0 0 0 0 1 1 1 0 0 0 1 0 0 1 0 0 0 0 0 0 1 1 0 0 0 0 1 1 0 0 0 
0 0 0 0 0 1 0 0 0 0 0 0 0 0 0 1 0 1 1 0 0 0 1 0 0 1 0 1 0 0 0 2 2 1 0 0 1 0 0 0 
0 0 0 0 0 1 0 1 0 1 2 0 0 2 1 0 0 0 0 0 0 0 2 0 0 0 3 0 0 0 1 0 0 2 0 0 1 0 0 1 
0 1 0 0 0 0 0 0 0 1 1 0 0 0 1 0 0 0 0 0 0 0 0 0 2 0 0 2 2 0 1 0 0 0 0 0 2 1 0 0 
0 0 0 2 0 0 0 1 0 0 0 0 0 0 0 0 0 0 0 0 1 0 0 0 1 0 2 0 0 0 1 0 0 0 0 2 0 0 0 0 
0 0 0 0 0 0 0 0 0 0 2 0 1 0 0 0 0 0 0 0 0 0 0 0 0 2 0 0 1 3 0 0 0 0 1 0 2 0 0 0 
0 0 0 0 0 0 0 0 0 0 0 0 0 1 0 1 0 1 0 1 0 0 0 2 0 0 0 0 0 0 0 0 0 0 0 2 0 0 0 0 
0 1 0 0 0 2 0 0 0 1 0 0 2 0 0 1 0 0 0 0 0 0 1 0 0 0 0 0 0 0 1 1 0 1 0 0 0 0 1 0 
0 0 0 1 2 0 0 0 0 0 0 0 0 0 0 2 0 2 0 0 0 0 1 0 0 0 0 3 0 0 0 1 0 1 0 1 0 0 0 1 
1 0 0 2 0 2 0 0 0 0 0 0 0 1 1 1 1 1 0 0 0 0 1 0 1 0 1 0 0 1 0 0 0 0 0 0 0 0 0 1 
0 0 0 1 0 1 0 0 0 0 0 2 0 0 0 0 1 0 0 0 2 0 0 1 0 0 0 0 0 1 0 0 0 2 0 0 0 0 0 0 
0 0 0 1 0 0 0 0 0 2 0 0 0 1 0 0 0 0 0 2 1 3 2 0 0 0 0 0 1 2 0 0 0 0 1 0 0 1 0 1 
0 0 2 0 0 0 0 1 0 1 2 1 2 0 2 1 0 1 0 0 0 0 0 0 0 0 1 0 1 0 2 0 0 0 0 2 0 1 0 0 
1 0 1 0 0 0 0 1 0 0 0 0 0 2 0 0 0 2 0 0 0 0 0 0 0 0 0 0 0 0 1 0 0 0 0 0 1 1 0 2 
0 1 1 2 0 1 0 0 1 0 0 0 0 1 0 0 0 0 1 0 1 1 0 0 0 0 1 0 0 0 0 0 0 1 0 0 0 1 1 0 
0 0 0 0 0 0 0 0 2 0 0 0 2 0 2 0 1 1 1 0 1 0 0 0 0 0 0 0 0 0 0 0 1 0 0 2 0 0 3 0 
2 0 0 0 0 0 0 0 0 0 0 0 0 0 2 0 0 1 1 0 2 1 0 0 0 0 1 0 0 1 0 0 0 1 2 0 0 0 0 2 
1 0 1 1 0 0 2 0 0 0 0 0 0 0 0 0 1 2 0 2 0 0 0 0 0 0 0 0 0 1 0 0 0 0 0 0 0 0 0 0 
0 0 0 0 0 0 0 0 1 0 0 0 0 0 0 1 0 1 0 0 0 0 0 1 0 3 0 1 2 0 0 0 0 0 3 2 0 0 0 0 
1 3 0 0 1 0 0 0 2 2 0 0 0 1 0 0 0 1 1 0 0 0 0 0 0 0 0 1 0 0 0 0 0 0 1 0 0 0 1 0 
37 10 34 13 33 35 41 17 17 20 40 39 43 20 16 16 20 40 30 38 
1000 1000 1000 1000 1000 1000 1000 1000 1000 1000 1000 1000 1000 1000 1000 1000 1000 1000 1000 1000 
26 30 21 45 17 23 12 28 20 20 9 11 12 23 38 34 10 33 18 22 
1000 1000 1000 1000 1000 1000 1000 1000 1000 1000 1000 1000 1000 1000 1000 1000 1000 1000 1000 1000 
10 15 24 44 37 29 10 43 44 15 39 32 16 42 40 35 33 9 22 20 
1000 1000 1000 1000 1000 1000 1000 1000 1000 1000 1000 1000 1000 1000 1000 1000 1000 1000 1000 1000 
11 37 35 18 17 30 34 39 25 21 45 21 27 22 15 16 24 34 33 23 
1000 1000 1000 1000 1000 1000 1000 1000 1000 1000 1000 1000 1000 1000 1000 1000 1000 1000 1000 1000 
1000 1000 1000 1000 1000 1000 1000 1000 1000 1000 1000 1000 1000 1000 1000 1000 1000 1000 1000 1000 
1000 1000 1000 1000 1000 1000 1000 1000 1000 1000 1000 1000 1000 1000 1000 1000 1000 1000 1000 1000 
1000 1000 1000 1000 1000 1000 1000 1000 1000 1000 1000 1000 1000 1000 1000 1000 1000 1000 1000 1000 
1000 1000 1000 1000 1000 1000 1000 1000 1000 1000 1000 1000 1000 1000 1000 1000 1000 1000 1000 1000 
1000 1000 1000 1000 1000 1000 1000 1000 1000 1000 1000 1000 1000 1000 1000 1000 1000 1000 1000 1000 
32 20 14 12 13 41 44 13 25 12 18 42 43 14 27 13 35 42 41 38 
12 15 36 36 11 28 32 28 41 26 22 16 14 35 16 32 27 40 30 9 
1000 1000 1000 1000 1000 1000 1000 1000 1000 1000 1000 1000 1000 1000 1000 1000 1000 1000 1000 1000 
40 10 44 13 36 32 44 44 12 25 42 36 11 30 45 9 38 21 43 41 
1000 1000 1000 1000 1000 1000 1000 1000 1000 1000 1000 1000 1000 1000 1000 1000 1000 1000 1000 1000 
1000 1000 1000 1000 1000 1000 1000 1000 1000 1000 1000 1000 1000 1000 1000 1000 1000 1000 1000 1000 
29 44 43 35 45 31 38 20 35 38 23 32 17 9 36 9 27 44 43 39 
1000 1000 1000 1000 1000 1000 1000 1000 1000 1000 1000 1000 1000 1000 1000 1000 1000 1000 1000 1000 
40 35 11 14 39 24 37 20 39 24 43 38 24 33 42 30 40 16 26 31 
32 10 36 34 19 11 20 10 22 27 30 33 29 18 31 26 24 31 18 14 
37 33 21 41 42 11 19 44 19 40 17 16 9 12 33 13 39 22 33 27 
23 19 9 17 14 41 45 25 45 41 23 18 32 38 15 22 13 20 18 34 
40 10 36 11 16 13 9 45 23 13 31 42 10 12 35 10 38 41 24 10 
24 15 35 19 24 23 33 28 15 39 14 35 37 28 17 9 15 35 26 28 
9 26 39 42 22 45 11 45 20 38 36 23 27 18 22 27 44 9 40 28 
42 34 15 44 20 31 37 43 37 30 38 22 16 34 31 44 26 45 31 9 
41 45 34 17 19 39 18 32 26 27 32 38 19 44 41 18 13 37 33 21 
38 30 30 18 19 44 45 11 13 17 20 34 32 30 33 39 9 40 10 13 
9 35 25 30 19 37 41 30 28 17 27 26 15 13 44 36 15 36 23 29 
20 42 9 19 10 14 32 9 21 43 18 25 41 35 35 36 17 33 45 27 
1000 1000 1000 1000 1000 1000 1000 1000 1000 1000 1000 1000 1000 1000 1000 1000 1000 1000 1000 1000 
12 35 20 11 21 15 25 41 18 29 25 28 38 37 19 38 35 13 23 43 
21 30 9 39 27 10 36 23 35 25 20 20 41 10 11 25 39 17 31 39 
1000 1000 1000 1000 1000 1000 1000 1000 1000 1000 1000 1000 1000 1000 1000 1000 1000 1000 1000 1000 
11 25 36 9 12 17 39 38 37 39 25 39 15 35 38 24 13 10 12 14 
1000 1000 1000 1000 1000 1000 1000 1000 1000 1000 1000 1000 1000 1000 1000 1000 1000 1000 1000 1000 
1000 1000 1000 1000 1000 1000 1000 1000 1000 1000 1000 1000 1000 1000 1000 1000 1000 1000 1000 1000 
1000 1000 1000 1000 1000 1000 1000 1000 1000 1000 1000 1000 1000 1000 1000 1000 1000 1000 1000 1000 
1000 1000 1000 1000 1000 1000 1000 1000 1000 1000 1000 1000 1000 1000 1000 1000 1000 1000 1000 1000 
1000 1000 1000 1000 1000 1000 1000 1000 1000 1000 1000 1000 1000 1000 1000 1000 1000 1000 1000 1000 
23 35 21 37 29 22 38 15 37 29 10 13 28 38 20 14 9 26 45 21 
19 29 27 11 45 15 28 30 31 39 13 35 12 21 40 11 21 25 31 27 
20 26 36 31 11 10 40 42 45 22 38 13 42 23 22 20 38 33 35 9 
35 36 23 42 10 21 40 42 27 38 20 24 18 32 15 44 16 35 9 11 
37 16 19 18 22 20 12 20 24 24 21 26 30 11 12 32 36 11 14 14 
1000 1000 1000 1000 1000 1000 1000 1000 1000 1000 1000 1000 1000 1000 1000 1000 1000 1000 1000 1000 
1000 1000 1000 1000 1000 1000 1000 1000 1000 1000 1000 1000 1000 1000 1000 1000 1000 1000 1000 1000 
41 39 43 17 15 29 32 31 38 19 41 18 10 36 29 29 39 28 9 16 
1000 1000 1000 1000 1000 1000 1000 1000 1000 1000 1000 1000 1000 1000 1000 1000 1000 1000 1000 1000 
1000 1000 1000 1000 1000 1000 1000 1000 1000 1000 1000 1000 1000 1000 1000 1000 1000 1000 1000 1000 
16 10 29 31 12 16 32 24 41 23 37 16 17 30 23 13 36 31 34 41 
11 34 40 31 45 31 43 42 35 23 12 20 34 41 17 28 31 11 15 15 
41 17 27 21 19 12 10 16 13 23 45 38 23 12 16 9 35 30 11 33 
21 23 39 28 15 36 32 32 41 20 11 43 25 29 30 16 44 10 19 11 
35 18 11 34 24 11 36 19 20 18 21 17 17 9 37 20 16 36 42 43 
1000 1000 1000 1000 1000 1000 1000 1000 1000 1000 1000 1000 1000 1000 1000 1000 1000 1000 1000 1000 
1000 1000 1000 1000 1000 1000 1000 1000 1000 1000 1000 1000 1000 1000 1000 1000 1000 1000 1000 1000 
19 27 21 44 17 29 40 41 40 39 15 44 15 33 18 24 17 15 26 39 
23 10 22 26 45 35 44 41 25 24 25 13 33 12 20 28 42 42 39 24 
1000 1000 1000 1000 1000 1000 1000 1000 1000 1000 1000 1000 1000 1000 1000 1000 1000 1000 1000 1000 
25 43 45 12 9 13 31 36 34 31 43 10 32 15 27 17 40 40 43 31 
17 45 30 17 19 21 29 18 19 31 35 37 38 37 18 10 19 22 37 36 
1000 1000 1000 1000 1000 1000 1000 1000 1000 1000 1000 1000 1000 1000 1000 1000 1000 1000 1000 1000 
25 41 30 29 30 10 25 23 34 11 29 35 42 14 28 24 45 22 45 14 
17 22 44 32 40 11 18 14 30 14 23 31 19 24 37 11 37 32 21 45 
1000 1000 1000 1000 1000 1000 1000 1000 1000 1000 1000 1000 1000 1000 1000 1000 1000 1000 1000 1000 
1000 1000 1000 1000 1000 1000 1000 1000 1000 1000 1000 1000 1000 1000 1000 1000 1000 1000 1000 1000 
1000 1000 1000 1000 1000 1000 1000 1000 1000 1000 1000 1000 1000 1000 1000 1000 1000 1000 1000 1000 
21 15 25 33 18 28 19 44 22 44 43 45 32 27 18 38 16 28 21 31 
1000 1000 1000 1000 1000 1000 1000 1000 1000 1000 1000 1000 1000 1000 1000 1000 1000 1000 1000 1000 
13 29 36 22 30 45 12 15 18 43 27 30 34 42 33 29 37 12 29 26 
18 26 21 38 15 10 32 39 21 21 22 19 9 28 40 25 14 23 41 21 
19 19 33 37 21 29 36 34 31 25 23 15 14 14 42 20 15 27 45 22 
1000 1000 1000 1000 1000 1000 1000 1000 1000 1000 1000 1000 1000 1000 1000 1000 1000 1000 1000 1000 
19 44 23 32 43 29 37 17 32 23 29 24 10 21 43 10 40 10 25 9 
1000 1000 1000 1000 1000 1000 1000 1000 1000 1000 1000 1000 1000 1000 1000 1000 1000 1000 1000 1000 
20 37 28 38 40 34 37 19 36 9 33 23 13 45 43 36 34 39 44 26 
41 27 32 44 21 13 34 34 25 23 30 32 41 38 12 32 43 26 35 38 
1000 1000 1000 1000 1000 1000 1000 1000 1000 1000 1000 1000 1000 1000 1000 1000 1000 1000 1000 1000 
11 40 26 31 38 37 40 28 40 11 17 40 26 26 45 38 29 20 21 17 
43 20 26 25 36 13 10 25 17 23 28 26 26 36 31 15 45 15 33 22 
1000 1000 1000 1000 1000 1000 1000 1000 1000 1000 1000 1000 1000 1000 1000 1000 1000 1000 1000 1000 
1000 1000 1000 1000 1000 1000 1000 1000 1000 1000 1000 1000 1000 1000 1000 1000 1000 1000 1000 1000 
1000 1000 1000 1000 1000 1000 1000 1000 1000 1000 1000 1000 1000 1000 1000 1000 1000 1000 1000 1000 
1000 1000 1000 1000 1000 1000 1000 1000 1000 1000 1000 1000 1000 1000 1000 1000 1000 1000 1000 1000 
12 34 17 18 32 31 17 28 33 40 14 22 40 19 45 38 41 26 29 11 
1000 1000 1000 1000 1000 1000 1000 1000 1000 1000 1000 1000 1000 1000 1000 1000 1000 1000 1000 1000 
36 38 33 44 33 20 32 45 33 44 31 28 43 43 33 21 38 40 30 13 
1000 1000 1000 1000 1000 1000 1000 1000 1000 1000 1000 1000 1000 1000 1000 1000 1000 1000 1000 1000 
37 16 13 30 26 33 22 29 18 24 18 29 9 28 11 9 42 30 42 24 
28 10 11 21 19 30 18 42 41 31 10 24 34 21 43 32 13 13 45 16 
1000 1000 1000 1000 1000 1000 1000 1000 1000 1000 1000 1000 1000 1000 1000 1000 1000 1000 1000 1000 
1000 1000 1000 1000 1000 1000 1000 1000 1000 1000 1000 1000 1000 1000 1000 1000 1000 1000 1000 1000 
19 32 34 45 13 30 21 28 44 36 17 38 23 31 13 10 43 22 33 19 
1000 1000 1000 1000 1000 1000 1000 1000 1000 1000 1000 1000 1000 1000 1000 1000 1000 1000 1000 1000 
31 33 32 9 10 19 26 22 22 31 37 30 14 16 41 38 23 22 11 22 
1000 1000 1000 1000 1000 1000 1000 1000 1000 1000 1000 1000 1000 1000 1000 1000 1000 1000 1000 1000 
24 23 32 27 20 24 29 17 24 34 29 31 23 28 31 15 34 23 35 21 
1000 1000 1000 1000 1000 1000 1000 1000 1000 1000 1000 1000 1000 1000 1000 1000 1000 1000 1000 1000 
27 31 17 16 19 22 23 24 26 28 20 30 30 23 15 15 24 24 31 30 
26 15 32 26 29 17 17 17 28 29 30 24 32 20 31 26 26 24 34 34 
17 16 35 34 19 35 35 26 25 17 21 20 22 25 27 18 33 20 18 16 
1000 1000 1000 1000 1000 1000 1000 1000 1000 1000 1000 1000 1000 1000 1000 1000 1000 1000 1000 1000 
1000 1000 1000 1000 1000 1000 1000 1000 1000 1000 1000 1000 1000 1000 1000 1000 1000 1000 1000 1000 
26 16 15 18 23 19 20 23 25 24 30 33 31 20 35 31 34 21 27 18 
23 32 19 26 28 15 30 26 21 15 34 33 32 25 22 32 27 25 21 35 
21 16 18 30 33 32 25 32 26 34 33 25 21 25 20 30 29 15 22 25 
19 20 26 16 17 25 28 31 25 31 19 18 25 23 34 33 18 24 28 22 
15 23 31 22 29 15 34 16 30 23 31 19 20 28 18 34 26 28 26 16 
34 34 15 30 31 24 16 22 27 16 18 25 29 25 15 31 33 28 35 22 
17 15 35 30 17 30 30 17 19 27 20 17 28 18 35 28 25 34 35 24 
17 24 26 21 16 15 16 21 24 26 19 23 25 34 23 19 30 18 35 21 
15 28 28 26 25 24 18 26 30 31 15 18 19 25 24 25 21 24 24 25 
23 22 25 22 34 17 21 25 19 23 26 31 15 20 30 15 33 33 35 18 
26 28 24 34 23 23 25 19 34 29 32 25 32 20 28 30 16 17 21 18 
17 32 34 28 32 19 18 27 25 24 26 20 18 16 25 15 20 23 28 18 
25 24 19 20 30 18 31 16 19 26 21 22 15 30 23 30 23 25 35 17 
23 22 30 19 28 32 25 23 31 23 24 23 26 21 28 32 24 33 21 32 
26 28 19 16 35 33 32 20 34 27 25 21 30 25 22 26 15 33 23 17 
18 16 17 18 15 22 16 25 16 19 35 16 32 26 31 34 20 34 31 26 
29 33 23 21 26 35 20 23 18 16 25 19 35 24 20 24 18 32 31 28 
34 17 17 35 32 22 34 17 22 24 15 16 23 16 22 32 16 28 16 21 
25 32 18 18 17 24 25 16 35 16 35 27 22 27 24 18 15 26 22 26 
33 23 25 25 30 31 30 30 33 33 28 16 30 19 23 26 27 18 28 19 
28 28 18 35 17 32 34 25 34 15 17 33 27 33 16 17 35 24 19 35 
34 15 26 31 31 17 17 25 28 24 26 27 26 35 16 35 15 21 31 29 
18 21 33 28 21 24 18 26 19 15 16 26 23 34 17 22 28 17 21 25 
29 15 31 23 19 30 29 22 19 24 35 15 27 31 23 24 25 15 27 19 
25 15 20 28 34 20 35 33 17 29 29 33 20 23 32 26 27 19 18 29 
16 25 31 32 16 18 16 25 23 20 16 16 24 28 30 25 24 29 28 33 
21 30 18 32 21 21 25 23 27 20 28 24 31 22 34 15 29 26 32 32 
21 30 27 32 35 29 34 31 17 35 33 20 29 18 27 35 30 18 25 16 
31 22 29 20 15 17 23 28 27 19 32 34 35 25 20 35 26 30 19 18 
24 26 30 22 21 16 34 27 20 33 28 30 31 24 35 25 20 18 29 17 
33 27 21 24 21 26 21 27 20 18 24 32 31 27 34 19 34 21 28 25 
15 26 21 22 24 18 26 26 29 34 23 19 20 25 29 18 27 28 15 26 
30 16 17 23 25 22 25 28 25 35 27 25 34 25 31 20 27 22 23 33 
30 28 35 31 26 15 32 16 22 24 33 35 21 34 30 28 23 27 29 30 
29 29 22 15 32 33 18 17 33 33 27 28 24 35 16 16 31 31 30 23 
35 26 25 34 28 15 33 26 33 17 28 16 32 35 32 34 21 23 16 24 
32 28 35 23 34 28 20 25 33 20 32 17 30 17 18 25 22 20 34 21 
16 15 29 34 29 16 32 33 17 18 17 27 21 23 21 27 28 15 25 28 
28 30 23 20 17 26 17 26 19 25 30 27 19 18 16 19 35 30 19 26 
1000 1000 1000 1000 1000 1000 1000 1000 1000 1000 1000 1000 1000 1000 1000 1000 1000 1000 1000 1000 
19 32 17 22 31 35 29 24 30 26 30 28 25 27 28 30 28 31 17 16 
29 16 17 17 26 25 29 17 28 23 29 32 31 32 30 26 26 30 35 15 
1000 1000 1000 1000 1000 1000 1000 1000 1000 1000 1000 1000 1000 1000 1000 1000 1000 1000 1000 1000 
34 15 28 20 15 24 17 20 24 20 30 25 31 28 22 23 16 24 26 33 
1000 1000 1000 1000 1000 1000 1000 1000 1000 1000 1000 1000 1000 1000 1000 1000 1000 1000 1000 1000 
33 15 25 25 22 34 27 34 34 18 34 23 16 29 35 35 30 21 24 27 
32 16 28 31 33 23 34 15 21 28 24 31 18 25 31 16 33 29 32 15 
19 35 25 29 17 18 17 25 35 17 35 15 22 31 32 24 24 22 15 20 
24 34 30 31 29 25 19 35 21 30 17 34 15 35 20 25 23 35 18 16 
31 28 15 33 28 15 29 32 23 32 32 34 17 31 34 19 27 28 25 35 
19 17 16 17 31 32 19 34 28 32 26 21 29 29 23 22 27 23 28 32 
28 19 20 26 17 20 15 35 33 27 27 21 20 34 23 29 16 22 22 33 
1000 1000 1000 1000 1000 1000 1000 1000 1000 1000 1000 1000 1000 1000 1000 1000 1000 1000 1000 1000 
29 23 19 29 26 27 27 28 25 34 20 29 24 24 25 23 24 23 35 31 
30 19 30 20 34 32 33 35 21 18 31 28 22 27 30 21 34 21 32 25 
30 16 32 20 24 32 15 34 22 30 31 22 32 24 30 22 29 24 35 24 
25 33 24 30 17 34 23 27 29 22 27 23 15 22 31 31 32 29 29 35 
1000 1000 1000 1000 1000 1000 1000 1000 1000 1000 1000 1000 1000 1000 1000 1000 1000 1000 1000 1000 
19 15 30 21 27 33 15 20 19 28 25 34 16 18 33 29 29 24 15 24 
1000 1000 1000 1000 1000 1000 1000 1000 1000 1000 1000 1000 1000 1000 1000 1000 1000 1000 1000 1000 
21 31 25 23 35 32 19 24 20 34 23 16 21 15 22 27 17 18 29 33 
30 32 21 29 34 30 34 24 29 19 24 24 35 26 23 17 23 19 22 32 
1000 1000 1000 1000 1000 1000 1000 1000 1000 1000 1000 1000 1000 1000 1000 1000 1000 1000 1000 1000 
1000 1000 1000 1000 1000 1000 1000 1000 1000 1000 1000 1000 1000 1000 1000 1000 1000 1000 1000 1000 
31 21 29 35 28 19 32 30 24 27 31 32 31 18 32 25 15 29 29 17 
18 17 19 30 31 25 28 21 18 18 21 29 17 22 23 26 31 28 34 35 
32 29 18 34 24 30 22 18 16 25 19 21 35 31 29 33 16 18 25 34 
1000 1000 1000 1000 1000 1000 1000 1000 1000 1000 1000 1000 1000 1000 1000 1000 1000 1000 1000 1000 
24 32 23 16 27 29 27 35 20 33 35 32 25 28 21 27 24 34 22 28 
25 34 20 23 33 25 18 21 28 15 34 22 26 34 16 15 30 35 23 20 
18 35 26 16 16 30 19 21 23 18 24 20 18 26 24 28 26 31 16 20 
30 34 26 30 25 25 27 31 33 32 15 18 30 22 35 28 35 30 15 20 
19 34 30 30 28 26 22 16 22 19 33 30 32 20 30 32 21 23 23 35 
23 24 15 29 35 23 18 19 32 22 35 31 17 21 22 33 30 27 30 19 
1000 1000 1000 1000 1000 1000 1000 1000 1000 1000 1000 1000 1000 1000 1000 1000 1000 1000 1000 1000 
31 30 18 24 30 34 22 22 19 29 15 24 26 17 24 17 16 19 33 20 
25 29 35 20 27 23 35 21 31 16 31 29 30 32 17 35 25 30 24 29 
25 26 21 30 34 35 34 27 21 19 16 20 22 33 23 23 21 29 20 19 
34 26 28 17 34 34 28 20 27 31 22 33 35 19 21 24 27 22 20 19 
25 19 22 25 18 30 30 18 25 15 32 16 21 33 29 16 20 32 32 29 
1000 1000 1000 1000 1000 1000 1000 1000 1000 1000 1000 1000 1000 1000 1000 1000 1000 1000 1000 1000 
23 17 22 15 33 26 21 20 34 33 28 21 24 35 22 23 17 25 33 19 
34 25 30 24 25 23 33 28 17 33 21 29 15 20 25 17 20 29 15 19 
20 23 19 22 15 17 15 31 21 24 23 31 18 29 33 27 29 24 23 24 
1000 1000 1000 1000 1000 1000 1000 1000 1000 1000 1000 1000 1000 1000 1000 1000 1000 1000 1000 1000 
24 28 24 25 22 15 32 34 31 35 18 21 27 23 22 34 26 33 21 15 
33 18 32 29 23 33 26 20 25 16 35 30 30 32 22 15 21 26 23 16 
31 34 32 28 32 16 18 34 23 26 22 20 30 23 26 15 20 28 25 25 
25 29 35 24 31 16 34 34 31 22 19 22 24 24 24 18 19 22 18 35 
23 29 33 22 25 28 25 17 22 29 22 32 21 34 32 20 21 28 22 15 
33 24 25 15 33 35 19 18 34 19 25 25 20 27 33 32 25 35 26 23 
19 28 34 21 31 33 33 19 26 32 24 26 16 31 27 15 30 15 25 23 
30 34 35 15 27 30 21 30 16 15 33 21 23 23 34 32 20 32 25 35 
0 1.0 0 0.8 0 0 0 0.5333333333333333 0.5333333333333333 0.33333333333333337 0 0 0 0.33333333333333337 0.6 0.6 0.33333333333333337 0 0 0 
0 0 0 0 0 0 0 0 0 0 0 0 0 0 0 0 0 0 0 0 
0 0 0.2666666666666667 0 0.5333333333333333 0.1333333333333333 0.8666666666666667 0 0.33333333333333337 0.33333333333333337 1 0.9333333333333333 0.8666666666666667 0.1333333333333333 0 0 1.0 0 0.4666666666666667 0.19999999999999996 
0 0 0 0 0 0 0 0 0 0 0 0 0 0 0 0 0 0 0 0 
1.0 0.6666666666666667 0.06666666666666665 0 0 0 1.0 0 0 0.6666666666666667 0 0 0.6 0 0 0 0 1 0.19999999999999996 0.33333333333333337 
0 0 0 0 0 0 0 0 0 0 0 0 0 0 0 0 0 0 0 0 
0.9333333333333333 0 0 0.4666666666666667 0.5333333333333333 0 0 0 0.0 0.2666666666666667 0 0.2666666666666667 0 0.19999999999999996 0.6666666666666667 0.6 0.06666666666666665 0 0 0.1333333333333333 
0 0 0 0 0 0 0 0 0 0 0 0 0 0 0 0 0 0 0 0 
0 0 0 0 0 0 0 0 0 0 0 0 0 0 0 0 0 0 0 0 
0 0 0 0 0 0 0 0 0 0 0 0 0 0 0 0 0 0 0 0 
0 0 0 0 0 0 0 0 0 0 0 0 0 0 0 0 0 0 0 0 
0 0 0 0 0 0 0 0 0 0 0 0 0 0 0 0 0 0 0 0 
0 0 0 0 0 0 0 0 0 0 0 0 0 0 0 0 0 0 0 0 
0 0.33333333333333337 0.7333333333333334 0.8666666666666667 0.8 0 0 0.8 0.0 0.8666666666666667 0.4666666666666667 0 0 0.7333333333333334 0 0.8 0 0 0 0 
0.8666666666666667 0.6666666666666667 0 0 0.9333333333333333 0 0 0 0 0 0.19999999999999996 0.6 0.7333333333333334 0 0.6 0 0 0 0 1 
0 0 0 0 0 0 0 0 0 0 0 0 0 0 0 0 0 0 0 0 
0 1.0 0 0.8 0 0 0 0 0.8666666666666667 0.0 0 0 0.9333333333333333 0 0 1 0 0.2666666666666667 0 0 
0 0 0 0 0 0 0 0 0 0 0 0 0 0 0 0 0 0 0 0 
0 0 0 0 0 0 0 0 0 0 0 0 0 0 0 0 0 0 0 0 
0 0 0 0 0 0 0 0.33333333333333337 0 0 0.1333333333333333 0 0.5333333333333333 1 0 1 0 0 0 0 
0 0 0 0 0 0 0 0 0 0 0 0 0 0 0 0 0 0 0 0 
0 0 0.9333333333333333 0.7333333333333334 0 0.06666666666666665 0 0.33333333333333337 0 0.06666666666666665 0 0 0.06666666666666665 0 0 0 0 0.6 0 0 
0 1.0 0 0 0.4 0.9333333333333333 0.33333333333333337 1.0 0.19999999999999996 0 0 0 0 0.4666666666666667 0 0 0.06666666666666665 0 0.4666666666666667 0.7333333333333334 
0 0 0.2666666666666667 0 0 0.9333333333333333 0.4 0 0.4 0 0.5333333333333333 0.6 1 0.8666666666666667 0 0.8 0 0.19999999999999996 0 0 
0.1333333333333333 0.4 1 0.5333333333333333 0.7333333333333334 0 0 0.0 0 0 0.1333333333333333 0.4666666666666667 0 0 0.6666666666666667 0.19999999999999996 0.8 0.33333333333333337 0.4666666666666667 0 
0 1.0 0 0.9333333333333333 0.6 0.8 1 0 0.1333333333333333 0.8 0 0 1.0 0.8666666666666667 0 1.0 0 0 0.06666666666666665 1.0 
0.06666666666666665 0.6666666666666667 0 0.4 0.06666666666666665 0.1333333333333333 0 0 0.6666666666666667 0 0.7333333333333334 0 0 0 0.5333333333333333 1 0.6666666666666667 0 0 0 
1 0 0 0 0.19999999999999996 0 0.9333333333333333 0 0.33333333333333337 0 0 0.1333333333333333 0 0.4666666666666667 0.19999999999999996 0 0 1 0 0 
0 0 0.6666666666666667 0 0.33333333333333337 0 0 0 0 0 0 0.19999999999999996 0.6 0 0 0 0 0 0 1 
0 0 0 0.5333333333333333 0.4 0 0.4666666666666667 0 0 0 0 0 0.4 0 0 0.4666666666666667 0.8 0 0 0.2666666666666667 
0 0 0 0.4666666666666667 0.4 0 0 0.9333333333333333 0.8 0.5333333333333333 0.33333333333333337 0 0 0 0 0 1 0 1.0 0.8 
1 0 0.0 0 0.4 0 0 0 0 0.5333333333333333 0 0 0.6666666666666667 0.8 0 0 0.6666666666666667 0 0.1333333333333333 0 
0.33333333333333337 0 1 0.4 1.0 0.7333333333333334 0 1 0.2666666666666667 0 0.4666666666666667 0.0 0 0 0 0 0.5333333333333333 0 0 0 
0 0 0 0 0 0 0 0 0 0 0 0 0 0 0 0 0 0 0 0 
0.8666666666666667 0 0.33333333333333337 0.9333333333333333 0.2666666666666667 0.6666666666666667 0.0 0 0.4666666666666667 0 0.0 0 0 0 0.4 0 0 0.8 0.1333333333333333 0 
0.2666666666666667 0 1 0 0 1.0 0 0.1333333333333333 0 0.0 0.33333333333333337 0.33333333333333337 0 1.0 0.9333333333333333 0.0 0 0.5333333333333333 0 0 
0 0 0 0 0 0 0 0 0 0 0 0 0 0 0 0 0 0 0 0 
0.9333333333333333 0.0 0 1 0.8666666666666667 0.5333333333333333 0 0 0 0 0.0 0 0.6666666666666667 0 0 0.06666666666666665 0.8 1.0 0.8666666666666667 0.7333333333333334 
0 0 0 0 0 0 0 0 0 0 0 0 0 0 0 0 0 0 0 0 
0 0 0 0 0 0 0 0 0 0 0 0 0 0 0 0 0 0 0 0 
0 0 0 0 0 0 0 0 0 0 0 0 0 0 0 0 0 0 0 0 
0 0 0 0 0 0 0 0 0 0 0 0 0 0 0 0 0 0 0 0 
0 0 0 0 0 0 0 0 0 0 0 0 0 0 0 0 0 0 0 0 
0.1333333333333333 0 0.2666666666666667 0 0 0.19999999999999996 0 0.6666666666666667 0 0 1.0 0.8 0 0 0.33333333333333337 0.7333333333333334 1 0 0 0.2666666666666667 
0.4 0 0 0.9333333333333333 0 0.6666666666666667 0 0 0 0 0.8 0 0.8666666666666667 0.2666666666666667 0 0.9333333333333333 0.2666666666666667 0.0 0 0 
0.33333333333333337 0 0 0 0.9333333333333333 1.0 0 0 0 0.19999999999999996 0 0.8 0 0.1333333333333333 0.19999999999999996 0.33333333333333337 0 0 0 1 
0 0 0.1333333333333333 0 1.0 0.2666666666666667 0 0 0 0 0.33333333333333337 0.06666666666666665 0.4666666666666667 0 0.6666666666666667 0 0.6 0 1 0.9333333333333333 
0 0.6 0.4 0.4666666666666667 0.19999999999999996 0.33333333333333337 0.8666666666666667 0.33333333333333337 0.06666666666666665 0.06666666666666665 0.2666666666666667 0 0 0.9333333333333333 0.8666666666666667 0 0 0.9333333333333333 0.7333333333333334 0.7333333333333334 
0 0 0 0 0 0 0 0 0 0 0 0 0 0 0 0 0 0 0 0 
0 0 0 0 0 0 0 0 0 0 0 0 0 0 0 0 0 0 0 0 
0 0 0 0.5333333333333333 0.6666666666666667 0 0 0 0 0.4 0 0.4666666666666667 1.0 0 0 0 0 0 1 0.6 
0 0 0 0 0 0 0 0 0 0 0 0 0 0 0 0 0 0 0 0 
0 0 0 0 0 0 0 0 0 0 0 0 0 0 0 0 0 0 0 0 
0.6 1.0 0 0 0.8666666666666667 0.6 0 0.06666666666666665 0 0.1333333333333333 0 0.6 0.5333333333333333 0 0.1333333333333333 0.8 0 0 0 0 
0.9333333333333333 0 0 0 0 0 0 0 0 0.1333333333333333 0.8666666666666667 0.33333333333333337 0 0 0.5333333333333333 0 0 0.9333333333333333 0.6666666666666667 0.6666666666666667 
0 0.5333333333333333 0 0.2666666666666667 0.4 0.8666666666666667 1.0 0.6 0.8 0.1333333333333333 0 0 0.1333333333333333 0.8666666666666667 0.6 1 0 0 0.9333333333333333 0 
0.2666666666666667 0.1333333333333333 0 0 0.6666666666666667 0 0 0 0 0.33333333333333337 0.9333333333333333 0 0.0 0 0 0.6 0 1.0 0.4 0.9333333333333333 
0 0.4666666666666667 0.9333333333333333 0 0.06666666666666665 0.9333333333333333 0 0.4 0.33333333333333337 0.4666666666666667 0.2666666666666667 0.5333333333333333 0.5333333333333333 1 0 0.33333333333333337 0.6 0 0 0 
0 0 0 0 0 0 0 0 0 0 0 0 0 0 0 0 0 0 0 0 
0 0 0 0 0 0 0 0 0 0 0 0 0 0 0 0 0 0 0 0 
0.4 0 0.2666666666666667 0 0.5333333333333333 0 0 0 0 0 0.6666666666666667 0 0.6666666666666667 0 0.4666666666666667 0.06666666666666665 0.5333333333333333 0.6666666666666667 0 0 
0.1333333333333333 1.0 0.19999999999999996 0 0 0 0 0 0.0 0.06666666666666665 0.0 0.8 0 0.8666666666666667 0.33333333333333337 0 0 0 0 0.06666666666666665 
0 0 0 0 0 0 0 0 0 0 0 0 0 0 0 0 0 0 0 0 
0.0 0 0 0.8666666666666667 1 0.8 0 0 0 0 0 1.0 0 0.6666666666666667 0 0.5333333333333333 0 0 0 0 
0.5333333333333333 0 0 0.5333333333333333 0.4 0.2666666666666667 0 0.4666666666666667 0.4 0 0 0 0 0 0.4666666666666667 1.0 0.4 0.19999999999999996 0 0 
0 0 0 0 0 0 0 0 0 0 0 0 0 0 0 0 0 0 0 0 
0.0 0 0 0 0 1.0 0.0 0.1333333333333333 0 0.9333333333333333 0 0 0 0.7333333333333334 0 0.06666666666666665 0 0.19999999999999996 0 0.7333333333333334 
0.5333333333333333 0.19999999999999996 0 0 0 0.9333333333333333 0.4666666666666667 0.7333333333333334 0 0.7333333333333334 0.1333333333333333 0 0.4 0.06666666666666665 0 0.9333333333333333 0 0 0.2666666666666667 0 
0 0 0 0 0 0 0 0 0 0 0 0 0 0 0 0 0 0 0 0 
0 0 0 0 0 0 0 0 0 0 0 0 0 0 0 0 0 0 0 0 
0 0 0 0 0 0 0 0 0 0 0 0 0 0 0 0 0 0 0 0 
0.2666666666666667 0.6666666666666667 0.0 0 0.4666666666666667 0 0.4 0 0.19999999999999996 0 0 0 0 0 0.4666666666666667 0 0.6 0 0.2666666666666667 0 
0 0 0 0 0 0 0 0 0 0 0 0 0 0 0 0 0 0 0 0 
0.8 0 0 0.19999999999999996 0 0 0.8666666666666667 0.6666666666666667 0.4666666666666667 0 0 0 0 0 0 0 0 0.8666666666666667 0 0 
0.4666666666666667 0 0.2666666666666667 0 0.6666666666666667 1.0 0 0 0.2666666666666667 0.2666666666666667 0.19999999999999996 0.4 1 0 0 0.0 0.7333333333333334 0.1333333333333333 0 0.2666666666666667 
0.4 0.4 0 0 0.2666666666666667 0 0 0 0 0.0 0.1333333333333333 0.6666666666666667 0.7333333333333334 0.7333333333333334 0 0.33333333333333337 0.6666666666666667 0 0 0.19999999999999996 
0 0 0 0 0 0 0 0 0 0 0 0 0 0 0 0 0 0 0 0 
0.4 0 0.1333333333333333 0 0 0 0 0.5333333333333333 0 0.1333333333333333 0 0.06666666666666665 1.0 0.2666666666666667 0 1.0 0 1.0 0.0 1 
0 0 0 0 0 0 0 0 0 0 0 0 0 0 0 0 0 0 0 0 
0.33333333333333337 0 0 0 0 0 0 0.4 0 1 0 0.1333333333333333 0.8 0 0 0 0 0 0 0 
0 0 0 0 0.2666666666666667 0.8 0 0 0.0 0.1333333333333333 0 0 0 0 0.8666666666666667 0 0 0 0 0 
0 0 0 0 0 0 0 0 0 0 0 0 0 0 0 0 0 0 0 0 
0.9333333333333333 0 0 0 0 0 0 0 0 0.9333333333333333 0.5333333333333333 0 0 0 0 0 0 0.33333333333333337 0.2666666666666667 0.5333333333333333 
0 0.33333333333333337 0 0.0 0 0.8 1.0 0.0 0.5333333333333333 0.1333333333333333 0 0 0 0 0 0.6666666666666667 0 0.6666666666666667 0 0.19999999999999996 
0 0 0 0 0 0 0 0 0 0 0 0 0 0 0 0 0 0 0 0 
0 0 0 0 0 0 0 0 0 0 0 0 0 0 0 0 0 0 0 0 
0 0 0 0 0 0 0 0 0 0 0 0 0 0 0 0 0 0 0 0 
0 0 0 0 0 0 0 0 0 0 0 0 0 0 0 0 0 0 0 0 
0.8666666666666667 0 0.5333333333333333 0.4666666666666667 0 0 0.5333333333333333 0 0 0 0.7333333333333334 0.19999999999999996 0 0.4 0 0 0 0 0 0.9333333333333333 
0 0 0 0 0 0 0 0 0 0 0 0 0 0 0 0 0 0 0 0 
0 0 0 0 0 0.33333333333333337 0 0 0 0 0 0 0 0 0 0.2666666666666667 0 0 0 0.8 
0 0 0 0 0 0 0 0 0 0 0 0 0 0 0 0 0 0 0 0 
0 0.6 0.8 0 0 0 0.19999999999999996 0 0.4666666666666667 0.06666666666666665 0.4666666666666667 0 1 0 0.9333333333333333 1 0 0 0 0.06666666666666665 
0 1.0 0.9333333333333333 0.2666666666666667 0.4 0 0.4666666666666667 0 0 0 1.0 0.06666666666666665 0 0.2666666666666667 0 0 0.8 0.8 0 0.6 
0 0 0 0 0 0 0 0 0 0 0 0 0 0 0 0 0 0 0 0 
0 0 0 0 0 0 0 0 0 0 0 0 0 0 0 0 0 0 0 0 
0.4 0 0 0 0.8 0 0.2666666666666667 0 0 0 0.5333333333333333 0 0.1333333333333333 0 0.8 1.0 0 0.19999999999999996 0 0.4 
0 0 0 0 0 0 0 0 0 0 0 0 0 0 0 0 0 0 0 0 
0 0 0 1 1.0 0.4 0 0.19999999999999996 0.19999999999999996 0 0 0 0.7333333333333334 0.6 0 0 0.1333333333333333 0.19999999999999996 0.9333333333333333 0.19999999999999996 
0 0 0 0 0 0 0 0 0 0 0 0 0 0 0 0 0 0 0 0 
