50
20
10
0 0 0 0 0 0 0 0 0 0 2 4 8 15 24 34 44 53 57 57 52 44 34 25 16 10 5 3 1 0 0 0 0 0 0 0 0 0 0 0 0 0 0 0 0 0 0 0 0 0
0 0 0 0 0 0 0 0 0 0 0 0 0 0 0 0 0 0 0 0 0 0 0 0 0 0 1 1 0 0 0 0 0 0 0 0 2 2 6 3 1 0 1 1 2 1 9 5 4 2 0 0 3 1 0 0 0 0 0 0 0 0 0 0 0 0 0 0 0 0 0 0 0 0 0 0 0 0 0 0 0 0 0 0 0 0 0 0 0 0 0 0 0 0 0 0 0 0 0 0
0 0 0 0 0 0 0 0 0 0 0 0 0 0 0 0 0 0 0 0 0 0 0 0 0 0 0 0 2 1 0 0 0 0 0 0 0 0 21 10 1 1 1 1 1 1 2 1 2 2 2 1 0 0 0 0 0 0 0 0 0 0 0 0 0 0 0 0 0 0 0 0 0 0 0 0 0 0 0 0 0 0 0 0 0 0 0 0 0 0 0 0 0 0 0 0 0 0 0 0
0 0 0 0 0 0 0 0 0 0 0 0 0 0 0 0 0 0 0 0 0 0 0 0 0 0 5 3 1 1 2 2 0 0 9 5 0 0 27 14 0 0 0 0 2 1 0 0 0 0 0 0 0 0 0 0 0 0 0 0 0 0 0 0 0 0 0 0 0 0 0 0 0 0 0 0 0 0 0 0 0 0 0 0 0 0 0 0 0 0 0 0 0 0 0 0 0 0 0 0
0 0 0 0 0 0 0 0 0 0 0 0 0 0 0 0 0 0 0 0 0 0 0 0 1 1 3 1 0 0 4 3 0 0 6 5 0 0 0 0 0 0 4 3 2 2 6 4 0 0 0 0 0 0 0 0 0 0 0 0 0 0 0 0 0 0 0 0 0 0 0 0 0 0 0 0 0 0 0 0 0 0 0 0 0 0 0 0 0 0 0 0 0 0 0 0 0 0 0 0
0 0 0 0 0 0 0 0 0 0 0 0 0 0 0 0 0 0 0 0 0 0 0 0 1 0 0 0 13 4 1 1 0 0 0 0 0 0 0 0 0 0 0 0 2 2 0 0 0 0 0 0 0 0 0 0 0 0 0 0 0 0 0 0 0 0 0 0 0 0 0 0 0 0 0 0 0 0 0 0 0 0 0 0 0 0 0 0 0 0 0 0 0 0 0 0 0 0 0 0
0 0 0 0 0 0 0 0 0 0 0 0 0 0 0 0 0 0 0 0 0 0 0 0 1 1 3 2 2 1 9 3 0 0 0 0 0 0 17 10 0 0 9 7 0 0 0 0 2 2 3 1 0 0 0 0 0 0 0 0 0 0 0 0 0 0 0 0 0 0 0 0 0 0 0 0 0 0 0 0 0 0 0 0 0 0 0 0 0 0 0 0 0 0 0 0 0 0 0 0
0 0 0 0 0 0 0 0 0 0 0 0 0 0 0 0 0 0 0 0 0 0 0 0 2 1 7 3 0 0 0 0 8 4 4 3 11 6 0 0 0 0 1 1 0 0 2 1 0 0 0 0 0 0 0 0 0 0 0 0 0 0 0 0 0 0 0 0 0 0 0 0 0 0 0 0 0 0 0 0 0 0 0 0 0 0 0 0 0 0 0 0 0 0 0 0 0 0 0 0
0 0 0 0 0 0 0 0 0 0 0 0 0 0 0 0 0 0 0 0 1 0 0 0 0 0 2 1 8 5 0 0 15 9 11 7 0 0 2 2 10 8 11 7 0 0 5 3 2 2 0 0 0 0 0 0 0 0 0 0 0 0 0 0 0 0 0 0 0 0 0 0 0 0 0 0 0 0 0 0 0 0 0 0 0 0 0 0 0 0 0 0 0 0 0 0 0 0 0 0
0 0 0 0 0 0 0 0 0 0 0 0 0 0 0 0 0 0 0 0 0 0 0 0 0 0 0 0 0 0 1 1 4 3 16 7 3 3 1 1 5 4 0 0 2 2 5 3 1 1 3 2 0 0 0 0 0 0 0 0 0 0 0 0 0 0 0 0 0 0 0 0 0 0 0 0 0 0 0 0 0 0 0 0 0 0 0 0 0 0 0 0 0 0 0 0 0 0 0 0
0 0 0 0 0 0 0 0 0 0 0 0 0 0 0 0 0 0 0 0 0 0 0 0 0 0 0 0 10 6 0 0 6 5 0 0 17 10 17 9 12 4 0 0 0 0 4 3 0 0 0 0 1 0 0 0 0 0 0 0 0 0 0 0 0 0 0 0 0 0 0 0 0 0 0 0 0 0 0 0 0 0 0 0 0 0 0 0 0 0 0 0 0 0 0 0 0 0 0 0
20 18 7 19 20 23 18 17 10 16 13 17 20 12 18 17 15 10 18 16 16 15 21 21 39 10 14 20 17 15 19 22 14 22 16 17 19 13 13 15 15 21 9 18 16 8 17 28 24 14
12 11 16 13 14 15 10 20 18 23 8 17 16 18 13 19 14 14 19 12 26 15 17 16 23 10 19 17 13 12 13 22 17 12 12 20 14 23 13 12 12 24 18 19 11 11 12 10 20 18
18 20 31 13 22 13 14 16 17 12 13 20 11 17 23 19 13 15 17 21 11 24 11 15 16 15 9 13 10 18 10 9 19 10 15 21 18 14 11 20 15 23 16 8 9 13 14 13 11 20
15 24 13 15 23 15 14 8 9 20 14 12 12 16 23 15 12 16 16 22 17 21 15 13 8 15 13 12 17 16 16 11 26 14 21 9 16 6 23 17 9 25 15 24 21 12 14 16 11 24
20 15 16 20 12 18 27 14 14 16 22 17 24 11 13 17 13 17 15 19 14 12 19 12 18 13 15 27 15 11 16 17 19 12 17 10 10 25 18 14 14 19 11 13 15 19 24 21 23 18
10 22 11 24 19 23 15 14 16 16 7 21 13 20 23 12 15 13 14 16 26 20 20 13 10 14 8 13 18 12 16 15 14 18 18 10 9 14 14 20 13 9 11 16 11 11 7 11 19 9
13 16 17 23 23 25 11 9 14 20 18 18 21 10 13 17 14 17 11 20 19 17 9 21 12 15 19 22 16 16 10 9 19 19 26 16 16 17 22 19 15 17 17 23 20 12 17 15 10 16
20 14 17 18 10 14 23 26 20 22 11 22 17 17 16 19 19 18 16 16 14 18 22 9 17 15 12 27 21 13 18 12 15 15 23 17 19 16 12 18 13 18 11 19 16 23 12 24 14 15
16 15 10 12 20 19 13 12 9 12 20 17 14 13 14 10 14 13 15 22 20 14 21 15 16 15 35 15 22 19 19 12 13 15 21 15 12 13 20 17 26 15 34 17 20 18 17 16 15 25
19 12 26 14 18 16 13 11 8 28 14 19 15 13 12 18 17 25 14 25 12 20 10 14 9 11 7 8 27 16 16 7 14 20 21 19 17 18 8 14 29 11 13 20 16 19 19 13 14 16
15 23 16 22 16 20 11 15 18 16 17 15 20 13 12 12 12 16 18 22 13 7 19 18 14 21 17 19 13 19 20 15 12 22 15 22 15 13 15 15 19 15 16 17 16 23 23 13 17 10
26 21 20 25 21 13 11 20 21 17 13 19 11 12 24 14 14 17 19 17 22 19 14 11 17 15 17 16 10 17 9 13 16 21 19 15 12 16 21 12 8 16 13 19 15 18 22 8 27 16
14 13 19 18 14 23 16 23 27 14 19 14 18 16 18 16 8 12 15 23 11 19 30 14 13 15 13 17 15 8 20 9 18 14 13 15 11 12 14 19 13 21 22 17 21 12 12 26 11 11
11 18 15 25 12 25 8 17 13 16 16 17 21 20 15 20 21 16 11 17 14 18 14 17 16 14 15 17 27 14 10 16 14 11 26 16 13 12 9 15 16 17 14 18 13 18 26 15 15 14
10 16 16 12 15 16 15 18 23 19 19 16 15 19 14 11 18 20 17 8 25 17 18 11 18 18 11 11 14 22 19 19 20 20 20 19 23 15 18 17 13 15 19 15 8 14 22 16 13 17
18 18 18 27 14 14 12 18 16 21 9 17 20 21 22 14 18 14 16 21 11 8 22 14 11 14 20 16 16 24 16 13 11 16 22 18 12 13 9 11 10 12 20 9 14 17 16 12 25 24
13 19 21 15 17 14 17 23 30 22 18 16 20 14 17 11 15 12 15 24 22 14 25 19 9 11 14 17 24 16 16 11 12 16 18 17 16 28 16 13 20 16 14 14 18 15 13 22 10 15
15 9 14 17 22 19 8 14 15 14 19 18 21 11 18 14 17 12 14 13 18 13 25 15 22 21 14 16 15 24 13 14 17 20 15 18 17 21 16 11 12 7 18 17 29 23 18 15 19 14
11 6 11 14 17 15 15 18 17 16 18 19 18 11 12 12 12 24 18 19 14 16 16 14 12 11 13 19 12 19 17 16 15 14 12 19 22 19 12 11 18 8 17 20 14 16 5 24 17 13
14 15 15 18 13 16 12 10 20 16 16 26 17 11 15 21 11 10 26 16 11 13 23 17 14 11 11 11 17 16 11 24 11 24 17 14 20 19 11 16 16 14 15 12 12 13 10 18 15 31
0.3125 0.4375 1 0.375 0.3125 0.125 0.4375 0.5 0.9375 0.5625 0.75 0.5 0.3125 0.8125 0.4375 0.5 0.625 0.9375 0.4375 0.5625 0.5625 0.625 0.25 0.25 0 0.9375 0.6875 0.3125 0.5 0.625 0.375 0.1875 0.6875 0.1875 0.5625 0.5 0.375 0.75 0.75 0.625 0.625 0.25 1 0.4375 0.5625 1 0.5 0 0.0625 0.6875
0.8125 0.875 0.5625 0.75 0.6875 0.625 0.9375 0.3125 0.4375 0.125 1 0.5 0.5625 0.4375 0.75 0.375 0.6875 0.6875 0.375 0.8125 0 0.625 0.5 0.5625 0.125 0.9375 0.375 0.5 0.75 0.8125 0.75 0.1875 0.5 0.8125 0.8125 0.3125 0.6875 0.125 0.75 0.8125 0.8125 0.0625 0.4375 0.375 0.875 0.875 0.8125 0.9375 0.3125 0.4375
0.4375 0.3125 0 0.75 0.1875 0.75 0.6875 0.5625 0.5 0.8125 0.75 0.3125 0.875 0.5 0.125 0.375 0.75 0.625 0.5 0.25 0.875 0.0625 0.875 0.625 0.5625 0.625 1 0.75 0.9375 0.4375 0.9375 1 0.375 0.9375 0.625 0.25 0.4375 0.6875 0.875 0.3125 0.625 0.125 0.5625 1 1 0.75 0.6875 0.75 0.875 0.3125
0.625 0.0625 0.75 0.625 0.125 0.625 0.6875 1 1 0.3125 0.6875 0.8125 0.8125 0.5625 0.125 0.625 0.8125 0.5625 0.5625 0.1875 0.5 0.25 0.625 0.75 1 0.625 0.75 0.8125 0.5 0.5625 0.5625 0.875 0 0.6875 0.25 1 0.5625 1 0.125 0.5 1 0 0.625 0.0625 0.25 0.8125 0.6875 0.5625 0.875 0.0625
0.3125 0.625 0.5625 0.3125 0.8125 0.4375 0 0.6875 0.6875 0.5625 0.1875 0.5 0.0625 0.875 0.75 0.5 0.75 0.5 0.625 0.375 0.6875 0.8125 0.375 0.8125 0.4375 0.75 0.625 0 0.625 0.875 0.5625 0.5 0.375 0.8125 0.5 0.9375 0.9375 0 0.4375 0.6875 0.6875 0.375 0.875 0.75 0.625 0.375 0.0625 0.25 0.125 0.4375
0.9375 0.1875 0.875 0.0625 0.375 0.125 0.625 0.6875 0.5625 0.5625 1 0.25 0.75 0.3125 0.125 0.8125 0.625 0.75 0.6875 0.5625 0 0.3125 0.3125 0.75 0.9375 0.6875 1 0.75 0.4375 0.8125 0.5625 0.625 0.6875 0.4375 0.4375 0.9375 1 0.6875 0.6875 0.3125 0.75 1 0.875 0.5625 0.875 0.875 1 0.875 0.375 1
0.75 0.5625 0.5 0.125 0.125 0 0.875 1 0.6875 0.3125 0.4375 0.4375 0.25 0.9375 0.75 0.5 0.6875 0.5 0.875 0.3125 0.375 0.5 1 0.25 0.8125 0.625 0.375 0.1875 0.5625 0.5625 0.9375 1 0.375 0.375 0 0.5625 0.5625 0.5 0.1875 0.375 0.625 0.5 0.5 0.125 0.3125 0.8125 0.5 0.625 0.9375 0.5625
0.3125 0.6875 0.5 0.4375 0.9375 0.6875 0.125 0 0.3125 0.1875 0.875 0.1875 0.5 0.5 0.5625 0.375 0.375 0.4375 0.5625 0.5625 0.6875 0.4375 0.1875 1 0.5 0.625 0.8125 0 0.25 0.75 0.4375 0.8125 0.625 0.625 0.125 0.5 0.375 0.5625 0.8125 0.4375 0.75 0.4375 0.875 0.375 0.5625 0.125 0.8125 0.0625 0.6875 0.625
0.5625 0.625 0.9375 0.8125 0.3125 0.375 0.75 0.8125 1 0.8125 0.3125 0.5 0.6875 0.75 0.6875 0.9375 0.6875 0.75 0.625 0.1875 0.3125 0.6875 0.25 0.625 0.5625 0.625 0 0.625 0.1875 0.375 0.375 0.8125 0.75 0.625 0.25 0.625 0.8125 0.75 0.3125 0.5 0 0.625 0 0.5 0.3125 0.4375 0.5 0.5625 0.625 0
0.375 0.8125 0 0.6875 0.4375 0.5625 0.75 0.875 1 0 0.6875 0.375 0.625 0.75 0.8125 0.4375 0.5 0 0.6875 0 0.8125 0.3125 0.9375 0.6875 1 0.875 1 1 0 0.5625 0.5625 1 0.6875 0.3125 0.25 0.375 0.5 0.4375 1 0.6875 0 0.875 0.75 0.3125 0.5625 0.375 0.375 0.75 0.6875 0.5625
0.625 0.125 0.5625 0.1875 0.5625 0.3125 0.875 0.625 0.4375 0.5625 0.5 0.625 0.3125 0.75 0.8125 0.8125 0.8125 0.5625 0.4375 0.1875 0.75 1 0.375 0.4375 0.6875 0.25 0.5 0.375 0.75 0.375 0.3125 0.625 0.8125 0.1875 0.625 0.1875 0.625 0.75 0.625 0.625 0.375 0.625 0.5625 0.5 0.5625 0.125 0.125 0.75 0.5 0.9375
0 0.25 0.3125 0 0.25 0.75 0.875 0.3125 0.25 0.5 0.75 0.375 0.875 0.8125 0.0625 0.6875 0.6875 0.5 0.375 0.5 0.1875 0.375 0.6875 0.875 0.5 0.625 0.5 0.5625 0.9375 0.5 1 0.75 0.5625 0.25 0.375 0.625 0.8125 0.5625 0.25 0.8125 1 0.5625 0.75 0.375 0.625 0.4375 0.1875 1 0 0.5625
0.6875 0.75 0.375 0.4375 0.6875 0.125 0.5625 0.125 0 0.6875 0.375 0.6875 0.4375 0.5625 0.4375 0.5625 1 0.8125 0.625 0.125 0.875 0.375 0 0.6875 0.75 0.625 0.75 0.5 0.625 1 0.3125 1 0.4375 0.6875 0.75 0.625 0.875 0.8125 0.6875 0.375 0.75 0.25 0.1875 0.5 0.25 0.8125 0.8125 0 0.875 0.875
0.875 0.4375 0.625 0 0.8125 0 1 0.5 0.75 0.5625 0.5625 0.5 0.25 0.3125 0.625 0.3125 0.25 0.5625 0.875 0.5 0.6875 0.4375 0.6875 0.5 0.5625 0.6875 0.625 0.5 0 0.6875 0.9375 0.5625 0.6875 0.875 0 0.5625 0.75 0.8125 1 0.625 0.5625 0.5 0.6875 0.4375 0.75 0.4375 0 0.625 0.625 0.6875
0.9375 0.5625 0.5625 0.8125 0.625 0.5625 0.625 0.4375 0.125 0.375 0.375 0.5625 0.625 0.375 0.6875 0.875 0.4375 0.3125 0.5 1 0 0.5 0.4375 0.875 0.4375 0.4375 0.875 0.875 0.6875 0.1875 0.375 0.375 0.3125 0.3125 0.3125 0.375 0.125 0.625 0.4375 0.5 0.75 0.625 0.375 0.625 1 0.6875 0.1875 0.5625 0.75 0.5
0.4375 0.4375 0.4375 0 0.6875 0.6875 0.8125 0.4375 0.5625 0.25 1 0.5 0.3125 0.25 0.1875 0.6875 0.4375 0.6875 0.5625 0.25 0.875 1 0.1875 0.6875 0.875 0.6875 0.3125 0.5625 0.5625 0.0625 0.5625 0.75 0.875 0.5625 0.1875 0.4375 0.8125 0.75 1 0.875 0.9375 0.8125 0.3125 1 0.6875 0.5 0.5625 0.8125 0 0.0625
0.75 0.375 0.25 0.625 0.5 0.6875 0.5 0.125 0 0.1875 0.4375 0.5625 0.3125 0.6875 0.5 0.875 0.625 0.8125 0.625 0.0625 0.1875 0.6875 0 0.375 1 0.875 0.6875 0.5 0.0625 0.5625 0.5625 0.875 0.8125 0.5625 0.4375 0.5 0.5625 0 0.5625 0.75 0.3125 0.5625 0.6875 0.6875 0.4375 0.625 0.75 0.1875 0.9375 0.625
0.625 1 0.6875 0.5 0.1875 0.375 1 0.6875 0.625 0.6875 0.375 0.4375 0.25 0.875 0.4375 0.6875 0.5 0.8125 0.6875 0.75 0.4375 0.75 0 0.625 0.1875 0.25 0.6875 0.5625 0.625 0.0625 0.75 0.6875 0.5 0.3125 0.625 0.4375 0.5 0.25 0.5625 0.875 0.8125 1 0.4375 0.5 0 0.125 0.4375 0.625 0.375 0.6875
0.875 1 0.875 0.6875 0.5 0.625 0.625 0.4375 0.5 0.5625 0.4375 0.375 0.4375 0.875 0.8125 0.8125 0.8125 0.0625 0.4375 0.375 0.6875 0.5625 0.5625 0.6875 0.8125 0.875 0.75 0.375 0.8125 0.375 0.5 0.5625 0.625 0.6875 0.8125 0.375 0.1875 0.375 0.8125 0.875 0.4375 1 0.5 0.3125 0.6875 0.5625 1 0.0625 0.5 0.75
0.6875 0.625 0.625 0.4375 0.75 0.5625 0.8125 0.9375 0.3125 0.5625 0.5625 0 0.5 0.875 0.625 0.25 0.875 0.9375 0 0.5625 0.875 0.75 0.125 0.5 0.6875 0.875 0.875 0.875 0.5 0.5625 0.875 0.0625 0.875 0.0625 0.5 0.6875 0.3125 0.375 0.875 0.5625 0.5625 0.6875 0.625 0.8125 0.8125 0.75 0.9375 0.4375 0.625 0
