80
50
25
0 1 0 0 0 1 0 0 0 0 1 0 0 0 0 0 0 0 0 0 0 0 0 1 0 0 0 0 0 2 1 0 0 1 0 0 0 0 0 0 0 0 0 0 1 0 0 1 0 0 0 0 1 0 0 0 0 1 0 1 0 0 0 0 1 2 1 1 0 0 0 0 0 0 0 0 0 0 0 1 0 0 0 1 1 0 0 0 0 1 0 1 0 0 0 0 0 0 0 1 0 0 1 1 1 0 1 0 0 0 0 0 0 0 0 0 1 0 0 0 0 0 0 0 0 0 0 0 0 1 0 0 0 0 0 0 1 0 0 0 0 1 0 0 0 0 0 1 0 2 0 1 0 0 0 0 0 0 0 0
0 0 0 0 0 0 0 0 0 1 1 2 0 1 0 1 0 0 1 1 0 0 1 0 0 1 1 0 0 0 0 0 1 0 0 0 0 1 0 1 1 1 0 1 1 0 0 0 0 0 0 0 0 0 0 0 0 0 0 0 0 0 0 0 1 0 1 0 0 1 1 0 0 0 1 0 0 0 0 1 0 0 0 0 0 0 0 0 0 0 0 1 0 0 0 0 0 0 1 1 1 0 0 1 0 0 0 0 0 1 0 0 0 1 0 0 0 1 0 0 0 1 0 0 0 0 0 0 1 0 0 0 0 0 1 0 0 0 0 0 1 0 0 0 0 0 1 0 0 0 0 0 0 0 0 0 0 1 1 0
0 0 0 0 0 0 0 0 0 0 0 0 0 0 1 0 0 0 0 0 0 0 0 0 0 0 0 0 1 0 0 0 0 0 0 1 0 1 0 0 0 1 2 0 0 0 0 1 0 0 0 0 1 0 2 1 1 0 0 0 1 0 0 0 0 0 0 1 0 0 0 1 1 1 0 0 0 0 0 0 1 0 0 0 0 1 0 0 1 0 0 0 0 0 0 0 1 0 1 0 0 0 0 1 0 0 0 0 0 0 0 0 0 0 0 0 1 0 1 0 0 0 0 0 0 0 0 1 0 0 0 0 0 0 0 1 1 0 0 0 1 0 0 0 1 0 2 1 1 0 0 0 0 1 0 0 1 0 0 0
0 0 0 0 0 0 0 0 0 1 0 0 0 0 0 1 0 0 0 0 0 0 0 0 0 1 0 0 0 1 0 0 0 1 1 0 0 1 0 0 0 1 0 0 0 0 1 0 0 0 0 0 0 0 0 0 0 0 0 0 0 0 0 0 0 0 0 0 1 0 0 0 0 0 0 0 0 1 0 0 0 0 0 0 0 0 0 0 0 1 0 0 0 0 0 0 0 0 0 0 0 1 0 1 1 0 0 0 0 1 0 0 0 0 0 0 1 0 0 0 0 1 1 0 0 0 0 0 0 0 0 0 0 1 0 0 1 0 1 0 0 1 0 0 0 0 1 0 0 0 1 0 1 0 1 0 0 0 0 0
1 0 0 0 1 1 0 1 0 1 0 0 0 0 0 0 0 0 0 1 0 0 1 0 0 0 0 0 0 1 2 0 0 1 0 0 0 0 0 0 0 0 1 0 1 0 0 0 0 1 0 0 0 0 0 0 0 1 0 1 0 0 0 0 0 0 0 0 0 0 0 0 1 0 1 0 0 0 1 0 0 0 1 0 0 0 0 0 0 1 0 0 0 0 0 0 0 0 0 0 1 1 0 0 0 0 0 0 1 0 0 0 0 0 0 0 0 0 0 0 0 0 0 0 0 0 1 0 0 0 0 0 0 0 0 0 0 0 0 0 1 0 0 0 0 0 0 1 0 1 0 0 0 0 0 0 0 0 0 0
0 0 0 0 0 0 0 0 0 1 0 1 0 0 0 0 0 0 0 0 0 0 0 0 0 0 0 1 1 1 0 0 0 0 0 0 0 0 0 0 0 0 1 0 0 0 0 0 0 0 0 0 0 0 0 0 0 0 0 0 2 0 0 0 0 0 1 0 0 0 0 1 0 1 0 0 0 1 0 0 1 1 0 0 0 0 0 0 0 0 1 0 0 0 0 1 1 0 0 0 0 1 0 0 1 0 0 0 0 0 0 0 0 0 0 0 0 0 0 0 0 0 0 0 0 0 1 0 1 0 0 0 0 0 0 0 0 0 1 0 0 0 0 1 0 0 0 0 0 0 0 0 0 0 0 0 0 0 0 0
0 0 0 1 0 1 0 0 0 1 0 1 0 0 0 1 0 0 1 0 0 0 0 0 0 0 1 0 1 1 0 0 0 1 0 0 0 1 0 0 0 0 0 0 0 0 0 0 0 0 0 0 0 1 0 0 0 0 0 1 0 0 0 0 0 0 0 0 0 1 0 0 0 0 0 0 1 1 0 0 0 0 0 0 1 0 1 0 0 0 1 0 0 0 0 0 0 0 0 0 0 0 0 0 0 1 1 0 0 0 0 0 0 0 0 1 1 0 0 0 0 0 1 0 0 0 1 0 0 1 0 0 1 0 0 1 1 0 0 2 1 0 0 0 0 0 0 0 0 0 0 0 0 0 0 1 0 1 0 1
0 0 1 0 0 0 0 1 0 0 0 0 0 0 0 0 0 0 0 0 0 0 0 0 0 0 0 0 0 0 0 0 0 1 0 0 0 2 0 0 0 0 0 0 0 0 1 0 0 0 0 0 1 0 0 1 0 1 0 0 0 0 0 0 0 0 0 0 0 0 0 0 0 0 0 0 0 0 0 0 0 0 0 0 0 0 0 1 0 0 0 0 0 0 0 0 0 2 0 0 0 0 1 0 0 0 0 0 0 0 0 0 0 0 0 0 0 0 0 1 0 0 0 1 0 0 0 0 0 0 2 0 0 1 0 0 0 0 0 0 0 0 0 1 0 0 0 0 0 0 1 0 0 0 0 0 0 1 0 0
0 1 0 1 0 0 1 0 0 0 0 0 0 0 0 0 0 0 1 0 0 0 0 1 0 0 0 0 0 0 0 0 0 1 0 0 0 0 0 0 0 0 1 0 0 0 0 1 0 0 0 0 0 0 0 0 1 0 0 1 1 0 1 0 0 0 1 1 0 1 0 0 0 0 0 0 0 0 0 0 1 1 0 0 0 1 0 2 0 1 0 0 0 1 0 0 0 0 1 0 0 0 0 0 0 0 0 0 0 0 0 1 0 0 0 1 0 0 0 0 0 1 1 0 0 0 0 0 1 0 0 0 0 0 0 0 1 1 0 0 1 0 0 1 0 0 0 0 1 0 0 0 1 1 0 0 0 0 0 0
0 0 0 1 0 0 0 0 0 0 0 0 0 2 1 0 0 0 0 0 0 0 0 0 0 0 1 0 0 0 0 1 0 0 0 1 0 0 0 0 0 0 0 0 0 0 0 0 0 1 0 0 0 0 0 0 0 1 0 0 0 1 0 1 1 0 0 0 0 0 1 0 0 1 0 0 0 1 0 0 1 0 1 0 0 0 0 0 0 0 0 1 0 0 0 0 1 0 0 0 0 0 1 0 1 0 0 0 0 0 1 0 0 0 0 0 0 1 0 0 0 1 0 1 0 0 0 0 1 0 0 1 0 1 1 1 0 0 0 2 0 0 0 0 0 0 0 0 0 0 0 0 0 0 0 0 0 0 0 0
0 0 0 0 0 1 1 1 0 0 1 0 1 0 1 0 0 1 0 0 0 1 2 0 0 1 0 0 0 0 1 1 0 0 1 0 0 0 0 1 0 0 0 0 0 0 0 0 1 1 0 1 0 0 0 0 0 0 0 0 0 0 0 0 0 0 0 0 0 0 0 0 0 0 0 0 0 1 0 0 0 0 0 0 0 1 0 0 1 0 1 0 0 0 0 1 0 0 0 1 0 1 0 0 0 0 0 1 0 0 0 1 0 0 0 0 0 0 0 0 0 0 0 0 0 0 0 0 1 1 0 0 0 0 0 1 1 0 0 0 0 0 1 0 0 0 0 0 0 0 0 1 1 0 0 0 1 0 1 0
0 0 0 0 0 0 0 0 0 1 0 1 0 0 0 0 0 0 0 2 0 0 0 0 1 0 0 0 0 0 0 0 0 1 1 1 0 0 0 1 0 0 0 0 0 1 0 0 0 0 0 1 1 0 0 0 0 0 0 0 0 0 0 0 1 1 1 0 1 1 0 1 0 0 0 0 0 0 0 0 0 0 0 0 0 1 0 0 0 0 1 0 0 1 0 0 0 0 1 0 0 0 0 0 0 0 0 0 0 0 0 0 0 0 2 0 1 0 0 0 1 0 1 0 0 1 0 1 1 0 0 1 0 0 0 1 0 0 0 0 0 1 0 1 0 0 0 0 0 0 0 0 0 0 0 0 0 0 0 0
0 0 0 0 0 0 1 0 0 0 0 0 0 0 0 1 0 0 0 0 0 1 0 0 0 0 1 1 0 0 0 1 0 0 1 0 0 1 0 1 0 1 0 0 0 0 0 0 0 0 0 0 1 0 0 1 0 0 0 0 0 0 0 1 0 0 0 0 0 1 0 1 0 0 0 0 0 0 0 0 0 0 0 0 0 1 0 1 0 0 0 0 0 0 0 1 0 0 0 0 0 0 1 0 0 0 0 0 0 0 1 1 0 0 0 0 0 0 1 0 1 0 0 0 0 0 0 0 0 1 0 0 0 0 0 0 0 1 0 1 0 0 0 0 1 0 0 0 0 0 0 0 0 0 1 0 0 0 0 0
1 0 0 0 0 0 1 0 0 0 0 0 0 0 0 0 0 0 0 0 0 0 1 0 0 0 1 0 0 1 0 1 1 0 0 0 1 0 0 0 0 1 0 1 0 0 0 0 0 0 0 0 0 0 0 0 1 0 0 0 0 0 0 1 0 0 0 0 0 1 0 0 0 0 0 0 0 0 0 0 1 0 0 0 2 0 0 0 0 0 1 0 0 0 0 0 0 2 0 0 0 0 0 0 0 0 1 0 0 1 0 0 0 0 1 1 0 1 0 0 0 0 0 0 0 1 0 0 0 0 0 0 0 2 0 0 0 0 1 0 0 2 0 0 0 1 0 1 0 0 0 0 0 1 0 0 0 0 0 0
0 0 0 1 0 0 1 0 0 1 0 0 0 0 0 0 0 0 0 1 0 1 0 0 0 0 0 0 0 0 0 0 0 0 0 0 0 0 0 0 0 0 0 1 0 1 0 0 0 0 0 1 1 1 0 0 0 0 1 0 0 0 0 0 0 0 0 0 0 0 1 0 0 0 0 0 0 0 0 0 0 0 2 0 0 1 0 0 0 0 0 0 1 0 0 1 1 0 0 0 0 0 0 0 0 0 1 0 0 0 0 0 1 0 0 0 0 0 1 0 0 0 0 0 0 0 0 0 0 1 2 0 0 0 0 0 1 0 0 0 0 1 0 0 0 1 0 0 0 0 0 0 0 0 1 1 0 0 0 0
0 0 0 0 0 0 0 0 0 0 0 0 0 0 0 0 0 0 0 1 1 0 0 1 1 0 0 0 0 0 0 0 0 0 0 0 0 0 1 1 0 0 1 0 1 0 0 0 0 1 0 0 0 2 0 0 0 0 0 1 0 0 0 1 1 0 0 0 0 0 0 0 0 0 0 0 0 0 0 0 0 0 0 0 0 0 0 0 0 0 0 0 0 0 0 0 0 0 0 0 0 0 0 0 0 0 0 2 0 0 0 0 0 0 0 0 0 0 0 0 0 0 0 0 0 0 0 0 1 0 0 1 0 0 0 0 0 0 0 0 0 1 0 0 1 0 0 0 0 1 0 1 0 0 0 0 1 0 0 0
0 0 0 0 0 0 0 1 0 0 0 1 1 0 1 1 0 0 0 1 0 0 0 0 0 0 0 0 1 0 1 0 0 0 0 0 0 1 1 0 0 0 0 0 0 0 0 0 0 0 0 2 0 1 0 1 0 0 0 0 0 0 0 1 0 1 0 0 0 0 0 1 1 1 0 0 0 0 0 1 0 1 0 0 0 0 0 0 1 0 0 1 0 0 0 1 0 0 1 0 0 0 0 0 0 1 0 0 0 0 0 0 0 0 0 1 0 0 0 0 0 0 0 0 0 0 0 0 0 1 0 1 0 1 1 0 0 0 0 0 0 0 0 0 0 0 0 0 0 1 0 1 0 1 0 0 0 0 1 1
1 0 1 0 0 0 0 0 0 0 0 0 0 0 0 0 1 0 0 0 0 0 0 0 0 0 1 1 0 0 1 0 0 0 0 0 0 1 0 0 0 0 0 0 0 1 0 0 0 0 0 0 0 0 0 0 0 0 1 0 0 0 0 1 0 0 0 1 0 0 1 0 0 0 0 0 1 0 1 0 0 0 0 0 0 0 0 1 0 0 0 0 0 0 0 0 0 0 1 0 0 1 0 0 0 0 0 0 0 1 0 0 0 0 0 1 0 0 0 0 1 0 0 0 1 0 1 0 1 0 0 0 0 0 1 0 1 1 1 0 0 0 0 1 0 0 0 0 0 0 0 0 0 1 1 0 1 0 0 0
0 0 0 0 0 0 1 0 0 1 1 1 0 0 0 0 0 0 1 0 0 0 0 0 0 1 0 0 0 0 0 0 0 0 0 0 0 0 0 0 0 0 0 1 0 0 0 0 0 0 0 0 0 0 0 0 0 0 0 0 0 1 0 1 0 1 0 1 0 0 0 0 1 0 0 0 1 1 0 0 0 1 0 0 0 0 1 0 0 0 0 0 0 0 0 1 0 1 0 0 0 0 0 1 0 0 0 0 0 1 1 0 1 0 0 0 0 0 0 0 0 0 0 0 0 1 1 0 0 0 0 1 0 0 1 1 1 0 0 0 0 0 1 0 1 0 0 0 0 0 0 0 1 0 0 0 0 0 0 0
0 1 0 0 0 0 0 0 0 0 0 0 0 0 1 0 0 1 0 0 0 0 0 0 0 1 0 0 1 0 1 0 1 0 1 0 0 0 0 1 0 1 0 0 1 0 0 0 0 0 0 0 0 1 0 2 0 1 0 0 0 1 0 0 0 0 0 0 0 1 0 0 0 0 0 0 0 0 0 0 1 0 0 1 0 0 0 0 0 1 0 0 0 0 0 0 0 1 0 1 0 0 0 0 0 0 0 0 0 0 0 0 0 0 0 0 1 0 0 0 0 0 0 0 0 0 1 0 0 0 1 0 0 0 0 0 0 0 0 0 0 0 0 0 1 0 0 1 1 0 0 0 0 1 0 1 1 1 0 0
1 0 1 0 0 0 0 0 0 0 0 0 0 0 0 1 2 0 0 0 0 0 0 0 0 1 0 0 1 0 0 1 0 0 0 0 0 0 0 1 0 0 0 0 0 1 0 0 0 0 1 0 0 0 0 1 0 0 1 0 0 0 0 0 0 0 1 0 1 0 1 1 0 0 0 0 0 0 1 0 0 0 0 0 0 0 0 0 0 1 0 0 1 1 1 0 0 0 0 0 0 0 0 0 0 0 0 0 0 0 0 0 0 1 0 0 0 0 1 0 0 0 0 0 0 0 0 0 1 0 0 0 0 0 0 0 0 0 0 0 1 1 0 0 0 0 0 0 0 0 0 0 0 1 0 0 0 0 0 2
0 0 0 0 0 0 0 0 0 0 0 0 0 0 0 0 0 0 1 0 1 0 0 1 0 0 0 0 0 0 0 1 0 0 0 1 0 0 1 1 0 1 0 2 0 0 0 0 0 0 1 1 0 0 0 0 0 0 0 1 0 0 0 0 1 0 0 0 0 1 0 1 0 0 1 0 0 0 0 0 0 0 0 0 0 0 1 0 1 1 0 0 1 0 0 0 0 0 0 0 0 1 0 0 0 1 0 0 0 0 0 0 0 0 0 0 0 0 0 0 0 0 0 0 0 0 1 0 0 0 0 0 0 1 0 0 0 1 0 0 0 0 2 0 0 0 0 1 0 1 0 0 1 1 0 0 1 0 1 0
0 0 0 1 0 0 0 0 0 1 0 0 0 0 0 0 0 1 0 0 0 0 0 0 0 0 0 0 0 0 0 0 0 1 0 0 0 1 0 1 0 0 1 0 0 0 1 0 0 0 0 1 1 0 0 1 0 0 0 1 0 0 0 0 0 1 0 1 0 0 0 0 0 0 0 0 1 0 0 0 1 1 0 0 1 0 1 0 0 0 0 0 1 0 0 0 0 0 0 0 1 1 0 0 0 0 0 0 1 0 0 0 0 0 0 0 1 0 0 0 1 0 0 0 1 1 0 0 0 0 0 0 0 0 0 0 0 1 0 0 0 0 0 0 1 0 0 0 0 1 0 0 1 0 0 0 0 0 0 0
0 0 0 0 0 0 0 0 1 0 0 1 0 0 0 0 0 0 0 1 0 0 0 1 0 0 0 0 0 0 1 0 0 0 0 0 0 0 0 0 0 0 1 1 0 0 1 2 0 0 1 1 0 0 0 0 0 0 0 0 0 0 0 0 1 0 0 0 1 0 0 1 1 0 0 0 1 0 0 0 0 0 0 0 0 0 0 1 0 0 1 0 1 0 0 1 1 0 0 0 0 0 0 0 0 0 0 0 0 1 0 0 0 0 1 1 0 1 0 1 0 0 0 0 0 0 1 0 0 1 1 0 0 0 0 0 0 0 1 0 0 0 0 0 0 1 0 0 0 1 0 0 0 0 0 0 0 0 0 0
0 2 1 0 1 0 0 0 0 0 0 0 0 0 0 0 1 0 0 0 0 0 0 0 0 0 1 0 0 0 0 0 0 1 1 0 0 0 0 0 1 0 0 1 0 0 0 0 0 1 0 0 0 0 1 0 0 0 0 0 1 0 0 0 0 1 0 1 1 0 0 0 1 0 0 0 0 0 0 0 0 0 0 0 0 1 0 0 0 0 0 1 0 0 1 0 0 0 0 0 0 0 0 1 0 0 0 0 0 0 1 1 0 0 0 0 0 0 0 1 0 0 0 0 0 0 0 0 0 0 0 0 0 0 0 0 0 0 0 0 0 0 0 0 0 0 0 1 1 0 0 1 1 0 0 1 0 1 0 0
24 11 19 13 14 11 10 14 16 6 18 16 17 22 14 11 22 13 14 13 18 16 22 19 16 16 17 16 17 11 19 21 19 14 9 14 19 20 14 17 23 13 14 13 15 18 15 11 8 18 10 19 27 16 14 12 22 22 14 14 13 20 13 13 22 14 18 15 11 20 17 18 17 22 14 18 11 21 8 26
27 14 15 22 20 23 12 17 16 23 24 16 23 13 19 22 16 9 8 14 10 17 12 20 17 10 21 23 13 15 14 21 17 6 16 21 20 23 11 13 23 27 14 11 11 13 29 12 13 14 18 20 14 19 25 17 29 15 19 22 16 18 15 11 20 15 11 16 16 19 13 14 22 12 17 12 13 9 18 10
13 12 20 15 15 19 17 17 20 13 19 18 20 13 14 17 14 9 15 16 10 15 21 15 13 19 26 19 17 19 15 14 20 14 12 18 21 15 13 16 17 14 16 15 15 13 21 13 21 16 19 17 19 23 5 13 19 18 15 14 13 16 15 17 14 11 14 10 20 16 14 16 11 16 24 13 16 12 29 16
21 21 19 10 12 13 15 10 17 9 18 21 18 11 7 24 13 11 16 13 21 15 14 14 21 21 15 25 20 17 13 19 15 18 15 20 13 18 23 16 11 15 20 19 16 18 14 21 14 24 19 17 15 15 17 9 13 20 16 12 19 14 12 12 21 12 15 18 16 15 24 17 21 25 14 14 10 11 18 18
22 14 10 18 16 9 17 18 18 10 14 15 17 21 22 13 8 17 18 30 15 15 13 17 15 18 23 14 19 24 15 19 8 14 8 11 16 9 11 33 31 15 13 22 15 16 20 13 16 19 11 19 16 15 12 20 11 12 12 13 18 25 19 15 12 14 13 17 15 15 16 20 20 22 14 14 13 9 13 18
19 12 18 11 11 14 11 13 10 11 14 13 17 19 16 17 19 14 19 24 18 15 13 21 18 17 13 14 21 12 18 24 12 18 13 19 14 6 14 19 18 20 12 10 14 16 21 14 10 18 16 13 14 15 15 21 13 16 14 21 20 15 17 21 15 23 17 19 24 26 13 15 13 16 20 21 13 11 11 13
12 18 15 16 15 16 18 10 14 18 25 9 14 18 20 22 18 11 12 17 12 23 6 17 15 16 22 20 35 15 21 15 11 27 6 24 27 23 18 20 14 14 15 13 11 8 15 11 16 16 12 30 15 15 13 11 19 26 22 11 14 18 8 18 14 20 18 8 13 16 17 20 16 19 12 15 15 14 22 6
11 13 16 16 15 24 21 24 16 24 19 21 16 13 19 21 14 15 15 14 10 13 17 22 18 10 16 16 12 22 21 22 21 11 20 12 16 21 13 17 18 11 14 18 16 18 13 16 15 27 8 15 14 25 20 14 23 12 16 18 10 16 26 12 19 16 13 20 11 17 15 14 11 13 13 16 14 15 14 14
18 15 24 19 23 22 16 12 13 18 23 20 14 10 19 11 18 8 16 11 17 21 18 15 13 12 15 17 15 16 15 13 13 12 13 17 21 8 20 15 14 14 25 23 13 17 9 18 15 23 21 18 14 10 14 12 15 18 12 13 18 22 21 18 15 19 13 16 15 21 15 19 12 15 13 10 13 14 23 14
11 15 16 12 22 22 17 20 21 21 9 21 17 14 25 22 14 18 17 15 18 17 14 14 21 23 18 26 11 13 10 21 14 28 19 14 9 16 10 12 17 18 10 9 13 15 12 12 17 21 18 15 15 18 18 22 18 8 21 19 14 18 15 17 16 14 14 23 19 13 28 14 16 12 13 10 20 15 17 15
15 17 12 21 24 17 9 18 31 23 13 24 14 20 17 19 17 15 17 17 14 14 18 16 25 16 23 14 12 21 17 12 14 13 11 16 13 12 9 15 14 19 11 20 21 15 16 13 15 16 13 13 20 14 11 17 11 17 13 15 8 19 12 22 14 11 20 16 24 17 14 12 21 23 18 13 29 14 18 18
21 17 18 21 16 15 9 21 12 18 25 12 18 12 15 24 17 14 18 17 16 20 10 10 22 12 19 22 16 18 20 17 11 19 17 15 21 20 15 19 10 16 13 14 17 12 15 12 9 13 20 13 13 14 11 14 16 16 17 20 17 15 17 10 12 14 13 13 27 13 13 14 15 4 17 21 13 20 26 15
22 14 19 17 13 28 17 18 19 28 11 12 15 18 15 12 21 12 11 15 14 17 11 23 14 18 15 16 30 26 16 12 21 16 8 14 13 9 7 18 24 20 12 13 21 24 13 17 18 22 13 13 15 8 12 21 12 14 11 19 15 16 12 17 12 9 13 13 14 15 19 20 19 11 8 15 16 15 12 17
10 13 21 22 21 16 24 20 21 15 18 11 14 14 12 22 18 19 16 12 13 21 20 20 16 15 15 11 29 15 18 20 12 15 9 11 12 20 11 23 20 11 25 13 10 14 11 18 17 12 19 15 12 19 25 18 17 14 14 22 14 20 19 20 26 13 14 21 17 25 15 17 16 14 22 28 17 16 11 15
14 15 17 18 20 15 15 14 25 13 11 16 14 13 9 25 17 17 26 11 17 13 14 9 20 21 19 18 32 13 5 11 15 11 15 22 17 16 30 19 13 17 20 12 10 11 13 15 25 14 25 19 20 21 11 24 20 22 17 16 13 14 15 13 15 18 17 18 14 16 20 18 22 18 13 19 19 16 19 17
19 15 22 15 15 15 8 25 14 7 20 17 14 16 12 15 15 8 17 14 10 14 13 20 13 20 21 5 15 13 17 18 13 12 22 8 18 22 16 13 15 16 18 13 17 13 14 24 17 18 19 20 19 17 14 14 8 18 14 20 17 12 20 16 12 15 11 12 18 19 12 15 17 9 10 18 18 15 12 12
39 17 17 13 15 17 22 17 16 17 24 33 16 20 25 14 12 17 12 15 20 11 11 18 17 18 20 20 22 18 16 17 18 13 19 15 17 18 18 16 15 17 18 19 9 10 18 19 18 18 16 14 16 16 14 20 16 13 9 14 17 14 10 21 11 10 18 14 11 9 14 5 14 8 5 16 19 12 25 13
14 18 17 14 15 13 8 19 9 16 18 19 13 12 23 16 16 18 19 18 25 20 12 10 21 9 10 12 13 11 24 17 19 20 18 15 25 18 23 20 15 15 28 15 24 10 19 15 20 16 18 14 16 17 20 16 12 18 15 15 24 12 16 14 13 21 21 17 10 19 17 13 13 13 15 24 16 16 20 20
18 10 21 8 18 14 16 12 13 16 15 15 22 20 15 17 14 20 21 21 13 17 15 13 9 14 14 11 11 15 19 15 18 24 17 15 9 18 13 25 13 17 26 18 12 14 13 17 17 17 12 16 25 20 15 18 13 21 15 20 20 18 15 16 21 19 19 21 12 19 12 12 11 22 14 16 15 14 12 14
14 18 19 20 11 13 14 24 13 23 21 11 11 16 13 7 17 11 17 18 16 27 11 11 14 16 17 6 22 11 12 22 9 19 16 21 10 13 16 13 18 19 14 15 16 15 14 16 8 21 14 14 13 16 15 14 12 12 20 20 11 14 15 20 12 17 14 13 13 17 12 12 18 16 21 13 19 19 19 17
21 21 27 12 11 11 17 15 15 11 20 25 20 19 15 11 16 16 18 24 11 19 25 13 18 19 21 16 19 21 18 21 16 16 15 17 17 21 9 13 17 20 13 14 15 13 11 18 14 19 22 12 26 17 15 19 15 21 15 20 15 11 9 20 14 15 17 20 26 14 26 15 10 18 20 15 14 12 12 14
17 27 16 16 10 16 12 17 13 19 27 15 9 21 11 24 14 18 19 23 19 16 10 22 13 18 22 13 14 12 15 8 20 15 15 18 15 19 10 12 17 20 15 14 14 14 15 14 24 13 24 14 14 19 19 11 20 22 15 7 16 14 18 17 22 20 13 22 12 11 12 19 19 11 12 15 12 19 11 17
15 18 14 16 18 25 13 13 14 17 22 18 22 20 15 15 8 20 21 17 13 17 10 19 16 16 18 21 18 17 17 7 13 13 13 18 18 18 14 21 15 16 16 15 14 13 21 14 17 11 16 15 13 13 9 20 22 15 16 13 11 15 12 13 26 16 15 19 14 7 22 17 11 13 12 22 10 16 18 22
16 16 14 19 9 10 30 18 14 10 11 17 17 19 15 8 18 16 16 13 23 10 22 13 16 13 16 10 16 18 20 19 21 17 13 14 19 11 16 11 13 17 18 24 11 13 18 11 19 15 19 27 16 19 10 19 27 19 17 15 14 14 14 17 9 12 20 24 13 16 11 23 21 26 11 12 20 17 20 18
21 21 14 15 20 15 18 19 7 10 18 11 21 25 16 14 12 13 14 15 16 12 14 14 27 8 21 16 15 20 14 16 11 20 17 16 14 21 13 10 13 20 8 16 21 15 9 12 15 17 12 22 14 14 19 15 11 21 16 16 14 16 15 18 13 23 14 18 12 13 15 17 15 11 14 14 16 25 11 17
16 26 21 10 19 16 21 15 17 21 16 15 12 13 22 15 22 11 15 17 8 26 20 28 20 24 14 14 17 15 15 12 12 11 12 22 13 13 11 16 10 13 12 13 17 24 18 14 15 20 16 18 22 29 17 20 17 12 16 10 16 16 16 19 16 14 18 20 15 19 22 13 8 10 11 10 22 26 14 20
18 17 12 15 13 16 17 15 19 21 10 11 11 25 19 21 22 11 15 14 16 15 18 18 21 21 20 12 19 14 19 10 20 26 19 18 13 9 12 19 27 20 15 11 14 14 20 11 21 14 20 15 14 19 11 19 20 15 12 15 11 17 15 18 10 18 15 12 21 14 10 13 22 14 14 16 14 10 15 17
15 11 21 23 25 15 11 13 15 14 13 10 17 20 14 15 19 14 16 23 13 19 16 20 20 18 14 17 16 16 14 12 21 21 12 21 18 30 14 20 26 18 20 14 17 9 26 20 14 25 18 16 13 20 25 14 15 14 13 14 19 11 15 20 20 19 9 12 21 16 17 17 19 20 21 15 18 11 25 13
12 11 13 16 19 15 13 16 24 18 21 15 22 20 13 19 15 14 23 10 15 13 18 12 11 12 11 21 19 19 15 9 17 11 13 28 9 17 29 18 12 16 20 16 15 17 21 11 15 11 13 12 9 19 15 17 20 17 11 21 31 10 25 12 15 12 18 12 22 10 16 10 19 12 19 21 16 13 17 20
16 21 8 22 20 21 12 25 21 17 20 19 15 18 14 17 18 14 17 22 13 20 22 18 13 17 18 12 16 24 18 14 15 6 10 10 18 16 14 22 24 19 9 12 15 16 14 19 15 21 9 15 14 18 13 23 15 16 25 14 16 18 16 16 18 19 17 14 16 13 11 18 12 15 16 18 15 10 14 8
20 16 17 12 10 8 17 16 14 12 21 19 23 19 17 12 20 16 11 16 19 17 11 14 17 15 15 21 15 27 17 9 20 15 19 14 21 15 19 18 12 15 12 14 16 13 12 31 12 20 12 13 20 22 20 11 20 15 26 19 23 17 10 16 8 18 12 17 11 10 14 18 11 22 13 24 15 20 13 17
15 15 20 21 15 11 13 15 18 14 20 15 22 19 17 23 10 23 12 16 18 20 10 13 21 16 11 18 17 10 16 21 12 19 20 13 28 19 16 17 27 11 11 18 19 14 16 21 19 18 13 11 22 17 20 11 21 14 17 15 22 18 15 19 10 15 14 22 22 6 10 18 18 16 13 31 17 12 8 24
10 16 7 20 16 12 30 11 15 19 21 12 17 16 23 24 14 19 20 13 12 15 15 18 18 16 18 14 23 15 15 18 16 19 16 23 13 19 15 10 18 12 16 13 12 14 25 12 16 18 12 24 13 18 18 15 11 12 24 15 17 6 15 17 21 30 9 17 12 19 26 16 17 6 15 21 18 17 26 14
28 12 25 11 20 13 18 16 14 9 17 24 17 13 16 14 15 17 12 12 22 8 16 17 16 14 16 20 16 12 17 20 15 23 17 15 12 14 19 20 21 24 14 22 14 12 13 20 13 14 12 19 17 16 14 12 17 16 14 18 15 19 18 15 12 17 21 17 14 13 24 17 16 14 15 19 13 12 14 17
13 17 15 13 13 18 18 13 14 21 28 13 13 17 12 16 9 13 17 15 16 15 12 10 14 18 14 17 16 14 10 18 10 18 18 14 13 10 14 13 19 13 16 29 22 23 21 15 16 11 19 17 16 10 14 21 14 17 13 16 9 23 16 13 9 12 22 17 14 12 22 19 17 15 22 21 15 22 13 17
10 14 11 24 17 13 15 13 18 23 14 13 11 16 16 23 20 12 10 18 12 13 15 13 11 14 15 18 17 19 13 15 12 12 30 10 11 14 12 24 20 15 20 10 11 16 20 16 33 18 22 13 27 14 13 16 9 21 18 11 16 17 14 15 12 15 15 12 25 14 17 17 15 22 15 17 17 15 23 9
15 17 12 33 15 14 19 12 12 19 14 12 19 14 22 15 11 12 13 23 12 13 11 20 14 19 12 15 12 14 14 14 14 14 29 9 16 20 13 11 14 14 11 15 12 14 13 27 21 11 17 14 13 14 18 11 20 13 17 18 23 23 27 19 12 11 19 13 15 18 16 15 16 12 13 27 16 29 17 19
18 12 15 13 20 10 11 10 19 11 20 15 15 23 18 15 12 18 14 11 15 13 19 12 20 12 15 10 10 21 25 27 22 22 18 14 28 5 13 22 14 26 10 8 16 18 11 13 19 24 21 19 19 14 11 12 10 16 10 24 19 28 6 14 8 10 8 16 13 17 15 18 16 32 22 20 16 8 13 16
16 18 13 17 16 9 19 16 20 24 13 17 13 18 17 23 24 20 8 10 9 12 18 13 21 17 18 25 13 15 15 31 18 14 14 11 18 14 20 17 14 15 14 21 13 24 21 20 19 11 14 22 14 12 24 23 24 18 16 19 12 12 13 16 18 23 14 20 11 12 13 15 19 14 13 17 17 19 10 8
18 21 19 16 28 16 18 10 13 13 17 18 15 21 24 24 13 8 19 13 15 23 16 10 17 20 16 16 20 18 11 5 19 22 10 22 15 17 21 15 15 7 14 15 16 13 17 17 12 18 15 21 11 15 16 19 23 13 18 9 10 14 17 13 16 10 17 15 14 26 14 21 16 17 17 14 8 14 21 15
15 13 15 14 16 18 17 23 31 21 21 17 12 19 18 12 14 20 21 16 22 16 19 21 16 13 12 19 25 16 27 18 18 22 22 18 13 26 16 17 10 15 13 7 14 15 9 16 15 16 17 11 10 5 20 12 12 12 12 23 18 15 9 13 19 20 16 19 10 15 10 13 14 15 18 14 11 19 11 20
18 13 17 13 18 11 26 22 12 16 22 17 12 18 21 19 17 14 11 22 8 18 29 19 14 19 14 23 13 22 22 17 13 18 29 11 15 18 15 23 15 12 12 19 11 19 13 16 14 11 18 26 16 16 12 15 22 22 20 10 15 17 21 18 14 16 13 20 13 15 15 13 18 19 22 13 14 12 17 17
12 16 22 16 16 14 18 18 12 19 10 9 16 15 22 22 12 21 13 17 15 14 20 19 10 14 20 18 19 15 15 28 18 23 17 6 12 18 18 20 19 15 26 10 11 19 14 18 25 20 21 11 15 13 17 18 11 9 15 28 11 14 15 14 14 16 7 19 18 17 11 17 16 8 14 11 17 16 12 21
14 22 13 19 16 19 15 19 13 18 14 19 13 19 9 20 25 11 18 15 14 13 20 11 21 17 18 10 17 10 13 18 20 14 14 13 15 15 22 15 21 14 21 20 10 11 22 14 21 16 23 24 11 12 12 22 22 18 13 10 11 8 13 12 14 19 15 15 17 17 18 10 12 14 16 11 14 16 18 15
17 10 18 17 16 11 14 14 22 27 22 27 14 18 18 23 9 17 19 17 16 11 15 16 15 19 12 21 15 21 16 16 21 13 25 22 17 10 25 19 12 11 18 25 11 11 11 16 15 13 12 16 20 17 13 13 13 18 11 7 14 14 9 19 12 13 20 11 14 21 11 16 13 20 17 26 11 19 24 15
20 12 16 16 9 11 21 11 16 21 14 23 17 17 18 20 12 12 16 16 19 14 13 14 15 17 13 23 11 20 15 17 10 21 18 18 17 25 20 17 15 19 18 21 14 10 19 11 13 16 14 17 12 12 17 20 15 10 13 21 14 16 16 14 17 10 12 17 17 19 16 15 14 21 11 17 14 20 16 11
15 16 15 21 14 14 19 24 13 12 19 23 7 15 14 13 15 15 18 18 17 17 12 16 11 19 16 22 12 14 15 17 18 11 24 13 15 17 11 14 11 17 14 11 13 13 19 11 18 16 22 22 21 16 12 13 10 12 11 17 15 15 18 24 16 16 23 9 15 24 15 12 16 22 13 14 24 17 13 15
11 17 14 20 16 10 22 14 11 9 15 17 22 15 19 16 19 15 16 23 19 18 23 16 13 13 15 20 22 17 13 18 17 11 18 14 9 18 13 21 11 13 20 15 21 18 14 15 18 14 15 21 13 15 16 26 14 14 14 18 12 16 15 13 14 12 11 12 23 12 16 16 19 15 15 20 13 18 21 13
12 32 14 14 25 16 14 21 19 13 20 14 20 26 7 23 24 14 20 17 13 13 16 14 15 28 13 15 18 19 18 27 30 14 15 10 20 15 15 21 12 16 14 15 18 17 10 15 16 14 27 17 15 10 13 19 9 19 10 10 18 17 10 13 11 16 15 11 21 27 19 18 13 17 12 16 14 18 15 14
17 14 9 16 13 16 12 16 14 17 17 23 17 10 13 11 15 10 17 20 14 10 22 21 22 14 21 17 18 20 8 17 17 17 23 19 22 15 17 13 22 9 17 12 17 18 20 22 21 22 14 25 14 15 19 14 16 8 17 12 19 13 12 9 13 11 23 17 24 17 23 18 11 11 21 16 11 17 12 19
0.0625 0.875 0.375 0.75 0.6875 0.875 0.9375 0.6875 0.5625 1 0.4375 0.5625 0.5 0.1875 0.6875 0.875 0.1875 0.75 0.6875 0.75 0.4375 0.5625 0.1875 0.375 0.5625 0.5625 0.5 0.5625 0.5 0.875 0.375 0.25 0.375 0.6875 1 0.6875 0.375 0.3125 0.6875 0.5 0.125 0.75 0.6875 0.75 0.625 0.4375 0.625 0.875 1 0.4375 0.9375 0.375 0 0.5625 0.6875 0.8125 0.1875 0.1875 0.6875 0.6875 0.75 0.3125 0.75 0.75 0.1875 0.6875 0.4375 0.625 0.875 0.3125 0.5 0.4375 0.5 0.1875 0.6875 0.4375 0.875 0.25 1 0
0 0.6875 0.625 0.1875 0.3125 0.125 0.8125 0.5 0.5625 0.125 0.0625 0.5625 0.125 0.75 0.375 0.1875 0.5625 1 1 0.6875 0.9375 0.5 0.8125 0.3125 0.5 0.9375 0.25 0.125 0.75 0.625 0.6875 0.25 0.5 1 0.5625 0.25 0.3125 0.125 0.875 0.75 0.125 0 0.6875 0.875 0.875 0.75 0 0.8125 0.75 0.6875 0.4375 0.3125 0.6875 0.375 0 0.5 0 0.625 0.375 0.1875 0.5625 0.4375 0.625 0.875 0.3125 0.625 0.875 0.5625 0.5625 0.375 0.75 0.6875 0.1875 0.8125 0.5 0.8125 0.75 1 0.4375 0.9375
0.75 0.8125 0.3125 0.625 0.625 0.375 0.5 0.5 0.3125 0.75 0.375 0.4375 0.3125 0.75 0.6875 0.5 0.6875 1 0.625 0.5625 0.9375 0.625 0.25 0.625 0.75 0.375 0 0.375 0.5 0.375 0.625 0.6875 0.3125 0.6875 0.8125 0.4375 0.25 0.625 0.75 0.5625 0.5 0.6875 0.5625 0.625 0.625 0.75 0.25 0.75 0.25 0.5625 0.375 0.5 0.375 0.125 1 0.75 0.375 0.4375 0.625 0.6875 0.75 0.5625 0.625 0.5 0.6875 0.875 0.6875 0.9375 0.3125 0.5625 0.6875 0.5625 0.875 0.5625 0.0625 0.75 0.5625 0.8125 0 0.5625
0.25 0.25 0.375 0.9375 0.8125 0.75 0.625 0.9375 0.5 1 0.4375 0.25 0.4375 0.875 1 0.0625 0.75 0.875 0.5625 0.75 0.25 0.625 0.6875 0.6875 0.25 0.25 0.625 0 0.3125 0.5 0.75 0.375 0.625 0.4375 0.625 0.3125 0.75 0.4375 0.125 0.5625 0.875 0.625 0.3125 0.375 0.5625 0.4375 0.6875 0.25 0.6875 0.0625 0.375 0.5 0.625 0.625 0.5 1 0.75 0.3125 0.5625 0.8125 0.375 0.6875 0.8125 0.8125 0.25 0.8125 0.625 0.4375 0.5625 0.625 0.0625 0.5 0.25 0 0.6875 0.6875 0.9375 0.875 0.4375 0.4375
0.1875 0.6875 0.9375 0.4375 0.5625 1 0.5 0.4375 0.4375 0.9375 0.6875 0.625 0.5 0.25 0.1875 0.75 1 0.5 0.4375 0 0.625 0.625 0.75 0.5 0.625 0.4375 0.125 0.6875 0.375 0.0625 0.625 0.375 1 0.6875 1 0.875 0.5625 1 0.875 0 0 0.625 0.75 0.1875 0.625 0.5625 0.3125 0.75 0.5625 0.375 0.875 0.375 0.5625 0.625 0.8125 0.3125 0.875 0.8125 0.8125 0.75 0.4375 0 0.375 0.625 0.8125 0.6875 0.75 0.5 0.625 0.625 0.5625 0.3125 0.3125 0.1875 0.6875 0.6875 0.75 1 0.75 0.4375
0.375 0.8125 0.4375 0.875 0.875 0.6875 0.875 0.75 0.9375 0.875 0.6875 0.75 0.5 0.375 0.5625 0.5 0.375 0.6875 0.375 0.0625 0.4375 0.625 0.75 0.25 0.4375 0.5 0.75 0.6875 0.25 0.8125 0.4375 0.0625 0.8125 0.4375 0.75 0.375 0.6875 1 0.6875 0.375 0.4375 0.3125 0.8125 0.9375 0.6875 0.5625 0.25 0.6875 0.9375 0.4375 0.5625 0.75 0.6875 0.625 0.625 0.25 0.75 0.5625 0.6875 0.25 0.3125 0.625 0.5 0.25 0.625 0.125 0.5 0.375 0.0625 0 0.75 0.625 0.75 0.5625 0.3125 0.25 0.75 0.875 0.875 0.75
0.8125 0.4375 0.625 0.5625 0.625 0.5625 0.4375 0.9375 0.6875 0.4375 0 1 0.6875 0.4375 0.3125 0.1875 0.4375 0.875 0.8125 0.5 0.8125 0.125 1 0.5 0.625 0.5625 0.1875 0.3125 0 0.625 0.25 0.625 0.875 0 1 0.0625 0 0.125 0.4375 0.3125 0.6875 0.6875 0.625 0.75 0.875 1 0.625 0.875 0.5625 0.5625 0.8125 0 0.625 0.625 0.75 0.875 0.375 0 0.1875 0.875 0.6875 0.4375 1 0.4375 0.6875 0.3125 0.4375 1 0.75 0.5625 0.5 0.3125 0.5625 0.375 0.8125 0.625 0.625 0.6875 0.1875 1
0.875 0.75 0.5625 0.5625 0.625 0.0625 0.25 0.0625 0.5625 0.0625 0.375 0.25 0.5625 0.75 0.375 0.25 0.6875 0.625 0.625 0.6875 0.9375 0.75 0.5 0.1875 0.4375 0.9375 0.5625 0.5625 0.8125 0.1875 0.25 0.1875 0.25 0.875 0.3125 0.8125 0.5625 0.25 0.75 0.5 0.4375 0.875 0.6875 0.4375 0.5625 0.4375 0.75 0.5625 0.625 0 1 0.625 0.6875 0 0.3125 0.6875 0.125 0.8125 0.5625 0.4375 0.9375 0.5625 0 0.8125 0.375 0.5625 0.75 0.3125 0.875 0.5 0.625 0.6875 0.875 0.75 0.75 0.5625 0.6875 0.625 0.6875 0.6875
0.4375 0.625 0.0625 0.375 0.125 0.1875 0.5625 0.8125 0.75 0.4375 0.125 0.3125 0.6875 0.9375 0.375 0.875 0.4375 1 0.5625 0.875 0.5 0.25 0.4375 0.625 0.75 0.8125 0.625 0.5 0.625 0.5625 0.625 0.75 0.75 0.8125 0.75 0.5 0.25 1 0.3125 0.625 0.6875 0.6875 0 0.125 0.75 0.5 1 0.4375 0.625 0.125 0.25 0.4375 0.6875 0.9375 0.6875 0.8125 0.625 0.4375 0.8125 0.75 0.4375 0.1875 0.25 0.4375 0.625 0.375 0.75 0.5625 0.625 0.25 0.625 0.375 0.8125 0.625 0.75 0.9375 0.75 0.6875 0.125 0.6875
0.875 0.625 0.5625 0.8125 0.1875 0.1875 0.5 0.3125 0.25 0.25 1 0.25 0.5 0.6875 0 0.1875 0.6875 0.4375 0.5 0.625 0.4375 0.5 0.6875 0.6875 0.25 0.125 0.4375 0 0.875 0.75 0.9375 0.25 0.6875 0 0.375 0.6875 1 0.5625 0.9375 0.8125 0.5 0.4375 0.9375 1 0.75 0.625 0.8125 0.8125 0.5 0.25 0.4375 0.625 0.625 0.4375 0.4375 0.1875 0.4375 1 0.25 0.375 0.6875 0.4375 0.625 0.5 0.5625 0.6875 0.6875 0.125 0.375 0.75 0 0.6875 0.5625 0.8125 0.75 0.9375 0.3125 0.625 0.5 0.625
0.625 0.5 0.8125 0.25 0.0625 0.5 1 0.4375 0 0.125 0.75 0.0625 0.6875 0.3125 0.5 0.375 0.5 0.625 0.5 0.5 0.6875 0.6875 0.4375 0.5625 0 0.5625 0.125 0.6875 0.8125 0.25 0.5 0.8125 0.6875 0.75 0.875 0.5625 0.75 0.8125 1 0.625 0.6875 0.375 0.875 0.3125 0.25 0.625 0.5625 0.75 0.625 0.5625 0.75 0.75 0.3125 0.6875 0.875 0.5 0.875 0.5 0.75 0.625 1 0.375 0.8125 0.1875 0.6875 0.875 0.3125 0.5625 0.0625 0.5 0.6875 0.8125 0.25 0.125 0.4375 0.75 0 0.6875 0.4375 0.4375
0.25 0.5 0.4375 0.25 0.5625 0.625 1 0.25 0.8125 0.4375 0 0.8125 0.4375 0.8125 0.625 0.0625 0.5 0.6875 0.4375 0.5 0.5625 0.3125 0.9375 0.9375 0.1875 0.8125 0.375 0.1875 0.5625 0.4375 0.3125 0.5 0.875 0.375 0.5 0.625 0.25 0.3125 0.625 0.375 0.9375 0.5625 0.75 0.6875 0.5 0.8125 0.625 0.8125 1 0.75 0.3125 0.75 0.75 0.6875 0.875 0.6875 0.5625 0.5625 0.5 0.3125 0.5 0.625 0.5 0.9375 0.8125 0.6875 0.75 0.75 0 0.75 0.75 0.6875 0.625 1 0.5 0.25 0.75 0.3125 0 0.625
0.1875 0.6875 0.375 0.5 0.75 0 0.5 0.4375 0.375 0 0.875 0.8125 0.625 0.4375 0.625 0.8125 0.25 0.8125 0.875 0.625 0.6875 0.5 0.875 0.125 0.6875 0.4375 0.625 0.5625 0 0 0.5625 0.8125 0.25 0.5625 1 0.6875 0.75 1 1 0.4375 0.0625 0.3125 0.8125 0.75 0.25 0.0625 0.75 0.5 0.4375 0.1875 0.75 0.75 0.625 1 0.8125 0.25 0.8125 0.6875 0.875 0.375 0.625 0.5625 0.8125 0.5 0.8125 1 0.75 0.75 0.6875 0.625 0.375 0.3125 0.375 0.875 1 0.625 0.5625 0.625 0.8125 0.5
0.9375 0.75 0.25 0.1875 0.25 0.5625 0.0625 0.3125 0.25 0.625 0.4375 0.875 0.6875 0.6875 0.8125 0.1875 0.4375 0.375 0.5625 0.8125 0.75 0.25 0.3125 0.3125 0.5625 0.625 0.625 0.875 0 0.625 0.4375 0.3125 0.8125 0.625 1 0.875 0.8125 0.3125 0.875 0.125 0.3125 0.875 0 0.75 0.9375 0.6875 0.875 0.4375 0.5 0.8125 0.375 0.625 0.8125 0.375 0 0.4375 0.5 0.6875 0.6875 0.1875 0.6875 0.3125 0.375 0.3125 0 0.75 0.6875 0.25 0.5 0 0.625 0.5 0.5625 0.6875 0.1875 0 0.5 0.5625 0.875 0.625
0.6875 0.625 0.5 0.4375 0.3125 0.625 0.625 0.6875 0 0.75 0.875 0.5625 0.6875 0.75 1 0 0.5 0.5 0 0.875 0.5 0.75 0.6875 1 0.3125 0.25 0.375 0.4375 0 0.75 1 0.875 0.625 0.875 0.625 0.1875 0.5 0.5625 0 0.375 0.75 0.5 0.3125 0.8125 0.9375 0.875 0.75 0.625 0 0.6875 0 0.375 0.3125 0.25 0.875 0.0625 0.3125 0.1875 0.5 0.5625 0.75 0.6875 0.625 0.75 0.625 0.4375 0.5 0.4375 0.6875 0.5625 0.3125 0.4375 0.1875 0.4375 0.75 0.375 0.375 0.5625 0.375 0.5
0.375 0.625 0.1875 0.625 0.625 0.625 1 0 0.6875 1 0.3125 0.5 0.6875 0.5625 0.8125 0.625 0.625 1 0.5 0.6875 0.9375 0.6875 0.75 0.3125 0.75 0.3125 0.25 1 0.625 0.75 0.5 0.4375 0.75 0.8125 0.1875 1 0.4375 0.1875 0.5625 0.75 0.625 0.5625 0.4375 0.75 0.5 0.75 0.6875 0.0625 0.5 0.4375 0.375 0.3125 0.375 0.5 0.6875 0.6875 1 0.4375 0.6875 0.3125 0.5 0.8125 0.3125 0.5625 0.8125 0.625 0.875 0.8125 0.4375 0.375 0.8125 0.625 0.5 1 0.9375 0.4375 0.4375 0.625 0.8125 0.8125
0 0.5 0.5 0.75 0.625 0.5 0.1875 0.5 0.5625 0.5 0.0625 0 0.5625 0.3125 0 0.6875 0.8125 0.5 0.8125 0.625 0.3125 0.875 0.875 0.4375 0.5 0.4375 0.3125 0.3125 0.1875 0.4375 0.5625 0.5 0.4375 0.75 0.375 0.625 0.5 0.4375 0.4375 0.5625 0.625 0.5 0.4375 0.375 1 0.9375 0.4375 0.375 0.4375 0.4375 0.5625 0.6875 0.5625 0.5625 0.6875 0.3125 0.5625 0.75 1 0.6875 0.5 0.6875 0.9375 0.25 0.875 0.9375 0.4375 0.6875 0.875 1 0.6875 1 0.6875 1 1 0.5625 0.375 0.8125 0 0.75
0.6875 0.4375 0.5 0.6875 0.625 0.75 1 0.375 1 0.5625 0.4375 0.375 0.75 0.8125 0.125 0.5625 0.5625 0.4375 0.375 0.4375 0 0.3125 0.8125 0.9375 0.25 1 0.9375 0.8125 0.75 0.875 0.0625 0.5 0.375 0.3125 0.4375 0.625 0 0.4375 0.125 0.3125 0.625 0.625 0 0.625 0.0625 0.9375 0.375 0.625 0.3125 0.5625 0.4375 0.6875 0.5625 0.5 0.3125 0.5625 0.8125 0.4375 0.625 0.625 0.0625 0.8125 0.5625 0.6875 0.75 0.25 0.25 0.5 0.9375 0.375 0.5 0.75 0.75 0.75 0.625 0.0625 0.5625 0.5625 0.3125 0.3125
0.4375 0.9375 0.25 1 0.4375 0.6875 0.5625 0.8125 0.75 0.5625 0.625 0.625 0.1875 0.3125 0.625 0.5 0.6875 0.3125 0.25 0.25 0.75 0.5 0.625 0.75 1 0.6875 0.6875 0.875 0.875 0.625 0.375 0.625 0.4375 0.0625 0.5 0.625 1 0.4375 0.75 0 0.75 0.5 0 0.4375 0.8125 0.6875 0.75 0.5 0.5 0.5 0.8125 0.5625 0 0.3125 0.625 0.4375 0.75 0.25 0.625 0.3125 0.3125 0.4375 0.625 0.5625 0.25 0.375 0.375 0.25 0.8125 0.375 0.8125 0.8125 0.875 0.1875 0.6875 0.5625 0.625 0.6875 0.8125 0.6875
0.6875 0.4375 0.375 0.3125 0.875 0.75 0.6875 0.0625 0.75 0.125 0.25 0.875 0.875 0.5625 0.75 1 0.5 0.875 0.5 0.4375 0.5625 0 0.875 0.875 0.6875 0.5625 0.5 1 0.1875 0.875 0.8125 0.1875 1 0.375 0.5625 0.25 0.9375 0.75 0.5625 0.75 0.4375 0.375 0.6875 0.625 0.5625 0.625 0.6875 0.5625 1 0.25 0.6875 0.6875 0.75 0.5625 0.625 0.6875 0.8125 0.8125 0.3125 0.3125 0.875 0.6875 0.625 0.3125 0.8125 0.5 0.6875 0.75 0.75 0.5 0.8125 0.8125 0.4375 0.5625 0.25 0.75 0.375 0.375 0.375 0.5
0.25 0.25 0 0.8125 0.875 0.875 0.5 0.625 0.625 0.875 0.3125 0 0.3125 0.375 0.625 0.875 0.5625 0.5625 0.4375 0.0625 0.875 0.375 0 0.75 0.4375 0.375 0.25 0.5625 0.375 0.25 0.4375 0.25 0.5625 0.5625 0.625 0.5 0.5 0.25 1 0.75 0.5 0.3125 0.75 0.6875 0.625 0.75 0.875 0.4375 0.6875 0.375 0.1875 0.8125 0 0.5 0.625 0.375 0.625 0.25 0.625 0.3125 0.625 0.875 1 0.3125 0.6875 0.625 0.5 0.3125 0 0.6875 0 0.625 0.9375 0.4375 0.3125 0.625 0.6875 0.8125 0.8125 0.6875
0.5 0 0.5625 0.5625 0.9375 0.5625 0.8125 0.5 0.75 0.375 0 0.625 1 0.25 0.875 0.0625 0.6875 0.4375 0.375 0.125 0.375 0.5625 0.9375 0.1875 0.75 0.4375 0.1875 0.75 0.6875 0.8125 0.625 1 0.3125 0.625 0.625 0.4375 0.625 0.375 0.9375 0.8125 0.5 0.3125 0.625 0.6875 0.6875 0.6875 0.625 0.6875 0.0625 0.75 0.0625 0.6875 0.6875 0.375 0.375 0.875 0.3125 0.1875 0.625 1 0.5625 0.6875 0.4375 0.5 0.1875 0.3125 0.75 0.1875 0.8125 0.875 0.8125 0.375 0.375 0.875 0.8125 0.625 0.8125 0.375 0.875 0.5
0.625 0.4375 0.6875 0.5625 0.4375 0 0.75 0.75 0.6875 0.5 0.1875 0.4375 0.1875 0.3125 0.625 0.625 1 0.3125 0.25 0.5 0.75 0.5 0.9375 0.375 0.5625 0.5625 0.4375 0.25 0.4375 0.5 0.5 1 0.75 0.75 0.75 0.4375 0.4375 0.4375 0.6875 0.25 0.625 0.5625 0.5625 0.625 0.6875 0.75 0.25 0.6875 0.5 0.875 0.5625 0.625 0.75 0.75 1 0.3125 0.1875 0.625 0.5625 0.75 0.875 0.625 0.8125 0.75 0 0.5625 0.625 0.375 0.6875 1 0.1875 0.5 0.875 0.75 0.8125 0.1875 0.9375 0.5625 0.4375 0.1875
0.5625 0.5625 0.6875 0.375 1 0.9375 0 0.4375 0.6875 0.9375 0.875 0.5 0.5 0.375 0.625 1 0.4375 0.5625 0.5625 0.75 0.125 0.9375 0.1875 0.75 0.5625 0.75 0.5625 0.9375 0.5625 0.4375 0.3125 0.375 0.25 0.5 0.75 0.6875 0.375 0.875 0.5625 0.875 0.75 0.5 0.4375 0.0625 0.875 0.75 0.4375 0.875 0.375 0.625 0.375 0 0.5625 0.375 0.9375 0.375 0 0.375 0.5 0.625 0.6875 0.6875 0.6875 0.5 1 0.8125 0.3125 0.0625 0.75 0.5625 0.875 0.125 0.25 0 0.875 0.8125 0.3125 0.5 0.3125 0.4375
0.25 0.25 0.6875 0.625 0.3125 0.625 0.4375 0.375 1 0.9375 0.4375 0.875 0.25 0 0.5625 0.6875 0.8125 0.75 0.6875 0.625 0.5625 0.8125 0.6875 0.6875 0 1 0.25 0.5625 0.625 0.3125 0.6875 0.5625 0.875 0.3125 0.5 0.5625 0.6875 0.25 0.75 0.9375 0.75 0.3125 1 0.5625 0.25 0.625 1 0.8125 0.625 0.5 0.8125 0.1875 0.6875 0.6875 0.375 0.625 0.875 0.25 0.5625 0.5625 0.6875 0.5625 0.625 0.4375 0.75 0.125 0.6875 0.4375 0.8125 0.75 0.625 0.5 0.625 0.875 0.6875 0.6875 0.5625 0 0.875 0.5
0.5625 0 0.25 0.9375 0.375 0.5625 0.25 0.625 0.5 0.25 0.5625 0.625 0.8125 0.75 0.1875 0.625 0.1875 0.875 0.625 0.5 1 0 0.3125 0 0.3125 0.0625 0.6875 0.6875 0.5 0.625 0.625 0.8125 0.8125 0.875 0.8125 0.1875 0.75 0.75 0.875 0.5625 0.9375 0.75 0.8125 0.75 0.5 0.0625 0.4375 0.6875 0.625 0.3125 0.5625 0.4375 0.1875 0 0.5 0.3125 0.5 0.8125 0.5625 0.9375 0.5625 0.5625 0.5625 0.375 0.5625 0.6875 0.4375 0.3125 0.625 0.375 0.1875 0.75 1 0.9375 0.875 0.9375 0.1875 0 0.6875 0.3125
0.4375 0.5 0.8125 0.625 0.75 0.5625 0.5 0.625 0.375 0.25 0.9375 0.875 0.875 0 0.375 0.25 0.1875 0.875 0.625 0.6875 0.5625 0.625 0.4375 0.4375 0.25 0.25 0.3125 0.8125 0.375 0.6875 0.375 0.9375 0.3125 0 0.375 0.4375 0.75 1 0.8125 0.375 0 0.3125 0.625 0.875 0.6875 0.6875 0.3125 0.875 0.25 0.6875 0.3125 0.625 0.6875 0.375 0.875 0.375 0.3125 0.625 0.8125 0.625 0.875 0.5 0.625 0.4375 0.9375 0.4375 0.625 0.8125 0.25 0.6875 0.9375 0.75 0.1875 0.6875 0.6875 0.5625 0.6875 0.9375 0.625 0.5
0.625 0.875 0.25 0.125 0 0.625 0.875 0.75 0.625 0.6875 0.75 0.9375 0.5 0.3125 0.6875 0.625 0.375 0.6875 0.5625 0.125 0.75 0.375 0.5625 0.3125 0.3125 0.4375 0.6875 0.5 0.5625 0.5625 0.6875 0.8125 0.25 0.25 0.8125 0.25 0.4375 0 0.6875 0.3125 0 0.4375 0.3125 0.6875 0.5 1 0 0.3125 0.6875 0 0.4375 0.5625 0.75 0.3125 0 0.6875 0.625 0.6875 0.75 0.6875 0.375 0.875 0.625 0.3125 0.3125 0.375 1 0.8125 0.25 0.5625 0.5 0.5 0.375 0.3125 0.25 0.625 0.4375 0.875 0 0.75
0.8125 0.875 0.75 0.5625 0.375 0.625 0.75 0.5625 0.0625 0.4375 0.25 0.625 0.1875 0.3125 0.75 0.375 0.625 0.6875 0.125 0.9375 0.625 0.75 0.4375 0.8125 0.875 0.8125 0.875 0.25 0.375 0.375 0.625 1 0.5 0.875 0.75 0 1 0.5 0 0.4375 0.8125 0.5625 0.3125 0.5625 0.625 0.5 0.25 0.875 0.625 0.875 0.75 0.8125 1 0.375 0.625 0.5 0.3125 0.5 0.875 0.25 0 0.9375 0 0.8125 0.625 0.8125 0.4375 0.8125 0.1875 0.9375 0.5625 0.9375 0.375 0.8125 0.375 0.25 0.5625 0.75 0.5 0.3125
0.5625 0.25 1 0.1875 0.3125 0.25 0.8125 0 0.25 0.5 0.3125 0.375 0.625 0.4375 0.6875 0.5 0.4375 0.6875 0.5 0.1875 0.75 0.3125 0.1875 0.4375 0.75 0.5 0.4375 0.8125 0.5625 0.0625 0.4375 0.6875 0.625 1 0.9375 0.9375 0.4375 0.5625 0.6875 0.1875 0.0625 0.375 1 0.8125 0.625 0.5625 0.6875 0.375 0.625 0.25 1 0.625 0.6875 0.4375 0.75 0.125 0.625 0.5625 0 0.6875 0.5625 0.4375 0.5625 0.5625 0.4375 0.375 0.5 0.6875 0.5625 0.75 0.875 0.4375 0.8125 0.625 0.5625 0.4375 0.625 0.9375 0.6875 1
0.3125 0.5625 0.5 0.8125 0.9375 1 0.5 0.5625 0.6875 0.8125 0.25 0.375 0.125 0.375 0.5 0.8125 0.3125 0.5625 0.875 0.5625 0.375 0.5 0.875 0.6875 0.5 0.625 0.625 0.25 0.625 0 0.5 1 0.3125 0.625 0.375 0.6875 0.25 0.625 0.375 0.4375 0.8125 0.625 0.8125 0.6875 0.5625 0.75 0.8125 0 0.8125 0.3125 0.8125 0.75 0.3125 0.1875 0.3125 0.875 0.3125 0.625 0 0.375 0.125 0.5 0.9375 0.5625 1 0.4375 0.8125 0.5 0.875 0.9375 0.6875 0.4375 0.875 0.1875 0.75 0.0625 0.625 0.3125 0.75 0.5
0.625 0.625 0.3125 0.25 0.625 0.875 0.75 0.625 0.4375 0.6875 0.3125 0.625 0.1875 0.375 0.5 0.125 0.9375 0.125 0.8125 0.5625 0.4375 0.3125 0.9375 0.75 0.25 0.5625 0.875 0.4375 0.5 0.9375 0.5625 0.25 0.8125 0.375 0.3125 0.75 0 0.375 0.5625 0.5 0 0.875 0.875 0.4375 0.375 0.6875 0.5625 0.25 0.375 0.4375 0.75 0.875 0.1875 0.5 0.3125 0.875 0.25 0.6875 0.5 0.625 0.1875 0.4375 0.625 0.375 0.9375 0.625 0.6875 0.1875 0.1875 1 0.9375 0.4375 0.4375 0.5625 0.75 0 0.5 0.8125 1 0.0625
0.9375 0.5625 1 0.3125 0.5625 0.8125 0 0.875 0.625 0.375 0.25 0.8125 0.5 0.5625 0.125 0.0625 0.6875 0.375 0.3125 0.75 0.8125 0.625 0.625 0.4375 0.4375 0.5625 0.4375 0.6875 0.125 0.625 0.625 0.4375 0.5625 0.375 0.5625 0.125 0.75 0.375 0.625 0.9375 0.4375 0.8125 0.5625 0.75 0.8125 0.6875 0 0.8125 0.5625 0.4375 0.8125 0.0625 0.75 0.4375 0.4375 0.625 0.875 0.8125 0.0625 0.625 0.5 1 0.625 0.5 0.25 0 1 0.5 0.8125 0.375 0 0.5625 0.5 1 0.625 0.25 0.4375 0.5 0 0.6875
0 0.8125 0 0.875 0.3125 0.75 0.4375 0.5625 0.6875 1 0.5 0.0625 0.5 0.75 0.5625 0.6875 0.625 0.5 0.8125 0.8125 0.1875 1 0.5625 0.5 0.5625 0.6875 0.5625 0.3125 0.5625 0.8125 0.5 0.3125 0.625 0.125 0.5 0.625 0.8125 0.6875 0.375 0.3125 0.25 0.0625 0.6875 0.1875 0.6875 0.8125 0.75 0.3125 0.75 0.6875 0.8125 0.375 0.5 0.5625 0.6875 0.8125 0.5 0.5625 0.6875 0.4375 0.625 0.375 0.4375 0.625 0.8125 0.5 0.25 0.5 0.6875 0.75 0.0625 0.5 0.5625 0.6875 0.625 0.375 0.75 0.8125 0.6875 0.5
0.75 0.5 0.625 0.75 0.75 0.4375 0.4375 0.75 0.6875 0.25 0 0.75 0.75 0.5 0.8125 0.5625 1 0.75 0.5 0.625 0.5625 0.625 0.8125 0.9375 0.6875 0.4375 0.6875 0.5 0.5625 0.6875 0.9375 0.4375 0.9375 0.4375 0.4375 0.6875 0.75 0.9375 0.6875 0.75 0.375 0.75 0.5625 0 0.1875 0.125 0.25 0.625 0.5625 0.875 0.375 0.5 0.5625 0.9375 0.6875 0.25 0.6875 0.5 0.75 0.5625 1 0.125 0.5625 0.75 1 0.8125 0.1875 0.5 0.6875 0.8125 0.1875 0.375 0.5 0.625 0.1875 0.25 0.625 0.1875 0.75 0.5
0.9375 0.6875 0.875 0.0625 0.5 0.75 0.625 0.75 0.4375 0.125 0.6875 0.75 0.875 0.5625 0.5625 0.125 0.3125 0.8125 0.9375 0.4375 0.8125 0.75 0.625 0.75 0.875 0.6875 0.625 0.4375 0.5 0.375 0.75 0.625 0.8125 0.8125 0 0.9375 0.875 0.6875 0.8125 0.0625 0.3125 0.625 0.3125 0.9375 0.875 0.5625 0.3125 0.5625 0 0.4375 0.1875 0.75 0 0.6875 0.75 0.5625 1 0.25 0.4375 0.875 0.5625 0.5 0.6875 0.625 0.8125 0.625 0.625 0.8125 0 0.6875 0.5 0.5 0.625 0.1875 0.625 0.5 0.5 0.625 0.125 1
0.625 0.5 0.8125 0 0.625 0.6875 0.375 0.8125 0.8125 0.375 0.6875 0.8125 0.375 0.6875 0.1875 0.625 0.875 0.8125 0.75 0.125 0.8125 0.75 0.875 0.3125 0.6875 0.375 0.8125 0.625 0.8125 0.6875 0.6875 0.6875 0.6875 0.6875 0 1 0.5625 0.3125 0.75 0.875 0.6875 0.6875 0.875 0.625 0.8125 0.6875 0.75 0 0.25 0.875 0.5 0.6875 0.75 0.6875 0.4375 0.875 0.3125 0.75 0.5 0.4375 0.125 0.125 0 0.375 0.8125 0.875 0.375 0.75 0.625 0.4375 0.5625 0.625 0.5625 0.8125 0.75 0 0.5625 0 0.5 0.375
0.4375 0.8125 0.625 0.75 0.3125 0.9375 0.875 0.9375 0.375 0.875 0.3125 0.625 0.625 0.125 0.4375 0.625 0.8125 0.4375 0.6875 0.875 0.625 0.75 0.375 0.8125 0.3125 0.8125 0.625 0.9375 0.9375 0.25 0 0 0.1875 0.1875 0.4375 0.6875 0 1 0.75 0.1875 0.6875 0 0.9375 1 0.5625 0.4375 0.875 0.75 0.375 0.0625 0.25 0.375 0.375 0.6875 0.875 0.8125 0.9375 0.5625 0.9375 0.0625 0.375 0 1 0.6875 1 0.9375 1 0.5625 0.75 0.5 0.625 0.4375 0.5625 0 0.1875 0.3125 0.5625 1 0.75 0.5625
0.5625 0.4375 0.75 0.5 0.5625 1 0.375 0.5625 0.3125 0.0625 0.75 0.5 0.75 0.4375 0.5 0.125 0.0625 0.3125 1 0.9375 1 0.8125 0.4375 0.75 0.25 0.5 0.4375 0 0.75 0.625 0.625 0 0.4375 0.6875 0.6875 0.875 0.4375 0.6875 0.3125 0.5 0.6875 0.625 0.6875 0.25 0.75 0.0625 0.25 0.3125 0.375 0.875 0.6875 0.1875 0.6875 0.8125 0.0625 0.125 0.0625 0.4375 0.5625 0.375 0.8125 0.8125 0.75 0.5625 0.4375 0.125 0.6875 0.3125 0.875 0.8125 0.75 0.625 0.375 0.6875 0.75 0.5 0.5 0.375 0.9375 1
0.4375 0.25 0.375 0.5625 0 0.5625 0.4375 0.9375 0.75 0.75 0.5 0.4375 0.625 0.25 0.0625 0.0625 0.75 1 0.375 0.75 0.625 0.125 0.5625 0.9375 0.5 0.3125 0.5625 0.5625 0.3125 0.4375 0.875 1 0.375 0.1875 0.9375 0.1875 0.625 0.5 0.25 0.625 0.625 1 0.6875 0.625 0.5625 0.75 0.5 0.5 0.8125 0.4375 0.625 0.25 0.875 0.625 0.5625 0.375 0.125 0.75 0.4375 1 0.9375 0.6875 0.5 0.75 0.5625 0.9375 0.5 0.625 0.6875 0 0.6875 0.25 0.5625 0.5 0.5 0.6875 1 0.6875 0.25 0.625
0.625 0.75 0.625 0.6875 0.5625 0.4375 0.5 0.125 0 0.25 0.25 0.5 0.8125 0.375 0.4375 0.8125 0.6875 0.3125 0.25 0.5625 0.1875 0.5625 0.375 0.25 0.5625 0.75 0.8125 0.375 0 0.5625 0 0.4375 0.4375 0.1875 0.1875 0.4375 0.75 0 0.5625 0.5 0.9375 0.625 0.75 1 0.6875 0.625 1 0.5625 0.625 0.5625 0.5 0.875 0.9375 1 0.3125 0.8125 0.8125 0.8125 0.8125 0.125 0.4375 0.625 1 0.75 0.375 0.3125 0.5625 0.375 0.9375 0.625 0.9375 0.75 0.6875 0.625 0.4375 0.6875 0.875 0.375 0.875 0.3125
0.4375 0.75 0.5 0.75 0.4375 0.875 0 0.1875 0.8125 0.5625 0.1875 0.5 0.8125 0.4375 0.25 0.375 0.5 0.6875 0.875 0.1875 1 0.4375 0 0.375 0.6875 0.375 0.6875 0.125 0.75 0.1875 0.1875 0.5 0.75 0.4375 0 0.875 0.625 0.4375 0.625 0.125 0.625 0.8125 0.8125 0.375 0.875 0.375 0.75 0.5625 0.6875 0.875 0.4375 0 0.5625 0.5625 0.8125 0.625 0.1875 0.1875 0.3125 0.9375 0.625 0.5 0.25 0.4375 0.6875 0.5625 0.75 0.3125 0.75 0.625 0.625 0.75 0.4375 0.375 0.1875 0.75 0.6875 0.8125 0.5 0.5
0.8125 0.5625 0.1875 0.5625 0.5625 0.6875 0.4375 0.4375 0.8125 0.375 0.9375 1 0.5625 0.625 0.1875 0.1875 0.8125 0.25 0.75 0.5 0.625 0.6875 0.3125 0.375 0.9375 0.6875 0.3125 0.4375 0.375 0.625 0.625 0 0.4375 0.125 0.5 1 0.8125 0.4375 0.4375 0.3125 0.375 0.625 0 0.9375 0.875 0.375 0.6875 0.4375 0 0.3125 0.25 0.875 0.625 0.75 0.5 0.4375 0.875 1 0.625 0 0.875 0.6875 0.625 0.6875 0.6875 0.5625 1 0.375 0.4375 0.5 0.875 0.5 0.5625 1 0.6875 0.875 0.5 0.5625 0.8125 0.25
0.6875 0.1875 0.75 0.375 0.5625 0.375 0.625 0.375 0.75 0.4375 0.6875 0.375 0.75 0.375 1 0.3125 0 0.875 0.4375 0.625 0.6875 0.75 0.3125 0.875 0.25 0.5 0.4375 0.9375 0.5 0.9375 0.75 0.4375 0.3125 0.6875 0.6875 0.75 0.625 0.625 0.1875 0.625 0.25 0.6875 0.25 0.3125 0.9375 0.875 0.1875 0.6875 0.25 0.5625 0.125 0.0625 0.875 0.8125 0.8125 0.1875 0.1875 0.4375 0.75 0.9375 0.875 1 0.75 0.8125 0.6875 0.375 0.625 0.625 0.5 0.5 0.4375 0.9375 0.8125 0.6875 0.5625 0.875 0.6875 0.5625 0.4375 0.625
0.5 0.9375 0.4375 0.5 0.5625 0.875 0.6875 0.6875 0.1875 0 0.1875 0 0.6875 0.4375 0.4375 0.125 1 0.5 0.375 0.5 0.5625 0.875 0.625 0.5625 0.625 0.375 0.8125 0.25 0.625 0.25 0.5625 0.5625 0.25 0.75 0 0.1875 0.5 0.9375 0 0.375 0.8125 0.875 0.4375 0 0.875 0.875 0.875 0.5625 0.625 0.75 0.8125 0.5625 0.3125 0.5 0.75 0.75 0.75 0.4375 0.875 1 0.6875 0.6875 1 0.375 0.8125 0.75 0.3125 0.875 0.6875 0.25 0.875 0.5625 0.75 0.3125 0.5 0 0.875 0.375 0.0625 0.625
0.3125 0.8125 0.5625 0.5625 1 0.875 0.25 0.875 0.5625 0.25 0.6875 0.125 0.5 0.5 0.4375 0.3125 0.8125 0.8125 0.5625 0.5625 0.375 0.6875 0.75 0.6875 0.625 0.5 0.75 0.125 0.875 0.3125 0.625 0.5 0.9375 0.25 0.4375 0.4375 0.5 0 0.3125 0.5 0.625 0.375 0.4375 0.25 0.6875 0.9375 0.375 0.875 0.75 0.5625 0.6875 0.5 0.8125 0.8125 0.5 0.3125 0.625 0.9375 0.75 0.25 0.6875 0.5625 0.5625 0.6875 0.5 0.9375 0.8125 0.5 0.5 0.375 0.5625 0.625 0.6875 0.25 0.875 0.5 0.6875 0.3125 0.5625 0.875
0.625 0.5625 0.625 0.25 0.6875 0.6875 0.375 0.0625 0.75 0.8125 0.375 0.125 1 0.625 0.6875 0.75 0.625 0.625 0.4375 0.4375 0.5 0.5 0.8125 0.5625 0.875 0.375 0.5625 0.1875 0.8125 0.6875 0.625 0.5 0.4375 0.875 0.0625 0.75 0.625 0.5 0.875 0.6875 0.875 0.5 0.6875 0.875 0.75 0.75 0.375 0.875 0.4375 0.5625 0.1875 0.1875 0.25 0.5625 0.8125 0.75 0.9375 0.8125 0.875 0.5 0.625 0.625 0.4375 0.0625 0.5625 0.5625 0.125 1 0.625 0.0625 0.625 0.8125 0.5625 0.1875 0.75 0.6875 0.0625 0.5 0.75 0.625
0.875 0.5 0.6875 0.3125 0.5625 0.9375 0.1875 0.6875 0.875 1 0.625 0.5 0.1875 0.625 0.375 0.5625 0.375 0.625 0.5625 0.125 0.375 0.4375 0.125 0.5625 0.75 0.75 0.625 0.3125 0.1875 0.5 0.75 0.4375 0.5 0.875 0.4375 0.6875 1 0.4375 0.75 0.25 0.875 0.75 0.3125 0.625 0.25 0.4375 0.6875 0.625 0.4375 0.6875 0.625 0.25 0.75 0.625 0.5625 0 0.6875 0.6875 0.6875 0.4375 0.8125 0.5625 0.625 0.75 0.6875 0.8125 0.875 0.8125 0.125 0.8125 0.5625 0.5625 0.375 0.625 0.625 0.3125 0.75 0.4375 0.25 0.75
0.8125 0 0.6875 0.6875 0 0.5625 0.6875 0.25 0.375 0.75 0.3125 0.6875 0.3125 0 1 0.125 0.0625 0.6875 0.3125 0.5 0.75 0.75 0.5625 0.6875 0.625 0 0.75 0.625 0.4375 0.375 0.4375 0 0 0.6875 0.625 0.9375 0.3125 0.625 0.625 0.25 0.8125 0.5625 0.6875 0.625 0.4375 0.5 0.9375 0.625 0.5625 0.6875 0 0.5 0.625 0.9375 0.75 0.375 1 0.375 0.9375 0.9375 0.4375 0.5 0.9375 0.75 0.875 0.5625 0.625 0.875 0.25 0 0.375 0.4375 0.75 0.5 0.8125 0.5625 0.6875 0.4375 0.625 0.6875
0.5 0.6875 1 0.5625 0.75 0.5625 0.8125 0.5625 0.6875 0.5 0.5 0.125 0.5 0.9375 0.75 0.875 0.625 0.9375 0.5 0.3125 0.6875 0.9375 0.1875 0.25 0.1875 0.6875 0.25 0.5 0.4375 0.3125 1 0.5 0.5 0.5 0.125 0.375 0.1875 0.625 0.5 0.75 0.1875 1 0.5 0.8125 0.5 0.4375 0.3125 0.1875 0.25 0.1875 0.6875 0 0.6875 0.625 0.375 0.6875 0.5625 1 0.5 0.8125 0.375 0.75 0.8125 1 0.75 0.875 0.125 0.5 0.0625 0.5 0.125 0.4375 0.875 0.875 0.25 0.5625 0.875 0.5 0.8125 0.375
