50
8
2
3
5
1 2 3 4 5 6 7 8 9 10 11 12 13 14 15 16 17 18 19 20 21 22 23 24 25 26 27 28 29 30 31 32 33 34 35 36 37 38 39 40 41 42 43 44 45 46 47 48 49 50 
1 2 3 4 5 6 7 8 
4
7 2 8 3 
6
4 2 7 6 3 5 
1 2 
1 2 3 
0 0 0 0 0 0 0 0 0 0 0 0 0 0 0 0 1 0 0 0 0 0 0 0 0 0 0 2 0 1 0 2 0 0 0 1 2 0 1 0 0 1 0 0 2 0 0 0 0 1 0 0 0 2 0 0 0 0 0 0 1 0 0 0 1 0 1 0 0 0 0 0 1 2 0 0 0 0 0 0 0 0 0 0 0 0 0 0 0 0 2 0 0 0 0 1 0 0 0 0 
0 0 0 0 2 1 0 0 0 0 0 0 1 0 1 0 0 0 2 0 0 1 0 0 0 0 0 0 0 0 0 0 0 2 0 0 0 0 0 0 0 0 0 1 0 2 0 1 0 0 2 1 2 0 0 0 0 3 0 0 0 0 0 1 1 0 0 0 1 0 0 0 0 0 0 0 0 0 0 0 0 0 3 0 0 0 0 0 0 0 0 0 0 1 3 0 0 0 0 0 
0 0 0 0 0 0 1 0 0 0 1 0 0 0 1 0 0 0 0 2 0 0 0 2 0 0 0 0 0 0 0 0 0 1 0 1 1 0 0 0 0 0 0 0 3 0 0 1 0 0 1 1 0 0 0 0 0 0 2 0 0 0 1 1 0 0 1 1 0 2 1 0 0 0 0 0 0 0 0 0 1 0 0 0 0 0 1 0 0 0 0 1 0 0 0 0 0 0 0 0 
0 1 0 1 0 1 1 0 1 0 0 0 0 0 1 0 2 0 0 0 0 0 0 0 0 0 1 0 0 0 1 1 0 0 1 1 0 0 0 2 0 0 1 0 0 0 0 0 0 0 0 1 0 0 0 0 0 0 0 0 0 1 0 0 0 0 0 1 0 0 2 0 0 0 0 0 0 2 0 1 0 0 0 0 0 1 0 0 0 0 0 2 0 0 0 0 0 0 0 1 
0 0 0 0 1 0 0 0 1 1 0 0 0 0 0 0 0 0 1 1 0 0 0 0 0 1 0 1 0 0 0 1 1 3 0 0 0 0 0 0 0 0 1 1 0 0 1 0 3 0 0 0 0 0 0 0 0 0 1 0 0 0 0 0 0 1 0 0 1 0 0 0 0 0 1 0 0 0 0 0 1 2 0 0 0 1 0 0 0 0 0 1 0 2 0 0 1 0 0 0 
1000 1000 1000 1000 1000 1000 1000 1000 1000 1000 1000 1000 1000 1000 1000 1000 1000 1000 1000 1000 1000 1000 1000 1000 1000 1000 1000 1000 1000 1000 1000 1000 1000 1000 1000 1000 1000 1000 1000 1000 1000 1000 1000 1000 1000 1000 1000 1000 1000 1000 
33 35 16 40 35 9 22 38 28 36 19 40 31 21 9 33 40 28 17 24 9 32 22 13 29 34 22 43 16 36 18 45 45 23 34 34 23 25 25 38 16 27 17 30 28 40 37 17 16 29 
14 42 20 29 19 24 42 21 19 19 34 37 33 24 16 19 31 43 17 28 25 18 12 22 11 25 31 23 39 21 45 45 23 40 23 43 16 23 24 9 41 15 21 23 39 37 12 17 32 36 
1000 1000 1000 1000 1000 1000 1000 1000 1000 1000 1000 1000 1000 1000 1000 1000 1000 1000 1000 1000 1000 1000 1000 1000 1000 1000 1000 1000 1000 1000 1000 1000 1000 1000 1000 1000 1000 1000 1000 1000 1000 1000 1000 1000 1000 1000 1000 1000 1000 1000 
1000 1000 1000 1000 1000 1000 1000 1000 1000 1000 1000 1000 1000 1000 1000 1000 1000 1000 1000 1000 1000 1000 1000 1000 1000 1000 1000 1000 1000 1000 1000 1000 1000 1000 1000 1000 1000 1000 1000 1000 1000 1000 1000 1000 1000 1000 1000 1000 1000 1000 
1000 1000 1000 1000 1000 1000 1000 1000 1000 1000 1000 1000 1000 1000 1000 1000 1000 1000 1000 1000 1000 1000 1000 1000 1000 1000 1000 1000 1000 1000 1000 1000 1000 1000 1000 1000 1000 1000 1000 1000 1000 1000 1000 1000 1000 1000 1000 1000 1000 1000 
34 44 38 38 19 14 38 35 25 32 42 17 10 19 21 20 33 26 38 14 22 45 39 45 22 9 16 36 20 32 37 10 15 13 34 19 38 14 44 19 34 32 29 23 9 36 34 34 11 19 
33 41 34 37 32 32 20 28 24 15 23 13 43 38 31 34 15 24 27 16 26 19 23 29 32 41 29 21 31 39 45 39 27 45 13 32 41 10 26 17 22 10 42 13 45 33 12 24 45 39 
1000 1000 1000 1000 1000 1000 1000 1000 1000 1000 1000 1000 1000 1000 1000 1000 1000 1000 1000 1000 1000 1000 1000 1000 1000 1000 1000 1000 1000 1000 1000 1000 1000 1000 1000 1000 1000 1000 1000 1000 1000 1000 1000 1000 1000 1000 1000 1000 1000 1000 
33 31 27 29 16 19 31 32 25 35 32 16 29 23 34 24 16 26 33 28 21 30 34 24 30 28 15 16 31 25 33 16 18 31 32 24 18 32 28 32 19 17 34 18 23 31 29 18 22 22 
21 21 28 29 18 18 28 26 29 35 32 22 17 30 19 31 20 21 32 29 16 22 34 31 30 31 31 34 28 31 23 35 28 15 18 27 25 33 32 30 30 24 21 15 22 18 29 30 15 29 
23 19 32 25 28 18 16 17 32 24 26 28 35 15 25 22 35 21 24 28 18 20 25 21 23 19 28 28 20 20 21 28 28 23 26 23 33 34 24 20 23 35 34 18 28 24 24 28 35 22 
28 23 30 26 31 26 27 22 26 30 29 19 32 32 24 24 30 26 27 28 23 20 29 33 30 20 31 31 21 26 17 25 35 35 22 29 17 28 33 16 32 19 16 20 29 27 34 28 26 28 
21 22 20 35 15 31 21 23 30 21 22 16 32 28 26 35 22 28 24 19 22 27 15 15 20 24 25 19 29 22 25 17 25 23 25 21 25 21 26 18 23 23 23 17 23 23 35 27 16 35 
29 28 27 21 33 33 28 26 25 33 30 27 27 23 18 27 17 22 20 22 19 18 28 26 30 33 28 28 31 18 35 35 28 23 15 18 22 19 15 31 32 23 29 31 24 33 30 17 32 22 
1000 1000 1000 1000 1000 1000 1000 1000 1000 1000 1000 1000 1000 1000 1000 1000 1000 1000 1000 1000 1000 1000 1000 1000 1000 1000 1000 1000 1000 1000 1000 1000 1000 1000 1000 1000 1000 1000 1000 1000 1000 1000 1000 1000 1000 1000 1000 1000 1000 1000 
0 0 0 0 0 0 0 0 0 0 0 0 0 0 0 0 0 0 0 0 0 0 0 0 0 0 0 0 0 0 0 0 0 0 0 0 0 0 0 0 0 0 0 0 0 0 0 0 0 0 
0 0 0.6 0 0 1 0.19999999999999996 0 0 0 0.4 0 0 0.2666666666666667 1 0 0 0 0.5333333333333333 0.06666666666666665 1 0 0.19999999999999996 0.8 0 0 0.19999999999999996 0 0.6 0 0.4666666666666667 0 0 0.1333333333333333 0 0 0.1333333333333333 0.0 0.0 0 0.6 0 0.5333333333333333 0 0 0 0 0.5333333333333333 0.6 0 
0.7333333333333334 0 0.33333333333333337 0 0.4 0.06666666666666665 0 0.2666666666666667 0.4 0.4 0 0 0 0.06666666666666665 0.6 0.4 0 0 0.5333333333333333 0 0.0 0.4666666666666667 0.8666666666666667 0.19999999999999996 0.9333333333333333 0.0 0 0.1333333333333333 0 0.2666666666666667 0 0 0.1333333333333333 0 0.1333333333333333 0 0.6 0.1333333333333333 0.06666666666666665 1 0 0.6666666666666667 0.2666666666666667 0.1333333333333333 0 0 0.8666666666666667 0.5333333333333333 0 0 
0 0 0 0 0 0 0 0 0 0 0 0 0 0 0 0 0 0 0 0 0 0 0 0 0 0 0 0 0 0 0 0 0 0 0 0 0 0 0 0 0 0 0 0 0 0 0 0 0 0 
0 0 0 0 0 0 0 0 0 0 0 0 0 0 0 0 0 0 0 0 0 0 0 0 0 0 0 0 0 0 0 0 0 0 0 0 0 0 0 0 0 0 0 0 0 0 0 0 0 0 
0 0 0 0 0 0 0 0 0 0 0 0 0 0 0 0 0 0 0 0 0 0 0 0 0 0 0 0 0 0 0 0 0 0 0 0 0 0 0 0 0 0 0 0 0 0 0 0 0 0 
0 0 0 0 0.4 0.7333333333333334 0 0 0.0 0 0 0.5333333333333333 1.0 0.4 0.2666666666666667 0.33333333333333337 0 0 0 0.7333333333333334 0.19999999999999996 0 0 0 0.19999999999999996 1 0.6 0 0.33333333333333337 0 0 1.0 0.6666666666666667 0.8 0 0.4 0 0.7333333333333334 0 0.4 0 0 0 0.1333333333333333 1 0 0 0 0.9333333333333333 0.4 
0 0 0 0 0 0 0.33333333333333337 0 0.06666666666666665 0.6666666666666667 0.1333333333333333 0.8 0 0 0 0 0.6666666666666667 0.06666666666666665 0 0.6 0 0.4 0.1333333333333333 0 0 0 0 0.2666666666666667 0 0 0 0 0 0 0.8 0 0 1.0 0 0.5333333333333333 0.19999999999999996 1.0 0 0.8 0 0 0.8666666666666667 0.06666666666666665 0 0 
