20
40
2
3
7
1 2 3 4 5 6 7 8 9 10 11 12 13 14 15 16 17 18 19 20 
1 2 3 4 5 6 7 8 9 10 11 12 13 14 15 16 17 18 19 20 21 22 23 24 25 26 27 28 29 30 31 32 33 34 35 36 37 38 39 40 
22
32 24 37 23 33 13 15 6 20 7 14 29 38 18 28 4 39 34 21 19 26 35 
34
39 40 10 33 35 1 19 21 29 24 11 5 32 30 25 28 8 20 23 4 9 13 31 38 15 22 18 27 14 17 12 36 6 16 
1 2 
1 2 3 
0 0 0 1 0 0 2 0 1 0 0 0 0 1 0 0 0 0 0 0 0 0 0 1 0 0 0 0 0 0 0 1 0 1 1 1 0 0 0 0 
0 1 0 1 0 0 0 0 1 0 0 0 0 0 2 0 0 1 0 0 0 0 0 0 0 0 0 0 0 0 0 0 0 0 0 1 2 0 0 0 
1 0 0 0 1 0 0 0 0 0 0 0 0 0 1 0 0 0 0 0 0 0 0 0 0 1 0 2 0 1 1 0 1 2 0 0 0 0 0 2 
0 2 0 0 0 0 0 0 0 0 0 0 2 0 0 0 0 1 0 0 0 1 1 1 1 0 0 0 0 0 0 0 1 1 0 0 0 2 0 0 
1 0 0 0 0 0 0 1 0 2 1 0 0 2 0 0 0 0 0 0 0 0 0 1 0 1 1 1 0 0 0 2 0 0 0 0 0 0 2 0 
0 0 0 0 0 0 0 0 0 0 0 0 0 0 1 0 0 0 1 0 0 0 0 0 0 0 0 2 0 0 0 0 0 0 0 0 0 1 0 0 
1 0 0 0 0 0 0 0 0 0 0 0 0 0 0 0 0 2 0 1 0 0 0 0 0 0 0 0 0 1 1 1 0 0 1 2 1 0 2 1 
1000 1000 1000 1000 1000 1000 1000 1000 1000 1000 1000 1000 1000 1000 1000 1000 1000 1000 1000 1000 
1000 1000 1000 1000 1000 1000 1000 1000 1000 1000 1000 1000 1000 1000 1000 1000 1000 1000 1000 1000 
1000 1000 1000 1000 1000 1000 1000 1000 1000 1000 1000 1000 1000 1000 1000 1000 1000 1000 1000 1000 
36 44 37 20 29 15 27 16 35 14 10 28 44 35 41 19 9 9 34 15 
1000 1000 1000 1000 1000 1000 1000 1000 1000 1000 1000 1000 1000 1000 1000 1000 1000 1000 1000 1000 
22 39 45 16 20 12 24 18 26 15 39 22 42 23 34 12 13 39 37 28 
36 32 20 20 9 14 25 17 37 45 26 19 14 13 21 11 21 18 31 40 
1000 1000 1000 1000 1000 1000 1000 1000 1000 1000 1000 1000 1000 1000 1000 1000 1000 1000 1000 1000 
1000 1000 1000 1000 1000 1000 1000 1000 1000 1000 1000 1000 1000 1000 1000 1000 1000 1000 1000 1000 
1000 1000 1000 1000 1000 1000 1000 1000 1000 1000 1000 1000 1000 1000 1000 1000 1000 1000 1000 1000 
1000 1000 1000 1000 1000 1000 1000 1000 1000 1000 1000 1000 1000 1000 1000 1000 1000 1000 1000 1000 
1000 1000 1000 1000 1000 1000 1000 1000 1000 1000 1000 1000 1000 1000 1000 1000 1000 1000 1000 1000 
21 13 32 38 23 25 44 11 30 38 28 22 25 16 23 40 14 23 40 43 
34 39 15 24 40 26 31 20 10 23 28 15 10 27 16 31 21 34 26 15 
30 20 35 17 30 29 33 27 16 35 32 15 21 30 13 27 23 21 19 13 
1000 1000 1000 1000 1000 1000 1000 1000 1000 1000 1000 1000 1000 1000 1000 1000 1000 1000 1000 1000 
1000 1000 1000 1000 1000 1000 1000 1000 1000 1000 1000 1000 1000 1000 1000 1000 1000 1000 1000 1000 
25 13 38 15 19 34 19 43 43 44 38 37 44 12 20 14 25 23 15 10 
29 29 28 38 35 9 15 31 20 44 42 23 20 25 36 45 13 10 15 30 
25 41 12 42 22 30 9 31 29 15 21 39 10 29 40 41 40 35 12 24 
29 33 27 41 14 43 19 33 10 40 27 30 13 42 34 9 18 45 19 21 
1000 1000 1000 1000 1000 1000 1000 1000 1000 1000 1000 1000 1000 1000 1000 1000 1000 1000 1000 1000 
12 45 23 17 37 14 31 44 45 36 30 23 40 33 41 17 13 35 22 30 
9 23 17 25 26 40 41 23 15 20 42 43 11 41 34 29 15 45 35 39 
1000 1000 1000 1000 1000 1000 1000 1000 1000 1000 1000 1000 1000 1000 1000 1000 1000 1000 1000 1000 
39 31 16 17 30 30 33 34 34 36 26 23 41 20 15 29 12 39 28 23 
1000 1000 1000 1000 1000 1000 1000 1000 1000 1000 1000 1000 1000 1000 1000 1000 1000 1000 1000 1000 
36 18 24 42 14 13 19 28 20 20 45 45 11 34 28 15 43 33 31 36 
43 15 31 42 41 30 28 29 21 37 27 36 9 26 17 11 23 35 16 26 
1000 1000 1000 1000 1000 1000 1000 1000 1000 1000 1000 1000 1000 1000 1000 1000 1000 1000 1000 1000 
1000 1000 1000 1000 1000 1000 1000 1000 1000 1000 1000 1000 1000 1000 1000 1000 1000 1000 1000 1000 
26 10 32 18 31 38 11 23 43 10 10 26 27 15 35 43 29 9 25 42 
23 35 16 39 20 39 33 13 45 18 16 22 21 17 44 22 45 9 37 27 
34 19 33 15 38 42 43 36 26 13 39 38 24 22 20 34 31 9 33 18 
39 35 33 32 22 32 39 11 11 45 13 16 22 37 33 34 21 30 17 12 
1000 1000 1000 1000 1000 1000 1000 1000 1000 1000 1000 1000 1000 1000 1000 1000 1000 1000 1000 1000 
44 25 20 36 22 9 29 35 10 21 15 27 26 11 28 16 16 9 45 10 
24 22 9 30 34 27 9 10 10 26 11 41 31 18 45 23 28 35 25 37 
11 37 14 16 12 12 27 21 41 31 23 22 14 33 40 36 44 19 10 13 
1000 1000 1000 1000 1000 1000 1000 1000 1000 1000 1000 1000 1000 1000 1000 1000 1000 1000 1000 1000 
26 19 15 30 17 34 17 23 20 26 32 35 23 27 30 35 26 23 29 29 
1000 1000 1000 1000 1000 1000 1000 1000 1000 1000 1000 1000 1000 1000 1000 1000 1000 1000 1000 1000 
1000 1000 1000 1000 1000 1000 1000 1000 1000 1000 1000 1000 1000 1000 1000 1000 1000 1000 1000 1000 
18 28 25 35 30 31 29 26 17 31 28 34 24 24 23 16 24 22 34 15 
32 33 29 31 16 28 20 35 19 33 24 19 28 33 35 31 34 19 30 19 
32 21 31 18 22 30 20 27 25 28 17 21 15 35 35 21 29 35 21 25 
1000 1000 1000 1000 1000 1000 1000 1000 1000 1000 1000 1000 1000 1000 1000 1000 1000 1000 1000 1000 
24 31 26 15 27 27 32 34 24 22 23 29 34 21 20 22 24 18 19 31 
17 31 24 22 28 16 26 34 17 25 17 17 22 33 16 27 20 27 27 28 
35 16 30 21 15 34 27 17 16 22 27 19 27 22 22 21 29 31 30 32 
31 23 27 28 15 19 22 23 34 19 23 30 26 20 33 33 32 16 29 20 
22 20 23 32 30 16 24 34 23 22 15 23 15 30 17 23 18 25 35 21 
18 31 24 35 15 18 24 21 21 25 21 21 23 26 35 31 20 25 28 17 
28 33 31 31 33 17 24 33 25 22 28 27 21 24 22 21 21 24 21 18 
27 33 17 35 15 29 29 17 15 27 35 19 20 19 35 35 29 27 24 24 
15 31 22 27 24 19 28 31 24 31 28 33 25 33 17 33 29 16 34 15 
33 29 18 26 24 27 17 21 20 19 21 17 31 19 26 28 18 21 21 35 
24 33 26 18 35 24 23 32 23 24 20 21 31 35 16 15 29 27 27 31 
26 15 26 23 24 19 24 19 17 29 21 22 22 35 17 16 24 22 34 35 
25 23 25 28 35 32 20 25 25 21 20 19 23 17 16 18 15 21 29 33 
35 23 20 17 31 33 20 28 27 29 35 24 23 32 33 25 29 16 32 32 
28 28 23 34 23 20 23 16 28 17 18 21 15 25 20 30 31 27 29 18 
16 26 31 23 20 34 33 35 31 30 21 29 33 24 30 30 35 25 27 26 
30 25 34 28 23 20 16 20 33 32 21 35 19 16 23 25 24 19 27 15 
20 22 26 22 31 22 24 35 24 18 23 17 32 32 23 18 17 19 24 28 
1000 1000 1000 1000 1000 1000 1000 1000 1000 1000 1000 1000 1000 1000 1000 1000 1000 1000 1000 1000 
28 25 24 29 28 15 24 21 18 29 30 29 18 16 24 34 16 32 34 32 
31 34 16 20 16 22 17 16 34 17 24 24 21 21 35 33 19 20 25 22 
17 25 20 18 25 30 26 31 27 19 15 23 22 25 21 35 26 15 31 31 
32 29 28 17 31 29 23 16 20 27 21 20 35 17 34 24 21 26 31 20 
33 28 25 15 26 22 26 18 27 20 28 21 25 23 35 22 34 25 35 23 
32 29 20 33 20 29 23 16 34 30 24 25 15 17 18 33 27 28 15 20 
15 34 30 32 24 20 32 20 24 32 31 27 23 26 17 32 23 26 17 27 
1000 1000 1000 1000 1000 1000 1000 1000 1000 1000 1000 1000 1000 1000 1000 1000 1000 1000 1000 1000 
26 25 35 31 15 32 27 15 23 28 28 20 18 25 24 30 19 34 32 30 
19 21 30 24 29 15 21 33 18 16 27 31 25 32 17 27 32 27 27 24 
1000 1000 1000 1000 1000 1000 1000 1000 1000 1000 1000 1000 1000 1000 1000 1000 1000 1000 1000 1000 
20 33 31 16 25 33 15 15 23 29 19 35 21 16 32 29 20 35 35 19 
28 35 22 33 15 35 19 32 24 21 30 20 16 24 22 21 23 15 22 32 
18 22 18 33 30 34 35 29 21 18 26 34 28 28 22 31 25 33 29 25 
0 0 0 0 0 0 0 0 0 0 0 0 0 0 0 0 0 0 0 0 
0 0 0 0 0 0 0 0 0 0 0 0 0 0 0 0 0 0 0 0 
0 0 0 0 0 0 0 0 0 0 0 0 0 0 0 0 0 0 0 0 
0 0 0 0.33333333333333337 0 0.6666666666666667 0 0.6 0 0.7333333333333334 1 0 0 0 0 0.4 1 1 0 0.6666666666666667 
0 0 0 0 0 0 0 0 0 0 0 0 0 0 0 0 0 0 0 0 
0.19999999999999996 0 0 0.6 0.33333333333333337 0.8666666666666667 0.06666666666666665 0.4666666666666667 0 0.6666666666666667 0 0.19999999999999996 0 0.1333333333333333 0 0.8666666666666667 0.8 0 0 0 
0 0 0.33333333333333337 0.33333333333333337 1 0.7333333333333334 0 0.5333333333333333 0 0 0 0.4 0.7333333333333334 0.8 0.2666666666666667 0.9333333333333333 0.2666666666666667 0.4666666666666667 0 0 
0 0 0 0 0 0 0 0 0 0 0 0 0 0 0 0 0 0 0 0 
0 0 0 0 0 0 0 0 0 0 0 0 0 0 0 0 0 0 0 0 
0 0 0 0 0 0 0 0 0 0 0 0 0 0 0 0 0 0 0 0 
0 0 0 0 0 0 0 0 0 0 0 0 0 0 0 0 0 0 0 0 
0 0 0 0 0 0 0 0 0 0 0 0 0 0 0 0 0 0 0 0 
0.2666666666666667 0.8 0 0 0.1333333333333333 0 0 0.9333333333333333 0 0 0 0.19999999999999996 0 0.6 0.1333333333333333 0 0.7333333333333334 0.1333333333333333 0 0 
0 0 0.6666666666666667 0.06666666666666665 0 0 0 0.33333333333333337 1 0.1333333333333333 0 0.6666666666666667 1 0 0.6 0 0.2666666666666667 0 0 0.6666666666666667 
0 0.33333333333333337 0 0.5333333333333333 0 0 0 0 0.6 0 0 0.6666666666666667 0.2666666666666667 0 0.8 0 0.1333333333333333 0.2666666666666667 0.4 0.8 
0 0 0 0 0 0 0 0 0 0 0 0 0 0 0 0 0 0 0 0 
0 0 0 0 0 0 0 0 0 0 0 0 0 0 0 0 0 0 0 0 
0 0.8 0 0.6666666666666667 0.4 0 0.4 0 0 0 0 0 0 0.8666666666666667 0.33333333333333337 0.7333333333333334 0 0.1333333333333333 0.6666666666666667 1 
0 0 0 0 0 1 0.6666666666666667 0 0.33333333333333337 0 0 0.1333333333333333 0.33333333333333337 0 0 0 0.8 1 0.6666666666666667 0 
0 0 0.8666666666666667 0 0.19999999999999996 0 1 0 0 0.6666666666666667 0.2666666666666667 0 1 0 0 0 0 0 0.8666666666666667 0.06666666666666665 
0 0 0 0 0.7333333333333334 0 0.4 0 1 0 0 0 0.8 0 0 1 0.4666666666666667 0 0.4 0.2666666666666667 
0 0 0 0 0 0 0 0 0 0 0 0 0 0 0 0 0 0 0 0 
0.8666666666666667 0 0.1333333333333333 0.5333333333333333 0 0.7333333333333334 0 0 0 0 0 0.1333333333333333 0 0 0 0.5333333333333333 0.8 0 0.19999999999999996 0 
1 0.1333333333333333 0.5333333333333333 0 0 0 0 0.1333333333333333 0.6666666666666667 0.33333333333333337 0 0 0.9333333333333333 0 0 0 0.6666666666666667 0 0 0 
0 0 0 0 0 0 0 0 0 0 0 0 0 0 0 0 0 0 0 0 
0 0 0.6 0.5333333333333333 0 0 0 0 0 0 0 0.1333333333333333 0 0.33333333333333337 0.6666666666666667 0 0.8666666666666667 0 0 0.1333333333333333 
0 0 0 0 0 0 0 0 0 0 0 0 0 0 0 0 0 0 0 0 
0 0.4666666666666667 0.06666666666666665 0 0.7333333333333334 0.8 0.4 0 0.33333333333333337 0.33333333333333337 0 0 0.9333333333333333 0 0 0.6666666666666667 0 0 0 0 
0 0.6666666666666667 0 0 0 0 0 0 0.2666666666666667 0 0 0 1 0 0.5333333333333333 0.9333333333333333 0.1333333333333333 0 0.6 0 
0 0 0 0 0 0 0 0 0 0 0 0 0 0 0 0 0 0 0 0 
0 0 0 0 0 0 0 0 0 0 0 0 0 0 0 0 0 0 0 0 
0 1 0 0.4666666666666667 0 0 0.9333333333333333 0.1333333333333333 0 1 1 0 0 0.6666666666666667 0 0 0 1 0 0 
0.1333333333333333 0 0.6 0 0.33333333333333337 0 0 0.8 0 0.4666666666666667 0.6 0.19999999999999996 0.2666666666666667 0.5333333333333333 0 0.19999999999999996 0 1 0 0 
0 0.4 0 0.6666666666666667 0 0 0 0 0 0.8 0 0 0.06666666666666665 0.19999999999999996 0.33333333333333337 0 0 1 0 0.4666666666666667 
0 0 0 0 0.19999999999999996 0 0 0.9333333333333333 0.9333333333333333 0 0.8 0.6 0.19999999999999996 0 0 0 0.2666666666666667 0 0.5333333333333333 0.8666666666666667 
0 0 0 0 0 0 0 0 0 0 0 0 0 0 0 0 0 0 0 0 
0 0 0.33333333333333337 0 0.19999999999999996 1 0 0 1 0.2666666666666667 0.6666666666666667 0 0 0.9333333333333333 0 0.6 0.6 1 0 1 
0.06666666666666665 0.19999999999999996 1 0 0 0 1 1 1 0 0.9333333333333333 0 0 0.4666666666666667 0 0.1333333333333333 0 0 0 0 
0.9333333333333333 0 0.7333333333333334 0.6 0.8666666666666667 0.8666666666666667 0 0.2666666666666667 0 0 0.1333333333333333 0.19999999999999996 0.7333333333333334 0 0 0 0 0.4 1 0.8 
0 0 0 0 0 0 0 0 0 0 0 0 0 0 0 0 0 0 0 0 
