100
20
2
3
5
1 2 3 4 5 6 7 8 9 10 11 12 13 14 15 16 17 18 19 20 21 22 23 24 25 26 27 28 29 30 31 32 33 34 35 36 37 38 39 40 41 42 43 44 45 46 47 48 49 50 51 52 53 54 55 56 57 58 59 60 61 62 63 64 65 66 67 68 69 70 71 72 73 74 75 76 77 78 79 80 81 82 83 84 85 86 87 88 89 90 91 92 93 94 95 96 97 98 99 100 
1 2 3 4 5 6 7 8 9 10 11 12 13 14 15 16 17 18 19 20 
11
14 16 6 5 4 13 9 2 7 19 10 
17
18 16 1 15 20 11 2 4 17 6 5 3 7 13 19 14 12 
1 2 
1 2 3 
0 0 0 0 1 0 1 0 1 0 0 0 0 0 1 0 1 0 0 0 0 0 0 0 1 1 1 0 1 0 1 0 0 1 1 0 0 1 0 0 0 0 1 0 0 0 0 0 2 0 0 0 0 0 0 0 0 0 0 1 0 0 0 3 0 1 0 0 1 0 1 0 2 0 1 0 0 0 0 0 0 0 0 2 1 0 2 2 0 1 0 2 0 0 0 0 0 0 0 0 0 0 0 0 0 1 0 0 0 0 0 0 2 0 1 1 0 1 0 0 0 0 0 1 1 0 0 0 0 0 0 0 0 1 1 2 0 0 0 0 1 1 1 3 0 0 0 0 0 0 0 0 0 0 0 0 0 1 0 0 0 0 1 0 2 0 0 0 1 0 0 0 0 0 0 0 0 0 0 0 0 0 0 0 0 0 0 0 0 0 0 0 0 0 1 0 1 0 0 0 
0 0 1 0 0 1 0 0 0 0 0 1 0 0 0 0 0 0 2 0 0 1 0 0 0 0 0 0 0 0 0 1 0 0 2 2 0 2 0 1 0 0 1 1 0 0 0 0 1 0 0 1 0 0 0 0 0 2 0 1 0 1 0 1 0 0 2 0 1 0 0 0 1 0 3 0 3 1 0 0 0 3 0 0 0 0 0 0 0 0 1 0 0 0 2 0 0 0 0 1 0 0 0 0 0 0 0 0 0 0 1 0 2 0 0 0 2 0 0 0 0 0 0 0 0 0 1 1 1 0 1 0 0 1 0 0 0 0 0 0 0 2 0 0 2 0 0 0 0 3 0 0 0 1 0 0 1 0 0 0 0 1 0 0 0 0 2 0 0 0 1 1 0 0 0 0 1 0 0 0 0 0 0 0 0 0 1 0 0 1 1 0 1 1 1 0 0 0 0 0 
0 1 0 0 1 0 0 0 0 0 0 1 1 0 0 0 0 0 0 0 0 0 0 0 0 1 1 0 0 0 0 1 0 0 0 1 0 1 2 0 0 0 0 0 0 0 0 1 1 0 0 0 0 0 0 0 0 1 0 0 1 0 0 0 1 1 1 0 0 0 0 0 0 0 0 0 0 0 0 0 0 0 0 0 0 0 0 0 0 2 0 0 0 0 0 0 1 0 0 0 0 1 0 0 0 1 0 1 0 0 0 0 1 0 0 1 0 0 2 2 0 1 0 1 0 0 0 0 0 0 0 0 0 1 0 0 0 0 0 1 0 0 0 0 0 0 1 0 0 0 0 0 0 1 0 0 0 0 0 2 1 0 0 1 0 0 0 0 0 0 1 0 0 0 1 0 0 0 0 0 0 3 0 1 2 0 0 0 0 0 0 0 0 1 0 0 0 0 0 0 
2 1 1 0 0 0 0 0 0 0 0 0 0 0 3 2 1 1 0 0 0 1 0 0 0 0 2 0 1 0 0 0 0 0 1 0 2 0 0 2 0 0 0 0 0 0 0 0 0 1 0 0 1 0 0 0 2 0 0 0 0 0 0 0 0 0 0 0 0 0 2 0 2 0 2 0 2 2 0 0 0 0 0 0 0 0 0 3 1 0 0 0 0 2 0 0 2 0 0 0 1 0 1 0 0 2 0 3 1 1 2 0 1 0 0 0 0 0 0 2 1 1 2 0 2 0 1 0 2 0 0 0 0 0 0 0 1 0 0 0 0 0 0 0 0 0 0 2 0 0 0 0 0 0 0 0 0 0 0 0 0 0 0 1 0 2 0 1 1 0 0 0 0 0 0 0 0 0 0 0 0 0 0 0 0 1 1 0 0 0 0 0 1 0 0 2 2 0 1 2 
0 0 0 0 0 0 1 0 0 0 0 0 0 0 0 0 0 2 0 0 0 2 0 0 1 0 0 0 1 0 0 1 0 0 0 0 0 0 0 0 0 0 0 0 0 0 1 0 1 0 0 0 1 0 0 0 0 0 1 0 0 0 0 0 0 0 0 0 0 0 0 0 1 0 0 1 0 3 0 0 0 0 0 0 0 0 0 2 0 0 1 0 1 2 0 0 0 1 0 0 0 0 0 0 2 0 0 0 0 2 0 1 0 0 0 0 0 0 2 0 0 0 1 0 0 1 1 1 0 0 1 1 0 0 0 0 0 0 0 0 0 0 0 3 0 2 0 0 2 0 3 1 0 0 0 0 0 0 0 0 0 0 0 0 0 1 0 0 0 1 0 0 0 0 0 0 0 1 0 0 0 0 2 0 1 2 0 0 0 0 2 0 0 0 0 0 0 1 0 0 
1000 1000 1000 1000 1000 1000 1000 1000 1000 1000 1000 1000 1000 1000 1000 1000 1000 1000 1000 1000 1000 1000 1000 1000 1000 1000 1000 1000 1000 1000 1000 1000 1000 1000 1000 1000 1000 1000 1000 1000 1000 1000 1000 1000 1000 1000 1000 1000 1000 1000 1000 1000 1000 1000 1000 1000 1000 1000 1000 1000 1000 1000 1000 1000 1000 1000 1000 1000 1000 1000 1000 1000 1000 1000 1000 1000 1000 1000 1000 1000 1000 1000 1000 1000 1000 1000 1000 1000 1000 1000 1000 1000 1000 1000 1000 1000 1000 1000 1000 1000 
32 17 22 43 26 14 23 20 20 34 23 16 30 31 44 10 36 31 27 22 42 29 35 23 31 39 20 28 44 38 17 17 13 33 13 40 25 15 35 19 30 42 26 38 25 23 19 44 14 30 38 33 39 41 16 43 25 27 35 38 30 11 38 38 43 42 43 11 42 12 34 30 44 17 23 22 24 42 36 12 44 32 38 36 29 17 15 19 12 41 28 40 35 19 45 21 44 23 33 26 
1000 1000 1000 1000 1000 1000 1000 1000 1000 1000 1000 1000 1000 1000 1000 1000 1000 1000 1000 1000 1000 1000 1000 1000 1000 1000 1000 1000 1000 1000 1000 1000 1000 1000 1000 1000 1000 1000 1000 1000 1000 1000 1000 1000 1000 1000 1000 1000 1000 1000 1000 1000 1000 1000 1000 1000 1000 1000 1000 1000 1000 1000 1000 1000 1000 1000 1000 1000 1000 1000 1000 1000 1000 1000 1000 1000 1000 1000 1000 1000 1000 1000 1000 1000 1000 1000 1000 1000 1000 1000 1000 1000 1000 1000 1000 1000 1000 1000 1000 1000 
16 29 13 28 14 38 9 39 13 11 45 24 42 45 32 24 38 26 11 36 26 15 12 21 17 34 24 14 30 32 36 12 26 21 12 17 33 12 27 35 31 13 22 27 11 9 21 16 43 21 37 21 10 36 41 21 39 33 24 25 41 32 33 40 18 15 23 10 27 39 45 39 22 9 23 28 13 24 35 38 32 38 33 30 35 33 17 38 31 45 32 22 27 11 41 39 40 42 43 26 
36 37 35 26 42 45 39 40 17 10 28 27 29 35 34 33 36 31 42 41 17 43 9 9 31 12 23 36 23 34 21 17 29 35 12 35 38 30 42 37 24 32 10 9 32 15 28 19 37 31 44 34 26 36 14 19 35 37 32 43 26 36 27 38 42 36 14 37 15 43 27 10 12 36 28 33 41 9 23 35 31 26 19 29 18 18 28 36 43 25 42 44 44 38 14 36 33 23 30 13 
28 20 33 23 38 22 34 36 11 40 40 39 37 9 42 31 23 38 12 12 24 43 11 27 15 28 45 27 19 22 16 35 14 25 21 29 33 22 40 37 11 14 16 23 27 36 11 13 35 23 29 43 19 28 45 28 34 21 43 35 9 27 27 20 10 29 23 17 34 26 38 18 24 45 20 28 33 10 26 10 11 16 26 25 36 30 19 35 27 45 21 40 19 26 14 23 39 28 38 19 
37 31 22 40 21 9 20 34 15 38 19 45 21 9 18 33 39 13 36 33 20 38 24 41 44 30 11 12 36 14 41 28 39 44 25 23 38 29 45 34 20 34 42 31 45 28 39 22 40 12 42 15 33 11 28 27 11 42 35 25 11 11 41 13 9 25 37 28 29 41 37 30 30 22 29 27 23 42 27 25 24 33 45 38 29 24 11 45 19 16 17 44 24 41 37 35 31 41 12 40 
1000 1000 1000 1000 1000 1000 1000 1000 1000 1000 1000 1000 1000 1000 1000 1000 1000 1000 1000 1000 1000 1000 1000 1000 1000 1000 1000 1000 1000 1000 1000 1000 1000 1000 1000 1000 1000 1000 1000 1000 1000 1000 1000 1000 1000 1000 1000 1000 1000 1000 1000 1000 1000 1000 1000 1000 1000 1000 1000 1000 1000 1000 1000 1000 1000 1000 1000 1000 1000 1000 1000 1000 1000 1000 1000 1000 1000 1000 1000 1000 1000 1000 1000 1000 1000 1000 1000 1000 1000 1000 1000 1000 1000 1000 1000 1000 1000 1000 1000 1000 
17 42 33 40 12 21 35 32 19 28 29 45 40 31 39 33 28 43 22 44 39 20 34 43 36 29 31 22 34 36 29 25 13 31 31 45 43 30 41 37 22 26 33 13 26 28 25 36 22 28 19 26 41 40 13 39 11 34 39 26 27 35 21 24 18 14 42 32 40 10 45 15 28 27 17 18 11 12 23 33 39 16 45 10 24 16 35 31 19 37 30 29 24 15 41 10 16 27 12 16 
27 22 39 22 34 25 26 17 20 45 38 15 41 31 30 11 9 19 10 35 32 20 41 34 12 34 13 33 16 41 25 33 29 9 21 10 33 20 9 32 44 42 19 25 17 26 9 13 30 19 15 24 13 34 12 23 17 20 36 32 30 20 16 20 37 30 14 34 30 13 39 38 28 19 30 26 39 28 19 17 29 26 41 44 40 44 20 20 32 35 10 39 22 38 32 27 34 39 12 19 
1000 1000 1000 1000 1000 1000 1000 1000 1000 1000 1000 1000 1000 1000 1000 1000 1000 1000 1000 1000 1000 1000 1000 1000 1000 1000 1000 1000 1000 1000 1000 1000 1000 1000 1000 1000 1000 1000 1000 1000 1000 1000 1000 1000 1000 1000 1000 1000 1000 1000 1000 1000 1000 1000 1000 1000 1000 1000 1000 1000 1000 1000 1000 1000 1000 1000 1000 1000 1000 1000 1000 1000 1000 1000 1000 1000 1000 1000 1000 1000 1000 1000 1000 1000 1000 1000 1000 1000 1000 1000 1000 1000 1000 1000 1000 1000 1000 1000 1000 1000 
1000 1000 1000 1000 1000 1000 1000 1000 1000 1000 1000 1000 1000 1000 1000 1000 1000 1000 1000 1000 1000 1000 1000 1000 1000 1000 1000 1000 1000 1000 1000 1000 1000 1000 1000 1000 1000 1000 1000 1000 1000 1000 1000 1000 1000 1000 1000 1000 1000 1000 1000 1000 1000 1000 1000 1000 1000 1000 1000 1000 1000 1000 1000 1000 1000 1000 1000 1000 1000 1000 1000 1000 1000 1000 1000 1000 1000 1000 1000 1000 1000 1000 1000 1000 1000 1000 1000 1000 1000 1000 1000 1000 1000 1000 1000 1000 1000 1000 1000 1000 
28 26 27 27 18 37 32 33 18 34 31 32 38 35 27 25 12 22 17 14 35 38 12 16 15 22 11 14 13 36 42 26 19 14 23 10 43 33 38 9 43 10 31 44 30 36 11 28 33 34 45 41 17 39 37 20 32 32 10 44 30 31 30 10 38 44 11 37 24 43 22 16 27 16 28 31 40 17 27 9 43 35 33 20 33 20 21 11 19 12 30 24 17 34 27 27 20 28 22 21 
41 12 11 23 42 18 32 45 44 20 25 23 24 9 9 29 41 40 44 20 43 27 30 25 40 10 30 15 17 15 45 41 9 45 29 13 39 14 13 12 25 44 37 18 14 41 27 14 23 15 24 16 12 14 11 40 44 33 28 19 18 36 31 23 33 44 43 15 33 41 36 16 17 45 15 45 21 12 40 38 36 20 20 39 40 37 41 45 19 41 30 37 16 37 12 34 14 26 27 30 
1000 1000 1000 1000 1000 1000 1000 1000 1000 1000 1000 1000 1000 1000 1000 1000 1000 1000 1000 1000 1000 1000 1000 1000 1000 1000 1000 1000 1000 1000 1000 1000 1000 1000 1000 1000 1000 1000 1000 1000 1000 1000 1000 1000 1000 1000 1000 1000 1000 1000 1000 1000 1000 1000 1000 1000 1000 1000 1000 1000 1000 1000 1000 1000 1000 1000 1000 1000 1000 1000 1000 1000 1000 1000 1000 1000 1000 1000 1000 1000 1000 1000 1000 1000 1000 1000 1000 1000 1000 1000 1000 1000 1000 1000 1000 1000 1000 1000 1000 1000 
25 15 33 45 16 23 17 31 25 29 10 32 18 42 34 10 30 30 21 44 35 26 34 17 27 30 10 33 11 9 29 16 33 35 17 33 27 40 42 29 14 11 27 9 33 18 24 14 41 33 32 14 29 13 10 15 42 32 30 40 12 26 18 36 18 29 10 37 19 10 40 15 27 27 25 22 26 41 32 44 9 10 34 13 24 38 37 28 33 41 29 36 12 42 35 16 15 33 13 18 
1000 1000 1000 1000 1000 1000 1000 1000 1000 1000 1000 1000 1000 1000 1000 1000 1000 1000 1000 1000 1000 1000 1000 1000 1000 1000 1000 1000 1000 1000 1000 1000 1000 1000 1000 1000 1000 1000 1000 1000 1000 1000 1000 1000 1000 1000 1000 1000 1000 1000 1000 1000 1000 1000 1000 1000 1000 1000 1000 1000 1000 1000 1000 1000 1000 1000 1000 1000 1000 1000 1000 1000 1000 1000 1000 1000 1000 1000 1000 1000 1000 1000 1000 1000 1000 1000 1000 1000 1000 1000 1000 1000 1000 1000 1000 1000 1000 1000 1000 1000 
1000 1000 1000 1000 1000 1000 1000 1000 1000 1000 1000 1000 1000 1000 1000 1000 1000 1000 1000 1000 1000 1000 1000 1000 1000 1000 1000 1000 1000 1000 1000 1000 1000 1000 1000 1000 1000 1000 1000 1000 1000 1000 1000 1000 1000 1000 1000 1000 1000 1000 1000 1000 1000 1000 1000 1000 1000 1000 1000 1000 1000 1000 1000 1000 1000 1000 1000 1000 1000 1000 1000 1000 1000 1000 1000 1000 1000 1000 1000 1000 1000 1000 1000 1000 1000 1000 1000 1000 1000 1000 1000 1000 1000 1000 1000 1000 1000 1000 1000 1000 
29 31 15 17 9 44 20 13 9 42 27 17 45 40 19 31 29 32 9 37 18 14 44 16 34 40 17 21 40 22 19 39 27 24 26 19 44 45 29 26 24 31 41 32 29 19 33 44 13 15 44 40 28 23 27 14 44 33 25 15 16 28 35 36 45 16 30 22 31 20 42 13 13 20 45 41 34 44 44 30 9 15 12 44 25 16 14 43 24 44 31 9 18 29 32 25 30 29 39 21 
1000 1000 1000 1000 1000 1000 1000 1000 1000 1000 1000 1000 1000 1000 1000 1000 1000 1000 1000 1000 1000 1000 1000 1000 1000 1000 1000 1000 1000 1000 1000 1000 1000 1000 1000 1000 1000 1000 1000 1000 1000 1000 1000 1000 1000 1000 1000 1000 1000 1000 1000 1000 1000 1000 1000 1000 1000 1000 1000 1000 1000 1000 1000 1000 1000 1000 1000 1000 1000 1000 1000 1000 1000 1000 1000 1000 1000 1000 1000 1000 1000 1000 1000 1000 1000 1000 1000 1000 1000 1000 1000 1000 1000 1000 1000 1000 1000 1000 1000 1000 
35 17 26 31 26 34 21 30 30 35 24 35 22 34 30 20 26 35 26 21 32 27 21 20 33 21 19 21 28 17 26 16 31 23 27 22 20 26 20 33 23 16 23 21 31 23 27 24 24 34 31 20 15 30 20 22 15 18 29 28 22 31 27 32 34 29 24 23 33 33 27 17 34 18 17 34 30 31 32 22 30 28 25 30 30 17 18 25 25 24 22 26 18 18 18 32 27 30 17 15 
28 18 27 22 33 25 31 21 27 33 35 27 21 30 23 15 28 35 21 35 18 16 30 21 21 35 26 21 20 16 21 18 16 19 21 15 28 34 28 24 17 16 22 19 31 24 27 22 21 17 26 24 24 23 34 16 15 26 23 31 24 31 30 26 18 34 24 16 27 29 34 24 29 35 30 24 31 28 22 27 27 25 22 34 25 20 28 23 19 30 16 20 22 19 21 20 22 35 27 15 
35 33 16 22 25 32 25 28 17 35 18 18 27 21 24 19 15 26 17 27 35 32 26 32 34 15 35 32 35 30 30 21 25 26 32 26 25 32 33 32 32 31 22 20 19 15 22 24 34 21 19 24 33 19 29 23 23 21 20 28 25 17 28 20 24 35 23 15 24 25 15 15 28 21 28 26 23 23 25 29 35 23 35 15 28 17 20 15 21 31 34 29 29 28 22 16 29 33 24 17 
18 32 15 29 21 19 18 20 29 23 21 18 25 15 21 22 35 33 20 18 31 27 21 29 17 15 19 21 30 29 34 18 20 23 21 28 19 27 35 26 33 16 20 24 28 20 19 28 26 20 24 17 29 27 25 23 26 27 33 24 22 35 35 29 15 32 28 15 34 33 24 27 33 15 30 17 32 32 33 19 26 17 21 34 16 20 23 26 33 20 34 32 25 25 26 22 19 26 24 33 
35 31 25 19 24 15 29 17 23 33 17 34 23 33 23 34 16 32 26 18 17 21 31 15 33 19 16 15 30 28 18 29 30 29 25 22 19 30 17 35 22 23 26 35 22 33 29 34 34 33 20 20 21 30 16 25 28 28 21 17 31 34 32 28 19 31 20 23 24 26 33 23 32 18 15 21 27 29 30 25 30 20 31 17 25 22 25 30 18 23 27 15 22 29 24 22 27 19 27 30 
28 25 22 22 35 32 19 17 35 21 21 29 22 21 31 32 32 21 30 29 29 17 29 26 23 17 28 28 35 33 22 20 22 17 24 32 24 31 28 31 19 26 34 23 21 26 27 17 25 29 30 32 27 31 28 26 25 34 35 23 25 18 35 26 15 19 31 30 34 24 27 24 19 19 19 21 17 23 34 16 25 21 25 34 21 35 28 35 21 19 15 23 20 29 22 19 20 23 22 24 
26 34 18 18 25 16 22 24 22 31 20 31 20 26 28 25 17 25 20 32 18 33 16 18 34 24 34 18 18 35 17 26 15 27 21 23 35 25 19 25 34 23 34 26 27 29 31 34 22 16 17 16 16 27 18 30 27 18 15 18 33 23 23 16 15 31 15 18 20 31 31 27 24 17 15 20 19 19 17 28 22 17 16 21 19 26 26 29 35 30 24 33 26 27 34 32 32 23 35 24 
1000 1000 1000 1000 1000 1000 1000 1000 1000 1000 1000 1000 1000 1000 1000 1000 1000 1000 1000 1000 1000 1000 1000 1000 1000 1000 1000 1000 1000 1000 1000 1000 1000 1000 1000 1000 1000 1000 1000 1000 1000 1000 1000 1000 1000 1000 1000 1000 1000 1000 1000 1000 1000 1000 1000 1000 1000 1000 1000 1000 1000 1000 1000 1000 1000 1000 1000 1000 1000 1000 1000 1000 1000 1000 1000 1000 1000 1000 1000 1000 1000 1000 1000 1000 1000 1000 1000 1000 1000 1000 1000 1000 1000 1000 1000 1000 1000 1000 1000 1000 
1000 1000 1000 1000 1000 1000 1000 1000 1000 1000 1000 1000 1000 1000 1000 1000 1000 1000 1000 1000 1000 1000 1000 1000 1000 1000 1000 1000 1000 1000 1000 1000 1000 1000 1000 1000 1000 1000 1000 1000 1000 1000 1000 1000 1000 1000 1000 1000 1000 1000 1000 1000 1000 1000 1000 1000 1000 1000 1000 1000 1000 1000 1000 1000 1000 1000 1000 1000 1000 1000 1000 1000 1000 1000 1000 1000 1000 1000 1000 1000 1000 1000 1000 1000 1000 1000 1000 1000 1000 1000 1000 1000 1000 1000 1000 1000 1000 1000 1000 1000 
1000 1000 1000 1000 1000 1000 1000 1000 1000 1000 1000 1000 1000 1000 1000 1000 1000 1000 1000 1000 1000 1000 1000 1000 1000 1000 1000 1000 1000 1000 1000 1000 1000 1000 1000 1000 1000 1000 1000 1000 1000 1000 1000 1000 1000 1000 1000 1000 1000 1000 1000 1000 1000 1000 1000 1000 1000 1000 1000 1000 1000 1000 1000 1000 1000 1000 1000 1000 1000 1000 1000 1000 1000 1000 1000 1000 1000 1000 1000 1000 1000 1000 1000 1000 1000 1000 1000 1000 1000 1000 1000 1000 1000 1000 1000 1000 1000 1000 1000 1000 
23 30 17 30 25 33 15 32 16 26 15 26 19 32 18 29 27 27 30 15 28 33 30 18 33 28 25 34 33 20 26 34 33 20 30 22 28 33 29 20 16 21 26 21 27 16 22 21 24 34 22 20 19 33 27 30 34 25 27 16 27 20 35 23 16 28 29 34 20 29 31 25 35 34 18 33 28 31 29 21 28 20 23 31 33 27 32 25 22 30 24 32 33 22 34 30 34 32 18 15 
22 30 21 24 29 26 20 30 26 15 34 25 31 18 22 25 30 28 31 34 24 35 32 23 30 21 23 28 17 17 27 22 30 22 29 21 33 24 33 15 16 16 20 22 24 28 31 35 33 16 32 15 16 19 15 17 33 21 26 21 18 29 29 16 29 15 18 22 22 27 30 31 23 33 28 20 34 29 23 21 17 20 35 17 30 24 21 23 29 25 28 16 15 33 26 18 27 35 23 24 
19 26 25 30 18 23 33 22 16 27 32 35 29 20 31 34 25 15 35 20 32 22 31 23 33 20 15 20 23 22 20 29 32 31 32 34 28 33 26 18 22 32 29 20 34 31 15 15 32 20 35 31 31 21 20 23 21 28 29 15 34 15 19 22 19 25 18 15 27 28 30 20 32 19 24 32 15 19 26 16 35 20 17 26 24 18 31 17 23 27 23 24 23 18 34 21 21 16 25 33 
17 33 15 20 30 17 16 30 33 29 18 27 16 19 25 17 25 24 27 35 27 24 25 24 19 29 25 31 16 27 20 28 35 30 32 18 30 35 18 29 18 24 15 26 34 16 27 25 23 23 24 34 24 33 20 16 26 29 27 29 35 20 32 31 20 27 23 33 20 27 23 32 24 19 25 18 27 32 32 16 17 20 25 18 34 34 28 33 15 27 30 15 34 20 24 19 15 23 20 22 
30 30 29 26 28 28 30 28 17 30 17 21 17 30 19 19 20 17 35 17 16 34 24 21 32 17 28 25 23 25 34 21 24 27 29 32 20 17 19 32 19 35 20 22 27 28 29 22 27 20 24 22 32 20 23 29 27 15 26 31 16 22 30 22 28 15 35 25 18 19 28 34 30 27 18 28 35 35 22 25 25 20 21 22 25 22 23 34 34 34 20 34 22 28 25 34 35 17 33 33 
16 19 20 34 24 23 21 27 30 17 24 30 18 20 30 24 17 33 22 34 31 28 24 29 34 22 30 27 33 25 18 31 16 17 20 35 34 26 15 21 22 27 18 22 25 24 16 26 31 26 25 34 22 29 22 29 35 21 30 19 29 33 28 25 22 24 28 35 16 31 35 29 27 22 33 27 23 33 22 19 19 28 28 31 16 28 34 34 32 24 35 28 21 18 22 31 28 27 33 19 
30 18 28 30 29 25 24 27 25 25 17 33 19 30 28 27 30 35 20 18 16 32 28 35 26 35 25 27 21 35 15 33 28 31 18 29 16 29 17 22 16 31 29 15 34 33 20 22 25 17 18 16 33 31 33 16 23 16 28 25 28 35 15 15 29 34 25 29 22 31 22 29 20 25 23 18 18 26 21 35 29 22 28 23 30 29 23 24 33 27 32 17 16 16 24 21 29 29 25 17 
30 29 32 21 35 27 17 32 19 16 27 30 24 35 19 25 30 31 32 33 21 23 26 22 29 31 23 20 20 35 33 28 29 29 18 33 28 17 24 22 25 27 18 27 25 17 33 22 15 16 32 26 32 30 21 31 28 31 16 28 21 34 24 19 26 20 23 29 30 26 20 35 21 33 18 22 18 34 34 29 28 15 28 17 17 28 26 20 29 25 32 15 30 28 23 15 25 23 30 15 
31 33 25 26 22 20 27 29 35 33 20 29 26 34 27 28 23 33 17 25 28 28 30 27 27 34 28 32 18 34 25 32 23 16 17 16 32 19 20 29 29 15 21 18 15 31 33 33 17 15 18 29 19 34 22 23 27 33 24 28 20 17 17 25 19 24 28 28 26 23 35 34 26 32 16 15 19 30 29 24 22 16 21 15 23 25 33 25 18 17 17 24 31 24 26 32 15 23 32 17 
19 26 30 19 16 19 25 32 15 22 34 35 24 25 32 33 33 29 31 27 17 35 30 21 21 17 28 21 32 24 31 33 35 19 33 30 30 29 29 29 22 18 27 20 21 17 26 28 30 17 29 16 22 25 33 35 28 22 19 16 23 30 26 35 34 28 34 31 31 17 35 23 26 28 20 16 26 19 20 32 27 19 34 32 33 17 23 22 33 19 35 30 25 32 27 23 30 32 28 29 
0 0 0 0 0 0 0 0 0 0 0 0 0 0 0 0 0 0 0 0 0 0 0 0 0 0 0 0 0 0 0 0 0 0 0 0 0 0 0 0 0 0 0 0 0 0 0 0 0 0 0 0 0 0 0 0 0 0 0 0 0 0 0 0 0 0 0 0 0 0 0 0 0 0 0 0 0 0 0 0 0 0 0 0 0 0 0 0 0 0 0 0 0 0 0 0 0 0 0 0 
0 0.5333333333333333 0.19999999999999996 0 0 0.7333333333333334 0.1333333333333333 0.33333333333333337 0.33333333333333337 0 0.1333333333333333 0.6 0 0 0 1.0 0 0 0 0.19999999999999996 0 0 0 0.1333333333333333 0 0 0.33333333333333337 0 0 0 0.5333333333333333 0.5333333333333333 0.8 0 0.8 0 0.0 0.6666666666666667 0 0.4 0 0 0 0 0.0 0.1333333333333333 0.4 0 0.7333333333333334 0 0 0 0 0 0.6 0 0.0 0 0 0 0 0.9333333333333333 0 0 0 0 0 0.9333333333333333 0 0.8666666666666667 0 0 0 0.5333333333333333 0.1333333333333333 0.19999999999999996 0.06666666666666665 0 0 0.8666666666666667 0 0 0 0 0 0.5333333333333333 0.6666666666666667 0.4 0.8666666666666667 0 0 0 0 0.4 0 0.2666666666666667 0 0.1333333333333333 0 0 
0 0 0 0 0 0 0 0 0 0 0 0 0 0 0 0 0 0 0 0 0 0 0 0 0 0 0 0 0 0 0 0 0 0 0 0 0 0 0 0 0 0 0 0 0 0 0 0 0 0 0 0 0 0 0 0 0 0 0 0 0 0 0 0 0 0 0 0 0 0 0 0 0 0 0 0 0 0 0 0 0 0 0 0 0 0 0 0 0 0 0 0 0 0 0 0 0 0 0 0 
0.6 0 0.8 0 0.7333333333333334 0 1 0 0.8 0.9333333333333333 0 0.06666666666666665 0 0 0 0.06666666666666665 0 0 0.9333333333333333 0 0 0.6666666666666667 0.8666666666666667 0.2666666666666667 0.5333333333333333 0 0.06666666666666665 0.7333333333333334 0 0 0 0.8666666666666667 0 0.2666666666666667 0.8666666666666667 0.5333333333333333 0 0.8666666666666667 0 0 0 0.8 0.19999999999999996 0 0.9333333333333333 1 0.2666666666666667 0.6 0 0.2666666666666667 0 0.2666666666666667 1.0 0 0 0.2666666666666667 0 0 0.06666666666666665 0.0 0 0 0 0 0.4666666666666667 0.6666666666666667 0.1333333333333333 1.0 0 0 0 0 0.19999999999999996 1 0.1333333333333333 0 0.8 0.06666666666666665 0 0 0 0 0 0 0 0 0.5333333333333333 0 0 0 0 0.19999999999999996 0 0.9333333333333333 0 0 0 0 0 0 
0 0 0 0 0 0 0 0 0.5333333333333333 1.0 0 0 0 0 0 0 0 0 0 0 0.5333333333333333 0 1 1 0 0.8666666666666667 0.1333333333333333 0 0.1333333333333333 0 0.2666666666666667 0.5333333333333333 0 0 0.8666666666666667 0 0 0 0 0 0.06666666666666665 0 1.0 1 0 0.6666666666666667 0 0.4 0 0 0 0 0 0 0.7333333333333334 0.4 0 0 0 0 0 0 0 0 0 0 0.7333333333333334 0 0.6666666666666667 0 0 1.0 0.8666666666666667 0 0 0 0 1 0.1333333333333333 0 0 0 0.4 0 0.4666666666666667 0.4666666666666667 0 0 0 0.0 0 0 0 0 0.7333333333333334 0 0 0.1333333333333333 0 0.8 
0 0.33333333333333337 0 0.1333333333333333 0 0.19999999999999996 0 0 0.9333333333333333 0 0 0 0 1 0 0 0.1333333333333333 0 0.8666666666666667 0.8666666666666667 0.06666666666666665 0 0.9333333333333333 0 0.6666666666666667 0 0 0 0.4 0.19999999999999996 0.6 0 0.7333333333333334 0.0 0.2666666666666667 0 0 0.19999999999999996 0 0 0.9333333333333333 0.7333333333333334 0.6 0.1333333333333333 0 0 0.9333333333333333 0.8 0 0.1333333333333333 0 0 0.4 0 0 0 0 0.2666666666666667 0 0 1 0 0 0.33333333333333337 1.0 0 0.1333333333333333 0.5333333333333333 0 0 0 0.4666666666666667 0.06666666666666665 0 0.33333333333333337 0 0 1.0 0 1.0 0.9333333333333333 0.6 0 0.0 0 0 0.4 0 0 0 0.2666666666666667 0 0.4 0 0.7333333333333334 0.1333333333333333 0 0 0 0.4 
0 0 0.19999999999999996 0 0.2666666666666667 1 0.33333333333333337 0 0.6666666666666667 0 0.4 0 0.2666666666666667 1 0.4666666666666667 0 0 0.8 0 0 0.33333333333333337 0 0.06666666666666665 0 0 0 0.9333333333333333 0.8666666666666667 0 0.7333333333333334 0 0 0 0 0.0 0.1333333333333333 0 0 0 0 0.33333333333333337 0 0 0 0 0 0 0.19999999999999996 0 0.8666666666666667 0 0.6666666666666667 0 0.9333333333333333 0 0 0.9333333333333333 0 0 0.0 0.9333333333333333 0.9333333333333333 0 0.8 1 0.0 0 0 0 0 0 0 0 0.19999999999999996 0 0 0.1333333333333333 0 0 0.0 0.06666666666666665 0 0 0 0 0.06666666666666665 0.9333333333333333 0 0.4 0.6 0.5333333333333333 0 0.06666666666666665 0 0 0 0 0 0.8666666666666667 0 
0 0 0 0 0 0 0 0 0 0 0 0 0 0 0 0 0 0 0 0 0 0 0 0 0 0 0 0 0 0 0 0 0 0 0 0 0 0 0 0 0 0 0 0 0 0 0 0 0 0 0 0 0 0 0 0 0 0 0 0 0 0 0 0 0 0 0 0 0 0 0 0 0 0 0 0 0 0 0 0 0 0 0 0 0 0 0 0 0 0 0 0 0 0 0 0 0 0 0 0 
0.5333333333333333 0 0 0 0.8666666666666667 0.2666666666666667 0 0 0.4 0 0 0 0 0 0 0 0 0 0.19999999999999996 0 0 0.33333333333333337 0 0 0 0 0 0.19999999999999996 0 0 0 0.0 0.8 0 0 0 0 0 0 0 0.19999999999999996 0 0 0.8 0 0 0.0 0 0.19999999999999996 0 0.4 0 0 0 0.8 0 0.9333333333333333 0 0 0 0 0 0.2666666666666667 0.06666666666666665 0.4666666666666667 0.7333333333333334 0 0 0 1.0 0 0.6666666666666667 0 0 0.5333333333333333 0.4666666666666667 0.9333333333333333 0.8666666666666667 0.1333333333333333 0 0 0.6 0 1.0 0.06666666666666665 0.6 0 0 0.4 0 0 0 0.06666666666666665 0.6666666666666667 0 1.0 0.6 0 0.8666666666666667 0.6 
0 0.19999999999999996 0 0.19999999999999996 0 0.0 0 0.5333333333333333 0.33333333333333337 0 0 0.6666666666666667 0 0 0 0.9333333333333333 1 0.4 1.0 0 0 0.33333333333333337 0 0 0.8666666666666667 0 0.8 0 0.6 0 0.0 0 0 1 0.2666666666666667 1.0 0 0.33333333333333337 1 0 0 0 0.4 0.0 0.5333333333333333 0 1 0.8 0 0.4 0.6666666666666667 0.06666666666666665 0.8 0 0.8666666666666667 0.1333333333333333 0.5333333333333333 0.33333333333333337 0 0 0 0.33333333333333337 0.6 0.33333333333333337 0 0 0.7333333333333334 0 0 0.8 0 0 0 0.4 0 0 0 0 0.4 0.5333333333333333 0 0 0 0 0 0 0.33333333333333337 0.33333333333333337 0 0 1.0 0 0.19999999999999996 0 0 0 0 0 0.8666666666666667 0.4 
0 0 0 0 0 0 0 0 0 0 0 0 0 0 0 0 0 0 0 0 0 0 0 0 0 0 0 0 0 0 0 0 0 0 0 0 0 0 0 0 0 0 0 0 0 0 0 0 0 0 0 0 0 0 0 0 0 0 0 0 0 0 0 0 0 0 0 0 0 0 0 0 0 0 0 0 0 0 0 0 0 0 0 0 0 0 0 0 0 0 0 0 0 0 0 0 0 0 0 0 
0 0 0 0 0 0 0 0 0 0 0 0 0 0 0 0 0 0 0 0 0 0 0 0 0 0 0 0 0 0 0 0 0 0 0 0 0 0 0 0 0 0 0 0 0 0 0 0 0 0 0 0 0 0 0 0 0 0 0 0 0 0 0 0 0 0 0 0 0 0 0 0 0 0 0 0 0 0 0 0 0 0 0 0 0 0 0 0 0 0 0 0 0 0 0 0 0 0 0 0 
0 0 0 0 0.4666666666666667 0 0 0 0.4666666666666667 0 0 0 0 0 0 0.0 0.8666666666666667 0.19999999999999996 0.5333333333333333 0.7333333333333334 0 0 0.8666666666666667 0.6 0.6666666666666667 0.19999999999999996 0.9333333333333333 0.7333333333333334 0.8 0 0 0 0.4 0.7333333333333334 0.1333333333333333 1.0 0 0 0 1 0 1.0 0 0 0 0 0.9333333333333333 0 0 0 0 0 0.5333333333333333 0 0 0.33333333333333337 0 0 1.0 0 0 0 0 1.0 0 0 0.9333333333333333 0 0.06666666666666665 0 0.19999999999999996 0.6 0 0.6 0 0 0 0.5333333333333333 0 1 0 0 0 0.33333333333333337 0 0.33333333333333337 0.2666666666666667 0.9333333333333333 0.4 0.8666666666666667 0 0.06666666666666665 0.5333333333333333 0 0 0 0.33333333333333337 0 0.19999999999999996 0.2666666666666667 
0 0.8666666666666667 0.9333333333333333 0.1333333333333333 0 0.4666666666666667 0 0 0 0.33333333333333337 0.0 0.1333333333333333 0.06666666666666665 1 1 0 0 0 0 0.33333333333333337 0 0 0 0.0 0 1.0 0 0.6666666666666667 0.5333333333333333 0.6666666666666667 0 0 1 0 0 0.8 0 0.7333333333333334 0.8 0.8666666666666667 0.0 0 0 0.4666666666666667 0.7333333333333334 0 0 0.7333333333333334 0.1333333333333333 0.6666666666666667 0.06666666666666665 0.6 0.8666666666666667 0.7333333333333334 0.9333333333333333 0 0 0 0 0.4 0.4666666666666667 0 0 0.1333333333333333 0 0 0 0.6666666666666667 0 0 0 0.6 0.5333333333333333 0 0.6666666666666667 0 0.2666666666666667 0.8666666666666667 0 0 0 0.33333333333333337 0.33333333333333337 0 0 0 0 0 0.4 0 0 0 0.6 0 0.8666666666666667 0 0.7333333333333334 0 0 0 
0 0 0 0 0 0 0 0 0 0 0 0 0 0 0 0 0 0 0 0 0 0 0 0 0 0 0 0 0 0 0 0 0 0 0 0 0 0 0 0 0 0 0 0 0 0 0 0 0 0 0 0 0 0 0 0 0 0 0 0 0 0 0 0 0 0 0 0 0 0 0 0 0 0 0 0 0 0 0 0 0 0 0 0 0 0 0 0 0 0 0 0 0 0 0 0 0 0 0 0 
0.0 0.6666666666666667 0 0 0.6 0.1333333333333333 0.5333333333333333 0 0.0 0 1.0 0 0.4666666666666667 0 0 1.0 0 0 0.2666666666666667 0 0 0 0 0.5333333333333333 0 0 1.0 0 0.9333333333333333 1 0 0.6 0 0 0.5333333333333333 0 0 0 0 0 0.7333333333333334 0.9333333333333333 0 1 0 0.4666666666666667 0.06666666666666665 0.7333333333333334 0 0 0 0.7333333333333334 0 0.8 1.0 0.6666666666666667 0 0 0 0 0.8666666666666667 0 0.4666666666666667 0 0.4666666666666667 0 1.0 0 0.4 1.0 0 0.6666666666666667 0 0 0.0 0.19999999999999996 0 0 0 0 1 1.0 0 0.8 0.06666666666666665 0 0 0 0 0 0 0 0.8666666666666667 0 0 0.6 0.6666666666666667 0 0.8 0.4666666666666667 
0 0 0 0 0 0 0 0 0 0 0 0 0 0 0 0 0 0 0 0 0 0 0 0 0 0 0 0 0 0 0 0 0 0 0 0 0 0 0 0 0 0 0 0 0 0 0 0 0 0 0 0 0 0 0 0 0 0 0 0 0 0 0 0 0 0 0 0 0 0 0 0 0 0 0 0 0 0 0 0 0 0 0 0 0 0 0 0 0 0 0 0 0 0 0 0 0 0 0 0 
0 0 0 0 0 0 0 0 0 0 0 0 0 0 0 0 0 0 0 0 0 0 0 0 0 0 0 0 0 0 0 0 0 0 0 0 0 0 0 0 0 0 0 0 0 0 0 0 0 0 0 0 0 0 0 0 0 0 0 0 0 0 0 0 0 0 0 0 0 0 0 0 0 0 0 0 0 0 0 0 0 0 0 0 0 0 0 0 0 0 0 0 0 0 0 0 0 0 0 0 
0 0 0.6666666666666667 0.5333333333333333 1 0 0.33333333333333337 0.8 1 0 0 0.5333333333333333 0 0 0.4 0 0 0 1 0 0.4666666666666667 0.7333333333333334 0 0.6 0 0 0.5333333333333333 0.2666666666666667 0 0.19999999999999996 0.4 0 0 0.06666666666666665 0 0.4 0 0 0 0 0.06666666666666665 0 0 0 0 0.4 0 0 0.8 0.6666666666666667 0 0 0 0.1333333333333333 0 0.7333333333333334 0 0 0.0 0.6666666666666667 0.6 0 0 0 0 0.6 0 0.19999999999999996 0 0.33333333333333337 0 0.8 0.8 0.33333333333333337 0 0 0 0 0 0 1 0.6666666666666667 0.8666666666666667 0 0.0 0.6 0.7333333333333334 0 0.06666666666666665 0 0 1 0.4666666666666667 0 0 0.0 0 0 0 0.2666666666666667 
0 0 0 0 0 0 0 0 0 0 0 0 0 0 0 0 0 0 0 0 0 0 0 0 0 0 0 0 0 0 0 0 0 0 0 0 0 0 0 0 0 0 0 0 0 0 0 0 0 0 0 0 0 0 0 0 0 0 0 0 0 0 0 0 0 0 0 0 0 0 0 0 0 0 0 0 0 0 0 0 0 0 0 0 0 0 0 0 0 0 0 0 0 0 0 0 0 0 0 0 
