Obj: 1.269
[1, 1, 1, 0, 2, 1, 0, 0, 1, 1, 1, 0, 0, 0, 0, 0, 0, 0, 0, 0, 0, 0, 1, 1, 1, 1, 0, 0, 0, 0, 2, 1]
Obj (ACT VS ACT BLS): 1.274
[2, 1, 1, 0, 2, 1, 0, 0, 0, 1, 1, 0, 0, 0, 0, 0, 0, 0, 0, 0, 0, 0, 1, 1, 1, 1, 0, 0, 0, 0, 2, 1]
Obj (ACT VS ACT BLS): 1.289
[1, 1, 2, 0, 2, 1, 0, 0, 0, 1, 1, 0, 0, 0, 0, 0, 0, 0, 0, 0, 0, 0, 1, 1, 1, 1, 0, 0, 0, 0, 2, 1]
Obj (ACT VS NO ACT BLS): 1.293
[0, 1, 2, 0, 2, 1, 1, 0, 0, 1, 1, 0, 0, 0, 0, 0, 0, 0, 0, 0, 0, 0, 1, 1, 1, 1, 0, 0, 0, 0, 2, 1]
Obj (ACT VS NO ACT BLS): 1.367
[1, 1, 2, 0, 2, 1, 1, 0, 0, 1, 1, 0, 0, 0, 0, 0, 0, 0, 0, 0, 0, 0, 0, 1, 1, 1, 0, 0, 0, 0, 2, 1]
Obj (ACT VS NO ACT BLS): 1.367
[1, 1, 2, 0, 2, 1, 0, 0, 0, 1, 1, 0, 0, 0, 0, 0, 0, 0, 0, 0, 2, 0, 1, 1, 1, 1, 0, 0, 0, 0, 0, 1]
Obj (ACT VS NO ACT BLS): 1.394
[1, 1, 2, 0, 2, 1, 0, 0, 0, 1, 1, 0, 0, 0, 0, 0, 0, 0, 0, 0, 0, 0, 1, 1, 1, 1, 0, 0, 2, 0, 0, 1]
