1 OnTime_1 13 1 54 1
1 OnTime_1 14 1 75 1
1 OnTime_1 16 1 75 1
2 OnTime_2 13 1 107 1
2 OnTime_2 14 1 75 1
2 OnTime_2 16 1 75 1
3 OnTime_3 15 1 79 1
4 OnTime_4 14 1 69 1
4 OnTime_4 14 1 78 1
4 OnTime_4 16 1 78 1
5 OnTime_5 14 1 91 1
5 OnTime_5 16 1 75 1
6 OnTime_6 13 1 97 1
6 OnTime_6 14 1 63 1
6 OnTime_6 15 1 60 1
7 OnTime_7 13 1 139 1
7 OnTime_7 14 1 63 1
7 OnTime_7 15 1 79 1
8 OnTime_8 14 1 59 1
8 OnTime_8 14 1 144 1
8 OnTime_8 15 1 60 1
9 OnTime_9 14 1 56 1
9 OnTime_9 14 1 78 1
9 OnTime_9 16 1 78 1
9 OnTime_9 16 1 151 1
10 OnTime_10 13 1 54 1
10 OnTime_10 14 1 91 1
10 OnTime_10 15 1 79 1
11 OnTime_11 13 1 97 1
11 OnTime_11 14 1 75 1
11 OnTime_11 15 1 79 1
11 OnTime_11 16 1 75 1
12 OnTime_12 15 1 45 1
12 OnTime_12 15 1 60 1
12 OnTime_12 15 1 79 1
12 OnTime_12 16 1 78 1
13 OnTime_13 13 1 45 1
13 OnTime_13 15 1 45 1
13 OnTime_13 16 1 78 1
13 OnTime_13 16 1 132 1
14 OnTime_14 14 1 78 1
14 OnTime_14 15 1 158 1
14 OnTime_14 16 1 75 1
14 OnTime_14 16 1 78 1
15 OnTime_15 13 1 107 1
15 OnTime_15 14 1 75 1
15 OnTime_15 15 1 45 1
15 OnTime_15 16 1 75 1
16 OnTime_16 13 1 54 1
16 OnTime_16 14 1 39 1
18 OnTime_18 13 1 97 1
18 OnTime_18 15 1 79 1
19 OnTime_19 13 1 97 1
19 OnTime_19 14 1 75 1
19 OnTime_19 16 1 75 1
20 OnTime_20 13 1 137 1
20 OnTime_20 14 1 59 1
21 OnTime_21 14 1 75 1
21 OnTime_21 14 1 78 1
21 OnTime_21 16 1 75 1
21 OnTime_21 16 1 78 1
22 OnTime_22 13 1 139 1
22 OnTime_22 14 1 78 1
22 OnTime_22 15 1 60 1
22 OnTime_22 16 1 78 1
23 OnTime_23 14 1 39 1
24 OnTime_24 14 1 39 1
24 OnTime_24 14 1 75 1
24 OnTime_24 16 1 75 1
24 OnTime_24 16 1 132 1
25 OnTime_25 14 1 59 1
25 OnTime_25 14 1 69 1
25 OnTime_25 15 1 79 1
26 OnTime_26 14 1 91 1
26 OnTime_26 15 1 45 1
26 OnTime_26 15 1 79 1
26 OnTime_26 16 1 132 1
27 OnTime_27 14 1 58 1
27 OnTime_27 14 1 91 1
27 OnTime_27 15 1 79 1
27 OnTime_27 16 1 78 1
28 OnTime_28 14 1 75 1
28 OnTime_28 14 1 78 1
28 OnTime_28 16 1 75 1
28 OnTime_28 16 1 78 1
29 OnTime_29 13 1 97 1
29 OnTime_29 14 1 58 1
30 OnTime_30 13 1 107 1
30 OnTime_30 14 1 69 1
30 OnTime_30 15 1 79 1
31 OnTime_31 13 1 97 1
31 OnTime_31 16 1 132 1
32 OnTime_32 14 1 78 1
32 OnTime_32 16 1 78 1
33 OnTime_33 14 1 69 1
33 OnTime_33 14 1 91 1
33 OnTime_33 15 1 60 1
34 OnTime_34 13 1 45 1
34 OnTime_34 15 1 45 1
35 OnTime_35 14 1 78 1
35 OnTime_35 14 1 91 1
35 OnTime_35 15 1 79 1
35 OnTime_35 16 1 78 1
36 OnTime_36 14 1 63 1
36 OnTime_36 14 1 69 1
37 OnTime_37 14 1 63 1
37 OnTime_37 14 1 78 1
37 OnTime_37 15 1 79 1
37 OnTime_37 16 1 78 1
38 OnTime_38 14 1 59 1
38 OnTime_38 14 1 78 1
38 OnTime_38 15 1 158 1
38 OnTime_38 16 1 78 1
39 OnTime_39 14 1 59 1
39 OnTime_39 14 1 144 1
39 OnTime_39 15 1 79 1
40 OnTime_40 13 1 45 1
40 OnTime_40 15 1 45 1
41 OnTime_41 14 1 63 1
42 OnTime_42 14 1 63 1
42 OnTime_42 16 1 151 1
43 OnTime_43 13 1 137 1
43 OnTime_43 14 1 78 1
43 OnTime_43 16 1 78 1
44 OnTime_44 14 1 69 1
44 OnTime_44 16 1 78 1
45 OnTime_45 13 1 139 1
45 OnTime_45 14 1 63 1
46 OnTime_46 14 1 56 1
46 OnTime_46 14 1 78 1
46 OnTime_46 15 1 79 1
46 OnTime_46 16 1 78 1
47 OnTime_47 14 1 58 1
47 OnTime_47 14 1 144 1
47 OnTime_47 15 1 60 1
48 OnTime_48 13 1 54 1
48 OnTime_48 14 1 63 1
48 OnTime_48 16 1 132 1
49 OnTime_49 14 1 75 1
49 OnTime_49 14 1 144 1
49 OnTime_49 16 1 75 1
50 OnTime_50 14 1 69 1
50 OnTime_50 14 1 91 1
50 OnTime_50 15 1 79 1
51 OnTime_51 13 1 97 1
51 OnTime_51 16 1 8 1
52 OnTime_52 13 1 97 1
52 OnTime_52 14 1 63 1
53 OnTime_53 14 1 56 1
54 OnTime_54 14 1 91 1
54 OnTime_54 15 1 45 1
54 OnTime_54 15 1 79 1
55 OnTime_55 14 1 56 1
55 OnTime_55 14 1 75 1
55 OnTime_55 16 1 75 1
56 OnTime_56 13 1 139 1
56 OnTime_56 14 1 75 1
56 OnTime_56 16 1 75 1
56 OnTime_56 16 1 78 1
57 OnTime_57 14 1 69 1
57 OnTime_57 14 1 91 1
58 OnTime_58 13 1 107 1
58 OnTime_58 14 1 58 1
58 OnTime_58 15 1 60 1
59 OnTime_59 13 1 97 1
59 OnTime_59 14 1 58 1
59 OnTime_59 15 1 60 1
60 OnTime_60 14 1 39 1
60 OnTime_60 14 1 58 1
60 OnTime_60 16 1 78 1
60 OnTime_60 16 1 151 1
61 OnTime_61 14 1 91 1
61 OnTime_61 15 1 60 1
62 OnTime_62 14 1 56 1
62 OnTime_62 14 1 78 1
62 OnTime_62 16 1 78 1
63 OnTime_63 13 1 139 1
63 OnTime_63 14 1 63 1
64 OnTime_64 13 1 107 1
64 OnTime_64 14 1 59 1
65 OnTime_65 14 1 58 1
65 OnTime_65 14 1 75 1
65 OnTime_65 15 1 45 1
65 OnTime_65 16 1 75 1
66 OnTime_66 14 1 39 1
66 OnTime_66 14 1 78 1
66 OnTime_66 16 1 78 1
67 OnTime_67 13 1 107 1
67 OnTime_67 14 1 59 1
68 OnTime_68 13 1 107 1
69 OnTime_69 13 1 139 1
69 OnTime_69 14 1 58 1
69 OnTime_69 15 1 60 1
70 OnTime_70 13 1 107 1
70 OnTime_70 15 1 60 1
70 OnTime_70 15 1 79 1
71 OnTime_71 14 1 63 1
71 OnTime_71 14 1 91 1
71 OnTime_71 15 1 21 1
72 OnTime_72 14 1 75 1
72 OnTime_72 14 1 91 1
72 OnTime_72 16 1 75 1
73 OnTime_73 14 1 63 1
73 OnTime_73 14 1 75 1
73 OnTime_73 16 1 75 1
73 OnTime_73 16 1 132 1
74 OnTime_74 14 1 59 1
74 OnTime_74 14 1 75 1
74 OnTime_74 15 1 45 1
74 OnTime_74 16 1 75 1
75 OnTime_75 13 1 139 1
75 OnTime_75 15 1 79 1
75 OnTime_75 16 1 75 1
75 OnTime_75 16 1 78 1
76 OnTime_76 14 1 162 1
76 OnTime_76 15 1 79 1
77 OnTime_77 13 1 107 1
77 OnTime_77 14 1 59 1
77 OnTime_77 15 1 60 1
78 OnTime_78 13 1 97 1
78 OnTime_78 15 1 79 1
78 OnTime_78 16 1 8 1
78 OnTime_78 16 1 132 1
79 OnTime_79 14 1 56 1
79 OnTime_79 14 1 91 1
79 OnTime_79 16 1 78 1
79 OnTime_79 16 1 167 1
80 OnTime_80 13 1 97 1
80 OnTime_80 15 1 60 1
80 OnTime_80 15 1 158 1
81 OnTime_81 13 1 107 1
81 OnTime_81 14 1 63 1
81 OnTime_81 15 1 45 1
82 OnTime_82 13 1 54 1
82 OnTime_82 14 1 91 1
82 OnTime_82 15 1 60 1
83 OnTime_83 13 1 97 1
83 OnTime_83 14 1 58 1
84 OnTime_84 13 1 107 1
84 OnTime_84 15 1 60 1
84 OnTime_84 15 1 79 1
84 OnTime_84 16 1 75 1
85 OnTime_85 14 1 78 1
85 OnTime_85 16 1 78 1
86 OnTime_86 14 1 91 1
86 OnTime_86 15 1 79 1
87 OnTime_87 15 1 79 1
88 OnTime_88 13 1 97 1
88 OnTime_88 14 1 39 1
88 OnTime_88 15 1 60 1
89 OnTime_89 13 1 97 1
89 OnTime_89 14 1 75 1
89 OnTime_89 16 1 75 1
89 OnTime_89 16 1 151 1
90 OnTime_90 14 1 56 1
90 OnTime_90 14 1 91 1
90 OnTime_90 15 1 60 1
90 OnTime_90 16 1 78 1
91 OnTime_91 14 1 78 1
91 OnTime_91 15 1 60 1
91 OnTime_91 15 1 79 1
91 OnTime_91 16 1 78 1
92 OnTime_92 13 1 107 1
92 OnTime_92 14 1 58 1
92 OnTime_92 16 1 75 1
93 OnTime_93 14 1 63 1
93 OnTime_93 14 1 78 1
93 OnTime_93 16 1 75 1
93 OnTime_93 16 1 78 1
94 OnTime_94 14 1 39 1
94 OnTime_94 14 1 69 1
94 OnTime_94 15 1 45 1
94 OnTime_94 16 1 151 1
95 OnTime_95 13 1 54 1
95 OnTime_95 14 1 59 1
96 OnTime_96 13 1 97 1
96 OnTime_96 14 1 56 1
96 OnTime_96 15 1 79 1
96 OnTime_96 16 1 78 1
97 OnTime_97 13 1 97 1
98 OnTime_98 14 1 58 1
98 OnTime_98 14 1 63 1
98 OnTime_98 15 1 21 1
98 OnTime_98 16 1 78 1
99 OnTime_99 13 1 54 1
99 OnTime_99 14 1 39 1
99 OnTime_99 15 1 79 1
99 OnTime_99 16 1 78 1
100 OnTime_100 14 1 59 1
100 OnTime_100 14 1 69 1
100 OnTime_100 15 1 79 1
100 OnTime_100 16 1 75 1
101 OnTime_101 14 1 59 1
101 OnTime_101 14 1 144 1
101 OnTime_101 15 1 60 1
102 OnTime_102 14 1 63 1
102 OnTime_102 14 1 78 1
102 OnTime_102 16 1 78 1
103 OnTime_103 13 1 137 1
104 OnTime_104 13 1 137 1
104 OnTime_104 14 1 78 1
104 OnTime_104 16 1 78 1
105 OnTime_105 13 1 45 1
105 OnTime_105 14 1 69 1
105 OnTime_105 15 1 60 1
106 OnTime_106 13 1 45 1
106 OnTime_106 14 1 78 1
106 OnTime_106 15 1 60 1
106 OnTime_106 16 1 78 1
107 OnTime_107 14 1 59 1
107 OnTime_107 14 1 69 1
107 OnTime_107 16 1 78 1
108 OnTime_108 14 1 75 1
108 OnTime_108 16 1 75 1
109 OnTime_109 14 1 39 1
109 OnTime_109 14 1 63 1
110 OnTime_110 14 1 39 1
110 OnTime_110 14 1 91 1
110 OnTime_110 16 1 132 1
111 OnTime_111 14 1 63 1
111 OnTime_111 16 1 78 1
112 OnTime_112 14 1 39 1
112 OnTime_112 14 1 59 1
112 OnTime_112 16 1 8 1
113 OnTime_113 14 1 78 1
113 OnTime_113 15 1 79 1
113 OnTime_113 16 1 78 1
113 OnTime_113 16 1 132 1
114 OnTime_114 14 1 75 1
114 OnTime_114 14 1 78 1
114 OnTime_114 16 1 75 1
114 OnTime_114 16 1 78 1
115 OnTime_115 13 1 107 1
115 OnTime_115 14 1 63 1
116 OnTime_116 13 1 139 1
116 OnTime_116 14 1 78 1
116 OnTime_116 16 1 78 1
117 OnTime_117 14 1 75 1
117 OnTime_117 14 1 91 1
117 OnTime_117 15 1 79 1
117 OnTime_117 16 1 75 1
118 OnTime_118 14 1 56 1
118 OnTime_118 14 1 58 1
119 OnTime_119 14 1 56 1
119 OnTime_119 14 1 75 1
119 OnTime_119 15 1 45 1
119 OnTime_119 16 1 75 1
120 OnTime_120 13 1 45 1
120 OnTime_120 14 1 59 1
120 OnTime_120 15 1 45 1
121 OnTime_121 13 1 97 1
121 OnTime_121 16 1 132 1
122 OnTime_122 14 1 75 1
122 OnTime_122 14 1 78 1
122 OnTime_122 16 1 75 1
122 OnTime_122 16 1 78 1
123 OnTime_123 14 1 69 1
123 OnTime_123 14 1 75 1
123 OnTime_123 15 1 79 1
123 OnTime_123 16 1 75 1
124 OnTime_124 14 1 58 1
124 OnTime_124 14 1 63 1
124 OnTime_124 15 1 79 1
124 OnTime_124 16 1 75 1
125 OnTime_125 14 1 39 1
125 OnTime_125 14 1 69 1
126 OnTime_126 13 1 97 1
126 OnTime_126 14 1 69 1
126 OnTime_126 16 1 78 1
127 OnTime_127 14 1 59 1
127 OnTime_127 14 1 69 1
128 OnTime_128 14 1 59 1
128 OnTime_128 14 1 162 1
128 OnTime_128 16 1 78 1
129 OnTime_129 15 1 79 1
130 OnTime_130 14 1 63 1
131 OnTime_131 13 1 97 1
131 OnTime_131 14 1 63 1
132 OnTime_132 14 1 63 1
132 OnTime_132 14 1 75 1
132 OnTime_132 16 1 75 1
133 OnTime_133 13 1 107 1
133 OnTime_133 14 1 56 1
133 OnTime_133 16 1 75 1
134 OnTime_134 13 1 97 1
134 OnTime_134 14 1 69 1
135 OnTime_135 14 1 56 1
135 OnTime_135 14 1 91 1
136 OnTime_136 13 1 97 1
136 OnTime_136 14 1 75 1
136 OnTime_136 16 1 75 1
137 OnTime_137 13 1 97 1
137 OnTime_137 14 1 56 1
137 OnTime_137 15 1 79 1
138 OnTime_138 14 1 69 1
138 OnTime_138 14 1 75 1
138 OnTime_138 16 1 75 1
139 OnTime_139 13 1 97 1
139 OnTime_139 14 1 58 1
139 OnTime_139 15 1 45 1
140 OnTime_140 14 1 63 1
140 OnTime_140 14 1 91 1
141 OnTime_141 13 1 45 1
141 OnTime_141 15 1 45 1
141 OnTime_141 15 1 60 1
142 OnTime_142 14 1 58 1
142 OnTime_142 14 1 91 1
142 OnTime_142 16 1 75 1
142 OnTime_142 16 1 132 1
143 OnTime_143 14 1 69 1
144 OnTime_144 14 1 63 1
144 OnTime_144 14 1 91 1
144 OnTime_144 16 1 78 1
145 OnTime_145 14 1 58 1
145 OnTime_145 15 1 45 1
145 OnTime_145 15 1 79 1
145 OnTime_145 16 1 78 1
146 OnTime_146 14 1 58 1
146 OnTime_146 14 1 63 1
146 OnTime_146 15 1 45 1
146 OnTime_146 16 1 75 1
147 OnTime_147 13 1 54 1
147 OnTime_147 14 1 69 1
147 OnTime_147 16 1 132 1
148 OnTime_148 13 1 54 1
148 OnTime_148 14 1 144 1
149 OnTime_149 14 1 59 1
149 OnTime_149 14 1 69 1
149 OnTime_149 15 1 79 1
149 OnTime_149 16 1 75 1
150 OnTime_150 14 1 58 1
150 OnTime_150 14 1 75 1
150 OnTime_150 15 1 60 1
150 OnTime_150 16 1 75 1
151 OnTime_151 13 1 107 1
151 OnTime_151 15 1 45 1
151 OnTime_151 15 1 79 1
151 OnTime_151 16 1 151 1
152 OnTime_152 14 1 58 1
152 OnTime_152 14 1 69 1
152 OnTime_152 16 1 75 1
153 OnTime_153 13 1 45 1
153 OnTime_153 14 1 69 1
153 OnTime_153 15 1 45 1
154 OnTime_154 14 1 69 1
154 OnTime_154 14 1 75 1
154 OnTime_154 15 1 45 1
154 OnTime_154 16 1 75 1
155 OnTime_155 14 1 59 1
155 OnTime_155 14 1 69 1
155 OnTime_155 16 1 75 1
156 OnTime_156 13 1 107 1
156 OnTime_156 14 1 56 1
157 OnTime_157 13 1 97 1
157 OnTime_157 14 1 69 1
157 OnTime_157 15 1 60 1
158 OnTime_158 13 1 107 1
158 OnTime_158 14 1 78 1
158 OnTime_158 15 1 79 1
158 OnTime_158 16 1 78 1
159 OnTime_159 14 1 69 1
159 OnTime_159 15 1 60 1
159 OnTime_159 15 1 79 1
160 OnTime_160 14 1 91 1
160 OnTime_160 15 1 79 1
161 OnTime_161 13 1 107 1
161 OnTime_161 14 1 91 1
161 OnTime_161 15 1 60 1
162 OnTime_162 14 1 75 1
162 OnTime_162 15 1 60 1
162 OnTime_162 15 1 79 1
162 OnTime_162 16 1 75 1
163 OnTime_163 13 1 97 1
163 OnTime_163 14 1 75 1
163 OnTime_163 15 1 45 1
163 OnTime_163 16 1 75 1
164 OnTime_164 14 1 69 1
164 OnTime_164 14 1 78 1
164 OnTime_164 15 1 60 1
164 OnTime_164 16 1 167 1
165 OnTime_165 14 1 58 1
165 OnTime_165 14 1 75 1
165 OnTime_165 16 1 75 1
165 OnTime_165 16 1 132 1
166 OnTime_166 13 1 107 1
167 OnTime_167 14 1 91 1
167 OnTime_167 14 1 144 1
168 OnTime_168 14 1 78 1
168 OnTime_168 15 1 158 1
168 OnTime_168 16 1 78 1
169 OnTime_169 13 1 54 1
169 OnTime_169 14 1 91 1
170 OnTime_170 14 1 58 1
170 OnTime_170 14 1 75 1
170 OnTime_170 15 1 79 1
170 OnTime_170 16 1 75 1
171 OnTime_171 14 1 59 1
171 OnTime_171 14 1 69 1
172 OnTime_172 14 1 69 1
172 OnTime_172 14 1 75 1
172 OnTime_172 16 1 75 1
173 OnTime_173 14 1 39 1
173 OnTime_173 14 1 69 1
173 OnTime_173 15 1 79 1
173 OnTime_173 16 1 75 1
174 OnTime_174 13 1 107 1
174 OnTime_174 15 1 79 1
175 OnTime_175 13 1 45 1
175 OnTime_175 14 1 56 1
175 OnTime_175 15 1 45 1
176 OnTime_176 14 1 63 1
176 OnTime_176 14 1 69 1
176 OnTime_176 15 1 60 1
176 OnTime_176 16 1 78 1
177 OnTime_177 14 1 59 1
177 OnTime_177 14 1 78 1
177 OnTime_177 15 1 60 1
177 OnTime_177 16 1 78 1
178 OnTime_178 14 1 39 1
178 OnTime_178 14 1 59 1
179 OnTime_179 13 1 97 1
179 OnTime_179 14 1 58 1
179 OnTime_179 16 1 75 1
180 OnTime_180 13 1 45 1
180 OnTime_180 15 1 45 1
180 OnTime_180 15 1 79 1
180 OnTime_180 16 1 75 1
181 OnTime_181 14 1 56 1
181 OnTime_181 14 1 59 1
182 OnTime_182 14 1 69 1
182 OnTime_182 14 1 78 1
182 OnTime_182 16 1 78 1
183 OnTime_183 13 1 97 1
183 OnTime_183 14 1 59 1
184 OnTime_184 14 1 63 1
184 OnTime_184 14 1 144 1
184 OnTime_184 15 1 60 1
185 OnTime_185 14 1 56 1
185 OnTime_185 14 1 75 1
185 OnTime_185 15 1 158 1
185 OnTime_185 16 1 75 1
186 OnTime_186 13 1 97 1
186 OnTime_186 14 1 63 1
187 OnTime_187 13 1 97 1
187 OnTime_187 14 1 91 1
187 OnTime_187 15 1 79 1
187 OnTime_187 16 1 132 1
188 OnTime_188 14 1 91 1
188 OnTime_188 15 1 60 1
188 OnTime_188 15 1 79 1
189 OnTime_189 14 1 75 1
189 OnTime_189 14 1 91 1
189 OnTime_189 16 1 75 1
189 OnTime_189 16 1 78 1
190 OnTime_190 13 1 107 1
190 OnTime_190 15 1 79 1
191 OnTime_191 14 1 56 1
191 OnTime_191 14 1 91 1
191 OnTime_191 15 1 79 1
192 OnTime_192 14 1 63 1
192 OnTime_192 14 1 75 1
192 OnTime_192 16 1 75 1
192 OnTime_192 16 1 78 1
193 OnTime_193 13 1 107 1
193 OnTime_193 15 1 21 1
193 OnTime_193 15 1 79 1
194 OnTime_194 13 1 97 1
194 OnTime_194 14 1 78 1
194 OnTime_194 16 1 78 1
195 OnTime_195 13 1 97 1
195 OnTime_195 14 1 56 1
195 OnTime_195 15 1 79 1
196 OnTime_196 14 1 56 1
196 OnTime_196 14 1 69 1
197 OnTime_197 14 1 75 1
197 OnTime_197 14 1 91 1
197 OnTime_197 15 1 79 1
197 OnTime_197 16 1 75 1
198 OnTime_198 14 1 56 1
198 OnTime_198 14 1 91 1
199 OnTime_199 14 1 56 1
199 OnTime_199 14 1 63 1
199 OnTime_199 16 1 8 1
199 OnTime_199 16 1 75 1
200 OnTime_200 13 1 107 1
200 OnTime_200 14 1 63 1
