1 OnTime_1 12 1 196 1
1 OnTime_1 12 1 493 1
1 OnTime_1 12 1 755 1
1 OnTime_1 13 1 487 1
1 OnTime_1 13 1 584 1
1 OnTime_1 14 1 438 1
1 OnTime_1 15 1 264 1
1 OnTime_1 15 1 315 1
1 OnTime_1 16 1 451 1
1 OnTime_1 16 1 453 1
1 OnTime_1 16 1 512 1
1 OnTime_1 16 1 719 1
2 OnTime_2 12 1 445 1
2 OnTime_2 12 1 764 1
2 OnTime_2 13 1 193 1
2 OnTime_2 13 1 822 1
2 OnTime_2 15 1 193 1
2 OnTime_2 15 1 408 1
2 OnTime_2 15 1 505 1
2 OnTime_2 16 1 216 1
2 OnTime_2 16 1 378 1
2 OnTime_2 16 1 408 1
2 OnTime_2 16 1 505 1
2 OnTime_2 16 1 525 1
3 OnTime_3 12 1 402 1
3 OnTime_3 12 1 493 1
3 OnTime_3 12 1 639 1
3 OnTime_3 14 1 357 1
3 OnTime_3 14 1 375 1
3 OnTime_3 14 1 663 1
3 OnTime_3 15 1 639 1
3 OnTime_3 15 1 701 1
3 OnTime_3 16 1 378 1
3 OnTime_3 16 1 453 1
4 OnTime_4 11 1 504 1
4 OnTime_4 14 1 375 1
4 OnTime_4 15 1 315 1
4 OnTime_4 15 1 351 1
4 OnTime_4 15 1 505 1
4 OnTime_4 16 1 505 1
5 OnTime_5 12 1 244 1
5 OnTime_5 12 1 402 1
5 OnTime_5 12 1 696 1
5 OnTime_5 13 1 367 1
5 OnTime_5 14 1 488 1
5 OnTime_5 14 1 643 1
5 OnTime_5 15 1 264 1
5 OnTime_5 15 1 351 1
5 OnTime_5 16 1 374 1
5 OnTime_5 16 1 378 1
5 OnTime_5 16 1 442 1
5 OnTime_5 16 1 696 1
6 OnTime_6 11 1 348 1
6 OnTime_6 12 1 484 1
6 OnTime_6 12 1 541 1
6 OnTime_6 13 1 292 1
6 OnTime_6 13 1 665 1
6 OnTime_6 15 1 408 1
6 OnTime_6 15 1 501 1
6 OnTime_6 16 1 408 1
6 OnTime_6 16 1 512 1
6 OnTime_6 16 1 571 1
7 OnTime_7 11 1 471 1
7 OnTime_7 12 1 629 1
7 OnTime_7 13 1 689 1
7 OnTime_7 14 1 480 1
7 OnTime_7 16 1 378 1
7 OnTime_7 16 1 476 1
7 OnTime_7 16 1 821 1
8 OnTime_8 11 1 251 1
8 OnTime_8 12 1 379 1
8 OnTime_8 12 1 541 1
8 OnTime_8 13 1 396 1
8 OnTime_8 14 1 173 1
8 OnTime_8 14 1 710 1
8 OnTime_8 15 1 269 1
8 OnTime_8 15 1 701 1
8 OnTime_8 16 1 372 1
8 OnTime_8 16 1 396 1
8 OnTime_8 16 1 453 1
9 OnTime_9 12 1 489 1
9 OnTime_9 12 1 676 1
9 OnTime_9 13 1 454 1
9 OnTime_9 13 1 489 1
9 OnTime_9 14 1 643 1
9 OnTime_9 14 1 674 1
9 OnTime_9 15 1 717 1
9 OnTime_9 15 1 722 1
9 OnTime_9 16 1 372 1
9 OnTime_9 16 1 391 1
9 OnTime_9 16 1 717 1
10 OnTime_10 12 1 316 1
10 OnTime_10 12 1 452 1
10 OnTime_10 12 1 735 1
10 OnTime_10 13 1 454 1
10 OnTime_10 13 1 611 1
10 OnTime_10 15 1 452 1
10 OnTime_10 16 1 216 1
10 OnTime_10 16 1 637 1
11 OnTime_11 12 1 321 1
11 OnTime_11 12 1 489 1
11 OnTime_11 12 1 700 1
11 OnTime_11 13 1 325 1
11 OnTime_11 13 1 661 1
11 OnTime_11 14 1 209 1
11 OnTime_11 15 1 661 1
11 OnTime_11 16 1 401 1
11 OnTime_11 16 1 688 1
12 OnTime_12 11 1 221 1
12 OnTime_12 12 1 434 1
12 OnTime_12 12 1 629 1
12 OnTime_12 13 1 492 1
12 OnTime_12 14 1 357 1
12 OnTime_12 14 1 375 1
12 OnTime_12 15 1 701 1
12 OnTime_12 16 1 525 1
12 OnTime_12 16 1 590 1
13 OnTime_13 12 1 282 1
13 OnTime_13 12 1 452 1
13 OnTime_13 12 1 493 1
13 OnTime_13 13 1 587 1
13 OnTime_13 13 1 839 1
13 OnTime_13 15 1 452 1
13 OnTime_13 15 1 549 1
13 OnTime_13 16 1 374 1
13 OnTime_13 16 1 401 1
13 OnTime_13 16 1 595 1
14 OnTime_14 12 1 350 1
14 OnTime_14 12 1 639 1
14 OnTime_14 13 1 367 1
14 OnTime_14 13 1 611 1
14 OnTime_14 13 1 661 1
14 OnTime_14 14 1 642 1
14 OnTime_14 15 1 639 1
14 OnTime_14 15 1 661 1
14 OnTime_14 16 1 571 1
14 OnTime_14 16 1 590 1
15 OnTime_15 11 1 466 1
15 OnTime_15 13 1 367 1
15 OnTime_15 13 1 396 1
15 OnTime_15 13 1 584 1
15 OnTime_15 13 1 859 1
15 OnTime_15 15 1 351 1
15 OnTime_15 16 1 374 1
15 OnTime_15 16 1 396 1
15 OnTime_15 16 1 401 1
16 OnTime_16 12 1 141 1
16 OnTime_16 12 1 489 1
16 OnTime_16 12 1 629 1
16 OnTime_16 13 1 367 1
16 OnTime_16 13 1 489 1
16 OnTime_16 14 1 643 1
16 OnTime_16 16 1 374 1
16 OnTime_16 16 1 555 1
17 OnTime_17 13 1 275 1
17 OnTime_17 13 1 478 1
17 OnTime_17 13 1 492 1
17 OnTime_17 13 1 584 1
17 OnTime_17 13 1 661 1
17 OnTime_17 15 1 193 1
17 OnTime_17 15 1 661 1
17 OnTime_17 16 1 453 1
17 OnTime_17 16 1 580 1
18 OnTime_18 12 1 282 1
18 OnTime_18 12 1 350 1
18 OnTime_18 12 1 667 1
18 OnTime_18 13 1 325 1
18 OnTime_18 13 1 487 1
18 OnTime_18 14 1 438 1
18 OnTime_18 15 1 505 1
18 OnTime_18 15 1 625 1
18 OnTime_18 16 1 268 1
18 OnTime_18 16 1 401 1
18 OnTime_18 16 1 505 1
18 OnTime_18 16 1 595 1
19 OnTime_19 11 1 466 1
19 OnTime_19 12 1 268 1
19 OnTime_19 12 1 675 1
19 OnTime_19 13 1 139 1
19 OnTime_19 16 1 268 1
19 OnTime_19 16 1 279 1
19 OnTime_19 16 1 595 1
20 OnTime_20 12 1 479 1
20 OnTime_20 12 1 484 1
20 OnTime_20 13 1 487 1
20 OnTime_20 13 1 584 1
20 OnTime_20 14 1 283 1
20 OnTime_20 14 1 642 1
20 OnTime_20 15 1 351 1
20 OnTime_20 16 1 372 1
20 OnTime_20 16 1 512 1
21 OnTime_21 12 1 494 1
21 OnTime_21 12 1 622 1
21 OnTime_21 12 1 717 1
21 OnTime_21 14 1 209 1
21 OnTime_21 14 1 710 1
21 OnTime_21 15 1 610 1
21 OnTime_21 15 1 717 1
21 OnTime_21 16 1 265 1
21 OnTime_21 16 1 378 1
21 OnTime_21 16 1 610 1
21 OnTime_21 16 1 657 1
21 OnTime_21 16 1 717 1
22 OnTime_22 12 1 321 1
22 OnTime_22 12 1 493 1
22 OnTime_22 12 1 499 1
22 OnTime_22 13 1 489 1
22 OnTime_22 13 1 492 1
22 OnTime_22 16 1 391 1
22 OnTime_22 16 1 396 1
22 OnTime_22 16 1 512 1
22 OnTime_22 16 1 555 1
22 OnTime_22 16 1 637 1
23 OnTime_23 11 1 471 1
23 OnTime_23 13 1 275 1
23 OnTime_23 13 1 325 1
23 OnTime_23 13 1 665 1
23 OnTime_23 13 1 861 1
23 OnTime_23 14 1 230 1
23 OnTime_23 15 1 341 1
23 OnTime_23 16 1 372 1
23 OnTime_23 16 1 637 1
23 OnTime_23 16 1 662 1
24 OnTime_24 12 1 350 1
24 OnTime_24 12 1 479 1
24 OnTime_24 12 1 493 1
24 OnTime_24 14 1 283 1
24 OnTime_24 15 1 90 1
24 OnTime_24 15 1 193 1
24 OnTime_24 15 1 269 1
24 OnTime_24 15 1 772 1
24 OnTime_24 16 1 372 1
24 OnTime_24 16 1 453 1
24 OnTime_24 16 1 595 1
25 OnTime_25 11 1 460 1
25 OnTime_25 12 1 494 1
25 OnTime_25 13 1 232 1
25 OnTime_25 13 1 275 1
25 OnTime_25 14 1 173 1
25 OnTime_25 14 1 237 1
25 OnTime_25 15 1 184 1
25 OnTime_25 15 1 269 1
25 OnTime_25 16 1 401 1
25 OnTime_25 16 1 476 1
26 OnTime_26 11 1 513 1
26 OnTime_26 13 1 661 1
26 OnTime_26 14 1 283 1
26 OnTime_26 14 1 306 1
26 OnTime_26 15 1 661 1
26 OnTime_26 16 1 91 1
26 OnTime_26 16 1 396 1
27 OnTime_27 12 1 452 1
27 OnTime_27 13 1 292 1
27 OnTime_27 13 1 313 1
27 OnTime_27 13 1 489 1
27 OnTime_27 13 1 568 1
27 OnTime_27 15 1 264 1
27 OnTime_27 15 1 452 1
27 OnTime_27 16 1 372 1
28 OnTime_28 12 1 445 1
28 OnTime_28 12 1 494 1
28 OnTime_28 12 1 629 1
28 OnTime_28 13 1 367 1
28 OnTime_28 13 1 492 1
28 OnTime_28 16 1 386 1
28 OnTime_28 16 1 657 1
29 OnTime_29 11 1 631 1
29 OnTime_29 12 1 484 1
29 OnTime_29 13 1 313 1
29 OnTime_29 13 1 492 1
29 OnTime_29 13 1 685 1
29 OnTime_29 14 1 173 1
29 OnTime_29 16 1 571 1
29 OnTime_29 16 1 580 1
30 OnTime_30 11 1 519 1
30 OnTime_30 12 1 658 1
30 OnTime_30 13 1 193 1
30 OnTime_30 13 1 367 1
30 OnTime_30 13 1 478 1
30 OnTime_30 14 1 674 1
30 OnTime_30 15 1 193 1
30 OnTime_30 15 1 264 1
30 OnTime_30 16 1 401 1
30 OnTime_30 16 1 862 1
31 OnTime_31 13 1 454 1
31 OnTime_31 13 1 587 1
31 OnTime_31 13 1 859 1
31 OnTime_31 14 1 357 1
31 OnTime_31 14 1 375 1
31 OnTime_31 15 1 408 1
31 OnTime_31 15 1 501 1
31 OnTime_31 15 1 610 1
31 OnTime_31 16 1 378 1
31 OnTime_31 16 1 408 1
31 OnTime_31 16 1 597 1
31 OnTime_31 16 1 610 1
32 OnTime_32 11 1 460 1
32 OnTime_32 13 1 231 1
32 OnTime_32 13 1 781 1
32 OnTime_32 14 1 357 1
32 OnTime_32 14 1 516 1
32 OnTime_32 14 1 642 1
32 OnTime_32 16 1 278 1
32 OnTime_32 16 1 453 1
32 OnTime_32 16 1 512 1
32 OnTime_32 16 1 590 1
32 OnTime_32 16 1 637 1
32 OnTime_32 16 1 657 1
33 OnTime_33 12 1 350 1
33 OnTime_33 13 1 193 1
33 OnTime_33 13 1 275 1
33 OnTime_33 13 1 487 1
33 OnTime_33 13 1 763 1
33 OnTime_33 15 1 193 1
33 OnTime_33 15 1 341 1
33 OnTime_33 15 1 697 1
33 OnTime_33 16 1 265 1
33 OnTime_33 16 1 555 1
34 OnTime_34 11 1 156 1
34 OnTime_34 12 1 196 1
34 OnTime_34 12 1 402 1
34 OnTime_34 14 1 331 1
34 OnTime_34 14 1 488 1
34 OnTime_34 15 1 278 1
34 OnTime_34 15 1 315 1
34 OnTime_34 16 1 268 1
34 OnTime_34 16 1 278 1
34 OnTime_34 16 1 378 1
34 OnTime_34 16 1 512 1
35 OnTime_35 11 1 353 1
35 OnTime_35 12 1 282 1
35 OnTime_35 12 1 494 1
35 OnTime_35 13 1 232 1
35 OnTime_35 13 1 454 1
35 OnTime_35 14 1 375 1
35 OnTime_35 16 1 216 1
35 OnTime_35 16 1 265 1
35 OnTime_35 16 1 391 1
35 OnTime_35 16 1 555 1
35 OnTime_35 16 1 610 1
35 OnTime_35 16 1 688 1
36 OnTime_36 13 1 578 1
36 OnTime_36 14 1 206 1
36 OnTime_36 14 1 261 1
36 OnTime_36 14 1 357 1
36 OnTime_36 14 1 375 1
36 OnTime_36 14 1 488 1
36 OnTime_36 15 1 452 1
36 OnTime_36 16 1 525 1
36 OnTime_36 16 1 677 1
37 OnTime_37 11 1 449 1
37 OnTime_37 12 1 705 1
37 OnTime_37 14 1 206 1
37 OnTime_37 16 1 386 1
37 OnTime_37 16 1 442 1
37 OnTime_37 16 1 597 1
38 OnTime_38 12 1 316 1
38 OnTime_38 12 1 434 1
38 OnTime_38 12 1 658 1
38 OnTime_38 14 1 438 1
38 OnTime_38 15 1 639 1
38 OnTime_38 16 1 512 1
39 OnTime_39 11 1 419 1
39 OnTime_39 13 1 454 1
39 OnTime_39 14 1 306 1
39 OnTime_39 14 1 375 1
39 OnTime_39 14 1 643 1
39 OnTime_39 14 1 663 1
39 OnTime_39 15 1 549 1
39 OnTime_39 16 1 512 1
39 OnTime_39 16 1 662 1
40 OnTime_40 11 1 348 1
40 OnTime_40 12 1 268 1
40 OnTime_40 12 1 379 1
40 OnTime_40 13 1 568 1
40 OnTime_40 14 1 306 1
40 OnTime_40 15 1 341 1
40 OnTime_40 15 1 351 1
40 OnTime_40 15 1 627 1
40 OnTime_40 16 1 268 1
40 OnTime_40 16 1 391 1
40 OnTime_40 16 1 580 1
40 OnTime_40 16 1 657 1
41 OnTime_41 11 1 471 1
41 OnTime_41 12 1 616 1
41 OnTime_41 12 1 662 1
41 OnTime_41 13 1 616 1
41 OnTime_41 14 1 642 1
41 OnTime_41 14 1 674 1
41 OnTime_41 15 1 501 1
41 OnTime_41 15 1 697 1
41 OnTime_41 16 1 191 1
41 OnTime_41 16 1 442 1
41 OnTime_41 16 1 662 1
42 OnTime_42 11 1 605 1
42 OnTime_42 12 1 541 1
42 OnTime_42 13 1 275 1
42 OnTime_42 13 1 578 1
42 OnTime_42 13 1 611 1
42 OnTime_42 14 1 306 1
42 OnTime_42 16 1 580 1
42 OnTime_42 16 1 657 1
43 OnTime_43 11 1 605 1
43 OnTime_43 12 1 244 1
43 OnTime_43 12 1 705 1
43 OnTime_43 13 1 292 1
43 OnTime_43 13 1 396 1
43 OnTime_43 14 1 695 1
43 OnTime_43 16 1 279 1
43 OnTime_43 16 1 396 1
43 OnTime_43 16 1 401 1
43 OnTime_43 16 1 476 1
43 OnTime_43 16 1 571 1
43 OnTime_43 16 1 597 1
44 OnTime_44 12 1 321 1
44 OnTime_44 12 1 484 1
44 OnTime_44 13 1 193 1
44 OnTime_44 13 1 578 1
44 OnTime_44 14 1 261 1
44 OnTime_44 15 1 193 1
44 OnTime_44 15 1 515 1
44 OnTime_44 16 1 265 1
44 OnTime_44 16 1 279 1
44 OnTime_44 16 1 442 1
44 OnTime_44 16 1 451 1
44 OnTime_44 16 1 525 1
45 OnTime_45 12 1 244 1
45 OnTime_45 12 1 350 1
45 OnTime_45 12 1 465 1
45 OnTime_45 14 1 209 1
45 OnTime_45 14 1 306 1
45 OnTime_45 15 1 716 1
45 OnTime_45 16 1 401 1
45 OnTime_45 16 1 590 1
45 OnTime_45 16 1 725 1
46 OnTime_46 12 1 705 1
46 OnTime_46 13 1 578 1
46 OnTime_46 13 1 665 1
46 OnTime_46 13 1 689 1
46 OnTime_46 13 1 763 1
46 OnTime_46 14 1 800 1
46 OnTime_46 15 1 315 1
46 OnTime_46 16 1 279 1
46 OnTime_46 16 1 391 1
46 OnTime_46 16 1 580 1
47 OnTime_47 11 1 504 1
47 OnTime_47 12 1 350 1
47 OnTime_47 13 1 689 1
47 OnTime_47 14 1 375 1
47 OnTime_47 14 1 516 1
47 OnTime_47 14 1 691 1
47 OnTime_47 15 1 184 1
47 OnTime_47 16 1 260 1
47 OnTime_47 16 1 374 1
47 OnTime_47 16 1 453 1
47 OnTime_47 16 1 525 1
48 OnTime_48 12 1 479 1
48 OnTime_48 12 1 717 1
48 OnTime_48 13 1 661 1
48 OnTime_48 14 1 331 1
48 OnTime_48 14 1 480 1
48 OnTime_48 15 1 264 1
48 OnTime_48 15 1 661 1
48 OnTime_48 15 1 717 1
48 OnTime_48 16 1 717 1
49 OnTime_49 11 1 269 1
49 OnTime_49 12 1 196 1
49 OnTime_49 12 1 484 1
49 OnTime_49 13 1 489 1
49 OnTime_49 14 1 261 1
49 OnTime_49 15 1 269 1
50 OnTime_50 11 1 218 1
50 OnTime_50 14 1 283 1
50 OnTime_50 14 1 306 1
50 OnTime_50 14 1 643 1
50 OnTime_50 15 1 269 1
50 OnTime_50 15 1 625 1
50 OnTime_50 16 1 442 1
50 OnTime_50 16 1 590 1
51 OnTime_51 11 1 438 1
51 OnTime_51 12 1 244 1
51 OnTime_51 12 1 499 1
51 OnTime_51 14 1 438 1
51 OnTime_51 14 1 695 1
51 OnTime_51 14 1 753 1
51 OnTime_51 15 1 264 1
51 OnTime_51 15 1 701 1
51 OnTime_51 16 1 451 1
51 OnTime_51 16 1 688 1
52 OnTime_52 11 1 221 1
52 OnTime_52 12 1 350 1
52 OnTime_52 12 1 398 1
52 OnTime_52 14 1 695 1
52 OnTime_52 15 1 264 1
52 OnTime_52 15 1 341 1
52 OnTime_52 15 1 501 1
52 OnTime_52 15 1 505 1
52 OnTime_52 16 1 442 1
52 OnTime_52 16 1 476 1
52 OnTime_52 16 1 505 1
53 OnTime_53 12 1 514 1
53 OnTime_53 13 1 241 1
53 OnTime_53 13 1 292 1
53 OnTime_53 13 1 689 1
53 OnTime_53 14 1 357 1
53 OnTime_53 14 1 674 1
53 OnTime_53 16 1 505 1
53 OnTime_53 16 1 597 1
54 OnTime_54 11 1 104 1
54 OnTime_54 12 1 398 1
54 OnTime_54 12 1 493 1
54 OnTime_54 13 1 489 1
54 OnTime_54 14 1 283 1
54 OnTime_54 14 1 643 1
54 OnTime_54 16 1 104 1
55 OnTime_55 11 1 553 1
55 OnTime_55 12 1 696 1
55 OnTime_55 12 1 789 1
55 OnTime_55 13 1 241 1
55 OnTime_55 14 1 261 1
55 OnTime_55 14 1 695 1
55 OnTime_55 16 1 696 1
56 OnTime_56 12 1 196 1
56 OnTime_56 13 1 487 1
56 OnTime_56 14 1 230 1
56 OnTime_56 15 1 639 1
57 OnTime_57 11 1 436 1
57 OnTime_57 12 1 316 1
57 OnTime_57 13 1 454 1
57 OnTime_57 13 1 785 1
57 OnTime_57 16 1 378 1
57 OnTime_57 16 1 610 1
58 OnTime_58 11 1 502 1
58 OnTime_58 12 1 494 1
58 OnTime_58 12 1 707 1
58 OnTime_58 14 1 480 1
58 OnTime_58 15 1 515 1
58 OnTime_58 15 1 627 1
58 OnTime_58 16 1 374 1
58 OnTime_58 16 1 378 1
58 OnTime_58 16 1 590 1
59 OnTime_59 11 1 871 1
59 OnTime_59 12 1 499 1
59 OnTime_59 13 1 568 1
59 OnTime_59 13 1 611 1
59 OnTime_59 14 1 230 1
59 OnTime_59 14 1 753 1
59 OnTime_59 16 1 637 1
60 OnTime_60 12 1 350 1
60 OnTime_60 12 1 494 1
60 OnTime_60 12 1 675 1
60 OnTime_60 13 1 241 1
60 OnTime_60 13 1 578 1
61 OnTime_61 13 1 147 1
61 OnTime_61 13 1 275 1
61 OnTime_61 13 1 302 1
61 OnTime_61 14 1 357 1
61 OnTime_61 14 1 754 1
61 OnTime_61 15 1 408 1
61 OnTime_61 15 1 661 1
61 OnTime_61 15 1 716 1
61 OnTime_61 16 1 408 1
61 OnTime_61 16 1 476 1
61 OnTime_61 16 1 580 1
62 OnTime_62 12 1 350 1
62 OnTime_62 12 1 541 1
62 OnTime_62 12 1 675 1
62 OnTime_62 13 1 568 1
62 OnTime_62 13 1 860 1
62 OnTime_62 14 1 306 1
62 OnTime_62 16 1 391 1
62 OnTime_62 16 1 453 1
62 OnTime_62 16 1 512 1
63 OnTime_63 11 1 269 1
63 OnTime_63 12 1 465 1
63 OnTime_63 12 1 514 1
63 OnTime_63 13 1 587 1
63 OnTime_63 15 1 269 1
63 OnTime_63 15 1 716 1
63 OnTime_63 16 1 442 1
63 OnTime_63 16 1 476 1
64 OnTime_64 12 1 402 1
64 OnTime_64 12 1 541 1
64 OnTime_64 12 1 707 1
64 OnTime_64 13 1 630 1
64 OnTime_64 14 1 206 1
64 OnTime_64 14 1 375 1
64 OnTime_64 15 1 341 1
64 OnTime_64 16 1 278 1
64 OnTime_64 16 1 442 1
64 OnTime_64 16 1 657 1
65 OnTime_65 12 1 658 1
65 OnTime_65 14 1 643 1
65 OnTime_65 15 1 604 1
66 OnTime_66 12 1 494 1
66 OnTime_66 13 1 487 1
66 OnTime_66 13 1 584 1
66 OnTime_66 13 1 611 1
66 OnTime_66 13 1 661 1
66 OnTime_66 15 1 315 1
66 OnTime_66 15 1 501 1
66 OnTime_66 15 1 661 1
66 OnTime_66 16 1 265 1
66 OnTime_66 16 1 378 1
66 OnTime_66 16 1 442 1
66 OnTime_66 16 1 590 1
67 OnTime_67 11 1 540 1
67 OnTime_67 12 1 445 1
67 OnTime_67 12 1 493 1
67 OnTime_67 14 1 306 1
67 OnTime_67 14 1 438 1
67 OnTime_67 14 1 806 1
67 OnTime_67 15 1 278 1
67 OnTime_67 16 1 278 1
67 OnTime_67 16 1 378 1
68 OnTime_68 12 1 244 1
68 OnTime_68 12 1 282 1
68 OnTime_68 12 1 667 1
68 OnTime_68 13 1 492 1
68 OnTime_68 13 1 665 1
68 OnTime_68 14 1 710 1
68 OnTime_68 15 1 625 1
68 OnTime_68 16 1 378 1
68 OnTime_68 16 1 451 1
69 OnTime_69 11 1 353 1
69 OnTime_69 12 1 402 1
69 OnTime_69 12 1 484 1
69 OnTime_69 13 1 313 1
69 OnTime_69 13 1 556 1
69 OnTime_69 14 1 663 1
69 OnTime_69 15 1 184 1
69 OnTime_69 15 1 351 1
69 OnTime_69 16 1 374 1
70 OnTime_70 11 1 216 1
70 OnTime_70 12 1 196 1
70 OnTime_70 12 1 452 1
70 OnTime_70 14 1 812 1
70 OnTime_70 15 1 452 1
70 OnTime_70 15 1 505 1
70 OnTime_70 16 1 216 1
70 OnTime_70 16 1 372 1
70 OnTime_70 16 1 505 1
70 OnTime_70 16 1 597 1
71 OnTime_71 11 1 666 1
71 OnTime_71 12 1 350 1
71 OnTime_71 12 1 434 1
71 OnTime_71 13 1 478 1
71 OnTime_71 16 1 442 1
72 OnTime_72 13 1 232 1
72 OnTime_72 13 1 302 1
72 OnTime_72 13 1 587 1
72 OnTime_72 13 1 616 1
72 OnTime_72 13 1 689 1
72 OnTime_72 14 1 357 1
72 OnTime_72 16 1 109 1
72 OnTime_72 16 1 265 1
72 OnTime_72 16 1 391 1
73 OnTime_73 11 1 631 1
73 OnTime_73 12 1 514 1
73 OnTime_73 12 1 662 1
73 OnTime_73 13 1 487 1
73 OnTime_73 13 1 587 1
73 OnTime_73 14 1 438 1
73 OnTime_73 15 1 97 1
73 OnTime_73 16 1 453 1
73 OnTime_73 16 1 662 1
74 OnTime_74 12 1 321 1
74 OnTime_74 12 1 764 1
74 OnTime_74 13 1 584 1
74 OnTime_74 13 1 685 1
74 OnTime_74 14 1 209 1
74 OnTime_74 14 1 674 1
74 OnTime_74 15 1 408 1
74 OnTime_74 16 1 191 1
74 OnTime_74 16 1 216 1
74 OnTime_74 16 1 391 1
74 OnTime_74 16 1 408 1
74 OnTime_74 16 1 637 1
75 OnTime_75 11 1 502 1
75 OnTime_75 13 1 193 1
75 OnTime_75 14 1 206 1
75 OnTime_75 14 1 331 1
75 OnTime_75 14 1 710 1
75 OnTime_75 14 1 817 1
75 OnTime_75 15 1 193 1
75 OnTime_75 15 1 515 1
75 OnTime_75 16 1 476 1
75 OnTime_75 16 1 595 1
76 OnTime_76 12 1 321 1
76 OnTime_76 12 1 350 1
76 OnTime_76 12 1 662 1
76 OnTime_76 14 1 331 1
76 OnTime_76 14 1 642 1
76 OnTime_76 15 1 501 1
76 OnTime_76 16 1 442 1
76 OnTime_76 16 1 637 1
76 OnTime_76 16 1 662 1
77 OnTime_77 12 1 541 1
77 OnTime_77 12 1 662 1
77 OnTime_77 13 1 478 1
77 OnTime_77 15 1 315 1
77 OnTime_77 15 1 351 1
77 OnTime_77 15 1 505 1
77 OnTime_77 16 1 505 1
77 OnTime_77 16 1 555 1
77 OnTime_77 16 1 595 1
77 OnTime_77 16 1 637 1
77 OnTime_77 16 1 662 1
77 OnTime_77 16 1 688 1
78 OnTime_78 12 1 465 1
78 OnTime_78 13 1 292 1
78 OnTime_78 14 1 230 1
78 OnTime_78 14 1 375 1
78 OnTime_78 14 1 642 1
78 OnTime_78 14 1 643 1
78 OnTime_78 15 1 515 1
78 OnTime_78 16 1 442 1
78 OnTime_78 16 1 453 1
78 OnTime_78 16 1 525 1
79 OnTime_79 11 1 218 1
79 OnTime_79 12 1 479 1
79 OnTime_79 13 1 193 1
79 OnTime_79 13 1 313 1
79 OnTime_79 15 1 193 1
79 OnTime_79 15 1 515 1
79 OnTime_79 15 1 549 1
79 OnTime_79 15 1 610 1
79 OnTime_79 16 1 216 1
79 OnTime_79 16 1 442 1
79 OnTime_79 16 1 590 1
79 OnTime_79 16 1 610 1
80 OnTime_80 13 1 241 1
80 OnTime_80 13 1 313 1
80 OnTime_80 13 1 781 1
80 OnTime_80 13 1 785 1
80 OnTime_80 14 1 357 1
80 OnTime_80 14 1 480 1
80 OnTime_80 15 1 184 1
80 OnTime_80 16 1 265 1
80 OnTime_80 16 1 637 1
81 OnTime_81 12 1 321 1
81 OnTime_81 12 1 379 1
81 OnTime_81 12 1 514 1
81 OnTime_81 13 1 492 1
81 OnTime_81 14 1 516 1
81 OnTime_81 15 1 278 1
81 OnTime_81 16 1 278 1
81 OnTime_81 16 1 657 1
81 OnTime_81 16 1 696 1
82 OnTime_82 12 1 379 1
82 OnTime_82 12 1 434 1
82 OnTime_82 13 1 556 1
83 OnTime_83 12 1 445 1
83 OnTime_83 12 1 662 1
83 OnTime_83 12 1 764 1
83 OnTime_83 13 1 478 1
83 OnTime_83 13 1 685 1
83 OnTime_83 16 1 133 1
83 OnTime_83 16 1 268 1
83 OnTime_83 16 1 378 1
83 OnTime_83 16 1 451 1
83 OnTime_83 16 1 525 1
83 OnTime_83 16 1 595 1
83 OnTime_83 16 1 662 1
84 OnTime_84 12 1 282 1
84 OnTime_84 12 1 350 1
84 OnTime_84 12 1 398 1
84 OnTime_84 13 1 325 1
84 OnTime_84 13 1 665 1
84 OnTime_84 15 1 184 1
84 OnTime_84 15 1 661 1
84 OnTime_84 16 1 378 1
84 OnTime_84 16 1 391 1
84 OnTime_84 16 1 408 1
84 OnTime_84 16 1 442 1
84 OnTime_84 16 1 512 1
85 OnTime_85 11 1 449 1
85 OnTime_85 12 1 465 1
85 OnTime_85 14 1 357 1
85 OnTime_85 14 1 375 1
85 OnTime_85 14 1 710 1
85 OnTime_85 15 1 661 1
85 OnTime_85 16 1 260 1
85 OnTime_85 16 1 386 1
85 OnTime_85 16 1 396 1
85 OnTime_85 16 1 555 1
85 OnTime_85 16 1 688 1
86 OnTime_86 12 1 514 1
86 OnTime_86 12 1 639 1
86 OnTime_86 12 1 696 1
86 OnTime_86 13 1 587 1
86 OnTime_86 14 1 209 1
86 OnTime_86 15 1 452 1
86 OnTime_86 15 1 501 1
86 OnTime_86 15 1 639 1
86 OnTime_86 16 1 451 1
86 OnTime_86 16 1 597 1
86 OnTime_86 16 1 696 1
87 OnTime_87 11 1 177 1
87 OnTime_87 13 1 302 1
87 OnTime_87 14 1 209 1
87 OnTime_87 14 1 230 1
87 OnTime_87 14 1 283 1
87 OnTime_87 14 1 357 1
87 OnTime_87 15 1 184 1
87 OnTime_87 15 1 501 1
87 OnTime_87 16 1 279 1
87 OnTime_87 16 1 374 1
87 OnTime_87 16 1 512 1
88 OnTime_88 11 1 353 1
88 OnTime_88 12 1 398 1
88 OnTime_88 12 1 419 1
88 OnTime_88 13 1 556 1
88 OnTime_88 14 1 663 1
88 OnTime_88 15 1 193 1
88 OnTime_88 15 1 501 1
88 OnTime_88 15 1 549 1
88 OnTime_88 16 1 401 1
88 OnTime_88 16 1 525 1
88 OnTime_88 16 1 580 1
89 OnTime_89 11 1 436 1
89 OnTime_89 12 1 493 1
89 OnTime_89 12 1 514 1
89 OnTime_89 14 1 480 1
89 OnTime_89 15 1 78 1
89 OnTime_89 15 1 549 1
89 OnTime_89 15 1 604 1
89 OnTime_89 15 1 639 1
89 OnTime_89 16 1 595 1
90 OnTime_90 11 1 504 1
90 OnTime_90 12 1 350 1
90 OnTime_90 12 1 398 1
90 OnTime_90 13 1 275 1
90 OnTime_90 13 1 492 1
90 OnTime_90 14 1 480 1
90 OnTime_90 15 1 97 1
90 OnTime_90 15 1 697 1
90 OnTime_90 16 1 374 1
90 OnTime_90 16 1 597 1
91 OnTime_91 11 1 705 1
91 OnTime_91 12 1 705 1
91 OnTime_91 13 1 454 1
91 OnTime_91 13 1 584 1
91 OnTime_91 14 1 173 1
91 OnTime_91 16 1 260 1
91 OnTime_91 16 1 451 1
91 OnTime_91 16 1 571 1
91 OnTime_91 16 1 595 1
92 OnTime_92 12 1 175 1
92 OnTime_92 12 1 493 1
92 OnTime_92 14 1 283 1
92 OnTime_92 14 1 357 1
92 OnTime_92 14 1 438 1
92 OnTime_92 14 1 488 1
92 OnTime_92 15 1 341 1
92 OnTime_92 16 1 104 1
92 OnTime_92 16 1 133 1
92 OnTime_92 16 1 279 1
92 OnTime_92 16 1 386 1
92 OnTime_92 16 1 696 1
93 OnTime_93 11 1 502 1
93 OnTime_93 12 1 196 1
93 OnTime_93 12 1 629 1
93 OnTime_93 14 1 488 1
93 OnTime_93 14 1 642 1
93 OnTime_93 14 1 663 1
93 OnTime_93 15 1 193 1
93 OnTime_93 16 1 451 1
93 OnTime_93 16 1 476 1
94 OnTime_94 11 1 502 1
94 OnTime_94 12 1 479 1
94 OnTime_94 14 1 209 1
94 OnTime_94 14 1 261 1
94 OnTime_94 14 1 306 1
94 OnTime_94 14 1 516 1
94 OnTime_94 15 1 408 1
94 OnTime_94 15 1 625 1
94 OnTime_94 16 1 408 1
95 OnTime_95 12 1 445 1
95 OnTime_95 12 1 479 1
95 OnTime_95 12 1 639 1
95 OnTime_95 13 1 611 1
95 OnTime_95 14 1 261 1
95 OnTime_95 15 1 269 1
95 OnTime_95 15 1 639 1
96 OnTime_96 11 1 320 1
96 OnTime_96 13 1 231 1
96 OnTime_96 13 1 367 1
96 OnTime_96 13 1 556 1
96 OnTime_96 13 1 665 1
96 OnTime_96 16 1 191 1
96 OnTime_96 16 1 378 1
96 OnTime_96 16 1 442 1
97 OnTime_97 12 1 398 1
97 OnTime_97 12 1 662 1
97 OnTime_97 14 1 237 1
97 OnTime_97 14 1 283 1
97 OnTime_97 14 1 695 1
97 OnTime_97 15 1 78 1
97 OnTime_97 15 1 269 1
97 OnTime_97 15 1 639 1
97 OnTime_97 16 1 374 1
97 OnTime_97 16 1 595 1
97 OnTime_97 16 1 597 1
97 OnTime_97 16 1 662 1
98 OnTime_98 12 1 398 1
98 OnTime_98 12 1 402 1
98 OnTime_98 14 1 173 1
98 OnTime_98 14 1 209 1
98 OnTime_98 14 1 331 1
98 OnTime_98 15 1 269 1
98 OnTime_98 16 1 279 1
98 OnTime_98 16 1 386 1
99 OnTime_99 14 1 209 1
99 OnTime_99 14 1 357 1
99 OnTime_99 14 1 802 1
99 OnTime_99 15 1 341 1
99 OnTime_99 15 1 515 1
99 OnTime_99 15 1 604 1
99 OnTime_99 15 1 610 1
99 OnTime_99 15 1 624 1
99 OnTime_99 16 1 580 1
99 OnTime_99 16 1 610 1
99 OnTime_99 16 1 637 1
99 OnTime_99 16 1 845 1
100 OnTime_100 13 1 367 1
100 OnTime_100 13 1 478 1
100 OnTime_100 13 1 611 1
100 OnTime_100 14 1 375 1
100 OnTime_100 15 1 505 1
100 OnTime_100 15 1 681 1
100 OnTime_100 16 1 265 1
100 OnTime_100 16 1 372 1
100 OnTime_100 16 1 391 1
100 OnTime_100 16 1 505 1
100 OnTime_100 16 1 677 1
100 OnTime_100 16 1 696 1
101 OnTime_101 12 1 493 1
101 OnTime_101 12 1 658 1
101 OnTime_101 12 1 755 1
101 OnTime_101 13 1 584 1
101 OnTime_101 14 1 331 1
101 OnTime_101 16 1 442 1
101 OnTime_101 16 1 453 1
101 OnTime_101 16 1 610 1
102 OnTime_102 11 1 320 1
102 OnTime_102 13 1 147 1
102 OnTime_102 13 1 492 1
102 OnTime_102 13 1 568 1
102 OnTime_102 13 1 665 1
102 OnTime_102 14 1 206 1
102 OnTime_102 15 1 515 1
102 OnTime_102 15 1 661 1
102 OnTime_102 16 1 476 1
102 OnTime_102 16 1 555 1
103 OnTime_103 12 1 321 1
103 OnTime_103 12 1 445 1
103 OnTime_103 13 1 275 1
103 OnTime_103 13 1 556 1
103 OnTime_103 13 1 611 1
103 OnTime_103 15 1 101 1
103 OnTime_103 15 1 452 1
103 OnTime_103 16 1 590 1
104 OnTime_104 12 1 141 1
104 OnTime_104 12 1 282 1
104 OnTime_104 12 1 764 1
104 OnTime_104 13 1 313 1
104 OnTime_104 13 1 492 1
104 OnTime_104 16 1 216 1
104 OnTime_104 16 1 442 1
104 OnTime_104 16 1 597 1
104 OnTime_104 16 1 677 1
105 OnTime_105 12 1 244 1
105 OnTime_105 12 1 434 1
105 OnTime_105 14 1 643 1
105 OnTime_105 14 1 800 1
105 OnTime_105 15 1 184 1
105 OnTime_105 15 1 269 1
105 OnTime_105 16 1 279 1
105 OnTime_105 16 1 401 1
105 OnTime_105 16 1 408 1
105 OnTime_105 16 1 476 1
105 OnTime_105 16 1 597 1
105 OnTime_105 16 1 657 1
106 OnTime_106 11 1 502 1
106 OnTime_106 12 1 398 1
106 OnTime_106 12 1 445 1
106 OnTime_106 13 1 556 1
106 OnTime_106 15 1 549 1
106 OnTime_106 16 1 260 1
106 OnTime_106 16 1 265 1
106 OnTime_106 16 1 374 1
106 OnTime_106 16 1 725 1
107 OnTime_107 13 1 232 1
107 OnTime_107 13 1 454 1
107 OnTime_107 13 1 478 1
107 OnTime_107 13 1 584 1
107 OnTime_107 13 1 822 1
107 OnTime_107 14 1 663 1
107 OnTime_107 15 1 625 1
107 OnTime_107 16 1 637 1
108 OnTime_108 12 1 465 1
108 OnTime_108 12 1 489 1
108 OnTime_108 12 1 676 1
108 OnTime_108 13 1 125 1
108 OnTime_108 13 1 454 1
108 OnTime_108 14 1 357 1
108 OnTime_108 15 1 408 1
108 OnTime_108 15 1 501 1
108 OnTime_108 16 1 278 1
108 OnTime_108 16 1 386 1
108 OnTime_108 16 1 408 1
109 OnTime_109 12 1 499 1
109 OnTime_109 13 1 241 1
109 OnTime_109 13 1 292 1
109 OnTime_109 13 1 367 1
109 OnTime_109 13 1 568 1
109 OnTime_109 14 1 283 1
109 OnTime_109 16 1 657 1
109 OnTime_109 16 1 688 1
110 OnTime_110 11 1 553 1
110 OnTime_110 12 1 350 1
110 OnTime_110 13 1 396 1
110 OnTime_110 13 1 751 1
110 OnTime_110 14 1 710 1
110 OnTime_110 16 1 391 1
110 OnTime_110 16 1 396 1
110 OnTime_110 16 1 453 1
111 OnTime_111 11 1 438 1
111 OnTime_111 12 1 434 1
111 OnTime_111 12 1 465 1
111 OnTime_111 14 1 438 1
111 OnTime_111 16 1 374 1
111 OnTime_111 16 1 378 1
112 OnTime_112 11 1 504 1
112 OnTime_112 12 1 73 1
112 OnTime_112 13 1 292 1
112 OnTime_112 13 1 325 1
112 OnTime_112 13 1 578 1
112 OnTime_112 14 1 206 1
112 OnTime_112 15 1 701 1
112 OnTime_112 16 1 512 1
112 OnTime_112 16 1 555 1
113 OnTime_113 11 1 438 1
113 OnTime_113 13 1 193 1
113 OnTime_113 13 1 689 1
113 OnTime_113 14 1 438 1
113 OnTime_113 14 1 516 1
113 OnTime_113 15 1 184 1
113 OnTime_113 15 1 193 1
113 OnTime_113 15 1 639 1
113 OnTime_113 16 1 191 1
113 OnTime_113 16 1 401 1
114 OnTime_114 11 1 449 1
114 OnTime_114 14 1 209 1
114 OnTime_114 14 1 516 1
114 OnTime_114 14 1 643 1
114 OnTime_114 14 1 663 1
114 OnTime_114 15 1 264 1
114 OnTime_114 15 1 315 1
114 OnTime_114 16 1 372 1
114 OnTime_114 16 1 401 1
114 OnTime_114 16 1 476 1
114 OnTime_114 16 1 525 1
114 OnTime_114 16 1 725 1
115 OnTime_115 12 1 419 1
115 OnTime_115 12 1 479 1
115 OnTime_115 12 1 489 1
115 OnTime_115 13 1 489 1
115 OnTime_115 13 1 578 1
115 OnTime_115 15 1 515 1
115 OnTime_115 16 1 378 1
115 OnTime_115 16 1 451 1
116 OnTime_116 12 1 445 1
116 OnTime_116 12 1 658 1
116 OnTime_116 15 1 264 1
116 OnTime_116 15 1 408 1
116 OnTime_116 15 1 452 1
116 OnTime_116 15 1 505 1
116 OnTime_116 15 1 515 1
116 OnTime_116 15 1 610 1
116 OnTime_116 16 1 408 1
116 OnTime_116 16 1 505 1
116 OnTime_116 16 1 590 1
116 OnTime_116 16 1 610 1
117 OnTime_117 12 1 116 1
117 OnTime_117 12 1 484 1
117 OnTime_117 12 1 622 1
117 OnTime_117 13 1 556 1
117 OnTime_117 14 1 375 1
117 OnTime_117 15 1 264 1
117 OnTime_117 15 1 452 1
117 OnTime_117 15 1 624 1
117 OnTime_117 16 1 386 1
118 OnTime_118 13 1 162 1
118 OnTime_118 13 1 313 1
118 OnTime_118 13 1 578 1
118 OnTime_118 14 1 480 1
118 OnTime_118 14 1 488 1
118 OnTime_118 14 1 695 1
118 OnTime_118 16 1 279 1
118 OnTime_118 16 1 378 1
118 OnTime_118 16 1 386 1
118 OnTime_118 16 1 841 1
119 OnTime_119 11 1 177 1
119 OnTime_119 14 1 283 1
119 OnTime_119 15 1 269 1
119 OnTime_119 15 1 515 1
119 OnTime_119 16 1 372 1
119 OnTime_119 16 1 453 1
119 OnTime_119 16 1 688 1
120 OnTime_120 12 1 489 1
120 OnTime_120 13 1 275 1
120 OnTime_120 13 1 325 1
120 OnTime_120 13 1 489 1
120 OnTime_120 13 1 556 1
120 OnTime_120 14 1 480 1
120 OnTime_120 15 1 452 1
120 OnTime_120 15 1 501 1
120 OnTime_120 16 1 191 1
120 OnTime_120 16 1 374 1
120 OnTime_120 16 1 378 1
121 OnTime_121 11 1 605 1
121 OnTime_121 12 1 541 1
121 OnTime_121 14 1 209 1
121 OnTime_121 14 1 331 1
121 OnTime_121 14 1 488 1
121 OnTime_121 14 1 516 1
121 OnTime_121 15 1 717 1
121 OnTime_121 16 1 260 1
121 OnTime_121 16 1 595 1
121 OnTime_121 16 1 610 1
121 OnTime_121 16 1 717 1
122 OnTime_122 12 1 175 1
122 OnTime_122 12 1 350 1
122 OnTime_122 12 1 675 1
122 OnTime_122 13 1 492 1
122 OnTime_122 14 1 488 1
122 OnTime_122 14 1 691 1
122 OnTime_122 15 1 315 1
122 OnTime_122 15 1 501 1
122 OnTime_122 16 1 191 1
122 OnTime_122 16 1 525 1
122 OnTime_122 16 1 580 1
122 OnTime_122 16 1 662 1
123 OnTime_123 12 1 398 1
123 OnTime_123 12 1 479 1
123 OnTime_123 12 1 705 1
123 OnTime_123 13 1 454 1
123 OnTime_123 15 1 624 1
123 OnTime_123 16 1 374 1
123 OnTime_123 16 1 386 1
124 OnTime_124 12 1 379 1
124 OnTime_124 12 1 402 1
124 OnTime_124 12 1 667 1
124 OnTime_124 13 1 125 1
124 OnTime_124 13 1 665 1
124 OnTime_124 14 1 488 1
124 OnTime_124 15 1 269 1
124 OnTime_124 15 1 501 1
124 OnTime_124 16 1 191 1
124 OnTime_124 16 1 386 1
124 OnTime_124 16 1 657 1
125 OnTime_125 12 1 350 1
125 OnTime_125 13 1 292 1
125 OnTime_125 13 1 313 1
125 OnTime_125 13 1 630 1
125 OnTime_125 13 1 823 1
125 OnTime_125 14 1 357 1
125 OnTime_125 15 1 184 1
125 OnTime_125 16 1 391 1
125 OnTime_125 16 1 401 1
125 OnTime_125 16 1 453 1
125 OnTime_125 16 1 476 1
125 OnTime_125 16 1 677 1
126 OnTime_126 12 1 321 1
126 OnTime_126 12 1 499 1
126 OnTime_126 12 1 624 1
126 OnTime_126 13 1 302 1
126 OnTime_126 13 1 454 1
126 OnTime_126 14 1 306 1
126 OnTime_126 15 1 624 1
126 OnTime_126 16 1 372 1
126 OnTime_126 16 1 821 1
127 OnTime_127 12 1 398 1
127 OnTime_127 12 1 419 1
127 OnTime_127 12 1 705 1
127 OnTime_127 13 1 367 1
127 OnTime_127 13 1 795 1
127 OnTime_127 15 1 269 1
127 OnTime_127 15 1 452 1
127 OnTime_127 15 1 697 1
127 OnTime_127 16 1 374 1
127 OnTime_127 16 1 696 1
127 OnTime_127 16 1 862 1
128 OnTime_128 11 1 353 1
128 OnTime_128 12 1 268 1
128 OnTime_128 13 1 193 1
128 OnTime_128 13 1 367 1
128 OnTime_128 13 1 630 1
128 OnTime_128 14 1 357 1
128 OnTime_128 15 1 193 1
128 OnTime_128 15 1 625 1
128 OnTime_128 16 1 265 1
128 OnTime_128 16 1 268 1
128 OnTime_128 16 1 571 1
129 OnTime_129 11 1 221 1
129 OnTime_129 12 1 379 1
129 OnTime_129 12 1 494 1
129 OnTime_129 13 1 685 1
129 OnTime_129 13 1 781 1
129 OnTime_129 15 1 269 1
129 OnTime_129 15 1 549 1
129 OnTime_129 16 1 191 1
129 OnTime_129 16 1 374 1
129 OnTime_129 16 1 378 1
129 OnTime_129 16 1 610 1
129 OnTime_129 16 1 719 1
130 OnTime_130 11 1 466 1
130 OnTime_130 12 1 175 1
130 OnTime_130 12 1 662 1
130 OnTime_130 13 1 275 1
130 OnTime_130 13 1 454 1
130 OnTime_130 16 1 191 1
130 OnTime_130 16 1 260 1
130 OnTime_130 16 1 401 1
130 OnTime_130 16 1 662 1
130 OnTime_130 16 1 725 1
131 OnTime_131 11 1 466 1
131 OnTime_131 12 1 639 1
131 OnTime_131 13 1 396 1
131 OnTime_131 13 1 587 1
131 OnTime_131 13 1 661 1
131 OnTime_131 15 1 639 1
131 OnTime_131 15 1 661 1
131 OnTime_131 16 1 378 1
131 OnTime_131 16 1 396 1
132 OnTime_132 11 1 348 1
132 OnTime_132 13 1 578 1
132 OnTime_132 13 1 661 1
132 OnTime_132 14 1 283 1
132 OnTime_132 14 1 357 1
132 OnTime_132 14 1 642 1
132 OnTime_132 15 1 627 1
132 OnTime_132 15 1 661 1
132 OnTime_132 16 1 391 1
133 OnTime_133 11 1 320 1
133 OnTime_133 12 1 246 1
133 OnTime_133 12 1 735 1
133 OnTime_133 13 1 313 1
133 OnTime_133 15 1 515 1
134 OnTime_134 11 1 188 1
134 OnTime_134 12 1 675 1
134 OnTime_134 13 1 492 1
134 OnTime_134 14 1 283 1
134 OnTime_134 15 1 549 1
134 OnTime_134 15 1 610 1
134 OnTime_134 16 1 279 1
134 OnTime_134 16 1 378 1
134 OnTime_134 16 1 391 1
134 OnTime_134 16 1 525 1
134 OnTime_134 16 1 590 1
134 OnTime_134 16 1 610 1
135 OnTime_135 11 1 218 1
135 OnTime_135 12 1 244 1
135 OnTime_135 12 1 675 1
135 OnTime_135 13 1 325 1
135 OnTime_135 14 1 663 1
135 OnTime_135 15 1 549 1
135 OnTime_135 16 1 555 1
136 OnTime_136 13 1 193 1
136 OnTime_136 13 1 292 1
136 OnTime_136 13 1 578 1
136 OnTime_136 15 1 193 1
136 OnTime_136 15 1 315 1
136 OnTime_136 15 1 604 1
136 OnTime_136 16 1 391 1
136 OnTime_136 16 1 396 1
136 OnTime_136 16 1 442 1
136 OnTime_136 16 1 525 1
136 OnTime_136 16 1 590 1
136 OnTime_136 16 1 677 1
137 OnTime_137 12 1 398 1
137 OnTime_137 12 1 434 1
137 OnTime_137 12 1 622 1
137 OnTime_137 13 1 292 1
137 OnTime_137 13 1 689 1
137 OnTime_137 14 1 695 1
137 OnTime_137 15 1 627 1
137 OnTime_137 16 1 453 1
138 OnTime_138 11 1 188 1
138 OnTime_138 12 1 246 1
138 OnTime_138 12 1 707 1
138 OnTime_138 14 1 357 1
138 OnTime_138 16 1 191 1
138 OnTime_138 16 1 442 1
138 OnTime_138 16 1 595 1
139 OnTime_139 12 1 434 1
139 OnTime_139 13 1 396 1
139 OnTime_139 13 1 454 1
139 OnTime_139 14 1 488 1
139 OnTime_139 14 1 516 1
139 OnTime_139 15 1 505 1
139 OnTime_139 15 1 515 1
139 OnTime_139 16 1 265 1
139 OnTime_139 16 1 374 1
139 OnTime_139 16 1 396 1
139 OnTime_139 16 1 505 1
139 OnTime_139 16 1 571 1
140 OnTime_140 11 1 493 1
140 OnTime_140 12 1 493 1
140 OnTime_140 13 1 492 1
140 OnTime_140 14 1 237 1
140 OnTime_140 14 1 691 1
140 OnTime_140 15 1 278 1
140 OnTime_140 15 1 625 1
140 OnTime_140 16 1 260 1
140 OnTime_140 16 1 278 1
140 OnTime_140 16 1 378 1
140 OnTime_140 16 1 580 1
140 OnTime_140 16 1 688 1
141 OnTime_141 12 1 622 1
141 OnTime_141 13 1 302 1
141 OnTime_141 13 1 367 1
141 OnTime_141 13 1 454 1
141 OnTime_141 13 1 568 1
141 OnTime_141 14 1 375 1
141 OnTime_141 16 1 688 1
142 OnTime_142 12 1 514 1
142 OnTime_142 12 1 667 1
142 OnTime_142 12 1 707 1
142 OnTime_142 14 1 237 1
142 OnTime_142 14 1 357 1
142 OnTime_142 14 1 643 1
142 OnTime_142 15 1 549 1
142 OnTime_142 15 1 681 1
142 OnTime_142 16 1 374 1
142 OnTime_142 16 1 391 1
142 OnTime_142 16 1 476 1
142 OnTime_142 16 1 677 1
143 OnTime_143 11 1 438 1
143 OnTime_143 13 1 751 1
143 OnTime_143 14 1 438 1
143 OnTime_143 14 1 642 1
143 OnTime_143 14 1 691 1
143 OnTime_143 15 1 184 1
143 OnTime_143 15 1 501 1
143 OnTime_143 15 1 624 1
143 OnTime_143 16 1 396 1
143 OnTime_143 16 1 401 1
143 OnTime_143 16 1 571 1
144 OnTime_144 12 1 445 1
144 OnTime_144 12 1 499 1
144 OnTime_144 13 1 367 1
144 OnTime_144 13 1 685 1
144 OnTime_144 14 1 643 1
144 OnTime_144 14 1 674 1
144 OnTime_144 15 1 408 1
144 OnTime_144 15 1 515 1
144 OnTime_144 16 1 260 1
144 OnTime_144 16 1 408 1
145 OnTime_145 13 1 231 1
145 OnTime_145 13 1 454 1
145 OnTime_145 13 1 487 1
145 OnTime_145 13 1 556 1
145 OnTime_145 13 1 685 1
145 OnTime_145 14 1 480 1
145 OnTime_145 15 1 269 1
145 OnTime_145 15 1 604 1
145 OnTime_145 16 1 83 1
145 OnTime_145 16 1 451 1
145 OnTime_145 16 1 657 1
145 OnTime_145 16 1 719 1
146 OnTime_146 12 1 662 1
146 OnTime_146 12 1 707 1
146 OnTime_146 13 1 275 1
146 OnTime_146 13 1 489 1
146 OnTime_146 13 1 578 1
146 OnTime_146 15 1 722 1
146 OnTime_146 16 1 191 1
146 OnTime_146 16 1 442 1
146 OnTime_146 16 1 453 1
146 OnTime_146 16 1 662 1
147 OnTime_147 12 1 717 1
147 OnTime_147 13 1 556 1
147 OnTime_147 13 1 578 1
147 OnTime_147 13 1 689 1
147 OnTime_147 15 1 351 1
147 OnTime_147 15 1 452 1
147 OnTime_147 15 1 610 1
147 OnTime_147 15 1 717 1
147 OnTime_147 16 1 372 1
147 OnTime_147 16 1 391 1
147 OnTime_147 16 1 610 1
147 OnTime_147 16 1 717 1
148 OnTime_148 12 1 479 1
148 OnTime_148 12 1 675 1
148 OnTime_148 13 1 611 1
148 OnTime_148 13 1 630 1
148 OnTime_148 15 1 278 1
148 OnTime_148 16 1 191 1
148 OnTime_148 16 1 278 1
148 OnTime_148 16 1 401 1
148 OnTime_148 16 1 442 1
148 OnTime_148 16 1 597 1
148 OnTime_148 16 1 637 1
148 OnTime_148 16 1 725 1
149 OnTime_149 11 1 419 1
149 OnTime_149 12 1 419 1
149 OnTime_149 13 1 98 1
149 OnTime_149 14 1 375 1
149 OnTime_149 15 1 184 1
149 OnTime_149 15 1 501 1
149 OnTime_149 15 1 625 1
149 OnTime_149 16 1 372 1
149 OnTime_149 16 1 451 1
149 OnTime_149 16 1 725 1
150 OnTime_150 13 1 325 1
150 OnTime_150 13 1 487 1
150 OnTime_150 13 1 568 1
150 OnTime_150 14 1 516 1
150 OnTime_150 14 1 643 1
150 OnTime_150 14 1 858 1
150 OnTime_150 15 1 505 1
150 OnTime_150 15 1 625 1
150 OnTime_150 16 1 386 1
150 OnTime_150 16 1 451 1
150 OnTime_150 16 1 505 1
150 OnTime_150 16 1 677 1
151 OnTime_151 11 1 460 1
151 OnTime_151 12 1 514 1
151 OnTime_151 12 1 541 1
151 OnTime_151 13 1 556 1
151 OnTime_151 15 1 408 1
151 OnTime_151 15 1 661 1
151 OnTime_151 16 1 278 1
151 OnTime_151 16 1 408 1
151 OnTime_151 16 1 555 1
151 OnTime_151 16 1 590 1
151 OnTime_151 16 1 595 1
151 OnTime_151 16 1 677 1
152 OnTime_152 13 1 578 1
152 OnTime_152 13 1 587 1
152 OnTime_152 13 1 661 1
152 OnTime_152 14 1 438 1
152 OnTime_152 14 1 643 1
152 OnTime_152 15 1 315 1
152 OnTime_152 15 1 604 1
152 OnTime_152 15 1 661 1
152 OnTime_152 16 1 374 1
152 OnTime_152 16 1 696 1
153 OnTime_153 13 1 325 1
153 OnTime_153 13 1 367 1
153 OnTime_153 13 1 454 1
153 OnTime_153 13 1 556 1
153 OnTime_153 13 1 630 1
153 OnTime_153 14 1 802 1
153 OnTime_153 15 1 408 1
153 OnTime_153 15 1 625 1
153 OnTime_153 16 1 378 1
153 OnTime_153 16 1 396 1
153 OnTime_153 16 1 408 1
153 OnTime_153 16 1 476 1
154 OnTime_154 11 1 436 1
154 OnTime_154 12 1 484 1
154 OnTime_154 12 1 675 1
154 OnTime_154 13 1 292 1
154 OnTime_154 13 1 492 1
154 OnTime_154 15 1 264 1
154 OnTime_154 15 1 351 1
154 OnTime_154 16 1 260 1
154 OnTime_154 16 1 590 1
155 OnTime_155 11 1 519 1
155 OnTime_155 13 1 556 1
155 OnTime_155 14 1 438 1
155 OnTime_155 15 1 269 1
155 OnTime_155 15 1 278 1
155 OnTime_155 15 1 351 1
155 OnTime_155 16 1 278 1
155 OnTime_155 16 1 555 1
155 OnTime_155 16 1 637 1
156 OnTime_156 11 1 502 1
156 OnTime_156 12 1 350 1
156 OnTime_156 13 1 556 1
156 OnTime_156 16 1 268 1
156 OnTime_156 16 1 453 1
156 OnTime_156 16 1 590 1
157 OnTime_157 12 1 434 1
157 OnTime_157 13 1 302 1
157 OnTime_157 13 1 492 1
157 OnTime_157 14 1 209 1
157 OnTime_157 14 1 261 1
157 OnTime_157 14 1 331 1
157 OnTime_157 16 1 216 1
157 OnTime_157 16 1 555 1
158 OnTime_158 11 1 177 1
158 OnTime_158 13 1 556 1
158 OnTime_158 13 1 611 1
158 OnTime_158 14 1 357 1
158 OnTime_158 15 1 452 1
158 OnTime_158 15 1 604 1
159 OnTime_159 12 1 268 1
159 OnTime_159 12 1 479 1
159 OnTime_159 12 1 675 1
159 OnTime_159 14 1 375 1
159 OnTime_159 15 1 452 1
159 OnTime_159 16 1 268 1
159 OnTime_159 16 1 453 1
160 OnTime_160 11 1 631 1
160 OnTime_160 12 1 479 1
160 OnTime_160 12 1 707 1
160 OnTime_160 15 1 501 1
160 OnTime_160 15 1 549 1
160 OnTime_160 15 1 604 1
161 OnTime_161 11 1 251 1
161 OnTime_161 12 1 434 1
161 OnTime_161 12 1 541 1
161 OnTime_161 13 1 478 1
161 OnTime_161 13 1 685 1
161 OnTime_161 14 1 331 1
161 OnTime_161 15 1 184 1
161 OnTime_161 15 1 772 1
161 OnTime_161 16 1 278 1
161 OnTime_161 16 1 372 1
161 OnTime_161 16 1 725 1
161 OnTime_161 16 1 868 1
162 OnTime_162 12 1 445 1
162 OnTime_162 12 1 479 1
162 OnTime_162 12 1 764 1
162 OnTime_162 13 1 487 1
162 OnTime_162 13 1 839 1
162 OnTime_162 14 1 488 1
162 OnTime_162 15 1 716 1
162 OnTime_162 16 1 590 1
163 OnTime_163 12 1 321 1
163 OnTime_163 12 1 465 1
163 OnTime_163 12 1 696 1
163 OnTime_163 14 1 357 1
163 OnTime_163 14 1 375 1
163 OnTime_163 14 1 710 1
163 OnTime_163 15 1 505 1
163 OnTime_163 16 1 372 1
163 OnTime_163 16 1 378 1
163 OnTime_163 16 1 505 1
163 OnTime_163 16 1 555 1
163 OnTime_163 16 1 696 1
164 OnTime_164 11 1 750 1
164 OnTime_164 12 1 465 1
164 OnTime_164 12 1 629 1
164 OnTime_164 13 1 193 1
164 OnTime_164 13 1 751 1
164 OnTime_164 15 1 315 1
164 OnTime_164 15 1 549 1
164 OnTime_164 16 1 442 1
164 OnTime_164 16 1 453 1
164 OnTime_164 16 1 505 1
164 OnTime_164 16 1 637 1
164 OnTime_164 16 1 841 1
165 OnTime_165 11 1 471 1
165 OnTime_165 13 1 292 1
165 OnTime_165 13 1 325 1
165 OnTime_165 13 1 568 1
165 OnTime_165 13 1 781 1
165 OnTime_165 14 1 306 1
165 OnTime_165 15 1 501 1
165 OnTime_165 15 1 549 1
165 OnTime_165 16 1 86 1
165 OnTime_165 16 1 442 1
165 OnTime_165 16 1 512 1
165 OnTime_165 16 1 662 1
166 OnTime_166 11 1 504 1
166 OnTime_166 12 1 465 1
166 OnTime_166 12 1 493 1
166 OnTime_166 13 1 193 1
166 OnTime_166 13 1 587 1
166 OnTime_166 14 1 306 1
166 OnTime_166 15 1 193 1
166 OnTime_166 15 1 697 1
166 OnTime_166 16 1 216 1
166 OnTime_166 16 1 442 1
167 OnTime_167 12 1 196 1
167 OnTime_167 12 1 246 1
167 OnTime_167 12 1 445 1
167 OnTime_167 13 1 125 1
167 OnTime_167 16 1 372 1
167 OnTime_167 16 1 374 1
167 OnTime_167 16 1 451 1
167 OnTime_167 16 1 525 1
168 OnTime_168 12 1 196 1
168 OnTime_168 12 1 452 1
168 OnTime_168 12 1 707 1
168 OnTime_168 13 1 231 1
168 OnTime_168 13 1 611 1
168 OnTime_168 15 1 184 1
168 OnTime_168 15 1 452 1
168 OnTime_168 16 1 265 1
168 OnTime_168 16 1 453 1
168 OnTime_168 16 1 677 1
169 OnTime_169 12 1 244 1
169 OnTime_169 12 1 316 1
169 OnTime_169 12 1 707 1
169 OnTime_169 13 1 630 1
169 OnTime_169 13 1 861 1
169 OnTime_169 15 1 351 1
169 OnTime_169 15 1 604 1
169 OnTime_169 15 1 627 1
169 OnTime_169 16 1 265 1
169 OnTime_169 16 1 401 1
170 OnTime_170 12 1 282 1
170 OnTime_170 12 1 465 1
170 OnTime_170 12 1 493 1
170 OnTime_170 13 1 367 1
170 OnTime_170 15 1 264 1
170 OnTime_170 15 1 341 1
170 OnTime_170 15 1 408 1
170 OnTime_170 15 1 505 1
170 OnTime_170 16 1 260 1
170 OnTime_170 16 1 408 1
170 OnTime_170 16 1 453 1
170 OnTime_170 16 1 505 1
171 OnTime_171 13 1 367 1
171 OnTime_171 13 1 489 1
171 OnTime_171 13 1 665 1
171 OnTime_171 13 1 751 1
171 OnTime_171 14 1 488 1
171 OnTime_171 14 1 643 1
171 OnTime_171 15 1 505 1
171 OnTime_171 16 1 268 1
171 OnTime_171 16 1 505 1
171 OnTime_171 16 1 571 1
171 OnTime_171 16 1 841 1
172 OnTime_172 12 1 402 1
172 OnTime_172 13 1 70 1
172 OnTime_172 13 1 139 1
172 OnTime_172 13 1 241 1
172 OnTime_172 13 1 578 1
172 OnTime_172 15 1 341 1
172 OnTime_172 15 1 515 1
172 OnTime_172 16 1 525 1
172 OnTime_172 16 1 677 1
173 OnTime_173 11 1 449 1
173 OnTime_173 13 1 695 1
173 OnTime_173 14 1 331 1
173 OnTime_173 14 1 438 1
173 OnTime_173 14 1 516 1
173 OnTime_173 14 1 643 1
173 OnTime_173 15 1 351 1
173 OnTime_173 16 1 268 1
173 OnTime_173 16 1 442 1
174 OnTime_174 11 1 436 1
174 OnTime_174 12 1 419 1
174 OnTime_174 12 1 717 1
174 OnTime_174 13 1 454 1
174 OnTime_174 15 1 639 1
174 OnTime_174 15 1 717 1
174 OnTime_174 16 1 401 1
174 OnTime_174 16 1 442 1
174 OnTime_174 16 1 476 1
174 OnTime_174 16 1 580 1
174 OnTime_174 16 1 595 1
174 OnTime_174 16 1 717 1
175 OnTime_175 11 1 419 1
175 OnTime_175 13 1 147 1
175 OnTime_175 13 1 232 1
175 OnTime_175 13 1 313 1
175 OnTime_175 13 1 584 1
175 OnTime_175 14 1 375 1
175 OnTime_175 15 1 315 1
175 OnTime_175 15 1 604 1
175 OnTime_175 16 1 372 1
175 OnTime_175 16 1 453 1
175 OnTime_175 16 1 590 1
175 OnTime_175 16 1 688 1
176 OnTime_176 12 1 282 1
176 OnTime_176 12 1 452 1
176 OnTime_176 12 1 514 1
176 OnTime_176 13 1 781 1
176 OnTime_176 14 1 283 1
176 OnTime_176 14 1 663 1
176 OnTime_176 15 1 452 1
176 OnTime_176 16 1 555 1
176 OnTime_176 16 1 571 1
177 OnTime_177 11 1 188 1
177 OnTime_177 12 1 484 1
177 OnTime_177 14 1 375 1
177 OnTime_177 14 1 643 1
177 OnTime_177 15 1 681 1
177 OnTime_177 16 1 216 1
177 OnTime_177 16 1 372 1
177 OnTime_177 16 1 597 1
178 OnTime_178 11 1 353 1
178 OnTime_178 13 1 232 1
178 OnTime_178 13 1 302 1
178 OnTime_178 14 1 306 1
178 OnTime_178 14 1 642 1
178 OnTime_178 16 1 391 1
178 OnTime_178 16 1 590 1
179 OnTime_179 13 1 313 1
179 OnTime_179 13 1 478 1
179 OnTime_179 13 1 578 1
179 OnTime_179 14 1 357 1
179 OnTime_179 14 1 480 1
179 OnTime_179 14 1 674 1
179 OnTime_179 15 1 341 1
179 OnTime_179 16 1 279 1
179 OnTime_179 16 1 677 1
180 OnTime_180 13 1 313 1
180 OnTime_180 13 1 367 1
180 OnTime_180 13 1 396 1
180 OnTime_180 13 1 489 1
180 OnTime_180 13 1 781 1
180 OnTime_180 14 1 209 1
180 OnTime_180 15 1 341 1
180 OnTime_180 16 1 396 1
180 OnTime_180 16 1 677 1
181 OnTime_181 12 1 350 1
181 OnTime_181 12 1 541 1
181 OnTime_181 12 1 705 1
181 OnTime_181 13 1 685 1
181 OnTime_181 14 1 206 1
181 OnTime_181 14 1 375 1
181 OnTime_181 15 1 408 1
181 OnTime_181 15 1 639 1
181 OnTime_181 16 1 396 1
181 OnTime_181 16 1 408 1
181 OnTime_181 16 1 657 1
182 OnTime_182 12 1 398 1
182 OnTime_182 12 1 493 1
182 OnTime_182 14 1 283 1
182 OnTime_182 14 1 480 1
182 OnTime_182 14 1 695 1
182 OnTime_182 14 1 800 1
182 OnTime_182 15 1 501 1
182 OnTime_182 16 1 268 1
182 OnTime_182 16 1 374 1
182 OnTime_182 16 1 571 1
183 OnTime_183 13 1 367 1
183 OnTime_183 13 1 489 1
183 OnTime_183 13 1 578 1
183 OnTime_183 13 1 611 1
183 OnTime_183 13 1 685 1
183 OnTime_183 14 1 206 1
183 OnTime_183 15 1 351 1
183 OnTime_183 15 1 408 1
183 OnTime_183 16 1 408 1
184 OnTime_184 11 1 768 1
184 OnTime_184 12 1 419 1
184 OnTime_184 12 1 541 1
184 OnTime_184 13 1 193 1
184 OnTime_184 14 1 331 1
184 OnTime_184 15 1 193 1
184 OnTime_184 15 1 515 1
184 OnTime_184 16 1 278 1
184 OnTime_184 16 1 451 1
184 OnTime_184 16 1 512 1
184 OnTime_184 16 1 580 1
185 OnTime_185 12 1 268 1
185 OnTime_185 12 1 282 1
185 OnTime_185 13 1 241 1
185 OnTime_185 13 1 292 1
185 OnTime_185 13 1 487 1
185 OnTime_185 16 1 268 1
185 OnTime_185 16 1 372 1
185 OnTime_185 16 1 386 1
186 OnTime_186 11 1 519 1
186 OnTime_186 12 1 268 1
186 OnTime_186 13 1 556 1
186 OnTime_186 15 1 351 1
186 OnTime_186 16 1 268 1
186 OnTime_186 16 1 372 1
186 OnTime_186 16 1 555 1
186 OnTime_186 16 1 662 1
187 OnTime_187 11 1 438 1
187 OnTime_187 12 1 675 1
187 OnTime_187 13 1 139 1
187 OnTime_187 13 1 578 1
187 OnTime_187 13 1 611 1
187 OnTime_187 14 1 438 1
187 OnTime_187 15 1 97 1
187 OnTime_187 15 1 351 1
187 OnTime_187 16 1 442 1
187 OnTime_187 16 1 525 1
188 OnTime_188 11 1 513 1
188 OnTime_188 13 1 367 1
188 OnTime_188 13 1 487 1
188 OnTime_188 13 1 685 1
188 OnTime_188 14 1 802 1
188 OnTime_188 15 1 315 1
188 OnTime_188 15 1 351 1
188 OnTime_188 15 1 505 1
188 OnTime_188 16 1 476 1
188 OnTime_188 16 1 505 1
188 OnTime_188 16 1 571 1
189 OnTime_189 11 1 355 1
189 OnTime_189 12 1 268 1
189 OnTime_189 12 1 282 1
189 OnTime_189 15 1 193 1
189 OnTime_189 15 1 341 1
189 OnTime_189 15 1 639 1
189 OnTime_189 15 1 661 1
189 OnTime_189 15 1 701 1
189 OnTime_189 16 1 268 1
189 OnTime_189 16 1 278 1
189 OnTime_189 16 1 453 1
189 OnTime_189 16 1 595 1
190 OnTime_190 13 1 478 1
190 OnTime_190 13 1 661 1
190 OnTime_190 13 1 751 1
190 OnTime_190 14 1 357 1
190 OnTime_190 14 1 643 1
190 OnTime_190 15 1 264 1
190 OnTime_190 15 1 661 1
190 OnTime_190 16 1 265 1
190 OnTime_190 16 1 391 1
190 OnTime_190 16 1 453 1
190 OnTime_190 16 1 571 1
190 OnTime_190 16 1 662 1
191 OnTime_191 13 1 367 1
191 OnTime_191 13 1 454 1
191 OnTime_191 13 1 584 1
191 OnTime_191 14 1 206 1
191 OnTime_191 14 1 480 1
191 OnTime_191 15 1 351 1
191 OnTime_191 15 1 505 1
191 OnTime_191 16 1 191 1
191 OnTime_191 16 1 260 1
191 OnTime_191 16 1 372 1
191 OnTime_191 16 1 505 1
191 OnTime_191 16 1 841 1
192 OnTime_192 11 1 251 1
192 OnTime_192 12 1 662 1
192 OnTime_192 13 1 396 1
192 OnTime_192 14 1 357 1
192 OnTime_192 15 1 772 1
192 OnTime_192 16 1 279 1
192 OnTime_192 16 1 386 1
192 OnTime_192 16 1 396 1
192 OnTime_192 16 1 442 1
192 OnTime_192 16 1 512 1
192 OnTime_192 16 1 662 1
193 OnTime_193 13 1 193 1
193 OnTime_193 13 1 487 1
193 OnTime_193 13 1 556 1
193 OnTime_193 13 1 568 1
193 OnTime_193 13 1 695 1
193 OnTime_193 14 1 695 1
193 OnTime_193 15 1 193 1
193 OnTime_193 15 1 351 1
193 OnTime_193 16 1 476 1
193 OnTime_193 16 1 555 1
193 OnTime_193 16 1 595 1
194 OnTime_194 11 1 471 1
194 OnTime_194 12 1 379 1
194 OnTime_194 15 1 408 1
194 OnTime_194 16 1 216 1
194 OnTime_194 16 1 408 1
195 OnTime_195 11 1 419 1
195 OnTime_195 13 1 275 1
195 OnTime_195 13 1 292 1
195 OnTime_195 13 1 568 1
195 OnTime_195 13 1 616 1
195 OnTime_195 14 1 674 1
195 OnTime_195 15 1 610 1
195 OnTime_195 16 1 279 1
195 OnTime_195 16 1 451 1
195 OnTime_195 16 1 476 1
195 OnTime_195 16 1 610 1
196 OnTime_196 13 1 232 1
196 OnTime_196 13 1 292 1
196 OnTime_196 13 1 396 1
196 OnTime_196 13 1 487 1
196 OnTime_196 13 1 584 1
196 OnTime_196 15 1 193 1
196 OnTime_196 15 1 515 1
196 OnTime_196 15 1 697 1
196 OnTime_196 16 1 216 1
196 OnTime_196 16 1 374 1
196 OnTime_196 16 1 396 1
196 OnTime_196 16 1 662 1
197 OnTime_197 11 1 666 1
197 OnTime_197 13 1 478 1
197 OnTime_197 16 1 396 1
198 OnTime_198 12 1 434 1
198 OnTime_198 13 1 292 1
198 OnTime_198 13 1 489 1
198 OnTime_198 13 1 611 1
198 OnTime_198 13 1 695 1
198 OnTime_198 14 1 695 1
198 OnTime_198 15 1 639 1
198 OnTime_198 15 1 681 1
198 OnTime_198 16 1 260 1
198 OnTime_198 16 1 610 1
198 OnTime_198 16 1 719 1
199 OnTime_199 11 1 361 1
199 OnTime_199 13 1 367 1
199 OnTime_199 13 1 487 1
199 OnTime_199 13 1 489 1
199 OnTime_199 13 1 578 1
199 OnTime_199 14 1 691 1
199 OnTime_199 16 1 374 1
199 OnTime_199 16 1 525 1
200 OnTime_200 12 1 379 1
200 OnTime_200 12 1 658 1
200 OnTime_200 12 1 676 1
200 OnTime_200 13 1 231 1
200 OnTime_200 13 1 568 1
200 OnTime_200 15 1 408 1
200 OnTime_200 16 1 408 1
200 OnTime_200 16 1 453 1
