1 OnTime_1 16 1 341 1
1 OnTime_1 16 1 345 1
2 OnTime_2 14 1 257 1
2 OnTime_2 14 1 421 1
2 OnTime_2 16 1 156 1
2 OnTime_2 16 1 197 1
2 OnTime_2 16 1 345 1
3 OnTime_3 14 1 342 1
3 OnTime_3 15 1 304 1
3 OnTime_3 16 1 182 1
3 OnTime_3 16 1 345 1
4 OnTime_4 14 1 257 1
4 OnTime_4 16 1 345 1
5 OnTime_5 14 1 257 1
5 OnTime_5 14 1 331 1
5 OnTime_5 15 1 154 1
5 OnTime_5 16 1 56 1
6 OnTime_6 14 1 114 1
6 OnTime_6 14 1 195 1
6 OnTime_6 16 1 334 1
6 OnTime_6 16 1 341 1
6 OnTime_6 16 1 353 1
7 OnTime_7 14 1 114 1
7 OnTime_7 14 1 331 1
7 OnTime_7 15 1 154 1
8 OnTime_8 14 1 257 1
8 OnTime_8 14 1 318 1
8 OnTime_8 15 1 434 1
8 OnTime_8 16 1 337 1
9 OnTime_9 14 1 184 1
9 OnTime_9 16 1 64 1
9 OnTime_9 16 1 197 1
9 OnTime_9 16 1 350 1
10 OnTime_10 15 1 281 1
10 OnTime_10 15 1 304 1
10 OnTime_10 16 1 195 1
10 OnTime_10 16 1 334 1
10 OnTime_10 16 1 371 1
11 OnTime_11 16 1 371 1
11 OnTime_11 16 1 409 1
12 OnTime_12 16 1 182 1
12 OnTime_12 16 1 350 1
13 OnTime_13 14 1 318 1
13 OnTime_13 16 1 156 1
13 OnTime_13 16 1 334 1
14 OnTime_14 14 1 305 1
15 OnTime_15 14 1 63 1
15 OnTime_15 14 1 331 1
15 OnTime_15 15 1 357 1
16 OnTime_16 14 1 299 1
16 OnTime_16 14 1 318 1
16 OnTime_16 16 1 182 1
16 OnTime_16 16 1 387 1
17 OnTime_17 16 1 383 1
18 OnTime_18 14 1 331 1
18 OnTime_18 14 1 357 1
18 OnTime_18 15 1 357 1
18 OnTime_18 16 1 182 1
18 OnTime_18 16 1 197 1
19 OnTime_19 14 1 318 1
19 OnTime_19 14 1 421 1
19 OnTime_19 16 1 182 1
19 OnTime_19 16 1 341 1
20 OnTime_20 14 1 299 1
20 OnTime_20 14 1 318 1
20 OnTime_20 15 1 304 1
20 OnTime_20 16 1 111 1
21 OnTime_21 14 1 209 1
21 OnTime_21 14 1 299 1
21 OnTime_21 16 1 453 1
22 OnTime_22 14 1 142 1
22 OnTime_22 14 1 184 1
22 OnTime_22 15 1 357 1
23 OnTime_23 14 1 299 1
23 OnTime_23 14 1 357 1
23 OnTime_23 15 1 357 1
23 OnTime_23 16 1 64 1
24 OnTime_24 14 1 209 1
24 OnTime_24 15 1 281 1
24 OnTime_24 16 1 56 1
25 OnTime_25 14 1 331 1
25 OnTime_25 15 1 281 1
25 OnTime_25 15 1 304 1
25 OnTime_25 16 1 341 1
26 OnTime_26 14 1 305 1
26 OnTime_26 15 1 281 1
26 OnTime_26 15 1 304 1
26 OnTime_26 16 1 195 1
26 OnTime_26 16 1 409 1
27 OnTime_27 14 1 257 1
27 OnTime_27 14 1 318 1
27 OnTime_27 15 1 129 1
27 OnTime_27 16 1 409 1
28 OnTime_28 16 1 197 1
28 OnTime_28 16 1 341 1
28 OnTime_28 16 1 409 1
29 OnTime_29 14 1 131 1
29 OnTime_29 16 1 334 1
29 OnTime_29 16 1 371 1
29 OnTime_29 16 1 387 1
30 OnTime_30 14 1 90 1
30 OnTime_30 14 1 305 1
31 OnTime_31 14 1 421 1
31 OnTime_31 15 1 154 1
31 OnTime_31 16 1 334 1
31 OnTime_31 16 1 337 1
32 OnTime_32 14 1 318 1
33 OnTime_33 14 1 90 1
33 OnTime_33 14 1 204 1
33 OnTime_33 15 1 154 1
34 OnTime_34 16 1 197 1
35 OnTime_35 14 1 196 1
35 OnTime_35 15 1 376 1
35 OnTime_35 15 1 434 1
35 OnTime_35 16 1 156 1
35 OnTime_35 16 1 353 1
36 OnTime_36 16 1 104 1
36 OnTime_36 16 1 156 1
36 OnTime_36 16 1 334 1
36 OnTime_36 16 1 387 1
37 OnTime_37 14 1 204 1
37 OnTime_37 14 1 305 1
37 OnTime_37 16 1 197 1
37 OnTime_37 16 1 334 1
38 OnTime_38 15 1 202 1
38 OnTime_38 16 1 182 1
39 OnTime_39 14 1 357 1
39 OnTime_39 15 1 202 1
39 OnTime_39 15 1 357 1
39 OnTime_39 16 1 387 1
40 OnTime_40 15 1 202 1
40 OnTime_40 15 1 376 1
40 OnTime_40 16 1 195 1
40 OnTime_40 16 1 341 1
40 OnTime_40 16 1 383 1
41 OnTime_41 14 1 63 1
41 OnTime_41 14 1 331 1
41 OnTime_41 16 1 64 1
41 OnTime_41 16 1 104 1
41 OnTime_41 16 1 197 1
42 OnTime_42 16 1 341 1
42 OnTime_42 16 1 350 1
43 OnTime_43 14 1 195 1
43 OnTime_43 15 1 281 1
43 OnTime_43 16 1 195 1
43 OnTime_43 16 1 371 1
44 OnTime_44 14 1 257 1
44 OnTime_44 14 1 305 1
44 OnTime_44 16 1 182 1
44 OnTime_44 16 1 337 1
44 OnTime_44 16 1 345 1
45 OnTime_45 14 1 97 1
45 OnTime_45 14 1 331 1
45 OnTime_45 15 1 202 1
45 OnTime_45 16 1 449 1
46 OnTime_46 14 1 196 1
46 OnTime_46 14 1 257 1
47 OnTime_47 14 1 90 1
47 OnTime_47 14 1 318 1
47 OnTime_47 15 1 99 1
47 OnTime_47 16 1 353 1
48 OnTime_48 16 1 197 1
48 OnTime_48 16 1 337 1
48 OnTime_48 16 1 341 1
48 OnTime_48 16 1 345 1
48 OnTime_48 16 1 447 1
49 OnTime_49 14 1 342 1
49 OnTime_49 16 1 353 1
50 OnTime_50 14 1 184 1
50 OnTime_50 14 1 204 1
51 OnTime_51 16 1 449 1
52 OnTime_52 14 1 184 1
52 OnTime_52 14 1 196 1
52 OnTime_52 15 1 129 1
52 OnTime_52 16 1 387 1
52 OnTime_52 16 1 455 1
53 OnTime_53 15 1 281 1
53 OnTime_53 16 1 334 1
53 OnTime_53 16 1 345 1
54 OnTime_54 14 1 184 1
54 OnTime_54 14 1 257 1
54 OnTime_54 16 1 111 1
54 OnTime_54 16 1 341 1
54 OnTime_54 16 1 350 1
55 OnTime_55 14 1 209 1
56 OnTime_56 14 1 331 1
56 OnTime_56 15 1 154 1
56 OnTime_56 16 1 337 1
56 OnTime_56 16 1 341 1
56 OnTime_56 16 1 350 1
57 OnTime_57 14 1 318 1
57 OnTime_57 14 1 383 1
57 OnTime_57 16 1 383 1
58 OnTime_58 14 1 305 1
58 OnTime_58 15 1 202 1
58 OnTime_58 16 1 197 1
58 OnTime_58 16 1 353 1
59 OnTime_59 14 1 342 1
59 OnTime_59 16 1 104 1
60 OnTime_60 14 1 62 1
60 OnTime_60 14 1 204 1
60 OnTime_60 16 1 156 1
60 OnTime_60 16 1 334 1
60 OnTime_60 16 1 387 1
61 OnTime_61 15 1 129 1
61 OnTime_61 15 1 202 1
61 OnTime_61 15 1 304 1
61 OnTime_61 16 1 334 1
61 OnTime_61 16 1 341 1
63 OnTime_63 14 1 184 1
63 OnTime_63 14 1 342 1
63 OnTime_63 16 1 334 1
63 OnTime_63 16 1 341 1
63 OnTime_63 16 1 350 1
64 OnTime_64 14 1 114 1
64 OnTime_64 15 1 202 1
64 OnTime_64 16 1 345 1
65 OnTime_65 14 1 204 1
65 OnTime_65 14 1 305 1
65 OnTime_65 16 1 337 1
66 OnTime_66 14 1 257 1
66 OnTime_66 16 1 104 1
66 OnTime_66 16 1 111 1
66 OnTime_66 16 1 337 1
67 OnTime_67 14 1 184 1
67 OnTime_67 15 1 304 1
68 OnTime_68 14 1 62 1
68 OnTime_68 14 1 196 1
68 OnTime_68 16 1 337 1
68 OnTime_68 16 1 341 1
69 OnTime_69 14 1 142 1
69 OnTime_69 14 1 421 1
69 OnTime_69 15 1 129 1
69 OnTime_69 16 1 334 1
70 OnTime_70 14 1 195 1
70 OnTime_70 14 1 305 1
70 OnTime_70 16 1 195 1
70 OnTime_70 16 1 353 1
71 OnTime_71 14 1 318 1
71 OnTime_71 15 1 281 1
71 OnTime_71 16 1 334 1
71 OnTime_71 16 1 337 1
71 OnTime_71 16 1 341 1
72 OnTime_72 14 1 196 1
72 OnTime_72 14 1 331 1
72 OnTime_72 16 1 197 1
73 OnTime_73 14 1 196 1
73 OnTime_73 14 1 357 1
73 OnTime_73 15 1 357 1
73 OnTime_73 16 1 182 1
73 OnTime_73 16 1 337 1
74 OnTime_74 14 1 204 1
74 OnTime_74 16 1 156 1
74 OnTime_74 16 1 195 1
74 OnTime_74 16 1 337 1
74 OnTime_74 16 1 350 1
75 OnTime_75 14 1 257 1
75 OnTime_75 14 1 331 1
75 OnTime_75 15 1 357 1
76 OnTime_76 15 1 304 1
76 OnTime_76 16 1 156 1
76 OnTime_76 16 1 337 1
77 OnTime_77 14 1 142 1
77 OnTime_77 14 1 184 1
77 OnTime_77 16 1 104 1
77 OnTime_77 16 1 409 1
78 OnTime_78 14 1 63 1
78 OnTime_78 14 1 305 1
78 OnTime_78 15 1 304 1
78 OnTime_78 16 1 337 1
79 OnTime_79 14 1 331 1
80 OnTime_80 16 1 156 1
80 OnTime_80 16 1 197 1
80 OnTime_80 16 1 334 1
80 OnTime_80 16 1 449 1
81 OnTime_81 14 1 131 1
81 OnTime_81 14 1 299 1
81 OnTime_81 15 1 281 1
81 OnTime_81 16 1 345 1
82 OnTime_82 14 1 318 1
82 OnTime_82 16 1 337 1
82 OnTime_82 16 1 350 1
82 OnTime_82 16 1 353 1
83 OnTime_83 14 1 257 1
83 OnTime_83 14 1 305 1
83 OnTime_83 16 1 182 1
83 OnTime_83 16 1 345 1
84 OnTime_84 14 1 196 1
84 OnTime_84 14 1 204 1
84 OnTime_84 16 1 197 1
85 OnTime_85 14 1 257 1
85 OnTime_85 14 1 421 1
85 OnTime_85 15 1 304 1
85 OnTime_85 16 1 197 1
85 OnTime_85 16 1 341 1
86 OnTime_86 14 1 97 1
86 OnTime_86 14 1 184 1
87 OnTime_87 14 1 257 1
87 OnTime_87 15 1 357 1
87 OnTime_87 15 1 444 1
87 OnTime_87 16 1 156 1
87 OnTime_87 16 1 337 1
88 OnTime_88 15 1 304 1
88 OnTime_88 16 1 156 1
89 OnTime_89 14 1 305 1
89 OnTime_89 14 1 342 1
90 OnTime_90 14 1 90 1
90 OnTime_90 14 1 257 1
90 OnTime_90 15 1 281 1
90 OnTime_90 16 1 156 1
91 OnTime_91 14 1 90 1
91 OnTime_91 14 1 342 1
92 OnTime_92 16 1 353 1
93 OnTime_93 14 1 196 1
93 OnTime_93 14 1 421 1
93 OnTime_93 15 1 202 1
93 OnTime_93 16 1 341 1
93 OnTime_93 16 1 447 1
94 OnTime_94 14 1 331 1
95 OnTime_95 14 1 257 1
95 OnTime_95 14 1 299 1
95 OnTime_95 15 1 281 1
95 OnTime_95 16 1 104 1
95 OnTime_95 16 1 341 1
96 OnTime_96 14 1 257 1
96 OnTime_96 14 1 318 1
96 OnTime_96 15 1 376 1
97 OnTime_97 14 1 142 1
97 OnTime_97 16 1 104 1
97 OnTime_97 16 1 341 1
98 OnTime_98 14 1 318 1
98 OnTime_98 16 1 104 1
98 OnTime_98 16 1 156 1
98 OnTime_98 16 1 197 1
98 OnTime_98 16 1 337 1
99 OnTime_99 14 1 114 1
99 OnTime_99 15 1 281 1
99 OnTime_99 15 1 304 1
99 OnTime_99 16 1 337 1
99 OnTime_99 16 1 345 1
100 OnTime_100 14 1 114 1
100 OnTime_100 14 1 204 1
100 OnTime_100 15 1 281 1
100 OnTime_100 16 1 64 1
100 OnTime_100 16 1 111 1
