1 OnTime_1 2 1 811 1
1 OnTime_1 2 2 811 1
1 OnTime_1 8 1 804 1
1 OnTime_1 12 1 892 1
1 OnTime_1 12 2 892 1
1 OnTime_1 13 1 1096 1
1 OnTime_1 14 1 955 1
1 OnTime_1 14 2 955 1
1 OnTime_1 15 1 503 1
1 OnTime_1 15 2 503 1
1 OnTime_1 16 1 1160 1
1 OnTime_1 16 2 1160 1
2 OnTime_2 2 2 517 1
2 OnTime_2 2 1 811 1
2 OnTime_2 3 1 877 1
2 OnTime_2 4 1 203 1
2 OnTime_2 4 2 789 1
2 OnTime_2 5 1 1195 1
2 OnTime_2 8 1 789 1
2 OnTime_2 12 2 812 1
2 OnTime_2 12 1 1006 1
2 OnTime_2 13 1 769 1
2 OnTime_2 14 1 517 1
2 OnTime_2 14 2 796 1
2 OnTime_2 15 1 523 1
2 OnTime_2 15 2 769 1
2 OnTime_2 16 1 835 1
2 OnTime_2 16 2 835 1
3 OnTime_3 2 2 600 1
3 OnTime_3 2 1 665 1
3 OnTime_3 3 1 420 1
3 OnTime_3 4 2 666 1
3 OnTime_3 4 1 793 1
3 OnTime_3 5 1 658 1
3 OnTime_3 8 1 813 1
3 OnTime_3 12 2 803 1
3 OnTime_3 12 1 883 1
3 OnTime_3 13 1 601 1
3 OnTime_3 14 1 996 1
3 OnTime_3 14 2 996 1
3 OnTime_3 15 1 744 1
3 OnTime_3 15 2 744 1
3 OnTime_3 16 1 667 1
3 OnTime_3 16 2 667 1
4 OnTime_4 2 2 478 1
4 OnTime_4 2 1 884 1
4 OnTime_4 3 1 623 1
4 OnTime_4 5 1 448 1
4 OnTime_4 8 1 714 1
4 OnTime_4 12 1 528 1
4 OnTime_4 12 2 567 1
4 OnTime_4 14 2 526 1
4 OnTime_4 14 1 841 1
4 OnTime_4 15 1 840 1
4 OnTime_4 15 2 840 1
5 OnTime_5 2 1 712 1
5 OnTime_5 2 2 712 1
5 OnTime_5 3 1 404 1
5 OnTime_5 4 1 497 1
5 OnTime_5 4 2 717 1
5 OnTime_5 5 1 697 1
5 OnTime_5 8 1 702 1
5 OnTime_5 12 1 883 1
5 OnTime_5 12 2 883 1
5 OnTime_5 13 1 495 1
5 OnTime_5 14 1 346 1
5 OnTime_5 14 2 346 1
5 OnTime_5 15 1 618 1
5 OnTime_5 15 2 916 1
5 OnTime_5 16 1 1258 1
5 OnTime_5 16 2 1258 1
6 OnTime_6 2 1 600 1
6 OnTime_6 2 2 663 1
6 OnTime_6 3 1 461 1
6 OnTime_6 4 2 461 1
6 OnTime_6 4 1 754 1
6 OnTime_6 5 1 785 1
6 OnTime_6 8 1 804 1
6 OnTime_6 12 1 582 1
6 OnTime_6 12 2 582 1
6 OnTime_6 13 1 203 1
6 OnTime_6 14 1 844 1
6 OnTime_6 14 2 844 1
6 OnTime_6 15 2 618 1
6 OnTime_6 15 1 708 1
6 OnTime_6 16 1 745 1
6 OnTime_6 16 2 908 1
7 OnTime_7 2 2 575 1
7 OnTime_7 2 1 863 1
7 OnTime_7 3 1 541 1
7 OnTime_7 4 1 525 1
7 OnTime_7 4 2 525 1
7 OnTime_7 5 1 510 1
7 OnTime_7 8 1 293 1
7 OnTime_7 12 1 567 1
7 OnTime_7 12 2 594 1
7 OnTime_7 13 1 473 1
7 OnTime_7 14 1 311 1
7 OnTime_7 14 2 311 1
7 OnTime_7 15 1 464 1
7 OnTime_7 15 2 464 1
7 OnTime_7 16 1 746 1
7 OnTime_7 16 2 871 1
8 OnTime_8 2 1 517 1
8 OnTime_8 2 2 628 1
8 OnTime_8 3 1 623 1
8 OnTime_8 4 1 409 1
8 OnTime_8 4 2 409 1
8 OnTime_8 5 1 668 1
8 OnTime_8 8 1 655 1
8 OnTime_8 13 1 790 1
8 OnTime_8 14 1 327 1
8 OnTime_8 14 2 327 1
8 OnTime_8 15 2 916 1
8 OnTime_8 15 1 1050 1
8 OnTime_8 16 1 667 1
8 OnTime_8 16 2 667 1
9 OnTime_9 2 1 654 1
9 OnTime_9 2 2 665 1
9 OnTime_9 3 1 340 1
9 OnTime_9 4 1 666 1
9 OnTime_9 4 2 666 1
9 OnTime_9 5 1 1194 1
9 OnTime_9 8 1 895 1
9 OnTime_9 12 1 635 1
9 OnTime_9 12 2 635 1
9 OnTime_9 13 1 769 1
9 OnTime_9 14 1 962 1
9 OnTime_9 15 1 1275 1
9 OnTime_9 15 2 1275 1
9 OnTime_9 16 2 661 1
9 OnTime_9 16 1 745 1
10 OnTime_10 2 1 643 1
10 OnTime_10 2 2 666 1
10 OnTime_10 3 1 610 1
10 OnTime_10 4 1 666 1
10 OnTime_10 4 2 954 1
10 OnTime_10 5 1 251 1
10 OnTime_10 12 1 778 1
10 OnTime_10 12 2 778 1
10 OnTime_10 13 1 954 1
10 OnTime_10 14 1 841 1
10 OnTime_10 14 2 841 1
10 OnTime_10 15 1 437 1
10 OnTime_10 15 2 483 1
10 OnTime_10 16 2 437 1
10 OnTime_10 16 1 792 1
11 OnTime_11 2 1 499 1
11 OnTime_11 2 2 499 1
11 OnTime_11 3 1 820 1
11 OnTime_11 4 2 568 1
11 OnTime_11 4 1 797 1
11 OnTime_11 5 1 507 1
11 OnTime_11 8 1 833 1
11 OnTime_11 12 1 405 1
11 OnTime_11 12 2 405 1
11 OnTime_11 13 1 917 1
11 OnTime_11 14 2 833 1
11 OnTime_11 14 1 882 1
11 OnTime_11 15 1 420 1
11 OnTime_11 15 2 488 1
11 OnTime_11 16 1 767 1
11 OnTime_11 16 2 767 1
12 OnTime_12 2 1 478 1
12 OnTime_12 2 2 499 1
12 OnTime_12 3 1 649 1
12 OnTime_12 4 2 643 1
12 OnTime_12 4 1 1040 1
12 OnTime_12 5 1 532 1
12 OnTime_12 8 1 1170 1
12 OnTime_12 12 1 594 1
12 OnTime_12 12 2 769 1
12 OnTime_12 13 1 769 1
12 OnTime_12 15 2 618 1
12 OnTime_12 15 1 1131 1
12 OnTime_12 16 1 492 1
12 OnTime_12 16 2 492 1
13 OnTime_13 2 1 499 1
13 OnTime_13 2 2 628 1
13 OnTime_13 3 1 734 1
13 OnTime_13 4 2 325 1
13 OnTime_13 4 1 946 1
13 OnTime_13 5 1 828 1
13 OnTime_13 8 1 702 1
13 OnTime_13 12 2 828 1
13 OnTime_13 12 1 881 1
13 OnTime_13 13 1 1013 1
13 OnTime_13 15 2 775 1
13 OnTime_13 15 1 825 1
13 OnTime_13 16 1 767 1
13 OnTime_13 16 2 767 1
14 OnTime_14 2 1 499 1
14 OnTime_14 2 2 499 1
14 OnTime_14 3 1 1130 1
14 OnTime_14 4 2 525 1
14 OnTime_14 4 1 776 1
14 OnTime_14 5 1 785 1
14 OnTime_14 8 1 813 1
14 OnTime_14 12 1 1006 1
14 OnTime_14 12 2 1006 1
14 OnTime_14 13 1 525 1
14 OnTime_14 14 1 862 1
14 OnTime_14 14 2 999 1
14 OnTime_14 15 2 487 1
14 OnTime_14 15 1 1151 1
14 OnTime_14 16 1 492 1
14 OnTime_14 16 2 492 1
15 OnTime_15 2 2 499 1
15 OnTime_15 2 1 625 1
15 OnTime_15 3 1 820 1
15 OnTime_15 4 1 1040 1
15 OnTime_15 4 2 1040 1
15 OnTime_15 5 1 532 1
15 OnTime_15 8 1 451 1
15 OnTime_15 12 1 815 1
15 OnTime_15 12 2 815 1
15 OnTime_15 13 1 695 1
15 OnTime_15 15 1 483 1
15 OnTime_15 16 1 917 1
15 OnTime_15 16 2 917 1
16 OnTime_16 2 1 509 1
16 OnTime_16 3 1 414 1
16 OnTime_16 4 2 371 1
16 OnTime_16 4 1 561 1
16 OnTime_16 5 1 1008 1
16 OnTime_16 8 1 655 1
16 OnTime_16 12 1 582 1
16 OnTime_16 12 2 868 1
16 OnTime_16 13 1 492 1
16 OnTime_16 14 1 1146 1
16 OnTime_16 14 2 1146 1
16 OnTime_16 15 1 617 1
16 OnTime_16 15 2 775 1
16 OnTime_16 16 2 492 1
16 OnTime_16 16 1 926 1
17 OnTime_17 2 1 739 1
17 OnTime_17 2 2 739 1
17 OnTime_17 4 2 797 1
17 OnTime_17 4 1 908 1
17 OnTime_17 5 1 1117 1
17 OnTime_17 8 1 702 1
17 OnTime_17 12 1 892 1
17 OnTime_17 12 2 892 1
17 OnTime_17 14 1 913 1
17 OnTime_17 14 2 913 1
17 OnTime_17 15 1 523 1
17 OnTime_17 15 2 1017 1
17 OnTime_17 16 2 926 1
17 OnTime_17 16 1 1016 1
18 OnTime_18 2 2 654 1
18 OnTime_18 2 1 811 1
18 OnTime_18 4 1 520 1
18 OnTime_18 4 2 717 1
18 OnTime_18 5 1 860 1
18 OnTime_18 8 1 714 1
18 OnTime_18 12 1 564 1
18 OnTime_18 12 2 564 1
18 OnTime_18 13 1 863 1
18 OnTime_18 14 1 311 1
18 OnTime_18 14 2 1066 1
18 OnTime_18 15 1 558 1
18 OnTime_18 15 2 558 1
18 OnTime_18 16 2 520 1
18 OnTime_18 16 1 879 1
19 OnTime_19 2 1 625 1
19 OnTime_19 2 2 695 1
19 OnTime_19 3 1 820 1
19 OnTime_19 4 1 776 1
19 OnTime_19 4 2 776 1
19 OnTime_19 5 1 448 1
19 OnTime_19 8 1 914 1
19 OnTime_19 12 1 374 1
19 OnTime_19 13 1 695 1
19 OnTime_19 14 1 765 1
19 OnTime_19 14 2 765 1
19 OnTime_19 15 1 916 1
19 OnTime_19 15 2 916 1
19 OnTime_19 16 1 667 1
19 OnTime_19 16 2 667 1
20 OnTime_20 2 1 792 1
20 OnTime_20 2 2 792 1
20 OnTime_20 3 1 1135 1
20 OnTime_20 4 1 755 1
20 OnTime_20 4 2 797 1
20 OnTime_20 8 1 655 1
20 OnTime_20 12 1 892 1
20 OnTime_20 12 2 892 1
20 OnTime_20 13 1 1279 1
20 OnTime_20 14 1 765 1
20 OnTime_20 14 2 962 1
20 OnTime_20 15 2 890 1
20 OnTime_20 15 1 1326 1
20 OnTime_20 16 2 917 1
20 OnTime_20 16 1 1258 1
21 OnTime_21 2 1 792 1
21 OnTime_21 2 2 792 1
21 OnTime_21 3 1 541 1
21 OnTime_21 4 1 520 1
21 OnTime_21 4 2 520 1
21 OnTime_21 5 1 767 1
21 OnTime_21 8 1 357 1
21 OnTime_21 12 1 594 1
21 OnTime_21 12 2 594 1
21 OnTime_21 13 1 987 1
21 OnTime_21 14 1 436 1
21 OnTime_21 14 2 436 1
21 OnTime_21 15 2 488 1
21 OnTime_21 15 1 1181 1
21 OnTime_21 16 1 819 1
21 OnTime_21 16 2 819 1
22 OnTime_22 2 1 478 1
22 OnTime_22 2 2 665 1
22 OnTime_22 3 1 1170 1
22 OnTime_22 4 1 797 1
22 OnTime_22 4 2 797 1
22 OnTime_22 5 1 697 1
22 OnTime_22 8 1 789 1
22 OnTime_22 12 2 564 1
22 OnTime_22 12 1 883 1
22 OnTime_22 13 1 525 1
22 OnTime_22 14 1 285 1
22 OnTime_22 14 2 844 1
22 OnTime_22 15 1 923 1
22 OnTime_22 15 2 1050 1
22 OnTime_22 16 1 746 1
22 OnTime_22 16 2 746 1
23 OnTime_23 2 2 220 1
23 OnTime_23 2 1 665 1
23 OnTime_23 3 1 541 1
23 OnTime_23 4 1 325 1
23 OnTime_23 4 2 608 1
23 OnTime_23 5 1 824 1
23 OnTime_23 8 1 804 1
23 OnTime_23 12 2 635 1
23 OnTime_23 12 1 803 1
23 OnTime_23 13 1 790 1
23 OnTime_23 14 2 955 1
23 OnTime_23 14 1 962 1
23 OnTime_23 15 1 582 1
23 OnTime_23 15 2 1017 1
23 OnTime_23 16 2 582 1
23 OnTime_23 16 1 825 1
24 OnTime_24 2 1 479 1
24 OnTime_24 2 2 602 1
24 OnTime_24 3 1 820 1
24 OnTime_24 4 1 781 1
24 OnTime_24 4 2 1159 1
24 OnTime_24 5 1 736 1
24 OnTime_24 12 1 883 1
24 OnTime_24 12 2 883 1
24 OnTime_24 13 1 540 1
24 OnTime_24 14 2 841 1
24 OnTime_24 14 1 955 1
24 OnTime_24 15 2 559 1
24 OnTime_24 15 1 1159 1
24 OnTime_24 16 1 792 1
24 OnTime_24 16 2 825 1
25 OnTime_25 2 2 628 1
25 OnTime_25 2 1 665 1
25 OnTime_25 4 2 643 1
25 OnTime_25 4 1 666 1
25 OnTime_25 5 1 896 1
25 OnTime_25 8 1 789 1
25 OnTime_25 12 1 880 1
25 OnTime_25 13 1 573 1
25 OnTime_25 14 1 1077 1
25 OnTime_25 14 2 1077 1
25 OnTime_25 15 1 1017 1
25 OnTime_25 15 2 1017 1
25 OnTime_25 16 1 1004 1
25 OnTime_25 16 2 1004 1
26 OnTime_26 2 2 601 1
26 OnTime_26 2 1 602 1
26 OnTime_26 3 1 1039 1
26 OnTime_26 4 1 704 1
26 OnTime_26 4 2 704 1
26 OnTime_26 5 1 697 1
26 OnTime_26 8 1 804 1
26 OnTime_26 12 1 564 1
26 OnTime_26 12 2 635 1
26 OnTime_26 13 1 954 1
26 OnTime_26 14 1 633 1
26 OnTime_26 14 2 633 1
26 OnTime_26 15 1 503 1
26 OnTime_26 15 2 503 1
26 OnTime_26 16 1 926 1
26 OnTime_26 16 2 1116 1
27 OnTime_27 2 2 535 1
27 OnTime_27 2 1 654 1
27 OnTime_27 3 1 1135 1
27 OnTime_27 4 1 754 1
27 OnTime_27 4 2 754 1
27 OnTime_27 8 1 815 1
27 OnTime_27 12 1 803 1
27 OnTime_27 12 2 803 1
27 OnTime_27 13 1 981 1
27 OnTime_27 14 2 862 1
27 OnTime_27 14 1 1142 1
27 OnTime_27 15 1 523 1
27 OnTime_27 15 2 523 1
27 OnTime_27 16 1 745 1
27 OnTime_27 16 2 750 1
28 OnTime_28 2 2 601 1
28 OnTime_28 2 1 712 1
28 OnTime_28 3 1 340 1
28 OnTime_28 4 1 481 1
28 OnTime_28 4 2 733 1
28 OnTime_28 5 1 328 1
28 OnTime_28 8 1 1096 1
28 OnTime_28 13 1 601 1
28 OnTime_28 14 1 520 1
28 OnTime_28 14 2 520 1
28 OnTime_28 15 1 558 1
28 OnTime_28 15 2 779 1
28 OnTime_28 16 1 928 1
28 OnTime_28 16 2 1126 1
29 OnTime_29 2 2 535 1
29 OnTime_29 2 1 939 1
29 OnTime_29 3 1 1166 1
29 OnTime_29 4 1 666 1
29 OnTime_29 4 2 666 1
29 OnTime_29 5 1 1100 1
29 OnTime_29 8 1 813 1
29 OnTime_29 12 2 880 1
29 OnTime_29 12 1 881 1
29 OnTime_29 13 1 917 1
29 OnTime_29 15 1 615 1
29 OnTime_29 15 2 777 1
29 OnTime_29 16 1 908 1
29 OnTime_29 16 2 908 1
30 OnTime_30 2 2 475 1
30 OnTime_30 2 1 509 1
30 OnTime_30 3 1 475 1
30 OnTime_30 4 1 643 1
30 OnTime_30 4 2 643 1
30 OnTime_30 5 1 507 1
30 OnTime_30 8 1 618 1
30 OnTime_30 12 1 892 1
30 OnTime_30 12 2 892 1
30 OnTime_30 13 1 1096 1
30 OnTime_30 14 1 796 1
30 OnTime_30 14 2 796 1
30 OnTime_30 15 2 618 1
30 OnTime_30 15 1 923 1
30 OnTime_30 16 1 819 1
30 OnTime_30 16 2 819 1
31 OnTime_31 2 1 880 1
31 OnTime_31 2 2 880 1
31 OnTime_31 3 1 534 1
31 OnTime_31 4 2 564 1
31 OnTime_31 4 1 755 1
31 OnTime_31 5 1 507 1
31 OnTime_31 8 1 309 1
31 OnTime_31 12 1 564 1
31 OnTime_31 12 2 1296 1
31 OnTime_31 13 1 492 1
31 OnTime_31 14 2 346 1
31 OnTime_31 14 1 604 1
31 OnTime_31 15 1 511 1
31 OnTime_31 15 2 511 1
31 OnTime_31 16 1 819 1
31 OnTime_31 16 2 1004 1
32 OnTime_32 2 2 517 1
32 OnTime_32 2 1 792 1
32 OnTime_32 3 1 1142 1
32 OnTime_32 4 1 793 1
32 OnTime_32 4 2 793 1
32 OnTime_32 5 1 423 1
32 OnTime_32 8 1 490 1
32 OnTime_32 12 1 1021 1
32 OnTime_32 12 2 1021 1
32 OnTime_32 13 1 891 1
32 OnTime_32 14 1 517 1
32 OnTime_32 14 2 801 1
32 OnTime_32 15 1 769 1
32 OnTime_32 15 2 769 1
32 OnTime_32 16 1 667 1
32 OnTime_32 16 2 746 1
33 OnTime_33 2 1 712 1
33 OnTime_33 2 2 712 1
33 OnTime_33 3 1 1131 1
33 OnTime_33 4 1 754 1
33 OnTime_33 4 2 754 1
33 OnTime_33 5 1 824 1
33 OnTime_33 8 1 810 1
33 OnTime_33 12 1 803 1
33 OnTime_33 12 2 1006 1
33 OnTime_33 13 1 679 1
33 OnTime_33 14 2 679 1
33 OnTime_33 14 1 1012 1
33 OnTime_33 15 1 582 1
33 OnTime_33 15 2 1131 1
33 OnTime_33 16 1 667 1
33 OnTime_33 16 2 667 1
34 OnTime_34 2 1 1028 1
34 OnTime_34 2 2 1028 1
34 OnTime_34 3 1 518 1
34 OnTime_34 4 2 579 1
34 OnTime_34 4 1 666 1
34 OnTime_34 5 1 507 1
34 OnTime_34 8 1 895 1
34 OnTime_34 12 1 803 1
34 OnTime_34 12 2 803 1
34 OnTime_34 13 1 891 1
34 OnTime_34 14 1 796 1
34 OnTime_34 14 2 796 1
34 OnTime_34 15 1 483 1
34 OnTime_34 15 2 483 1
34 OnTime_34 16 1 825 1
35 OnTime_35 2 1 499 1
35 OnTime_35 2 2 499 1
35 OnTime_35 3 1 753 1
35 OnTime_35 4 1 1021 1
35 OnTime_35 4 2 1021 1
35 OnTime_35 5 1 100 1
35 OnTime_35 8 1 789 1
35 OnTime_35 12 1 868 1
35 OnTime_35 12 2 883 1
35 OnTime_35 14 1 1142 1
35 OnTime_35 14 2 1142 1
35 OnTime_35 15 1 942 1
35 OnTime_35 15 2 1015 1
35 OnTime_35 16 2 825 1
35 OnTime_35 16 1 865 1
36 OnTime_36 2 1 479 1
36 OnTime_36 2 2 479 1
36 OnTime_36 3 1 963 1
36 OnTime_36 4 1 717 1
36 OnTime_36 4 2 717 1
36 OnTime_36 5 1 507 1
36 OnTime_36 8 1 528 1
36 OnTime_36 12 1 635 1
36 OnTime_36 12 2 635 1
36 OnTime_36 13 1 573 1
36 OnTime_36 14 2 833 1
36 OnTime_36 14 1 1077 1
36 OnTime_36 15 2 967 1
36 OnTime_36 15 1 1017 1
36 OnTime_36 16 1 746 1
36 OnTime_36 16 2 746 1
37 OnTime_37 2 2 654 1
37 OnTime_37 2 1 792 1
37 OnTime_37 3 1 821 1
37 OnTime_37 4 2 791 1
37 OnTime_37 4 1 793 1
37 OnTime_37 5 1 926 1
37 OnTime_37 8 1 357 1
37 OnTime_37 12 1 880 1
37 OnTime_37 12 2 1021 1
37 OnTime_37 13 1 1279 1
37 OnTime_37 14 1 796 1
37 OnTime_37 14 2 1077 1
37 OnTime_37 15 1 777 1
37 OnTime_37 15 2 1151 1
37 OnTime_37 16 2 926 1
37 OnTime_37 16 1 1004 1
38 OnTime_38 2 1 600 1
38 OnTime_38 2 2 600 1
38 OnTime_38 3 1 420 1
38 OnTime_38 4 1 754 1
38 OnTime_38 4 2 1040 1
38 OnTime_38 5 1 1290 1
38 OnTime_38 8 1 528 1
38 OnTime_38 12 1 362 1
38 OnTime_38 12 2 417 1
38 OnTime_38 13 1 891 1
38 OnTime_38 14 1 517 1
38 OnTime_38 14 2 517 1
38 OnTime_38 15 2 420 1
38 OnTime_38 15 1 617 1
38 OnTime_38 16 1 1052 1
39 OnTime_39 2 1 628 1
39 OnTime_39 2 2 628 1
39 OnTime_39 3 1 1070 1
39 OnTime_39 4 1 564 1
39 OnTime_39 4 2 564 1
39 OnTime_39 5 1 1008 1
39 OnTime_39 8 1 815 1
39 OnTime_39 12 1 528 1
39 OnTime_39 12 2 528 1
39 OnTime_39 13 1 1279 1
39 OnTime_39 14 1 517 1
39 OnTime_39 14 2 517 1
39 OnTime_39 15 1 1131 1
40 OnTime_40 2 1 535 1
40 OnTime_40 2 2 1061 1
40 OnTime_40 3 1 534 1
40 OnTime_40 4 1 755 1
40 OnTime_40 4 2 755 1
40 OnTime_40 5 1 710 1
40 OnTime_40 8 1 528 1
40 OnTime_40 12 2 355 1
40 OnTime_40 12 1 815 1
40 OnTime_40 13 1 601 1
40 OnTime_40 14 2 844 1
40 OnTime_40 14 1 962 1
40 OnTime_40 15 1 582 1
40 OnTime_40 15 2 582 1
40 OnTime_40 16 2 492 1
40 OnTime_40 16 1 1289 1
41 OnTime_41 2 1 535 1
41 OnTime_41 2 2 666 1
41 OnTime_41 3 1 518 1
41 OnTime_41 4 2 579 1
41 OnTime_41 4 1 666 1
41 OnTime_41 5 1 1008 1
41 OnTime_41 8 1 895 1
41 OnTime_41 12 2 689 1
41 OnTime_41 12 1 881 1
41 OnTime_41 13 1 863 1
41 OnTime_41 14 1 242 1
41 OnTime_41 14 2 242 1
41 OnTime_41 15 2 1015 1
41 OnTime_41 15 1 1075 1
41 OnTime_41 16 1 746 1
41 OnTime_41 16 2 746 1
42 OnTime_42 2 1 479 1
42 OnTime_42 2 2 601 1
42 OnTime_42 3 1 475 1
42 OnTime_42 4 1 481 1
42 OnTime_42 4 2 497 1
42 OnTime_42 5 1 513 1
42 OnTime_42 8 1 960 1
42 OnTime_42 12 1 815 1
42 OnTime_42 12 2 815 1
42 OnTime_42 13 1 601 1
42 OnTime_42 14 2 346 1
42 OnTime_42 14 1 841 1
42 OnTime_42 15 1 663 1
42 OnTime_42 15 2 663 1
42 OnTime_42 16 2 953 1
42 OnTime_42 16 1 1276 1
43 OnTime_43 2 2 625 1
43 OnTime_43 2 1 939 1
43 OnTime_43 4 1 781 1
43 OnTime_43 4 2 781 1
43 OnTime_43 8 1 389 1
43 OnTime_43 12 1 868 1
43 OnTime_43 12 2 868 1
43 OnTime_43 13 1 601 1
43 OnTime_43 14 1 273 1
43 OnTime_43 14 2 273 1
43 OnTime_43 15 1 663 1
43 OnTime_43 15 2 663 1
43 OnTime_43 16 1 908 1
43 OnTime_43 16 2 908 1
44 OnTime_44 2 1 689 1
44 OnTime_44 2 2 689 1
44 OnTime_44 3 1 1070 1
44 OnTime_44 4 1 520 1
44 OnTime_44 4 2 520 1
44 OnTime_44 5 1 668 1
44 OnTime_44 8 1 702 1
44 OnTime_44 12 1 210 1
44 OnTime_44 12 2 210 1
44 OnTime_44 13 1 644 1
44 OnTime_44 14 1 844 1
44 OnTime_44 15 1 464 1
44 OnTime_44 15 2 464 1
44 OnTime_44 16 1 917 1
44 OnTime_44 16 2 917 1
45 OnTime_45 2 1 666 1
45 OnTime_45 2 2 666 1
45 OnTime_45 3 1 1317 1
45 OnTime_45 4 1 791 1
45 OnTime_45 4 2 791 1
45 OnTime_45 5 1 445 1
45 OnTime_45 8 1 789 1
45 OnTime_45 12 1 564 1
45 OnTime_45 12 2 564 1
45 OnTime_45 13 1 601 1
45 OnTime_45 14 1 962 1
45 OnTime_45 14 2 962 1
45 OnTime_45 15 1 523 1
45 OnTime_45 15 2 523 1
45 OnTime_45 16 1 502 1
45 OnTime_45 16 2 825 1
46 OnTime_46 2 2 575 1
46 OnTime_46 2 1 884 1
46 OnTime_46 3 1 1166 1
46 OnTime_46 4 1 643 1
46 OnTime_46 4 2 781 1
46 OnTime_46 5 1 786 1
46 OnTime_46 8 1 714 1
46 OnTime_46 12 2 594 1
46 OnTime_46 12 1 892 1
46 OnTime_46 13 1 473 1
46 OnTime_46 14 1 348 1
46 OnTime_46 14 2 348 1
46 OnTime_46 15 1 777 1
46 OnTime_46 15 2 777 1
46 OnTime_46 16 1 520 1
46 OnTime_46 16 2 520 1
47 OnTime_47 2 2 517 1
47 OnTime_47 2 1 628 1
47 OnTime_47 3 1 404 1
47 OnTime_47 4 2 568 1
47 OnTime_47 4 1 793 1
47 OnTime_47 5 1 409 1
47 OnTime_47 8 1 573 1
47 OnTime_47 12 2 463 1
47 OnTime_47 12 1 899 1
47 OnTime_47 13 1 496 1
47 OnTime_47 14 1 517 1
47 OnTime_47 14 2 1132 1
47 OnTime_47 15 1 617 1
47 OnTime_47 15 2 617 1
47 OnTime_47 16 1 520 1
48 OnTime_48 2 1 300 1
48 OnTime_48 2 2 643 1
48 OnTime_48 3 1 650 1
48 OnTime_48 4 1 643 1
48 OnTime_48 4 2 1103 1
48 OnTime_48 5 1 785 1
48 OnTime_48 8 1 1079 1
48 OnTime_48 12 1 892 1
48 OnTime_48 12 2 892 1
48 OnTime_48 13 1 790 1
48 OnTime_48 14 1 1077 1
48 OnTime_48 14 2 1077 1
48 OnTime_48 15 1 686 1
48 OnTime_48 15 2 686 1
48 OnTime_48 16 1 926 1
48 OnTime_48 16 2 926 1
49 OnTime_49 2 1 811 1
49 OnTime_49 2 2 1102 1
49 OnTime_49 3 1 623 1
49 OnTime_49 4 1 754 1
49 OnTime_49 4 2 1038 1
49 OnTime_49 8 1 1038 1
49 OnTime_49 12 1 567 1
49 OnTime_49 12 2 567 1
49 OnTime_49 13 1 933 1
49 OnTime_49 14 1 996 1
49 OnTime_49 14 2 996 1
49 OnTime_49 15 2 336 1
49 OnTime_49 15 1 618 1
49 OnTime_49 16 1 1175 1
49 OnTime_49 16 2 1175 1
50 OnTime_50 2 1 1262 1
50 OnTime_50 2 2 1262 1
50 OnTime_50 3 1 452 1
50 OnTime_50 4 1 793 1
50 OnTime_50 4 2 793 1
50 OnTime_50 5 1 292 1
50 OnTime_50 8 1 490 1
50 OnTime_50 12 1 342 1
50 OnTime_50 12 2 342 1
50 OnTime_50 13 1 496 1
50 OnTime_50 14 1 371 1
50 OnTime_50 14 2 371 1
50 OnTime_50 15 1 769 1
50 OnTime_50 15 2 1016 1
50 OnTime_50 16 1 746 1
50 OnTime_50 16 2 750 1
51 OnTime_51 2 1 1002 1
51 OnTime_51 2 2 1002 1
51 OnTime_51 3 1 541 1
51 OnTime_51 4 2 791 1
51 OnTime_51 4 1 1103 1
51 OnTime_51 5 1 828 1
51 OnTime_51 8 1 813 1
51 OnTime_51 12 2 594 1
51 OnTime_51 12 1 815 1
51 OnTime_51 13 1 769 1
51 OnTime_51 14 2 526 1
51 OnTime_51 14 1 833 1
51 OnTime_51 15 1 341 1
51 OnTime_51 15 2 769 1
51 OnTime_51 16 2 833 1
51 OnTime_51 16 1 874 1
52 OnTime_52 2 1 602 1
52 OnTime_52 2 2 602 1
52 OnTime_52 3 1 406 1
52 OnTime_52 4 1 520 1
52 OnTime_52 4 2 520 1
52 OnTime_52 5 1 664 1
52 OnTime_52 8 1 490 1
52 OnTime_52 12 1 880 1
52 OnTime_52 12 2 880 1
52 OnTime_52 13 1 289 1
52 OnTime_52 14 1 1002 1
52 OnTime_52 14 2 1002 1
52 OnTime_52 15 1 1034 1
52 OnTime_52 15 2 1034 1
52 OnTime_52 16 1 874 1
52 OnTime_52 16 2 1052 1
53 OnTime_53 2 1 711 1
53 OnTime_53 2 2 711 1
53 OnTime_53 3 1 598 1
53 OnTime_53 4 1 608 1
53 OnTime_53 4 2 736 1
53 OnTime_53 5 1 736 1
53 OnTime_53 12 1 689 1
53 OnTime_53 12 2 689 1
53 OnTime_53 13 1 473 1
53 OnTime_53 14 1 517 1
53 OnTime_53 14 2 517 1
53 OnTime_53 15 1 483 1
53 OnTime_53 15 2 483 1
53 OnTime_53 16 1 661 1
54 OnTime_54 2 1 509 1
54 OnTime_54 2 2 509 1
54 OnTime_54 3 1 740 1
54 OnTime_54 4 1 717 1
54 OnTime_54 5 1 532 1
54 OnTime_54 8 1 885 1
54 OnTime_54 12 1 778 1
54 OnTime_54 13 1 596 1
54 OnTime_54 14 1 841 1
54 OnTime_54 15 2 487 1
54 OnTime_54 15 1 911 1
54 OnTime_54 16 1 1176 1
55 OnTime_55 2 1 792 1
55 OnTime_55 2 2 792 1
55 OnTime_55 4 1 781 1
55 OnTime_55 4 2 781 1
55 OnTime_55 5 1 1094 1
55 OnTime_55 8 1 573 1
55 OnTime_55 12 1 672 1
55 OnTime_55 13 1 987 1
55 OnTime_55 14 1 638 1
55 OnTime_55 14 2 987 1
55 OnTime_55 15 2 779 1
55 OnTime_55 15 1 1016 1
55 OnTime_55 16 1 825 1
55 OnTime_55 16 2 825 1
56 OnTime_56 2 1 811 1
56 OnTime_56 2 2 811 1
56 OnTime_56 3 1 946 1
56 OnTime_56 4 2 946 1
56 OnTime_56 4 1 1117 1
56 OnTime_56 5 1 889 1
56 OnTime_56 8 1 389 1
56 OnTime_56 12 1 812 1
56 OnTime_56 12 2 812 1
56 OnTime_56 13 1 933 1
56 OnTime_56 14 1 844 1
56 OnTime_56 14 2 844 1
56 OnTime_56 15 1 769 1
56 OnTime_56 15 2 769 1
56 OnTime_56 16 1 582 1
56 OnTime_56 16 2 582 1
57 OnTime_57 3 1 218 1
57 OnTime_57 4 1 946 1
57 OnTime_57 4 2 946 1
57 OnTime_57 5 1 828 1
57 OnTime_57 8 1 188 1
57 OnTime_57 12 1 881 1
57 OnTime_57 12 2 881 1
57 OnTime_57 13 1 790 1
57 OnTime_57 14 1 844 1
57 OnTime_57 14 2 844 1
57 OnTime_57 15 1 465 1
57 OnTime_57 15 2 465 1
57 OnTime_57 16 1 767 1
57 OnTime_57 16 2 767 1
58 OnTime_58 2 1 1028 1
58 OnTime_58 2 2 1028 1
58 OnTime_58 3 1 963 1
58 OnTime_58 4 1 666 1
58 OnTime_58 4 2 789 1
58 OnTime_58 8 1 789 1
58 OnTime_58 12 1 815 1
58 OnTime_58 12 2 815 1
58 OnTime_58 13 1 1279 1
58 OnTime_58 14 1 285 1
58 OnTime_58 14 2 285 1
58 OnTime_58 15 1 523 1
58 OnTime_58 15 2 523 1
58 OnTime_58 16 1 502 1
58 OnTime_58 16 2 502 1
59 OnTime_59 2 2 350 1
59 OnTime_59 2 1 535 1
59 OnTime_59 3 1 404 1
59 OnTime_59 4 2 497 1
59 OnTime_59 4 1 648 1
59 OnTime_59 5 1 664 1
59 OnTime_59 8 1 914 1
59 OnTime_59 12 1 355 1
59 OnTime_59 12 2 812 1
59 OnTime_59 13 1 935 1
59 OnTime_59 14 1 520 1
59 OnTime_59 14 2 999 1
59 OnTime_59 15 1 350 1
59 OnTime_59 15 2 825 1
59 OnTime_59 16 2 520 1
59 OnTime_59 16 1 825 1
60 OnTime_60 2 1 499 1
60 OnTime_60 2 2 517 1
60 OnTime_60 3 1 534 1
60 OnTime_60 4 1 579 1
60 OnTime_60 4 2 1038 1
60 OnTime_60 5 1 1008 1
60 OnTime_60 8 1 1038 1
60 OnTime_60 12 1 880 1
60 OnTime_60 12 2 880 1
60 OnTime_60 13 1 492 1
60 OnTime_60 14 2 833 1
60 OnTime_60 14 1 1002 1
60 OnTime_60 15 2 825 1
60 OnTime_60 15 1 1015 1
60 OnTime_60 16 2 492 1
60 OnTime_60 16 1 833 1
61 OnTime_61 2 2 517 1
61 OnTime_61 2 1 654 1
61 OnTime_61 3 1 541 1
61 OnTime_61 4 1 776 1
61 OnTime_61 4 2 776 1
61 OnTime_61 5 1 510 1
61 OnTime_61 8 1 885 1
61 OnTime_61 12 1 815 1
61 OnTime_61 12 2 815 1
61 OnTime_61 13 1 492 1
61 OnTime_61 14 2 327 1
61 OnTime_61 14 1 517 1
61 OnTime_61 15 1 1015 1
61 OnTime_61 15 2 1015 1
61 OnTime_61 16 1 745 1
61 OnTime_61 16 2 745 1
62 OnTime_62 2 1 220 1
62 OnTime_62 2 2 596 1
62 OnTime_62 3 1 734 1
62 OnTime_62 4 1 617 1
62 OnTime_62 4 2 908 1
62 OnTime_62 5 1 1008 1
62 OnTime_62 12 1 1145 1
62 OnTime_62 12 2 1145 1
62 OnTime_62 13 1 596 1
62 OnTime_62 14 1 962 1
62 OnTime_62 14 2 962 1
62 OnTime_62 15 2 617 1
62 OnTime_62 15 1 1015 1
62 OnTime_62 16 2 667 1
62 OnTime_62 16 1 908 1
63 OnTime_63 2 2 517 1
63 OnTime_63 2 1 689 1
63 OnTime_63 3 1 862 1
63 OnTime_63 4 1 947 1
63 OnTime_63 4 2 1038 1
63 OnTime_63 5 1 824 1
63 OnTime_63 8 1 528 1
63 OnTime_63 12 1 815 1
63 OnTime_63 12 2 815 1
63 OnTime_63 13 1 390 1
63 OnTime_63 14 1 517 1
63 OnTime_63 14 2 862 1
63 OnTime_63 15 1 483 1
63 OnTime_63 15 2 1270 1
64 OnTime_64 2 2 601 1
64 OnTime_64 2 1 811 1
64 OnTime_64 3 1 740 1
64 OnTime_64 4 2 525 1
64 OnTime_64 4 1 568 1
64 OnTime_64 5 1 1117 1
64 OnTime_64 8 1 558 1
64 OnTime_64 12 1 564 1
64 OnTime_64 12 2 564 1
64 OnTime_64 13 1 601 1
64 OnTime_64 14 1 520 1
64 OnTime_64 14 2 572 1
64 OnTime_64 15 1 487 1
64 OnTime_64 15 2 558 1
64 OnTime_64 16 1 502 1
64 OnTime_64 16 2 502 1
65 OnTime_65 2 2 712 1
65 OnTime_65 2 1 792 1
65 OnTime_65 3 1 495 1
65 OnTime_65 4 2 655 1
65 OnTime_65 4 1 781 1
65 OnTime_65 5 1 828 1
65 OnTime_65 8 1 655 1
65 OnTime_65 12 2 828 1
65 OnTime_65 12 1 892 1
65 OnTime_65 13 1 769 1
65 OnTime_65 14 1 311 1
65 OnTime_65 14 2 311 1
65 OnTime_65 15 1 849 1
65 OnTime_65 15 2 849 1
65 OnTime_65 16 1 908 1
65 OnTime_65 16 2 908 1
66 OnTime_66 2 1 600 1
66 OnTime_66 2 2 600 1
66 OnTime_66 3 1 518 1
66 OnTime_66 4 1 568 1
66 OnTime_66 4 2 568 1
66 OnTime_66 5 1 664 1
66 OnTime_66 8 1 490 1
66 OnTime_66 12 1 684 1
66 OnTime_66 13 1 525 1
66 OnTime_66 14 1 844 1
66 OnTime_66 14 2 1076 1
66 OnTime_66 15 1 464 1
66 OnTime_66 15 2 464 1
66 OnTime_66 16 1 928 1
66 OnTime_66 16 2 928 1
67 OnTime_67 2 1 479 1
67 OnTime_67 2 2 811 1
67 OnTime_67 3 1 793 1
67 OnTime_67 4 1 754 1
67 OnTime_67 4 2 754 1
67 OnTime_67 5 1 664 1
67 OnTime_67 8 1 1150 1
67 OnTime_67 12 2 594 1
67 OnTime_67 12 1 635 1
67 OnTime_67 13 1 1279 1
67 OnTime_67 14 1 913 1
67 OnTime_67 14 2 913 1
67 OnTime_67 15 1 523 1
67 OnTime_67 15 2 523 1
67 OnTime_67 16 1 767 1
67 OnTime_67 16 2 792 1
68 OnTime_68 2 1 509 1
68 OnTime_68 2 2 509 1
68 OnTime_68 3 1 650 1
68 OnTime_68 4 1 793 1
68 OnTime_68 4 2 793 1
68 OnTime_68 5 1 513 1
68 OnTime_68 8 1 655 1
68 OnTime_68 12 1 899 1
68 OnTime_68 13 1 1035 1
68 OnTime_68 14 1 371 1
68 OnTime_68 14 2 371 1
68 OnTime_68 15 2 916 1
68 OnTime_68 15 1 1050 1
68 OnTime_68 16 1 661 1
68 OnTime_68 16 2 676 1
69 OnTime_69 2 2 348 1
69 OnTime_69 2 1 712 1
69 OnTime_69 3 1 541 1
69 OnTime_69 4 1 793 1
69 OnTime_69 4 2 793 1
69 OnTime_69 5 1 861 1
69 OnTime_69 8 1 565 1
69 OnTime_69 12 1 82 1
69 OnTime_69 13 1 679 1
69 OnTime_69 14 1 348 1
69 OnTime_69 14 2 679 1
69 OnTime_69 15 1 582 1
69 OnTime_69 16 1 767 1
69 OnTime_69 16 2 767 1
70 OnTime_70 2 1 867 1
70 OnTime_70 2 2 867 1
70 OnTime_70 3 1 534 1
70 OnTime_70 4 1 793 1
70 OnTime_70 4 2 793 1
70 OnTime_70 5 1 423 1
70 OnTime_70 8 1 655 1
70 OnTime_70 12 1 803 1
70 OnTime_70 12 2 803 1
70 OnTime_70 13 1 981 1
70 OnTime_70 14 1 862 1
70 OnTime_70 14 2 862 1
70 OnTime_70 15 2 269 1
70 OnTime_70 15 1 464 1
71 OnTime_71 2 1 478 1
71 OnTime_71 2 2 695 1
71 OnTime_71 3 1 596 1
71 OnTime_71 4 1 704 1
71 OnTime_71 4 2 1048 1
71 OnTime_71 5 1 828 1
71 OnTime_71 8 1 813 1
71 OnTime_71 12 1 1273 1
71 OnTime_71 12 2 1273 1
71 OnTime_71 13 1 917 1
71 OnTime_71 14 2 343 1
71 OnTime_71 14 1 633 1
71 OnTime_71 15 1 582 1
71 OnTime_71 15 2 582 1
71 OnTime_71 16 2 492 1
71 OnTime_71 16 1 792 1
72 OnTime_72 2 2 575 1
72 OnTime_72 2 1 792 1
72 OnTime_72 3 1 820 1
72 OnTime_72 4 1 568 1
72 OnTime_72 4 2 655 1
72 OnTime_72 5 1 896 1
72 OnTime_72 8 1 885 1
72 OnTime_72 12 1 463 1
72 OnTime_72 12 2 828 1
72 OnTime_72 13 1 575 1
72 OnTime_72 14 1 422 1
72 OnTime_72 14 2 1132 1
72 OnTime_72 15 1 1 1
72 OnTime_72 15 2 777 1
72 OnTime_72 16 1 385 1
72 OnTime_72 16 2 792 1
73 OnTime_73 2 2 499 1
73 OnTime_73 2 1 509 1
73 OnTime_73 3 1 475 1
73 OnTime_73 4 2 272 1
73 OnTime_73 4 1 643 1
73 OnTime_73 5 1 767 1
73 OnTime_73 8 1 490 1
73 OnTime_73 12 2 564 1
73 OnTime_73 12 1 883 1
73 OnTime_73 13 1 525 1
73 OnTime_73 14 2 517 1
73 OnTime_73 14 1 796 1
73 OnTime_73 15 2 1016 1
73 OnTime_73 15 1 1050 1
73 OnTime_73 16 2 678 1
73 OnTime_73 16 1 1016 1
74 OnTime_74 2 1 628 1
74 OnTime_74 3 1 821 1
74 OnTime_74 4 1 791 1
74 OnTime_74 4 2 791 1
74 OnTime_74 5 1 860 1
74 OnTime_74 8 1 810 1
74 OnTime_74 12 1 803 1
74 OnTime_74 12 2 815 1
74 OnTime_74 13 1 495 1
74 OnTime_74 14 1 1142 1
74 OnTime_74 15 1 777 1
74 OnTime_74 16 1 879 1
74 OnTime_74 16 2 879 1
75 OnTime_75 2 1 575 1
75 OnTime_75 2 2 939 1
75 OnTime_75 3 1 821 1
75 OnTime_75 4 2 203 1
75 OnTime_75 4 1 733 1
75 OnTime_75 5 1 1195 1
75 OnTime_75 8 1 914 1
75 OnTime_75 12 1 617 1
75 OnTime_75 13 1 203 1
75 OnTime_75 14 1 1094 1
75 OnTime_75 14 2 1094 1
75 OnTime_75 15 1 719 1
75 OnTime_75 15 2 719 1
75 OnTime_75 16 2 502 1
75 OnTime_75 16 1 926 1
76 OnTime_76 2 1 225 1
76 OnTime_76 2 2 596 1
76 OnTime_76 3 1 565 1
76 OnTime_76 4 1 497 1
76 OnTime_76 4 2 497 1
76 OnTime_76 5 1 388 1
76 OnTime_76 8 1 702 1
76 OnTime_76 12 1 564 1
76 OnTime_76 13 1 596 1
76 OnTime_76 14 1 637 1
76 OnTime_76 14 2 1061 1
76 OnTime_76 16 1 492 1
76 OnTime_76 16 2 908 1
77 OnTime_77 2 1 695 1
77 OnTime_77 2 2 695 1
77 OnTime_77 3 1 465 1
77 OnTime_77 4 2 525 1
77 OnTime_77 4 1 579 1
77 OnTime_77 5 1 532 1
77 OnTime_77 8 1 886 1
77 OnTime_77 12 1 617 1
77 OnTime_77 12 2 778 1
77 OnTime_77 13 1 525 1
77 OnTime_77 14 1 71 1
77 OnTime_77 14 2 604 1
77 OnTime_77 15 2 503 1
77 OnTime_77 15 1 779 1
77 OnTime_77 16 1 792 1
77 OnTime_77 16 2 792 1
78 OnTime_78 2 1 479 1
78 OnTime_78 2 2 479 1
78 OnTime_78 3 1 820 1
78 OnTime_78 4 1 793 1
78 OnTime_78 4 2 793 1
78 OnTime_78 5 1 824 1
78 OnTime_78 8 1 565 1
78 OnTime_78 12 1 273 1
78 OnTime_78 12 2 273 1
78 OnTime_78 13 1 917 1
78 OnTime_78 14 1 1061 1
78 OnTime_78 14 2 1061 1
78 OnTime_78 15 1 441 1
78 OnTime_78 15 2 441 1
78 OnTime_78 16 1 767 1
78 OnTime_78 16 2 767 1
79 OnTime_79 2 1 1016 1
79 OnTime_79 3 1 534 1
79 OnTime_79 4 2 736 1
79 OnTime_79 4 1 947 1
79 OnTime_79 5 1 736 1
79 OnTime_79 12 2 567 1
79 OnTime_79 12 1 635 1
79 OnTime_79 13 1 495 1
79 OnTime_79 14 1 987 1
79 OnTime_79 14 2 987 1
79 OnTime_79 15 1 840 1
79 OnTime_79 15 2 840 1
79 OnTime_79 16 1 767 1
79 OnTime_79 16 2 767 1
80 OnTime_80 2 1 884 1
80 OnTime_80 2 2 1008 1
80 OnTime_80 3 1 475 1
80 OnTime_80 4 2 525 1
80 OnTime_80 4 1 643 1
80 OnTime_80 5 1 1008 1
80 OnTime_80 8 1 229 1
80 OnTime_80 13 1 525 1
80 OnTime_80 14 1 1061 1
80 OnTime_80 14 2 1132 1
80 OnTime_80 15 1 1080 1
80 OnTime_80 15 2 1275 1
80 OnTime_80 16 2 194 1
80 OnTime_80 16 1 1052 1
81 OnTime_81 2 1 535 1
81 OnTime_81 3 1 983 1
81 OnTime_81 4 1 520 1
81 OnTime_81 5 1 507 1
81 OnTime_81 8 1 886 1
81 OnTime_81 12 1 349 1
81 OnTime_81 12 2 349 1
81 OnTime_81 13 1 790 1
81 OnTime_81 14 2 520 1
81 OnTime_81 15 1 441 1
81 OnTime_81 15 2 441 1
81 OnTime_81 16 1 1004 1
81 OnTime_81 16 2 1004 1
82 OnTime_82 2 1 478 1
82 OnTime_82 2 2 478 1
82 OnTime_82 4 1 564 1
82 OnTime_82 4 2 736 1
82 OnTime_82 5 1 736 1
82 OnTime_82 8 1 804 1
82 OnTime_82 12 1 635 1
82 OnTime_82 13 1 597 1
82 OnTime_82 14 1 638 1
82 OnTime_82 14 2 638 1
82 OnTime_82 15 1 1206 1
82 OnTime_82 15 2 1206 1
82 OnTime_82 16 1 678 1
82 OnTime_82 16 2 678 1
83 OnTime_83 4 2 648 1
83 OnTime_83 4 1 905 1
83 OnTime_83 5 1 532 1
83 OnTime_83 8 1 702 1
83 OnTime_83 12 1 684 1
83 OnTime_83 12 2 684 1
83 OnTime_83 13 1 573 1
83 OnTime_83 14 1 346 1
83 OnTime_83 14 2 526 1
83 OnTime_83 15 1 341 1
83 OnTime_83 15 2 777 1
83 OnTime_83 16 1 1303 1
83 OnTime_83 16 2 1303 1
84 OnTime_84 2 1 1028 1
84 OnTime_84 2 2 1028 1
84 OnTime_84 3 1 308 1
84 OnTime_84 4 2 673 1
84 OnTime_84 4 1 1293 1
84 OnTime_84 5 1 668 1
84 OnTime_84 8 1 528 1
84 OnTime_84 12 1 210 1
84 OnTime_84 12 2 528 1
84 OnTime_84 13 1 573 1
84 OnTime_84 14 1 862 1
84 OnTime_84 14 2 862 1
84 OnTime_84 15 2 663 1
84 OnTime_84 15 1 1151 1
84 OnTime_84 16 2 690 1
84 OnTime_84 16 1 926 1
85 OnTime_85 2 2 575 1
85 OnTime_85 2 1 602 1
85 OnTime_85 3 1 435 1
85 OnTime_85 5 1 861 1
85 OnTime_85 8 1 810 1
85 OnTime_85 12 1 815 1
85 OnTime_85 12 2 815 1
85 OnTime_85 13 1 575 1
85 OnTime_85 14 1 796 1
85 OnTime_85 14 2 796 1
85 OnTime_85 15 1 483 1
85 OnTime_85 15 2 483 1
85 OnTime_85 16 2 435 1
85 OnTime_85 16 1 825 1
86 OnTime_86 2 1 739 1
86 OnTime_86 2 2 739 1
86 OnTime_86 3 1 753 1
86 OnTime_86 5 1 896 1
86 OnTime_86 12 1 635 1
86 OnTime_86 12 2 868 1
86 OnTime_86 13 1 863 1
86 OnTime_86 14 1 1146 1
86 OnTime_86 14 2 1146 1
86 OnTime_86 15 1 837 1
86 OnTime_86 15 2 837 1
86 OnTime_86 16 1 926 1
86 OnTime_86 16 2 926 1
87 OnTime_87 3 1 649 1
87 OnTime_87 4 1 461 1
87 OnTime_87 4 2 461 1
87 OnTime_87 5 1 658 1
87 OnTime_87 8 1 813 1
87 OnTime_87 12 1 1006 1
87 OnTime_87 12 2 1006 1
87 OnTime_87 14 1 796 1
87 OnTime_87 14 2 1077 1
87 OnTime_87 15 2 840 1
87 OnTime_87 15 1 1017 1
87 OnTime_87 16 1 825 1
88 OnTime_88 2 1 959 1
88 OnTime_88 2 2 959 1
88 OnTime_88 4 2 481 1
88 OnTime_88 4 1 561 1
88 OnTime_88 5 1 1260 1
88 OnTime_88 8 1 427 1
88 OnTime_88 12 1 684 1
88 OnTime_88 13 1 1279 1
88 OnTime_88 14 1 833 1
88 OnTime_88 14 2 833 1
88 OnTime_88 15 1 618 1
88 OnTime_88 15 2 840 1
88 OnTime_88 16 1 183 1
88 OnTime_88 16 2 183 1
89 OnTime_89 2 1 654 1
89 OnTime_89 2 2 654 1
89 OnTime_89 3 1 541 1
89 OnTime_89 4 1 579 1
89 OnTime_89 4 2 781 1
89 OnTime_89 5 1 338 1
89 OnTime_89 8 1 813 1
89 OnTime_89 12 1 349 1
89 OnTime_89 12 2 349 1
89 OnTime_89 13 1 525 1
89 OnTime_89 14 1 955 1
89 OnTime_89 15 1 420 1
89 OnTime_89 15 2 420 1
89 OnTime_89 16 1 869 1
89 OnTime_89 16 2 869 1
90 OnTime_90 2 1 479 1
90 OnTime_90 2 2 596 1
90 OnTime_90 3 1 596 1
90 OnTime_90 4 1 946 1
90 OnTime_90 4 2 946 1
90 OnTime_90 5 1 513 1
90 OnTime_90 8 1 490 1
90 OnTime_90 12 2 803 1
90 OnTime_90 12 1 812 1
90 OnTime_90 13 1 703 1
90 OnTime_90 14 1 841 1
90 OnTime_90 15 1 1034 1
90 OnTime_90 15 2 1034 1
90 OnTime_90 16 1 661 1
91 OnTime_91 2 1 478 1
91 OnTime_91 2 2 695 1
91 OnTime_91 3 1 753 1
91 OnTime_91 4 2 797 1
91 OnTime_91 4 1 893 1
91 OnTime_91 5 1 1275 1
91 OnTime_91 8 1 341 1
91 OnTime_91 12 1 1097 1
91 OnTime_91 13 1 695 1
91 OnTime_91 15 1 1017 1
91 OnTime_91 15 2 1017 1
91 OnTime_91 16 1 746 1
92 OnTime_92 2 1 601 1
92 OnTime_92 2 2 601 1
92 OnTime_92 3 1 420 1
92 OnTime_92 4 1 520 1
92 OnTime_92 4 2 520 1
92 OnTime_92 5 1 251 1
92 OnTime_92 8 1 702 1
92 OnTime_92 12 1 528 1
92 OnTime_92 12 2 528 1
92 OnTime_92 13 1 917 1
92 OnTime_92 14 1 517 1
92 OnTime_92 14 2 517 1
92 OnTime_92 15 1 483 1
92 OnTime_92 15 2 483 1
92 OnTime_92 16 2 667 1
92 OnTime_92 16 1 767 1
93 OnTime_93 2 1 350 1
93 OnTime_93 2 2 602 1
93 OnTime_93 3 1 406 1
93 OnTime_93 4 1 461 1
93 OnTime_93 4 2 525 1
93 OnTime_93 5 1 668 1
93 OnTime_93 8 1 1079 1
93 OnTime_93 12 1 617 1
93 OnTime_93 12 2 927 1
93 OnTime_93 13 1 1257 1
93 OnTime_93 15 1 269 1
93 OnTime_93 15 2 269 1
93 OnTime_93 16 2 502 1
93 OnTime_93 16 1 879 1
94 OnTime_94 2 1 625 1
94 OnTime_94 2 2 625 1
94 OnTime_94 3 1 598 1
94 OnTime_94 4 2 905 1
94 OnTime_94 4 1 908 1
94 OnTime_94 8 1 1038 1
94 OnTime_94 12 1 564 1
94 OnTime_94 12 2 868 1
94 OnTime_94 13 1 525 1
94 OnTime_94 14 1 833 1
94 OnTime_94 14 2 833 1
94 OnTime_94 15 2 686 1
94 OnTime_94 15 1 916 1
94 OnTime_94 16 1 746 1
94 OnTime_94 16 2 1004 1
95 OnTime_95 2 1 478 1
95 OnTime_95 2 2 478 1
95 OnTime_95 3 1 650 1
95 OnTime_95 4 1 1021 1
95 OnTime_95 5 1 710 1
95 OnTime_95 12 1 962 1
95 OnTime_95 12 2 962 1
95 OnTime_95 13 1 1013 1
95 OnTime_95 14 1 543 1
95 OnTime_95 14 2 633 1
95 OnTime_95 15 1 523 1
95 OnTime_95 15 2 523 1
95 OnTime_95 16 1 6 1
95 OnTime_95 16 2 6 1
96 OnTime_96 2 2 600 1
96 OnTime_96 2 1 880 1
96 OnTime_96 3 1 753 1
96 OnTime_96 4 1 789 1
96 OnTime_96 4 2 998 1
96 OnTime_96 5 1 860 1
96 OnTime_96 8 1 1150 1
96 OnTime_96 12 1 635 1
96 OnTime_96 12 2 635 1
96 OnTime_96 15 1 523 1
96 OnTime_96 15 2 523 1
97 OnTime_97 2 1 1028 1
97 OnTime_97 2 2 1028 1
97 OnTime_97 3 1 534 1
97 OnTime_97 4 1 481 1
97 OnTime_97 4 2 481 1
97 OnTime_97 8 1 655 1
97 OnTime_97 12 2 342 1
97 OnTime_97 12 1 778 1
97 OnTime_97 13 1 573 1
97 OnTime_97 14 1 955 1
97 OnTime_97 14 2 955 1
97 OnTime_97 16 2 1126 1
97 OnTime_97 16 1 1216 1
98 OnTime_98 2 1 811 1
98 OnTime_98 2 2 811 1
98 OnTime_98 3 1 308 1
98 OnTime_98 4 1 655 1
98 OnTime_98 4 2 828 1
98 OnTime_98 5 1 510 1
98 OnTime_98 8 1 886 1
98 OnTime_98 12 1 828 1
98 OnTime_98 12 2 899 1
98 OnTime_98 13 1 1047 1
98 OnTime_98 14 1 343 1
98 OnTime_98 14 2 343 1
98 OnTime_98 15 2 434 1
98 OnTime_98 15 1 552 1
98 OnTime_98 16 1 1258 1
98 OnTime_98 16 2 1258 1
99 OnTime_99 2 1 575 1
99 OnTime_99 3 1 565 1
99 OnTime_99 4 1 520 1
99 OnTime_99 4 2 520 1
99 OnTime_99 5 1 668 1
99 OnTime_99 8 1 1150 1
99 OnTime_99 12 1 803 1
99 OnTime_99 12 2 803 1
99 OnTime_99 13 1 398 1
99 OnTime_99 14 1 913 1
99 OnTime_99 14 2 913 1
99 OnTime_99 15 1 341 1
99 OnTime_99 15 2 341 1
99 OnTime_99 16 2 502 1
99 OnTime_99 16 1 767 1
100 OnTime_100 2 2 185 1
100 OnTime_100 2 1 1028 1
100 OnTime_100 3 1 734 1
100 OnTime_100 4 1 561 1
100 OnTime_100 4 2 561 1
100 OnTime_100 5 1 1100 1
100 OnTime_100 8 1 558 1
100 OnTime_100 12 1 528 1
100 OnTime_100 12 2 528 1
100 OnTime_100 13 1 573 1
100 OnTime_100 14 1 679 1
100 OnTime_100 14 2 862 1
100 OnTime_100 15 2 558 1
100 OnTime_100 15 1 1075 1
100 OnTime_100 16 1 908 1
100 OnTime_100 16 2 908 1
101 OnTime_101 2 1 600 1
101 OnTime_101 3 1 442 1
101 OnTime_101 4 1 561 1
101 OnTime_101 4 2 561 1
101 OnTime_101 5 1 828 1
101 OnTime_101 8 1 341 1
101 OnTime_101 12 1 635 1
101 OnTime_101 12 2 635 1
101 OnTime_101 13 1 769 1
101 OnTime_101 14 1 923 1
101 OnTime_101 14 2 923 1
101 OnTime_101 15 1 336 1
101 OnTime_101 15 2 769 1
101 OnTime_101 16 1 833 1
101 OnTime_101 16 2 833 1
102 OnTime_102 2 2 695 1
102 OnTime_102 3 1 465 1
102 OnTime_102 4 1 791 1
102 OnTime_102 4 2 1048 1
102 OnTime_102 5 1 664 1
102 OnTime_102 8 1 451 1
102 OnTime_102 12 1 672 1
102 OnTime_102 13 1 695 1
102 OnTime_102 14 1 1077 1
102 OnTime_102 14 2 1077 1
102 OnTime_102 15 1 1159 1
102 OnTime_102 15 2 1159 1
102 OnTime_102 16 1 234 1
103 OnTime_103 2 1 357 1
103 OnTime_103 3 1 218 1
103 OnTime_103 4 1 379 1
103 OnTime_103 4 2 379 1
103 OnTime_103 5 1 664 1
103 OnTime_103 8 1 582 1
103 OnTime_103 12 1 355 1
103 OnTime_103 12 2 582 1
103 OnTime_103 13 1 596 1
103 OnTime_103 14 1 796 1
103 OnTime_103 14 2 796 1
103 OnTime_103 15 1 1270 1
103 OnTime_103 15 2 1270 1
103 OnTime_103 16 1 492 1
103 OnTime_103 16 2 492 1
104 OnTime_104 2 2 600 1
104 OnTime_104 2 1 884 1
104 OnTime_104 3 1 308 1
104 OnTime_104 4 1 776 1
104 OnTime_104 4 2 776 1
104 OnTime_104 5 1 1194 1
104 OnTime_104 8 1 796 1
104 OnTime_104 12 2 528 1
104 OnTime_104 12 1 881 1
104 OnTime_104 13 1 769 1
104 OnTime_104 14 1 1061 1
104 OnTime_104 14 2 1061 1
104 OnTime_104 15 1 686 1
104 OnTime_104 15 2 686 1
104 OnTime_104 16 1 745 1
104 OnTime_104 16 2 745 1
105 OnTime_105 2 2 475 1
105 OnTime_105 2 1 939 1
105 OnTime_105 3 1 475 1
105 OnTime_105 4 1 461 1
105 OnTime_105 4 2 461 1
105 OnTime_105 5 1 1150 1
105 OnTime_105 8 1 992 1
105 OnTime_105 12 1 899 1
105 OnTime_105 12 2 981 1
105 OnTime_105 13 1 981 1
105 OnTime_105 14 2 999 1
105 OnTime_105 14 1 1061 1
105 OnTime_105 15 1 583 1
105 OnTime_105 15 2 837 1
105 OnTime_105 16 1 502 1
105 OnTime_105 16 2 678 1
106 OnTime_106 2 1 350 1
106 OnTime_106 2 2 350 1
106 OnTime_106 3 1 650 1
106 OnTime_106 4 1 666 1
106 OnTime_106 4 2 666 1
106 OnTime_106 5 1 510 1
106 OnTime_106 8 1 655 1
106 OnTime_106 12 1 892 1
106 OnTime_106 12 2 892 1
106 OnTime_106 13 1 644 1
106 OnTime_106 14 1 1081 1
106 OnTime_106 14 2 1081 1
106 OnTime_106 15 2 617 1
106 OnTime_106 15 1 1131 1
106 OnTime_106 16 2 750 1
106 OnTime_106 16 1 1052 1
107 OnTime_107 2 2 517 1
107 OnTime_107 2 1 1061 1
107 OnTime_107 3 1 435 1
107 OnTime_107 4 2 579 1
107 OnTime_107 4 1 648 1
107 OnTime_107 5 1 860 1
107 OnTime_107 8 1 833 1
107 OnTime_107 13 1 398 1
107 OnTime_107 14 1 348 1
107 OnTime_107 14 2 1061 1
107 OnTime_107 15 2 701 1
107 OnTime_107 15 1 916 1
107 OnTime_107 16 1 492 1
107 OnTime_107 16 2 767 1
108 OnTime_108 3 1 821 1
108 OnTime_108 4 1 998 1
108 OnTime_108 4 2 998 1
108 OnTime_108 5 1 679 1
108 OnTime_108 8 1 1150 1
108 OnTime_108 12 1 881 1
108 OnTime_108 12 2 881 1
108 OnTime_108 13 1 496 1
108 OnTime_108 14 2 637 1
108 OnTime_108 14 1 841 1
108 OnTime_108 15 2 719 1
108 OnTime_108 15 1 1017 1
108 OnTime_108 16 1 678 1
108 OnTime_108 16 2 846 1
109 OnTime_109 2 1 665 1
109 OnTime_109 2 2 665 1
109 OnTime_109 3 1 495 1
109 OnTime_109 4 1 325 1
109 OnTime_109 4 2 325 1
109 OnTime_109 5 1 445 1
109 OnTime_109 8 1 565 1
109 OnTime_109 12 1 349 1
109 OnTime_109 12 2 349 1
109 OnTime_109 13 1 935 1
109 OnTime_109 14 1 833 1
109 OnTime_109 14 2 833 1
109 OnTime_109 15 2 503 1
109 OnTime_109 15 1 840 1
109 OnTime_109 16 1 819 1
109 OnTime_109 16 2 926 1
110 OnTime_110 2 1 1008 1
110 OnTime_110 2 2 1008 1
110 OnTime_110 3 1 848 1
110 OnTime_110 4 2 409 1
110 OnTime_110 4 1 520 1
110 OnTime_110 5 1 409 1
110 OnTime_110 8 1 490 1
110 OnTime_110 12 1 881 1
110 OnTime_110 12 2 881 1
110 OnTime_110 13 1 495 1
110 OnTime_110 14 1 841 1
110 OnTime_110 14 2 1061 1
110 OnTime_110 15 1 618 1
110 OnTime_110 15 2 825 1
110 OnTime_110 16 2 520 1
110 OnTime_110 16 1 926 1
111 OnTime_111 2 1 811 1
111 OnTime_111 2 2 811 1
111 OnTime_111 3 1 350 1
111 OnTime_111 4 1 776 1
111 OnTime_111 4 2 791 1
111 OnTime_111 5 1 668 1
111 OnTime_111 8 1 427 1
111 OnTime_111 12 1 635 1
111 OnTime_111 12 2 635 1
111 OnTime_111 14 1 371 1
111 OnTime_111 14 2 371 1
111 OnTime_111 15 2 350 1
111 OnTime_111 15 1 967 1
111 OnTime_111 16 1 819 1
111 OnTime_111 16 2 819 1
112 OnTime_112 2 1 424 1
112 OnTime_112 2 2 475 1
112 OnTime_112 3 1 475 1
112 OnTime_112 4 1 754 1
112 OnTime_112 4 2 754 1
112 OnTime_112 8 1 813 1
112 OnTime_112 12 1 815 1
112 OnTime_112 12 2 815 1
112 OnTime_112 13 1 954 1
112 OnTime_112 14 1 1002 1
112 OnTime_112 15 1 686 1
112 OnTime_112 15 2 686 1
112 OnTime_112 16 1 1004 1
112 OnTime_112 16 2 1004 1
113 OnTime_113 2 1 602 1
113 OnTime_113 2 2 602 1
113 OnTime_113 3 1 848 1
113 OnTime_113 4 1 393 1
113 OnTime_113 4 2 776 1
113 OnTime_113 5 1 767 1
113 OnTime_113 8 1 886 1
113 OnTime_113 12 1 684 1
113 OnTime_113 12 2 684 1
113 OnTime_113 13 1 575 1
113 OnTime_113 14 1 987 1
113 OnTime_113 14 2 987 1
113 OnTime_113 15 1 942 1
113 OnTime_113 15 2 942 1
113 OnTime_113 16 1 833 1
113 OnTime_113 16 2 833 1
114 OnTime_114 2 2 575 1
114 OnTime_114 2 1 711 1
114 OnTime_114 3 1 1039 1
114 OnTime_114 4 1 497 1
114 OnTime_114 4 2 497 1
114 OnTime_114 5 1 664 1
114 OnTime_114 8 1 528 1
114 OnTime_114 12 1 803 1
114 OnTime_114 12 2 803 1
114 OnTime_114 13 1 695 1
114 OnTime_114 14 1 436 1
114 OnTime_114 14 2 436 1
114 OnTime_114 15 1 721 1
114 OnTime_114 16 2 492 1
114 OnTime_114 16 1 792 1
115 OnTime_115 2 1 792 1
115 OnTime_115 2 2 1028 1
115 OnTime_115 3 1 610 1
115 OnTime_115 5 1 510 1
115 OnTime_115 8 1 886 1
115 OnTime_115 12 1 803 1
115 OnTime_115 12 2 803 1
115 OnTime_115 13 1 981 1
115 OnTime_115 14 1 801 1
115 OnTime_115 14 2 801 1
115 OnTime_115 15 1 719 1
115 OnTime_115 15 2 1015 1
115 OnTime_115 16 1 926 1
115 OnTime_115 16 2 926 1
116 OnTime_116 2 2 225 1
116 OnTime_116 2 1 666 1
116 OnTime_116 3 1 1014 1
116 OnTime_116 4 1 393 1
116 OnTime_116 4 2 666 1
116 OnTime_116 5 1 714 1
116 OnTime_116 8 1 813 1
116 OnTime_116 13 1 695 1
116 OnTime_116 14 1 1012 1
116 OnTime_116 15 1 523 1
116 OnTime_116 15 2 523 1
116 OnTime_116 16 1 835 1
116 OnTime_116 16 2 835 1
117 OnTime_117 2 1 625 1
117 OnTime_117 2 2 928 1
117 OnTime_117 3 1 474 1
117 OnTime_117 4 1 797 1
117 OnTime_117 4 2 797 1
117 OnTime_117 5 1 292 1
117 OnTime_117 8 1 702 1
117 OnTime_117 12 1 582 1
117 OnTime_117 12 2 803 1
117 OnTime_117 13 1 981 1
117 OnTime_117 14 1 1061 1
117 OnTime_117 14 2 1061 1
117 OnTime_117 15 1 503 1
117 OnTime_117 15 2 503 1
117 OnTime_117 16 2 582 1
117 OnTime_117 16 1 928 1
118 OnTime_118 2 2 654 1
118 OnTime_118 2 1 792 1
118 OnTime_118 3 1 406 1
118 OnTime_118 4 1 673 1
118 OnTime_118 4 2 704 1
118 OnTime_118 5 1 251 1
118 OnTime_118 8 1 565 1
118 OnTime_118 12 2 425 1
118 OnTime_118 12 1 803 1
118 OnTime_118 13 1 644 1
118 OnTime_118 14 2 882 1
118 OnTime_118 14 1 923 1
118 OnTime_118 15 1 583 1
118 OnTime_118 15 2 923 1
118 OnTime_118 16 1 339 1
118 OnTime_118 16 2 1170 1
119 OnTime_119 2 1 689 1
119 OnTime_119 2 2 689 1
119 OnTime_119 3 1 820 1
119 OnTime_119 4 2 481 1
119 OnTime_119 4 1 789 1
119 OnTime_119 5 1 658 1
119 OnTime_119 8 1 528 1
119 OnTime_119 12 2 528 1
119 OnTime_119 12 1 617 1
119 OnTime_119 13 1 835 1
119 OnTime_119 14 1 621 1
119 OnTime_119 14 2 1066 1
119 OnTime_119 15 1 503 1
119 OnTime_119 15 2 617 1
119 OnTime_119 16 1 667 1
119 OnTime_119 16 2 908 1
120 OnTime_120 2 1 939 1
120 OnTime_120 2 2 939 1
120 OnTime_120 3 1 753 1
120 OnTime_120 4 1 954 1
120 OnTime_120 4 2 1021 1
120 OnTime_120 5 1 896 1
120 OnTime_120 8 1 528 1
120 OnTime_120 12 2 769 1
120 OnTime_120 12 1 1021 1
120 OnTime_120 13 1 769 1
120 OnTime_120 14 2 841 1
120 OnTime_120 14 1 1142 1
120 OnTime_120 15 1 1017 1
120 OnTime_120 15 2 1017 1
120 OnTime_120 16 1 825 1
120 OnTime_120 16 2 825 1
121 OnTime_121 2 1 509 1
121 OnTime_121 2 2 575 1
121 OnTime_121 3 1 326 1
121 OnTime_121 4 1 704 1
121 OnTime_121 5 1 714 1
121 OnTime_121 8 1 655 1
121 OnTime_121 12 1 815 1
121 OnTime_121 12 2 1160 1
121 OnTime_121 13 1 399 1
121 OnTime_121 14 1 862 1
121 OnTime_121 15 2 483 1
121 OnTime_121 15 1 840 1
121 OnTime_121 16 2 437 1
121 OnTime_121 16 1 835 1
122 OnTime_122 2 1 535 1
122 OnTime_122 2 2 535 1
122 OnTime_122 3 1 848 1
122 OnTime_122 4 1 643 1
122 OnTime_122 4 2 643 1
122 OnTime_122 5 1 454 1
122 OnTime_122 12 1 828 1
122 OnTime_122 12 2 828 1
122 OnTime_122 13 1 1257 1
122 OnTime_122 14 1 520 1
122 OnTime_122 14 2 520 1
122 OnTime_122 15 1 1138 1
122 OnTime_122 15 2 1138 1
122 OnTime_122 16 1 953 1
122 OnTime_122 16 2 953 1
123 OnTime_123 2 2 475 1
123 OnTime_123 2 1 1028 1
123 OnTime_123 3 1 610 1
123 OnTime_123 4 2 481 1
123 OnTime_123 4 1 1040 1
123 OnTime_123 12 1 981 1
123 OnTime_123 12 2 981 1
123 OnTime_123 13 1 475 1
123 OnTime_123 14 1 633 1
123 OnTime_123 14 2 801 1
123 OnTime_123 15 1 708 1
123 OnTime_123 15 2 948 1
123 OnTime_123 16 1 917 1
123 OnTime_123 16 2 917 1
124 OnTime_124 2 1 478 1
124 OnTime_124 2 2 478 1
124 OnTime_124 3 1 649 1
124 OnTime_124 4 2 755 1
124 OnTime_124 4 1 1103 1
124 OnTime_124 5 1 828 1
124 OnTime_124 8 1 714 1
124 OnTime_124 12 1 892 1
124 OnTime_124 12 2 892 1
124 OnTime_124 13 1 695 1
124 OnTime_124 15 2 523 1
124 OnTime_124 15 1 1017 1
124 OnTime_124 16 2 667 1
124 OnTime_124 16 1 908 1
125 OnTime_125 2 1 654 1
125 OnTime_125 2 2 654 1
125 OnTime_125 3 1 821 1
125 OnTime_125 4 1 797 1
125 OnTime_125 4 2 797 1
125 OnTime_125 5 1 388 1
125 OnTime_125 8 1 427 1
125 OnTime_125 12 1 815 1
125 OnTime_125 12 2 815 1
125 OnTime_125 13 1 601 1
125 OnTime_125 14 1 311 1
125 OnTime_125 14 2 311 1
125 OnTime_125 15 1 663 1
125 OnTime_125 15 2 663 1
125 OnTime_125 16 1 582 1
125 OnTime_125 16 2 582 1
126 OnTime_126 2 1 225 1
126 OnTime_126 2 2 811 1
126 OnTime_126 3 1 915 1
126 OnTime_126 4 1 608 1
126 OnTime_126 4 2 608 1
126 OnTime_126 5 1 786 1
126 OnTime_126 8 1 686 1
126 OnTime_126 12 2 689 1
126 OnTime_126 12 1 996 1
126 OnTime_126 13 1 601 1
126 OnTime_126 14 1 1061 1
126 OnTime_126 14 2 1061 1
126 OnTime_126 15 2 483 1
126 OnTime_126 15 1 916 1
126 OnTime_126 16 2 767 1
126 OnTime_126 16 1 792 1
127 OnTime_127 2 1 654 1
127 OnTime_127 2 2 654 1
127 OnTime_127 3 1 820 1
127 OnTime_127 4 2 525 1
127 OnTime_127 4 1 905 1
127 OnTime_127 5 1 861 1
127 OnTime_127 8 1 796 1
127 OnTime_127 12 2 463 1
127 OnTime_127 12 1 803 1
127 OnTime_127 13 1 525 1
127 OnTime_127 14 2 796 1
127 OnTime_127 14 1 1002 1
127 OnTime_127 15 1 523 1
127 OnTime_127 15 2 663 1
127 OnTime_127 16 1 874 1
127 OnTime_127 16 2 874 1
128 OnTime_128 2 1 479 1
128 OnTime_128 3 1 649 1
128 OnTime_128 4 1 1117 1
128 OnTime_128 5 1 1150 1
128 OnTime_128 8 1 813 1
128 OnTime_128 12 1 1160 1
128 OnTime_128 12 2 1160 1
128 OnTime_128 13 1 399 1
128 OnTime_128 14 1 1077 1
128 OnTime_128 14 2 1077 1
128 OnTime_128 15 2 511 1
128 OnTime_128 15 1 775 1
128 OnTime_128 16 2 436 1
128 OnTime_128 16 1 690 1
129 OnTime_129 2 1 185 1
129 OnTime_129 2 2 575 1
129 OnTime_129 3 1 848 1
129 OnTime_129 4 2 568 1
129 OnTime_129 4 1 1021 1
129 OnTime_129 5 1 736 1
129 OnTime_129 8 1 451 1
129 OnTime_129 12 1 881 1
129 OnTime_129 12 2 883 1
129 OnTime_129 13 1 575 1
129 OnTime_129 14 1 1077 1
129 OnTime_129 14 2 1077 1
129 OnTime_129 15 1 1080 1
129 OnTime_129 15 2 1080 1
129 OnTime_129 16 1 492 1
129 OnTime_129 16 2 492 1
130 OnTime_130 2 1 300 1
130 OnTime_130 2 2 665 1
130 OnTime_130 4 1 781 1
130 OnTime_130 4 2 797 1
130 OnTime_130 8 1 796 1
130 OnTime_130 12 1 803 1
130 OnTime_130 12 2 803 1
130 OnTime_130 14 1 517 1
130 OnTime_130 14 2 517 1
130 OnTime_130 15 1 336 1
130 OnTime_130 15 2 1034 1
130 OnTime_130 16 1 996 1
130 OnTime_130 16 2 996 1
131 OnTime_131 2 2 535 1
131 OnTime_131 2 1 811 1
131 OnTime_131 3 1 877 1
131 OnTime_131 4 1 793 1
131 OnTime_131 4 2 793 1
131 OnTime_131 8 1 618 1
131 OnTime_131 12 1 689 1
131 OnTime_131 12 2 892 1
131 OnTime_131 13 1 1327 1
131 OnTime_131 14 1 242 1
131 OnTime_131 14 2 1077 1
131 OnTime_131 15 2 618 1
131 OnTime_131 15 1 1270 1
131 OnTime_131 16 1 1289 1
131 OnTime_131 16 2 1289 1
132 OnTime_132 2 1 939 1
132 OnTime_132 2 2 939 1
132 OnTime_132 3 1 435 1
132 OnTime_132 4 1 481 1
132 OnTime_132 4 2 481 1
132 OnTime_132 5 1 926 1
132 OnTime_132 8 1 1038 1
132 OnTime_132 13 1 495 1
132 OnTime_132 14 2 346 1
132 OnTime_132 14 1 841 1
132 OnTime_132 15 2 701 1
132 OnTime_132 15 1 779 1
132 OnTime_132 16 1 502 1
132 OnTime_132 16 2 502 1
133 OnTime_133 2 1 600 1
133 OnTime_133 2 2 695 1
133 OnTime_133 3 1 596 1
133 OnTime_133 5 1 767 1
133 OnTime_133 8 1 1150 1
133 OnTime_133 12 1 803 1
133 OnTime_133 12 2 803 1
133 OnTime_133 13 1 695 1
133 OnTime_133 14 1 796 1
133 OnTime_133 14 2 796 1
133 OnTime_133 15 2 775 1
133 OnTime_133 15 1 840 1
133 OnTime_133 16 1 745 1
133 OnTime_133 16 2 745 1
134 OnTime_134 2 1 575 1
134 OnTime_134 2 2 575 1
134 OnTime_134 3 1 435 1
134 OnTime_134 4 1 793 1
134 OnTime_134 4 2 793 1
134 OnTime_134 5 1 470 1
134 OnTime_134 8 1 528 1
134 OnTime_134 12 1 892 1
134 OnTime_134 12 2 892 1
134 OnTime_134 13 1 495 1
134 OnTime_134 14 2 543 1
134 OnTime_134 14 1 604 1
134 OnTime_134 15 2 558 1
134 OnTime_134 15 1 686 1
134 OnTime_134 16 2 435 1
134 OnTime_134 16 1 724 1
135 OnTime_135 2 1 397 1
135 OnTime_135 2 2 397 1
135 OnTime_135 3 1 1130 1
135 OnTime_135 5 1 507 1
135 OnTime_135 8 1 796 1
135 OnTime_135 12 1 868 1
135 OnTime_135 12 2 892 1
135 OnTime_135 13 1 790 1
135 OnTime_135 14 1 517 1
135 OnTime_135 14 2 517 1
135 OnTime_135 15 1 552 1
135 OnTime_135 15 2 552 1
135 OnTime_135 16 1 1004 1
136 OnTime_136 2 1 625 1
136 OnTime_136 2 2 625 1
136 OnTime_136 3 1 821 1
136 OnTime_136 4 1 561 1
136 OnTime_136 4 2 561 1
136 OnTime_136 5 1 679 1
136 OnTime_136 8 1 810 1
136 OnTime_136 12 1 881 1
136 OnTime_136 12 2 881 1
136 OnTime_136 13 1 981 1
136 OnTime_136 14 1 796 1
136 OnTime_136 14 2 796 1
136 OnTime_136 15 1 618 1
136 OnTime_136 15 2 618 1
136 OnTime_136 16 2 661 1
136 OnTime_136 16 1 825 1
137 OnTime_137 2 1 535 1
137 OnTime_137 2 2 1061 1
137 OnTime_137 3 1 344 1
137 OnTime_137 4 1 520 1
137 OnTime_137 4 2 717 1
137 OnTime_137 5 1 786 1
137 OnTime_137 12 1 635 1
137 OnTime_137 12 2 635 1
137 OnTime_137 14 2 520 1
137 OnTime_137 14 1 1141 1
137 OnTime_137 15 1 483 1
137 OnTime_137 15 2 483 1
137 OnTime_137 16 1 667 1
137 OnTime_137 16 2 667 1
138 OnTime_138 2 2 596 1
138 OnTime_138 2 1 1061 1
138 OnTime_138 3 1 596 1
138 OnTime_138 4 1 561 1
138 OnTime_138 4 2 568 1
138 OnTime_138 5 1 635 1
138 OnTime_138 8 1 960 1
138 OnTime_138 12 2 684 1
138 OnTime_138 12 1 981 1
138 OnTime_138 13 1 495 1
138 OnTime_138 14 1 526 1
138 OnTime_138 14 2 1061 1
138 OnTime_138 15 1 203 1
138 OnTime_138 15 2 203 1
138 OnTime_138 16 2 745 1
138 OnTime_138 16 1 1176 1
139 OnTime_139 2 2 357 1
139 OnTime_139 2 1 601 1
139 OnTime_139 3 1 1091 1
139 OnTime_139 4 2 525 1
139 OnTime_139 4 1 564 1
139 OnTime_139 5 1 697 1
139 OnTime_139 8 1 357 1
139 OnTime_139 12 1 594 1
139 OnTime_139 12 2 594 1
139 OnTime_139 13 1 525 1
139 OnTime_139 14 1 796 1
139 OnTime_139 14 2 796 1
139 OnTime_139 15 1 402 1
139 OnTime_139 15 2 402 1
139 OnTime_139 16 1 825 1
139 OnTime_139 16 2 825 1
140 OnTime_140 2 1 959 1
140 OnTime_140 2 2 959 1
140 OnTime_140 3 1 565 1
140 OnTime_140 4 1 643 1
140 OnTime_140 4 2 643 1
140 OnTime_140 5 1 785 1
140 OnTime_140 8 1 357 1
140 OnTime_140 12 1 528 1
140 OnTime_140 12 2 883 1
140 OnTime_140 13 1 525 1
140 OnTime_140 14 1 517 1
140 OnTime_140 14 2 1077 1
140 OnTime_140 15 1 708 1
140 OnTime_140 15 2 708 1
140 OnTime_140 16 1 339 1
140 OnTime_140 16 2 767 1
141 OnTime_141 2 2 466 1
141 OnTime_141 2 1 601 1
141 OnTime_141 3 1 340 1
141 OnTime_141 4 1 793 1
141 OnTime_141 4 2 793 1
141 OnTime_141 5 1 1290 1
141 OnTime_141 8 1 389 1
141 OnTime_141 12 1 567 1
141 OnTime_141 12 2 703 1
141 OnTime_141 13 1 703 1
141 OnTime_141 14 1 327 1
141 OnTime_141 14 2 346 1
141 OnTime_141 15 1 779 1
141 OnTime_141 15 2 779 1
141 OnTime_141 16 1 1176 1
141 OnTime_141 16 2 1176 1
142 OnTime_142 2 1 811 1
142 OnTime_142 2 2 811 1
142 OnTime_142 3 1 534 1
142 OnTime_142 4 1 608 1
142 OnTime_142 4 2 793 1
142 OnTime_142 5 1 736 1
142 OnTime_142 8 1 427 1
142 OnTime_142 12 1 463 1
142 OnTime_142 12 2 672 1
142 OnTime_142 13 1 475 1
142 OnTime_142 14 1 996 1
142 OnTime_142 14 2 1189 1
142 OnTime_142 15 1 686 1
142 OnTime_142 15 2 769 1
142 OnTime_142 16 2 996 1
142 OnTime_142 16 1 1298 1
143 OnTime_143 2 1 665 1
143 OnTime_143 2 2 1016 1
143 OnTime_143 3 1 915 1
143 OnTime_143 4 1 617 1
143 OnTime_143 4 2 617 1
143 OnTime_143 5 1 664 1
143 OnTime_143 8 1 558 1
143 OnTime_143 12 1 812 1
143 OnTime_143 12 2 897 1
143 OnTime_143 13 1 917 1
143 OnTime_143 14 1 637 1
143 OnTime_143 14 2 637 1
143 OnTime_143 15 2 558 1
143 OnTime_143 15 1 840 1
143 OnTime_143 16 2 917 1
143 OnTime_143 16 1 1016 1
144 OnTime_144 2 2 475 1
144 OnTime_144 2 1 600 1
144 OnTime_144 3 1 475 1
144 OnTime_144 4 1 170 1
144 OnTime_144 4 2 791 1
144 OnTime_144 5 1 1117 1
144 OnTime_144 13 1 575 1
144 OnTime_144 15 2 420 1
144 OnTime_144 15 1 967 1
144 OnTime_144 16 2 865 1
144 OnTime_144 16 1 1004 1
145 OnTime_145 2 1 811 1
145 OnTime_145 2 2 811 1
145 OnTime_145 3 1 821 1
145 OnTime_145 4 1 643 1
145 OnTime_145 4 2 643 1
145 OnTime_145 5 1 736 1
145 OnTime_145 8 1 451 1
145 OnTime_145 12 2 812 1
145 OnTime_145 12 1 880 1
145 OnTime_145 13 1 547 1
145 OnTime_145 14 2 517 1
145 OnTime_145 14 1 844 1
145 OnTime_145 15 1 840 1
145 OnTime_145 16 1 908 1
145 OnTime_145 16 2 908 1
146 OnTime_146 2 1 666 1
146 OnTime_146 2 2 666 1
146 OnTime_146 3 1 435 1
146 OnTime_146 4 1 793 1
146 OnTime_146 4 2 793 1
146 OnTime_146 5 1 785 1
146 OnTime_146 8 1 943 1
146 OnTime_146 12 1 897 1
146 OnTime_146 12 2 897 1
146 OnTime_146 13 1 525 1
146 OnTime_146 14 1 844 1
146 OnTime_146 14 2 844 1
146 OnTime_146 15 1 923 1
146 OnTime_146 15 2 923 1
146 OnTime_146 16 2 435 1
146 OnTime_146 16 1 676 1
147 OnTime_147 2 2 478 1
147 OnTime_147 2 1 602 1
147 OnTime_147 3 1 344 1
147 OnTime_147 4 1 520 1
147 OnTime_147 4 2 520 1
147 OnTime_147 5 1 513 1
147 OnTime_147 8 1 293 1
147 OnTime_147 12 2 273 1
147 OnTime_147 12 1 594 1
147 OnTime_147 13 1 573 1
147 OnTime_147 14 1 273 1
147 OnTime_147 14 2 436 1
147 OnTime_147 15 1 916 1
147 OnTime_147 15 2 916 1
147 OnTime_147 16 1 492 1
147 OnTime_147 16 2 492 1
148 OnTime_148 2 1 811 1
148 OnTime_148 2 2 811 1
148 OnTime_148 3 1 473 1
148 OnTime_148 5 1 889 1
148 OnTime_148 8 1 813 1
148 OnTime_148 12 2 594 1
148 OnTime_148 12 1 927 1
148 OnTime_148 13 1 492 1
148 OnTime_148 14 1 841 1
148 OnTime_148 14 2 841 1
148 OnTime_148 15 1 775 1
148 OnTime_148 15 2 775 1
148 OnTime_148 16 1 1004 1
148 OnTime_148 16 2 1004 1
149 OnTime_149 3 1 541 1
149 OnTime_149 4 1 1048 1
149 OnTime_149 4 2 1048 1
149 OnTime_149 5 1 697 1
149 OnTime_149 8 1 490 1
149 OnTime_149 12 1 1006 1
149 OnTime_149 12 2 1006 1
149 OnTime_149 13 1 703 1
149 OnTime_149 14 2 801 1
149 OnTime_149 14 1 1081 1
149 OnTime_149 15 2 437 1
149 OnTime_149 15 1 464 1
149 OnTime_149 16 1 502 1
149 OnTime_149 16 2 502 1
150 OnTime_150 2 1 300 1
150 OnTime_150 2 2 1008 1
150 OnTime_150 3 1 995 1
150 OnTime_150 4 1 497 1
150 OnTime_150 4 2 497 1
150 OnTime_150 5 1 1008 1
150 OnTime_150 8 1 810 1
150 OnTime_150 12 1 1145 1
150 OnTime_150 12 2 1145 1
150 OnTime_150 13 1 573 1
150 OnTime_150 14 1 604 1
150 OnTime_150 14 2 604 1
150 OnTime_150 15 1 441 1
150 OnTime_150 15 2 441 1
150 OnTime_150 16 1 626 1
150 OnTime_150 16 2 626 1
