1 OnTime_1 13 1 981 1
1 OnTime_1 14 1 621 1
1 OnTime_1 15 1 487 1
1 OnTime_1 15 1 942 1
1 OnTime_1 16 1 667 1
2 OnTime_2 13 1 835 1
2 OnTime_2 14 1 637 1
2 OnTime_2 15 1 825 1
2 OnTime_2 15 1 948 1
2 OnTime_2 16 1 825 1
2 OnTime_2 16 1 835 1
3 OnTime_3 13 1 135 1
3 OnTime_3 14 1 621 1
3 OnTime_3 14 1 1081 1
3 OnTime_3 15 1 837 1
3 OnTime_3 15 1 1181 1
3 OnTime_3 15 1 1228 1
3 OnTime_3 16 1 135 1
3 OnTime_3 16 1 679 1
3 OnTime_3 16 1 869 1
3 OnTime_3 16 1 871 1
4 OnTime_4 13 1 439 1
4 OnTime_4 14 1 962 1
4 OnTime_4 14 1 1081 1
4 OnTime_4 15 1 241 1
4 OnTime_4 15 1 686 1
4 OnTime_4 15 1 708 1
4 OnTime_4 16 1 819 1
4 OnTime_4 16 1 989 1
4 OnTime_4 16 1 1175 1
5 OnTime_5 14 1 261 1
5 OnTime_5 14 1 796 1
5 OnTime_5 15 1 336 1
5 OnTime_5 15 1 402 1
5 OnTime_5 15 1 890 1
5 OnTime_5 15 1 1270 1
5 OnTime_5 16 1 435 1
5 OnTime_5 16 1 746 1
5 OnTime_5 16 1 996 1
6 OnTime_6 14 1 379 1
6 OnTime_6 14 1 765 1
6 OnTime_6 14 1 882 1
6 OnTime_6 16 1 492 1
6 OnTime_6 16 1 746 1
7 OnTime_7 13 1 679 1
7 OnTime_7 14 1 679 1
7 OnTime_7 14 1 1334 1
7 OnTime_7 15 1 840 1
7 OnTime_7 15 1 1333 1
7 OnTime_7 16 1 679 1
7 OnTime_7 16 1 724 1
8 OnTime_8 14 1 261 1
8 OnTime_8 14 1 638 1
8 OnTime_8 15 1 721 1
8 OnTime_8 15 1 779 1
8 OnTime_8 15 1 890 1
8 OnTime_8 15 1 1219 1
8 OnTime_8 16 1 750 1
8 OnTime_8 16 1 989 1
8 OnTime_8 16 1 1065 1
8 OnTime_8 16 1 1176 1
9 OnTime_9 13 1 573 1
9 OnTime_9 14 1 408 1
9 OnTime_9 14 1 469 1
9 OnTime_9 15 1 719 1
9 OnTime_9 15 1 1215 1
9 OnTime_9 16 1 135 1
9 OnTime_9 16 1 767 1
9 OnTime_9 16 1 879 1
10 OnTime_10 13 1 1329 1
10 OnTime_10 14 1 1002 1
10 OnTime_10 15 1 558 1
10 OnTime_10 15 1 583 1
10 OnTime_10 15 1 779 1
10 OnTime_10 15 1 837 1
10 OnTime_10 16 1 502 1
11 OnTime_11 15 1 441 1
11 OnTime_11 15 1 583 1
11 OnTime_11 15 1 615 1
11 OnTime_11 15 1 721 1
11 OnTime_11 15 1 837 1
11 OnTime_11 15 1 967 1
11 OnTime_11 16 1 435 1
11 OnTime_11 16 1 859 1
12 OnTime_12 14 1 543 1
12 OnTime_12 15 1 247 1
12 OnTime_12 15 1 618 1
12 OnTime_12 15 1 708 1
12 OnTime_12 15 1 777 1
12 OnTime_12 15 1 825 1
12 OnTime_12 16 1 234 1
12 OnTime_12 16 1 722 1
12 OnTime_12 16 1 825 1
12 OnTime_12 16 1 1245 1
13 OnTime_13 13 1 933 1
13 OnTime_13 14 1 245 1
13 OnTime_13 15 1 336 1
13 OnTime_13 15 1 420 1
13 OnTime_13 15 1 559 1
13 OnTime_13 15 1 582 1
13 OnTime_13 16 1 582 1
13 OnTime_13 16 1 871 1
14 OnTime_14 14 1 882 1
14 OnTime_14 15 1 483 1
14 OnTime_14 15 1 582 1
14 OnTime_14 15 1 618 1
14 OnTime_14 15 1 1075 1
14 OnTime_14 16 1 582 1
14 OnTime_14 16 1 667 1
14 OnTime_14 16 1 750 1
14 OnTime_14 16 1 908 1
14 OnTime_14 16 1 1126 1
15 OnTime_15 13 1 492 1
15 OnTime_15 14 1 327 1
15 OnTime_15 14 1 1012 1
15 OnTime_15 16 1 492 1
15 OnTime_15 16 1 690 1
15 OnTime_15 16 1 874 1
15 OnTime_15 16 1 879 1
15 OnTime_15 16 1 928 1
16 OnTime_16 13 1 593 1
16 OnTime_16 14 1 796 1
16 OnTime_16 15 1 825 1
16 OnTime_16 15 1 849 1
16 OnTime_16 16 1 690 1
16 OnTime_16 16 1 724 1
16 OnTime_16 16 1 745 1
16 OnTime_16 16 1 825 1
16 OnTime_16 16 1 1175 1
17 OnTime_17 13 1 1096 1
17 OnTime_17 15 1 412 1
17 OnTime_17 15 1 464 1
17 OnTime_17 15 1 583 1
17 OnTime_17 15 1 618 1
17 OnTime_17 15 1 967 1
17 OnTime_17 16 1 582 1
17 OnTime_17 16 1 819 1
17 OnTime_17 16 1 1016 1
18 OnTime_18 14 1 348 1
18 OnTime_18 14 1 944 1
18 OnTime_18 14 1 1334 1
18 OnTime_18 15 1 273 1
18 OnTime_18 15 1 721 1
18 OnTime_18 15 1 1181 1
18 OnTime_18 16 1 436 1
18 OnTime_18 16 1 859 1
18 OnTime_18 16 1 869 1
18 OnTime_18 16 1 879 1
19 OnTime_19 13 1 981 1
19 OnTime_19 14 1 526 1
19 OnTime_19 14 1 913 1
19 OnTime_19 15 1 849 1
19 OnTime_19 15 1 1231 1
19 OnTime_19 15 1 1446 1
19 OnTime_19 16 1 746 1
19 OnTime_19 16 1 865 1
20 OnTime_20 14 1 633 1
20 OnTime_20 14 1 1002 1
20 OnTime_20 14 1 1141 1
20 OnTime_20 15 1 708 1
20 OnTime_20 15 1 744 1
20 OnTime_20 15 1 890 1
20 OnTime_20 16 1 492 1
20 OnTime_20 16 1 1160 1
21 OnTime_21 14 1 296 1
21 OnTime_21 14 1 358 1
21 OnTime_21 14 1 841 1
21 OnTime_21 15 1 420 1
21 OnTime_21 16 1 724 1
21 OnTime_21 16 1 1004 1
22 OnTime_22 14 1 987 1
22 OnTime_22 14 1 1012 1
22 OnTime_22 14 1 1189 1
22 OnTime_22 15 1 744 1
22 OnTime_22 15 1 1206 1
22 OnTime_22 15 1 1275 1
22 OnTime_22 16 1 437 1
23 OnTime_23 14 1 279 1
23 OnTime_23 14 1 526 1
23 OnTime_23 14 1 923 1
23 OnTime_23 15 1 663 1
23 OnTime_23 15 1 825 1
23 OnTime_23 15 1 923 1
23 OnTime_23 16 1 354 1
23 OnTime_23 16 1 435 1
23 OnTime_23 16 1 825 1
23 OnTime_23 16 1 871 1
24 OnTime_24 14 1 265 1
24 OnTime_24 14 1 955 1
24 OnTime_24 14 1 1066 1
24 OnTime_24 15 1 558 1
24 OnTime_24 15 1 559 1
24 OnTime_24 16 1 520 1
24 OnTime_24 16 1 750 1
24 OnTime_24 16 1 859 1
25 OnTime_25 13 1 703 1
25 OnTime_25 15 1 487 1
25 OnTime_25 15 1 967 1
25 OnTime_25 15 1 1206 1
25 OnTime_25 16 1 928 1
25 OnTime_25 16 1 1170 1
25 OnTime_25 16 1 1245 1
26 OnTime_26 13 1 981 1
26 OnTime_26 14 1 637 1
26 OnTime_26 15 1 412 1
26 OnTime_26 15 1 441 1
26 OnTime_26 15 1 617 1
26 OnTime_26 15 1 701 1
26 OnTime_26 16 1 492 1
26 OnTime_26 16 1 690 1
26 OnTime_26 16 1 874 1
26 OnTime_26 16 1 879 1
27 OnTime_27 14 1 572 1
27 OnTime_27 14 1 765 1
27 OnTime_27 14 1 796 1
27 OnTime_27 15 1 464 1
27 OnTime_27 15 1 615 1
27 OnTime_27 15 1 916 1
27 OnTime_27 16 1 722 1
27 OnTime_27 16 1 833 1
28 OnTime_28 14 1 517 1
28 OnTime_28 14 1 796 1
28 OnTime_28 14 1 833 1
28 OnTime_28 15 1 366 1
28 OnTime_28 15 1 441 1
28 OnTime_28 15 1 967 1
28 OnTime_28 16 1 767 1
28 OnTime_28 16 1 833 1
28 OnTime_28 16 1 1004 1
29 OnTime_29 15 1 412 1
29 OnTime_29 15 1 420 1
29 OnTime_29 15 1 719 1
29 OnTime_29 15 1 825 1
29 OnTime_29 15 1 837 1
29 OnTime_29 16 1 437 1
29 OnTime_29 16 1 825 1
29 OnTime_29 16 1 908 1
29 OnTime_29 16 1 917 1
29 OnTime_29 16 1 1004 1
30 OnTime_30 14 1 311 1
30 OnTime_30 15 1 465 1
30 OnTime_30 15 1 825 1
30 OnTime_30 15 1 890 1
30 OnTime_30 15 1 942 1
30 OnTime_30 15 1 1159 1
30 OnTime_30 16 1 825 1
31 OnTime_31 15 1 264 1
31 OnTime_31 15 1 464 1
31 OnTime_31 15 1 744 1
31 OnTime_31 15 1 1015 1
31 OnTime_31 15 1 1034 1
31 OnTime_31 15 1 1181 1
31 OnTime_31 16 1 435 1
31 OnTime_31 16 1 724 1
31 OnTime_31 16 1 746 1
31 OnTime_31 16 1 926 1
32 OnTime_32 14 1 245 1
32 OnTime_32 14 1 1002 1
32 OnTime_32 14 1 1312 1
32 OnTime_32 15 1 617 1
32 OnTime_32 15 1 1230 1
32 OnTime_32 15 1 1253 1
32 OnTime_32 16 1 865 1
33 OnTime_33 14 1 621 1
33 OnTime_33 14 1 833 1
33 OnTime_33 14 1 987 1
33 OnTime_33 16 1 792 1
33 OnTime_33 16 1 819 1
33 OnTime_33 16 1 833 1
33 OnTime_33 16 1 846 1
33 OnTime_33 16 1 874 1
33 OnTime_33 16 1 1298 1
33 OnTime_33 16 1 1371 1
34 OnTime_34 14 1 195 1
34 OnTime_34 15 1 618 1
34 OnTime_34 15 1 777 1
34 OnTime_34 15 1 1016 1
34 OnTime_34 16 1 339 1
34 OnTime_34 16 1 676 1
34 OnTime_34 16 1 871 1
34 OnTime_34 16 1 928 1
34 OnTime_34 16 1 1016 1
34 OnTime_34 16 1 1412 1
35 OnTime_35 13 1 863 1
35 OnTime_35 14 1 279 1
35 OnTime_35 14 1 765 1
35 OnTime_35 15 1 523 1
35 OnTime_35 15 1 967 1
35 OnTime_35 15 1 1050 1
35 OnTime_35 16 1 1396 1
36 OnTime_36 13 1 1013 1
36 OnTime_36 14 1 245 1
36 OnTime_36 14 1 862 1
36 OnTime_36 15 1 663 1
36 OnTime_36 15 1 686 1
36 OnTime_36 15 1 1016 1
36 OnTime_36 16 1 339 1
36 OnTime_36 16 1 859 1
36 OnTime_36 16 1 1016 1
37 OnTime_37 13 1 981 1
37 OnTime_37 14 1 285 1
37 OnTime_37 14 1 1076 1
37 OnTime_37 15 1 701 1
37 OnTime_37 15 1 890 1
37 OnTime_37 16 1 626 1
38 OnTime_38 13 1 329 1
38 OnTime_38 14 1 285 1
38 OnTime_38 14 1 841 1
38 OnTime_38 15 1 617 1
38 OnTime_38 15 1 708 1
38 OnTime_38 15 1 1446 1
38 OnTime_38 16 1 767 1
39 OnTime_39 13 1 597 1
39 OnTime_39 14 1 1002 1
39 OnTime_39 15 1 617 1
39 OnTime_39 15 1 825 1
39 OnTime_39 15 1 849 1
39 OnTime_39 15 1 1075 1
39 OnTime_39 16 1 819 1
39 OnTime_39 16 1 825 1
39 OnTime_39 16 1 833 1
40 OnTime_40 13 1 496 1
40 OnTime_40 14 1 261 1
40 OnTime_40 15 1 113 1
40 OnTime_40 15 1 441 1
40 OnTime_40 15 1 1151 1
40 OnTime_40 16 1 690 1
40 OnTime_40 16 1 835 1
40 OnTime_40 16 1 1052 1
40 OnTime_40 16 1 1116 1
41 OnTime_41 13 1 1013 1
41 OnTime_41 15 1 503 1
41 OnTime_41 15 1 708 1
41 OnTime_41 15 1 721 1
41 OnTime_41 15 1 837 1
41 OnTime_41 15 1 1015 1
41 OnTime_41 16 1 859 1
41 OnTime_41 16 1 869 1
41 OnTime_41 16 1 874 1
41 OnTime_41 16 1 1004 1
42 OnTime_42 14 1 311 1
42 OnTime_42 14 1 844 1
42 OnTime_42 14 1 1066 1
42 OnTime_42 15 1 1016 1
42 OnTime_42 16 1 846 1
42 OnTime_42 16 1 879 1
42 OnTime_42 16 1 1016 1
42 OnTime_42 16 1 1052 1
42 OnTime_42 16 1 1160 1
43 OnTime_43 14 1 408 1
43 OnTime_43 14 1 833 1
43 OnTime_43 15 1 350 1
43 OnTime_43 16 1 690 1
43 OnTime_43 16 1 746 1
43 OnTime_43 16 1 819 1
43 OnTime_43 16 1 833 1
43 OnTime_43 16 1 908 1
43 OnTime_43 16 1 1016 1
43 OnTime_43 16 1 1170 1
44 OnTime_44 13 1 835 1
44 OnTime_44 14 1 765 1
44 OnTime_44 14 1 962 1
44 OnTime_44 15 1 719 1
44 OnTime_44 16 1 667 1
44 OnTime_44 16 1 750 1
44 OnTime_44 16 1 767 1
44 OnTime_44 16 1 835 1
44 OnTime_44 16 1 917 1
44 OnTime_44 16 1 1282 1
45 OnTime_45 13 1 935 1
45 OnTime_45 14 1 358 1
45 OnTime_45 14 1 862 1
45 OnTime_45 15 1 744 1
45 OnTime_45 16 1 435 1
45 OnTime_45 16 1 859 1
45 OnTime_45 16 1 869 1
46 OnTime_46 15 1 241 1
46 OnTime_46 15 1 558 1
46 OnTime_46 15 1 721 1
46 OnTime_46 15 1 942 1
46 OnTime_46 15 1 1159 1
46 OnTime_46 15 1 1270 1
46 OnTime_46 16 1 661 1
46 OnTime_46 16 1 722 1
46 OnTime_46 16 1 1016 1
46 OnTime_46 16 1 1176 1
47 OnTime_47 14 1 638 1
47 OnTime_47 14 1 862 1
47 OnTime_47 15 1 420 1
47 OnTime_47 15 1 559 1
47 OnTime_47 15 1 837 1
47 OnTime_47 15 1 1333 1
47 OnTime_47 16 1 750 1
48 OnTime_48 13 1 954 1
48 OnTime_48 14 1 913 1
48 OnTime_48 14 1 1142 1
48 OnTime_48 15 1 701 1
48 OnTime_48 15 1 777 1
48 OnTime_48 15 1 1385 1
48 OnTime_48 16 1 661 1
48 OnTime_48 16 1 819 1
49 OnTime_49 13 1 891 1
49 OnTime_49 14 1 379 1
49 OnTime_49 14 1 621 1
49 OnTime_49 15 1 559 1
49 OnTime_49 15 1 777 1
49 OnTime_49 16 1 1176 1
50 OnTime_50 14 1 1012 1
50 OnTime_50 15 1 441 1
50 OnTime_50 15 1 701 1
50 OnTime_50 15 1 708 1
50 OnTime_50 15 1 721 1
50 OnTime_50 16 1 667 1
50 OnTime_50 16 1 750 1
50 OnTime_50 16 1 835 1
50 OnTime_50 16 1 1052 1
50 OnTime_50 16 1 1160 1
51 OnTime_51 15 1 128 1
51 OnTime_51 15 1 247 1
51 OnTime_51 15 1 264 1
51 OnTime_51 15 1 420 1
51 OnTime_51 15 1 777 1
51 OnTime_51 15 1 1015 1
51 OnTime_51 16 1 354 1
51 OnTime_51 16 1 626 1
52 OnTime_52 13 1 835 1
52 OnTime_52 14 1 526 1
52 OnTime_52 15 1 769 1
52 OnTime_52 15 1 779 1
52 OnTime_52 15 1 840 1
52 OnTime_52 15 1 1385 1
52 OnTime_52 16 1 835 1
52 OnTime_52 16 1 926 1
53 OnTime_53 13 1 398 1
53 OnTime_53 14 1 117 1
53 OnTime_53 14 1 633 1
53 OnTime_53 15 1 366 1
53 OnTime_53 15 1 945 1
53 OnTime_53 15 1 1017 1
53 OnTime_53 16 1 520 1
53 OnTime_53 16 1 865 1
53 OnTime_53 16 1 1016 1
54 OnTime_54 14 1 469 1
54 OnTime_54 14 1 833 1
54 OnTime_54 14 1 862 1
54 OnTime_54 15 1 434 1
54 OnTime_54 15 1 483 1
54 OnTime_54 15 1 775 1
54 OnTime_54 16 1 819 1
54 OnTime_54 16 1 833 1
54 OnTime_54 16 1 917 1
54 OnTime_54 16 1 1245 1
55 OnTime_55 14 1 343 1
55 OnTime_55 14 1 633 1
55 OnTime_55 14 1 1076 1
55 OnTime_55 15 1 128 1
55 OnTime_55 15 1 701 1
55 OnTime_55 16 1 626 1
55 OnTime_55 16 1 871 1
55 OnTime_55 16 1 908 1
55 OnTime_55 16 1 928 1
55 OnTime_55 16 1 1412 1
56 OnTime_56 13 1 492 1
56 OnTime_56 14 1 621 1
56 OnTime_56 14 1 796 1
56 OnTime_56 15 1 247 1
56 OnTime_56 15 1 923 1
56 OnTime_56 16 1 492 1
56 OnTime_56 16 1 679 1
56 OnTime_56 16 1 746 1
56 OnTime_56 16 1 835 1
57 OnTime_57 13 1 573 1
57 OnTime_57 14 1 638 1
57 OnTime_57 14 1 801 1
57 OnTime_57 15 1 113 1
57 OnTime_57 15 1 769 1
57 OnTime_57 15 1 779 1
57 OnTime_57 16 1 306 1
57 OnTime_57 16 1 879 1
58 OnTime_58 13 1 495 1
58 OnTime_58 14 1 765 1
58 OnTime_58 15 1 775 1
58 OnTime_58 15 1 849 1
58 OnTime_58 15 1 1034 1
58 OnTime_58 16 1 879 1
58 OnTime_58 16 1 1175 1
59 OnTime_59 14 1 637 1
59 OnTime_59 14 1 1002 1
59 OnTime_59 14 1 1244 1
59 OnTime_59 15 1 948 1
59 OnTime_59 15 1 1231 1
59 OnTime_59 16 1 502 1
59 OnTime_59 16 1 679 1
59 OnTime_59 16 1 792 1
59 OnTime_59 16 1 874 1
60 OnTime_60 14 1 862 1
60 OnTime_60 14 1 962 1
60 OnTime_60 14 1 1012 1
60 OnTime_60 15 1 247 1
60 OnTime_60 15 1 559 1
60 OnTime_60 15 1 582 1
60 OnTime_60 16 1 582 1
61 OnTime_61 13 1 1434 1
61 OnTime_61 14 1 796 1
61 OnTime_61 15 1 617 1
61 OnTime_61 15 1 1275 1
61 OnTime_61 16 1 626 1
61 OnTime_61 16 1 746 1
61 OnTime_61 16 1 1004 1
62 OnTime_62 14 1 637 1
62 OnTime_62 14 1 801 1
62 OnTime_62 14 1 882 1
62 OnTime_62 15 1 511 1
62 OnTime_62 15 1 708 1
62 OnTime_62 15 1 916 1
62 OnTime_62 16 1 835 1
62 OnTime_62 16 1 1176 1
62 OnTime_62 16 1 1245 1
63 OnTime_63 14 1 245 1
63 OnTime_63 14 1 327 1
63 OnTime_63 14 1 633 1
63 OnTime_63 15 1 483 1
63 OnTime_63 15 1 615 1
63 OnTime_63 15 1 923 1
63 OnTime_63 16 1 996 1
63 OnTime_63 16 1 1276 1
64 OnTime_64 13 1 790 1
64 OnTime_64 14 1 572 1
64 OnTime_64 15 1 558 1
64 OnTime_64 15 1 701 1
64 OnTime_64 15 1 719 1
64 OnTime_64 15 1 1266 1
64 OnTime_64 16 1 678 1
64 OnTime_64 16 1 746 1
64 OnTime_64 16 1 1175 1
65 OnTime_65 13 1 596 1
65 OnTime_65 14 1 517 1
65 OnTime_65 15 1 769 1
65 OnTime_65 15 1 890 1
65 OnTime_65 16 1 819 1
65 OnTime_65 16 1 926 1
65 OnTime_65 16 1 1289 1
65 OnTime_65 16 1 1370 1
66 OnTime_66 15 1 559 1
66 OnTime_66 15 1 617 1
66 OnTime_66 15 1 825 1
66 OnTime_66 15 1 837 1
66 OnTime_66 15 1 890 1
66 OnTime_66 15 1 1446 1
66 OnTime_66 16 1 436 1
66 OnTime_66 16 1 825 1
66 OnTime_66 16 1 1160 1
66 OnTime_66 16 1 1357 1
67 OnTime_67 15 1 241 1
67 OnTime_67 15 1 483 1
67 OnTime_67 15 1 663 1
67 OnTime_67 15 1 923 1
67 OnTime_67 15 1 1015 1
67 OnTime_67 15 1 1266 1
67 OnTime_67 16 1 582 1
68 OnTime_68 13 1 390 1
68 OnTime_68 15 1 721 1
68 OnTime_68 15 1 777 1
68 OnTime_68 15 1 890 1
68 OnTime_68 16 1 792 1
69 OnTime_69 13 1 593 1
69 OnTime_69 14 1 285 1
69 OnTime_69 14 1 796 1
69 OnTime_69 16 1 926 1
69 OnTime_69 16 1 1303 1
70 OnTime_70 13 1 695 1
70 OnTime_70 14 1 923 1
70 OnTime_70 15 1 350 1
70 OnTime_70 15 1 402 1
70 OnTime_70 15 1 923 1
70 OnTime_70 16 1 626 1
70 OnTime_70 16 1 819 1
70 OnTime_70 16 1 865 1
71 OnTime_71 13 1 575 1
71 OnTime_71 14 1 572 1
71 OnTime_71 14 1 765 1
71 OnTime_71 15 1 721 1
71 OnTime_71 15 1 849 1
71 OnTime_71 15 1 911 1
71 OnTime_71 16 1 724 1
72 OnTime_72 15 1 719 1
72 OnTime_72 15 1 849 1
72 OnTime_72 15 1 1266 1
72 OnTime_72 15 1 1333 1
72 OnTime_72 16 1 667 1
72 OnTime_72 16 1 871 1
72 OnTime_72 16 1 953 1
72 OnTime_72 16 1 1016 1
73 OnTime_73 14 1 270 1
73 OnTime_73 14 1 526 1
73 OnTime_73 14 1 1094 1
73 OnTime_73 15 1 779 1
73 OnTime_73 15 1 1131 1
73 OnTime_73 16 1 626 1
73 OnTime_73 16 1 667 1
73 OnTime_73 16 1 792 1
74 OnTime_74 15 1 402 1
74 OnTime_74 15 1 465 1
74 OnTime_74 15 1 721 1
74 OnTime_74 15 1 825 1
74 OnTime_74 15 1 837 1
74 OnTime_74 15 1 890 1
74 OnTime_74 16 1 667 1
74 OnTime_74 16 1 825 1
74 OnTime_74 16 1 953 1
74 OnTime_74 16 1 1170 1
75 OnTime_75 14 1 261 1
75 OnTime_75 14 1 621 1
75 OnTime_75 14 1 1002 1
75 OnTime_75 15 1 434 1
75 OnTime_75 15 1 1075 1
75 OnTime_75 15 1 1151 1
75 OnTime_75 16 1 582 1
75 OnTime_75 16 1 953 1
76 OnTime_76 15 1 890 1
76 OnTime_76 15 1 911 1
76 OnTime_76 15 1 923 1
76 OnTime_76 15 1 1206 1
76 OnTime_76 15 1 1253 1
76 OnTime_76 15 1 1266 1
76 OnTime_76 16 1 953 1
76 OnTime_76 16 1 1276 1
77 OnTime_77 14 1 436 1
77 OnTime_77 14 1 517 1
77 OnTime_77 14 1 987 1
77 OnTime_77 15 1 487 1
77 OnTime_77 15 1 686 1
77 OnTime_77 15 1 1404 1
77 OnTime_77 16 1 436 1
77 OnTime_77 16 1 1170 1
78 OnTime_78 14 1 422 1
78 OnTime_78 14 1 638 1
78 OnTime_78 15 1 264 1
78 OnTime_78 15 1 617 1
78 OnTime_78 15 1 769 1
78 OnTime_78 15 1 849 1
78 OnTime_78 16 1 989 1
79 OnTime_79 13 1 958 1
79 OnTime_79 14 1 261 1
79 OnTime_79 14 1 526 1
79 OnTime_79 15 1 269 1
79 OnTime_79 15 1 402 1
79 OnTime_79 15 1 967 1
80 OnTime_80 14 1 242 1
80 OnTime_80 14 1 327 1
80 OnTime_80 14 1 996 1
80 OnTime_80 15 1 242 1
80 OnTime_80 15 1 1131 1
80 OnTime_80 15 1 1253 1
80 OnTime_80 16 1 859 1
80 OnTime_80 16 1 871 1
80 OnTime_80 16 1 996 1
80 OnTime_80 16 1 1303 1
81 OnTime_81 13 1 863 1
81 OnTime_81 14 1 265 1
81 OnTime_81 14 1 604 1
81 OnTime_81 16 1 835 1
81 OnTime_81 16 1 996 1
81 OnTime_81 16 1 1170 1
82 OnTime_82 14 1 882 1
82 OnTime_82 15 1 511 1
82 OnTime_82 15 1 701 1
82 OnTime_82 15 1 708 1
82 OnTime_82 16 1 626 1
82 OnTime_82 16 1 745 1
82 OnTime_82 16 1 874 1
83 OnTime_83 13 1 1035 1
83 OnTime_83 14 1 833 1
83 OnTime_83 15 1 434 1
83 OnTime_83 15 1 583 1
83 OnTime_83 16 1 678 1
83 OnTime_83 16 1 833 1
84 OnTime_84 14 1 604 1
84 OnTime_84 14 1 923 1
84 OnTime_84 14 1 1142 1
84 OnTime_84 15 1 523 1
84 OnTime_84 15 1 923 1
84 OnTime_84 16 1 745 1
84 OnTime_84 16 1 908 1
85 OnTime_85 14 1 841 1
85 OnTime_85 15 1 583 1
85 OnTime_85 15 1 686 1
85 OnTime_85 15 1 779 1
85 OnTime_85 15 1 1034 1
85 OnTime_85 15 1 1253 1
85 OnTime_85 16 1 859 1
86 OnTime_86 13 1 473 1
86 OnTime_86 14 1 844 1
86 OnTime_86 14 1 882 1
86 OnTime_86 15 1 503 1
86 OnTime_86 15 1 663 1
86 OnTime_86 15 1 721 1
86 OnTime_86 16 1 1016 1
86 OnTime_86 16 1 1245 1
87 OnTime_87 13 1 473 1
87 OnTime_87 15 1 617 1
87 OnTime_87 15 1 701 1
87 OnTime_87 15 1 708 1
87 OnTime_87 15 1 777 1
87 OnTime_87 15 1 945 1
87 OnTime_87 16 1 226 1
87 OnTime_87 16 1 690 1
87 OnTime_87 16 1 846 1
88 OnTime_88 15 1 190 1
88 OnTime_88 15 1 336 1
88 OnTime_88 15 1 503 1
88 OnTime_88 15 1 825 1
88 OnTime_88 15 1 1317 1
88 OnTime_88 15 1 1385 1
88 OnTime_88 16 1 825 1
88 OnTime_88 16 1 1216 1
89 OnTime_89 14 1 765 1
89 OnTime_89 15 1 434 1
89 OnTime_89 15 1 437 1
89 OnTime_89 15 1 618 1
89 OnTime_89 15 1 923 1
89 OnTime_89 16 1 437 1
89 OnTime_89 16 1 667 1
89 OnTime_89 16 1 859 1
89 OnTime_89 16 1 926 1
89 OnTime_89 16 1 953 1
90 OnTime_90 13 1 439 1
90 OnTime_90 15 1 434 1
90 OnTime_90 15 1 618 1
90 OnTime_90 15 1 775 1
90 OnTime_90 15 1 825 1
90 OnTime_90 16 1 825 1
90 OnTime_90 16 1 846 1
91 OnTime_91 14 1 604 1
91 OnTime_91 14 1 633 1
91 OnTime_91 14 1 765 1
91 OnTime_91 15 1 464 1
91 OnTime_91 15 1 663 1
91 OnTime_91 15 1 825 1
91 OnTime_91 16 1 435 1
91 OnTime_91 16 1 679 1
91 OnTime_91 16 1 825 1
92 OnTime_92 13 1 1434 1
92 OnTime_92 14 1 765 1
92 OnTime_92 14 1 801 1
92 OnTime_92 15 1 203 1
92 OnTime_92 16 1 871 1
92 OnTime_92 16 1 879 1
93 OnTime_93 14 1 103 1
93 OnTime_93 14 1 796 1
93 OnTime_93 14 1 1061 1
93 OnTime_93 16 1 989 1
93 OnTime_93 16 1 1065 1
93 OnTime_93 16 1 1126 1
94 OnTime_94 15 1 241 1
94 OnTime_94 15 1 441 1
94 OnTime_94 15 1 618 1
94 OnTime_94 15 1 890 1
94 OnTime_94 15 1 948 1
94 OnTime_94 15 1 1270 1
94 OnTime_94 16 1 679 1
94 OnTime_94 16 1 750 1
94 OnTime_94 16 1 1065 1
95 OnTime_95 13 1 1327 1
95 OnTime_95 14 1 1244 1
95 OnTime_95 15 1 203 1
95 OnTime_95 15 1 583 1
95 OnTime_95 15 1 967 1
95 OnTime_95 16 1 435 1
95 OnTime_95 16 1 833 1
95 OnTime_95 16 1 859 1
96 OnTime_96 13 1 917 1
96 OnTime_96 14 1 913 1
96 OnTime_96 14 1 1339 1
96 OnTime_96 16 1 354 1
96 OnTime_96 16 1 502 1
96 OnTime_96 16 1 745 1
96 OnTime_96 16 1 917 1
96 OnTime_96 16 1 926 1
96 OnTime_96 16 1 1052 1
96 OnTime_96 16 1 1160 1
97 OnTime_97 13 1 597 1
97 OnTime_97 14 1 279 1
97 OnTime_97 14 1 469 1
97 OnTime_97 16 1 1412 1
98 OnTime_98 13 1 917 1
98 OnTime_98 14 1 955 1
98 OnTime_98 14 1 999 1
98 OnTime_98 15 1 559 1
98 OnTime_98 15 1 777 1
98 OnTime_98 16 1 690 1
98 OnTime_98 16 1 833 1
98 OnTime_98 16 1 917 1
98 OnTime_98 16 1 1052 1
99 OnTime_99 14 1 469 1
99 OnTime_99 14 1 923 1
99 OnTime_99 15 1 617 1
99 OnTime_99 15 1 837 1
99 OnTime_99 15 1 911 1
99 OnTime_99 15 1 1034 1
99 OnTime_99 16 1 678 1
99 OnTime_99 16 1 846 1
99 OnTime_99 16 1 1170 1
100 OnTime_100 14 1 638 1
100 OnTime_100 14 1 913 1
100 OnTime_100 14 1 1002 1
100 OnTime_100 15 1 441 1
100 OnTime_100 15 1 511 1
100 OnTime_100 15 1 686 1
100 OnTime_100 16 1 437 1
100 OnTime_100 16 1 926 1
100 OnTime_100 16 1 928 1
100 OnTime_100 16 1 1065 1
101 OnTime_101 14 1 358 1
101 OnTime_101 14 1 436 1
101 OnTime_101 14 1 1432 1
101 OnTime_101 15 1 412 1
101 OnTime_101 15 1 942 1
101 OnTime_101 15 1 1034 1
101 OnTime_101 16 1 436 1
101 OnTime_101 16 1 1016 1
101 OnTime_101 16 1 1258 1
102 OnTime_102 13 1 958 1
102 OnTime_102 14 1 999 1
102 OnTime_102 14 1 1012 1
102 OnTime_102 15 1 113 1
102 OnTime_102 15 1 464 1
102 OnTime_102 15 1 744 1
102 OnTime_102 16 1 859 1
103 OnTime_103 14 1 279 1
103 OnTime_103 14 1 796 1
103 OnTime_103 14 1 844 1
103 OnTime_103 15 1 487 1
103 OnTime_103 15 1 1181 1
103 OnTime_103 15 1 1358 1
103 OnTime_103 16 1 745 1
103 OnTime_103 16 1 928 1
103 OnTime_103 16 1 1126 1
103 OnTime_103 16 1 1396 1
104 OnTime_104 14 1 1339 1
104 OnTime_104 15 1 686 1
104 OnTime_104 15 1 890 1
104 OnTime_104 15 1 911 1
104 OnTime_104 15 1 1050 1
104 OnTime_104 15 1 1181 1
104 OnTime_104 16 1 865 1
104 OnTime_104 16 1 928 1
105 OnTime_105 14 1 279 1
105 OnTime_105 14 1 343 1
105 OnTime_105 14 1 1189 1
105 OnTime_105 15 1 923 1
105 OnTime_105 15 1 1015 1
105 OnTime_105 15 1 1181 1
105 OnTime_105 16 1 750 1
105 OnTime_105 16 1 792 1
105 OnTime_105 16 1 819 1
105 OnTime_105 16 1 996 1
106 OnTime_106 14 1 633 1
106 OnTime_106 14 1 1012 1
106 OnTime_106 14 1 1081 1
106 OnTime_106 15 1 247 1
106 OnTime_106 15 1 437 1
106 OnTime_106 16 1 437 1
106 OnTime_106 16 1 928 1
107 OnTime_107 14 1 285 1
107 OnTime_107 14 1 296 1
107 OnTime_107 14 1 833 1
107 OnTime_107 15 1 488 1
107 OnTime_107 15 1 890 1
107 OnTime_107 15 1 1206 1
107 OnTime_107 16 1 833 1
107 OnTime_107 16 1 879 1
108 OnTime_108 15 1 441 1
108 OnTime_108 15 1 523 1
108 OnTime_108 15 1 825 1
108 OnTime_108 15 1 967 1
108 OnTime_108 15 1 1317 1
108 OnTime_108 16 1 750 1
108 OnTime_108 16 1 825 1
108 OnTime_108 16 1 846 1
108 OnTime_108 16 1 908 1
108 OnTime_108 16 1 1175 1
109 OnTime_109 13 1 958 1
109 OnTime_109 14 1 371 1
109 OnTime_109 15 1 488 1
109 OnTime_109 15 1 744 1
109 OnTime_109 15 1 840 1
109 OnTime_109 15 1 911 1
109 OnTime_109 16 1 865 1
109 OnTime_109 16 1 871 1
109 OnTime_109 16 1 953 1
110 OnTime_110 13 1 935 1
110 OnTime_110 14 1 270 1
110 OnTime_110 15 1 341 1
110 OnTime_110 15 1 441 1
110 OnTime_110 15 1 615 1
110 OnTime_110 15 1 719 1
111 OnTime_111 13 1 575 1
111 OnTime_111 14 1 1437 1
111 OnTime_111 15 1 241 1
111 OnTime_111 15 1 420 1
111 OnTime_111 15 1 1075 1
111 OnTime_111 15 1 1151 1
111 OnTime_111 16 1 792 1
111 OnTime_111 16 1 846 1
111 OnTime_111 16 1 859 1
112 OnTime_112 13 1 289 1
112 OnTime_112 14 1 1077 1
112 OnTime_112 15 1 721 1
112 OnTime_112 15 1 849 1
112 OnTime_112 15 1 948 1
112 OnTime_112 15 1 1050 1
112 OnTime_112 16 1 437 1
112 OnTime_112 16 1 1116 1
112 OnTime_112 16 1 1276 1
113 OnTime_113 14 1 520 1
113 OnTime_113 15 1 618 1
113 OnTime_113 15 1 779 1
113 OnTime_113 15 1 948 1
113 OnTime_113 15 1 1446 1
113 OnTime_113 16 1 339 1
113 OnTime_113 16 1 520 1
113 OnTime_113 16 1 661 1
113 OnTime_113 16 1 835 1
113 OnTime_113 16 1 865 1
114 OnTime_114 13 1 1035 1
114 OnTime_114 14 1 346 1
114 OnTime_114 14 1 1146 1
114 OnTime_114 15 1 559 1
114 OnTime_114 15 1 721 1
114 OnTime_114 15 1 837 1
114 OnTime_114 16 1 226 1
114 OnTime_114 16 1 874 1
114 OnTime_114 16 1 1176 1
114 OnTime_114 16 1 1276 1
115 OnTime_115 14 1 572 1
115 OnTime_115 14 1 604 1
115 OnTime_115 14 1 796 1
115 OnTime_115 15 1 242 1
115 OnTime_115 15 1 341 1
115 OnTime_115 15 1 779 1
115 OnTime_115 16 1 869 1
116 OnTime_116 15 1 618 1
116 OnTime_116 15 1 837 1
116 OnTime_116 15 1 1016 1
116 OnTime_116 15 1 1017 1
116 OnTime_116 15 1 1034 1
116 OnTime_116 15 1 1230 1
116 OnTime_116 16 1 835 1
116 OnTime_116 16 1 859 1
116 OnTime_116 16 1 908 1
116 OnTime_116 16 1 1016 1
117 OnTime_117 13 1 981 1
117 OnTime_117 14 1 270 1
117 OnTime_117 14 1 1339 1
117 OnTime_117 15 1 465 1
117 OnTime_117 15 1 558 1
117 OnTime_117 16 1 435 1
117 OnTime_117 16 1 667 1
117 OnTime_117 16 1 1175 1
118 OnTime_118 13 1 891 1
118 OnTime_118 14 1 1066 1
118 OnTime_118 15 1 719 1
118 OnTime_118 15 1 777 1
118 OnTime_118 16 1 306 1
118 OnTime_118 16 1 690 1
118 OnTime_118 16 1 724 1
118 OnTime_118 16 1 745 1
118 OnTime_118 16 1 989 1
118 OnTime_118 16 1 1116 1
119 OnTime_119 13 1 1080 1
119 OnTime_119 14 1 801 1
119 OnTime_119 15 1 465 1
119 OnTime_119 15 1 1080 1
119 OnTime_119 15 1 1159 1
119 OnTime_119 16 1 874 1
119 OnTime_119 16 1 1065 1
120 OnTime_120 13 1 863 1
120 OnTime_120 14 1 944 1
120 OnTime_120 14 1 1012 1
120 OnTime_120 15 1 618 1
120 OnTime_120 15 1 775 1
120 OnTime_120 16 1 502 1
121 OnTime_121 13 1 601 1
121 OnTime_121 14 1 261 1
121 OnTime_121 14 1 765 1
121 OnTime_121 15 1 1253 1
121 OnTime_121 15 1 1413 1
121 OnTime_121 16 1 626 1
121 OnTime_121 16 1 767 1
121 OnTime_121 16 1 1004 1
121 OnTime_121 16 1 1298 1
122 OnTime_122 13 1 835 1
122 OnTime_122 15 1 488 1
122 OnTime_122 15 1 559 1
122 OnTime_122 15 1 775 1
122 OnTime_122 15 1 825 1
122 OnTime_122 15 1 1231 1
122 OnTime_122 16 1 825 1
122 OnTime_122 16 1 835 1
123 OnTime_123 15 1 312 1
123 OnTime_123 15 1 412 1
123 OnTime_123 15 1 744 1
123 OnTime_123 15 1 775 1
123 OnTime_123 15 1 1230 1
123 OnTime_123 15 1 1266 1
123 OnTime_123 16 1 385 1
123 OnTime_123 16 1 1116 1
124 OnTime_124 14 1 543 1
124 OnTime_124 14 1 882 1
124 OnTime_124 14 1 923 1
124 OnTime_124 15 1 273 1
124 OnTime_124 15 1 437 1
124 OnTime_124 15 1 923 1
124 OnTime_124 16 1 437 1
124 OnTime_124 16 1 492 1
125 OnTime_125 13 1 601 1
125 OnTime_125 14 1 621 1
125 OnTime_125 14 1 633 1
125 OnTime_125 15 1 721 1
125 OnTime_125 15 1 775 1
125 OnTime_125 15 1 967 1
125 OnTime_125 16 1 767 1
126 OnTime_126 14 1 261 1
126 OnTime_126 15 1 617 1
126 OnTime_126 15 1 1266 1
126 OnTime_126 16 1 745 1
127 OnTime_127 13 1 863 1
127 OnTime_127 14 1 469 1
127 OnTime_127 14 1 841 1
127 OnTime_127 15 1 523 1
127 OnTime_127 15 1 1016 1
127 OnTime_127 16 1 676 1
127 OnTime_127 16 1 1016 1
128 OnTime_128 13 1 439 1
128 OnTime_128 14 1 955 1
128 OnTime_128 15 1 241 1
128 OnTime_128 15 1 488 1
128 OnTime_128 15 1 558 1
128 OnTime_128 15 1 1219 1
128 OnTime_128 16 1 724 1
128 OnTime_128 16 1 1116 1
129 OnTime_129 14 1 422 1
129 OnTime_129 14 1 796 1
129 OnTime_129 16 1 667 1
129 OnTime_129 16 1 750 1
129 OnTime_129 16 1 825 1
129 OnTime_129 16 1 846 1
129 OnTime_129 16 1 908 1
129 OnTime_129 16 1 989 1
129 OnTime_129 16 1 1303 1
129 OnTime_129 16 1 1412 1
130 OnTime_130 13 1 954 1
130 OnTime_130 14 1 801 1
130 OnTime_130 14 1 1012 1
130 OnTime_130 15 1 779 1
130 OnTime_130 16 1 745 1
130 OnTime_130 16 1 1004 1
130 OnTime_130 16 1 1282 1
131 OnTime_131 13 1 390 1
131 OnTime_131 14 1 633 1
131 OnTime_131 16 1 661 1
131 OnTime_131 16 1 750 1
131 OnTime_131 16 1 767 1
131 OnTime_131 16 1 819 1
131 OnTime_131 16 1 874 1
131 OnTime_131 16 1 879 1
131 OnTime_131 16 1 908 1
131 OnTime_131 16 1 1052 1
132 OnTime_132 13 1 1035 1
132 OnTime_132 15 1 241 1
132 OnTime_132 15 1 487 1
132 OnTime_132 15 1 615 1
132 OnTime_132 15 1 923 1
132 OnTime_132 15 1 1151 1
132 OnTime_132 16 1 767 1
132 OnTime_132 16 1 869 1
133 OnTime_133 15 1 916 1
133 OnTime_133 15 1 1015 1
133 OnTime_133 15 1 1034 1
133 OnTime_133 15 1 1080 1
133 OnTime_133 15 1 1215 1
133 OnTime_133 16 1 724 1
133 OnTime_133 16 1 745 1
133 OnTime_133 16 1 833 1
133 OnTime_133 16 1 953 1
133 OnTime_133 16 1 1065 1
134 OnTime_134 13 1 891 1
134 OnTime_134 14 1 999 1
134 OnTime_134 15 1 488 1
134 OnTime_134 15 1 916 1
134 OnTime_134 15 1 1228 1
134 OnTime_134 16 1 724 1
134 OnTime_134 16 1 879 1
134 OnTime_134 16 1 1065 1
135 OnTime_135 14 1 261 1
135 OnTime_135 14 1 273 1
135 OnTime_135 14 1 469 1
135 OnTime_135 15 1 273 1
135 OnTime_135 15 1 366 1
135 OnTime_135 15 1 825 1
135 OnTime_135 16 1 750 1
135 OnTime_135 16 1 825 1
135 OnTime_135 16 1 874 1
135 OnTime_135 16 1 1004 1
136 OnTime_136 14 1 371 1
136 OnTime_136 14 1 844 1
136 OnTime_136 14 1 1012 1
136 OnTime_136 15 1 916 1
136 OnTime_136 15 1 1015 1
136 OnTime_136 16 1 819 1
136 OnTime_136 16 1 926 1
137 OnTime_137 14 1 348 1
137 OnTime_137 14 1 1094 1
137 OnTime_137 15 1 420 1
137 OnTime_137 15 1 779 1
137 OnTime_137 15 1 1016 1
137 OnTime_137 15 1 1034 1
137 OnTime_137 16 1 194 1
137 OnTime_137 16 1 928 1
137 OnTime_137 16 1 1016 1
138 OnTime_138 13 1 1279 1
138 OnTime_138 15 1 559 1
138 OnTime_138 15 1 701 1
138 OnTime_138 15 1 849 1
138 OnTime_138 15 1 1075 1
138 OnTime_138 15 1 1230 1
138 OnTime_138 16 1 750 1
138 OnTime_138 16 1 792 1
138 OnTime_138 16 1 1298 1
139 OnTime_139 13 1 1424 1
139 OnTime_139 14 1 1081 1
139 OnTime_139 15 1 708 1
139 OnTime_139 15 1 719 1
139 OnTime_139 15 1 1206 1
139 OnTime_139 16 1 865 1
139 OnTime_139 16 1 928 1
140 OnTime_140 13 1 475 1
140 OnTime_140 15 1 437 1
140 OnTime_140 15 1 663 1
140 OnTime_140 15 1 721 1
140 OnTime_140 15 1 825 1
140 OnTime_140 15 1 911 1
140 OnTime_140 16 1 437 1
140 OnTime_140 16 1 690 1
140 OnTime_140 16 1 825 1
141 OnTime_141 13 1 933 1
141 OnTime_141 14 1 637 1
141 OnTime_141 14 1 987 1
141 OnTime_141 15 1 441 1
141 OnTime_141 15 1 1016 1
141 OnTime_141 16 1 1016 1
142 OnTime_142 15 1 464 1
142 OnTime_142 15 1 558 1
142 OnTime_142 15 1 615 1
142 OnTime_142 15 1 744 1
142 OnTime_142 15 1 825 1
142 OnTime_142 15 1 1017 1
142 OnTime_142 16 1 825 1
142 OnTime_142 16 1 996 1
143 OnTime_143 14 1 844 1
143 OnTime_143 14 1 962 1
143 OnTime_143 14 1 1341 1
143 OnTime_143 15 1 420 1
143 OnTime_143 15 1 465 1
143 OnTime_143 15 1 708 1
143 OnTime_143 16 1 750 1
143 OnTime_143 16 1 833 1
143 OnTime_143 16 1 917 1
144 OnTime_144 14 1 195 1
144 OnTime_144 14 1 841 1
144 OnTime_144 15 1 503 1
144 OnTime_144 15 1 779 1
144 OnTime_144 15 1 948 1
144 OnTime_144 15 1 1228 1
144 OnTime_144 16 1 678 1
145 OnTime_145 13 1 596 1
145 OnTime_145 15 1 559 1
145 OnTime_145 15 1 779 1
145 OnTime_145 15 1 967 1
145 OnTime_145 15 1 1181 1
145 OnTime_145 15 1 1206 1
145 OnTime_145 16 1 582 1
145 OnTime_145 16 1 626 1
146 OnTime_146 13 1 1080 1
146 OnTime_146 14 1 987 1
146 OnTime_146 15 1 437 1
146 OnTime_146 15 1 1080 1
146 OnTime_146 16 1 306 1
146 OnTime_146 16 1 437 1
146 OnTime_146 16 1 792 1
147 OnTime_147 14 1 436 1
147 OnTime_147 15 1 465 1
147 OnTime_147 16 1 436 1
147 OnTime_147 16 1 767 1
148 OnTime_148 13 1 863 1
148 OnTime_148 14 1 261 1
148 OnTime_148 15 1 437 1
148 OnTime_148 15 1 582 1
148 OnTime_148 15 1 721 1
148 OnTime_148 15 1 779 1
148 OnTime_148 16 1 437 1
148 OnTime_148 16 1 582 1
148 OnTime_148 16 1 679 1
148 OnTime_148 16 1 874 1
149 OnTime_149 14 1 572 1
149 OnTime_149 14 1 999 1
149 OnTime_149 16 1 226 1
149 OnTime_149 16 1 582 1
149 OnTime_149 16 1 676 1
149 OnTime_149 16 1 724 1
149 OnTime_149 16 1 750 1
149 OnTime_149 16 1 835 1
149 OnTime_149 16 1 859 1
149 OnTime_149 16 1 1170 1
150 OnTime_150 14 1 1002 1
150 OnTime_150 14 1 1061 1
150 OnTime_150 15 1 437 1
150 OnTime_150 15 1 701 1
150 OnTime_150 15 1 837 1
150 OnTime_150 16 1 437 1
150 OnTime_150 16 1 520 1
150 OnTime_150 16 1 690 1
150 OnTime_150 16 1 745 1
150 OnTime_150 16 1 1176 1
151 OnTime_151 13 1 958 1
151 OnTime_151 14 1 1077 1
151 OnTime_151 15 1 503 1
151 OnTime_151 15 1 618 1
151 OnTime_151 15 1 837 1
151 OnTime_151 15 1 967 1
151 OnTime_151 16 1 661 1
151 OnTime_151 16 1 679 1
151 OnTime_151 16 1 722 1
151 OnTime_151 16 1 819 1
152 OnTime_152 14 1 279 1
152 OnTime_152 14 1 987 1
152 OnTime_152 15 1 464 1
152 OnTime_152 15 1 511 1
152 OnTime_152 15 1 719 1
152 OnTime_152 15 1 948 1
152 OnTime_152 16 1 435 1
152 OnTime_152 16 1 679 1
152 OnTime_152 16 1 1175 1
153 OnTime_153 13 1 835 1
153 OnTime_153 14 1 103 1
153 OnTime_153 14 1 962 1
153 OnTime_153 15 1 487 1
153 OnTime_153 15 1 1215 1
153 OnTime_153 16 1 385 1
153 OnTime_153 16 1 661 1
153 OnTime_153 16 1 679 1
153 OnTime_153 16 1 835 1
153 OnTime_153 16 1 879 1
154 OnTime_154 13 1 863 1
154 OnTime_154 15 1 719 1
154 OnTime_154 15 1 1181 1
154 OnTime_154 15 1 1266 1
154 OnTime_154 16 1 354 1
154 OnTime_154 16 1 435 1
154 OnTime_154 16 1 492 1
154 OnTime_154 16 1 869 1
154 OnTime_154 16 1 1004 1
155 OnTime_155 14 1 285 1
155 OnTime_155 14 1 841 1
155 OnTime_155 14 1 1132 1
155 OnTime_155 15 1 617 1
155 OnTime_155 16 1 626 1
155 OnTime_155 16 1 745 1
155 OnTime_155 16 1 865 1
156 OnTime_156 13 1 473 1
156 OnTime_156 14 1 621 1
156 OnTime_156 15 1 264 1
156 OnTime_156 15 1 483 1
156 OnTime_156 15 1 911 1
157 OnTime_157 13 1 863 1
157 OnTime_157 14 1 765 1
157 OnTime_157 14 1 1066 1
157 OnTime_157 15 1 336 1
157 OnTime_157 15 1 942 1
157 OnTime_157 16 1 679 1
157 OnTime_157 16 1 869 1
157 OnTime_157 16 1 1176 1
158 OnTime_158 13 1 863 1
158 OnTime_158 14 1 1076 1
158 OnTime_158 15 1 269 1
158 OnTime_158 15 1 769 1
158 OnTime_158 15 1 1017 1
158 OnTime_158 16 1 354 1
158 OnTime_158 16 1 746 1
158 OnTime_158 16 1 879 1
158 OnTime_158 16 1 1004 1
159 OnTime_159 15 1 437 1
159 OnTime_159 15 1 916 1
159 OnTime_159 15 1 923 1
159 OnTime_159 15 1 948 1
159 OnTime_159 15 1 967 1
159 OnTime_159 15 1 1075 1
159 OnTime_159 16 1 678 1
159 OnTime_159 16 1 746 1
159 OnTime_159 16 1 750 1
159 OnTime_159 16 1 846 1
160 OnTime_160 13 1 1279 1
160 OnTime_160 14 1 422 1
160 OnTime_160 14 1 436 1
160 OnTime_160 15 1 441 1
160 OnTime_160 15 1 582 1
160 OnTime_160 15 1 840 1
160 OnTime_160 16 1 436 1
160 OnTime_160 16 1 582 1
160 OnTime_160 16 1 833 1
161 OnTime_161 13 1 439 1
161 OnTime_161 14 1 637 1
161 OnTime_161 15 1 190 1
161 OnTime_161 15 1 402 1
161 OnTime_161 15 1 615 1
161 OnTime_161 15 1 708 1
161 OnTime_161 16 1 661 1
162 OnTime_162 15 1 412 1
162 OnTime_162 15 1 523 1
162 OnTime_162 15 1 583 1
162 OnTime_162 15 1 618 1
162 OnTime_162 15 1 775 1
162 OnTime_162 15 1 911 1
162 OnTime_162 16 1 520 1
162 OnTime_162 16 1 835 1
162 OnTime_162 16 1 879 1
162 OnTime_162 16 1 1303 1
163 OnTime_163 14 1 882 1
163 OnTime_163 14 1 1081 1
163 OnTime_163 15 1 412 1
163 OnTime_163 15 1 465 1
163 OnTime_163 15 1 503 1
163 OnTime_163 15 1 721 1
163 OnTime_163 16 1 746 1
163 OnTime_163 16 1 953 1
163 OnTime_163 16 1 1016 1
163 OnTime_163 16 1 1170 1
164 OnTime_164 13 1 399 1
164 OnTime_164 14 1 1012 1
164 OnTime_164 15 1 488 1
164 OnTime_164 15 1 617 1
164 OnTime_164 15 1 618 1
164 OnTime_164 15 1 775 1
164 OnTime_164 16 1 661 1
164 OnTime_164 16 1 859 1
164 OnTime_164 16 1 871 1
165 OnTime_165 13 1 398 1
165 OnTime_165 14 1 245 1
165 OnTime_165 14 1 913 1
165 OnTime_165 15 1 190 1
165 OnTime_165 15 1 350 1
165 OnTime_165 15 1 1266 1
165 OnTime_165 16 1 676 1
165 OnTime_165 16 1 859 1
166 OnTime_166 13 1 1035 1
166 OnTime_166 14 1 1012 1
166 OnTime_166 14 1 1334 1
166 OnTime_166 15 1 273 1
166 OnTime_166 15 1 341 1
166 OnTime_166 16 1 750 1
166 OnTime_166 16 1 926 1
166 OnTime_166 16 1 1065 1
166 OnTime_166 16 1 1175 1
167 OnTime_167 13 1 475 1
167 OnTime_167 14 1 679 1
167 OnTime_167 14 1 796 1
167 OnTime_167 15 1 465 1
167 OnTime_167 16 1 679 1
167 OnTime_167 16 1 908 1
167 OnTime_167 16 1 989 1
167 OnTime_167 16 1 1065 1
167 OnTime_167 16 1 1170 1
168 OnTime_168 14 1 862 1
168 OnTime_168 14 1 882 1
168 OnTime_168 14 1 913 1
168 OnTime_168 15 1 775 1
168 OnTime_168 15 1 911 1
168 OnTime_168 16 1 869 1
168 OnTime_168 16 1 871 1
168 OnTime_168 16 1 917 1
168 OnTime_168 16 1 1216 1
168 OnTime_168 16 1 1282 1
169 OnTime_169 13 1 540 1
169 OnTime_169 14 1 346 1
169 OnTime_169 14 1 765 1
169 OnTime_169 15 1 483 1
169 OnTime_169 15 1 916 1
169 OnTime_169 16 1 690 1
170 OnTime_170 13 1 958 1
170 OnTime_170 14 1 543 1
170 OnTime_170 14 1 796 1
170 OnTime_170 15 1 777 1
170 OnTime_170 15 1 916 1
170 OnTime_170 15 1 1215 1
170 OnTime_170 16 1 436 1
170 OnTime_170 16 1 750 1
171 OnTime_171 14 1 279 1
171 OnTime_171 14 1 572 1
171 OnTime_171 14 1 841 1
171 OnTime_171 15 1 488 1
171 OnTime_171 15 1 701 1
171 OnTime_171 15 1 1138 1
171 OnTime_171 16 1 339 1
171 OnTime_171 16 1 502 1
171 OnTime_171 16 1 750 1
171 OnTime_171 16 1 1371 1
172 OnTime_172 13 1 954 1
172 OnTime_172 14 1 245 1
172 OnTime_172 14 1 1141 1
172 OnTime_172 15 1 618 1
172 OnTime_172 15 1 1034 1
172 OnTime_172 15 1 1181 1
172 OnTime_172 16 1 502 1
172 OnTime_172 16 1 745 1
173 OnTime_173 14 1 955 1
173 OnTime_173 14 1 1002 1
173 OnTime_173 15 1 130 1
173 OnTime_173 15 1 341 1
173 OnTime_173 15 1 744 1
173 OnTime_173 15 1 779 1
173 OnTime_173 16 1 130 1
173 OnTime_173 16 1 750 1
173 OnTime_173 16 1 871 1
174 OnTime_174 14 1 343 1
174 OnTime_174 14 1 765 1
174 OnTime_174 14 1 862 1
174 OnTime_174 15 1 503 1
174 OnTime_174 16 1 874 1
174 OnTime_174 16 1 908 1
174 OnTime_174 16 1 1170 1
175 OnTime_175 14 1 638 1
175 OnTime_175 14 1 955 1
175 OnTime_175 14 1 1437 1
175 OnTime_175 15 1 464 1
175 OnTime_175 15 1 777 1
175 OnTime_175 16 1 437 1
175 OnTime_175 16 1 676 1
176 OnTime_176 14 1 844 1
176 OnTime_176 14 1 999 1
176 OnTime_176 14 1 1081 1
176 OnTime_176 15 1 264 1
176 OnTime_176 15 1 441 1
176 OnTime_176 15 1 1206 1
176 OnTime_176 16 1 1052 1
177 OnTime_177 15 1 104 1
177 OnTime_177 15 1 336 1
177 OnTime_177 15 1 465 1
177 OnTime_177 15 1 825 1
177 OnTime_177 15 1 849 1
177 OnTime_177 15 1 1159 1
177 OnTime_177 16 1 819 1
177 OnTime_177 16 1 825 1
177 OnTime_177 16 1 874 1
177 OnTime_177 16 1 1116 1
178 OnTime_178 14 1 469 1
178 OnTime_178 14 1 801 1
178 OnTime_178 14 1 1077 1
178 OnTime_178 15 1 341 1
178 OnTime_178 15 1 583 1
178 OnTime_178 16 1 874 1
179 OnTime_179 13 1 987 1
179 OnTime_179 14 1 346 1
179 OnTime_179 14 1 987 1
179 OnTime_179 15 1 923 1
179 OnTime_179 15 1 1034 1
179 OnTime_179 16 1 520 1
179 OnTime_179 16 1 746 1
179 OnTime_179 16 1 953 1
179 OnTime_179 16 1 1216 1
180 OnTime_180 14 1 265 1
180 OnTime_180 14 1 637 1
180 OnTime_180 14 1 882 1
180 OnTime_180 15 1 511 1
180 OnTime_180 15 1 1151 1
180 OnTime_180 15 1 1413 1
180 OnTime_180 16 1 767 1
180 OnTime_180 16 1 835 1
180 OnTime_180 16 1 917 1
180 OnTime_180 16 1 928 1
181 OnTime_181 13 1 933 1
181 OnTime_181 14 1 311 1
181 OnTime_181 14 1 844 1
181 OnTime_181 15 1 559 1
181 OnTime_181 15 1 615 1
181 OnTime_181 15 1 825 1
181 OnTime_181 16 1 825 1
181 OnTime_181 16 1 833 1
181 OnTime_181 16 1 996 1
182 OnTime_182 13 1 540 1
182 OnTime_182 14 1 841 1
182 OnTime_182 14 1 844 1
182 OnTime_182 15 1 744 1
182 OnTime_182 15 1 777 1
182 OnTime_182 16 1 354 1
182 OnTime_182 16 1 819 1
183 OnTime_183 13 1 954 1
183 OnTime_183 14 1 638 1
183 OnTime_183 15 1 583 1
183 OnTime_183 15 1 719 1
183 OnTime_183 15 1 744 1
183 OnTime_183 16 1 690 1
183 OnTime_183 16 1 1170 1
184 OnTime_184 14 1 923 1
184 OnTime_184 14 1 1339 1
184 OnTime_184 14 1 1437 1
184 OnTime_184 15 1 617 1
184 OnTime_184 15 1 719 1
184 OnTime_184 15 1 923 1
184 OnTime_184 16 1 226 1
184 OnTime_184 16 1 745 1
184 OnTime_184 16 1 869 1
184 OnTime_184 16 1 1176 1
185 OnTime_185 15 1 341 1
185 OnTime_185 15 1 744 1
185 OnTime_185 15 1 775 1
185 OnTime_185 15 1 890 1
185 OnTime_185 15 1 1228 1
185 OnTime_185 15 1 1326 1
185 OnTime_185 16 1 492 1
185 OnTime_185 16 1 859 1
185 OnTime_185 16 1 928 1
185 OnTime_185 16 1 1170 1
186 OnTime_186 14 1 520 1
186 OnTime_186 14 1 833 1
186 OnTime_186 14 1 1339 1
186 OnTime_186 15 1 967 1
186 OnTime_186 16 1 492 1
186 OnTime_186 16 1 520 1
186 OnTime_186 16 1 767 1
186 OnTime_186 16 1 833 1
186 OnTime_186 16 1 846 1
186 OnTime_186 16 1 1357 1
187 OnTime_187 13 1 695 1
187 OnTime_187 14 1 862 1
187 OnTime_187 15 1 247 1
187 OnTime_187 15 1 412 1
187 OnTime_187 15 1 744 1
187 OnTime_187 15 1 1413 1
187 OnTime_187 16 1 690 1
187 OnTime_187 16 1 846 1
187 OnTime_187 16 1 917 1
188 OnTime_188 14 1 637 1
188 OnTime_188 14 1 923 1
188 OnTime_188 14 1 1012 1
188 OnTime_188 15 1 128 1
188 OnTime_188 15 1 923 1
188 OnTime_188 15 1 967 1
188 OnTime_188 16 1 745 1
188 OnTime_188 16 1 871 1
188 OnTime_188 16 1 1282 1
188 OnTime_188 16 1 1298 1
189 OnTime_189 13 1 933 1
189 OnTime_189 14 1 270 1
189 OnTime_189 14 1 796 1
189 OnTime_189 15 1 341 1
189 OnTime_189 15 1 840 1
189 OnTime_189 15 1 1034 1
189 OnTime_189 16 1 626 1
189 OnTime_189 16 1 679 1
189 OnTime_189 16 1 1176 1
190 OnTime_190 13 1 1462 1
190 OnTime_190 15 1 241 1
190 OnTime_190 15 1 336 1
190 OnTime_190 15 1 441 1
190 OnTime_190 15 1 558 1
190 OnTime_190 15 1 775 1
190 OnTime_190 16 1 435 1
190 OnTime_190 16 1 1004 1
190 OnTime_190 16 1 1176 1
191 OnTime_191 13 1 525 1
191 OnTime_191 14 1 1437 1
191 OnTime_191 15 1 247 1
191 OnTime_191 15 1 1228 1
191 OnTime_191 16 1 234 1
191 OnTime_191 16 1 792 1
191 OnTime_191 16 1 908 1
192 OnTime_192 13 1 573 1
192 OnTime_192 15 1 837 1
192 OnTime_192 16 1 626 1
192 OnTime_192 16 1 679 1
192 OnTime_192 16 1 722 1
192 OnTime_192 16 1 746 1
192 OnTime_192 16 1 846 1
192 OnTime_192 16 1 859 1
192 OnTime_192 16 1 926 1
192 OnTime_192 16 1 1303 1
193 OnTime_193 13 1 1035 1
193 OnTime_193 15 1 487 1
193 OnTime_193 15 1 663 1
193 OnTime_193 15 1 779 1
193 OnTime_193 15 1 1075 1
193 OnTime_193 15 1 1385 1
193 OnTime_193 16 1 874 1
194 OnTime_194 13 1 597 1
194 OnTime_194 14 1 765 1
194 OnTime_194 14 1 996 1
194 OnTime_194 15 1 1015 1
194 OnTime_194 16 1 626 1
194 OnTime_194 16 1 908 1
194 OnTime_194 16 1 996 1
195 OnTime_195 13 1 390 1
195 OnTime_195 14 1 279 1
195 OnTime_195 15 1 511 1
195 OnTime_195 15 1 663 1
195 OnTime_195 15 1 701 1
195 OnTime_195 16 1 724 1
195 OnTime_195 16 1 989 1
195 OnTime_195 16 1 1052 1
196 OnTime_196 13 1 1013 1
196 OnTime_196 14 1 621 1
196 OnTime_196 15 1 402 1
196 OnTime_196 15 1 488 1
196 OnTime_196 15 1 559 1
196 OnTime_196 15 1 1446 1
196 OnTime_196 16 1 678 1
196 OnTime_196 16 1 819 1
196 OnTime_196 16 1 871 1
196 OnTime_196 16 1 1412 1
197 OnTime_197 14 1 346 1
197 OnTime_197 15 1 420 1
197 OnTime_197 15 1 464 1
197 OnTime_197 15 1 1017 1
197 OnTime_197 15 1 1075 1
197 OnTime_197 15 1 1215 1
197 OnTime_197 16 1 825 1
198 OnTime_198 14 1 862 1
198 OnTime_198 15 1 412 1
198 OnTime_198 15 1 488 1
198 OnTime_198 15 1 511 1
198 OnTime_198 15 1 825 1
198 OnTime_198 15 1 1034 1
198 OnTime_198 16 1 750 1
198 OnTime_198 16 1 825 1
198 OnTime_198 16 1 859 1
199 OnTime_199 15 1 366 1
199 OnTime_199 15 1 777 1
199 OnTime_199 15 1 779 1
199 OnTime_199 15 1 890 1
199 OnTime_199 15 1 1219 1
199 OnTime_199 16 1 502 1
199 OnTime_199 16 1 667 1
199 OnTime_199 16 1 750 1
199 OnTime_199 16 1 792 1
199 OnTime_199 16 1 846 1
200 OnTime_200 13 1 496 1
200 OnTime_200 14 1 517 1
200 OnTime_200 14 1 633 1
200 OnTime_200 15 1 487 1
200 OnTime_200 15 1 825 1
200 OnTime_200 15 1 1400 1
200 OnTime_200 16 1 825 1
200 OnTime_200 16 1 871 1
200 OnTime_200 16 1 879 1
200 OnTime_200 16 1 1160 1
