1 OnTime_1 1 1 737 1
1 OnTime_1 2 1 915 1
1 OnTime_1 6 1 968 1
1 OnTime_1 8 2 1040 1
1 OnTime_1 8 1 1209 1
1 OnTime_1 10 1 1209 1
1 OnTime_1 13 1 1112 1
1 OnTime_1 13 2 1112 1
1 OnTime_1 20 1 420 1
1 OnTime_1 20 2 1378 1
1 OnTime_1 28 2 1102 1
1 OnTime_1 30 1 494 1
1 OnTime_1 31 1 958 1
1 OnTime_1 35 2 383 1
1 OnTime_1 35 1 1172 1
1 OnTime_1 36 1 1357 1
1 OnTime_1 37 1 490 1
1 OnTime_1 39 1 490 1
1 OnTime_1 39 2 490 1
1 OnTime_1 44 1 1119 1
1 OnTime_1 44 2 1119 1
1 OnTime_1 47 1 975 1
1 OnTime_1 49 1 1119 1
1 OnTime_1 56 1 681 1
1 OnTime_1 56 2 681 1
1 OnTime_1 58 2 494 1
1 OnTime_1 58 1 1115 1
1 OnTime_1 60 1 719 1
1 OnTime_1 60 2 719 1
1 OnTime_1 62 1 549 1
1 OnTime_1 63 1 603 1
1 OnTime_1 63 2 603 1
1 OnTime_1 66 1 474 1
1 OnTime_1 67 1 1086 1
1 OnTime_1 69 1 1138 1
1 OnTime_1 70 1 578 1
1 OnTime_1 78 1 603 1
1 OnTime_1 78 2 987 1
1 OnTime_1 82 2 1115 1
1 OnTime_1 82 1 1289 1
1 OnTime_1 83 1 975 1
1 OnTime_1 83 2 975 1
1 OnTime_1 85 1 696 1
1 OnTime_1 86 1 492 1
1 OnTime_1 95 1 404 1
1 OnTime_1 100 1 719 1
1 OnTime_1 100 2 719 1
1 OnTime_1 100 1 1041 1
1 OnTime_1 100 2 1041 1
2 OnTime_2 1 1 1123 1
2 OnTime_2 2 1 742 1
2 OnTime_2 6 1 742 1
2 OnTime_2 8 1 1097 1
2 OnTime_2 8 2 1097 1
2 OnTime_2 10 1 1123 1
2 OnTime_2 13 2 735 1
2 OnTime_2 13 1 1060 1
2 OnTime_2 20 1 613 1
2 OnTime_2 20 2 613 1
2 OnTime_2 24 2 1170 1
2 OnTime_2 28 2 1153 1
2 OnTime_2 30 1 963 1
2 OnTime_2 31 1 1092 1
2 OnTime_2 35 2 430 1
2 OnTime_2 35 1 907 1
2 OnTime_2 36 1 690 1
2 OnTime_2 37 1 1103 1
2 OnTime_2 39 2 686 1
2 OnTime_2 39 1 911 1
2 OnTime_2 44 1 888 1
2 OnTime_2 44 2 888 1
2 OnTime_2 47 1 510 1
2 OnTime_2 49 1 427 1
2 OnTime_2 52 2 497 1
2 OnTime_2 52 1 670 1
2 OnTime_2 56 2 911 1
2 OnTime_2 56 1 1003 1
2 OnTime_2 58 1 1097 1
2 OnTime_2 58 2 1097 1
2 OnTime_2 60 1 477 1
2 OnTime_2 60 2 907 1
2 OnTime_2 62 1 105 1
2 OnTime_2 63 1 136 1
2 OnTime_2 63 2 136 1
2 OnTime_2 67 1 844 1
2 OnTime_2 69 1 596 1
2 OnTime_2 70 1 983 1
2 OnTime_2 72 1 670 1
2 OnTime_2 72 2 741 1
2 OnTime_2 78 1 540 1
2 OnTime_2 78 2 817 1
2 OnTime_2 82 1 510 1
2 OnTime_2 82 2 670 1
2 OnTime_2 83 1 517 1
2 OnTime_2 83 2 517 1
2 OnTime_2 85 1 844 1
2 OnTime_2 86 1 850 1
2 OnTime_2 95 1 888 1
2 OnTime_2 98 2 520 1
2 OnTime_2 100 1 747 1
2 OnTime_2 100 1 963 1
2 OnTime_2 100 2 963 1
2 OnTime_2 100 2 1170 1
3 OnTime_3 1 1 1154 1
3 OnTime_3 2 1 1031 1
3 OnTime_3 6 1 523 1
3 OnTime_3 8 2 526 1
3 OnTime_3 8 1 993 1
3 OnTime_3 10 1 646 1
3 OnTime_3 13 1 426 1
3 OnTime_3 13 2 436 1
3 OnTime_3 20 2 921 1
3 OnTime_3 20 1 1186 1
3 OnTime_3 24 2 480 1
3 OnTime_3 28 2 1182 1
3 OnTime_3 30 1 411 1
3 OnTime_3 31 1 661 1
3 OnTime_3 35 1 1056 1
3 OnTime_3 35 2 1056 1
3 OnTime_3 36 1 1186 1
3 OnTime_3 37 1 467 1
3 OnTime_3 39 1 646 1
3 OnTime_3 39 2 646 1
3 OnTime_3 44 1 411 1
3 OnTime_3 44 2 482 1
3 OnTime_3 49 1 1125 1
3 OnTime_3 52 1 680 1
3 OnTime_3 52 2 680 1
3 OnTime_3 56 1 1216 1
3 OnTime_3 56 2 1216 1
3 OnTime_3 58 2 1115 1
3 OnTime_3 58 1 1164 1
3 OnTime_3 60 2 75 1
3 OnTime_3 60 1 1203 1
3 OnTime_3 62 1 921 1
3 OnTime_3 63 1 1069 1
3 OnTime_3 66 1 507 1
3 OnTime_3 67 1 913 1
3 OnTime_3 69 1 1125 1
3 OnTime_3 70 1 1075 1
3 OnTime_3 72 2 415 1
3 OnTime_3 72 1 1140 1
3 OnTime_3 78 2 516 1
3 OnTime_3 78 1 545 1
3 OnTime_3 82 1 523 1
3 OnTime_3 82 2 728 1
3 OnTime_3 83 1 480 1
3 OnTime_3 83 2 523 1
3 OnTime_3 85 1 526 1
3 OnTime_3 86 1 921 1
3 OnTime_3 95 1 526 1
3 OnTime_3 98 2 520 1
3 OnTime_3 100 1 648 1
3 OnTime_3 100 2 648 1
3 OnTime_3 100 2 955 1
3 OnTime_3 100 1 1182 1
4 OnTime_4 1 1 1172 1
4 OnTime_4 2 1 1337 1
4 OnTime_4 6 1 935 1
4 OnTime_4 8 1 1041 1
4 OnTime_4 8 2 1198 1
4 OnTime_4 10 1 544 1
4 OnTime_4 13 1 87 1
4 OnTime_4 13 2 1175 1
4 OnTime_4 20 1 521 1
4 OnTime_4 20 2 521 1
4 OnTime_4 24 2 902 1
4 OnTime_4 28 2 1182 1
4 OnTime_4 30 1 491 1
4 OnTime_4 31 1 521 1
4 OnTime_4 35 1 1172 1
4 OnTime_4 35 2 1217 1
4 OnTime_4 36 1 1132 1
4 OnTime_4 37 1 1000 1
4 OnTime_4 39 2 131 1
4 OnTime_4 39 1 635 1
4 OnTime_4 44 1 1119 1
4 OnTime_4 44 2 1119 1
4 OnTime_4 47 1 544 1
4 OnTime_4 49 1 1119 1
4 OnTime_4 52 2 890 1
4 OnTime_4 52 1 1198 1
4 OnTime_4 56 1 491 1
4 OnTime_4 56 2 491 1
4 OnTime_4 58 2 546 1
4 OnTime_4 58 1 967 1
4 OnTime_4 60 2 16 1
4 OnTime_4 60 1 863 1
4 OnTime_4 62 1 549 1
4 OnTime_4 63 1 468 1
4 OnTime_4 63 2 468 1
4 OnTime_4 66 1 468 1
4 OnTime_4 67 1 1217 1
4 OnTime_4 69 1 912 1
4 OnTime_4 70 1 357 1
4 OnTime_4 72 1 1193 1
4 OnTime_4 72 2 1193 1
4 OnTime_4 78 1 131 1
4 OnTime_4 78 2 982 1
4 OnTime_4 82 1 834 1
4 OnTime_4 82 2 834 1
4 OnTime_4 83 1 894 1
4 OnTime_4 83 2 894 1
4 OnTime_4 85 1 534 1
4 OnTime_4 86 1 1132 1
4 OnTime_4 95 1 721 1
4 OnTime_4 98 2 1198 1
4 OnTime_4 100 2 459 1
4 OnTime_4 100 1 1041 1
4 OnTime_4 100 1 1217 1
4 OnTime_4 100 2 1339 1
5 OnTime_5 1 1 691 1
5 OnTime_5 2 1 1118 1
5 OnTime_5 6 1 937 1
5 OnTime_5 8 1 692 1
5 OnTime_5 8 2 692 1
5 OnTime_5 10 1 977 1
5 OnTime_5 13 2 1083 1
5 OnTime_5 13 1 1252 1
5 OnTime_5 20 1 1095 1
5 OnTime_5 20 2 1113 1
5 OnTime_5 24 2 1095 1
5 OnTime_5 28 2 1191 1
5 OnTime_5 30 1 1083 1
5 OnTime_5 31 1 961 1
5 OnTime_5 35 1 861 1
5 OnTime_5 35 2 1057 1
5 OnTime_5 36 1 894 1
5 OnTime_5 37 1 1194 1
5 OnTime_5 39 2 86 1
5 OnTime_5 39 1 1274 1
5 OnTime_5 44 1 599 1
5 OnTime_5 44 2 1274 1
5 OnTime_5 47 1 937 1
5 OnTime_5 49 1 1201 1
5 OnTime_5 52 1 1143 1
5 OnTime_5 52 2 1143 1
5 OnTime_5 56 1 599 1
5 OnTime_5 56 2 599 1
5 OnTime_5 58 1 1097 1
5 OnTime_5 58 2 1097 1
5 OnTime_5 60 2 937 1
5 OnTime_5 60 1 1057 1
5 OnTime_5 62 1 1097 1
5 OnTime_5 63 2 894 1
5 OnTime_5 63 1 977 1
5 OnTime_5 66 1 913 1
5 OnTime_5 67 1 913 1
5 OnTime_5 69 1 1125 1
5 OnTime_5 72 1 692 1
5 OnTime_5 72 2 692 1
5 OnTime_5 78 2 77 1
5 OnTime_5 78 1 516 1
5 OnTime_5 82 1 587 1
5 OnTime_5 82 2 894 1
5 OnTime_5 83 2 587 1
5 OnTime_5 83 1 894 1
5 OnTime_5 85 1 1133 1
5 OnTime_5 86 1 1057 1
5 OnTime_5 95 1 1083 1
5 OnTime_5 98 2 1057 1
5 OnTime_5 100 2 459 1
5 OnTime_5 100 1 587 1
5 OnTime_5 100 1 616 1
5 OnTime_5 100 2 616 1
6 OnTime_6 1 1 468 1
6 OnTime_6 2 1 928 1
6 OnTime_6 6 1 671 1
6 OnTime_6 10 1 493 1
6 OnTime_6 13 2 634 1
6 OnTime_6 13 1 1151 1
6 OnTime_6 20 1 916 1
6 OnTime_6 20 2 921 1
6 OnTime_6 24 2 1170 1
6 OnTime_6 28 2 1182 1
6 OnTime_6 30 1 928 1
6 OnTime_6 31 1 958 1
6 OnTime_6 35 1 907 1
6 OnTime_6 35 2 907 1
6 OnTime_6 36 1 690 1
6 OnTime_6 37 1 719 1
6 OnTime_6 39 1 1077 1
6 OnTime_6 39 2 1077 1
6 OnTime_6 44 1 1119 1
6 OnTime_6 44 2 1119 1
6 OnTime_6 47 1 595 1
6 OnTime_6 49 1 1119 1
6 OnTime_6 52 1 671 1
6 OnTime_6 52 2 671 1
6 OnTime_6 56 2 404 1
6 OnTime_6 56 1 911 1
6 OnTime_6 58 1 365 1
6 OnTime_6 58 2 365 1
6 OnTime_6 60 1 907 1
6 OnTime_6 60 2 928 1
6 OnTime_6 62 1 921 1
6 OnTime_6 63 1 468 1
6 OnTime_6 63 2 468 1
6 OnTime_6 66 1 1275 1
6 OnTime_6 67 1 1277 1
6 OnTime_6 69 1 595 1
6 OnTime_6 70 1 578 1
6 OnTime_6 72 1 1140 1
6 OnTime_6 72 2 1140 1
6 OnTime_6 78 2 958 1
6 OnTime_6 78 1 1077 1
6 OnTime_6 82 2 1275 1
6 OnTime_6 82 1 1370 1
6 OnTime_6 83 1 975 1
6 OnTime_6 83 2 975 1
6 OnTime_6 85 1 958 1
6 OnTime_6 86 1 921 1
6 OnTime_6 95 1 436 1
6 OnTime_6 98 2 393 1
6 OnTime_6 100 1 719 1
6 OnTime_6 100 1 1170 1
6 OnTime_6 100 2 1170 1
6 OnTime_6 100 2 1182 1
7 OnTime_7 1 1 691 1
7 OnTime_7 2 1 1204 1
7 OnTime_7 6 1 1084 1
7 OnTime_7 8 1 1183 1
7 OnTime_7 8 2 1183 1
7 OnTime_7 10 1 637 1
7 OnTime_7 13 1 148 1
7 OnTime_7 13 2 1083 1
7 OnTime_7 20 1 452 1
7 OnTime_7 20 2 452 1
7 OnTime_7 24 2 1160 1
7 OnTime_7 28 2 1122 1
7 OnTime_7 30 1 440 1
7 OnTime_7 35 1 148 1
7 OnTime_7 35 2 148 1
7 OnTime_7 36 1 629 1
7 OnTime_7 37 1 1122 1
7 OnTime_7 39 2 629 1
7 OnTime_7 39 1 1002 1
7 OnTime_7 44 1 624 1
7 OnTime_7 44 2 624 1
7 OnTime_7 49 1 600 1
7 OnTime_7 52 1 1285 1
7 OnTime_7 52 2 1285 1
7 OnTime_7 56 2 400 1
7 OnTime_7 56 1 1160 1
7 OnTime_7 58 1 988 1
7 OnTime_7 58 2 988 1
7 OnTime_7 60 2 394 1
7 OnTime_7 60 1 1206 1
7 OnTime_7 62 1 818 1
7 OnTime_7 63 2 400 1
7 OnTime_7 63 1 1356 1
7 OnTime_7 66 1 691 1
7 OnTime_7 67 1 400 1
7 OnTime_7 69 1 1206 1
7 OnTime_7 70 1 1367 1
7 OnTime_7 72 1 1192 1
7 OnTime_7 72 2 1192 1
7 OnTime_7 78 2 960 1
7 OnTime_7 78 1 988 1
7 OnTime_7 82 1 637 1
7 OnTime_7 82 2 637 1
7 OnTime_7 83 1 1200 1
7 OnTime_7 83 2 1200 1
7 OnTime_7 85 1 9 1
7 OnTime_7 86 1 1356 1
7 OnTime_7 95 1 1083 1
7 OnTime_7 98 2 960 1
7 OnTime_7 100 1 9 1
7 OnTime_7 100 2 9 1
8 OnTime_8 1 1 640 1
8 OnTime_8 2 1 967 1
8 OnTime_8 6 1 1084 1
8 OnTime_8 8 1 931 1
8 OnTime_8 8 2 931 1
8 OnTime_8 10 1 977 1
8 OnTime_8 13 2 344 1
8 OnTime_8 13 1 668 1
8 OnTime_8 20 1 986 1
8 OnTime_8 20 2 986 1
8 OnTime_8 28 2 1102 1
8 OnTime_8 30 1 963 1
8 OnTime_8 31 1 652 1
8 OnTime_8 35 2 594 1
8 OnTime_8 35 1 811 1
8 OnTime_8 36 1 931 1
8 OnTime_8 37 1 1103 1
8 OnTime_8 39 2 461 1
8 OnTime_8 39 1 811 1
8 OnTime_8 47 1 975 1
8 OnTime_8 49 1 1125 1
8 OnTime_8 52 2 670 1
8 OnTime_8 52 1 1478 1
8 OnTime_8 56 1 720 1
8 OnTime_8 56 2 720 1
8 OnTime_8 58 1 595 1
8 OnTime_8 58 2 1102 1
8 OnTime_8 60 2 382 1
8 OnTime_8 60 1 433 1
8 OnTime_8 62 1 894 1
8 OnTime_8 63 2 967 1
8 OnTime_8 63 1 977 1
8 OnTime_8 66 1 461 1
8 OnTime_8 67 1 894 1
8 OnTime_8 69 1 344 1
8 OnTime_8 70 1 1087 1
8 OnTime_8 72 2 95 1
8 OnTime_8 72 1 657 1
8 OnTime_8 82 1 953 1
8 OnTime_8 82 2 1046 1
8 OnTime_8 83 1 975 1
8 OnTime_8 83 2 975 1
8 OnTime_8 85 1 1087 1
8 OnTime_8 86 1 1076 1
8 OnTime_8 95 1 392 1
8 OnTime_8 98 2 1470 1
8 OnTime_8 100 1 648 1
8 OnTime_8 100 2 648 1
8 OnTime_8 100 1 652 1
8 OnTime_8 100 2 963 1
9 OnTime_9 1 1 874 1
9 OnTime_9 2 1 922 1
9 OnTime_9 6 1 987 1
9 OnTime_9 8 1 993 1
9 OnTime_9 8 2 1028 1
9 OnTime_9 10 1 1085 1
9 OnTime_9 13 1 895 1
9 OnTime_9 13 2 1042 1
9 OnTime_9 20 1 1013 1
9 OnTime_9 20 2 1013 1
9 OnTime_9 24 2 875 1
9 OnTime_9 28 2 499 1
9 OnTime_9 30 1 1083 1
9 OnTime_9 31 1 1036 1
9 OnTime_9 35 1 134 1
9 OnTime_9 35 2 922 1
9 OnTime_9 36 1 499 1
9 OnTime_9 37 1 1194 1
9 OnTime_9 39 1 533 1
9 OnTime_9 39 2 1085 1
9 OnTime_9 44 1 1010 1
9 OnTime_9 44 2 1029 1
9 OnTime_9 47 1 478 1
9 OnTime_9 49 1 993 1
9 OnTime_9 52 1 974 1
9 OnTime_9 52 2 993 1
9 OnTime_9 56 2 720 1
9 OnTime_9 56 1 1029 1
9 OnTime_9 58 1 1300 1
9 OnTime_9 58 2 1300 1
9 OnTime_9 60 1 1075 1
9 OnTime_9 60 2 1075 1
9 OnTime_9 62 1 1300 1
9 OnTime_9 63 1 985 1
9 OnTime_9 63 2 985 1
9 OnTime_9 66 1 536 1
9 OnTime_9 67 1 555 1
9 OnTime_9 69 1 1079 1
9 OnTime_9 70 1 1028 1
9 OnTime_9 72 1 1028 1
9 OnTime_9 72 2 1193 1
9 OnTime_9 78 1 987 1
9 OnTime_9 78 2 987 1
9 OnTime_9 82 2 956 1
9 OnTime_9 82 1 1085 1
9 OnTime_9 83 1 536 1
9 OnTime_9 83 2 536 1
9 OnTime_9 85 1 547 1
9 OnTime_9 86 1 746 1
9 OnTime_9 95 1 994 1
9 OnTime_9 98 2 875 1
9 OnTime_9 100 1 417 1
9 OnTime_9 100 2 417 1
9 OnTime_9 100 2 901 1
9 OnTime_9 100 1 1182 1
10 OnTime_10 1 1 1103 1
10 OnTime_10 2 1 462 1
10 OnTime_10 6 1 1084 1
10 OnTime_10 8 1 485 1
10 OnTime_10 10 1 531 1
10 OnTime_10 13 1 1171 1
10 OnTime_10 13 2 1171 1
10 OnTime_10 20 1 521 1
10 OnTime_10 20 2 521 1
10 OnTime_10 24 2 908 1
10 OnTime_10 28 2 1038 1
10 OnTime_10 30 1 1015 1
10 OnTime_10 31 1 649 1
10 OnTime_10 35 1 462 1
10 OnTime_10 35 2 462 1
10 OnTime_10 36 1 847 1
10 OnTime_10 37 1 467 1
10 OnTime_10 39 1 486 1
10 OnTime_10 39 2 871 1
10 OnTime_10 44 1 521 1
10 OnTime_10 44 2 521 1
10 OnTime_10 47 1 458 1
10 OnTime_10 49 1 458 1
10 OnTime_10 52 1 901 1
10 OnTime_10 56 2 458 1
10 OnTime_10 56 1 537 1
10 OnTime_10 58 1 1164 1
10 OnTime_10 58 2 1164 1
10 OnTime_10 60 2 650 1
10 OnTime_10 60 1 1037 1
10 OnTime_10 62 1 549 1
10 OnTime_10 63 1 847 1
10 OnTime_10 63 2 1037 1
10 OnTime_10 66 1 913 1
10 OnTime_10 67 1 845 1
10 OnTime_10 69 1 1135 1
10 OnTime_10 70 1 923 1
10 OnTime_10 72 2 649 1
10 OnTime_10 72 1 949 1
10 OnTime_10 78 2 960 1
10 OnTime_10 78 1 1115 1
10 OnTime_10 82 1 1037 1
10 OnTime_10 82 2 1037 1
10 OnTime_10 83 1 531 1
10 OnTime_10 83 2 531 1
10 OnTime_10 85 1 649 1
10 OnTime_10 86 1 1171 1
10 OnTime_10 95 1 650 1
10 OnTime_10 98 2 960 1
10 OnTime_10 100 1 901 1
10 OnTime_10 100 2 901 1
10 OnTime_10 100 1 949 1
10 OnTime_10 100 2 949 1
11 OnTime_11 1 1 427 1
11 OnTime_11 2 1 1118 1
11 OnTime_11 6 1 1265 1
11 OnTime_11 8 1 1201 1
11 OnTime_11 8 2 1201 1
11 OnTime_11 10 1 531 1
11 OnTime_11 13 1 1174 1
11 OnTime_11 13 2 1174 1
11 OnTime_11 20 1 594 1
11 OnTime_11 20 2 594 1
11 OnTime_11 28 2 1265 1
11 OnTime_11 30 1 706 1
11 OnTime_11 31 1 915 1
11 OnTime_11 35 2 462 1
11 OnTime_11 35 1 594 1
11 OnTime_11 36 1 690 1
11 OnTime_11 37 1 725 1
11 OnTime_11 39 1 533 1
11 OnTime_11 39 2 533 1
11 OnTime_11 44 1 537 1
11 OnTime_11 44 2 537 1
11 OnTime_11 47 1 456 1
11 OnTime_11 49 1 993 1
11 OnTime_11 52 1 993 1
11 OnTime_11 52 2 993 1
11 OnTime_11 56 2 592 1
11 OnTime_11 56 1 1163 1
11 OnTime_11 58 1 533 1
11 OnTime_11 58 2 624 1
11 OnTime_11 60 2 456 1
11 OnTime_11 60 1 906 1
11 OnTime_11 62 1 693 1
11 OnTime_11 63 1 137 1
11 OnTime_11 66 1 624 1
11 OnTime_11 67 1 641 1
11 OnTime_11 69 1 531 1
11 OnTime_11 70 1 1370 1
11 OnTime_11 72 1 447 1
11 OnTime_11 72 2 906 1
11 OnTime_11 78 1 424 1
11 OnTime_11 78 2 424 1
11 OnTime_11 82 1 456 1
11 OnTime_11 82 2 456 1
11 OnTime_11 83 1 1197 1
11 OnTime_11 83 2 1197 1
11 OnTime_11 85 1 958 1
11 OnTime_11 86 1 942 1
11 OnTime_11 95 1 436 1
11 OnTime_11 98 2 551 1
11 OnTime_11 100 1 1158 1
11 OnTime_11 100 2 1158 1
12 OnTime_12 1 1 515 1
12 OnTime_12 2 1 1118 1
12 OnTime_12 6 1 1101 1
12 OnTime_12 8 1 417 1
12 OnTime_12 8 2 1083 1
12 OnTime_12 10 1 713 1
12 OnTime_12 13 2 634 1
12 OnTime_12 13 1 727 1
12 OnTime_12 20 2 412 1
12 OnTime_12 20 1 887 1
12 OnTime_12 24 2 1346 1
12 OnTime_12 28 2 1187 1
12 OnTime_12 30 1 422 1
12 OnTime_12 31 1 731 1
12 OnTime_12 35 1 381 1
12 OnTime_12 35 2 381 1
12 OnTime_12 36 1 499 1
12 OnTime_12 37 1 467 1
12 OnTime_12 39 1 1043 1
12 OnTime_12 39 2 1043 1
12 OnTime_12 44 2 893 1
12 OnTime_12 44 1 1012 1
12 OnTime_12 47 1 893 1
12 OnTime_12 49 1 1125 1
12 OnTime_12 56 1 579 1
12 OnTime_12 60 1 1203 1
12 OnTime_12 62 1 693 1
12 OnTime_12 63 1 887 1
12 OnTime_12 63 2 887 1
12 OnTime_12 66 1 507 1
12 OnTime_12 67 1 812 1
12 OnTime_12 69 1 1125 1
12 OnTime_12 70 1 1187 1
12 OnTime_12 72 2 79 1
12 OnTime_12 72 1 1346 1
12 OnTime_12 78 1 1019 1
12 OnTime_12 78 2 1019 1
12 OnTime_12 82 1 1012 1
12 OnTime_12 82 2 1012 1
12 OnTime_12 83 1 507 1
12 OnTime_12 83 2 507 1
12 OnTime_12 85 1 1131 1
12 OnTime_12 86 1 1124 1
12 OnTime_12 95 1 412 1
12 OnTime_12 98 2 1124 1
12 OnTime_12 100 1 369 1
12 OnTime_12 100 2 369 1
12 OnTime_12 100 1 731 1
12 OnTime_12 100 2 731 1
13 OnTime_13 1 1 737 1
13 OnTime_13 2 1 375 1
13 OnTime_13 6 1 1257 1
13 OnTime_13 8 2 1039 1
13 OnTime_13 8 1 1114 1
13 OnTime_13 10 1 1174 1
13 OnTime_13 13 1 668 1
13 OnTime_13 13 2 668 1
13 OnTime_13 20 1 401 1
13 OnTime_13 20 2 687 1
13 OnTime_13 24 2 401 1
13 OnTime_13 28 2 1108 1
13 OnTime_13 30 1 139 1
13 OnTime_13 31 1 1000 1
13 OnTime_13 35 2 643 1
13 OnTime_13 35 1 888 1
13 OnTime_13 36 1 847 1
13 OnTime_13 37 1 1000 1
13 OnTime_13 39 1 930 1
13 OnTime_13 39 2 930 1
13 OnTime_13 44 1 888 1
13 OnTime_13 44 2 888 1
13 OnTime_13 47 1 407 1
13 OnTime_13 49 1 1211 1
13 OnTime_13 52 1 77 1
13 OnTime_13 52 2 1211 1
13 OnTime_13 56 1 1111 1
13 OnTime_13 56 2 1111 1
13 OnTime_13 58 1 443 1
13 OnTime_13 58 2 443 1
13 OnTime_13 60 1 906 1
13 OnTime_13 60 2 928 1
13 OnTime_13 62 1 1039 1
13 OnTime_13 63 1 399 1
13 OnTime_13 63 2 847 1
13 OnTime_13 66 1 1039 1
13 OnTime_13 67 1 1086 1
13 OnTime_13 70 1 496 1
13 OnTime_13 72 2 77 1
13 OnTime_13 72 1 874 1
13 OnTime_13 78 2 146 1
13 OnTime_13 78 1 545 1
13 OnTime_13 82 1 510 1
13 OnTime_13 82 2 510 1
13 OnTime_13 83 1 510 1
13 OnTime_13 83 2 510 1
13 OnTime_13 85 1 360 1
13 OnTime_13 86 1 1211 1
13 OnTime_13 95 1 436 1
13 OnTime_13 98 2 1013 1
13 OnTime_13 100 1 719 1
13 OnTime_13 100 2 719 1
13 OnTime_13 100 1 962 1
13 OnTime_13 100 2 962 1
14 OnTime_14 1 1 913 1
14 OnTime_14 2 1 1160 1
14 OnTime_14 6 1 1471 1
14 OnTime_14 8 2 870 1
14 OnTime_14 8 1 1114 1
14 OnTime_14 10 1 646 1
14 OnTime_14 13 1 16 1
14 OnTime_14 13 2 16 1
14 OnTime_14 20 1 364 1
14 OnTime_14 20 2 364 1
14 OnTime_14 24 2 697 1
14 OnTime_14 28 2 16 1
14 OnTime_14 30 1 127 1
14 OnTime_14 31 1 646 1
14 OnTime_14 35 1 375 1
14 OnTime_14 35 2 375 1
14 OnTime_14 36 1 870 1
14 OnTime_14 37 1 530 1
14 OnTime_14 39 1 1002 1
14 OnTime_14 39 2 1471 1
14 OnTime_14 44 1 482 1
14 OnTime_14 44 2 506 1
14 OnTime_14 47 1 510 1
14 OnTime_14 49 1 427 1
14 OnTime_14 52 1 917 1
14 OnTime_14 52 2 917 1
14 OnTime_14 56 1 1160 1
14 OnTime_14 56 2 1160 1
14 OnTime_14 58 1 482 1
14 OnTime_14 58 2 482 1
14 OnTime_14 60 1 589 1
14 OnTime_14 60 2 589 1
14 OnTime_14 62 1 870 1
14 OnTime_14 63 2 431 1
14 OnTime_14 63 1 507 1
14 OnTime_14 66 1 511 1
14 OnTime_14 67 1 555 1
14 OnTime_14 69 1 1193 1
14 OnTime_14 70 1 398 1
14 OnTime_14 72 1 1193 1
14 OnTime_14 72 2 1193 1
14 OnTime_14 78 1 427 1
14 OnTime_14 78 2 427 1
14 OnTime_14 82 1 510 1
14 OnTime_14 82 2 510 1
14 OnTime_14 83 1 507 1
14 OnTime_14 83 2 507 1
14 OnTime_14 85 1 667 1
14 OnTime_14 86 1 917 1
14 OnTime_14 98 2 364 1
14 OnTime_14 100 1 901 1
14 OnTime_14 100 2 901 1
15 OnTime_15 1 1 929 1
15 OnTime_15 2 1 672 1
15 OnTime_15 6 1 1265 1
15 OnTime_15 8 1 683 1
15 OnTime_15 8 2 683 1
15 OnTime_15 10 1 713 1
15 OnTime_15 13 1 506 1
15 OnTime_15 13 2 506 1
15 OnTime_15 20 2 605 1
15 OnTime_15 20 1 862 1
15 OnTime_15 24 2 627 1
15 OnTime_15 28 2 1108 1
15 OnTime_15 30 1 883 1
15 OnTime_15 31 1 661 1
15 OnTime_15 35 2 888 1
15 OnTime_15 35 1 1204 1
15 OnTime_15 36 1 985 1
15 OnTime_15 37 1 878 1
15 OnTime_15 39 1 3 1
15 OnTime_15 39 2 1274 1
15 OnTime_15 44 1 1119 1
15 OnTime_15 44 2 1119 1
15 OnTime_15 47 1 1030 1
15 OnTime_15 49 1 366 1
15 OnTime_15 52 2 1091 1
15 OnTime_15 52 1 1108 1
15 OnTime_15 56 1 542 1
15 OnTime_15 56 2 542 1
15 OnTime_15 58 1 883 1
15 OnTime_15 58 2 883 1
15 OnTime_15 60 1 372 1
15 OnTime_15 60 2 372 1
15 OnTime_15 62 1 964 1
15 OnTime_15 63 1 694 1
15 OnTime_15 63 2 883 1
15 OnTime_15 67 1 843 1
15 OnTime_15 69 1 1269 1
15 OnTime_15 70 1 1158 1
15 OnTime_15 72 1 135 1
15 OnTime_15 72 2 672 1
15 OnTime_15 78 1 542 1
15 OnTime_15 78 2 982 1
15 OnTime_15 82 2 660 1
15 OnTime_15 82 1 953 1
15 OnTime_15 83 1 965 1
15 OnTime_15 83 2 965 1
15 OnTime_15 85 1 627 1
15 OnTime_15 86 1 513 1
15 OnTime_15 95 1 392 1
15 OnTime_15 98 2 392 1
15 OnTime_15 100 1 717 1
15 OnTime_15 100 2 717 1
15 OnTime_15 100 1 1158 1
15 OnTime_15 100 2 1158 1
16 OnTime_16 1 1 1154 1
16 OnTime_16 2 1 672 1
16 OnTime_16 6 1 1084 1
16 OnTime_16 8 1 655 1
16 OnTime_16 8 2 1106 1
16 OnTime_16 10 1 977 1
16 OnTime_16 13 1 16 1
16 OnTime_16 13 2 633 1
16 OnTime_16 24 2 1170 1
16 OnTime_16 28 2 1102 1
16 OnTime_16 30 1 767 1
16 OnTime_16 31 1 353 1
16 OnTime_16 35 1 480 1
16 OnTime_16 35 2 480 1
16 OnTime_16 36 1 864 1
16 OnTime_16 37 1 655 1
16 OnTime_16 39 1 1106 1
16 OnTime_16 39 2 1106 1
16 OnTime_16 44 1 536 1
16 OnTime_16 44 2 536 1
16 OnTime_16 47 1 479 1
16 OnTime_16 49 1 536 1
16 OnTime_16 52 2 1091 1
16 OnTime_16 52 1 1143 1
16 OnTime_16 56 1 664 1
16 OnTime_16 56 2 664 1
16 OnTime_16 58 1 664 1
16 OnTime_16 58 2 1102 1
16 OnTime_16 60 2 16 1
16 OnTime_16 60 1 1340 1
16 OnTime_16 63 1 468 1
16 OnTime_16 63 2 977 1
16 OnTime_16 66 1 1106 1
16 OnTime_16 67 1 82 1
16 OnTime_16 69 1 1143 1
16 OnTime_16 70 1 957 1
16 OnTime_16 72 1 1025 1
16 OnTime_16 72 2 1025 1
16 OnTime_16 78 1 865 1
16 OnTime_16 78 2 865 1
16 OnTime_16 82 1 1046 1
16 OnTime_16 82 2 1046 1
16 OnTime_16 83 2 431 1
16 OnTime_16 83 1 480 1
16 OnTime_16 86 1 1000 1
16 OnTime_16 95 1 1091 1
16 OnTime_16 98 2 520 1
16 OnTime_16 100 1 459 1
16 OnTime_16 100 1 616 1
16 OnTime_16 100 2 616 1
16 OnTime_16 100 2 1170 1
17 OnTime_17 2 1 1346 1
17 OnTime_17 6 1 367 1
17 OnTime_17 8 2 526 1
17 OnTime_17 8 1 954 1
17 OnTime_17 10 1 859 1
17 OnTime_17 13 1 954 1
17 OnTime_17 13 2 972 1
17 OnTime_17 20 1 401 1
17 OnTime_17 20 2 508 1
17 OnTime_17 24 2 401 1
17 OnTime_17 28 2 1108 1
17 OnTime_17 30 1 951 1
17 OnTime_17 31 1 915 1
17 OnTime_17 35 1 383 1
17 OnTime_17 35 2 383 1
17 OnTime_17 36 1 1153 1
17 OnTime_17 39 1 1033 1
17 OnTime_17 39 2 1033 1
17 OnTime_17 44 2 404 1
17 OnTime_17 44 1 558 1
17 OnTime_17 47 1 638 1
17 OnTime_17 49 1 526 1
17 OnTime_17 52 1 504 1
17 OnTime_17 52 2 859 1
17 OnTime_17 56 1 404 1
17 OnTime_17 56 2 954 1
17 OnTime_17 58 1 624 1
17 OnTime_17 58 2 624 1
17 OnTime_17 60 2 503 1
17 OnTime_17 60 1 906 1
17 OnTime_17 62 1 367 1
17 OnTime_17 63 1 934 1
17 OnTime_17 66 1 624 1
17 OnTime_17 67 1 972 1
17 OnTime_17 70 1 508 1
17 OnTime_17 72 1 906 1
17 OnTime_17 72 2 1346 1
17 OnTime_17 78 1 504 1
17 OnTime_17 78 2 504 1
17 OnTime_17 82 1 614 1
17 OnTime_17 82 2 953 1
17 OnTime_17 85 1 526 1
17 OnTime_17 86 1 686 1
17 OnTime_17 95 1 404 1
17 OnTime_17 98 2 367 1
17 OnTime_17 100 1 934 1
17 OnTime_17 100 2 934 1
18 OnTime_18 1 1 1172 1
18 OnTime_18 2 1 915 1
18 OnTime_18 6 1 1192 1
18 OnTime_18 8 1 482 1
18 OnTime_18 8 2 718 1
18 OnTime_18 10 1 513 1
18 OnTime_18 13 2 905 1
18 OnTime_18 13 1 1169 1
18 OnTime_18 20 1 618 1
18 OnTime_18 20 2 618 1
18 OnTime_18 24 2 12 1
18 OnTime_18 28 2 499 1
18 OnTime_18 30 1 928 1
18 OnTime_18 31 1 1342 1
18 OnTime_18 35 1 496 1
18 OnTime_18 35 2 1172 1
18 OnTime_18 36 1 985 1
18 OnTime_18 37 1 878 1
18 OnTime_18 39 1 1128 1
18 OnTime_18 39 2 1128 1
18 OnTime_18 44 2 404 1
18 OnTime_18 44 1 482 1
18 OnTime_18 47 1 899 1
18 OnTime_18 49 1 12 1
18 OnTime_18 52 1 740 1
18 OnTime_18 52 2 740 1
18 OnTime_18 56 2 1003 1
18 OnTime_18 56 1 1347 1
18 OnTime_18 58 2 482 1
18 OnTime_18 58 1 509 1
18 OnTime_18 60 1 979 1
18 OnTime_18 60 2 979 1
18 OnTime_18 62 1 618 1
18 OnTime_18 63 1 985 1
18 OnTime_18 63 2 985 1
18 OnTime_18 66 1 404 1
18 OnTime_18 67 1 393 1
18 OnTime_18 69 1 875 1
18 OnTime_18 70 1 957 1
18 OnTime_18 72 2 976 1
18 OnTime_18 72 1 1192 1
18 OnTime_18 78 2 1001 1
18 OnTime_18 78 1 1021 1
18 OnTime_18 82 1 500 1
18 OnTime_18 82 2 500 1
18 OnTime_18 83 1 957 1
18 OnTime_18 83 2 999 1
18 OnTime_18 85 1 696 1
18 OnTime_18 86 1 1007 1
18 OnTime_18 95 1 404 1
18 OnTime_18 98 2 875 1
18 OnTime_18 100 1 393 1
18 OnTime_18 100 2 393 1
18 OnTime_18 100 2 652 1
18 OnTime_18 100 1 1175 1
19 OnTime_19 1 1 691 1
19 OnTime_19 2 1 598 1
19 OnTime_19 6 1 982 1
19 OnTime_19 8 1 1114 1
19 OnTime_19 10 1 458 1
19 OnTime_19 13 1 403 1
19 OnTime_19 13 2 506 1
19 OnTime_19 20 1 403 1
19 OnTime_19 20 2 403 1
19 OnTime_19 24 2 867 1
19 OnTime_19 28 2 1190 1
19 OnTime_19 30 1 1020 1
19 OnTime_19 31 1 732 1
19 OnTime_19 35 1 1086 1
19 OnTime_19 35 2 1086 1
19 OnTime_19 36 1 1120 1
19 OnTime_19 37 1 376 1
19 OnTime_19 39 1 1033 1
19 OnTime_19 39 2 1033 1
19 OnTime_19 44 2 404 1
19 OnTime_19 44 1 1119 1
19 OnTime_19 47 1 458 1
19 OnTime_19 49 1 397 1
19 OnTime_19 52 1 537 1
19 OnTime_19 52 2 537 1
19 OnTime_19 56 2 458 1
19 OnTime_19 56 1 537 1
19 OnTime_19 58 1 376 1
19 OnTime_19 58 2 376 1
19 OnTime_19 60 1 960 1
19 OnTime_19 62 1 373 1
19 OnTime_19 63 1 446 1
19 OnTime_19 63 2 732 1
19 OnTime_19 66 1 404 1
19 OnTime_19 67 1 1086 1
19 OnTime_19 69 1 1190 1
19 OnTime_19 70 1 373 1
19 OnTime_19 72 2 598 1
19 OnTime_19 72 1 672 1
19 OnTime_19 78 2 982 1
19 OnTime_19 78 1 1001 1
19 OnTime_19 82 1 670 1
19 OnTime_19 83 1 1020 1
19 OnTime_19 83 2 1020 1
19 OnTime_19 85 1 491 1
19 OnTime_19 86 1 1148 1
19 OnTime_19 95 1 404 1
19 OnTime_19 98 2 1190 1
20 OnTime_20 1 1 1091 1
20 OnTime_20 2 1 501 1
20 OnTime_20 6 1 1471 1
20 OnTime_20 8 1 417 1
20 OnTime_20 8 2 1000 1
20 OnTime_20 10 1 1027 1
20 OnTime_20 13 1 668 1
20 OnTime_20 13 2 668 1
20 OnTime_20 20 1 508 1
20 OnTime_20 20 2 1062 1
20 OnTime_20 24 2 697 1
20 OnTime_20 28 2 1102 1
20 OnTime_20 31 1 652 1
20 OnTime_20 35 1 496 1
20 OnTime_20 35 2 970 1
20 OnTime_20 36 1 629 1
20 OnTime_20 37 1 1000 1
20 OnTime_20 39 1 1471 1
20 OnTime_20 39 2 1471 1
20 OnTime_20 44 2 355 1
20 OnTime_20 44 1 937 1
20 OnTime_20 47 1 937 1
20 OnTime_20 49 1 1258 1
20 OnTime_20 52 1 1091 1
20 OnTime_20 52 2 1091 1
20 OnTime_20 56 2 458 1
20 OnTime_20 56 1 658 1
20 OnTime_20 58 2 1102 1
20 OnTime_20 58 1 1115 1
20 OnTime_20 60 1 1206 1
20 OnTime_20 60 2 1206 1
20 OnTime_20 62 1 886 1
20 OnTime_20 63 1 400 1
20 OnTime_20 63 2 1356 1
20 OnTime_20 66 1 474 1
20 OnTime_20 67 1 1206 1
20 OnTime_20 69 1 1142 1
20 OnTime_20 70 1 496 1
20 OnTime_20 72 1 1142 1
20 OnTime_20 72 2 1142 1
20 OnTime_20 78 2 1115 1
20 OnTime_20 78 1 1201 1
20 OnTime_20 82 1 1115 1
20 OnTime_20 82 2 1115 1
20 OnTime_20 83 2 421 1
20 OnTime_20 83 1 656 1
20 OnTime_20 85 1 855 1
20 OnTime_20 86 1 1000 1
20 OnTime_20 95 1 656 1
20 OnTime_20 98 2 1471 1
20 OnTime_20 100 1 652 1
20 OnTime_20 100 2 652 1
20 OnTime_20 100 1 1170 1
21 OnTime_21 1 1 1055 1
21 OnTime_21 2 1 1025 1
21 OnTime_21 6 1 1373 1
21 OnTime_21 8 1 1041 1
21 OnTime_21 8 2 1193 1
21 OnTime_21 10 1 1150 1
21 OnTime_21 24 2 9 1
21 OnTime_21 28 2 1156 1
21 OnTime_21 30 1 1020 1
21 OnTime_21 31 1 1193 1
21 OnTime_21 35 1 1373 1
21 OnTime_21 35 2 1373 1
21 OnTime_21 36 1 505 1
21 OnTime_21 37 1 828 1
21 OnTime_21 39 1 393 1
21 OnTime_21 44 1 586 1
21 OnTime_21 44 2 586 1
21 OnTime_21 47 1 478 1
21 OnTime_21 49 1 505 1
21 OnTime_21 52 1 884 1
21 OnTime_21 52 2 890 1
21 OnTime_21 56 1 1005 1
21 OnTime_21 56 2 1005 1
21 OnTime_21 58 1 1130 1
21 OnTime_21 60 1 97 1
21 OnTime_21 60 2 382 1
21 OnTime_21 62 1 559 1
21 OnTime_21 63 1 734 1
21 OnTime_21 63 2 1181 1
21 OnTime_21 66 1 691 1
21 OnTime_21 67 1 919 1
21 OnTime_21 69 1 1193 1
21 OnTime_21 70 1 1087 1
21 OnTime_21 72 2 97 1
21 OnTime_21 72 1 1181 1
21 OnTime_21 78 2 579 1
21 OnTime_21 78 1 691 1
21 OnTime_21 82 1 414 1
21 OnTime_21 82 2 1037 1
21 OnTime_21 83 1 636 1
21 OnTime_21 85 1 526 1
21 OnTime_21 86 1 1161 1
21 OnTime_21 95 1 97 1
21 OnTime_21 100 1 9 1
21 OnTime_21 100 2 459 1
21 OnTime_21 100 2 914 1
21 OnTime_21 100 1 1041 1
22 OnTime_22 1 1 913 1
22 OnTime_22 6 1 523 1
22 OnTime_22 8 1 495 1
22 OnTime_22 8 2 495 1
22 OnTime_22 13 2 831 1
22 OnTime_22 13 1 990 1
22 OnTime_22 20 1 401 1
22 OnTime_22 20 2 401 1
22 OnTime_22 24 2 1094 1
22 OnTime_22 28 2 16 1
22 OnTime_22 30 1 1461 1
22 OnTime_22 31 1 1082 1
22 OnTime_22 35 1 1056 1
22 OnTime_22 35 2 1056 1
22 OnTime_22 36 1 495 1
22 OnTime_22 37 1 990 1
22 OnTime_22 39 1 1002 1
22 OnTime_22 39 2 1002 1
22 OnTime_22 44 1 710 1
22 OnTime_22 44 2 710 1
22 OnTime_22 47 1 96 1
22 OnTime_22 49 1 1201 1
22 OnTime_22 52 1 1460 1
22 OnTime_22 52 2 1460 1
22 OnTime_22 56 2 621 1
22 OnTime_22 56 1 710 1
22 OnTime_22 58 1 1054 1
22 OnTime_22 58 2 1054 1
22 OnTime_22 60 2 757 1
22 OnTime_22 60 1 831 1
22 OnTime_22 62 1 1184 1
22 OnTime_22 63 2 534 1
22 OnTime_22 63 1 1024 1
22 OnTime_22 66 1 913 1
22 OnTime_22 67 1 1176 1
22 OnTime_22 69 1 346 1
22 OnTime_22 70 1 401 1
22 OnTime_22 72 1 1181 1
22 OnTime_22 72 2 1181 1
22 OnTime_22 78 1 1201 1
22 OnTime_22 78 2 1201 1
22 OnTime_22 82 1 523 1
22 OnTime_22 82 2 1460 1
22 OnTime_22 83 1 408 1
22 OnTime_22 83 2 523 1
22 OnTime_22 85 1 667 1
22 OnTime_22 86 1 1181 1
22 OnTime_22 100 1 408 1
22 OnTime_22 100 2 408 1
22 OnTime_22 100 1 905 1
22 OnTime_22 100 2 905 1
23 OnTime_23 1 1 1184 1
23 OnTime_23 2 1 1025 1
23 OnTime_23 6 1 588 1
23 OnTime_23 8 2 485 1
23 OnTime_23 8 1 882 1
23 OnTime_23 10 1 623 1
23 OnTime_23 13 1 895 1
23 OnTime_23 13 2 895 1
23 OnTime_23 20 1 488 1
23 OnTime_23 20 2 997 1
23 OnTime_23 24 2 1270 1
23 OnTime_23 28 2 1153 1
23 OnTime_23 30 1 500 1
23 OnTime_23 31 1 882 1
23 OnTime_23 35 1 1086 1
23 OnTime_23 35 2 1086 1
23 OnTime_23 36 1 905 1
23 OnTime_23 37 1 1000 1
23 OnTime_23 39 1 831 1
23 OnTime_23 39 2 831 1
23 OnTime_23 44 1 510 1
23 OnTime_23 44 2 624 1
23 OnTime_23 47 1 1161 1
23 OnTime_23 49 1 72 1
23 OnTime_23 52 2 497 1
23 OnTime_23 52 1 890 1
23 OnTime_23 58 2 488 1
23 OnTime_23 58 1 611 1
23 OnTime_23 60 1 831 1
23 OnTime_23 60 2 1203 1
23 OnTime_23 62 1 964 1
23 OnTime_23 63 2 534 1
23 OnTime_23 63 1 1181 1
23 OnTime_23 66 1 624 1
23 OnTime_23 67 1 1025 1
23 OnTime_23 69 1 488 1
23 OnTime_23 70 1 923 1
23 OnTime_23 72 2 1181 1
23 OnTime_23 72 1 1203 1
23 OnTime_23 78 1 527 1
23 OnTime_23 78 2 527 1
23 OnTime_23 82 2 370 1
23 OnTime_23 82 1 500 1
23 OnTime_23 83 2 510 1
23 OnTime_23 83 1 517 1
23 OnTime_23 85 1 1181 1
23 OnTime_23 86 1 1000 1
23 OnTime_23 95 1 886 1
23 OnTime_23 98 2 1025 1
23 OnTime_23 100 1 481 1
23 OnTime_23 100 2 481 1
23 OnTime_23 100 1 905 1
23 OnTime_23 100 2 905 1
24 OnTime_24 2 1 1064 1
24 OnTime_24 6 1 1084 1
24 OnTime_24 8 1 1074 1
24 OnTime_24 13 1 506 1
24 OnTime_24 13 2 1064 1
24 OnTime_24 28 2 1108 1
24 OnTime_24 30 1 500 1
24 OnTime_24 31 1 1036 1
24 OnTime_24 35 1 888 1
24 OnTime_24 37 1 1194 1
24 OnTime_24 39 1 991 1
24 OnTime_24 39 2 991 1
24 OnTime_24 44 1 506 1
24 OnTime_24 44 2 506 1
24 OnTime_24 47 1 669 1
24 OnTime_24 49 1 397 1
24 OnTime_24 52 1 1108 1
24 OnTime_24 52 2 1108 1
24 OnTime_24 56 1 400 1
24 OnTime_24 56 2 400 1
24 OnTime_24 58 1 992 1
24 OnTime_24 58 2 992 1
24 OnTime_24 60 1 1037 1
24 OnTime_24 62 1 693 1
24 OnTime_24 63 2 507 1
24 OnTime_24 63 1 764 1
24 OnTime_24 66 1 507 1
24 OnTime_24 67 1 881 1
24 OnTime_24 69 1 532 1
24 OnTime_24 70 1 1044 1
24 OnTime_24 72 2 816 1
24 OnTime_24 72 1 1145 1
24 OnTime_24 78 2 738 1
24 OnTime_24 78 1 1201 1
24 OnTime_24 82 2 500 1
24 OnTime_24 82 1 1157 1
24 OnTime_24 83 1 507 1
24 OnTime_24 83 2 507 1
24 OnTime_24 85 1 638 1
24 OnTime_24 86 1 390 1
24 OnTime_24 95 1 881 1
24 OnTime_24 98 2 669 1
24 OnTime_24 100 1 836 1
24 OnTime_24 100 2 836 1
24 OnTime_24 100 1 962 1
24 OnTime_24 100 2 962 1
25 OnTime_25 1 1 1184 1
25 OnTime_25 2 1 345 1
25 OnTime_25 6 1 932 1
25 OnTime_25 8 2 896 1
25 OnTime_25 8 1 1039 1
25 OnTime_25 10 1 438 1
25 OnTime_25 13 2 657 1
25 OnTime_25 13 1 853 1
25 OnTime_25 20 1 364 1
25 OnTime_25 20 2 1013 1
25 OnTime_25 24 2 1170 1
25 OnTime_25 28 2 1156 1
25 OnTime_25 30 1 925 1
25 OnTime_25 31 1 1044 1
25 OnTime_25 35 2 381 1
25 OnTime_25 35 1 937 1
25 OnTime_25 36 1 1088 1
25 OnTime_25 37 1 512 1
25 OnTime_25 39 1 930 1
25 OnTime_25 44 1 1156 1
25 OnTime_25 44 2 1156 1
25 OnTime_25 47 1 937 1
25 OnTime_25 49 1 988 1
25 OnTime_25 52 1 1050 1
25 OnTime_25 52 2 1198 1
25 OnTime_25 56 1 664 1
25 OnTime_25 56 2 891 1
25 OnTime_25 58 1 664 1
25 OnTime_25 58 2 664 1
25 OnTime_25 60 1 928 1
25 OnTime_25 60 2 937 1
25 OnTime_25 62 1 1050 1
25 OnTime_25 63 2 400 1
25 OnTime_25 63 1 883 1
25 OnTime_25 66 1 468 1
25 OnTime_25 67 1 400 1
25 OnTime_25 69 1 925 1
25 OnTime_25 70 1 364 1
25 OnTime_25 72 2 91 1
25 OnTime_25 72 1 657 1
25 OnTime_25 78 1 683 1
25 OnTime_25 78 2 683 1
25 OnTime_25 82 1 510 1
25 OnTime_25 82 2 883 1
25 OnTime_25 83 1 510 1
25 OnTime_25 83 2 510 1
25 OnTime_25 85 1 883 1
25 OnTime_25 86 1 1171 1
25 OnTime_25 95 1 657 1
25 OnTime_25 98 2 364 1
25 OnTime_25 100 2 9 1
25 OnTime_25 100 1 1088 1
25 OnTime_25 100 2 1088 1
25 OnTime_25 100 1 1170 1
26 OnTime_26 1 1 1295 1
26 OnTime_26 2 1 493 1
26 OnTime_26 6 1 556 1
26 OnTime_26 8 1 548 1
26 OnTime_26 8 2 870 1
26 OnTime_26 10 1 870 1
26 OnTime_26 13 1 1174 1
26 OnTime_26 13 2 1174 1
26 OnTime_26 20 1 887 1
26 OnTime_26 20 2 887 1
26 OnTime_26 24 2 398 1
26 OnTime_26 28 2 1295 1
26 OnTime_26 30 1 533 1
26 OnTime_26 31 1 1162 1
26 OnTime_26 35 1 415 1
26 OnTime_26 35 2 937 1
26 OnTime_26 36 1 870 1
26 OnTime_26 37 1 1000 1
26 OnTime_26 39 1 533 1
26 OnTime_26 39 2 1090 1
26 OnTime_26 44 2 510 1
26 OnTime_26 44 1 937 1
26 OnTime_26 47 1 937 1
26 OnTime_26 49 1 397 1
26 OnTime_26 52 1 1009 1
26 OnTime_26 52 2 1009 1
26 OnTime_26 56 1 1120 1
26 OnTime_26 56 2 1120 1
26 OnTime_26 58 2 533 1
26 OnTime_26 58 1 1097 1
26 OnTime_26 60 1 1259 1
26 OnTime_26 60 2 1259 1
26 OnTime_26 62 1 927 1
26 OnTime_26 63 1 1097 1
26 OnTime_26 63 2 1097 1
26 OnTime_26 66 1 1120 1
26 OnTime_26 67 1 639 1
26 OnTime_26 69 1 1008 1
26 OnTime_26 70 1 578 1
26 OnTime_26 72 1 415 1
26 OnTime_26 72 2 415 1
26 OnTime_26 78 1 674 1
26 OnTime_26 78 2 674 1
26 OnTime_26 82 1 505 1
26 OnTime_26 82 2 505 1
26 OnTime_26 83 2 927 1
26 OnTime_26 83 1 1022 1
26 OnTime_26 85 1 1166 1
26 OnTime_26 86 1 1009 1
26 OnTime_26 95 1 1339 1
26 OnTime_26 98 2 1147 1
26 OnTime_26 100 1 887 1
26 OnTime_26 100 2 887 1
26 OnTime_26 100 1 1339 1
26 OnTime_26 100 2 1339 1
27 OnTime_27 1 1 378 1
27 OnTime_27 2 1 966 1
27 OnTime_27 6 1 987 1
27 OnTime_27 8 1 1039 1
27 OnTime_27 8 2 1039 1
27 OnTime_27 10 1 132 1
27 OnTime_27 13 1 1132 1
27 OnTime_27 13 2 1132 1
27 OnTime_27 20 1 378 1
27 OnTime_27 20 2 378 1
27 OnTime_27 24 2 505 1
27 OnTime_27 28 2 1260 1
27 OnTime_27 30 1 500 1
27 OnTime_27 31 1 1267 1
27 OnTime_27 35 2 866 1
27 OnTime_27 35 1 922 1
27 OnTime_27 36 1 1260 1
27 OnTime_27 37 1 376 1
27 OnTime_27 39 1 5 1
27 OnTime_27 39 2 5 1
27 OnTime_27 44 1 922 1
27 OnTime_27 44 2 922 1
27 OnTime_27 47 1 1161 1
27 OnTime_27 49 1 505 1
27 OnTime_27 52 1 17 1
27 OnTime_27 52 2 842 1
27 OnTime_27 56 1 658 1
27 OnTime_27 56 2 658 1
27 OnTime_27 58 2 376 1
27 OnTime_27 58 1 992 1
27 OnTime_27 60 1 382 1
27 OnTime_27 60 2 1100 1
27 OnTime_27 62 1 1039 1
27 OnTime_27 63 2 534 1
27 OnTime_27 63 1 1369 1
27 OnTime_27 66 1 468 1
27 OnTime_27 69 1 728 1
27 OnTime_27 70 1 578 1
27 OnTime_27 72 2 880 1
27 OnTime_27 72 1 992 1
27 OnTime_27 78 1 987 1
27 OnTime_27 78 2 987 1
27 OnTime_27 82 1 500 1
27 OnTime_27 82 2 500 1
27 OnTime_27 83 2 507 1
27 OnTime_27 83 1 927 1
27 OnTime_27 85 1 545 1
27 OnTime_27 86 1 1132 1
27 OnTime_27 95 1 966 1
27 OnTime_27 98 2 1190 1
27 OnTime_27 100 1 1170 1
27 OnTime_27 100 2 1170 1
28 OnTime_28 1 1 515 1
28 OnTime_28 2 1 94 1
28 OnTime_28 6 1 635 1
28 OnTime_28 8 1 931 1
28 OnTime_28 8 2 931 1
28 OnTime_28 10 1 663 1
28 OnTime_28 13 1 1174 1
28 OnTime_28 13 2 1174 1
28 OnTime_28 20 1 508 1
28 OnTime_28 20 2 508 1
28 OnTime_28 24 2 1266 1
28 OnTime_28 30 1 411 1
28 OnTime_28 31 1 1099 1
28 OnTime_28 35 1 721 1
28 OnTime_28 35 2 1086 1
28 OnTime_28 36 1 931 1
28 OnTime_28 37 1 1024 1
28 OnTime_28 39 1 1011 1
28 OnTime_28 39 2 1011 1
28 OnTime_28 44 1 411 1
28 OnTime_28 44 2 411 1
28 OnTime_28 47 1 1174 1
28 OnTime_28 49 1 538 1
28 OnTime_28 52 2 77 1
28 OnTime_28 52 1 94 1
28 OnTime_28 56 2 721 1
28 OnTime_28 56 1 1282 1
28 OnTime_28 58 2 538 1
28 OnTime_28 58 1 550 1
28 OnTime_28 60 1 979 1
28 OnTime_28 60 2 979 1
28 OnTime_28 62 1 373 1
28 OnTime_28 63 1 1024 1
28 OnTime_28 63 2 1024 1
28 OnTime_28 66 1 848 1
28 OnTime_28 67 1 1206 1
28 OnTime_28 69 1 890 1
28 OnTime_28 70 1 508 1
28 OnTime_28 72 1 598 1
28 OnTime_28 72 2 598 1
28 OnTime_28 78 1 545 1
28 OnTime_28 78 2 1001 1
28 OnTime_28 82 1 1085 1
28 OnTime_28 82 2 1085 1
28 OnTime_28 83 1 373 1
28 OnTime_28 83 2 373 1
28 OnTime_28 85 1 758 1
28 OnTime_28 86 1 1124 1
28 OnTime_28 95 1 1206 1
28 OnTime_28 98 2 1124 1
28 OnTime_28 100 1 721 1
28 OnTime_28 100 2 721 1
28 OnTime_28 100 1 869 1
28 OnTime_28 100 2 869 1
29 OnTime_29 1 1 1103 1
29 OnTime_29 2 1 966 1
29 OnTime_29 6 1 1210 1
29 OnTime_29 8 1 508 1
29 OnTime_29 8 2 508 1
29 OnTime_29 10 1 1174 1
29 OnTime_29 13 1 1174 1
29 OnTime_29 13 2 1174 1
29 OnTime_29 20 1 508 1
29 OnTime_29 20 2 508 1
29 OnTime_29 24 2 871 1
29 OnTime_29 28 2 635 1
29 OnTime_29 30 1 1155 1
29 OnTime_29 31 1 961 1
29 OnTime_29 35 2 866 1
29 OnTime_29 35 1 1131 1
29 OnTime_29 36 1 1092 1
29 OnTime_29 37 1 1103 1
29 OnTime_29 39 1 635 1
29 OnTime_29 39 2 927 1
29 OnTime_29 44 1 352 1
29 OnTime_29 44 2 352 1
29 OnTime_29 47 1 363 1
29 OnTime_29 49 1 12 1
29 OnTime_29 52 2 1108 1
29 OnTime_29 52 1 1478 1
29 OnTime_29 56 1 658 1
29 OnTime_29 56 2 658 1
29 OnTime_29 58 1 748 1
29 OnTime_29 58 2 1062 1
29 OnTime_29 60 1 979 1
29 OnTime_29 60 2 979 1
29 OnTime_29 62 1 927 1
29 OnTime_29 63 2 13 1
29 OnTime_29 63 1 622 1
29 OnTime_29 66 1 848 1
29 OnTime_29 67 1 972 1
29 OnTime_29 69 1 866 1
29 OnTime_29 70 1 12 1
29 OnTime_29 72 1 670 1
29 OnTime_29 78 1 545 1
29 OnTime_29 78 2 545 1
29 OnTime_29 82 1 670 1
29 OnTime_29 82 2 670 1
29 OnTime_29 83 2 373 1
29 OnTime_29 83 1 1022 1
29 OnTime_29 85 1 1163 1
29 OnTime_29 95 1 748 1
29 OnTime_29 98 2 527 1
29 OnTime_29 100 1 678 1
29 OnTime_29 100 2 678 1
29 OnTime_29 100 1 717 1
29 OnTime_29 100 2 717 1
30 OnTime_30 1 1 515 1
30 OnTime_30 2 1 1109 1
30 OnTime_30 6 1 426 1
30 OnTime_30 8 2 896 1
30 OnTime_30 8 1 993 1
30 OnTime_30 10 1 493 1
30 OnTime_30 13 1 1174 1
30 OnTime_30 13 2 1174 1
30 OnTime_30 20 1 420 1
30 OnTime_30 24 2 726 1
30 OnTime_30 28 2 1187 1
30 OnTime_30 30 1 1020 1
30 OnTime_30 31 1 933 1
30 OnTime_30 35 1 694 1
30 OnTime_30 35 2 861 1
30 OnTime_30 36 1 1208 1
30 OnTime_30 37 1 1465 1
30 OnTime_30 39 1 1090 1
30 OnTime_30 39 2 1090 1
30 OnTime_30 44 1 726 1
30 OnTime_30 44 2 1010 1
30 OnTime_30 47 1 1174 1
30 OnTime_30 49 1 993 1
30 OnTime_30 52 1 917 1
30 OnTime_30 52 2 993 1
30 OnTime_30 56 2 896 1
30 OnTime_30 56 1 1279 1
30 OnTime_30 58 1 635 1
30 OnTime_30 58 2 1279 1
30 OnTime_30 60 1 433 1
30 OnTime_30 60 2 433 1
30 OnTime_30 62 1 927 1
30 OnTime_30 63 1 399 1
30 OnTime_30 63 2 399 1
30 OnTime_30 66 1 1120 1
30 OnTime_30 67 1 448 1
30 OnTime_30 69 1 425 1
30 OnTime_30 70 1 1187 1
30 OnTime_30 72 1 949 1
30 OnTime_30 78 1 516 1
30 OnTime_30 78 2 987 1
30 OnTime_30 82 1 588 1
30 OnTime_30 82 2 1115 1
30 OnTime_30 83 1 927 1
30 OnTime_30 83 2 927 1
30 OnTime_30 85 1 896 1
30 OnTime_30 86 1 917 1
30 OnTime_30 95 1 888 1
30 OnTime_30 98 2 726 1
30 OnTime_30 100 1 408 1
30 OnTime_30 100 2 702 1
30 OnTime_30 100 1 726 1
30 OnTime_30 100 2 869 1
31 OnTime_31 1 1 876 1
31 OnTime_31 2 1 966 1
31 OnTime_31 6 1 685 1
31 OnTime_31 8 1 683 1
31 OnTime_31 8 2 931 1
31 OnTime_31 10 1 713 1
31 OnTime_31 13 1 931 1
31 OnTime_31 13 2 1169 1
31 OnTime_31 20 1 401 1
31 OnTime_31 20 2 401 1
31 OnTime_31 24 2 443 1
31 OnTime_31 28 2 484 1
31 OnTime_31 30 1 391 1
31 OnTime_31 31 1 391 1
31 OnTime_31 35 1 895 1
31 OnTime_31 35 2 895 1
31 OnTime_31 36 1 931 1
31 OnTime_31 37 1 465 1
31 OnTime_31 39 1 412 1
31 OnTime_31 44 2 537 1
31 OnTime_31 44 1 542 1
31 OnTime_31 47 1 994 1
31 OnTime_31 49 1 1044 1
31 OnTime_31 52 1 537 1
31 OnTime_31 52 2 537 1
31 OnTime_31 56 1 537 1
31 OnTime_31 56 2 542 1
31 OnTime_31 58 1 443 1
31 OnTime_31 58 2 959 1
31 OnTime_31 60 1 979 1
31 OnTime_31 60 2 979 1
31 OnTime_31 62 1 959 1
31 OnTime_31 63 1 960 1
31 OnTime_31 63 2 960 1
31 OnTime_31 66 1 611 1
31 OnTime_31 67 1 639 1
31 OnTime_31 69 1 1079 1
31 OnTime_31 70 1 401 1
31 OnTime_31 72 1 753 1
31 OnTime_31 72 2 753 1
31 OnTime_31 78 1 542 1
31 OnTime_31 78 2 683 1
31 OnTime_31 82 1 708 1
31 OnTime_31 82 2 708 1
31 OnTime_31 83 1 656 1
31 OnTime_31 83 2 975 1
31 OnTime_31 85 1 1169 1
31 OnTime_31 86 1 1000 1
31 OnTime_31 95 1 994 1
31 OnTime_31 98 2 1079 1
32 OnTime_32 1 1 1123 1
32 OnTime_32 2 1 598 1
32 OnTime_32 6 1 685 1
32 OnTime_32 8 1 495 1
32 OnTime_32 8 2 495 1
32 OnTime_32 10 1 1123 1
32 OnTime_32 13 1 1175 1
32 OnTime_32 13 2 1175 1
32 OnTime_32 20 1 521 1
32 OnTime_32 20 2 521 1
32 OnTime_32 24 2 908 1
32 OnTime_32 28 2 86 1
32 OnTime_32 30 1 1212 1
32 OnTime_32 31 1 521 1
32 OnTime_32 36 1 584 1
32 OnTime_32 37 1 467 1
32 OnTime_32 39 2 86 1
32 OnTime_32 39 1 532 1
32 OnTime_32 44 1 1119 1
32 OnTime_32 44 2 1119 1
32 OnTime_32 47 1 899 1
32 OnTime_32 49 1 1119 1
32 OnTime_32 52 1 627 1
32 OnTime_32 52 2 627 1
32 OnTime_32 56 1 537 1
32 OnTime_32 56 2 921 1
32 OnTime_32 58 1 536 1
32 OnTime_32 58 2 536 1
32 OnTime_32 60 1 584 1
32 OnTime_32 60 2 584 1
32 OnTime_32 62 1 921 1
32 OnTime_32 63 1 137 1
32 OnTime_32 63 2 137 1
32 OnTime_32 66 1 461 1
32 OnTime_32 67 1 400 1
32 OnTime_32 69 1 532 1
32 OnTime_32 70 1 535 1
32 OnTime_32 72 2 79 1
32 OnTime_32 72 1 1025 1
32 OnTime_32 78 2 674 1
32 OnTime_32 78 1 1175 1
32 OnTime_32 82 1 474 1
32 OnTime_32 82 2 474 1
32 OnTime_32 83 2 137 1
32 OnTime_32 83 1 517 1
32 OnTime_32 85 1 844 1
32 OnTime_32 86 1 921 1
32 OnTime_32 95 1 70 1
32 OnTime_32 98 2 537 1
32 OnTime_32 100 1 869 1
32 OnTime_32 100 2 869 1
32 OnTime_32 100 1 963 1
32 OnTime_32 100 2 1175 1
33 OnTime_33 1 1 1184 1
33 OnTime_33 2 1 966 1
33 OnTime_33 6 1 932 1
33 OnTime_33 8 1 931 1
33 OnTime_33 8 2 931 1
33 OnTime_33 10 1 713 1
33 OnTime_33 13 1 634 1
33 OnTime_33 13 2 634 1
33 OnTime_33 20 1 578 1
33 OnTime_33 20 2 1113 1
33 OnTime_33 24 2 1080 1
33 OnTime_33 28 2 132 1
33 OnTime_33 30 1 500 1
33 OnTime_33 31 1 1008 1
33 OnTime_33 35 1 383 1
33 OnTime_33 35 2 1008 1
33 OnTime_33 36 1 931 1
33 OnTime_33 37 1 512 1
33 OnTime_33 39 2 518 1
33 OnTime_33 39 1 1080 1
33 OnTime_33 44 2 404 1
33 OnTime_33 44 1 536 1
33 OnTime_33 47 1 1361 1
33 OnTime_33 49 1 414 1
33 OnTime_33 52 2 536 1
33 OnTime_33 52 1 1080 1
33 OnTime_33 56 1 404 1
33 OnTime_33 56 2 404 1
33 OnTime_33 58 1 1113 1
33 OnTime_33 58 2 1113 1
33 OnTime_33 60 1 477 1
33 OnTime_33 60 2 477 1
33 OnTime_33 62 1 1073 1
33 OnTime_33 63 1 512 1
33 OnTime_33 63 2 512 1
33 OnTime_33 66 1 1361 1
33 OnTime_33 67 1 1277 1
33 OnTime_33 69 1 1125 1
33 OnTime_33 70 1 132 1
33 OnTime_33 72 1 637 1
33 OnTime_33 72 2 637 1
33 OnTime_33 78 1 540 1
33 OnTime_33 78 2 540 1
33 OnTime_33 82 1 840 1
33 OnTime_33 82 2 840 1
33 OnTime_33 83 2 507 1
33 OnTime_33 83 1 536 1
33 OnTime_33 85 1 360 1
33 OnTime_33 86 1 637 1
33 OnTime_33 95 1 404 1
33 OnTime_33 100 1 477 1
33 OnTime_33 100 2 477 1
34 OnTime_34 1 1 862 1
34 OnTime_34 2 1 1118 1
34 OnTime_34 6 1 862 1
34 OnTime_34 8 1 1218 1
34 OnTime_34 10 1 1146 1
34 OnTime_34 13 2 509 1
34 OnTime_34 13 1 996 1
34 OnTime_34 20 1 528 1
34 OnTime_34 20 2 862 1
34 OnTime_34 24 2 1266 1
34 OnTime_34 28 2 635 1
34 OnTime_34 31 1 1257 1
34 OnTime_34 35 1 1218 1
34 OnTime_34 35 2 1218 1
34 OnTime_34 36 1 863 1
34 OnTime_34 37 1 635 1
34 OnTime_34 39 1 948 1
34 OnTime_34 39 2 948 1
34 OnTime_34 44 1 504 1
34 OnTime_34 44 2 504 1
34 OnTime_34 47 1 994 1
34 OnTime_34 52 2 497 1
34 OnTime_34 52 1 504 1
34 OnTime_34 56 1 103 1
34 OnTime_34 56 2 621 1
34 OnTime_34 58 2 377 1
34 OnTime_34 58 1 635 1
34 OnTime_34 60 1 863 1
34 OnTime_34 60 2 863 1
34 OnTime_34 62 1 927 1
34 OnTime_34 63 1 601 1
34 OnTime_34 63 2 1181 1
34 OnTime_34 66 1 919 1
34 OnTime_34 67 1 601 1
34 OnTime_34 69 1 395 1
34 OnTime_34 70 1 132 1
34 OnTime_34 72 2 996 1
34 OnTime_34 72 1 1025 1
34 OnTime_34 78 1 987 1
34 OnTime_34 78 2 987 1
34 OnTime_34 83 1 1017 1
34 OnTime_34 83 2 1017 1
34 OnTime_34 85 1 556 1
34 OnTime_34 86 1 1181 1
34 OnTime_34 95 1 994 1
34 OnTime_34 98 2 1025 1
34 OnTime_34 100 1 528 1
34 OnTime_34 100 2 528 1
34 OnTime_34 100 1 604 1
35 OnTime_35 1 1 691 1
35 OnTime_35 2 1 1160 1
35 OnTime_35 6 1 1084 1
35 OnTime_35 8 2 434 1
35 OnTime_35 8 1 1198 1
35 OnTime_35 10 1 1085 1
35 OnTime_35 13 1 532 1
35 OnTime_35 13 2 532 1
35 OnTime_35 20 1 412 1
35 OnTime_35 20 2 412 1
35 OnTime_35 24 2 505 1
35 OnTime_35 30 1 942 1
35 OnTime_35 31 1 1082 1
35 OnTime_35 35 1 480 1
35 OnTime_35 35 2 594 1
35 OnTime_35 36 1 505 1
35 OnTime_35 37 1 990 1
35 OnTime_35 39 1 412 1
35 OnTime_35 39 2 1009 1
35 OnTime_35 44 1 937 1
35 OnTime_35 44 2 990 1
35 OnTime_35 47 1 1360 1
35 OnTime_35 49 1 505 1
35 OnTime_35 52 1 1009 1
35 OnTime_35 52 2 1198 1
35 OnTime_35 56 1 1160 1
35 OnTime_35 56 2 1160 1
35 OnTime_35 58 1 509 1
35 OnTime_35 58 2 595 1
35 OnTime_35 60 1 937 1
35 OnTime_35 60 2 937 1
35 OnTime_35 62 1 476 1
35 OnTime_35 63 1 446 1
35 OnTime_35 66 1 823 1
35 OnTime_35 67 1 641 1
35 OnTime_35 69 1 595 1
35 OnTime_35 70 1 823 1
35 OnTime_35 72 1 403 1
35 OnTime_35 72 2 403 1
35 OnTime_35 78 1 691 1
35 OnTime_35 78 2 691 1
35 OnTime_35 82 1 1085 1
35 OnTime_35 82 2 1085 1
35 OnTime_35 83 1 369 1
35 OnTime_35 83 2 942 1
35 OnTime_35 85 1 434 1
35 OnTime_35 86 1 1009 1
35 OnTime_35 95 1 1198 1
35 OnTime_35 98 2 942 1
35 OnTime_35 100 1 369 1
35 OnTime_35 100 2 369 1
35 OnTime_35 100 1 1360 1
35 OnTime_35 100 2 1360 1
36 OnTime_36 1 1 515 1
36 OnTime_36 2 1 966 1
36 OnTime_36 6 1 862 1
36 OnTime_36 8 1 1000 1
36 OnTime_36 8 2 1000 1
36 OnTime_36 10 1 513 1
36 OnTime_36 13 1 727 1
36 OnTime_36 13 2 727 1
36 OnTime_36 20 2 452 1
36 OnTime_36 20 1 862 1
36 OnTime_36 24 2 505 1
36 OnTime_36 30 1 1015 1
36 OnTime_36 31 1 1036 1
36 OnTime_36 35 1 893 1
36 OnTime_36 35 2 893 1
36 OnTime_36 36 1 505 1
36 OnTime_36 37 1 1000 1
36 OnTime_36 39 1 1023 1
36 OnTime_36 39 2 1023 1
36 OnTime_36 44 1 510 1
36 OnTime_36 44 2 1299 1
36 OnTime_36 47 1 510 1
36 OnTime_36 49 1 1044 1
36 OnTime_36 52 1 574 1
36 OnTime_36 56 1 1023 1
36 OnTime_36 56 2 1023 1
36 OnTime_36 58 1 999 1
36 OnTime_36 58 2 999 1
36 OnTime_36 60 1 906 1
36 OnTime_36 60 2 1208 1
36 OnTime_36 62 1 894 1
36 OnTime_36 63 1 1069 1
36 OnTime_36 63 2 1069 1
36 OnTime_36 66 1 8 1
36 OnTime_36 67 1 894 1
36 OnTime_36 69 1 450 1
36 OnTime_36 70 1 1069 1
36 OnTime_36 72 1 906 1
36 OnTime_36 72 2 906 1
36 OnTime_36 78 1 1364 1
36 OnTime_36 78 2 1364 1
36 OnTime_36 82 1 505 1
36 OnTime_36 82 2 510 1
36 OnTime_36 83 2 938 1
36 OnTime_36 83 1 942 1
36 OnTime_36 85 1 452 1
36 OnTime_36 86 1 1181 1
36 OnTime_36 95 1 966 1
36 OnTime_36 98 2 942 1
36 OnTime_36 100 1 648 1
36 OnTime_36 100 1 736 1
36 OnTime_36 100 2 736 1
37 OnTime_37 1 1 913 1
37 OnTime_37 2 1 598 1
37 OnTime_37 6 1 1210 1
37 OnTime_37 8 2 1083 1
37 OnTime_37 8 1 1183 1
37 OnTime_37 10 1 1174 1
37 OnTime_37 13 2 509 1
37 OnTime_37 13 1 1083 1
37 OnTime_37 20 2 990 1
37 OnTime_37 20 1 1095 1
37 OnTime_37 24 2 1095 1
37 OnTime_37 30 1 1083 1
37 OnTime_37 31 1 1008 1
37 OnTime_37 35 1 375 1
37 OnTime_37 35 2 546 1
37 OnTime_37 36 1 873 1
37 OnTime_37 37 1 990 1
37 OnTime_37 39 1 1011 1
37 OnTime_37 39 2 1128 1
37 OnTime_37 44 1 990 1
37 OnTime_37 44 2 990 1
37 OnTime_37 47 1 1030 1
37 OnTime_37 49 1 744 1
37 OnTime_37 52 1 1009 1
37 OnTime_37 52 2 1009 1
37 OnTime_37 56 1 592 1
37 OnTime_37 56 2 665 1
37 OnTime_37 58 1 509 1
37 OnTime_37 58 2 592 1
37 OnTime_37 60 1 1100 1
37 OnTime_37 60 2 1100 1
37 OnTime_37 62 1 604 1
37 OnTime_37 63 1 865 1
37 OnTime_37 63 2 865 1
37 OnTime_37 66 1 1275 1
37 OnTime_37 67 1 1183 1
37 OnTime_37 69 1 1095 1
37 OnTime_37 70 1 375 1
37 OnTime_37 72 2 95 1
37 OnTime_37 72 1 598 1
37 OnTime_37 78 1 865 1
37 OnTime_37 78 2 865 1
37 OnTime_37 82 2 834 1
37 OnTime_37 82 1 1040 1
37 OnTime_37 83 1 1022 1
37 OnTime_37 85 1 1076 1
37 OnTime_37 86 1 546 1
37 OnTime_37 95 1 664 1
37 OnTime_37 98 2 1168 1
37 OnTime_37 100 1 459 1
37 OnTime_37 100 2 459 1
37 OnTime_37 100 2 962 1
37 OnTime_37 100 1 1275 1
38 OnTime_38 1 1 374 1
38 OnTime_38 2 1 501 1
38 OnTime_38 6 1 1146 1
38 OnTime_38 10 1 1085 1
38 OnTime_38 13 1 996 1
38 OnTime_38 13 2 996 1
38 OnTime_38 20 1 455 1
38 OnTime_38 20 2 455 1
38 OnTime_38 24 2 1099 1
38 OnTime_38 28 2 748 1
38 OnTime_38 30 1 951 1
38 OnTime_38 31 1 1342 1
38 OnTime_38 35 1 496 1
38 OnTime_38 35 2 496 1
38 OnTime_38 36 1 873 1
38 OnTime_38 37 1 374 1
38 OnTime_38 39 1 1085 1
38 OnTime_38 39 2 1085 1
38 OnTime_38 49 1 505 1
38 OnTime_38 52 1 670 1
38 OnTime_38 52 2 670 1
38 OnTime_38 56 1 621 1
38 OnTime_38 56 2 621 1
38 OnTime_38 58 2 748 1
38 OnTime_38 58 1 989 1
38 OnTime_38 60 1 10 1
38 OnTime_38 60 2 433 1
38 OnTime_38 62 1 886 1
38 OnTime_38 63 1 399 1
38 OnTime_38 63 2 1181 1
38 OnTime_38 66 1 511 1
38 OnTime_38 67 1 1120 1
38 OnTime_38 69 1 1268 1
38 OnTime_38 70 1 496 1
38 OnTime_38 72 1 637 1
38 OnTime_38 72 2 637 1
38 OnTime_38 78 1 1115 1
38 OnTime_38 78 2 1115 1
38 OnTime_38 82 2 505 1
38 OnTime_38 82 1 894 1
38 OnTime_38 83 1 894 1
38 OnTime_38 83 2 894 1
38 OnTime_38 85 1 1181 1
38 OnTime_38 86 1 637 1
38 OnTime_38 95 1 748 1
38 OnTime_38 98 2 520 1
38 OnTime_38 100 1 905 1
39 OnTime_39 1 1 640 1
39 OnTime_39 2 1 925 1
39 OnTime_39 6 1 593 1
39 OnTime_39 8 1 1041 1
39 OnTime_39 8 2 1041 1
39 OnTime_39 10 1 493 1
39 OnTime_39 13 1 996 1
39 OnTime_39 13 2 996 1
39 OnTime_39 20 2 521 1
39 OnTime_39 20 1 990 1
39 OnTime_39 24 2 925 1
39 OnTime_39 28 2 128 1
39 OnTime_39 30 1 500 1
39 OnTime_39 31 1 532 1
39 OnTime_39 35 1 1057 1
39 OnTime_39 35 2 1057 1
39 OnTime_39 36 1 707 1
39 OnTime_39 37 1 872 1
39 OnTime_39 39 2 532 1
39 OnTime_39 39 1 1057 1
39 OnTime_39 44 1 990 1
39 OnTime_39 44 2 990 1
39 OnTime_39 47 1 529 1
39 OnTime_39 49 1 925 1
39 OnTime_39 52 1 536 1
39 OnTime_39 52 2 536 1
39 OnTime_39 56 1 891 1
39 OnTime_39 56 2 914 1
39 OnTime_39 58 2 707 1
39 OnTime_39 58 1 1113 1
39 OnTime_39 60 1 528 1
39 OnTime_39 60 2 1057 1
39 OnTime_39 62 1 1133 1
39 OnTime_39 63 1 1181 1
39 OnTime_39 63 2 1181 1
39 OnTime_39 66 1 474 1
39 OnTime_39 67 1 593 1
39 OnTime_39 69 1 532 1
39 OnTime_39 70 1 521 1
39 OnTime_39 72 1 637 1
39 OnTime_39 72 2 996 1
39 OnTime_39 78 2 545 1
39 OnTime_39 78 1 1175 1
39 OnTime_39 82 1 474 1
39 OnTime_39 82 2 474 1
39 OnTime_39 83 1 536 1
39 OnTime_39 83 2 536 1
39 OnTime_39 85 1 545 1
39 OnTime_39 86 1 1181 1
39 OnTime_39 95 1 412 1
39 OnTime_39 98 2 147 1
39 OnTime_39 100 1 528 1
39 OnTime_39 100 2 528 1
39 OnTime_39 100 1 1041 1
39 OnTime_39 100 2 1175 1
40 OnTime_40 1 1 874 1
40 OnTime_40 2 1 677 1
40 OnTime_40 6 1 677 1
40 OnTime_40 8 1 479 1
40 OnTime_40 8 2 479 1
40 OnTime_40 10 1 1123 1
40 OnTime_40 13 1 972 1
40 OnTime_40 13 2 972 1
40 OnTime_40 20 1 521 1
40 OnTime_40 20 2 1013 1
40 OnTime_40 24 2 1170 1
40 OnTime_40 28 2 635 1
40 OnTime_40 30 1 432 1
40 OnTime_40 31 1 824 1
40 OnTime_40 35 1 594 1
40 OnTime_40 35 2 1056 1
40 OnTime_40 36 1 499 1
40 OnTime_40 37 1 1194 1
40 OnTime_40 39 2 991 1
40 OnTime_40 39 1 1471 1
40 OnTime_40 44 1 506 1
40 OnTime_40 44 2 642 1
40 OnTime_40 47 1 479 1
40 OnTime_40 49 1 603 1
40 OnTime_40 52 2 1123 1
40 OnTime_40 52 1 1129 1
40 OnTime_40 56 1 1157 1
40 OnTime_40 56 2 1157 1
40 OnTime_40 58 1 635 1
40 OnTime_40 58 2 989 1
40 OnTime_40 60 1 635 1
40 OnTime_40 60 2 1259 1
40 OnTime_40 62 1 719 1
40 OnTime_40 63 1 1129 1
40 OnTime_40 63 2 1129 1
40 OnTime_40 66 1 461 1
40 OnTime_40 67 1 972 1
40 OnTime_40 69 1 899 1
40 OnTime_40 70 1 521 1
40 OnTime_40 72 1 874 1
40 OnTime_40 72 2 874 1
40 OnTime_40 78 1 527 1
40 OnTime_40 78 2 1001 1
40 OnTime_40 82 1 1157 1
40 OnTime_40 83 1 348 1
40 OnTime_40 83 2 348 1
40 OnTime_40 85 1 1169 1
40 OnTime_40 95 1 1027 1
40 OnTime_40 98 2 594 1
40 OnTime_40 100 1 393 1
40 OnTime_40 100 2 719 1
40 OnTime_40 100 1 1170 1
40 OnTime_40 100 2 1170 1
41 OnTime_41 1 1 1165 1
41 OnTime_41 2 1 966 1
41 OnTime_41 6 1 1192 1
41 OnTime_41 8 2 508 1
41 OnTime_41 8 1 1114 1
41 OnTime_41 10 1 531 1
41 OnTime_41 13 2 506 1
41 OnTime_41 13 1 1185 1
41 OnTime_41 20 2 508 1
41 OnTime_41 20 1 889 1
41 OnTime_41 24 2 1094 1
41 OnTime_41 28 2 632 1
41 OnTime_41 30 1 885 1
41 OnTime_41 31 1 957 1
41 OnTime_41 35 1 875 1
41 OnTime_41 35 2 922 1
41 OnTime_41 36 1 690 1
41 OnTime_41 39 2 991 1
41 OnTime_41 39 1 1008 1
41 OnTime_41 44 1 355 1
41 OnTime_41 44 2 355 1
41 OnTime_41 47 1 632 1
41 OnTime_41 49 1 486 1
41 OnTime_41 52 1 504 1
41 OnTime_41 52 2 670 1
41 OnTime_41 56 1 1185 1
41 OnTime_41 56 2 1185 1
41 OnTime_41 58 1 952 1
41 OnTime_41 60 1 906 1
41 OnTime_41 60 2 979 1
41 OnTime_41 62 1 614 1
41 OnTime_41 63 1 694 1
41 OnTime_41 63 2 694 1
41 OnTime_41 66 1 1037 1
41 OnTime_41 67 1 355 1
41 OnTime_41 69 1 1130 1
41 OnTime_41 70 1 1069 1
41 OnTime_41 72 1 1021 1
41 OnTime_41 72 2 1192 1
41 OnTime_41 78 1 1021 1
41 OnTime_41 78 2 1021 1
41 OnTime_41 82 1 670 1
41 OnTime_41 82 2 1037 1
41 OnTime_41 83 1 531 1
41 OnTime_41 83 2 531 1
41 OnTime_41 86 1 390 1
41 OnTime_41 95 1 966 1
41 OnTime_41 98 2 875 1
42 OnTime_42 1 1 1023 1
42 OnTime_42 2 1 915 1
42 OnTime_42 6 1 862 1
42 OnTime_42 8 1 895 1
42 OnTime_42 8 2 895 1
42 OnTime_42 10 1 1123 1
42 OnTime_42 13 1 895 1
42 OnTime_42 13 2 990 1
42 OnTime_42 20 2 618 1
42 OnTime_42 20 1 862 1
42 OnTime_42 24 2 1111 1
42 OnTime_42 28 2 1142 1
42 OnTime_42 30 1 352 1
42 OnTime_42 31 1 915 1
42 OnTime_42 35 2 352 1
42 OnTime_42 35 1 1172 1
42 OnTime_42 36 1 1088 1
42 OnTime_42 37 1 990 1
42 OnTime_42 39 2 503 1
42 OnTime_42 39 1 1085 1
42 OnTime_42 44 1 990 1
42 OnTime_42 44 2 990 1
42 OnTime_42 47 1 866 1
42 OnTime_42 49 1 486 1
42 OnTime_42 52 2 1091 1
42 OnTime_42 52 1 1123 1
42 OnTime_42 56 1 1111 1
42 OnTime_42 56 2 1185 1
42 OnTime_42 58 1 618 1
42 OnTime_42 58 2 989 1
42 OnTime_42 60 1 1188 1
42 OnTime_42 60 2 1188 1
42 OnTime_42 62 1 618 1
42 OnTime_42 63 1 1023 1
42 OnTime_42 63 2 1023 1
42 OnTime_42 66 1 1088 1
42 OnTime_42 69 1 660 1
42 OnTime_42 70 1 1189 1
42 OnTime_42 72 1 1192 1
42 OnTime_42 72 2 1192 1
42 OnTime_42 78 1 1372 1
42 OnTime_42 78 2 1372 1
42 OnTime_42 82 1 1085 1
42 OnTime_42 82 2 1085 1
42 OnTime_42 83 1 517 1
42 OnTime_42 83 2 523 1
42 OnTime_42 85 1 1111 1
42 OnTime_42 86 1 1188 1
42 OnTime_42 95 1 543 1
42 OnTime_42 98 2 1088 1
42 OnTime_42 100 1 514 1
42 OnTime_42 100 1 731 1
42 OnTime_42 100 2 731 1
42 OnTime_42 100 2 1088 1
43 OnTime_43 1 1 498 1
43 OnTime_43 2 1 598 1
43 OnTime_43 8 2 495 1
43 OnTime_43 8 1 993 1
43 OnTime_43 10 1 1123 1
43 OnTime_43 13 1 535 1
43 OnTime_43 13 2 535 1
43 OnTime_43 20 1 364 1
43 OnTime_43 20 2 472 1
43 OnTime_43 24 2 902 1
43 OnTime_43 28 2 86 1
43 OnTime_43 30 1 963 1
43 OnTime_43 31 1 669 1
43 OnTime_43 35 1 1008 1
43 OnTime_43 36 1 495 1
43 OnTime_43 37 1 472 1
43 OnTime_43 39 1 86 1
43 OnTime_43 39 2 86 1
43 OnTime_43 44 1 542 1
43 OnTime_43 44 2 542 1
43 OnTime_43 47 1 669 1
43 OnTime_43 49 1 505 1
43 OnTime_43 52 1 662 1
43 OnTime_43 52 2 993 1
43 OnTime_43 56 1 1157 1
43 OnTime_43 56 2 1157 1
43 OnTime_43 58 1 488 1
43 OnTime_43 58 2 488 1
43 OnTime_43 62 1 476 1
43 OnTime_43 66 1 662 1
43 OnTime_43 67 1 1126 1
43 OnTime_43 69 1 488 1
43 OnTime_43 70 1 535 1
43 OnTime_43 72 1 598 1
43 OnTime_43 72 2 598 1
43 OnTime_43 78 1 856 1
43 OnTime_43 78 2 856 1
43 OnTime_43 82 1 505 1
43 OnTime_43 82 2 505 1
43 OnTime_43 83 1 517 1
43 OnTime_43 83 2 517 1
43 OnTime_43 85 1 1169 1
43 OnTime_43 95 1 856 1
43 OnTime_43 98 2 669 1
43 OnTime_43 100 1 476 1
43 OnTime_43 100 2 476 1
43 OnTime_43 100 1 963 1
43 OnTime_43 100 2 963 1
44 OnTime_44 1 1 515 1
44 OnTime_44 6 1 1107 1
44 OnTime_44 8 1 163 1
44 OnTime_44 8 2 655 1
44 OnTime_44 10 1 977 1
44 OnTime_44 13 1 668 1
44 OnTime_44 13 2 668 1
44 OnTime_44 20 1 539 1
44 OnTime_44 24 2 1094 1
44 OnTime_44 30 1 951 1
44 OnTime_44 31 1 652 1
44 OnTime_44 35 1 893 1
44 OnTime_44 35 2 893 1
44 OnTime_44 37 1 655 1
44 OnTime_44 44 2 624 1
44 OnTime_44 44 1 990 1
44 OnTime_44 47 1 893 1
44 OnTime_44 49 1 988 1
44 OnTime_44 56 1 163 1
44 OnTime_44 56 2 163 1
44 OnTime_44 58 1 624 1
44 OnTime_44 58 2 988 1
44 OnTime_44 60 1 1340 1
44 OnTime_44 60 2 1340 1
44 OnTime_44 62 1 983 1
44 OnTime_44 63 1 934 1
44 OnTime_44 63 2 1181 1
44 OnTime_44 66 1 624 1
44 OnTime_44 69 1 615 1
44 OnTime_44 70 1 983 1
44 OnTime_44 72 1 880 1
44 OnTime_44 72 2 1181 1
44 OnTime_44 78 2 516 1
44 OnTime_44 78 1 988 1
44 OnTime_44 85 1 1181 1
44 OnTime_44 86 1 1181 1
44 OnTime_44 95 1 668 1
44 OnTime_44 100 1 652 1
44 OnTime_44 100 2 652 1
44 OnTime_44 100 1 869 1
44 OnTime_44 100 2 869 1
45 OnTime_45 1 1 993 1
45 OnTime_45 2 1 94 1
45 OnTime_45 6 1 1192 1
45 OnTime_45 8 2 482 1
45 OnTime_45 8 1 993 1
45 OnTime_45 10 1 707 1
45 OnTime_45 13 1 403 1
45 OnTime_45 13 2 403 1
45 OnTime_45 20 1 403 1
45 OnTime_45 20 2 578 1
45 OnTime_45 24 2 12 1
45 OnTime_45 28 2 1376 1
45 OnTime_45 30 1 928 1
45 OnTime_45 36 1 707 1
45 OnTime_45 37 1 857 1
45 OnTime_45 39 2 155 1
45 OnTime_45 39 1 533 1
45 OnTime_45 44 1 77 1
45 OnTime_45 44 2 77 1
45 OnTime_45 47 1 12 1
45 OnTime_45 49 1 976 1
45 OnTime_45 52 1 77 1
45 OnTime_45 52 2 77 1
45 OnTime_45 56 1 477 1
45 OnTime_45 58 1 533 1
45 OnTime_45 58 2 533 1
45 OnTime_45 60 1 75 1
45 OnTime_45 60 2 75 1
45 OnTime_45 62 1 870 1
45 OnTime_45 63 1 985 1
45 OnTime_45 67 1 421 1
45 OnTime_45 69 1 523 1
45 OnTime_45 70 1 906 1
45 OnTime_45 72 1 1192 1
45 OnTime_45 72 2 1192 1
45 OnTime_45 78 1 976 1
45 OnTime_45 78 2 976 1
45 OnTime_45 82 1 510 1
45 OnTime_45 82 2 510 1
45 OnTime_45 83 2 421 1
45 OnTime_45 83 1 510 1
45 OnTime_45 85 1 958 1
45 OnTime_45 86 1 1007 1
45 OnTime_45 95 1 966 1
45 OnTime_45 98 2 70 1
45 OnTime_45 100 1 369 1
45 OnTime_45 100 2 369 1
45 OnTime_45 100 1 514 1
46 OnTime_46 1 1 874 1
46 OnTime_46 2 1 1383 1
46 OnTime_46 6 1 1084 1
46 OnTime_46 8 2 508 1
46 OnTime_46 8 1 993 1
46 OnTime_46 10 1 512 1
46 OnTime_46 13 2 972 1
46 OnTime_46 13 1 980 1
46 OnTime_46 20 1 508 1
46 OnTime_46 20 2 605 1
46 OnTime_46 24 2 1185 1
46 OnTime_46 28 2 499 1
46 OnTime_46 30 1 499 1
46 OnTime_46 31 1 1038 1
46 OnTime_46 35 1 88 1
46 OnTime_46 35 2 88 1
46 OnTime_46 36 1 499 1
46 OnTime_46 37 1 467 1
46 OnTime_46 39 1 743 1
46 OnTime_46 39 2 1128 1
46 OnTime_46 44 1 411 1
46 OnTime_46 44 2 411 1
46 OnTime_46 47 1 976 1
46 OnTime_46 49 1 744 1
46 OnTime_46 52 2 536 1
46 OnTime_46 52 1 537 1
46 OnTime_46 56 2 537 1
46 OnTime_46 56 1 1185 1
46 OnTime_46 58 1 509 1
46 OnTime_46 58 2 509 1
46 OnTime_46 60 1 1100 1
46 OnTime_46 60 2 1100 1
46 OnTime_46 62 1 886 1
46 OnTime_46 63 1 512 1
46 OnTime_46 63 2 512 1
46 OnTime_46 66 1 624 1
46 OnTime_46 67 1 972 1
46 OnTime_46 69 1 708 1
46 OnTime_46 70 1 508 1
46 OnTime_46 72 1 415 1
46 OnTime_46 72 2 976 1
46 OnTime_46 78 2 914 1
46 OnTime_46 78 1 1001 1
46 OnTime_46 82 2 620 1
46 OnTime_46 82 1 708 1
46 OnTime_46 83 1 536 1
46 OnTime_46 83 2 536 1
46 OnTime_46 85 1 93 1
46 OnTime_46 86 1 1045 1
46 OnTime_46 95 1 886 1
46 OnTime_46 98 2 1168 1
46 OnTime_46 100 1 914 1
46 OnTime_46 100 2 914 1
46 OnTime_46 100 1 1182 1
46 OnTime_46 100 2 1182 1
47 OnTime_47 1 1 1149 1
47 OnTime_47 2 1 1220 1
47 OnTime_47 6 1 596 1
47 OnTime_47 8 1 1201 1
47 OnTime_47 8 2 1201 1
47 OnTime_47 10 1 438 1
47 OnTime_47 13 2 148 1
47 OnTime_47 13 1 532 1
47 OnTime_47 20 1 742 1
47 OnTime_47 20 2 742 1
47 OnTime_47 24 2 925 1
47 OnTime_47 28 2 699 1
47 OnTime_47 30 1 925 1
47 OnTime_47 31 1 1280 1
47 OnTime_47 35 1 922 1
47 OnTime_47 35 2 922 1
47 OnTime_47 36 1 505 1
47 OnTime_47 37 1 725 1
47 OnTime_47 39 1 532 1
47 OnTime_47 39 2 532 1
47 OnTime_47 44 1 8 1
47 OnTime_47 44 2 8 1
47 OnTime_47 47 1 1049 1
47 OnTime_47 49 1 505 1
47 OnTime_47 52 1 1198 1
47 OnTime_47 52 2 1280 1
47 OnTime_47 56 1 8 1
47 OnTime_47 56 2 1003 1
47 OnTime_47 58 1 1115 1
47 OnTime_47 58 2 1115 1
47 OnTime_47 60 1 684 1
47 OnTime_47 60 2 684 1
47 OnTime_47 62 1 558 1
47 OnTime_47 63 1 400 1
47 OnTime_47 63 2 601 1
47 OnTime_47 66 1 949 1
47 OnTime_47 67 1 601 1
47 OnTime_47 69 1 925 1
47 OnTime_47 70 1 596 1
47 OnTime_47 72 1 1145 1
47 OnTime_47 72 2 1145 1
47 OnTime_47 78 2 914 1
47 OnTime_47 78 1 955 1
47 OnTime_47 82 2 505 1
47 OnTime_47 82 1 1115 1
47 OnTime_47 83 1 510 1
47 OnTime_47 83 2 510 1
47 OnTime_47 85 1 627 1
47 OnTime_47 86 1 1356 1
47 OnTime_47 95 1 148 1
47 OnTime_47 98 2 1013 1
47 OnTime_47 100 2 616 1
47 OnTime_47 100 1 955 1
47 OnTime_47 100 1 1170 1
47 OnTime_47 100 2 1170 1
48 OnTime_48 1 1 1154 1
48 OnTime_48 2 1 809 1
48 OnTime_48 6 1 1189 1
48 OnTime_48 8 2 508 1
48 OnTime_48 8 1 1131 1
48 OnTime_48 10 1 1150 1
48 OnTime_48 13 1 652 1
48 OnTime_48 13 2 652 1
48 OnTime_48 20 1 508 1
48 OnTime_48 20 2 508 1
48 OnTime_48 24 2 505 1
48 OnTime_48 28 2 1108 1
48 OnTime_48 30 1 706 1
48 OnTime_48 31 1 652 1
48 OnTime_48 35 1 11 1
48 OnTime_48 35 2 605 1
48 OnTime_48 36 1 505 1
48 OnTime_48 37 1 617 1
48 OnTime_48 39 1 629 1
48 OnTime_48 44 1 558 1
48 OnTime_48 44 2 558 1
48 OnTime_48 47 1 959 1
48 OnTime_48 49 1 505 1
48 OnTime_48 52 1 441 1
48 OnTime_48 52 2 1179 1
48 OnTime_48 56 1 385 1
48 OnTime_48 56 2 400 1
48 OnTime_48 58 2 443 1
48 OnTime_48 58 1 970 1
48 OnTime_48 60 1 382 1
48 OnTime_48 60 2 850 1
48 OnTime_48 62 1 558 1
48 OnTime_48 63 1 385 1
48 OnTime_48 63 2 400 1
48 OnTime_48 66 1 624 1
48 OnTime_48 67 1 400 1
48 OnTime_48 70 1 1189 1
48 OnTime_48 72 1 692 1
48 OnTime_48 72 2 692 1
48 OnTime_48 78 1 372 1
48 OnTime_48 82 1 1131 1
48 OnTime_48 82 2 1131 1
48 OnTime_48 83 1 507 1
48 OnTime_48 83 2 507 1
48 OnTime_48 85 1 1195 1
48 OnTime_48 86 1 850 1
48 OnTime_48 95 1 526 1
48 OnTime_48 98 2 706 1
48 OnTime_48 100 1 11 1
48 OnTime_48 100 2 11 1
48 OnTime_48 100 1 441 1
48 OnTime_48 100 2 441 1
49 OnTime_49 1 1 1184 1
49 OnTime_49 2 1 1076 1
49 OnTime_49 6 1 1101 1
49 OnTime_49 8 2 828 1
49 OnTime_49 8 1 1114 1
49 OnTime_49 10 1 713 1
49 OnTime_49 13 2 633 1
49 OnTime_49 13 1 905 1
49 OnTime_49 20 2 594 1
49 OnTime_49 20 1 657 1
49 OnTime_49 24 2 419 1
49 OnTime_49 28 2 699 1
49 OnTime_49 30 1 1212 1
49 OnTime_49 31 1 1008 1
49 OnTime_49 35 1 594 1
49 OnTime_49 35 2 1008 1
49 OnTime_49 36 1 419 1
49 OnTime_49 37 1 490 1
49 OnTime_49 39 1 490 1
49 OnTime_49 39 2 490 1
49 OnTime_49 44 1 411 1
49 OnTime_49 44 2 411 1
49 OnTime_49 47 1 633 1
49 OnTime_49 52 1 625 1
49 OnTime_49 52 2 625 1
49 OnTime_49 56 2 681 1
49 OnTime_49 56 1 1163 1
49 OnTime_49 58 1 989 1
49 OnTime_49 58 2 989 1
49 OnTime_49 60 1 906 1
49 OnTime_49 60 2 906 1
49 OnTime_49 62 1 699 1
49 OnTime_49 63 1 385 1
49 OnTime_49 63 2 385 1
49 OnTime_49 66 1 7 1
49 OnTime_49 67 1 393 1
49 OnTime_49 69 1 660 1
49 OnTime_49 70 1 906 1
49 OnTime_49 72 2 657 1
49 OnTime_49 72 1 692 1
49 OnTime_49 78 1 1001 1
49 OnTime_49 78 2 1001 1
49 OnTime_49 82 1 660 1
49 OnTime_49 82 2 660 1
49 OnTime_49 83 1 927 1
49 OnTime_49 83 2 1017 1
49 OnTime_49 85 1 1169 1
49 OnTime_49 86 1 1009 1
49 OnTime_49 95 1 70 1
49 OnTime_49 98 2 70 1
49 OnTime_49 100 2 616 1
49 OnTime_49 100 1 752 1
49 OnTime_49 100 1 905 1
49 OnTime_49 100 2 905 1
50 OnTime_50 1 1 374 1
50 OnTime_50 2 1 598 1
50 OnTime_50 6 1 1210 1
50 OnTime_50 8 1 746 1
50 OnTime_50 8 2 1106 1
50 OnTime_50 10 1 712 1
50 OnTime_50 13 1 1042 1
50 OnTime_50 13 2 1042 1
50 OnTime_50 20 1 712 1
50 OnTime_50 20 2 712 1
50 OnTime_50 24 2 96 1
50 OnTime_50 28 2 1113 1
50 OnTime_50 30 1 881 1
50 OnTime_50 31 1 882 1
50 OnTime_50 35 1 1057 1
50 OnTime_50 35 2 1057 1
50 OnTime_50 36 1 905 1
50 OnTime_50 37 1 96 1
50 OnTime_50 39 1 1106 1
50 OnTime_50 39 2 1106 1
50 OnTime_50 44 1 542 1
50 OnTime_50 44 2 586 1
50 OnTime_50 47 1 884 1
50 OnTime_50 52 2 662 1
50 OnTime_50 52 1 890 1
50 OnTime_50 56 1 529 1
50 OnTime_50 56 2 599 1
50 OnTime_50 58 2 707 1
50 OnTime_50 58 1 1113 1
50 OnTime_50 60 1 719 1
50 OnTime_50 60 2 719 1
50 OnTime_50 62 1 719 1
50 OnTime_50 63 1 883 1
50 OnTime_50 63 2 1069 1
50 OnTime_50 66 1 691 1
50 OnTime_50 67 1 881 1
50 OnTime_50 69 1 1057 1
50 OnTime_50 70 1 923 1
50 OnTime_50 72 1 949 1
50 OnTime_50 72 2 949 1
50 OnTime_50 78 2 691 1
50 OnTime_50 78 1 830 1
50 OnTime_50 82 1 883 1
50 OnTime_50 82 2 883 1
50 OnTime_50 83 1 396 1
50 OnTime_50 83 2 421 1
50 OnTime_50 85 1 646 1
50 OnTime_50 86 1 746 1
50 OnTime_50 95 1 966 1
50 OnTime_50 98 2 1057 1
50 OnTime_50 100 1 528 1
50 OnTime_50 100 2 719 1
50 OnTime_50 100 1 905 1
50 OnTime_50 100 2 905 1
