1 OnTime_1 3 2 409 1
1 OnTime_1 11 1 486 1
1 OnTime_1 13 2 616 1
1 OnTime_1 15 1 716 1
1 OnTime_1 16 1 595 1
1 OnTime_1 16 2 595 1
1 OnTime_1 31 1 372 1
1 OnTime_1 33 1 485 1
1 OnTime_1 36 2 324 1
1 OnTime_1 37 1 398 1
1 OnTime_1 43 1 447 1
1 OnTime_1 43 2 447 1
1 OnTime_1 46 1 601 1
1 OnTime_1 49 1 507 1
1 OnTime_1 50 1 510 1
2 OnTime_2 3 2 499 1
2 OnTime_2 11 1 475 1
2 OnTime_2 13 2 96 1
2 OnTime_2 15 1 644 1
2 OnTime_2 16 1 461 1
2 OnTime_2 16 2 552 1
2 OnTime_2 31 1 534 1
2 OnTime_2 33 1 417 1
2 OnTime_2 36 2 475 1
2 OnTime_2 37 1 386 1
2 OnTime_2 43 1 396 1
2 OnTime_2 43 2 396 1
2 OnTime_2 46 1 521 1
2 OnTime_2 49 1 388 1
2 OnTime_2 50 1 469 1
2 OnTime_2 50 2 491 1
3 OnTime_3 3 2 368 1
3 OnTime_3 13 2 555 1
3 OnTime_3 15 1 463 1
3 OnTime_3 16 1 348 1
3 OnTime_3 31 1 442 1
3 OnTime_3 33 1 293 1
3 OnTime_3 36 2 464 1
3 OnTime_3 37 1 380 1
3 OnTime_3 43 1 372 1
3 OnTime_3 43 2 549 1
3 OnTime_3 46 1 327 1
3 OnTime_3 49 1 338 1
3 OnTime_3 50 1 491 1
3 OnTime_3 50 2 491 1
4 OnTime_4 3 2 401 1
4 OnTime_4 11 1 488 1
4 OnTime_4 13 2 399 1
4 OnTime_4 15 1 416 1
4 OnTime_4 16 1 296 1
4 OnTime_4 16 2 296 1
4 OnTime_4 31 1 37 1
4 OnTime_4 33 1 498 1
4 OnTime_4 36 2 301 1
4 OnTime_4 37 1 329 1
4 OnTime_4 43 1 40 1
4 OnTime_4 43 2 230 1
4 OnTime_4 46 1 62 1
4 OnTime_4 49 1 384 1
4 OnTime_4 50 1 406 1
4 OnTime_4 50 2 406 1
5 OnTime_5 3 2 382 1
5 OnTime_5 11 1 541 1
5 OnTime_5 13 2 96 1
5 OnTime_5 15 1 484 1
5 OnTime_5 16 2 393 1
5 OnTime_5 16 1 452 1
5 OnTime_5 31 1 740 1
5 OnTime_5 33 1 372 1
5 OnTime_5 36 2 404 1
5 OnTime_5 37 1 488 1
5 OnTime_5 43 2 499 1
5 OnTime_5 43 1 539 1
5 OnTime_5 46 1 337 1
5 OnTime_5 49 1 384 1
5 OnTime_5 50 1 336 1
5 OnTime_5 50 2 488 1
6 OnTime_6 3 2 409 1
6 OnTime_6 11 1 397 1
6 OnTime_6 13 2 397 1
6 OnTime_6 16 1 309 1
6 OnTime_6 16 2 309 1
6 OnTime_6 31 1 488 1
6 OnTime_6 33 1 439 1
6 OnTime_6 37 1 398 1
6 OnTime_6 46 1 156 1
6 OnTime_6 49 1 535 1
6 OnTime_6 50 2 158 1
6 OnTime_6 50 1 469 1
7 OnTime_7 3 2 574 1
7 OnTime_7 11 1 258 1
7 OnTime_7 13 2 407 1
7 OnTime_7 15 1 479 1
7 OnTime_7 16 1 321 1
7 OnTime_7 16 2 321 1
7 OnTime_7 31 1 323 1
7 OnTime_7 33 1 574 1
7 OnTime_7 36 2 401 1
7 OnTime_7 37 1 398 1
7 OnTime_7 43 1 425 1
7 OnTime_7 43 2 457 1
7 OnTime_7 46 1 362 1
7 OnTime_7 49 1 535 1
8 OnTime_8 11 1 92 1
8 OnTime_8 13 2 414 1
8 OnTime_8 15 1 288 1
8 OnTime_8 16 1 552 1
8 OnTime_8 16 2 552 1
8 OnTime_8 31 1 279 1
8 OnTime_8 33 1 439 1
8 OnTime_8 36 2 326 1
8 OnTime_8 37 1 697 1
8 OnTime_8 43 1 378 1
8 OnTime_8 43 2 378 1
8 OnTime_8 46 1 425 1
8 OnTime_8 49 1 360 1
8 OnTime_8 50 1 619 1
8 OnTime_8 50 2 619 1
9 OnTime_9 3 2 579 1
9 OnTime_9 11 1 429 1
9 OnTime_9 13 2 366 1
9 OnTime_9 15 1 484 1
9 OnTime_9 16 1 319 1
9 OnTime_9 16 2 429 1
9 OnTime_9 31 1 508 1
9 OnTime_9 33 1 196 1
9 OnTime_9 36 2 549 1
9 OnTime_9 37 1 355 1
9 OnTime_9 43 1 514 1
9 OnTime_9 43 2 514 1
9 OnTime_9 46 1 582 1
9 OnTime_9 49 1 392 1
9 OnTime_9 50 1 510 1
9 OnTime_9 50 2 510 1
10 OnTime_10 3 2 245 1
10 OnTime_10 11 1 37 1
10 OnTime_10 13 2 399 1
10 OnTime_10 15 1 332 1
10 OnTime_10 16 1 282 1
10 OnTime_10 16 2 282 1
10 OnTime_10 31 1 237 1
10 OnTime_10 33 1 245 1
10 OnTime_10 36 2 326 1
10 OnTime_10 37 1 368 1
10 OnTime_10 43 1 230 1
10 OnTime_10 43 2 230 1
10 OnTime_10 46 1 423 1
10 OnTime_10 49 1 356 1
10 OnTime_10 50 1 336 1
10 OnTime_10 50 2 336 1
11 OnTime_11 3 2 370 1
11 OnTime_11 11 1 429 1
11 OnTime_11 13 2 366 1
11 OnTime_11 15 1 400 1
11 OnTime_11 16 2 36 1
11 OnTime_11 16 1 321 1
11 OnTime_11 31 1 442 1
11 OnTime_11 33 1 269 1
11 OnTime_11 36 2 406 1
11 OnTime_11 43 1 280 1
11 OnTime_11 43 2 378 1
11 OnTime_11 46 1 582 1
11 OnTime_11 49 1 338 1
11 OnTime_11 50 1 510 1
11 OnTime_11 50 2 510 1
12 OnTime_12 3 2 368 1
12 OnTime_12 11 1 379 1
12 OnTime_12 13 2 458 1
12 OnTime_12 15 1 400 1
12 OnTime_12 16 1 268 1
12 OnTime_12 16 2 268 1
12 OnTime_12 31 1 37 1
12 OnTime_12 33 1 396 1
12 OnTime_12 36 2 40 1
12 OnTime_12 37 1 368 1
12 OnTime_12 43 1 40 1
12 OnTime_12 43 2 396 1
12 OnTime_12 46 1 521 1
12 OnTime_12 49 1 93 1
12 OnTime_12 50 1 488 1
12 OnTime_12 50 2 488 1
13 OnTime_13 3 2 316 1
13 OnTime_13 11 1 609 1
13 OnTime_13 13 2 407 1
13 OnTime_13 15 1 479 1
13 OnTime_13 16 1 57 1
13 OnTime_13 16 2 57 1
13 OnTime_13 31 1 393 1
13 OnTime_13 33 1 396 1
13 OnTime_13 36 2 404 1
13 OnTime_13 37 1 386 1
13 OnTime_13 43 1 267 1
13 OnTime_13 43 2 267 1
13 OnTime_13 46 1 327 1
14 OnTime_14 3 2 604 1
14 OnTime_14 11 1 379 1
14 OnTime_14 13 2 331 1
14 OnTime_14 15 1 262 1
14 OnTime_14 16 2 298 1
14 OnTime_14 16 1 321 1
14 OnTime_14 31 1 534 1
14 OnTime_14 33 1 485 1
14 OnTime_14 36 2 248 1
14 OnTime_14 37 1 248 1
14 OnTime_14 43 1 681 1
14 OnTime_14 43 2 681 1
14 OnTime_14 46 1 342 1
14 OnTime_14 49 1 338 1
14 OnTime_14 50 1 312 1
14 OnTime_14 50 2 312 1
15 OnTime_15 3 2 316 1
15 OnTime_15 11 1 495 1
15 OnTime_15 13 2 712 1
15 OnTime_15 15 1 576 1
15 OnTime_15 16 1 329 1
15 OnTime_15 16 2 329 1
15 OnTime_15 31 1 293 1
15 OnTime_15 33 1 498 1
15 OnTime_15 36 2 258 1
15 OnTime_15 37 1 487 1
15 OnTime_15 43 1 385 1
15 OnTime_15 43 2 385 1
15 OnTime_15 46 1 352 1
15 OnTime_15 49 1 473 1
15 OnTime_15 50 1 614 1
15 OnTime_15 50 2 614 1
16 OnTime_16 11 1 456 1
16 OnTime_16 13 2 627 1
16 OnTime_16 15 1 332 1
16 OnTime_16 16 1 395 1
16 OnTime_16 16 2 395 1
16 OnTime_16 31 1 186 1
16 OnTime_16 33 1 396 1
16 OnTime_16 36 2 475 1
16 OnTime_16 37 1 463 1
16 OnTime_16 43 1 486 1
16 OnTime_16 43 2 486 1
16 OnTime_16 46 1 480 1
16 OnTime_16 49 1 388 1
17 OnTime_17 3 2 316 1
17 OnTime_17 13 2 415 1
17 OnTime_17 15 1 369 1
17 OnTime_17 16 1 405 1
17 OnTime_17 31 1 323 1
17 OnTime_17 33 1 697 1
17 OnTime_17 36 2 404 1
17 OnTime_17 37 1 463 1
17 OnTime_17 43 2 378 1
17 OnTime_17 43 1 549 1
17 OnTime_17 46 1 433 1
17 OnTime_17 50 1 469 1
18 OnTime_18 3 2 401 1
18 OnTime_18 11 1 541 1
18 OnTime_18 13 2 334 1
18 OnTime_18 15 1 572 1
18 OnTime_18 16 1 268 1
18 OnTime_18 16 2 268 1
18 OnTime_18 31 1 508 1
18 OnTime_18 33 1 307 1
18 OnTime_18 36 2 290 1
18 OnTime_18 37 1 380 1
18 OnTime_18 43 1 250 1
18 OnTime_18 43 2 250 1
18 OnTime_18 46 1 362 1
18 OnTime_18 49 1 338 1
18 OnTime_18 50 1 491 1
18 OnTime_18 50 2 491 1
19 OnTime_19 3 2 599 1
19 OnTime_19 11 1 352 1
19 OnTime_19 13 2 366 1
19 OnTime_19 15 1 50 1
19 OnTime_19 16 1 309 1
19 OnTime_19 16 2 309 1
19 OnTime_19 31 1 389 1
19 OnTime_19 33 1 217 1
19 OnTime_19 36 2 303 1
19 OnTime_19 37 1 463 1
19 OnTime_19 43 1 303 1
19 OnTime_19 43 2 310 1
19 OnTime_19 46 1 582 1
19 OnTime_19 49 1 507 1
19 OnTime_19 50 1 336 1
19 OnTime_19 50 2 469 1
20 OnTime_20 3 2 245 1
20 OnTime_20 11 1 389 1
20 OnTime_20 13 2 397 1
20 OnTime_20 15 1 528 1
20 OnTime_20 16 1 282 1
20 OnTime_20 16 2 282 1
20 OnTime_20 31 1 247 1
20 OnTime_20 33 1 218 1
20 OnTime_20 37 1 418 1
20 OnTime_20 43 1 303 1
20 OnTime_20 43 2 303 1
20 OnTime_20 46 1 502 1
20 OnTime_20 49 1 235 1
20 OnTime_20 50 1 469 1
20 OnTime_20 50 2 469 1
21 OnTime_21 3 2 96 1
21 OnTime_21 11 1 445 1
21 OnTime_21 13 2 346 1
21 OnTime_21 15 1 484 1
21 OnTime_21 16 2 321 1
21 OnTime_21 16 1 393 1
21 OnTime_21 31 1 576 1
21 OnTime_21 33 1 529 1
21 OnTime_21 37 1 398 1
21 OnTime_21 43 1 378 1
21 OnTime_21 43 2 484 1
21 OnTime_21 46 1 521 1
21 OnTime_21 49 1 338 1
22 OnTime_22 3 2 231 1
22 OnTime_22 11 1 745 1
22 OnTime_22 13 2 346 1
22 OnTime_22 15 1 400 1
22 OnTime_22 16 1 296 1
22 OnTime_22 16 2 296 1
22 OnTime_22 31 1 32 1
22 OnTime_22 33 1 231 1
22 OnTime_22 36 2 394 1
22 OnTime_22 43 1 328 1
22 OnTime_22 43 2 455 1
22 OnTime_22 46 1 342 1
22 OnTime_22 49 1 388 1
23 OnTime_23 11 1 445 1
23 OnTime_23 13 2 331 1
23 OnTime_23 15 1 474 1
23 OnTime_23 16 1 443 1
23 OnTime_23 16 2 443 1
23 OnTime_23 31 1 372 1
23 OnTime_23 33 1 269 1
23 OnTime_23 36 2 475 1
23 OnTime_23 37 1 233 1
23 OnTime_23 43 2 233 1
23 OnTime_23 43 1 280 1
23 OnTime_23 46 1 352 1
23 OnTime_23 49 1 331 1
23 OnTime_23 50 1 469 1
23 OnTime_23 50 2 469 1
24 OnTime_24 3 2 382 1
24 OnTime_24 11 1 258 1
24 OnTime_24 13 2 350 1
24 OnTime_24 15 1 709 1
24 OnTime_24 16 1 309 1
24 OnTime_24 16 2 309 1
24 OnTime_24 31 1 670 1
24 OnTime_24 33 1 327 1
24 OnTime_24 36 2 258 1
24 OnTime_24 37 1 490 1
24 OnTime_24 43 1 328 1
24 OnTime_24 43 2 328 1
24 OnTime_24 46 1 423 1
24 OnTime_24 49 1 523 1
24 OnTime_24 50 1 295 1
24 OnTime_24 50 2 295 1
25 OnTime_25 3 2 599 1
25 OnTime_25 11 1 456 1
25 OnTime_25 13 2 109 1
25 OnTime_25 15 1 305 1
25 OnTime_25 16 1 393 1
25 OnTime_25 16 2 393 1
25 OnTime_25 31 1 273 1
25 OnTime_25 33 1 417 1
25 OnTime_25 36 2 344 1
25 OnTime_25 37 1 418 1
25 OnTime_25 43 1 539 1
25 OnTime_25 43 2 609 1
25 OnTime_25 46 1 480 1
25 OnTime_25 49 1 338 1
25 OnTime_25 50 1 406 1
25 OnTime_25 50 2 406 1
26 OnTime_26 3 2 409 1
26 OnTime_26 11 1 389 1
26 OnTime_26 13 2 292 1
26 OnTime_26 15 1 288 1
26 OnTime_26 16 1 405 1
26 OnTime_26 16 2 405 1
26 OnTime_26 31 1 273 1
26 OnTime_26 33 1 467 1
26 OnTime_26 36 2 394 1
26 OnTime_26 37 1 380 1
26 OnTime_26 43 1 280 1
26 OnTime_26 43 2 280 1
26 OnTime_26 46 1 480 1
26 OnTime_26 49 1 264 1
27 OnTime_27 3 2 499 1
27 OnTime_27 11 1 421 1
27 OnTime_27 13 2 540 1
27 OnTime_27 15 1 416 1
27 OnTime_27 16 1 319 1
27 OnTime_27 16 2 319 1
27 OnTime_27 31 1 247 1
27 OnTime_27 33 1 417 1
27 OnTime_27 36 2 475 1
27 OnTime_27 37 1 487 1
27 OnTime_27 43 2 310 1
27 OnTime_27 43 1 431 1
27 OnTime_27 46 1 342 1
27 OnTime_27 49 1 253 1
27 OnTime_27 50 1 733 1
27 OnTime_27 50 2 733 1
28 OnTime_28 3 2 370 1
28 OnTime_28 11 1 39 1
28 OnTime_28 15 1 474 1
28 OnTime_28 16 1 395 1
28 OnTime_28 16 2 395 1
28 OnTime_28 31 1 323 1
28 OnTime_28 33 1 307 1
28 OnTime_28 36 2 427 1
28 OnTime_28 37 1 187 1
28 OnTime_28 43 1 40 1
28 OnTime_28 43 2 40 1
28 OnTime_28 46 1 433 1
28 OnTime_28 49 1 360 1
29 OnTime_29 3 2 748 1
29 OnTime_29 11 1 495 1
29 OnTime_29 13 2 366 1
29 OnTime_29 15 1 400 1
29 OnTime_29 16 1 319 1
29 OnTime_29 16 2 319 1
29 OnTime_29 31 1 204 1
29 OnTime_29 33 1 472 1
29 OnTime_29 36 2 248 1
29 OnTime_29 37 1 380 1
29 OnTime_29 43 1 499 1
29 OnTime_29 43 2 499 1
29 OnTime_29 46 1 502 1
29 OnTime_29 50 1 488 1
30 OnTime_30 11 1 544 1
30 OnTime_30 13 2 397 1
30 OnTime_30 15 1 479 1
30 OnTime_30 16 1 319 1
30 OnTime_30 16 2 319 1
30 OnTime_30 31 1 581 1
30 OnTime_30 33 1 467 1
30 OnTime_30 36 2 326 1
30 OnTime_30 37 1 368 1
30 OnTime_30 43 1 431 1
30 OnTime_30 43 2 628 1
30 OnTime_30 46 1 327 1
30 OnTime_30 49 1 535 1
30 OnTime_30 50 1 491 1
30 OnTime_30 50 2 491 1
31 OnTime_31 3 2 548 1
31 OnTime_31 11 1 161 1
31 OnTime_31 13 2 346 1
31 OnTime_31 15 1 50 1
31 OnTime_31 16 1 296 1
31 OnTime_31 16 2 296 1
31 OnTime_31 31 1 445 1
31 OnTime_31 33 1 539 1
31 OnTime_31 36 2 401 1
31 OnTime_31 37 1 487 1
31 OnTime_31 43 1 250 1
31 OnTime_31 43 2 250 1
31 OnTime_31 46 1 518 1
31 OnTime_31 49 1 44 1
31 OnTime_31 50 1 406 1
31 OnTime_31 50 2 406 1
32 OnTime_32 3 2 409 1
32 OnTime_32 11 1 475 1
32 OnTime_32 15 1 448 1
32 OnTime_32 16 1 296 1
32 OnTime_32 31 1 279 1
32 OnTime_32 33 1 51 1
32 OnTime_32 36 2 475 1
32 OnTime_32 37 1 463 1
32 OnTime_32 43 1 484 1
32 OnTime_32 43 2 484 1
32 OnTime_32 46 1 518 1
32 OnTime_32 49 1 392 1
32 OnTime_32 50 1 336 1
32 OnTime_32 50 2 336 1
33 OnTime_33 3 2 401 1
33 OnTime_33 11 1 475 1
33 OnTime_33 15 1 479 1
33 OnTime_33 16 1 604 1
33 OnTime_33 16 2 604 1
33 OnTime_33 31 1 294 1
33 OnTime_33 33 1 554 1
33 OnTime_33 36 2 326 1
33 OnTime_33 37 1 672 1
33 OnTime_33 43 1 499 1
33 OnTime_33 43 2 645 1
33 OnTime_33 46 1 518 1
33 OnTime_33 49 1 264 1
33 OnTime_33 50 1 348 1
34 OnTime_34 3 2 409 1
34 OnTime_34 11 1 429 1
34 OnTime_34 13 2 297 1
34 OnTime_34 15 1 288 1
34 OnTime_34 16 1 390 1
34 OnTime_34 16 2 390 1
34 OnTime_34 31 1 247 1
34 OnTime_34 33 1 245 1
34 OnTime_34 36 2 482 1
34 OnTime_34 37 1 398 1
34 OnTime_34 43 1 596 1
34 OnTime_34 46 1 521 1
34 OnTime_34 49 1 473 1
34 OnTime_34 50 1 469 1
34 OnTime_34 50 2 469 1
35 OnTime_35 3 2 65 1
35 OnTime_35 11 1 495 1
35 OnTime_35 13 2 366 1
35 OnTime_35 15 1 305 1
35 OnTime_35 16 1 329 1
35 OnTime_35 16 2 329 1
35 OnTime_35 31 1 581 1
35 OnTime_35 33 1 485 1
35 OnTime_35 36 2 290 1
35 OnTime_35 37 1 575 1
35 OnTime_35 43 1 385 1
35 OnTime_35 43 2 385 1
35 OnTime_35 46 1 352 1
35 OnTime_35 49 1 360 1
35 OnTime_35 50 1 702 1
35 OnTime_35 50 2 702 1
36 OnTime_36 3 2 368 1
36 OnTime_36 11 1 92 1
36 OnTime_36 13 2 462 1
36 OnTime_36 15 1 484 1
36 OnTime_36 16 1 298 1
36 OnTime_36 16 2 298 1
36 OnTime_36 31 1 362 1
36 OnTime_36 33 1 462 1
36 OnTime_36 36 2 362 1
36 OnTime_36 37 1 380 1
36 OnTime_36 43 2 230 1
36 OnTime_36 43 1 396 1
36 OnTime_36 46 1 342 1
36 OnTime_36 49 1 384 1
36 OnTime_36 50 1 469 1
36 OnTime_36 50 2 469 1
37 OnTime_37 3 2 370 1
37 OnTime_37 11 1 92 1
37 OnTime_37 13 2 366 1
37 OnTime_37 15 1 579 1
37 OnTime_37 16 1 268 1
37 OnTime_37 16 2 268 1
37 OnTime_37 31 1 273 1
37 OnTime_37 33 1 371 1
37 OnTime_37 36 2 475 1
37 OnTime_37 37 1 463 1
37 OnTime_37 43 1 248 1
37 OnTime_37 43 2 248 1
37 OnTime_37 46 1 518 1
37 OnTime_37 49 1 223 1
38 OnTime_38 3 2 401 1
38 OnTime_38 11 1 745 1
38 OnTime_38 13 2 674 1
38 OnTime_38 15 1 50 1
38 OnTime_38 16 1 395 1
38 OnTime_38 16 2 405 1
38 OnTime_38 31 1 405 1
38 OnTime_38 33 1 293 1
38 OnTime_38 36 2 290 1
38 OnTime_38 43 2 385 1
38 OnTime_38 43 1 455 1
38 OnTime_38 46 1 342 1
38 OnTime_38 49 1 304 1
38 OnTime_38 50 1 406 1
39 OnTime_39 3 2 316 1
39 OnTime_39 11 1 429 1
39 OnTime_39 13 2 399 1
39 OnTime_39 15 1 334 1
39 OnTime_39 16 1 282 1
39 OnTime_39 16 2 348 1
39 OnTime_39 31 1 581 1
39 OnTime_39 33 1 204 1
39 OnTime_39 36 2 394 1
39 OnTime_39 37 1 490 1
39 OnTime_39 43 1 267 1
39 OnTime_39 43 2 267 1
39 OnTime_39 46 1 342 1
39 OnTime_39 49 1 304 1
39 OnTime_39 50 2 406 1
39 OnTime_39 50 1 614 1
40 OnTime_40 3 2 499 1
40 OnTime_40 11 1 495 1
40 OnTime_40 13 2 458 1
40 OnTime_40 15 1 376 1
40 OnTime_40 16 1 461 1
40 OnTime_40 16 2 461 1
40 OnTime_40 31 1 294 1
40 OnTime_40 33 1 371 1
40 OnTime_40 36 2 482 1
40 OnTime_40 37 1 672 1
40 OnTime_40 43 2 303 1
40 OnTime_40 43 1 310 1
40 OnTime_40 46 1 534 1
40 OnTime_40 49 1 603 1
40 OnTime_40 50 1 469 1
40 OnTime_40 50 2 469 1
41 OnTime_41 3 2 107 1
41 OnTime_41 11 1 379 1
41 OnTime_41 13 2 462 1
41 OnTime_41 15 1 305 1
41 OnTime_41 16 1 321 1
41 OnTime_41 16 2 552 1
41 OnTime_41 31 1 454 1
41 OnTime_41 33 1 417 1
41 OnTime_41 36 2 427 1
41 OnTime_41 37 1 279 1
41 OnTime_41 43 1 596 1
41 OnTime_41 43 2 596 1
41 OnTime_41 46 1 423 1
41 OnTime_41 49 1 392 1
41 OnTime_41 50 1 491 1
41 OnTime_41 50 2 491 1
42 OnTime_42 3 2 748 1
42 OnTime_42 11 1 294 1
42 OnTime_42 13 2 415 1
42 OnTime_42 15 1 479 1
42 OnTime_42 16 1 390 1
42 OnTime_42 16 2 390 1
42 OnTime_42 31 1 237 1
42 OnTime_42 33 1 293 1
42 OnTime_42 37 1 386 1
42 OnTime_42 43 1 385 1
42 OnTime_42 43 2 385 1
42 OnTime_42 46 1 502 1
42 OnTime_42 49 1 304 1
42 OnTime_42 50 1 491 1
42 OnTime_42 50 2 491 1
43 OnTime_43 3 2 401 1
43 OnTime_43 11 1 379 1
43 OnTime_43 13 2 399 1
43 OnTime_43 15 1 332 1
43 OnTime_43 16 1 348 1
43 OnTime_43 16 2 348 1
43 OnTime_43 31 1 293 1
43 OnTime_43 33 1 327 1
43 OnTime_43 36 2 369 1
43 OnTime_43 37 1 386 1
43 OnTime_43 43 1 425 1
43 OnTime_43 43 2 425 1
43 OnTime_43 46 1 342 1
43 OnTime_43 49 1 235 1
43 OnTime_43 50 1 220 1
43 OnTime_43 50 2 220 1
44 OnTime_44 11 1 421 1
44 OnTime_44 13 2 407 1
44 OnTime_44 15 1 448 1
44 OnTime_44 31 1 389 1
44 OnTime_44 33 1 417 1
44 OnTime_44 36 2 404 1
44 OnTime_44 37 1 233 1
44 OnTime_44 43 1 385 1
44 OnTime_44 43 2 385 1
44 OnTime_44 46 1 162 1
44 OnTime_44 49 1 507 1
44 OnTime_44 50 1 224 1
44 OnTime_44 50 2 224 1
45 OnTime_45 3 2 401 1
45 OnTime_45 11 1 287 1
45 OnTime_45 13 2 334 1
45 OnTime_45 15 1 400 1
45 OnTime_45 16 1 443 1
45 OnTime_45 16 2 443 1
45 OnTime_45 31 1 455 1
45 OnTime_45 33 1 460 1
45 OnTime_45 36 2 290 1
45 OnTime_45 37 1 380 1
45 OnTime_45 43 1 267 1
45 OnTime_45 43 2 267 1
45 OnTime_45 49 1 235 1
45 OnTime_45 50 1 491 1
45 OnTime_45 50 2 491 1
46 OnTime_46 3 2 316 1
46 OnTime_46 11 1 516 1
46 OnTime_46 13 2 674 1
46 OnTime_46 15 1 376 1
46 OnTime_46 16 1 390 1
46 OnTime_46 16 2 390 1
46 OnTime_46 33 1 327 1
46 OnTime_46 36 2 258 1
46 OnTime_46 37 1 398 1
46 OnTime_46 46 1 337 1
46 OnTime_46 49 1 384 1
46 OnTime_46 50 1 295 1
47 OnTime_47 3 2 574 1
47 OnTime_47 11 1 287 1
47 OnTime_47 13 2 292 1
47 OnTime_47 15 1 376 1
47 OnTime_47 16 1 395 1
47 OnTime_47 16 2 395 1
47 OnTime_47 31 1 389 1
47 OnTime_47 33 1 327 1
47 OnTime_47 36 2 401 1
47 OnTime_47 37 1 463 1
47 OnTime_47 43 1 217 1
47 OnTime_47 43 2 328 1
47 OnTime_47 46 1 582 1
47 OnTime_47 49 1 604 1
47 OnTime_47 50 1 704 1
47 OnTime_47 50 2 704 1
48 OnTime_48 3 2 565 1
48 OnTime_48 11 1 389 1
48 OnTime_48 15 1 479 1
48 OnTime_48 16 1 405 1
48 OnTime_48 16 2 405 1
48 OnTime_48 31 1 740 1
48 OnTime_48 33 1 467 1
48 OnTime_48 36 2 464 1
48 OnTime_48 37 1 279 1
48 OnTime_48 43 1 233 1
48 OnTime_48 43 2 233 1
48 OnTime_48 46 1 327 1
48 OnTime_48 49 1 507 1
48 OnTime_48 50 1 45 1
48 OnTime_48 50 2 45 1
49 OnTime_49 3 2 370 1
49 OnTime_49 11 1 421 1
49 OnTime_49 13 2 415 1
49 OnTime_49 15 1 262 1
49 OnTime_49 16 1 594 1
49 OnTime_49 16 2 594 1
49 OnTime_49 31 1 362 1
49 OnTime_49 33 1 396 1
49 OnTime_49 36 2 464 1
49 OnTime_49 37 1 488 1
49 OnTime_49 43 1 310 1
49 OnTime_49 43 2 310 1
49 OnTime_49 46 1 691 1
49 OnTime_49 49 1 360 1
49 OnTime_49 50 1 406 1
49 OnTime_49 50 2 406 1
50 OnTime_50 3 2 438 1
50 OnTime_50 11 1 475 1
50 OnTime_50 15 1 376 1
50 OnTime_50 16 1 395 1
50 OnTime_50 16 2 395 1
50 OnTime_50 33 1 462 1
50 OnTime_50 36 2 464 1
50 OnTime_50 37 1 596 1
50 OnTime_50 43 1 431 1
50 OnTime_50 43 2 596 1
50 OnTime_50 46 1 423 1
50 OnTime_50 49 1 507 1
50 OnTime_50 50 1 348 1
50 OnTime_50 50 2 406 1
51 OnTime_51 3 2 574 1
51 OnTime_51 11 1 495 1
51 OnTime_51 13 2 350 1
51 OnTime_51 16 1 659 1
51 OnTime_51 16 2 659 1
51 OnTime_51 31 1 279 1
51 OnTime_51 33 1 327 1
51 OnTime_51 36 2 341 1
51 OnTime_51 37 1 476 1
51 OnTime_51 43 1 385 1
51 OnTime_51 43 2 425 1
51 OnTime_51 46 1 425 1
51 OnTime_51 49 1 388 1
51 OnTime_51 50 1 295 1
51 OnTime_51 50 2 295 1
52 OnTime_52 3 2 599 1
52 OnTime_52 11 1 456 1
52 OnTime_52 13 2 334 1
52 OnTime_52 15 1 416 1
52 OnTime_52 16 1 452 1
52 OnTime_52 16 2 600 1
52 OnTime_52 31 1 454 1
52 OnTime_52 33 1 529 1
52 OnTime_52 36 2 452 1
52 OnTime_52 43 1 457 1
52 OnTime_52 43 2 457 1
52 OnTime_52 46 1 587 1
52 OnTime_52 49 1 559 1
52 OnTime_52 50 1 336 1
52 OnTime_52 50 2 336 1
53 OnTime_53 3 2 499 1
53 OnTime_53 11 1 495 1
53 OnTime_53 13 2 344 1
53 OnTime_53 15 1 571 1
53 OnTime_53 16 1 348 1
53 OnTime_53 16 2 348 1
53 OnTime_53 31 1 247 1
53 OnTime_53 33 1 467 1
53 OnTime_53 36 2 404 1
53 OnTime_53 37 1 386 1
53 OnTime_53 43 1 267 1
53 OnTime_53 43 2 267 1
53 OnTime_53 46 1 62 1
53 OnTime_53 49 1 384 1
53 OnTime_53 50 1 259 1
53 OnTime_53 50 2 259 1
54 OnTime_54 3 2 648 1
54 OnTime_54 11 1 523 1
54 OnTime_54 13 2 603 1
54 OnTime_54 16 1 443 1
54 OnTime_54 16 2 443 1
54 OnTime_54 31 1 234 1
54 OnTime_54 33 1 307 1
54 OnTime_54 36 2 404 1
54 OnTime_54 43 1 514 1
54 OnTime_54 43 2 514 1
54 OnTime_54 46 1 518 1
54 OnTime_54 49 1 513 1
54 OnTime_54 50 2 295 1
54 OnTime_54 50 1 758 1
55 OnTime_55 3 2 238 1
55 OnTime_55 11 1 541 1
55 OnTime_55 13 2 334 1
55 OnTime_55 15 1 416 1
55 OnTime_55 16 1 659 1
55 OnTime_55 16 2 659 1
55 OnTime_55 31 1 362 1
55 OnTime_55 33 1 485 1
55 OnTime_55 36 2 369 1
55 OnTime_55 37 1 546 1
55 OnTime_55 43 1 514 1
55 OnTime_55 43 2 514 1
55 OnTime_55 46 1 425 1
55 OnTime_55 49 1 535 1
55 OnTime_55 50 1 259 1
55 OnTime_55 50 2 614 1
56 OnTime_56 3 2 579 1
56 OnTime_56 11 1 475 1
56 OnTime_56 13 2 415 1
56 OnTime_56 15 1 579 1
56 OnTime_56 16 1 594 1
56 OnTime_56 16 2 600 1
56 OnTime_56 31 1 293 1
56 OnTime_56 33 1 85 1
56 OnTime_56 36 2 475 1
56 OnTime_56 37 1 672 1
56 OnTime_56 43 1 378 1
56 OnTime_56 43 2 378 1
56 OnTime_56 46 1 327 1
56 OnTime_56 49 1 304 1
56 OnTime_56 50 1 312 1
57 OnTime_57 3 2 599 1
57 OnTime_57 11 1 445 1
57 OnTime_57 13 2 462 1
57 OnTime_57 15 1 416 1
57 OnTime_57 16 1 319 1
57 OnTime_57 16 2 348 1
57 OnTime_57 31 1 273 1
57 OnTime_57 33 1 327 1
57 OnTime_57 36 2 322 1
57 OnTime_57 37 1 463 1
57 OnTime_57 43 1 280 1
57 OnTime_57 43 2 328 1
57 OnTime_57 46 1 582 1
57 OnTime_57 49 1 473 1
57 OnTime_57 50 1 491 1
57 OnTime_57 50 2 491 1
58 OnTime_58 3 2 401 1
58 OnTime_58 11 1 529 1
58 OnTime_58 13 2 292 1
58 OnTime_58 15 1 262 1
58 OnTime_58 16 1 268 1
58 OnTime_58 16 2 268 1
58 OnTime_58 31 1 442 1
58 OnTime_58 33 1 327 1
58 OnTime_58 36 2 283 1
58 OnTime_58 37 1 398 1
58 OnTime_58 43 1 457 1
58 OnTime_58 43 2 609 1
58 OnTime_58 46 1 691 1
58 OnTime_58 49 1 448 1
58 OnTime_58 50 1 469 1
59 OnTime_59 3 2 370 1
59 OnTime_59 11 1 531 1
59 OnTime_59 13 2 462 1
59 OnTime_59 15 1 288 1
59 OnTime_59 16 1 298 1
59 OnTime_59 16 2 298 1
59 OnTime_59 31 1 294 1
59 OnTime_59 33 1 396 1
59 OnTime_59 36 2 375 1
59 OnTime_59 37 1 355 1
59 OnTime_59 43 1 328 1
59 OnTime_59 43 2 396 1
59 OnTime_59 46 1 502 1
59 OnTime_59 50 1 542 1
59 OnTime_59 50 2 542 1
60 OnTime_60 3 2 432 1
60 OnTime_60 13 2 458 1
60 OnTime_60 15 1 416 1
60 OnTime_60 16 1 680 1
60 OnTime_60 16 2 680 1
60 OnTime_60 31 1 525 1
60 OnTime_60 33 1 597 1
60 OnTime_60 36 2 394 1
60 OnTime_60 37 1 487 1
60 OnTime_60 43 1 267 1
60 OnTime_60 43 2 267 1
60 OnTime_60 46 1 342 1
60 OnTime_60 49 1 480 1
60 OnTime_60 50 2 220 1
60 OnTime_60 50 1 469 1
61 OnTime_61 3 2 370 1
61 OnTime_61 11 1 379 1
61 OnTime_61 13 2 107 1
61 OnTime_61 15 1 833 1
61 OnTime_61 16 1 429 1
61 OnTime_61 16 2 429 1
61 OnTime_61 31 1 323 1
61 OnTime_61 36 2 435 1
61 OnTime_61 37 1 476 1
61 OnTime_61 43 1 499 1
61 OnTime_61 43 2 499 1
61 OnTime_61 46 1 675 1
61 OnTime_61 49 1 668 1
61 OnTime_61 50 1 312 1
61 OnTime_61 50 2 312 1
62 OnTime_62 3 2 579 1
62 OnTime_62 11 1 495 1
62 OnTime_62 13 2 415 1
62 OnTime_62 15 1 376 1
62 OnTime_62 16 1 393 1
62 OnTime_62 31 1 280 1
62 OnTime_62 33 1 485 1
62 OnTime_62 36 2 375 1
62 OnTime_62 37 1 233 1
62 OnTime_62 43 1 425 1
62 OnTime_62 43 2 425 1
62 OnTime_62 46 1 337 1
62 OnTime_62 49 1 480 1
62 OnTime_62 50 1 510 1
62 OnTime_62 50 2 510 1
63 OnTime_63 3 2 438 1
63 OnTime_63 11 1 541 1
63 OnTime_63 13 2 603 1
63 OnTime_63 15 1 484 1
63 OnTime_63 16 1 57 1
63 OnTime_63 16 2 57 1
63 OnTime_63 31 1 372 1
63 OnTime_63 33 1 396 1
63 OnTime_63 36 2 482 1
63 OnTime_63 37 1 279 1
63 OnTime_63 43 2 484 1
63 OnTime_63 43 1 549 1
63 OnTime_63 46 1 423 1
63 OnTime_63 49 1 264 1
63 OnTime_63 50 1 312 1
63 OnTime_63 50 2 312 1
64 OnTime_64 3 2 408 1
64 OnTime_64 11 1 523 1
64 OnTime_64 13 2 555 1
64 OnTime_64 15 1 439 1
64 OnTime_64 16 2 31 1
64 OnTime_64 16 1 348 1
64 OnTime_64 31 1 508 1
64 OnTime_64 33 1 231 1
64 OnTime_64 36 2 475 1
64 OnTime_64 37 1 380 1
64 OnTime_64 43 1 328 1
64 OnTime_64 43 2 328 1
64 OnTime_64 46 1 423 1
64 OnTime_64 49 1 384 1
64 OnTime_64 50 1 643 1
65 OnTime_65 3 2 408 1
65 OnTime_65 11 1 690 1
65 OnTime_65 13 2 346 1
65 OnTime_65 15 1 288 1
65 OnTime_65 16 1 393 1
65 OnTime_65 16 2 393 1
65 OnTime_65 31 1 488 1
65 OnTime_65 33 1 396 1
65 OnTime_65 36 2 375 1
65 OnTime_65 37 1 398 1
65 OnTime_65 43 2 396 1
65 OnTime_65 43 1 596 1
65 OnTime_65 46 1 179 1
65 OnTime_65 49 1 559 1
65 OnTime_65 50 1 469 1
65 OnTime_65 50 2 704 1
66 OnTime_66 3 2 548 1
66 OnTime_66 11 1 593 1
66 OnTime_66 13 2 397 1
66 OnTime_66 15 1 262 1
66 OnTime_66 16 1 329 1
66 OnTime_66 16 2 329 1
66 OnTime_66 31 1 389 1
66 OnTime_66 33 1 396 1
66 OnTime_66 36 2 341 1
66 OnTime_66 37 1 672 1
66 OnTime_66 43 1 328 1
66 OnTime_66 43 2 396 1
66 OnTime_66 46 1 480 1
66 OnTime_66 49 1 388 1
66 OnTime_66 50 1 348 1
66 OnTime_66 50 2 348 1
67 OnTime_67 3 2 602 1
67 OnTime_67 11 1 529 1
67 OnTime_67 13 2 407 1
67 OnTime_67 15 1 262 1
67 OnTime_67 16 1 319 1
67 OnTime_67 16 2 452 1
67 OnTime_67 31 1 279 1
67 OnTime_67 33 1 269 1
67 OnTime_67 36 2 299 1
67 OnTime_67 37 1 546 1
67 OnTime_67 43 1 248 1
67 OnTime_67 43 2 457 1
67 OnTime_67 46 1 582 1
67 OnTime_67 49 1 264 1
67 OnTime_67 50 1 259 1
67 OnTime_67 50 2 259 1
68 OnTime_68 3 2 599 1
68 OnTime_68 11 1 495 1
68 OnTime_68 13 2 603 1
68 OnTime_68 15 1 305 1
68 OnTime_68 16 1 604 1
68 OnTime_68 16 2 604 1
68 OnTime_68 31 1 234 1
68 OnTime_68 33 1 460 1
68 OnTime_68 36 2 290 1
68 OnTime_68 37 1 490 1
68 OnTime_68 43 1 596 1
68 OnTime_68 43 2 596 1
68 OnTime_68 46 1 342 1
68 OnTime_68 49 1 546 1
69 OnTime_69 3 2 316 1
69 OnTime_69 11 1 488 1
69 OnTime_69 13 2 414 1
69 OnTime_69 15 1 416 1
69 OnTime_69 16 1 604 1
69 OnTime_69 16 2 604 1
69 OnTime_69 31 1 389 1
69 OnTime_69 33 1 245 1
69 OnTime_69 36 2 406 1
69 OnTime_69 37 1 476 1
69 OnTime_69 43 1 378 1
69 OnTime_69 43 2 378 1
69 OnTime_69 46 1 342 1
69 OnTime_69 49 1 513 1
69 OnTime_69 50 2 295 1
69 OnTime_69 50 1 406 1
70 OnTime_70 3 2 409 1
70 OnTime_70 11 1 495 1
70 OnTime_70 13 2 254 1
70 OnTime_70 15 1 262 1
70 OnTime_70 16 1 395 1
70 OnTime_70 16 2 395 1
70 OnTime_70 31 1 393 1
70 OnTime_70 33 1 417 1
70 OnTime_70 36 2 231 1
70 OnTime_70 37 1 672 1
70 OnTime_70 43 1 250 1
70 OnTime_70 43 2 250 1
70 OnTime_70 46 1 342 1
70 OnTime_70 49 1 264 1
70 OnTime_70 50 1 336 1
70 OnTime_70 50 2 336 1
71 OnTime_71 3 2 96 1
71 OnTime_71 11 1 456 1
71 OnTime_71 13 2 350 1
71 OnTime_71 16 1 393 1
71 OnTime_71 16 2 405 1
71 OnTime_71 31 1 237 1
71 OnTime_71 33 1 553 1
71 OnTime_71 36 2 258 1
71 OnTime_71 37 1 476 1
71 OnTime_71 43 1 378 1
71 OnTime_71 43 2 378 1
71 OnTime_71 46 1 594 1
71 OnTime_71 49 1 360 1
72 OnTime_72 3 2 432 1
72 OnTime_72 11 1 456 1
72 OnTime_72 13 2 344 1
72 OnTime_72 15 1 448 1
72 OnTime_72 16 1 461 1
72 OnTime_72 16 2 461 1
72 OnTime_72 31 1 393 1
72 OnTime_72 33 1 554 1
72 OnTime_72 36 2 324 1
72 OnTime_72 37 1 64 1
72 OnTime_72 43 1 378 1
72 OnTime_72 46 1 418 1
72 OnTime_72 49 1 388 1
72 OnTime_72 50 1 510 1
72 OnTime_72 50 2 758 1
73 OnTime_73 3 2 499 1
73 OnTime_73 11 1 352 1
73 OnTime_73 13 2 331 1
73 OnTime_73 15 1 376 1
73 OnTime_73 16 2 282 1
73 OnTime_73 16 1 405 1
73 OnTime_73 31 1 294 1
73 OnTime_73 33 1 372 1
73 OnTime_73 37 1 355 1
73 OnTime_73 43 2 372 1
73 OnTime_73 43 1 431 1
73 OnTime_73 46 1 502 1
73 OnTime_73 49 1 360 1
73 OnTime_73 50 1 336 1
73 OnTime_73 50 2 336 1
74 OnTime_74 3 2 584 1
74 OnTime_74 11 1 397 1
74 OnTime_74 13 2 397 1
74 OnTime_74 15 1 598 1
74 OnTime_74 16 1 298 1
74 OnTime_74 16 2 298 1
74 OnTime_74 31 1 389 1
74 OnTime_74 33 1 498 1
74 OnTime_74 36 2 590 1
74 OnTime_74 37 1 355 1
74 OnTime_74 43 2 514 1
74 OnTime_74 43 1 609 1
74 OnTime_74 46 1 259 1
74 OnTime_74 49 1 264 1
74 OnTime_74 50 2 259 1
74 OnTime_74 50 1 733 1
75 OnTime_75 3 2 548 1
75 OnTime_75 11 1 258 1
75 OnTime_75 13 2 331 1
75 OnTime_75 15 1 571 1
75 OnTime_75 16 1 319 1
75 OnTime_75 16 2 319 1
75 OnTime_75 31 1 442 1
75 OnTime_75 33 1 372 1
75 OnTime_75 36 2 258 1
75 OnTime_75 37 1 386 1
75 OnTime_75 43 1 233 1
75 OnTime_75 43 2 233 1
75 OnTime_75 46 1 502 1
75 OnTime_75 49 1 448 1
75 OnTime_75 50 1 406 1
75 OnTime_75 50 2 406 1
76 OnTime_76 3 2 579 1
76 OnTime_76 11 1 541 1
76 OnTime_76 13 2 399 1
76 OnTime_76 15 1 474 1
76 OnTime_76 16 1 390 1
76 OnTime_76 16 2 390 1
76 OnTime_76 31 1 234 1
76 OnTime_76 36 2 362 1
76 OnTime_76 37 1 386 1
76 OnTime_76 43 1 310 1
76 OnTime_76 46 1 362 1
76 OnTime_76 49 1 253 1
76 OnTime_76 50 1 406 1
77 OnTime_77 3 2 370 1
77 OnTime_77 11 1 421 1
77 OnTime_77 13 2 399 1
77 OnTime_77 15 1 262 1
77 OnTime_77 16 1 443 1
77 OnTime_77 31 1 273 1
77 OnTime_77 33 1 417 1
77 OnTime_77 36 2 344 1
77 OnTime_77 37 1 476 1
77 OnTime_77 43 1 197 1
77 OnTime_77 43 2 197 1
77 OnTime_77 49 1 235 1
77 OnTime_77 50 1 312 1
77 OnTime_77 50 2 491 1
78 OnTime_78 3 2 82 1
78 OnTime_78 11 1 593 1
78 OnTime_78 13 2 346 1
78 OnTime_78 15 1 577 1
78 OnTime_78 16 2 429 1
78 OnTime_78 16 1 552 1
78 OnTime_78 31 1 280 1
78 OnTime_78 33 1 460 1
78 OnTime_78 36 2 404 1
78 OnTime_78 37 1 386 1
78 OnTime_78 43 1 447 1
78 OnTime_78 43 2 447 1
78 OnTime_78 46 1 342 1
78 OnTime_78 49 1 356 1
78 OnTime_78 50 1 259 1
78 OnTime_78 50 2 259 1
79 OnTime_79 3 2 96 1
79 OnTime_79 11 1 218 1
79 OnTime_79 13 2 502 1
79 OnTime_79 15 1 479 1
79 OnTime_79 16 1 309 1
79 OnTime_79 16 2 309 1
79 OnTime_79 31 1 508 1
79 OnTime_79 33 1 293 1
79 OnTime_79 36 2 394 1
79 OnTime_79 37 1 380 1
79 OnTime_79 43 1 484 1
79 OnTime_79 43 2 484 1
79 OnTime_79 46 1 423 1
79 OnTime_79 49 1 235 1
79 OnTime_79 50 1 619 1
79 OnTime_79 50 2 619 1
80 OnTime_80 11 1 397 1
80 OnTime_80 13 2 397 1
80 OnTime_80 15 1 709 1
80 OnTime_80 16 1 282 1
80 OnTime_80 16 2 282 1
80 OnTime_80 31 1 273 1
80 OnTime_80 33 1 51 1
80 OnTime_80 36 2 344 1
80 OnTime_80 37 1 326 1
80 OnTime_80 43 1 267 1
80 OnTime_80 43 2 267 1
80 OnTime_80 46 1 480 1
80 OnTime_80 49 1 360 1
80 OnTime_80 50 1 469 1
81 OnTime_81 3 2 368 1
81 OnTime_81 11 1 541 1
81 OnTime_81 13 2 399 1
81 OnTime_81 15 1 376 1
81 OnTime_81 16 1 659 1
81 OnTime_81 16 2 659 1
81 OnTime_81 31 1 525 1
81 OnTime_81 33 1 460 1
81 OnTime_81 36 2 341 1
81 OnTime_81 37 1 490 1
81 OnTime_81 43 1 230 1
81 OnTime_81 43 2 230 1
81 OnTime_81 46 1 633 1
81 OnTime_81 49 1 535 1
81 OnTime_81 50 1 295 1
82 OnTime_82 3 2 599 1
82 OnTime_82 11 1 559 1
82 OnTime_82 13 2 96 1
82 OnTime_82 15 1 479 1
82 OnTime_82 16 1 282 1
82 OnTime_82 31 1 216 1
82 OnTime_82 33 1 498 1
82 OnTime_82 37 1 487 1
82 OnTime_82 43 1 455 1
82 OnTime_82 43 2 596 1
82 OnTime_82 46 1 418 1
82 OnTime_82 49 1 235 1
83 OnTime_83 3 2 574 1
83 OnTime_83 11 1 389 1
83 OnTime_83 13 2 366 1
83 OnTime_83 15 1 416 1
83 OnTime_83 16 1 595 1
83 OnTime_83 16 2 836 1
83 OnTime_83 31 1 294 1
83 OnTime_83 33 1 574 1
83 OnTime_83 36 2 248 1
83 OnTime_83 37 1 355 1
83 OnTime_83 43 1 378 1
83 OnTime_83 43 2 378 1
83 OnTime_83 46 1 342 1
83 OnTime_83 49 1 360 1
83 OnTime_83 50 2 220 1
83 OnTime_83 50 1 542 1
84 OnTime_84 3 2 370 1
84 OnTime_84 11 1 488 1
84 OnTime_84 13 2 502 1
84 OnTime_84 15 1 369 1
84 OnTime_84 16 1 405 1
84 OnTime_84 16 2 405 1
84 OnTime_84 31 1 323 1
84 OnTime_84 33 1 498 1
84 OnTime_84 36 2 624 1
84 OnTime_84 37 1 386 1
84 OnTime_84 43 1 248 1
84 OnTime_84 43 2 609 1
84 OnTime_84 46 1 179 1
84 OnTime_84 49 1 392 1
84 OnTime_84 50 1 224 1
85 OnTime_85 3 2 316 1
85 OnTime_85 11 1 333 1
85 OnTime_85 15 1 474 1
85 OnTime_85 16 1 309 1
85 OnTime_85 16 2 309 1
85 OnTime_85 33 1 485 1
85 OnTime_85 36 2 248 1
85 OnTime_85 37 1 418 1
85 OnTime_85 43 1 248 1
85 OnTime_85 43 2 499 1
85 OnTime_85 46 1 252 1
85 OnTime_85 49 1 93 1
85 OnTime_85 50 1 566 1
85 OnTime_85 50 2 566 1
86 OnTime_86 3 2 629 1
86 OnTime_86 11 1 287 1
86 OnTime_86 13 2 414 1
86 OnTime_86 15 1 626 1
86 OnTime_86 16 1 282 1
86 OnTime_86 16 2 604 1
86 OnTime_86 31 1 488 1
86 OnTime_86 33 1 485 1
86 OnTime_86 36 2 435 1
86 OnTime_86 37 1 463 1
86 OnTime_86 43 1 267 1
86 OnTime_86 43 2 267 1
86 OnTime_86 46 1 502 1
86 OnTime_86 49 1 604 1
86 OnTime_86 50 1 336 1
86 OnTime_86 50 2 488 1
87 OnTime_87 3 2 548 1
87 OnTime_87 11 1 333 1
87 OnTime_87 13 2 655 1
87 OnTime_87 15 1 579 1
87 OnTime_87 16 1 268 1
87 OnTime_87 16 2 268 1
87 OnTime_87 31 1 247 1
87 OnTime_87 33 1 245 1
87 OnTime_87 37 1 380 1
87 OnTime_87 43 1 164 1
87 OnTime_87 43 2 164 1
87 OnTime_87 46 1 518 1
87 OnTime_87 49 1 392 1
88 OnTime_88 3 2 248 1
88 OnTime_88 11 1 389 1
88 OnTime_88 13 2 350 1
88 OnTime_88 15 1 416 1
88 OnTime_88 16 1 405 1
88 OnTime_88 16 2 405 1
88 OnTime_88 31 1 581 1
88 OnTime_88 33 1 372 1
88 OnTime_88 36 2 464 1
88 OnTime_88 37 1 596 1
88 OnTime_88 43 1 248 1
88 OnTime_88 43 2 267 1
88 OnTime_88 46 1 179 1
88 OnTime_88 49 1 356 1
88 OnTime_88 50 1 259 1
88 OnTime_88 50 2 259 1
89 OnTime_89 3 2 584 1
89 OnTime_89 11 1 646 1
89 OnTime_89 13 2 540 1
89 OnTime_89 15 1 479 1
89 OnTime_89 16 1 282 1
89 OnTime_89 16 2 282 1
89 OnTime_89 31 1 389 1
89 OnTime_89 33 1 293 1
89 OnTime_89 36 2 341 1
89 OnTime_89 37 1 487 1
89 OnTime_89 43 1 457 1
89 OnTime_89 43 2 457 1
89 OnTime_89 46 1 433 1
89 OnTime_89 49 1 392 1
89 OnTime_89 50 1 232 1
89 OnTime_89 50 2 232 1
90 OnTime_90 3 2 316 1
90 OnTime_90 11 1 421 1
90 OnTime_90 16 1 600 1
90 OnTime_90 16 2 600 1
90 OnTime_90 31 1 307 1
90 OnTime_90 33 1 830 1
90 OnTime_90 36 2 301 1
90 OnTime_90 37 1 670 1
90 OnTime_90 46 1 342 1
90 OnTime_90 49 1 667 1
90 OnTime_90 50 1 614 1
90 OnTime_90 50 2 614 1
91 OnTime_91 3 2 401 1
91 OnTime_91 11 1 333 1
91 OnTime_91 13 2 350 1
91 OnTime_91 15 1 369 1
91 OnTime_91 16 1 268 1
91 OnTime_91 16 2 268 1
91 OnTime_91 31 1 247 1
91 OnTime_91 33 1 269 1
91 OnTime_91 36 2 324 1
91 OnTime_91 37 1 380 1
91 OnTime_91 43 1 280 1
91 OnTime_91 43 2 303 1
91 OnTime_91 46 1 552 1
91 OnTime_91 49 1 223 1
91 OnTime_91 50 1 510 1
92 OnTime_92 3 2 368 1
92 OnTime_92 11 1 593 1
92 OnTime_92 13 2 655 1
92 OnTime_92 15 1 626 1
92 OnTime_92 16 1 296 1
92 OnTime_92 16 2 296 1
92 OnTime_92 31 1 445 1
92 OnTime_92 33 1 269 1
92 OnTime_92 36 2 394 1
92 OnTime_92 37 1 488 1
92 OnTime_92 43 1 396 1
92 OnTime_92 43 2 396 1
92 OnTime_92 49 1 356 1
92 OnTime_92 50 2 224 1
92 OnTime_92 50 1 295 1
93 OnTime_93 3 2 629 1
93 OnTime_93 11 1 640 1
93 OnTime_93 13 2 350 1
93 OnTime_93 15 1 332 1
93 OnTime_93 16 1 78 1
93 OnTime_93 16 2 78 1
93 OnTime_93 31 1 405 1
93 OnTime_93 33 1 529 1
93 OnTime_93 37 1 490 1
93 OnTime_93 43 1 484 1
93 OnTime_93 43 2 484 1
93 OnTime_93 46 1 815 1
93 OnTime_93 49 1 700 1
93 OnTime_93 50 1 348 1
94 OnTime_94 3 2 401 1
94 OnTime_94 11 1 456 1
94 OnTime_94 13 2 344 1
94 OnTime_94 15 1 369 1
94 OnTime_94 16 1 594 1
94 OnTime_94 16 2 594 1
94 OnTime_94 31 1 706 1
94 OnTime_94 33 1 417 1
94 OnTime_94 36 2 369 1
94 OnTime_94 37 1 380 1
94 OnTime_94 43 1 457 1
94 OnTime_94 43 2 457 1
94 OnTime_94 46 1 62 1
94 OnTime_94 49 1 473 1
94 OnTime_94 50 1 542 1
94 OnTime_94 50 2 542 1
95 OnTime_95 3 2 607 1
95 OnTime_95 11 1 495 1
95 OnTime_95 13 2 602 1
95 OnTime_95 15 1 579 1
95 OnTime_95 16 1 395 1
95 OnTime_95 16 2 395 1
95 OnTime_95 31 1 393 1
95 OnTime_95 33 1 485 1
95 OnTime_95 36 2 539 1
95 OnTime_95 37 1 355 1
95 OnTime_95 43 1 230 1
95 OnTime_95 43 2 230 1
95 OnTime_95 46 1 362 1
95 OnTime_95 49 1 338 1
96 OnTime_96 3 2 574 1
96 OnTime_96 11 1 352 1
96 OnTime_96 13 2 462 1
96 OnTime_96 15 1 416 1
96 OnTime_96 16 1 348 1
96 OnTime_96 16 2 348 1
96 OnTime_96 31 1 372 1
96 OnTime_96 33 1 462 1
96 OnTime_96 36 2 326 1
96 OnTime_96 37 1 206 1
96 OnTime_96 43 1 539 1
96 OnTime_96 43 2 539 1
96 OnTime_96 46 1 327 1
96 OnTime_96 49 1 253 1
96 OnTime_96 50 2 295 1
96 OnTime_96 50 1 469 1
97 OnTime_97 3 2 438 1
97 OnTime_97 11 1 287 1
97 OnTime_97 15 1 571 1
97 OnTime_97 16 2 594 1
97 OnTime_97 31 1 279 1
97 OnTime_97 33 1 460 1
97 OnTime_97 37 1 398 1
97 OnTime_97 43 1 455 1
97 OnTime_97 43 2 455 1
97 OnTime_97 46 1 594 1
97 OnTime_97 49 1 360 1
97 OnTime_97 50 1 510 1
97 OnTime_97 50 2 510 1
98 OnTime_98 3 2 245 1
98 OnTime_98 11 1 609 1
98 OnTime_98 13 2 399 1
98 OnTime_98 15 1 334 1
98 OnTime_98 16 1 296 1
98 OnTime_98 31 1 488 1
98 OnTime_98 33 1 245 1
98 OnTime_98 36 2 326 1
98 OnTime_98 37 1 418 1
98 OnTime_98 43 1 164 1
98 OnTime_98 43 2 609 1
98 OnTime_98 46 1 327 1
98 OnTime_98 50 1 312 1
98 OnTime_98 50 2 488 1
99 OnTime_99 3 2 248 1
99 OnTime_99 11 1 475 1
99 OnTime_99 13 2 346 1
99 OnTime_99 15 1 571 1
99 OnTime_99 16 1 298 1
99 OnTime_99 16 2 298 1
99 OnTime_99 31 1 393 1
99 OnTime_99 36 2 464 1
99 OnTime_99 37 1 721 1
99 OnTime_99 43 1 385 1
99 OnTime_99 43 2 385 1
99 OnTime_99 46 1 502 1
99 OnTime_99 49 1 338 1
99 OnTime_99 50 1 488 1
99 OnTime_99 50 2 488 1
100 OnTime_100 3 2 238 1
100 OnTime_100 11 1 397 1
100 OnTime_100 13 2 399 1
100 OnTime_100 15 1 334 1
100 OnTime_100 16 1 429 1
100 OnTime_100 16 2 552 1
100 OnTime_100 31 1 525 1
100 OnTime_100 33 1 539 1
100 OnTime_100 36 2 375 1
100 OnTime_100 37 1 166 1
100 OnTime_100 43 1 628 1
100 OnTime_100 43 2 628 1
100 OnTime_100 46 1 552 1
100 OnTime_100 49 1 360 1
100 OnTime_100 50 1 491 1
100 OnTime_100 50 2 491 1
