1 OnTime_1 2 1 397 1
1 OnTime_1 3 1 649 1
1 OnTime_1 3 2 649 1
1 OnTime_1 4 1 797 1
1 OnTime_1 4 2 797 1
1 OnTime_1 8 1 357 1
1 OnTime_1 8 2 565 1
1 OnTime_1 11 1 658 1
1 OnTime_1 12 1 635 1
1 OnTime_1 12 2 981 1
1 OnTime_1 13 1 981 1
1 OnTime_1 14 1 621 1
1 OnTime_1 15 2 487 1
1 OnTime_1 15 1 942 1
1 OnTime_1 16 1 667 1
1 OnTime_1 16 2 667 1
2 OnTime_2 2 1 499 1
2 OnTime_2 3 1 1166 1
2 OnTime_2 3 2 1166 1
2 OnTime_2 4 2 789 1
2 OnTime_2 4 1 1038 1
2 OnTime_2 8 1 702 1
2 OnTime_2 8 2 702 1
2 OnTime_2 11 1 658 1
2 OnTime_2 12 1 881 1
2 OnTime_2 12 2 881 1
2 OnTime_2 13 1 891 1
2 OnTime_2 14 1 637 1
2 OnTime_2 15 2 825 1
2 OnTime_2 15 1 948 1
2 OnTime_2 16 1 835 1
2 OnTime_2 16 2 835 1
3 OnTime_3 2 1 499 1
3 OnTime_3 3 1 596 1
3 OnTime_3 4 1 998 1
3 OnTime_3 4 2 998 1
3 OnTime_3 11 1 605 1
3 OnTime_3 12 1 778 1
3 OnTime_3 12 2 778 1
3 OnTime_3 13 1 695 1
3 OnTime_3 14 1 245 1
3 OnTime_3 15 2 837 1
3 OnTime_3 15 1 1228 1
3 OnTime_3 16 2 869 1
3 OnTime_3 16 1 871 1
4 OnTime_4 2 1 711 1
4 OnTime_4 3 1 610 1
4 OnTime_4 3 2 610 1
4 OnTime_4 4 1 776 1
4 OnTime_4 4 2 776 1
4 OnTime_4 8 1 885 1
4 OnTime_4 8 2 885 1
4 OnTime_4 11 1 658 1
4 OnTime_4 12 1 467 1
4 OnTime_4 12 2 594 1
4 OnTime_4 13 1 1155 1
4 OnTime_4 14 1 962 1
4 OnTime_4 15 1 686 1
4 OnTime_4 15 2 686 1
4 OnTime_4 16 1 819 1
4 OnTime_4 16 2 989 1
5 OnTime_5 2 1 939 1
5 OnTime_5 3 1 435 1
5 OnTime_5 3 2 821 1
5 OnTime_5 4 1 643 1
5 OnTime_5 4 2 643 1
5 OnTime_5 8 1 885 1
5 OnTime_5 8 2 885 1
5 OnTime_5 11 1 821 1
5 OnTime_5 12 1 996 1
5 OnTime_5 12 2 996 1
5 OnTime_5 13 1 473 1
5 OnTime_5 14 1 796 1
5 OnTime_5 15 1 336 1
5 OnTime_5 15 2 1270 1
5 OnTime_5 16 1 746 1
5 OnTime_5 16 2 746 1
6 OnTime_6 2 1 202 1
6 OnTime_6 3 2 1166 1
6 OnTime_6 3 1 1332 1
6 OnTime_6 4 2 379 1
6 OnTime_6 4 1 1293 1
6 OnTime_6 8 1 886 1
6 OnTime_6 11 1 726 1
6 OnTime_6 13 1 289 1
6 OnTime_6 14 1 517 1
6 OnTime_6 16 1 492 1
6 OnTime_6 16 2 746 1
7 OnTime_7 2 1 863 1
7 OnTime_7 4 1 643 1
7 OnTime_7 4 2 643 1
7 OnTime_7 8 1 914 1
7 OnTime_7 8 2 1096 1
7 OnTime_7 11 1 831 1
7 OnTime_7 12 1 426 1
7 OnTime_7 12 2 1021 1
7 OnTime_7 13 1 1096 1
7 OnTime_7 14 1 844 1
7 OnTime_7 15 1 840 1
7 OnTime_7 15 2 840 1
7 OnTime_7 16 1 679 1
7 OnTime_7 16 2 724 1
8 OnTime_8 3 1 1176 1
8 OnTime_8 3 2 1176 1
8 OnTime_8 4 1 648 1
8 OnTime_8 4 2 648 1
8 OnTime_8 8 1 1150 1
8 OnTime_8 8 2 1150 1
8 OnTime_8 11 1 814 1
8 OnTime_8 14 1 638 1
8 OnTime_8 15 1 890 1
8 OnTime_8 15 2 890 1
8 OnTime_8 16 2 989 1
8 OnTime_8 16 1 1065 1
9 OnTime_9 2 1 628 1
9 OnTime_9 3 2 650 1
9 OnTime_9 3 1 820 1
9 OnTime_9 4 1 793 1
9 OnTime_9 4 2 793 1
9 OnTime_9 8 2 885 1
9 OnTime_9 8 1 1215 1
9 OnTime_9 11 1 1127 1
9 OnTime_9 12 1 426 1
9 OnTime_9 12 2 463 1
9 OnTime_9 13 1 573 1
9 OnTime_9 14 1 1341 1
9 OnTime_9 15 1 719 1
9 OnTime_9 15 2 719 1
9 OnTime_9 16 1 767 1
9 OnTime_9 16 2 767 1
10 OnTime_10 2 1 625 1
10 OnTime_10 4 1 643 1
10 OnTime_10 4 2 1103 1
10 OnTime_10 8 1 451 1
10 OnTime_10 8 2 1329 1
10 OnTime_10 11 1 585 1
10 OnTime_10 12 1 868 1
10 OnTime_10 12 2 868 1
10 OnTime_10 13 1 1329 1
10 OnTime_10 14 1 1002 1
10 OnTime_10 15 2 558 1
10 OnTime_10 15 1 779 1
10 OnTime_10 16 1 502 1
10 OnTime_10 16 2 502 1
11 OnTime_11 2 1 625 1
11 OnTime_11 3 1 435 1
11 OnTime_11 3 2 442 1
11 OnTime_11 4 2 251 1
11 OnTime_11 4 1 797 1
11 OnTime_11 8 1 1094 1
11 OnTime_11 8 2 1094 1
11 OnTime_11 11 1 831 1
11 OnTime_11 12 1 528 1
11 OnTime_11 12 2 883 1
11 OnTime_11 14 1 841 1
11 OnTime_11 15 1 441 1
11 OnTime_11 15 2 441 1
11 OnTime_11 16 2 435 1
11 OnTime_11 16 1 859 1
12 OnTime_12 2 1 712 1
12 OnTime_12 3 1 475 1
12 OnTime_12 4 2 481 1
12 OnTime_12 4 1 791 1
12 OnTime_12 8 2 243 1
12 OnTime_12 8 1 895 1
12 OnTime_12 11 1 605 1
12 OnTime_12 12 2 617 1
12 OnTime_12 12 1 815 1
12 OnTime_12 13 1 593 1
12 OnTime_12 14 1 543 1
12 OnTime_12 15 1 617 1
12 OnTime_12 15 2 618 1
12 OnTime_12 16 1 234 1
12 OnTime_12 16 2 825 1
13 OnTime_13 2 1 711 1
13 OnTime_13 3 1 420 1
13 OnTime_13 3 2 420 1
13 OnTime_13 4 1 1040 1
13 OnTime_13 8 1 582 1
13 OnTime_13 8 2 582 1
13 OnTime_13 11 1 1205 1
13 OnTime_13 12 1 672 1
13 OnTime_13 12 2 881 1
13 OnTime_13 13 1 933 1
13 OnTime_13 14 1 245 1
13 OnTime_13 15 1 336 1
13 OnTime_13 15 2 559 1
13 OnTime_13 16 1 871 1
14 OnTime_14 2 1 397 1
14 OnTime_14 3 1 475 1
14 OnTime_14 3 2 475 1
14 OnTime_14 4 1 608 1
14 OnTime_14 4 2 908 1
14 OnTime_14 8 2 582 1
14 OnTime_14 8 1 1296 1
14 OnTime_14 11 1 585 1
14 OnTime_14 12 1 881 1
14 OnTime_14 12 2 881 1
14 OnTime_14 13 1 473 1
14 OnTime_14 14 1 841 1
14 OnTime_14 15 1 582 1
14 OnTime_14 15 2 618 1
14 OnTime_14 16 1 667 1
14 OnTime_14 16 2 667 1
15 OnTime_15 2 1 327 1
15 OnTime_15 3 1 610 1
15 OnTime_15 3 2 610 1
15 OnTime_15 4 1 673 1
15 OnTime_15 4 2 673 1
15 OnTime_15 8 1 702 1
15 OnTime_15 8 2 702 1
15 OnTime_15 11 1 1063 1
15 OnTime_15 12 1 594 1
15 OnTime_15 12 2 594 1
15 OnTime_15 13 1 492 1
15 OnTime_15 14 1 1012 1
15 OnTime_15 16 1 928 1
15 OnTime_15 16 2 928 1
16 OnTime_16 2 1 1175 1
16 OnTime_16 3 1 344 1
16 OnTime_16 3 2 1091 1
16 OnTime_16 4 2 564 1
16 OnTime_16 4 1 1048 1
16 OnTime_16 8 1 789 1
16 OnTime_16 8 2 796 1
16 OnTime_16 11 1 433 1
16 OnTime_16 12 1 564 1
16 OnTime_16 12 2 689 1
16 OnTime_16 13 1 593 1
16 OnTime_16 14 1 796 1
16 OnTime_16 15 2 825 1
16 OnTime_16 15 1 849 1
16 OnTime_16 16 2 690 1
16 OnTime_16 16 1 825 1
17 OnTime_17 2 1 1016 1
17 OnTime_17 3 1 649 1
17 OnTime_17 3 2 821 1
17 OnTime_17 4 1 666 1
17 OnTime_17 4 2 666 1
17 OnTime_17 8 1 914 1
17 OnTime_17 8 2 914 1
17 OnTime_17 11 1 821 1
17 OnTime_17 12 1 582 1
17 OnTime_17 12 2 892 1
17 OnTime_17 13 1 1329 1
17 OnTime_17 14 1 765 1
17 OnTime_17 15 1 464 1
17 OnTime_17 15 2 967 1
17 OnTime_17 16 1 819 1
17 OnTime_17 16 2 819 1
18 OnTime_18 2 1 348 1
18 OnTime_18 3 1 740 1
18 OnTime_18 3 2 740 1
18 OnTime_18 4 2 643 1
18 OnTime_18 4 1 793 1
18 OnTime_18 8 1 714 1
18 OnTime_18 12 1 803 1
18 OnTime_18 12 2 803 1
18 OnTime_18 13 1 1362 1
18 OnTime_18 14 1 1334 1
18 OnTime_18 15 1 273 1
18 OnTime_18 15 2 1181 1
18 OnTime_18 16 1 436 1
18 OnTime_18 16 2 436 1
19 OnTime_19 2 1 811 1
19 OnTime_19 3 1 555 1
19 OnTime_19 3 2 555 1
19 OnTime_19 4 2 579 1
19 OnTime_19 4 1 776 1
19 OnTime_19 8 1 810 1
19 OnTime_19 8 2 810 1
19 OnTime_19 11 1 425 1
19 OnTime_19 12 1 899 1
19 OnTime_19 12 2 899 1
19 OnTime_19 13 1 981 1
19 OnTime_19 14 1 526 1
19 OnTime_19 15 1 1446 1
19 OnTime_19 15 2 1446 1
19 OnTime_19 16 1 865 1
19 OnTime_19 16 2 865 1
20 OnTime_20 2 1 479 1
20 OnTime_20 3 1 821 1
20 OnTime_20 4 1 791 1
20 OnTime_20 8 1 895 1
20 OnTime_20 8 2 895 1
20 OnTime_20 11 1 726 1
20 OnTime_20 12 1 594 1
20 OnTime_20 12 2 1160 1
20 OnTime_20 13 1 1279 1
20 OnTime_20 14 1 1002 1
20 OnTime_20 15 1 708 1
20 OnTime_20 15 2 708 1
20 OnTime_20 16 2 492 1
20 OnTime_20 16 1 1160 1
21 OnTime_21 2 1 711 1
21 OnTime_21 3 1 456 1
21 OnTime_21 4 1 461 1
21 OnTime_21 4 2 461 1
21 OnTime_21 8 1 813 1
21 OnTime_21 8 2 813 1
21 OnTime_21 11 1 841 1
21 OnTime_21 12 1 778 1
21 OnTime_21 12 2 778 1
21 OnTime_21 13 1 174 1
21 OnTime_21 14 1 358 1
21 OnTime_21 15 1 420 1
21 OnTime_21 15 2 420 1
21 OnTime_21 16 1 1004 1
21 OnTime_21 16 2 1004 1
22 OnTime_22 2 1 863 1
22 OnTime_22 3 1 1039 1
22 OnTime_22 3 2 1039 1
22 OnTime_22 4 1 1206 1
22 OnTime_22 4 2 1206 1
22 OnTime_22 8 1 804 1
22 OnTime_22 8 2 804 1
22 OnTime_22 11 1 585 1
22 OnTime_22 12 1 892 1
22 OnTime_22 12 2 899 1
22 OnTime_22 13 1 1279 1
22 OnTime_22 14 1 987 1
22 OnTime_22 15 1 1275 1
22 OnTime_22 15 2 1275 1
22 OnTime_22 16 1 437 1
23 OnTime_23 2 1 1028 1
23 OnTime_23 3 1 435 1
23 OnTime_23 3 2 435 1
23 OnTime_23 4 1 200 1
23 OnTime_23 4 2 793 1
23 OnTime_23 8 1 490 1
23 OnTime_23 8 2 992 1
23 OnTime_23 11 1 1107 1
23 OnTime_23 12 1 803 1
23 OnTime_23 12 2 803 1
23 OnTime_23 14 1 796 1
23 OnTime_23 15 1 923 1
23 OnTime_23 15 2 923 1
23 OnTime_23 16 1 825 1
23 OnTime_23 16 2 825 1
24 OnTime_24 2 1 643 1
24 OnTime_24 3 2 475 1
24 OnTime_24 3 1 793 1
24 OnTime_24 4 1 946 1
24 OnTime_24 4 2 946 1
24 OnTime_24 8 1 427 1
24 OnTime_24 8 2 427 1
24 OnTime_24 11 1 585 1
24 OnTime_24 13 1 475 1
24 OnTime_24 14 1 955 1
24 OnTime_24 15 1 558 1
24 OnTime_24 16 1 520 1
24 OnTime_24 16 2 520 1
25 OnTime_25 2 1 739 1
25 OnTime_25 3 1 1053 1
25 OnTime_25 3 2 1053 1
25 OnTime_25 4 1 736 1
25 OnTime_25 4 2 736 1
25 OnTime_25 8 1 1170 1
25 OnTime_25 8 2 1170 1
25 OnTime_25 11 1 726 1
25 OnTime_25 12 1 815 1
25 OnTime_25 12 2 868 1
25 OnTime_25 13 1 703 1
25 OnTime_25 15 1 1206 1
25 OnTime_25 15 2 1206 1
25 OnTime_25 16 1 928 1
25 OnTime_25 16 2 1245 1
26 OnTime_26 3 1 598 1
26 OnTime_26 3 2 598 1
26 OnTime_26 4 1 1117 1
26 OnTime_26 4 2 1117 1
26 OnTime_26 8 2 582 1
26 OnTime_26 8 1 815 1
26 OnTime_26 11 1 692 1
26 OnTime_26 12 1 803 1
26 OnTime_26 12 2 803 1
26 OnTime_26 13 1 398 1
26 OnTime_26 14 1 637 1
26 OnTime_26 15 1 441 1
26 OnTime_26 15 2 617 1
26 OnTime_26 16 1 582 1
26 OnTime_26 16 2 874 1
27 OnTime_27 2 1 517 1
27 OnTime_27 3 1 848 1
27 OnTime_27 3 2 877 1
27 OnTime_27 4 1 461 1
27 OnTime_27 4 2 568 1
27 OnTime_27 8 1 464 1
27 OnTime_27 8 2 833 1
27 OnTime_27 11 1 324 1
27 OnTime_27 12 1 883 1
27 OnTime_27 13 1 547 1
27 OnTime_27 14 1 796 1
27 OnTime_27 15 1 916 1
27 OnTime_27 15 2 916 1
27 OnTime_27 16 2 722 1
27 OnTime_27 16 1 833 1
28 OnTime_28 2 1 959 1
28 OnTime_28 3 1 350 1
28 OnTime_28 3 2 350 1
28 OnTime_28 4 1 643 1
28 OnTime_28 4 2 643 1
28 OnTime_28 8 1 810 1
28 OnTime_28 8 2 833 1
28 OnTime_28 11 1 656 1
28 OnTime_28 12 1 868 1
28 OnTime_28 12 2 868 1
28 OnTime_28 13 1 863 1
28 OnTime_28 14 1 796 1
28 OnTime_28 15 2 441 1
28 OnTime_28 15 1 967 1
28 OnTime_28 16 1 833 1
28 OnTime_28 16 2 1004 1
29 OnTime_29 2 1 711 1
29 OnTime_29 3 2 161 1
29 OnTime_29 3 1 420 1
29 OnTime_29 4 1 908 1
29 OnTime_29 4 2 908 1
29 OnTime_29 8 1 702 1
29 OnTime_29 11 1 1305 1
29 OnTime_29 12 1 868 1
29 OnTime_29 12 2 868 1
29 OnTime_29 13 1 917 1
29 OnTime_29 14 1 1077 1
29 OnTime_29 15 2 437 1
29 OnTime_29 15 1 719 1
29 OnTime_29 16 2 917 1
29 OnTime_29 16 1 1004 1
30 OnTime_30 2 1 811 1
30 OnTime_30 3 1 963 1
30 OnTime_30 3 2 963 1
30 OnTime_30 4 1 755 1
30 OnTime_30 4 2 755 1
30 OnTime_30 8 1 942 1
30 OnTime_30 8 2 942 1
30 OnTime_30 11 1 868 1
30 OnTime_30 12 1 881 1
30 OnTime_30 12 2 881 1
30 OnTime_30 13 1 1327 1
30 OnTime_30 14 1 311 1
30 OnTime_30 15 1 465 1
30 OnTime_30 15 2 1159 1
30 OnTime_30 16 1 825 1
30 OnTime_30 16 2 825 1
31 OnTime_31 2 1 348 1
31 OnTime_31 3 1 435 1
31 OnTime_31 3 2 435 1
31 OnTime_31 4 1 1040 1
31 OnTime_31 4 2 1040 1
31 OnTime_31 8 1 655 1
31 OnTime_31 8 2 655 1
31 OnTime_31 11 1 658 1
31 OnTime_31 12 1 528 1
31 OnTime_31 12 2 528 1
31 OnTime_31 13 1 891 1
31 OnTime_31 14 1 343 1
31 OnTime_31 15 1 1015 1
31 OnTime_31 15 2 1034 1
31 OnTime_31 16 2 746 1
31 OnTime_31 16 1 926 1
32 OnTime_32 2 1 245 1
32 OnTime_32 4 1 781 1
32 OnTime_32 4 2 781 1
32 OnTime_32 8 1 815 1
32 OnTime_32 8 2 815 1
32 OnTime_32 11 1 1290 1
32 OnTime_32 12 1 417 1
32 OnTime_32 12 2 417 1
32 OnTime_32 13 1 984 1
32 OnTime_32 14 1 1002 1
32 OnTime_32 15 1 1253 1
32 OnTime_32 15 2 1253 1
32 OnTime_32 16 1 865 1
32 OnTime_32 16 2 865 1
33 OnTime_33 2 1 792 1
33 OnTime_33 3 2 734 1
33 OnTime_33 3 1 866 1
33 OnTime_33 4 1 781 1
33 OnTime_33 4 2 781 1
33 OnTime_33 8 1 810 1
33 OnTime_33 8 2 833 1
33 OnTime_33 12 1 148 1
33 OnTime_33 12 2 148 1
33 OnTime_33 13 1 987 1
33 OnTime_33 14 1 833 1
33 OnTime_33 15 1 336 1
33 OnTime_33 15 2 336 1
33 OnTime_33 16 1 1298 1
33 OnTime_33 16 2 1371 1
34 OnTime_34 2 1 575 1
34 OnTime_34 3 1 963 1
34 OnTime_34 3 2 963 1
34 OnTime_34 4 1 704 1
34 OnTime_34 4 2 1412 1
34 OnTime_34 8 1 293 1
34 OnTime_34 8 2 293 1
34 OnTime_34 11 1 625 1
34 OnTime_34 12 1 417 1
34 OnTime_34 12 2 897 1
34 OnTime_34 13 1 601 1
34 OnTime_34 14 1 261 1
34 OnTime_34 15 1 1016 1
34 OnTime_34 15 2 1016 1
34 OnTime_34 16 2 871 1
34 OnTime_34 16 1 1412 1
35 OnTime_35 2 1 654 1
35 OnTime_35 3 1 308 1
35 OnTime_35 3 2 963 1
35 OnTime_35 4 1 736 1
35 OnTime_35 8 1 565 1
35 OnTime_35 8 2 943 1
35 OnTime_35 11 1 963 1
35 OnTime_35 12 1 121 1
35 OnTime_35 12 2 121 1
35 OnTime_35 13 1 863 1
35 OnTime_35 14 1 279 1
35 OnTime_35 15 1 967 1
35 OnTime_35 15 2 1050 1
35 OnTime_35 16 1 1396 1
35 OnTime_35 16 2 1396 1
36 OnTime_36 2 1 663 1
36 OnTime_36 3 1 308 1
36 OnTime_36 3 2 862 1
36 OnTime_36 4 1 481 1
36 OnTime_36 4 2 481 1
36 OnTime_36 8 1 686 1
36 OnTime_36 8 2 686 1
36 OnTime_36 13 1 1013 1
36 OnTime_36 14 1 862 1
36 OnTime_36 15 2 663 1
36 OnTime_36 15 1 1016 1
36 OnTime_36 16 2 339 1
36 OnTime_36 16 1 859 1
37 OnTime_37 2 1 466 1
37 OnTime_37 3 2 452 1
37 OnTime_37 3 1 461 1
37 OnTime_37 4 2 461 1
37 OnTime_37 4 1 666 1
37 OnTime_37 8 1 960 1
37 OnTime_37 13 1 981 1
37 OnTime_37 14 1 285 1
37 OnTime_37 15 1 701 1
37 OnTime_37 15 2 890 1
37 OnTime_37 16 1 626 1
37 OnTime_37 16 2 626 1
38 OnTime_38 2 1 712 1
38 OnTime_38 3 1 650 1
38 OnTime_38 3 2 650 1
38 OnTime_38 4 1 617 1
38 OnTime_38 4 2 617 1
38 OnTime_38 8 1 425 1
38 OnTime_38 8 2 804 1
38 OnTime_38 11 1 841 1
38 OnTime_38 12 2 425 1
38 OnTime_38 12 1 803 1
38 OnTime_38 13 1 329 1
38 OnTime_38 14 1 517 1
38 OnTime_38 15 1 1446 1
38 OnTime_38 15 2 1446 1
38 OnTime_38 16 1 767 1
38 OnTime_38 16 2 767 1
39 OnTime_39 2 1 654 1
39 OnTime_39 3 1 142 1
39 OnTime_39 3 2 142 1
39 OnTime_39 4 2 325 1
39 OnTime_39 4 1 481 1
39 OnTime_39 8 1 714 1
39 OnTime_39 8 2 833 1
39 OnTime_39 11 1 658 1
39 OnTime_39 12 1 617 1
39 OnTime_39 12 2 803 1
39 OnTime_39 13 1 863 1
39 OnTime_39 14 1 862 1
39 OnTime_39 15 2 615 1
39 OnTime_39 15 1 1015 1
39 OnTime_39 16 1 825 1
39 OnTime_39 16 2 825 1
40 OnTime_40 2 1 146 1
40 OnTime_40 3 1 495 1
40 OnTime_40 3 2 495 1
40 OnTime_40 4 1 579 1
40 OnTime_40 4 2 1040 1
40 OnTime_40 8 2 328 1
40 OnTime_40 8 1 490 1
40 OnTime_40 11 1 1063 1
40 OnTime_40 12 2 684 1
40 OnTime_40 12 1 883 1
40 OnTime_40 13 1 496 1
40 OnTime_40 14 1 261 1
40 OnTime_40 15 1 441 1
40 OnTime_40 15 2 441 1
40 OnTime_40 16 1 835 1
40 OnTime_40 16 2 1116 1
41 OnTime_41 2 1 811 1
41 OnTime_41 3 1 820 1
41 OnTime_41 3 2 1332 1
41 OnTime_41 4 2 497 1
41 OnTime_41 4 1 755 1
41 OnTime_41 8 1 833 1
41 OnTime_41 12 2 812 1
41 OnTime_41 12 1 1368 1
41 OnTime_41 13 1 644 1
41 OnTime_41 14 1 469 1
41 OnTime_41 15 1 503 1
41 OnTime_41 15 2 503 1
41 OnTime_41 16 1 183 1
41 OnTime_41 16 2 874 1
42 OnTime_42 2 1 959 1
42 OnTime_42 3 1 995 1
42 OnTime_42 3 2 995 1
42 OnTime_42 4 1 153 1
42 OnTime_42 4 2 153 1
42 OnTime_42 8 1 357 1
42 OnTime_42 8 2 357 1
42 OnTime_42 11 1 311 1
42 OnTime_42 12 1 1160 1
42 OnTime_42 12 2 1160 1
42 OnTime_42 14 1 844 1
42 OnTime_42 15 1 1016 1
42 OnTime_42 15 2 1016 1
42 OnTime_42 16 1 879 1
42 OnTime_42 16 2 879 1
43 OnTime_43 2 1 350 1
43 OnTime_43 3 1 596 1
43 OnTime_43 3 2 596 1
43 OnTime_43 4 1 793 1
43 OnTime_43 4 2 793 1
43 OnTime_43 8 1 1170 1
43 OnTime_43 8 2 1170 1
43 OnTime_43 11 1 974 1
43 OnTime_43 12 1 1373 1
43 OnTime_43 12 2 1373 1
43 OnTime_43 13 1 981 1
43 OnTime_43 14 1 348 1
43 OnTime_43 15 2 350 1
43 OnTime_43 15 1 1016 1
43 OnTime_43 16 1 833 1
43 OnTime_43 16 2 908 1
44 OnTime_44 2 1 1383 1
44 OnTime_44 3 2 326 1
44 OnTime_44 3 1 848 1
44 OnTime_44 4 1 409 1
44 OnTime_44 4 2 733 1
44 OnTime_44 8 1 813 1
44 OnTime_44 8 2 813 1
44 OnTime_44 11 1 1273 1
44 OnTime_44 12 1 1221 1
44 OnTime_44 12 2 1221 1
44 OnTime_44 13 1 917 1
44 OnTime_44 14 1 962 1
44 OnTime_44 15 2 312 1
44 OnTime_44 15 1 719 1
44 OnTime_44 16 2 750 1
44 OnTime_44 16 1 767 1
45 OnTime_45 2 1 712 1
45 OnTime_45 3 1 435 1
45 OnTime_45 3 2 435 1
45 OnTime_45 4 1 717 1
45 OnTime_45 4 2 717 1
45 OnTime_45 8 1 714 1
45 OnTime_45 8 2 1202 1
45 OnTime_45 11 1 189 1
45 OnTime_45 13 1 596 1
45 OnTime_45 14 1 358 1
45 OnTime_45 15 1 744 1
45 OnTime_45 16 1 859 1
45 OnTime_45 16 2 869 1
46 OnTime_46 2 1 1016 1
46 OnTime_46 3 1 1014 1
46 OnTime_46 3 2 1176 1
46 OnTime_46 4 1 789 1
46 OnTime_46 4 2 1040 1
46 OnTime_46 8 2 789 1
46 OnTime_46 8 1 942 1
46 OnTime_46 11 1 585 1
46 OnTime_46 12 1 463 1
46 OnTime_46 12 2 812 1
46 OnTime_46 13 1 790 1
46 OnTime_46 14 1 679 1
46 OnTime_46 15 1 420 1
46 OnTime_46 15 2 420 1
46 OnTime_46 16 1 1371 1
46 OnTime_46 16 2 1371 1
47 OnTime_47 2 1 712 1
47 OnTime_47 3 1 420 1
47 OnTime_47 3 2 420 1
47 OnTime_47 4 1 905 1
47 OnTime_47 4 2 905 1
47 OnTime_47 8 2 655 1
47 OnTime_47 8 1 714 1
47 OnTime_47 11 1 658 1
47 OnTime_47 12 1 121 1
47 OnTime_47 12 2 635 1
47 OnTime_47 13 1 958 1
47 OnTime_47 14 1 862 1
47 OnTime_47 15 1 837 1
47 OnTime_47 15 2 1333 1
47 OnTime_47 16 1 750 1
47 OnTime_47 16 2 750 1
48 OnTime_48 2 1 1008 1
48 OnTime_48 3 2 793 1
48 OnTime_48 3 1 1142 1
48 OnTime_48 4 1 793 1
48 OnTime_48 4 2 954 1
48 OnTime_48 8 1 943 1
48 OnTime_48 8 2 943 1
48 OnTime_48 12 1 1440 1
48 OnTime_48 12 2 1440 1
48 OnTime_48 13 1 954 1
48 OnTime_48 14 1 913 1
48 OnTime_48 15 1 1385 1
48 OnTime_48 15 2 1385 1
48 OnTime_48 16 2 661 1
48 OnTime_48 16 1 819 1
49 OnTime_49 2 1 466 1
49 OnTime_49 3 2 475 1
49 OnTime_49 3 1 649 1
49 OnTime_49 4 1 666 1
49 OnTime_49 4 2 666 1
49 OnTime_49 8 1 943 1
49 OnTime_49 8 2 943 1
49 OnTime_49 11 1 842 1
49 OnTime_49 13 1 475 1
49 OnTime_49 14 1 379 1
49 OnTime_49 15 1 559 1
49 OnTime_49 15 2 559 1
49 OnTime_49 16 1 1176 1
49 OnTime_49 16 2 1176 1
50 OnTime_50 2 1 185 1
50 OnTime_50 3 2 406 1
50 OnTime_50 3 1 740 1
50 OnTime_50 8 1 490 1
50 OnTime_50 8 2 1450 1
50 OnTime_50 11 1 842 1
50 OnTime_50 12 1 355 1
50 OnTime_50 12 2 355 1
50 OnTime_50 13 1 917 1
50 OnTime_50 14 1 1012 1
50 OnTime_50 15 1 441 1
50 OnTime_50 15 2 701 1
50 OnTime_50 16 1 667 1
50 OnTime_50 16 2 667 1
51 OnTime_51 2 1 625 1
51 OnTime_51 3 1 420 1
51 OnTime_51 3 2 420 1
51 OnTime_51 4 1 755 1
51 OnTime_51 4 2 776 1
51 OnTime_51 8 2 815 1
51 OnTime_51 8 1 1429 1
51 OnTime_51 11 1 460 1
51 OnTime_51 12 1 417 1
51 OnTime_51 12 2 417 1
51 OnTime_51 13 1 439 1
51 OnTime_51 14 1 633 1
51 OnTime_51 15 2 247 1
51 OnTime_51 15 1 1015 1
51 OnTime_51 16 2 354 1
51 OnTime_51 16 1 626 1
52 OnTime_52 2 1 478 1
52 OnTime_52 3 1 456 1
52 OnTime_52 3 2 456 1
52 OnTime_52 4 1 1385 1
52 OnTime_52 4 2 1385 1
52 OnTime_52 8 1 490 1
52 OnTime_52 8 2 490 1
52 OnTime_52 12 1 769 1
52 OnTime_52 12 2 769 1
52 OnTime_52 13 1 495 1
52 OnTime_52 14 1 526 1
52 OnTime_52 15 1 779 1
52 OnTime_52 15 2 779 1
52 OnTime_52 16 2 835 1
52 OnTime_52 16 1 926 1
53 OnTime_53 2 1 712 1
53 OnTime_53 3 1 456 1
53 OnTime_53 3 2 848 1
53 OnTime_53 4 1 520 1
53 OnTime_53 4 2 568 1
53 OnTime_53 8 1 810 1
53 OnTime_53 8 2 810 1
53 OnTime_53 11 1 963 1
53 OnTime_53 12 1 892 1
53 OnTime_53 12 2 892 1
53 OnTime_53 13 1 398 1
53 OnTime_53 14 1 117 1
53 OnTime_53 15 1 1016 1
53 OnTime_53 15 2 1017 1
53 OnTime_53 16 1 865 1
53 OnTime_53 16 2 865 1
54 OnTime_54 2 1 575 1
54 OnTime_54 3 1 534 1
54 OnTime_54 3 2 596 1
54 OnTime_54 4 1 776 1
54 OnTime_54 4 2 776 1
54 OnTime_54 8 1 293 1
54 OnTime_54 8 2 293 1
54 OnTime_54 11 1 625 1
54 OnTime_54 12 1 1373 1
54 OnTime_54 12 2 1373 1
54 OnTime_54 13 1 917 1
54 OnTime_54 14 1 862 1
54 OnTime_54 15 1 483 1
54 OnTime_54 15 2 779 1
54 OnTime_54 16 2 819 1
54 OnTime_54 16 1 833 1
55 OnTime_55 2 1 466 1
55 OnTime_55 3 2 518 1
55 OnTime_55 3 1 1070 1
55 OnTime_55 4 1 733 1
55 OnTime_55 4 2 793 1
55 OnTime_55 8 1 714 1
55 OnTime_55 8 2 714 1
55 OnTime_55 11 1 375 1
55 OnTime_55 12 2 467 1
55 OnTime_55 12 1 684 1
55 OnTime_55 13 1 289 1
55 OnTime_55 14 1 633 1
55 OnTime_55 15 2 128 1
55 OnTime_55 15 1 701 1
55 OnTime_55 16 2 908 1
55 OnTime_55 16 1 1412 1
56 OnTime_56 2 1 867 1
56 OnTime_56 3 1 650 1
56 OnTime_56 3 2 1014 1
56 OnTime_56 4 1 793 1
56 OnTime_56 4 2 793 1
56 OnTime_56 8 1 796 1
56 OnTime_56 11 1 257 1
56 OnTime_56 12 2 828 1
56 OnTime_56 12 1 883 1
56 OnTime_56 13 1 679 1
56 OnTime_56 14 1 923 1
56 OnTime_56 15 1 247 1
56 OnTime_56 15 2 247 1
56 OnTime_56 16 1 746 1
56 OnTime_56 16 2 746 1
57 OnTime_57 2 1 811 1
57 OnTime_57 3 1 877 1
57 OnTime_57 3 2 1221 1
57 OnTime_57 4 1 325 1
57 OnTime_57 4 2 776 1
57 OnTime_57 8 1 490 1
57 OnTime_57 8 2 528 1
57 OnTime_57 11 1 982 1
57 OnTime_57 12 2 374 1
57 OnTime_57 12 1 1221 1
57 OnTime_57 13 1 863 1
57 OnTime_57 14 1 638 1
57 OnTime_57 15 1 769 1
57 OnTime_57 15 2 779 1
57 OnTime_57 16 1 306 1
57 OnTime_57 16 2 879 1
58 OnTime_58 2 1 712 1
58 OnTime_58 3 1 495 1
58 OnTime_58 4 2 776 1
58 OnTime_58 4 1 946 1
58 OnTime_58 8 2 490 1
58 OnTime_58 8 1 914 1
58 OnTime_58 11 1 1202 1
58 OnTime_58 12 1 803 1
58 OnTime_58 12 2 803 1
58 OnTime_58 13 1 1362 1
58 OnTime_58 14 1 765 1
58 OnTime_58 15 1 849 1
58 OnTime_58 15 2 849 1
58 OnTime_58 16 1 1175 1
58 OnTime_58 16 2 1175 1
59 OnTime_59 2 1 884 1
59 OnTime_59 3 2 142 1
59 OnTime_59 3 1 734 1
59 OnTime_59 4 1 170 1
59 OnTime_59 4 2 170 1
59 OnTime_59 8 1 243 1
59 OnTime_59 8 2 243 1
59 OnTime_59 11 1 936 1
59 OnTime_59 12 1 703 1
59 OnTime_59 12 2 703 1
59 OnTime_59 13 1 679 1
59 OnTime_59 14 1 1002 1
59 OnTime_59 15 1 948 1
59 OnTime_59 15 2 948 1
59 OnTime_59 16 2 679 1
59 OnTime_59 16 1 792 1
60 OnTime_60 2 1 884 1
60 OnTime_60 3 1 475 1
60 OnTime_60 3 2 475 1
60 OnTime_60 4 2 789 1
60 OnTime_60 4 1 1167 1
60 OnTime_60 8 1 490 1
60 OnTime_60 8 2 490 1
60 OnTime_60 11 1 303 1
60 OnTime_60 12 1 812 1
60 OnTime_60 12 2 962 1
60 OnTime_60 13 1 790 1
60 OnTime_60 14 1 962 1
60 OnTime_60 15 1 247 1
60 OnTime_60 15 2 247 1
60 OnTime_60 16 1 582 1
60 OnTime_60 16 2 582 1
61 OnTime_61 2 1 424 1
61 OnTime_61 3 1 474 1
61 OnTime_61 3 2 474 1
61 OnTime_61 4 1 781 1
61 OnTime_61 8 1 425 1
61 OnTime_61 8 2 796 1
61 OnTime_61 11 1 585 1
61 OnTime_61 12 1 617 1
61 OnTime_61 12 2 617 1
61 OnTime_61 13 1 1434 1
61 OnTime_61 14 1 796 1
61 OnTime_61 15 1 1275 1
61 OnTime_61 16 1 1004 1
61 OnTime_61 16 2 1004 1
62 OnTime_62 2 1 665 1
62 OnTime_62 3 1 915 1
62 OnTime_62 3 2 1176 1
62 OnTime_62 4 1 666 1
62 OnTime_62 4 2 666 1
62 OnTime_62 8 1 1038 1
62 OnTime_62 11 1 716 1
62 OnTime_62 12 1 1006 1
62 OnTime_62 12 2 1006 1
62 OnTime_62 13 1 601 1
62 OnTime_62 14 1 1061 1
62 OnTime_62 15 1 916 1
62 OnTime_62 15 2 916 1
62 OnTime_62 16 2 835 1
62 OnTime_62 16 1 1176 1
63 OnTime_63 2 1 245 1
63 OnTime_63 3 1 793 1
63 OnTime_63 4 1 409 1
63 OnTime_63 4 2 409 1
63 OnTime_63 8 2 885 1
63 OnTime_63 8 1 914 1
63 OnTime_63 11 1 257 1
63 OnTime_63 12 1 689 1
63 OnTime_63 12 2 689 1
63 OnTime_63 13 1 203 1
63 OnTime_63 14 1 996 1
63 OnTime_63 15 2 203 1
63 OnTime_63 15 1 341 1
63 OnTime_63 16 1 1276 1
64 OnTime_64 2 1 499 1
64 OnTime_64 3 1 963 1
64 OnTime_64 4 1 828 1
64 OnTime_64 4 2 1348 1
64 OnTime_64 8 1 655 1
64 OnTime_64 8 2 655 1
64 OnTime_64 11 1 658 1
64 OnTime_64 12 1 405 1
64 OnTime_64 12 2 828 1
64 OnTime_64 13 1 1348 1
64 OnTime_64 14 1 1146 1
64 OnTime_64 15 1 558 1
64 OnTime_64 15 2 1266 1
64 OnTime_64 16 2 746 1
64 OnTime_64 16 1 1175 1
65 OnTime_65 2 1 863 1
65 OnTime_65 3 1 596 1
65 OnTime_65 3 2 610 1
65 OnTime_65 4 2 525 1
65 OnTime_65 4 1 1103 1
65 OnTime_65 8 1 1186 1
65 OnTime_65 8 2 1186 1
65 OnTime_65 11 1 246 1
65 OnTime_65 12 1 881 1
65 OnTime_65 12 2 881 1
65 OnTime_65 13 1 525 1
65 OnTime_65 14 1 517 1
65 OnTime_65 15 1 769 1
65 OnTime_65 15 2 769 1
65 OnTime_65 16 2 819 1
65 OnTime_65 16 1 926 1
66 OnTime_66 2 1 300 1
66 OnTime_66 3 2 518 1
66 OnTime_66 3 1 1221 1
66 OnTime_66 4 1 643 1
66 OnTime_66 4 2 643 1
66 OnTime_66 8 1 1296 1
66 OnTime_66 8 2 1296 1
66 OnTime_66 11 1 868 1
66 OnTime_66 12 1 883 1
66 OnTime_66 12 2 883 1
66 OnTime_66 13 1 1013 1
66 OnTime_66 14 1 833 1
66 OnTime_66 15 1 825 1
66 OnTime_66 15 2 825 1
66 OnTime_66 16 2 833 1
66 OnTime_66 16 1 1160 1
67 OnTime_67 2 1 884 1
67 OnTime_67 3 1 418 1
67 OnTime_67 3 2 418 1
67 OnTime_67 4 1 461 1
67 OnTime_67 4 2 754 1
67 OnTime_67 8 2 582 1
67 OnTime_67 11 1 982 1
67 OnTime_67 12 1 1368 1
67 OnTime_67 12 2 1368 1
67 OnTime_67 13 1 1080 1
67 OnTime_67 14 1 1081 1
67 OnTime_67 15 2 663 1
67 OnTime_67 15 1 923 1
67 OnTime_67 16 1 582 1
68 OnTime_68 2 1 1008 1
68 OnTime_68 4 1 579 1
68 OnTime_68 4 2 579 1
68 OnTime_68 8 1 655 1
68 OnTime_68 8 2 655 1
68 OnTime_68 11 1 1173 1
68 OnTime_68 12 1 883 1
68 OnTime_68 12 2 883 1
68 OnTime_68 13 1 390 1
68 OnTime_68 15 2 721 1
68 OnTime_68 15 1 890 1
68 OnTime_68 16 1 792 1
68 OnTime_68 16 2 792 1
69 OnTime_69 2 1 602 1
69 OnTime_69 3 2 995 1
69 OnTime_69 3 1 1039 1
69 OnTime_69 4 1 643 1
69 OnTime_69 4 2 643 1
69 OnTime_69 8 1 796 1
69 OnTime_69 8 2 796 1
69 OnTime_69 12 1 880 1
69 OnTime_69 12 2 892 1
69 OnTime_69 13 1 695 1
69 OnTime_69 14 1 285 1
69 OnTime_69 16 2 926 1
69 OnTime_69 16 1 1303 1
70 OnTime_70 2 1 350 1
70 OnTime_70 3 2 350 1
70 OnTime_70 3 1 623 1
70 OnTime_70 4 1 673 1
70 OnTime_70 4 2 673 1
70 OnTime_70 8 1 885 1
70 OnTime_70 8 2 885 1
70 OnTime_70 11 1 865 1
70 OnTime_70 12 1 417 1
70 OnTime_70 12 2 417 1
70 OnTime_70 13 1 695 1
70 OnTime_70 14 1 923 1
70 OnTime_70 15 1 402 1
70 OnTime_70 15 2 402 1
70 OnTime_70 16 1 819 1
70 OnTime_70 16 2 865 1
71 OnTime_71 2 1 654 1
71 OnTime_71 3 2 862 1
71 OnTime_71 3 1 1014 1
71 OnTime_71 4 1 998 1
71 OnTime_71 4 2 998 1
71 OnTime_71 8 1 702 1
71 OnTime_71 8 2 702 1
71 OnTime_71 11 1 303 1
71 OnTime_71 12 1 426 1
71 OnTime_71 12 2 672 1
71 OnTime_71 13 1 575 1
71 OnTime_71 14 1 862 1
71 OnTime_71 15 1 721 1
71 OnTime_71 15 2 721 1
71 OnTime_71 16 1 724 1
71 OnTime_71 16 2 724 1
72 OnTime_72 2 1 1016 1
72 OnTime_72 3 1 650 1
72 OnTime_72 3 2 650 1
72 OnTime_72 4 1 828 1
72 OnTime_72 4 2 828 1
72 OnTime_72 8 1 813 1
72 OnTime_72 8 2 1038 1
72 OnTime_72 11 1 1305 1
72 OnTime_72 12 1 883 1
72 OnTime_72 12 2 883 1
72 OnTime_72 15 1 719 1
72 OnTime_72 15 2 719 1
72 OnTime_72 16 1 667 1
72 OnTime_72 16 2 871 1
73 OnTime_73 2 1 602 1
73 OnTime_73 3 2 820 1
73 OnTime_73 3 1 1070 1
73 OnTime_73 4 1 1103 1
73 OnTime_73 4 2 1103 1
73 OnTime_73 8 1 1094 1
73 OnTime_73 8 2 1094 1
73 OnTime_73 11 1 193 1
73 OnTime_73 12 1 635 1
73 OnTime_73 12 2 635 1
73 OnTime_73 13 1 398 1
73 OnTime_73 14 1 841 1
73 OnTime_73 15 2 779 1
73 OnTime_73 15 1 1131 1
73 OnTime_73 16 2 667 1
73 OnTime_73 16 1 792 1
74 OnTime_74 2 1 712 1
74 OnTime_74 3 2 821 1
74 OnTime_74 3 1 915 1
74 OnTime_74 4 1 481 1
74 OnTime_74 4 2 791 1
74 OnTime_74 8 2 243 1
74 OnTime_74 8 1 427 1
74 OnTime_74 11 1 821 1
74 OnTime_74 12 1 417 1
74 OnTime_74 12 2 417 1
74 OnTime_74 13 1 1327 1
74 OnTime_74 14 1 1002 1
74 OnTime_74 15 1 465 1
74 OnTime_74 15 2 825 1
74 OnTime_74 16 2 667 1
74 OnTime_74 16 1 825 1
75 OnTime_75 2 1 739 1
75 OnTime_75 3 1 1039 1
75 OnTime_75 3 2 1263 1
75 OnTime_75 4 1 393 1
75 OnTime_75 4 2 393 1
75 OnTime_75 8 1 582 1
75 OnTime_75 8 2 582 1
75 OnTime_75 11 1 868 1
75 OnTime_75 12 1 594 1
75 OnTime_75 12 2 868 1
75 OnTime_75 14 1 1334 1
75 OnTime_75 15 2 719 1
75 OnTime_75 15 1 1075 1
75 OnTime_75 16 1 953 1
75 OnTime_75 16 2 953 1
76 OnTime_76 2 1 600 1
76 OnTime_76 3 1 753 1
76 OnTime_76 3 2 753 1
76 OnTime_76 4 1 1206 1
76 OnTime_76 4 2 1253 1
76 OnTime_76 8 1 942 1
76 OnTime_76 8 2 942 1
76 OnTime_76 11 1 951 1
76 OnTime_76 12 1 417 1
76 OnTime_76 12 2 828 1
76 OnTime_76 13 1 495 1
76 OnTime_76 14 1 517 1
76 OnTime_76 15 2 558 1
76 OnTime_76 15 1 1253 1
76 OnTime_76 16 1 953 1
76 OnTime_76 16 2 1276 1
77 OnTime_77 2 1 517 1
77 OnTime_77 3 1 326 1
77 OnTime_77 3 2 473 1
77 OnTime_77 4 1 1344 1
77 OnTime_77 4 2 1344 1
77 OnTime_77 8 1 1170 1
77 OnTime_77 8 2 1170 1
77 OnTime_77 11 1 814 1
77 OnTime_77 12 2 815 1
77 OnTime_77 12 1 1235 1
77 OnTime_77 13 1 473 1
77 OnTime_77 14 1 987 1
77 OnTime_77 15 1 663 1
77 OnTime_77 15 2 663 1
77 OnTime_77 16 1 436 1
77 OnTime_77 16 2 436 1
78 OnTime_78 2 1 602 1
78 OnTime_78 3 1 740 1
78 OnTime_78 3 2 740 1
78 OnTime_78 4 1 617 1
78 OnTime_78 4 2 617 1
78 OnTime_78 8 1 558 1
78 OnTime_78 11 1 1218 1
78 OnTime_78 12 1 1006 1
78 OnTime_78 12 2 1006 1
78 OnTime_78 13 1 769 1
78 OnTime_78 14 1 638 1
78 OnTime_78 15 2 264 1
78 OnTime_78 15 1 849 1
78 OnTime_78 16 1 989 1
78 OnTime_78 16 2 989 1
79 OnTime_79 3 2 518 1
79 OnTime_79 3 1 877 1
79 OnTime_79 4 1 561 1
79 OnTime_79 4 2 561 1
79 OnTime_79 8 1 804 1
79 OnTime_79 8 2 804 1
79 OnTime_79 11 1 355 1
79 OnTime_79 12 2 355 1
79 OnTime_79 12 1 803 1
79 OnTime_79 13 1 525 1
79 OnTime_79 14 1 526 1
79 OnTime_79 15 2 402 1
79 OnTime_79 15 1 967 1
80 OnTime_80 2 1 397 1
80 OnTime_80 3 1 518 1
80 OnTime_80 3 2 1131 1
80 OnTime_80 4 1 497 1
80 OnTime_80 8 1 427 1
80 OnTime_80 11 1 257 1
80 OnTime_80 12 1 892 1
80 OnTime_80 12 2 892 1
80 OnTime_80 13 1 679 1
80 OnTime_80 14 1 327 1
80 OnTime_80 15 2 242 1
80 OnTime_80 15 1 1131 1
80 OnTime_80 16 2 859 1
80 OnTime_80 16 1 996 1
81 OnTime_81 2 1 1205 1
81 OnTime_81 3 1 596 1
81 OnTime_81 3 2 995 1
81 OnTime_81 4 1 655 1
81 OnTime_81 8 1 1170 1
81 OnTime_81 8 2 1170 1
81 OnTime_81 11 1 658 1
81 OnTime_81 12 1 148 1
81 OnTime_81 12 2 996 1
81 OnTime_81 13 1 863 1
81 OnTime_81 14 1 604 1
81 OnTime_81 16 2 835 1
81 OnTime_81 16 1 996 1
82 OnTime_82 2 1 739 1
82 OnTime_82 3 2 541 1
82 OnTime_82 3 1 623 1
82 OnTime_82 4 1 797 1
82 OnTime_82 8 1 490 1
82 OnTime_82 8 2 490 1
82 OnTime_82 11 1 625 1
82 OnTime_82 12 1 880 1
82 OnTime_82 12 2 880 1
82 OnTime_82 14 1 882 1
82 OnTime_82 15 1 708 1
82 OnTime_82 16 1 745 1
82 OnTime_82 16 2 745 1
83 OnTime_83 2 1 628 1
83 OnTime_83 3 2 161 1
83 OnTime_83 3 1 442 1
83 OnTime_83 4 1 905 1
83 OnTime_83 4 2 905 1
83 OnTime_83 8 2 833 1
83 OnTime_83 11 1 699 1
83 OnTime_83 12 2 417 1
83 OnTime_83 12 1 881 1
83 OnTime_83 13 1 1035 1
83 OnTime_83 14 1 833 1
83 OnTime_83 15 1 434 1
83 OnTime_83 15 2 434 1
83 OnTime_83 16 1 678 1
83 OnTime_83 16 2 678 1
84 OnTime_84 2 1 499 1
84 OnTime_84 3 1 541 1
84 OnTime_84 3 2 541 1
84 OnTime_84 4 1 828 1
84 OnTime_84 8 1 565 1
84 OnTime_84 8 2 565 1
84 OnTime_84 11 1 257 1
84 OnTime_84 12 1 467 1
84 OnTime_84 12 2 828 1
84 OnTime_84 13 1 207 1
84 OnTime_84 14 1 923 1
84 OnTime_84 15 1 523 1
84 OnTime_84 15 2 923 1
84 OnTime_84 16 2 745 1
84 OnTime_84 16 1 908 1
85 OnTime_85 2 1 628 1
85 OnTime_85 3 1 877 1
85 OnTime_85 3 2 915 1
85 OnTime_85 4 1 1048 1
85 OnTime_85 4 2 1253 1
85 OnTime_85 8 1 895 1
85 OnTime_85 8 2 895 1
85 OnTime_85 11 1 1163 1
85 OnTime_85 12 1 121 1
85 OnTime_85 12 2 121 1
85 OnTime_85 13 1 695 1
85 OnTime_85 14 1 841 1
85 OnTime_85 15 1 686 1
85 OnTime_85 15 2 1034 1
85 OnTime_85 16 1 859 1
86 OnTime_86 2 1 144 1
86 OnTime_86 3 1 596 1
86 OnTime_86 3 2 596 1
86 OnTime_86 4 2 608 1
86 OnTime_86 4 1 905 1
86 OnTime_86 8 1 425 1
86 OnTime_86 11 1 814 1
86 OnTime_86 12 1 405 1
86 OnTime_86 12 2 425 1
86 OnTime_86 13 1 473 1
86 OnTime_86 14 1 844 1
86 OnTime_86 15 1 503 1
86 OnTime_86 15 2 663 1
86 OnTime_86 16 1 1016 1
86 OnTime_86 16 2 1016 1
87 OnTime_87 2 1 575 1
87 OnTime_87 3 1 452 1
87 OnTime_87 3 2 452 1
87 OnTime_87 4 1 733 1
87 OnTime_87 4 2 736 1
87 OnTime_87 8 1 1451 1
87 OnTime_87 8 2 1451 1
87 OnTime_87 11 1 625 1
87 OnTime_87 12 1 635 1
87 OnTime_87 12 2 635 1
87 OnTime_87 13 1 863 1
87 OnTime_87 15 1 617 1
87 OnTime_87 15 2 701 1
87 OnTime_87 16 1 226 1
87 OnTime_87 16 2 690 1
88 OnTime_88 2 1 348 1
88 OnTime_88 3 2 753 1
88 OnTime_88 3 1 963 1
88 OnTime_88 4 1 793 1
88 OnTime_88 4 2 1385 1
88 OnTime_88 8 1 243 1
88 OnTime_88 8 2 943 1
88 OnTime_88 11 1 190 1
88 OnTime_88 12 2 815 1
88 OnTime_88 12 1 1221 1
88 OnTime_88 13 1 1257 1
88 OnTime_88 14 1 955 1
88 OnTime_88 15 1 336 1
88 OnTime_88 15 2 336 1
88 OnTime_88 16 1 825 1
88 OnTime_88 16 2 825 1
89 OnTime_89 2 1 663 1
89 OnTime_89 3 2 326 1
89 OnTime_89 3 1 518 1
89 OnTime_89 4 1 186 1
89 OnTime_89 4 2 409 1
89 OnTime_89 8 2 573 1
89 OnTime_89 8 1 1202 1
89 OnTime_89 11 1 963 1
89 OnTime_89 12 1 815 1
89 OnTime_89 12 2 815 1
89 OnTime_89 13 1 573 1
89 OnTime_89 14 1 923 1
89 OnTime_89 15 1 618 1
89 OnTime_89 15 2 618 1
89 OnTime_89 16 1 667 1
89 OnTime_89 16 2 953 1
90 OnTime_90 2 1 478 1
90 OnTime_90 3 1 534 1
90 OnTime_90 3 2 534 1
90 OnTime_90 4 2 564 1
90 OnTime_90 4 1 828 1
90 OnTime_90 8 1 618 1
90 OnTime_90 11 1 585 1
90 OnTime_90 12 1 564 1
90 OnTime_90 12 2 567 1
90 OnTime_90 13 1 439 1
90 OnTime_90 15 2 434 1
90 OnTime_90 15 1 775 1
90 OnTime_90 16 1 825 1
90 OnTime_90 16 2 846 1
91 OnTime_91 2 1 628 1
91 OnTime_91 3 1 475 1
91 OnTime_91 3 2 475 1
91 OnTime_91 4 2 525 1
91 OnTime_91 4 1 828 1
91 OnTime_91 8 1 464 1
91 OnTime_91 8 2 810 1
91 OnTime_91 11 1 936 1
91 OnTime_91 12 1 880 1
91 OnTime_91 12 2 880 1
91 OnTime_91 13 1 525 1
91 OnTime_91 14 1 679 1
91 OnTime_91 15 1 663 1
91 OnTime_91 15 2 825 1
91 OnTime_91 16 2 435 1
91 OnTime_91 16 1 825 1
92 OnTime_92 2 1 602 1
92 OnTime_92 3 2 142 1
92 OnTime_92 3 1 623 1
92 OnTime_92 4 1 793 1
92 OnTime_92 4 2 793 1
92 OnTime_92 8 1 1329 1
92 OnTime_92 11 1 1273 1
92 OnTime_92 12 1 828 1
92 OnTime_92 12 2 828 1
92 OnTime_92 13 1 142 1
92 OnTime_92 14 1 765 1
92 OnTime_92 15 1 203 1
92 OnTime_92 15 2 203 1
92 OnTime_92 16 1 871 1
92 OnTime_92 16 2 879 1
93 OnTime_93 2 1 602 1
93 OnTime_93 3 1 121 1
93 OnTime_93 3 2 121 1
93 OnTime_93 4 1 893 1
93 OnTime_93 4 2 893 1
93 OnTime_93 8 1 528 1
93 OnTime_93 8 2 528 1
93 OnTime_93 11 1 974 1
93 OnTime_93 12 1 417 1
93 OnTime_93 12 2 417 1
93 OnTime_93 14 1 796 1
93 OnTime_93 16 2 989 1
93 OnTime_93 16 1 1126 1
94 OnTime_94 2 1 625 1
94 OnTime_94 3 2 418 1
94 OnTime_94 3 1 565 1
94 OnTime_94 4 1 776 1
94 OnTime_94 4 2 776 1
94 OnTime_94 8 2 565 1
94 OnTime_94 8 1 1150 1
94 OnTime_94 11 1 726 1
94 OnTime_94 12 2 121 1
94 OnTime_94 12 1 815 1
94 OnTime_94 13 1 863 1
94 OnTime_94 14 1 679 1
94 OnTime_94 15 2 618 1
94 OnTime_94 15 1 1270 1
94 OnTime_94 16 1 1065 1
94 OnTime_94 16 2 1065 1
95 OnTime_95 2 1 689 1
95 OnTime_95 3 1 435 1
95 OnTime_95 3 2 435 1
95 OnTime_95 4 1 409 1
95 OnTime_95 4 2 409 1
95 OnTime_95 8 1 789 1
95 OnTime_95 8 2 789 1
95 OnTime_95 11 1 585 1
95 OnTime_95 12 1 349 1
95 OnTime_95 12 2 1145 1
95 OnTime_95 13 1 1327 1
95 OnTime_95 14 1 833 1
95 OnTime_95 15 1 203 1
95 OnTime_95 15 2 967 1
95 OnTime_95 16 1 859 1
95 OnTime_95 16 2 859 1
96 OnTime_96 2 1 535 1
96 OnTime_96 3 1 734 1
96 OnTime_96 3 2 734 1
96 OnTime_96 4 2 325 1
96 OnTime_96 4 1 579 1
96 OnTime_96 8 2 451 1
96 OnTime_96 8 1 789 1
96 OnTime_96 11 1 974 1
96 OnTime_96 12 2 1160 1
96 OnTime_96 12 1 1273 1
96 OnTime_96 13 1 917 1
96 OnTime_96 14 1 844 1
96 OnTime_96 15 1 464 1
96 OnTime_96 15 2 583 1
96 OnTime_96 16 2 745 1
96 OnTime_96 16 1 926 1
97 OnTime_97 2 1 479 1
97 OnTime_97 3 1 995 1
97 OnTime_97 3 2 995 1
97 OnTime_97 4 1 568 1
97 OnTime_97 4 2 568 1
97 OnTime_97 8 2 804 1
97 OnTime_97 8 1 885 1
97 OnTime_97 12 1 564 1
97 OnTime_97 12 2 1264 1
97 OnTime_97 13 1 703 1
97 OnTime_97 14 1 279 1
97 OnTime_97 16 1 1412 1
97 OnTime_97 16 2 1412 1
98 OnTime_98 2 1 1201 1
98 OnTime_98 3 1 610 1
98 OnTime_98 3 2 610 1
98 OnTime_98 4 1 666 1
98 OnTime_98 4 2 666 1
98 OnTime_98 8 1 425 1
98 OnTime_98 8 2 425 1
98 OnTime_98 11 1 951 1
98 OnTime_98 12 1 417 1
98 OnTime_98 12 2 417 1
98 OnTime_98 13 1 917 1
98 OnTime_98 14 1 955 1
98 OnTime_98 15 2 559 1
98 OnTime_98 15 1 777 1
98 OnTime_98 16 1 833 1
98 OnTime_98 16 2 1052 1
99 OnTime_99 2 1 535 1
99 OnTime_99 3 1 596 1
99 OnTime_99 3 2 596 1
99 OnTime_99 4 2 608 1
99 OnTime_99 4 1 704 1
99 OnTime_99 8 1 1170 1
99 OnTime_99 8 2 1170 1
99 OnTime_99 11 1 585 1
99 OnTime_99 12 1 617 1
99 OnTime_99 12 2 828 1
99 OnTime_99 13 1 954 1
99 OnTime_99 14 1 923 1
99 OnTime_99 15 1 916 1
99 OnTime_99 15 2 916 1
99 OnTime_99 16 1 846 1
99 OnTime_99 16 2 846 1
100 OnTime_100 2 1 928 1
100 OnTime_100 3 1 596 1
100 OnTime_100 3 2 596 1
100 OnTime_100 4 1 648 1
100 OnTime_100 4 2 648 1
100 OnTime_100 8 1 233 1
100 OnTime_100 8 2 810 1
100 OnTime_100 11 1 433 1
100 OnTime_100 12 1 803 1
100 OnTime_100 13 1 525 1
100 OnTime_100 14 1 1002 1
100 OnTime_100 15 2 441 1
100 OnTime_100 15 1 1131 1
100 OnTime_100 16 1 926 1
100 OnTime_100 16 2 928 1
101 OnTime_101 2 1 1016 1
101 OnTime_101 3 1 404 1
101 OnTime_101 3 2 474 1
101 OnTime_101 4 1 754 1
101 OnTime_101 4 2 754 1
101 OnTime_101 8 1 565 1
101 OnTime_101 8 2 1258 1
101 OnTime_101 11 1 425 1
101 OnTime_101 12 2 425 1
101 OnTime_101 12 1 883 1
101 OnTime_101 13 1 390 1
101 OnTime_101 14 1 1432 1
101 OnTime_101 15 2 412 1
101 OnTime_101 15 1 942 1
101 OnTime_101 16 2 436 1
101 OnTime_101 16 1 1258 1
102 OnTime_102 2 1 225 1
102 OnTime_102 3 2 610 1
102 OnTime_102 3 1 1091 1
102 OnTime_102 4 1 481 1
102 OnTime_102 4 2 776 1
102 OnTime_102 8 1 464 1
102 OnTime_102 8 2 464 1
102 OnTime_102 11 1 831 1
102 OnTime_102 12 1 881 1
102 OnTime_102 12 2 881 1
102 OnTime_102 13 1 958 1
102 OnTime_102 14 1 1012 1
102 OnTime_102 15 2 113 1
102 OnTime_102 15 1 775 1
102 OnTime_102 16 1 859 1
102 OnTime_102 16 2 859 1
103 OnTime_103 2 1 928 1
103 OnTime_103 3 1 452 1
103 OnTime_103 3 2 452 1
103 OnTime_103 4 1 579 1
103 OnTime_103 4 2 905 1
103 OnTime_103 8 2 528 1
103 OnTime_103 8 1 1038 1
103 OnTime_103 11 1 425 1
103 OnTime_103 12 1 828 1
103 OnTime_103 12 2 828 1
103 OnTime_103 13 1 439 1
103 OnTime_103 14 1 844 1
103 OnTime_103 15 2 487 1
103 OnTime_103 15 1 1181 1
103 OnTime_103 16 1 745 1
103 OnTime_103 16 2 1126 1
104 OnTime_104 2 1 928 1
104 OnTime_104 3 1 452 1
104 OnTime_104 3 2 452 1
104 OnTime_104 4 2 153 1
104 OnTime_104 4 1 893 1
104 OnTime_104 8 1 702 1
104 OnTime_104 8 2 702 1
104 OnTime_104 11 1 716 1
104 OnTime_104 12 1 703 1
104 OnTime_104 12 2 703 1
104 OnTime_104 13 1 525 1
104 OnTime_104 14 1 765 1
104 OnTime_104 15 1 686 1
104 OnTime_104 15 2 686 1
104 OnTime_104 16 1 865 1
104 OnTime_104 16 2 865 1
105 OnTime_105 2 1 711 1
105 OnTime_105 3 1 473 1
105 OnTime_105 3 2 473 1
105 OnTime_105 4 1 789 1
105 OnTime_105 4 2 789 1
105 OnTime_105 8 1 714 1
105 OnTime_105 8 2 714 1
105 OnTime_105 11 1 585 1
105 OnTime_105 12 2 778 1
105 OnTime_105 12 1 883 1
105 OnTime_105 13 1 1013 1
105 OnTime_105 14 1 517 1
105 OnTime_105 15 2 483 1
105 OnTime_105 15 1 1015 1
105 OnTime_105 16 2 819 1
105 OnTime_105 16 1 996 1
106 OnTime_106 2 1 811 1
106 OnTime_106 3 1 983 1
106 OnTime_106 3 2 983 1
106 OnTime_106 4 1 998 1
106 OnTime_106 4 2 998 1
106 OnTime_106 8 1 565 1
106 OnTime_106 8 2 565 1
106 OnTime_106 11 1 605 1
106 OnTime_106 12 2 672 1
106 OnTime_106 12 1 778 1
106 OnTime_106 13 1 644 1
106 OnTime_106 14 1 913 1
106 OnTime_106 15 2 247 1
106 OnTime_106 15 1 437 1
106 OnTime_106 16 2 437 1
106 OnTime_106 16 1 928 1
107 OnTime_107 2 1 863 1
107 OnTime_107 3 2 495 1
107 OnTime_107 3 1 598 1
107 OnTime_107 4 1 797 1
107 OnTime_107 4 2 797 1
107 OnTime_107 8 1 714 1
107 OnTime_107 8 2 833 1
107 OnTime_107 11 1 951 1
107 OnTime_107 12 1 567 1
107 OnTime_107 12 2 567 1
107 OnTime_107 13 1 495 1
107 OnTime_107 14 1 285 1
107 OnTime_107 15 1 412 1
107 OnTime_107 15 2 488 1
107 OnTime_107 16 1 833 1
107 OnTime_107 16 2 879 1
108 OnTime_108 2 1 1175 1
108 OnTime_108 3 1 740 1
108 OnTime_108 3 2 1317 1
108 OnTime_108 4 2 908 1
108 OnTime_108 4 1 1188 1
108 OnTime_108 8 1 1094 1
108 OnTime_108 8 2 1094 1
108 OnTime_108 11 1 1202 1
108 OnTime_108 12 2 567 1
108 OnTime_108 12 1 892 1
108 OnTime_108 13 1 1035 1
108 OnTime_108 14 1 1189 1
108 OnTime_108 15 2 441 1
108 OnTime_108 15 1 916 1
108 OnTime_108 16 1 825 1
108 OnTime_108 16 2 846 1
109 OnTime_109 2 1 466 1
109 OnTime_109 3 1 1211 1
109 OnTime_109 3 2 1211 1
109 OnTime_109 4 2 371 1
109 OnTime_109 4 1 828 1
109 OnTime_109 8 1 895 1
109 OnTime_109 8 2 895 1
109 OnTime_109 11 1 881 1
109 OnTime_109 12 2 828 1
109 OnTime_109 12 1 1221 1
109 OnTime_109 13 1 575 1
109 OnTime_109 14 1 371 1
109 OnTime_109 15 1 840 1
109 OnTime_109 15 2 840 1
109 OnTime_109 16 1 865 1
109 OnTime_109 16 2 871 1
110 OnTime_110 2 1 466 1
110 OnTime_110 3 2 414 1
110 OnTime_110 3 1 1394 1
110 OnTime_110 4 1 673 1
110 OnTime_110 4 2 673 1
110 OnTime_110 8 2 341 1
110 OnTime_110 8 1 810 1
110 OnTime_110 11 1 441 1
110 OnTime_110 12 2 880 1
110 OnTime_110 12 1 1021 1
110 OnTime_110 13 1 575 1
110 OnTime_110 14 1 270 1
110 OnTime_110 15 1 719 1
110 OnTime_110 15 2 719 1
111 OnTime_111 2 1 575 1
111 OnTime_111 3 1 420 1
111 OnTime_111 3 2 862 1
111 OnTime_111 8 1 357 1
111 OnTime_111 8 2 357 1
111 OnTime_111 11 1 190 1
111 OnTime_111 12 1 349 1
111 OnTime_111 12 2 349 1
111 OnTime_111 13 1 769 1
111 OnTime_111 14 1 1437 1
111 OnTime_111 15 2 769 1
111 OnTime_111 15 1 1075 1
111 OnTime_111 16 1 792 1
111 OnTime_111 16 2 859 1
112 OnTime_112 2 1 1028 1
112 OnTime_112 3 1 753 1
112 OnTime_112 3 2 848 1
112 OnTime_112 4 1 643 1
112 OnTime_112 4 2 643 1
112 OnTime_112 8 1 114 1
112 OnTime_112 8 2 114 1
112 OnTime_112 12 2 883 1
112 OnTime_112 12 1 892 1
112 OnTime_112 13 1 289 1
112 OnTime_112 14 1 987 1
112 OnTime_112 15 1 437 1
112 OnTime_112 15 2 721 1
112 OnTime_112 16 1 1276 1
112 OnTime_112 16 2 1276 1
113 OnTime_113 2 1 357 1
113 OnTime_113 3 1 452 1
113 OnTime_113 3 2 1039 1
113 OnTime_113 4 1 481 1
113 OnTime_113 4 2 520 1
113 OnTime_113 8 1 243 1
113 OnTime_113 8 2 357 1
113 OnTime_113 11 1 355 1
113 OnTime_113 12 2 635 1
113 OnTime_113 12 1 803 1
113 OnTime_113 13 1 695 1
113 OnTime_113 14 1 520 1
113 OnTime_113 15 1 618 1
113 OnTime_113 15 2 1446 1
113 OnTime_113 16 2 661 1
113 OnTime_113 16 1 835 1
114 OnTime_114 2 1 739 1
114 OnTime_114 3 1 475 1
114 OnTime_114 3 2 475 1
114 OnTime_114 4 1 272 1
114 OnTime_114 8 1 804 1
114 OnTime_114 8 2 804 1
114 OnTime_114 11 1 457 1
114 OnTime_114 12 1 1145 1
114 OnTime_114 12 2 1145 1
114 OnTime_114 13 1 1035 1
114 OnTime_114 14 1 1146 1
114 OnTime_114 15 2 559 1
114 OnTime_114 15 1 721 1
114 OnTime_114 16 2 874 1
114 OnTime_114 16 1 1176 1
115 OnTime_115 2 1 739 1
115 OnTime_115 3 1 474 1
115 OnTime_115 3 2 734 1
115 OnTime_115 4 1 666 1
115 OnTime_115 4 2 717 1
115 OnTime_115 8 1 813 1
115 OnTime_115 8 2 813 1
115 OnTime_115 11 1 699 1
115 OnTime_115 12 1 1021 1
115 OnTime_115 13 1 174 1
115 OnTime_115 14 1 796 1
115 OnTime_115 15 1 242 1
115 OnTime_115 15 2 779 1
115 OnTime_115 16 1 869 1
115 OnTime_115 16 2 869 1
116 OnTime_116 2 1 397 1
116 OnTime_116 3 1 995 1
116 OnTime_116 3 2 995 1
116 OnTime_116 4 1 608 1
116 OnTime_116 4 2 908 1
116 OnTime_116 8 2 618 1
116 OnTime_116 8 1 943 1
116 OnTime_116 11 1 375 1
116 OnTime_116 12 1 210 1
116 OnTime_116 12 2 1272 1
116 OnTime_116 13 1 439 1
116 OnTime_116 15 2 1016 1
116 OnTime_116 15 1 1034 1
116 OnTime_116 16 2 859 1
116 OnTime_116 16 1 908 1
117 OnTime_117 2 1 867 1
117 OnTime_117 3 1 435 1
117 OnTime_117 3 2 435 1
117 OnTime_117 4 1 461 1
117 OnTime_117 4 2 793 1
117 OnTime_117 8 1 655 1
117 OnTime_117 8 2 655 1
117 OnTime_117 11 1 726 1
117 OnTime_117 12 1 635 1
117 OnTime_117 12 2 1021 1
117 OnTime_117 13 1 575 1
117 OnTime_117 14 1 1339 1
117 OnTime_117 15 1 558 1
117 OnTime_117 16 2 667 1
117 OnTime_117 16 1 1175 1
118 OnTime_118 2 1 625 1
118 OnTime_118 3 1 301 1
118 OnTime_118 3 2 301 1
118 OnTime_118 4 1 793 1
118 OnTime_118 4 2 793 1
118 OnTime_118 8 1 804 1
118 OnTime_118 8 2 804 1
118 OnTime_118 11 1 1218 1
118 OnTime_118 12 1 880 1
118 OnTime_118 12 2 880 1
118 OnTime_118 13 1 863 1
118 OnTime_118 14 1 1066 1
118 OnTime_118 15 1 719 1
118 OnTime_118 15 2 719 1
118 OnTime_118 16 2 690 1
118 OnTime_118 16 1 745 1
119 OnTime_119 3 1 326 1
119 OnTime_119 3 2 326 1
119 OnTime_119 4 1 793 1
119 OnTime_119 4 2 793 1
119 OnTime_119 8 1 789 1
119 OnTime_119 8 2 789 1
119 OnTime_119 11 1 395 1
119 OnTime_119 12 1 342 1
119 OnTime_119 12 2 342 1
119 OnTime_119 13 1 1080 1
119 OnTime_119 14 1 801 1
119 OnTime_119 15 1 465 1
119 OnTime_119 15 2 1159 1
119 OnTime_119 16 1 874 1
119 OnTime_119 16 2 1065 1
120 OnTime_120 2 1 397 1
120 OnTime_120 3 1 877 1
120 OnTime_120 3 2 877 1
120 OnTime_120 4 1 608 1
120 OnTime_120 8 1 618 1
120 OnTime_120 8 2 618 1
120 OnTime_120 11 1 303 1
120 OnTime_120 12 1 828 1
120 OnTime_120 13 1 863 1
120 OnTime_120 14 1 944 1
120 OnTime_120 15 1 775 1
120 OnTime_120 15 2 775 1
120 OnTime_120 16 1 502 1
120 OnTime_120 16 2 502 1
121 OnTime_121 2 1 466 1
121 OnTime_121 3 1 753 1
121 OnTime_121 3 2 753 1
121 OnTime_121 4 2 579 1
121 OnTime_121 4 1 643 1
121 OnTime_121 8 1 565 1
121 OnTime_121 8 2 565 1
121 OnTime_121 11 1 1152 1
121 OnTime_121 12 1 349 1
121 OnTime_121 12 2 672 1
121 OnTime_121 13 1 601 1
121 OnTime_121 14 1 962 1
121 OnTime_121 15 1 1413 1
121 OnTime_121 15 2 1413 1
121 OnTime_121 16 1 1298 1
121 OnTime_121 16 2 1298 1
122 OnTime_122 2 1 959 1
122 OnTime_122 3 1 418 1
122 OnTime_122 3 2 877 1
122 OnTime_122 4 1 754 1
122 OnTime_122 4 2 781 1
122 OnTime_122 8 1 243 1
122 OnTime_122 8 2 243 1
122 OnTime_122 11 1 821 1
122 OnTime_122 12 1 394 1
122 OnTime_122 12 2 394 1
122 OnTime_122 13 1 835 1
122 OnTime_122 15 1 402 1
122 OnTime_122 15 2 825 1
122 OnTime_122 16 1 825 1
122 OnTime_122 16 2 835 1
123 OnTime_123 2 1 479 1
123 OnTime_123 3 1 297 1
123 OnTime_123 3 2 297 1
123 OnTime_123 4 1 325 1
123 OnTime_123 4 2 325 1
123 OnTime_123 8 1 243 1
123 OnTime_123 8 2 243 1
123 OnTime_123 11 1 831 1
123 OnTime_123 12 2 778 1
123 OnTime_123 12 1 881 1
123 OnTime_123 13 1 981 1
123 OnTime_123 14 1 543 1
123 OnTime_123 15 1 967 1
123 OnTime_123 15 2 1266 1
123 OnTime_123 16 2 385 1
123 OnTime_123 16 1 1116 1
124 OnTime_124 2 1 1008 1
124 OnTime_124 3 1 650 1
124 OnTime_124 3 2 650 1
124 OnTime_124 4 2 497 1
124 OnTime_124 4 1 561 1
124 OnTime_124 8 1 451 1
124 OnTime_124 8 2 451 1
124 OnTime_124 11 1 1127 1
124 OnTime_124 12 2 273 1
124 OnTime_124 12 1 803 1
124 OnTime_124 13 1 987 1
124 OnTime_124 14 1 273 1
124 OnTime_124 15 1 437 1
124 OnTime_124 15 2 437 1
124 OnTime_124 16 1 492 1
124 OnTime_124 16 2 492 1
125 OnTime_125 2 1 739 1
125 OnTime_125 4 1 497 1
125 OnTime_125 4 2 497 1
125 OnTime_125 8 1 1186 1
125 OnTime_125 8 2 1186 1
125 OnTime_125 11 1 974 1
125 OnTime_125 12 1 803 1
125 OnTime_125 12 2 803 1
125 OnTime_125 13 1 601 1
125 OnTime_125 14 1 621 1
125 OnTime_125 15 1 967 1
125 OnTime_125 15 2 967 1
125 OnTime_125 16 1 767 1
125 OnTime_125 16 2 767 1
126 OnTime_126 2 1 509 1
126 OnTime_126 3 2 650 1
126 OnTime_126 3 1 740 1
126 OnTime_126 4 1 170 1
126 OnTime_126 4 2 946 1
126 OnTime_126 8 1 293 1
126 OnTime_126 8 2 293 1
126 OnTime_126 11 1 246 1
126 OnTime_126 12 1 567 1
126 OnTime_126 12 2 617 1
126 OnTime_126 14 1 261 1
126 OnTime_126 15 1 617 1
126 OnTime_126 15 2 1266 1
126 OnTime_126 16 1 745 1
126 OnTime_126 16 2 745 1
127 OnTime_127 2 1 1016 1
127 OnTime_127 3 1 598 1
127 OnTime_127 3 2 598 1
127 OnTime_127 4 1 717 1
127 OnTime_127 4 2 781 1
127 OnTime_127 8 1 293 1
127 OnTime_127 8 2 293 1
127 OnTime_127 11 1 841 1
127 OnTime_127 12 2 463 1
127 OnTime_127 12 1 892 1
127 OnTime_127 13 1 863 1
127 OnTime_127 14 1 796 1
127 OnTime_127 15 1 523 1
127 OnTime_127 15 2 1016 1
127 OnTime_127 16 1 676 1
127 OnTime_127 16 2 676 1
128 OnTime_128 2 1 811 1
128 OnTime_128 3 1 596 1
128 OnTime_128 3 2 596 1
128 OnTime_128 4 1 797 1
128 OnTime_128 4 2 797 1
128 OnTime_128 8 2 558 1
128 OnTime_128 8 1 813 1
128 OnTime_128 11 1 841 1
128 OnTime_128 12 1 425 1
128 OnTime_128 12 2 425 1
128 OnTime_128 13 1 601 1
128 OnTime_128 14 1 955 1
128 OnTime_128 15 2 241 1
128 OnTime_128 15 1 558 1
128 OnTime_128 16 1 724 1
128 OnTime_128 16 2 724 1
129 OnTime_129 2 1 654 1
129 OnTime_129 3 1 821 1
129 OnTime_129 3 2 821 1
129 OnTime_129 4 2 908 1
129 OnTime_129 4 1 1412 1
129 OnTime_129 8 1 137 1
129 OnTime_129 8 2 137 1
129 OnTime_129 11 1 868 1
129 OnTime_129 12 2 868 1
129 OnTime_129 12 1 883 1
129 OnTime_129 13 1 398 1
129 OnTime_129 14 1 327 1
129 OnTime_129 15 1 487 1
129 OnTime_129 15 2 487 1
129 OnTime_129 16 2 667 1
129 OnTime_129 16 1 908 1
130 OnTime_130 2 1 107 1
130 OnTime_130 3 2 473 1
130 OnTime_130 3 1 610 1
130 OnTime_130 4 1 251 1
130 OnTime_130 4 2 643 1
130 OnTime_130 8 2 804 1
130 OnTime_130 8 1 886 1
130 OnTime_130 11 1 656 1
130 OnTime_130 12 1 417 1
130 OnTime_130 12 2 812 1
130 OnTime_130 13 1 473 1
130 OnTime_130 14 1 379 1
130 OnTime_130 15 1 779 1
130 OnTime_130 15 2 779 1
130 OnTime_130 16 2 745 1
130 OnTime_130 16 1 1004 1
131 OnTime_131 2 1 499 1
131 OnTime_131 3 2 461 1
131 OnTime_131 3 1 623 1
131 OnTime_131 4 1 461 1
131 OnTime_131 4 2 908 1
131 OnTime_131 8 2 813 1
131 OnTime_131 8 1 1150 1
131 OnTime_131 11 1 821 1
131 OnTime_131 12 1 689 1
131 OnTime_131 12 2 689 1
131 OnTime_131 13 1 390 1
131 OnTime_131 14 1 408 1
131 OnTime_131 15 2 890 1
131 OnTime_131 15 1 967 1
131 OnTime_131 16 1 819 1
131 OnTime_131 16 2 879 1
132 OnTime_132 2 1 300 1
132 OnTime_132 3 1 877 1
132 OnTime_132 3 2 983 1
132 OnTime_132 4 1 793 1
132 OnTime_132 4 2 793 1
132 OnTime_132 11 1 814 1
132 OnTime_132 12 1 342 1
132 OnTime_132 12 2 342 1
132 OnTime_132 13 1 1257 1
132 OnTime_132 14 1 923 1
132 OnTime_132 15 1 916 1
132 OnTime_132 15 2 916 1
132 OnTime_132 16 1 767 1
132 OnTime_132 16 2 869 1
133 OnTime_133 2 1 1383 1
133 OnTime_133 3 2 406 1
133 OnTime_133 3 1 475 1
133 OnTime_133 4 1 666 1
133 OnTime_133 4 2 666 1
133 OnTime_133 8 1 1215 1
133 OnTime_133 8 2 1215 1
133 OnTime_133 11 1 692 1
133 OnTime_133 12 1 828 1
133 OnTime_133 12 2 828 1
133 OnTime_133 13 1 1080 1
133 OnTime_133 14 1 833 1
133 OnTime_133 15 2 916 1
133 OnTime_133 15 1 1015 1
133 OnTime_133 16 1 745 1
133 OnTime_133 16 2 745 1
134 OnTime_134 2 1 712 1
134 OnTime_134 3 2 406 1
134 OnTime_134 3 1 456 1
134 OnTime_134 4 1 704 1
134 OnTime_134 11 1 1383 1
134 OnTime_134 12 1 1273 1
134 OnTime_134 12 2 1273 1
134 OnTime_134 13 1 891 1
134 OnTime_134 14 1 999 1
134 OnTime_134 15 1 916 1
134 OnTime_134 15 2 916 1
134 OnTime_134 16 1 1065 1
134 OnTime_134 16 2 1065 1
135 OnTime_135 2 1 475 1
135 OnTime_135 3 2 623 1
135 OnTime_135 3 1 1166 1
135 OnTime_135 4 1 251 1
135 OnTime_135 4 2 908 1
135 OnTime_135 8 2 273 1
135 OnTime_135 8 1 813 1
135 OnTime_135 11 1 699 1
135 OnTime_135 12 1 828 1
135 OnTime_135 12 2 828 1
135 OnTime_135 13 1 891 1
135 OnTime_135 14 1 882 1
135 OnTime_135 15 1 273 1
135 OnTime_135 15 2 825 1
135 OnTime_135 16 2 750 1
135 OnTime_135 16 1 1004 1
136 OnTime_136 2 1 654 1
136 OnTime_136 3 1 555 1
136 OnTime_136 3 2 793 1
136 OnTime_136 4 2 371 1
136 OnTime_136 4 1 793 1
136 OnTime_136 8 1 451 1
136 OnTime_136 8 2 451 1
136 OnTime_136 13 1 1464 1
136 OnTime_136 14 1 371 1
136 OnTime_136 15 1 1015 1
136 OnTime_136 15 2 1015 1
136 OnTime_136 16 1 819 1
136 OnTime_136 16 2 819 1
137 OnTime_137 2 1 666 1
137 OnTime_137 3 1 420 1
137 OnTime_137 3 2 1221 1
137 OnTime_137 4 1 525 1
137 OnTime_137 4 2 666 1
137 OnTime_137 8 1 427 1
137 OnTime_137 8 2 427 1
137 OnTime_137 11 1 1173 1
137 OnTime_137 12 2 342 1
137 OnTime_137 12 1 1221 1
137 OnTime_137 13 1 987 1
137 OnTime_137 14 1 348 1
137 OnTime_137 15 2 420 1
137 OnTime_137 15 1 1016 1
137 OnTime_137 16 2 194 1
137 OnTime_137 16 1 928 1
138 OnTime_138 2 1 600 1
138 OnTime_138 3 1 404 1
138 OnTime_138 3 2 995 1
138 OnTime_138 4 1 561 1
138 OnTime_138 4 2 579 1
138 OnTime_138 8 1 243 1
138 OnTime_138 8 2 810 1
138 OnTime_138 11 1 395 1
138 OnTime_138 12 1 564 1
138 OnTime_138 12 2 564 1
138 OnTime_138 13 1 1279 1
138 OnTime_138 15 2 701 1
138 OnTime_138 15 1 1075 1
138 OnTime_138 16 1 1298 1
138 OnTime_138 16 2 1298 1
139 OnTime_139 2 1 811 1
139 OnTime_139 3 1 915 1
139 OnTime_139 3 2 915 1
139 OnTime_139 4 2 579 1
139 OnTime_139 4 1 717 1
139 OnTime_139 8 1 992 1
139 OnTime_139 8 2 1424 1
139 OnTime_139 11 1 865 1
139 OnTime_139 12 1 881 1
139 OnTime_139 12 2 897 1
139 OnTime_139 13 1 1424 1
139 OnTime_139 14 1 1081 1
139 OnTime_139 15 1 1206 1
139 OnTime_139 15 2 1206 1
139 OnTime_139 16 2 865 1
139 OnTime_139 16 1 928 1
140 OnTime_140 2 1 596 1
140 OnTime_140 3 2 596 1
140 OnTime_140 3 1 963 1
140 OnTime_140 4 1 666 1
140 OnTime_140 4 2 666 1
140 OnTime_140 8 1 813 1
140 OnTime_140 8 2 813 1
140 OnTime_140 11 1 337 1
140 OnTime_140 12 1 684 1
140 OnTime_140 12 2 778 1
140 OnTime_140 13 1 475 1
140 OnTime_140 15 1 437 1
140 OnTime_140 15 2 825 1
140 OnTime_140 16 2 437 1
140 OnTime_140 16 1 825 1
141 OnTime_141 2 1 867 1
141 OnTime_141 3 1 555 1
141 OnTime_141 3 2 862 1
141 OnTime_141 4 1 409 1
141 OnTime_141 4 2 409 1
141 OnTime_141 8 1 815 1
141 OnTime_141 8 2 815 1
141 OnTime_141 11 1 726 1
141 OnTime_141 12 1 121 1
141 OnTime_141 12 2 121 1
141 OnTime_141 13 1 207 1
141 OnTime_141 14 1 987 1
141 OnTime_141 15 1 441 1
141 OnTime_141 15 2 441 1
141 OnTime_141 16 1 1016 1
141 OnTime_141 16 2 1016 1
142 OnTime_142 2 1 939 1
142 OnTime_142 3 2 404 1
142 OnTime_142 3 1 650 1
142 OnTime_142 4 1 568 1
142 OnTime_142 4 2 579 1
142 OnTime_142 8 1 464 1
142 OnTime_142 8 2 558 1
142 OnTime_142 11 1 996 1
142 OnTime_142 12 1 828 1
142 OnTime_142 12 2 828 1
142 OnTime_142 13 1 601 1
142 OnTime_142 14 1 1141 1
142 OnTime_142 15 1 558 1
142 OnTime_142 15 2 1017 1
142 OnTime_142 16 1 825 1
142 OnTime_142 16 2 825 1
143 OnTime_143 2 1 654 1
143 OnTime_143 3 1 420 1
143 OnTime_143 3 2 610 1
143 OnTime_143 4 1 789 1
143 OnTime_143 4 2 789 1
143 OnTime_143 8 2 833 1
143 OnTime_143 8 1 1341 1
143 OnTime_143 11 1 605 1
143 OnTime_143 12 1 899 1
143 OnTime_143 12 2 981 1
143 OnTime_143 13 1 981 1
143 OnTime_143 14 1 962 1
143 OnTime_143 15 1 916 1
143 OnTime_143 15 2 916 1
143 OnTime_143 16 1 833 1
143 OnTime_143 16 2 917 1
144 OnTime_144 2 1 424 1
144 OnTime_144 3 1 475 1
144 OnTime_144 3 2 820 1
144 OnTime_144 4 1 797 1
144 OnTime_144 4 2 1040 1
144 OnTime_144 8 1 895 1
144 OnTime_144 8 2 1329 1
144 OnTime_144 11 1 1107 1
144 OnTime_144 12 1 880 1
144 OnTime_144 12 2 880 1
144 OnTime_144 13 1 525 1
144 OnTime_144 14 1 841 1
144 OnTime_144 15 2 618 1
144 OnTime_144 15 1 779 1
144 OnTime_144 16 1 678 1
144 OnTime_144 16 2 678 1
145 OnTime_145 2 1 137 1
145 OnTime_145 3 1 475 1
145 OnTime_145 3 2 475 1
145 OnTime_145 4 1 561 1
145 OnTime_145 4 2 561 1
145 OnTime_145 8 2 137 1
145 OnTime_145 8 1 714 1
145 OnTime_145 11 1 425 1
145 OnTime_145 12 1 582 1
145 OnTime_145 12 2 582 1
145 OnTime_145 13 1 495 1
145 OnTime_145 15 2 967 1
145 OnTime_145 15 1 1206 1
145 OnTime_145 16 1 626 1
146 OnTime_146 2 1 625 1
146 OnTime_146 4 1 237 1
146 OnTime_146 8 1 243 1
146 OnTime_146 8 2 243 1
146 OnTime_146 11 1 669 1
146 OnTime_146 12 1 880 1
146 OnTime_146 12 2 927 1
146 OnTime_146 13 1 1080 1
146 OnTime_146 14 1 987 1
146 OnTime_146 15 1 437 1
146 OnTime_146 15 2 437 1
146 OnTime_146 16 2 306 1
146 OnTime_146 16 1 792 1
147 OnTime_147 2 1 811 1
147 OnTime_147 3 1 461 1
147 OnTime_147 3 2 1070 1
147 OnTime_147 4 1 325 1
147 OnTime_147 4 2 461 1
147 OnTime_147 8 2 427 1
147 OnTime_147 8 1 1038 1
147 OnTime_147 11 1 658 1
147 OnTime_147 12 1 892 1
147 OnTime_147 12 2 892 1
147 OnTime_147 14 1 436 1
147 OnTime_147 15 1 465 1
147 OnTime_147 15 2 465 1
147 OnTime_147 16 2 436 1
147 OnTime_147 16 1 767 1
148 OnTime_148 2 1 397 1
148 OnTime_148 3 1 598 1
148 OnTime_148 3 2 598 1
148 OnTime_148 4 1 608 1
148 OnTime_148 4 2 797 1
148 OnTime_148 8 1 655 1
148 OnTime_148 8 2 655 1
148 OnTime_148 11 1 716 1
148 OnTime_148 12 1 582 1
148 OnTime_148 12 2 582 1
148 OnTime_148 13 1 703 1
148 OnTime_148 14 1 261 1
148 OnTime_148 15 2 437 1
148 OnTime_148 15 1 663 1
148 OnTime_148 16 1 679 1
148 OnTime_148 16 2 874 1
149 OnTime_149 3 1 1039 1
149 OnTime_149 3 2 1170 1
149 OnTime_149 4 2 789 1
149 OnTime_149 4 1 893 1
149 OnTime_149 8 1 789 1
149 OnTime_149 8 2 886 1
149 OnTime_149 11 1 682 1
149 OnTime_149 12 1 803 1
149 OnTime_149 12 2 803 1
149 OnTime_149 13 1 835 1
149 OnTime_149 14 1 999 1
149 OnTime_149 15 1 1017 1
149 OnTime_149 15 2 1017 1
149 OnTime_149 16 1 582 1
149 OnTime_149 16 2 676 1
150 OnTime_150 2 1 517 1
150 OnTime_150 3 1 414 1
150 OnTime_150 3 2 418 1
150 OnTime_150 4 1 520 1
150 OnTime_150 4 2 666 1
150 OnTime_150 8 1 702 1
150 OnTime_150 8 2 702 1
150 OnTime_150 11 1 841 1
150 OnTime_150 12 2 815 1
150 OnTime_150 12 1 881 1
150 OnTime_150 13 1 695 1
150 OnTime_150 14 1 1061 1
150 OnTime_150 15 1 437 1
150 OnTime_150 15 2 437 1
150 OnTime_150 16 2 520 1
150 OnTime_150 16 1 1176 1
151 OnTime_151 2 1 137 1
151 OnTime_151 3 1 848 1
151 OnTime_151 3 2 848 1
151 OnTime_151 4 1 776 1
151 OnTime_151 8 2 137 1
151 OnTime_151 8 1 655 1
151 OnTime_151 11 1 669 1
151 OnTime_151 13 1 1362 1
151 OnTime_151 14 1 862 1
151 OnTime_151 15 1 503 1
151 OnTime_151 15 2 618 1
151 OnTime_151 16 2 661 1
151 OnTime_151 16 1 679 1
152 OnTime_152 2 1 711 1
152 OnTime_152 3 1 435 1
152 OnTime_152 3 2 435 1
152 OnTime_152 4 1 648 1
152 OnTime_152 4 2 648 1
152 OnTime_152 8 1 490 1
152 OnTime_152 8 2 490 1
152 OnTime_152 11 1 1305 1
152 OnTime_152 12 1 394 1
152 OnTime_152 12 2 394 1
152 OnTime_152 13 1 987 1
152 OnTime_152 14 1 517 1
152 OnTime_152 15 2 511 1
152 OnTime_152 15 1 719 1
152 OnTime_152 16 2 679 1
152 OnTime_152 16 1 1175 1
153 OnTime_153 2 1 144 1
153 OnTime_153 3 1 418 1
153 OnTime_153 3 2 418 1
153 OnTime_153 4 1 946 1
153 OnTime_153 4 2 946 1
153 OnTime_153 8 1 810 1
153 OnTime_153 8 2 1215 1
153 OnTime_153 11 1 814 1
153 OnTime_153 12 1 617 1
153 OnTime_153 12 2 881 1
153 OnTime_153 13 1 398 1
153 OnTime_153 14 1 679 1
153 OnTime_153 15 2 617 1
153 OnTime_153 15 1 1385 1
153 OnTime_153 16 2 679 1
153 OnTime_153 16 1 835 1
154 OnTime_154 2 1 811 1
154 OnTime_154 3 2 301 1
154 OnTime_154 3 1 435 1
154 OnTime_154 4 2 237 1
154 OnTime_154 4 1 998 1
154 OnTime_154 8 2 490 1
154 OnTime_154 8 1 565 1
154 OnTime_154 12 2 405 1
154 OnTime_154 12 1 880 1
154 OnTime_154 13 1 863 1
154 OnTime_154 15 2 1181 1
154 OnTime_154 15 1 1266 1
154 OnTime_154 16 1 492 1
154 OnTime_154 16 2 1004 1
155 OnTime_155 2 1 654 1
155 OnTime_155 3 1 1014 1
155 OnTime_155 3 2 1014 1
155 OnTime_155 4 1 648 1
155 OnTime_155 8 1 714 1
155 OnTime_155 8 2 714 1
155 OnTime_155 11 1 658 1
155 OnTime_155 12 1 564 1
155 OnTime_155 12 2 564 1
155 OnTime_155 13 1 984 1
155 OnTime_155 14 1 285 1
155 OnTime_155 15 1 617 1
155 OnTime_155 16 2 626 1
155 OnTime_155 16 1 865 1
156 OnTime_156 2 1 499 1
156 OnTime_156 3 1 473 1
156 OnTime_156 3 2 518 1
156 OnTime_156 4 2 733 1
156 OnTime_156 4 1 781 1
156 OnTime_156 8 1 1038 1
156 OnTime_156 8 2 1038 1
156 OnTime_156 11 1 936 1
156 OnTime_156 12 1 528 1
156 OnTime_156 12 2 528 1
156 OnTime_156 13 1 954 1
156 OnTime_156 14 1 621 1
156 OnTime_156 15 2 264 1
156 OnTime_156 15 1 483 1
157 OnTime_157 2 1 1061 1
157 OnTime_157 3 1 518 1
157 OnTime_157 3 2 1176 1
157 OnTime_157 4 1 321 1
157 OnTime_157 4 2 998 1
157 OnTime_157 8 1 895 1
157 OnTime_157 8 2 942 1
157 OnTime_157 11 1 585 1
157 OnTime_157 12 1 803 1
157 OnTime_157 12 2 803 1
157 OnTime_157 13 1 863 1
157 OnTime_157 14 1 679 1
157 OnTime_157 15 2 336 1
157 OnTime_157 15 1 942 1
157 OnTime_157 16 2 869 1
157 OnTime_157 16 1 1176 1
158 OnTime_158 2 1 499 1
158 OnTime_158 3 1 1039 1
158 OnTime_158 3 2 1263 1
158 OnTime_158 4 1 461 1
158 OnTime_158 4 2 497 1
158 OnTime_158 8 1 1202 1
158 OnTime_158 8 2 1202 1
158 OnTime_158 11 1 692 1
158 OnTime_158 12 1 140 1
158 OnTime_158 12 2 140 1
158 OnTime_158 13 1 981 1
158 OnTime_158 14 1 1076 1
158 OnTime_158 15 2 769 1
158 OnTime_158 15 1 1017 1
158 OnTime_158 16 2 354 1
158 OnTime_158 16 1 746 1
159 OnTime_159 2 1 811 1
159 OnTime_159 3 1 734 1
159 OnTime_159 4 1 1117 1
159 OnTime_159 11 1 692 1
159 OnTime_159 12 1 417 1
159 OnTime_159 12 2 426 1
159 OnTime_159 13 1 790 1
159 OnTime_159 14 1 923 1
159 OnTime_159 15 2 437 1
159 OnTime_159 15 1 503 1
159 OnTime_159 16 1 746 1
159 OnTime_159 16 2 746 1
160 OnTime_160 2 1 863 1
160 OnTime_160 4 1 1048 1
160 OnTime_160 4 2 1048 1
160 OnTime_160 8 2 582 1
160 OnTime_160 8 1 810 1
160 OnTime_160 11 1 1273 1
160 OnTime_160 12 1 582 1
160 OnTime_160 12 2 1273 1
160 OnTime_160 13 1 954 1
160 OnTime_160 14 1 436 1
160 OnTime_160 15 1 840 1
160 OnTime_160 15 2 840 1
160 OnTime_160 16 2 436 1
160 OnTime_160 16 1 833 1
161 OnTime_161 3 2 541 1
161 OnTime_161 3 1 753 1
161 OnTime_161 4 1 608 1
161 OnTime_161 4 2 608 1
161 OnTime_161 8 2 702 1
161 OnTime_161 8 1 813 1
161 OnTime_161 11 1 692 1
161 OnTime_161 13 1 439 1
161 OnTime_161 14 1 637 1
161 OnTime_161 15 1 190 1
161 OnTime_161 15 2 402 1
161 OnTime_161 16 1 661 1
161 OnTime_161 16 2 661 1
162 OnTime_162 2 1 811 1
162 OnTime_162 3 1 596 1
162 OnTime_162 3 2 596 1
162 OnTime_162 4 1 520 1
162 OnTime_162 4 2 520 1
162 OnTime_162 8 1 992 1
162 OnTime_162 8 2 992 1
162 OnTime_162 11 1 821 1
162 OnTime_162 12 1 897 1
162 OnTime_162 12 2 899 1
162 OnTime_162 13 1 390 1
162 OnTime_162 14 1 955 1
162 OnTime_162 15 1 618 1
162 OnTime_162 15 2 618 1
162 OnTime_162 16 2 835 1
162 OnTime_162 16 1 1303 1
163 OnTime_163 2 1 222 1
163 OnTime_163 3 1 418 1
163 OnTime_163 3 2 465 1
163 OnTime_163 4 2 393 1
163 OnTime_163 4 1 461 1
163 OnTime_163 8 2 810 1
163 OnTime_163 8 1 1170 1
163 OnTime_163 11 1 656 1
163 OnTime_163 12 1 121 1
163 OnTime_163 12 2 121 1
163 OnTime_163 13 1 863 1
163 OnTime_163 14 1 1081 1
163 OnTime_163 15 2 402 1
163 OnTime_163 15 1 503 1
163 OnTime_163 16 1 746 1
163 OnTime_163 16 2 746 1
164 OnTime_164 2 1 600 1
164 OnTime_164 3 2 610 1
164 OnTime_164 3 1 1039 1
164 OnTime_164 4 1 579 1
164 OnTime_164 4 2 579 1
164 OnTime_164 8 1 789 1
164 OnTime_164 8 2 789 1
164 OnTime_164 12 1 617 1
164 OnTime_164 12 2 617 1
164 OnTime_164 13 1 399 1
164 OnTime_164 14 1 987 1
164 OnTime_164 15 2 488 1
164 OnTime_164 15 1 618 1
164 OnTime_164 16 2 661 1
164 OnTime_164 16 1 859 1
165 OnTime_165 2 1 424 1
165 OnTime_165 3 1 350 1
165 OnTime_165 3 2 350 1
165 OnTime_165 4 1 1103 1
165 OnTime_165 4 2 1103 1
165 OnTime_165 8 1 137 1
165 OnTime_165 8 2 137 1
165 OnTime_165 11 1 190 1
165 OnTime_165 12 1 342 1
165 OnTime_165 12 2 342 1
165 OnTime_165 13 1 398 1
165 OnTime_165 14 1 245 1
165 OnTime_165 15 1 1266 1
165 OnTime_165 15 2 1266 1
165 OnTime_165 16 1 859 1
165 OnTime_165 16 2 859 1
166 OnTime_166 2 1 739 1
166 OnTime_166 3 1 541 1
166 OnTime_166 3 2 995 1
166 OnTime_166 4 1 497 1
166 OnTime_166 4 2 497 1
166 OnTime_166 8 1 1079 1
166 OnTime_166 8 2 1079 1
166 OnTime_166 11 1 814 1
166 OnTime_166 12 1 273 1
166 OnTime_166 12 2 273 1
166 OnTime_166 13 1 1035 1
166 OnTime_166 14 1 1334 1
166 OnTime_166 15 1 341 1
166 OnTime_166 15 2 341 1
166 OnTime_166 16 2 750 1
166 OnTime_166 16 1 926 1
167 OnTime_167 2 1 327 1
167 OnTime_167 3 1 650 1
167 OnTime_167 3 2 1170 1
167 OnTime_167 4 1 908 1
167 OnTime_167 4 2 908 1
167 OnTime_167 8 2 796 1
167 OnTime_167 8 1 1170 1
167 OnTime_167 11 1 433 1
167 OnTime_167 12 1 899 1
167 OnTime_167 12 2 899 1
167 OnTime_167 13 1 475 1
167 OnTime_167 14 1 962 1
167 OnTime_167 15 1 465 1
167 OnTime_167 15 2 465 1
167 OnTime_167 16 1 679 1
167 OnTime_167 16 2 679 1
168 OnTime_168 2 1 666 1
168 OnTime_168 3 2 518 1
168 OnTime_168 3 1 862 1
168 OnTime_168 4 1 828 1
168 OnTime_168 8 1 243 1
168 OnTime_168 8 2 243 1
168 OnTime_168 11 1 433 1
168 OnTime_168 12 1 467 1
168 OnTime_168 12 2 828 1
168 OnTime_168 13 1 917 1
168 OnTime_168 14 1 882 1
168 OnTime_168 15 1 775 1
168 OnTime_168 16 1 871 1
168 OnTime_168 16 2 917 1
169 OnTime_169 2 1 811 1
169 OnTime_169 3 1 340 1
169 OnTime_169 3 2 340 1
169 OnTime_169 4 1 828 1
169 OnTime_169 4 2 828 1
169 OnTime_169 8 2 490 1
169 OnTime_169 8 1 714 1
169 OnTime_169 11 1 868 1
169 OnTime_169 12 2 880 1
169 OnTime_169 12 1 883 1
169 OnTime_169 13 1 540 1
169 OnTime_169 14 1 346 1
169 OnTime_169 15 1 483 1
169 OnTime_169 15 2 483 1
169 OnTime_169 16 1 690 1
169 OnTime_169 16 2 690 1
170 OnTime_170 2 1 466 1
170 OnTime_170 3 1 301 1
170 OnTime_170 3 2 301 1
170 OnTime_170 4 1 1364 1
170 OnTime_170 8 2 796 1
170 OnTime_170 8 1 1215 1
170 OnTime_170 12 1 564 1
170 OnTime_170 12 2 564 1
170 OnTime_170 13 1 439 1
170 OnTime_170 14 1 796 1
170 OnTime_170 15 1 777 1
170 OnTime_170 15 2 777 1
170 OnTime_170 16 1 436 1
170 OnTime_170 16 2 436 1
171 OnTime_171 2 1 643 1
171 OnTime_171 3 1 442 1
171 OnTime_171 4 2 643 1
171 OnTime_171 4 1 828 1
171 OnTime_171 8 1 810 1
171 OnTime_171 8 2 810 1
171 OnTime_171 11 1 868 1
171 OnTime_171 12 1 564 1
171 OnTime_171 12 2 828 1
171 OnTime_171 14 1 841 1
171 OnTime_171 15 1 269 1
171 OnTime_171 15 2 269 1
171 OnTime_171 16 1 339 1
171 OnTime_171 16 2 1371 1
172 OnTime_172 2 1 628 1
172 OnTime_172 3 1 820 1
172 OnTime_172 3 2 820 1
172 OnTime_172 4 1 954 1
172 OnTime_172 8 1 243 1
172 OnTime_172 8 2 243 1
172 OnTime_172 12 1 635 1
172 OnTime_172 12 2 803 1
172 OnTime_172 13 1 495 1
172 OnTime_172 14 1 1141 1
172 OnTime_172 15 1 1034 1
172 OnTime_172 15 2 1034 1
172 OnTime_172 16 1 502 1
172 OnTime_172 16 2 745 1
173 OnTime_173 2 1 350 1
173 OnTime_173 3 2 350 1
173 OnTime_173 3 1 1166 1
173 OnTime_173 4 1 776 1
173 OnTime_173 4 2 776 1
173 OnTime_173 8 1 341 1
173 OnTime_173 8 2 895 1
173 OnTime_173 11 1 1067 1
173 OnTime_173 12 2 130 1
173 OnTime_173 12 1 812 1
173 OnTime_173 13 1 790 1
173 OnTime_173 14 1 1002 1
173 OnTime_173 15 1 130 1
173 OnTime_173 15 2 779 1
173 OnTime_173 16 1 750 1
173 OnTime_173 16 2 871 1
174 OnTime_174 2 1 689 1
174 OnTime_174 3 1 418 1
174 OnTime_174 3 2 452 1
174 OnTime_174 4 1 608 1
174 OnTime_174 4 2 608 1
174 OnTime_174 8 1 1170 1
174 OnTime_174 8 2 1170 1
174 OnTime_174 11 1 982 1
174 OnTime_174 12 2 689 1
174 OnTime_174 12 1 803 1
174 OnTime_174 13 1 1047 1
174 OnTime_174 14 1 862 1
174 OnTime_174 15 1 503 1
174 OnTime_174 15 2 503 1
174 OnTime_174 16 2 874 1
174 OnTime_174 16 1 908 1
175 OnTime_175 2 1 939 1
175 OnTime_175 3 2 473 1
175 OnTime_175 3 1 1263 1
175 OnTime_175 4 1 237 1
175 OnTime_175 4 2 237 1
175 OnTime_175 8 1 464 1
175 OnTime_175 8 2 464 1
175 OnTime_175 11 1 821 1
175 OnTime_175 12 1 812 1
175 OnTime_175 12 2 812 1
175 OnTime_175 13 1 473 1
175 OnTime_175 14 1 955 1
175 OnTime_175 15 1 777 1
175 OnTime_175 15 2 777 1
175 OnTime_175 16 1 437 1
176 OnTime_176 3 1 848 1
176 OnTime_176 3 2 848 1
176 OnTime_176 4 1 946 1
176 OnTime_176 4 2 954 1
176 OnTime_176 8 2 895 1
176 OnTime_176 8 1 1202 1
176 OnTime_176 11 1 814 1
176 OnTime_176 12 1 815 1
176 OnTime_176 12 2 815 1
176 OnTime_176 13 1 398 1
176 OnTime_176 14 1 999 1
176 OnTime_176 15 1 441 1
176 OnTime_176 15 2 1206 1
176 OnTime_176 16 1 1052 1
177 OnTime_177 2 1 666 1
177 OnTime_177 3 2 862 1
177 OnTime_177 3 1 1142 1
177 OnTime_177 4 2 666 1
177 OnTime_177 4 1 1159 1
177 OnTime_177 8 1 1038 1
177 OnTime_177 8 2 1038 1
177 OnTime_177 11 1 881 1
177 OnTime_177 12 1 812 1
177 OnTime_177 12 2 881 1
177 OnTime_177 13 1 475 1
177 OnTime_177 14 1 862 1
177 OnTime_177 15 2 825 1
177 OnTime_177 15 1 840 1
177 OnTime_177 16 1 819 1
177 OnTime_177 16 2 874 1
178 OnTime_178 2 1 1232 1
178 OnTime_178 3 1 623 1
178 OnTime_178 3 2 623 1
178 OnTime_178 4 1 643 1
178 OnTime_178 4 2 643 1
178 OnTime_178 8 2 341 1
178 OnTime_178 8 1 885 1
178 OnTime_178 12 1 927 1
178 OnTime_178 14 1 1077 1
178 OnTime_178 15 1 341 1
178 OnTime_178 15 2 583 1
178 OnTime_178 16 1 874 1
178 OnTime_178 16 2 874 1
179 OnTime_179 3 1 473 1
179 OnTime_179 3 2 820 1
179 OnTime_179 4 1 520 1
179 OnTime_179 4 2 754 1
179 OnTime_179 8 1 490 1
179 OnTime_179 8 2 490 1
179 OnTime_179 11 1 355 1
179 OnTime_179 12 1 881 1
179 OnTime_179 13 1 573 1
179 OnTime_179 14 1 346 1
179 OnTime_179 15 1 1034 1
179 OnTime_179 15 2 1034 1
179 OnTime_179 16 2 520 1
179 OnTime_179 16 1 746 1
180 OnTime_180 2 1 811 1
180 OnTime_180 3 1 596 1
180 OnTime_180 3 2 596 1
180 OnTime_180 4 1 409 1
180 OnTime_180 4 2 409 1
180 OnTime_180 11 1 726 1
180 OnTime_180 12 1 564 1
180 OnTime_180 12 2 564 1
180 OnTime_180 13 1 917 1
180 OnTime_180 14 1 358 1
180 OnTime_180 15 2 511 1
180 OnTime_180 15 1 1413 1
180 OnTime_180 16 1 835 1
180 OnTime_180 16 2 928 1
181 OnTime_181 2 1 654 1
181 OnTime_181 3 1 1039 1
181 OnTime_181 3 2 1039 1
181 OnTime_181 4 1 736 1
181 OnTime_181 4 2 736 1
181 OnTime_181 8 1 490 1
181 OnTime_181 8 2 490 1
181 OnTime_181 11 1 625 1
181 OnTime_181 12 1 1021 1
181 OnTime_181 13 1 933 1
181 OnTime_181 14 1 311 1
181 OnTime_181 15 1 615 1
181 OnTime_181 15 2 825 1
181 OnTime_181 16 1 825 1
181 OnTime_181 16 2 833 1
182 OnTime_182 2 1 1444 1
182 OnTime_182 3 1 734 1
182 OnTime_182 3 2 734 1
182 OnTime_182 4 1 828 1
182 OnTime_182 4 2 828 1
182 OnTime_182 11 1 974 1
182 OnTime_182 12 1 868 1
182 OnTime_182 12 2 868 1
182 OnTime_182 13 1 540 1
182 OnTime_182 14 1 844 1
182 OnTime_182 15 1 744 1
182 OnTime_182 15 2 777 1
182 OnTime_182 16 2 354 1
182 OnTime_182 16 1 819 1
183 OnTime_183 2 1 1008 1
183 OnTime_183 3 1 753 1
183 OnTime_183 3 2 1170 1
183 OnTime_183 4 1 954 1
183 OnTime_183 8 1 427 1
183 OnTime_183 8 2 427 1
183 OnTime_183 11 1 658 1
183 OnTime_183 12 1 426 1
183 OnTime_183 12 2 981 1
183 OnTime_183 13 1 496 1
183 OnTime_183 14 1 638 1
183 OnTime_183 15 2 583 1
183 OnTime_183 15 1 719 1
183 OnTime_183 16 2 690 1
183 OnTime_183 16 1 1170 1
184 OnTime_184 2 1 600 1
184 OnTime_184 3 2 983 1
184 OnTime_184 3 1 1176 1
184 OnTime_184 4 1 1048 1
184 OnTime_184 4 2 1048 1
184 OnTime_184 8 1 528 1
184 OnTime_184 8 2 528 1
184 OnTime_184 11 1 669 1
184 OnTime_184 12 1 617 1
184 OnTime_184 12 2 617 1
184 OnTime_184 13 1 1279 1
184 OnTime_184 14 1 923 1
184 OnTime_184 15 1 464 1
184 OnTime_184 15 2 719 1
184 OnTime_184 16 1 745 1
184 OnTime_184 16 2 869 1
185 OnTime_185 2 1 628 1
185 OnTime_185 3 1 452 1
185 OnTime_185 3 2 518 1
185 OnTime_185 4 1 797 1
185 OnTime_185 8 1 1170 1
185 OnTime_185 8 2 1170 1
185 OnTime_185 13 1 289 1
185 OnTime_185 14 1 343 1
185 OnTime_185 15 2 341 1
185 OnTime_185 15 1 1228 1
185 OnTime_185 16 2 492 1
185 OnTime_185 16 1 859 1
186 OnTime_186 2 1 863 1
186 OnTime_186 3 2 301 1
186 OnTime_186 3 1 946 1
186 OnTime_186 4 1 520 1
186 OnTime_186 4 2 946 1
186 OnTime_186 8 1 427 1
186 OnTime_186 8 2 427 1
186 OnTime_186 11 1 669 1
186 OnTime_186 12 1 803 1
186 OnTime_186 12 2 892 1
186 OnTime_186 13 1 473 1
186 OnTime_186 14 1 833 1
186 OnTime_186 15 1 967 1
186 OnTime_186 16 1 492 1
186 OnTime_186 16 2 520 1
187 OnTime_187 2 1 695 1
187 OnTime_187 3 1 915 1
187 OnTime_187 4 1 1048 1
187 OnTime_187 4 2 1048 1
187 OnTime_187 8 2 233 1
187 OnTime_187 8 1 914 1
187 OnTime_187 11 1 1242 1
187 OnTime_187 12 1 1273 1
187 OnTime_187 12 2 1273 1
187 OnTime_187 13 1 917 1
187 OnTime_187 14 1 862 1
187 OnTime_187 15 1 247 1
187 OnTime_187 15 2 247 1
187 OnTime_187 16 1 690 1
187 OnTime_187 16 2 690 1
188 OnTime_188 2 1 654 1
188 OnTime_188 4 1 643 1
188 OnTime_188 4 2 643 1
188 OnTime_188 8 1 813 1
188 OnTime_188 8 2 813 1
188 OnTime_188 11 1 1218 1
188 OnTime_188 12 1 880 1
188 OnTime_188 12 2 1006 1
188 OnTime_188 13 1 1035 1
188 OnTime_188 14 1 637 1
188 OnTime_188 15 2 923 1
188 OnTime_188 15 1 1016 1
188 OnTime_188 16 1 502 1
188 OnTime_188 16 2 502 1
189 OnTime_189 2 1 884 1
189 OnTime_189 3 1 1176 1
189 OnTime_189 3 2 1176 1
189 OnTime_189 4 1 797 1
189 OnTime_189 4 2 797 1
189 OnTime_189 8 2 389 1
189 OnTime_189 8 1 1410 1
189 OnTime_189 11 1 1173 1
189 OnTime_189 12 1 828 1
189 OnTime_189 12 2 828 1
189 OnTime_189 13 1 1329 1
189 OnTime_189 14 1 796 1
189 OnTime_189 15 1 840 1
189 OnTime_189 15 2 1034 1
189 OnTime_189 16 1 679 1
189 OnTime_189 16 2 679 1
190 OnTime_190 2 1 596 1
190 OnTime_190 3 1 435 1
190 OnTime_190 3 2 1176 1
190 OnTime_190 4 1 793 1
190 OnTime_190 4 2 793 1
190 OnTime_190 8 1 389 1
190 OnTime_190 8 2 714 1
190 OnTime_190 11 1 1395 1
190 OnTime_190 12 2 426 1
190 OnTime_190 12 1 463 1
190 OnTime_190 13 1 1462 1
190 OnTime_190 14 1 801 1
190 OnTime_190 15 1 441 1
190 OnTime_190 15 2 1270 1
190 OnTime_190 16 2 435 1
190 OnTime_190 16 1 1176 1
191 OnTime_191 2 1 792 1
191 OnTime_191 3 2 518 1
191 OnTime_191 3 1 649 1
191 OnTime_191 4 1 717 1
191 OnTime_191 4 2 908 1
191 OnTime_191 8 1 1150 1
191 OnTime_191 8 2 1150 1
191 OnTime_191 11 1 716 1
191 OnTime_191 12 1 635 1
191 OnTime_191 12 2 635 1
191 OnTime_191 13 1 525 1
191 OnTime_191 14 1 1437 1
191 OnTime_191 15 1 247 1
191 OnTime_191 15 2 247 1
191 OnTime_191 16 1 234 1
191 OnTime_191 16 2 792 1
192 OnTime_192 2 1 884 1
192 OnTime_192 3 1 495 1
192 OnTime_192 3 2 963 1
192 OnTime_192 4 1 828 1
192 OnTime_192 4 2 954 1
192 OnTime_192 8 2 573 1
192 OnTime_192 8 1 833 1
192 OnTime_192 11 1 963 1
192 OnTime_192 12 2 140 1
192 OnTime_192 12 1 635 1
192 OnTime_192 13 1 573 1
192 OnTime_192 14 1 679 1
192 OnTime_192 15 1 837 1
192 OnTime_192 16 2 626 1
192 OnTime_192 16 1 926 1
193 OnTime_193 2 1 939 1
193 OnTime_193 3 1 963 1
193 OnTime_193 3 2 995 1
193 OnTime_193 4 1 736 1
193 OnTime_193 4 2 893 1
193 OnTime_193 8 2 885 1
193 OnTime_193 8 1 1038 1
193 OnTime_193 11 1 585 1
193 OnTime_193 12 2 567 1
193 OnTime_193 12 1 672 1
193 OnTime_193 13 1 1035 1
193 OnTime_193 15 1 1385 1
193 OnTime_193 15 2 1385 1
193 OnTime_193 16 1 874 1
193 OnTime_193 16 2 874 1
194 OnTime_194 2 1 654 1
194 OnTime_194 3 1 866 1
194 OnTime_194 3 2 915 1
194 OnTime_194 4 1 461 1
194 OnTime_194 4 2 908 1
194 OnTime_194 8 1 1096 1
194 OnTime_194 8 2 1096 1
194 OnTime_194 11 1 996 1
194 OnTime_194 12 1 803 1
194 OnTime_194 12 2 803 1
194 OnTime_194 13 1 597 1
194 OnTime_194 14 1 765 1
194 OnTime_194 15 1 1015 1
194 OnTime_194 16 1 908 1
194 OnTime_194 16 2 996 1
195 OnTime_195 2 1 811 1
195 OnTime_195 3 1 297 1
195 OnTime_195 3 2 308 1
195 OnTime_195 4 1 325 1
195 OnTime_195 4 2 1167 1
195 OnTime_195 8 2 813 1
195 OnTime_195 8 1 1304 1
195 OnTime_195 11 1 315 1
195 OnTime_195 12 2 815 1
195 OnTime_195 12 1 883 1
195 OnTime_195 13 1 390 1
195 OnTime_195 14 1 279 1
195 OnTime_195 15 2 511 1
195 OnTime_195 15 1 663 1
195 OnTime_195 16 1 989 1
195 OnTime_195 16 2 1052 1
196 OnTime_196 2 1 654 1
196 OnTime_196 3 1 534 1
196 OnTime_196 3 2 534 1
196 OnTime_196 4 1 1412 1
196 OnTime_196 4 2 1412 1
196 OnTime_196 8 1 1079 1
196 OnTime_196 8 2 1079 1
196 OnTime_196 11 1 821 1
196 OnTime_196 12 1 947 1
196 OnTime_196 12 2 947 1
196 OnTime_196 13 1 1013 1
196 OnTime_196 14 1 436 1
196 OnTime_196 15 1 779 1
196 OnTime_196 15 2 779 1
196 OnTime_196 16 2 436 1
196 OnTime_196 16 1 819 1
197 OnTime_197 2 1 602 1
197 OnTime_197 3 1 420 1
197 OnTime_197 3 2 734 1
197 OnTime_197 4 1 828 1
197 OnTime_197 8 1 565 1
197 OnTime_197 8 2 565 1
197 OnTime_197 11 1 337 1
197 OnTime_197 12 1 1221 1
197 OnTime_197 12 2 1221 1
197 OnTime_197 13 1 695 1
197 OnTime_197 14 1 346 1
197 OnTime_197 15 2 464 1
197 OnTime_197 15 1 686 1
197 OnTime_197 16 1 825 1
198 OnTime_198 2 1 867 1
198 OnTime_198 3 1 983 1
198 OnTime_198 3 2 983 1
198 OnTime_198 4 1 893 1
198 OnTime_198 4 2 893 1
198 OnTime_198 11 1 433 1
198 OnTime_198 12 1 880 1
198 OnTime_198 12 2 880 1
198 OnTime_198 13 1 958 1
198 OnTime_198 14 1 862 1
198 OnTime_198 15 2 825 1
198 OnTime_198 15 1 1034 1
198 OnTime_198 16 2 750 1
198 OnTime_198 16 1 859 1
199 OnTime_199 2 1 792 1
199 OnTime_199 3 1 456 1
199 OnTime_199 3 2 456 1
199 OnTime_199 4 2 525 1
199 OnTime_199 4 1 1040 1
199 OnTime_199 8 1 1094 1
199 OnTime_199 8 2 1094 1
199 OnTime_199 11 1 931 1
199 OnTime_199 12 1 1296 1
199 OnTime_199 12 2 1296 1
199 OnTime_199 13 1 525 1
199 OnTime_199 14 1 913 1
199 OnTime_199 15 1 779 1
199 OnTime_199 15 2 779 1
199 OnTime_199 16 1 667 1
199 OnTime_199 16 2 667 1
200 OnTime_200 2 1 739 1
200 OnTime_200 3 1 456 1
200 OnTime_200 3 2 456 1
200 OnTime_200 4 2 673 1
200 OnTime_200 4 1 781 1
200 OnTime_200 8 1 886 1
200 OnTime_200 8 2 886 1
200 OnTime_200 11 1 257 1
200 OnTime_200 12 1 689 1
200 OnTime_200 12 2 689 1
200 OnTime_200 13 1 473 1
200 OnTime_200 14 1 517 1
200 OnTime_200 15 2 825 1
200 OnTime_200 15 1 1400 1
200 OnTime_200 16 1 679 1
200 OnTime_200 16 2 879 1
