1 OnTime_1 14 1 82 1
1 OnTime_1 15 1 162 1
1 OnTime_1 16 1 93 1
1 OnTime_1 16 1 197 1
2 OnTime_2 15 1 123 1
2 OnTime_2 15 1 162 1
2 OnTime_2 15 1 164 1
2 OnTime_2 16 1 152 1
2 OnTime_2 16 1 168 1
3 OnTime_3 13 1 158 1
3 OnTime_3 15 1 191 1
3 OnTime_3 16 1 152 1
4 OnTime_4 13 1 108 1
4 OnTime_4 15 1 162 1
4 OnTime_4 16 1 44 1
5 OnTime_5 15 1 113 1
5 OnTime_5 15 1 145 1
6 OnTime_6 13 1 180 1
6 OnTime_6 15 1 162 1
6 OnTime_6 15 1 203 1
7 OnTime_7 15 1 113 1
7 OnTime_7 15 1 162 1
7 OnTime_7 15 1 191 1
7 OnTime_7 16 1 15 1
7 OnTime_7 16 1 44 1
8 OnTime_8 13 1 93 1
8 OnTime_8 15 1 123 1
8 OnTime_8 15 1 162 1
8 OnTime_8 16 1 93 1
8 OnTime_8 16 1 197 1
9 OnTime_9 13 1 144 1
9 OnTime_9 15 1 123 1
9 OnTime_9 16 1 226 1
10 OnTime_10 13 1 156 1
10 OnTime_10 15 1 113 1
10 OnTime_10 15 1 145 1
10 OnTime_10 16 1 93 1
10 OnTime_10 16 1 168 1
11 OnTime_11 13 1 158 1
11 OnTime_11 15 1 38 1
11 OnTime_11 15 1 113 1
11 OnTime_11 16 1 38 1
12 OnTime_12 13 1 156 1
12 OnTime_12 15 1 123 1
12 OnTime_12 16 1 87 1
13 OnTime_13 13 1 158 1
13 OnTime_13 15 1 78 1
14 OnTime_14 13 1 144 1
14 OnTime_14 15 1 67 1
14 OnTime_14 16 1 197 1
15 OnTime_15 13 1 156 1
15 OnTime_15 15 1 162 1
15 OnTime_15 15 1 164 1
15 OnTime_15 16 1 168 1
16 OnTime_16 14 1 82 1
16 OnTime_16 15 1 78 1
16 OnTime_16 15 1 162 1
16 OnTime_16 16 1 168 1
17 OnTime_17 13 1 50 1
17 OnTime_17 15 1 113 1
17 OnTime_17 15 1 203 1
17 OnTime_17 16 1 93 1
17 OnTime_17 16 1 197 1
18 OnTime_18 13 1 50 1
18 OnTime_18 15 1 123 1
18 OnTime_18 15 1 191 1
18 OnTime_18 16 1 93 1
18 OnTime_18 16 1 152 1
19 OnTime_19 13 1 108 1
19 OnTime_19 16 1 138 1
19 OnTime_19 16 1 168 1
19 OnTime_19 16 1 226 1
20 OnTime_20 13 1 158 1
20 OnTime_20 15 1 203 1
20 OnTime_20 16 1 87 1
20 OnTime_20 16 1 197 1
20 OnTime_20 16 1 199 1
21 OnTime_21 13 1 73 1
21 OnTime_21 15 1 162 1
21 OnTime_21 15 1 203 1
22 OnTime_22 13 1 142 1
22 OnTime_22 15 1 113 1
23 OnTime_23 13 1 50 1
24 OnTime_24 13 1 73 1
24 OnTime_24 15 1 203 1
24 OnTime_24 16 1 168 1
25 OnTime_25 13 1 144 1
25 OnTime_25 15 1 113 1
25 OnTime_25 15 1 123 1
25 OnTime_25 16 1 87 1
25 OnTime_25 16 1 168 1
26 OnTime_26 13 1 144 1
26 OnTime_26 16 1 226 1
27 OnTime_27 13 1 142 1
27 OnTime_27 15 1 38 1
27 OnTime_27 15 1 113 1
27 OnTime_27 16 1 38 1
27 OnTime_27 16 1 168 1
28 OnTime_28 14 1 22 1
28 OnTime_28 15 1 162 1
29 OnTime_29 14 1 87 1
29 OnTime_29 15 1 78 1
29 OnTime_29 15 1 162 1
29 OnTime_29 16 1 87 1
30 OnTime_30 13 1 93 1
30 OnTime_30 15 1 78 1
30 OnTime_30 15 1 162 1
30 OnTime_30 16 1 93 1
31 OnTime_31 13 1 156 1
31 OnTime_31 15 1 164 1
31 OnTime_31 15 1 203 1
31 OnTime_31 16 1 152 1
31 OnTime_31 16 1 197 1
32 OnTime_32 13 1 172 1
32 OnTime_32 15 1 123 1
32 OnTime_32 15 1 162 1
32 OnTime_32 16 1 87 1
32 OnTime_32 16 1 168 1
33 OnTime_33 13 1 158 1
33 OnTime_33 15 1 78 1
33 OnTime_33 15 1 123 1
33 OnTime_33 16 1 168 1
34 OnTime_34 14 1 87 1
34 OnTime_34 15 1 123 1
34 OnTime_34 15 1 145 1
34 OnTime_34 16 1 87 1
35 OnTime_35 14 1 80 1
35 OnTime_35 15 1 80 1
35 OnTime_35 15 1 191 1
35 OnTime_35 16 1 138 1
36 OnTime_36 13 1 50 1
36 OnTime_36 16 1 15 1
37 OnTime_37 13 1 172 1
37 OnTime_37 15 1 123 1
37 OnTime_37 15 1 145 1
38 OnTime_38 13 1 156 1
38 OnTime_38 16 1 168 1
38 OnTime_38 16 1 197 1
39 OnTime_39 13 1 172 1
39 OnTime_39 15 1 145 1
39 OnTime_39 16 1 138 1
40 OnTime_40 13 1 108 1
40 OnTime_40 15 1 164 1
40 OnTime_40 16 1 197 1
41 OnTime_41 14 1 80 1
41 OnTime_41 15 1 38 1
41 OnTime_41 15 1 80 1
41 OnTime_41 16 1 38 1
41 OnTime_41 16 1 138 1
42 OnTime_42 14 1 87 1
42 OnTime_42 15 1 113 1
42 OnTime_42 15 1 145 1
42 OnTime_42 16 1 87 1
42 OnTime_42 16 1 152 1
43 OnTime_43 13 1 172 1
43 OnTime_43 15 1 162 1
43 OnTime_43 16 1 197 1
44 OnTime_44 13 1 144 1
44 OnTime_44 15 1 123 1
44 OnTime_44 15 1 145 1
44 OnTime_44 16 1 44 1
45 OnTime_45 15 1 58 1
45 OnTime_45 15 1 78 1
45 OnTime_45 15 1 239 1
45 OnTime_45 16 1 152 1
46 OnTime_46 13 1 108 1
46 OnTime_46 16 1 87 1
46 OnTime_46 16 1 168 1
47 OnTime_47 13 1 178 1
47 OnTime_47 15 1 113 1
47 OnTime_47 16 1 152 1
47 OnTime_47 16 1 197 1
48 OnTime_48 13 1 50 1
48 OnTime_48 15 1 123 1
48 OnTime_48 15 1 145 1
48 OnTime_48 16 1 44 1
48 OnTime_48 16 1 69 1
49 OnTime_49 14 1 236 1
49 OnTime_49 15 1 203 1
49 OnTime_49 15 1 239 1
49 OnTime_49 16 1 152 1
50 OnTime_50 14 1 87 1
50 OnTime_50 15 1 162 1
50 OnTime_50 16 1 87 1
51 OnTime_51 13 1 50 1
51 OnTime_51 15 1 113 1
51 OnTime_51 16 1 93 1
52 OnTime_52 15 1 78 1
52 OnTime_52 15 1 80 1
52 OnTime_52 15 1 162 1
52 OnTime_52 16 1 44 1
53 OnTime_53 15 1 145 1
53 OnTime_53 15 1 162 1
53 OnTime_53 15 1 191 1
54 OnTime_54 13 1 142 1
54 OnTime_54 15 1 162 1
54 OnTime_54 15 1 191 1
54 OnTime_54 16 1 168 1
54 OnTime_54 16 1 199 1
55 OnTime_55 13 1 180 1
56 OnTime_56 13 1 69 1
56 OnTime_56 16 1 44 1
56 OnTime_56 16 1 69 1
56 OnTime_56 16 1 138 1
58 OnTime_58 13 1 73 1
58 OnTime_58 15 1 38 1
58 OnTime_58 15 1 123 1
58 OnTime_58 16 1 38 1
58 OnTime_58 16 1 93 1
59 OnTime_59 13 1 93 1
59 OnTime_59 16 1 87 1
59 OnTime_59 16 1 93 1
59 OnTime_59 16 1 152 1
59 OnTime_59 16 1 197 1
60 OnTime_60 13 1 158 1
60 OnTime_60 15 1 67 1
60 OnTime_60 16 1 168 1
61 OnTime_61 14 1 185 1
61 OnTime_61 15 1 80 1
61 OnTime_61 15 1 123 1
61 OnTime_61 16 1 69 1
61 OnTime_61 16 1 87 1
62 OnTime_62 13 1 144 1
62 OnTime_62 15 1 38 1
62 OnTime_62 16 1 38 1
62 OnTime_62 16 1 152 1
63 OnTime_63 14 1 266 1
63 OnTime_63 15 1 67 1
63 OnTime_63 16 1 138 1
63 OnTime_63 16 1 168 1
64 OnTime_64 14 1 240 1
64 OnTime_64 15 1 113 1
64 OnTime_64 16 1 87 1
65 OnTime_65 13 1 142 1
65 OnTime_65 15 1 80 1
65 OnTime_65 15 1 164 1
65 OnTime_65 16 1 15 1
65 OnTime_65 16 1 199 1
66 OnTime_66 13 1 180 1
66 OnTime_66 15 1 203 1
66 OnTime_66 16 1 93 1
66 OnTime_66 16 1 199 1
67 OnTime_67 14 1 143 1
67 OnTime_67 15 1 80 1
67 OnTime_67 15 1 203 1
68 OnTime_68 13 1 172 1
68 OnTime_68 15 1 80 1
68 OnTime_68 15 1 191 1
68 OnTime_68 16 1 93 1
68 OnTime_68 16 1 152 1
69 OnTime_69 13 1 178 1
69 OnTime_69 15 1 78 1
69 OnTime_69 16 1 93 1
70 OnTime_70 13 1 108 1
70 OnTime_70 15 1 80 1
70 OnTime_70 16 1 87 1
70 OnTime_70 16 1 168 1
70 OnTime_70 16 1 197 1
71 OnTime_71 14 1 232 1
71 OnTime_71 15 1 123 1
71 OnTime_71 15 1 145 1
72 OnTime_72 14 1 82 1
72 OnTime_72 15 1 123 1
72 OnTime_72 16 1 44 1
72 OnTime_72 16 1 138 1
73 OnTime_73 13 1 144 1
73 OnTime_73 15 1 164 1
73 OnTime_73 16 1 44 1
73 OnTime_73 16 1 152 1
74 OnTime_74 15 1 78 1
74 OnTime_74 15 1 123 1
74 OnTime_74 15 1 162 1
74 OnTime_74 16 1 87 1
74 OnTime_74 16 1 152 1
75 OnTime_75 13 1 158 1
75 OnTime_75 15 1 80 1
75 OnTime_75 16 1 168 1
75 OnTime_75 16 1 197 1
76 OnTime_76 13 1 172 1
76 OnTime_76 15 1 113 1
77 OnTime_77 13 1 108 1
78 OnTime_78 15 1 67 1
78 OnTime_78 15 1 80 1
78 OnTime_78 15 1 145 1
78 OnTime_78 16 1 199 1
79 OnTime_79 13 1 180 1
79 OnTime_79 15 1 38 1
79 OnTime_79 16 1 38 1
80 OnTime_80 13 1 73 1
80 OnTime_80 16 1 138 1
80 OnTime_80 16 1 226 1
81 OnTime_81 15 1 78 1
81 OnTime_81 15 1 164 1
81 OnTime_81 15 1 203 1
81 OnTime_81 16 1 44 1
81 OnTime_81 16 1 199 1
82 OnTime_82 13 1 93 1
82 OnTime_82 15 1 145 1
82 OnTime_82 15 1 191 1
82 OnTime_82 16 1 93 1
82 OnTime_82 16 1 168 1
83 OnTime_83 13 1 178 1
83 OnTime_83 15 1 113 1
83 OnTime_83 15 1 145 1
83 OnTime_83 16 1 93 1
83 OnTime_83 16 1 152 1
84 OnTime_84 15 1 58 1
84 OnTime_84 15 1 145 1
84 OnTime_84 15 1 203 1
84 OnTime_84 16 1 93 1
84 OnTime_84 16 1 197 1
85 OnTime_85 13 1 144 1
86 OnTime_86 15 1 191 1
87 OnTime_87 14 1 185 1
87 OnTime_87 15 1 80 1
87 OnTime_87 15 1 203 1
87 OnTime_87 16 1 138 1
88 OnTime_88 13 1 144 1
88 OnTime_88 15 1 162 1
88 OnTime_88 16 1 44 1
89 OnTime_89 13 1 172 1
89 OnTime_89 15 1 113 1
89 OnTime_89 15 1 191 1
89 OnTime_89 16 1 197 1
89 OnTime_89 16 1 199 1
90 OnTime_90 15 1 191 1
90 OnTime_90 16 1 199 1
91 OnTime_91 13 1 142 1
91 OnTime_91 16 1 87 1
92 OnTime_92 14 1 185 1
92 OnTime_92 15 1 203 1
92 OnTime_92 16 1 168 1
92 OnTime_92 16 1 199 1
93 OnTime_93 13 1 178 1
93 OnTime_93 15 1 58 1
93 OnTime_93 15 1 164 1
93 OnTime_93 16 1 93 1
94 OnTime_94 13 1 144 1
95 OnTime_95 13 1 178 1
95 OnTime_95 15 1 67 1
95 OnTime_95 16 1 93 1
95 OnTime_95 16 1 197 1
96 OnTime_96 14 1 185 1
96 OnTime_96 15 1 145 1
97 OnTime_97 13 1 108 1
97 OnTime_97 15 1 67 1
97 OnTime_97 15 1 123 1
97 OnTime_97 16 1 152 1
98 OnTime_98 13 1 178 1
98 OnTime_98 15 1 58 1
98 OnTime_98 15 1 164 1
98 OnTime_98 16 1 87 1
98 OnTime_98 16 1 138 1
99 OnTime_99 16 1 44 1
99 OnTime_99 16 1 138 1
99 OnTime_99 16 1 168 1
99 OnTime_99 16 1 197 1
99 OnTime_99 16 1 226 1
100 OnTime_100 15 1 58 1
100 OnTime_100 15 1 123 1
100 OnTime_100 15 1 164 1
100 OnTime_100 16 1 138 1
100 OnTime_100 16 1 152 1
101 OnTime_101 14 1 87 1
101 OnTime_101 15 1 164 1
101 OnTime_101 16 1 87 1
101 OnTime_101 16 1 199 1
102 OnTime_102 14 1 232 1
102 OnTime_102 15 1 145 1
103 OnTime_103 14 1 143 1
103 OnTime_103 15 1 80 1
103 OnTime_103 15 1 162 1
103 OnTime_103 16 1 152 1
103 OnTime_103 16 1 197 1
104 OnTime_104 13 1 178 1
105 OnTime_105 13 1 180 1
105 OnTime_105 15 1 67 1
105 OnTime_105 15 1 78 1
105 OnTime_105 16 1 197 1
106 OnTime_106 14 1 202 1
106 OnTime_106 15 1 123 1
106 OnTime_106 16 1 93 1
107 OnTime_107 13 1 144 1
107 OnTime_107 15 1 113 1
107 OnTime_107 16 1 152 1
108 OnTime_108 13 1 108 1
108 OnTime_108 15 1 145 1
108 OnTime_108 16 1 138 1
109 OnTime_109 14 1 232 1
109 OnTime_109 15 1 113 1
109 OnTime_109 15 1 164 1
110 OnTime_110 13 1 158 1
110 OnTime_110 15 1 58 1
110 OnTime_110 16 1 168 1
110 OnTime_110 16 1 226 1
111 OnTime_111 13 1 178 1
112 OnTime_112 14 1 81 1
112 OnTime_112 15 1 162 1
113 OnTime_113 13 1 144 1
113 OnTime_113 16 1 69 1
113 OnTime_113 16 1 87 1
113 OnTime_113 16 1 152 1
113 OnTime_113 16 1 197 1
114 OnTime_114 13 1 222 1
114 OnTime_114 15 1 162 1
114 OnTime_114 15 1 191 1
114 OnTime_114 16 1 226 1
115 OnTime_115 14 1 81 1
115 OnTime_115 15 1 113 1
115 OnTime_115 16 1 197 1
116 OnTime_116 15 1 80 1
116 OnTime_116 15 1 123 1
116 OnTime_116 15 1 164 1
116 OnTime_116 16 1 93 1
117 OnTime_117 14 1 73 1
117 OnTime_117 15 1 58 1
117 OnTime_117 15 1 164 1
118 OnTime_118 13 1 69 1
118 OnTime_118 16 1 69 1
118 OnTime_118 16 1 197 1
118 OnTime_118 16 1 199 1
119 OnTime_119 14 1 180 1
119 OnTime_119 15 1 123 1
119 OnTime_119 15 1 203 1
119 OnTime_119 16 1 152 1
120 OnTime_120 13 1 178 1
120 OnTime_120 15 1 113 1
120 OnTime_120 15 1 203 1
120 OnTime_120 16 1 152 1
121 OnTime_121 15 1 113 1
121 OnTime_121 15 1 145 1
121 OnTime_121 15 1 162 1
121 OnTime_121 16 1 138 1
121 OnTime_121 16 1 199 1
122 OnTime_122 15 1 58 1
122 OnTime_122 15 1 145 1
122 OnTime_122 15 1 203 1
123 OnTime_123 15 1 58 1
123 OnTime_123 15 1 113 1
123 OnTime_123 15 1 145 1
123 OnTime_123 16 1 138 1
124 OnTime_124 13 1 172 1
124 OnTime_124 15 1 113 1
124 OnTime_124 16 1 138 1
125 OnTime_125 13 1 158 1
125 OnTime_125 15 1 113 1
126 OnTime_126 13 1 156 1
126 OnTime_126 15 1 78 1
126 OnTime_126 15 1 80 1
127 OnTime_127 13 1 178 1
127 OnTime_127 16 1 93 1
127 OnTime_127 16 1 152 1
128 OnTime_128 13 1 178 1
128 OnTime_128 15 1 191 1
129 OnTime_129 14 1 80 1
129 OnTime_129 15 1 80 1
129 OnTime_129 16 1 138 1
129 OnTime_129 16 1 152 1
130 OnTime_130 15 1 145 1
130 OnTime_130 15 1 164 1
130 OnTime_130 15 1 191 1
130 OnTime_130 16 1 168 1
131 OnTime_131 13 1 172 1
131 OnTime_131 15 1 113 1
131 OnTime_131 15 1 123 1
131 OnTime_131 16 1 138 1
131 OnTime_131 16 1 152 1
132 OnTime_132 13 1 108 1
132 OnTime_132 16 1 138 1
133 OnTime_133 14 1 81 1
133 OnTime_133 15 1 80 1
133 OnTime_133 16 1 138 1
134 OnTime_134 15 1 67 1
134 OnTime_134 15 1 123 1
134 OnTime_134 15 1 145 1
134 OnTime_134 16 1 197 1
134 OnTime_134 16 1 226 1
135 OnTime_135 13 1 156 1
135 OnTime_135 15 1 123 1
135 OnTime_135 15 1 145 1
136 OnTime_136 13 1 222 1
136 OnTime_136 16 1 168 1
137 OnTime_137 13 1 144 1
137 OnTime_137 15 1 113 1
138 OnTime_138 13 1 50 1
138 OnTime_138 15 1 80 1
138 OnTime_138 15 1 123 1
138 OnTime_138 16 1 93 1
139 OnTime_139 14 1 236 1
139 OnTime_139 16 1 69 1
140 OnTime_140 14 1 49 1
140 OnTime_140 15 1 67 1
140 OnTime_140 16 1 87 1
140 OnTime_140 16 1 199 1
141 OnTime_141 15 1 164 1
141 OnTime_141 15 1 191 1
141 OnTime_141 15 1 203 1
141 OnTime_141 16 1 69 1
141 OnTime_141 16 1 197 1
142 OnTime_142 13 1 108 1
142 OnTime_142 15 1 113 1
143 OnTime_143 13 1 69 1
143 OnTime_143 16 1 44 1
143 OnTime_143 16 1 87 1
143 OnTime_143 16 1 138 1
143 OnTime_143 16 1 197 1
144 OnTime_144 14 1 202 1
144 OnTime_144 15 1 145 1
144 OnTime_144 16 1 168 1
145 OnTime_145 13 1 73 1
145 OnTime_145 16 1 93 1
145 OnTime_145 16 1 197 1
146 OnTime_146 14 1 143 1
146 OnTime_146 15 1 67 1
146 OnTime_146 15 1 113 1
146 OnTime_146 16 1 138 1
147 OnTime_147 13 1 180 1
147 OnTime_147 15 1 113 1
147 OnTime_147 15 1 123 1
148 OnTime_148 14 1 180 1
148 OnTime_148 15 1 113 1
148 OnTime_148 15 1 164 1
148 OnTime_148 16 1 138 1
148 OnTime_148 16 1 168 1
149 OnTime_149 13 1 142 1
149 OnTime_149 16 1 69 1
149 OnTime_149 16 1 199 1
150 OnTime_150 15 1 80 1
150 OnTime_150 15 1 123 1
150 OnTime_150 15 1 239 1
150 OnTime_150 16 1 44 1
150 OnTime_150 16 1 93 1
