Obj: 4.995
[3, 2, 2, 2, 3, 2, 1, 0, 2, 1, 2, 2, 2, 2, 3, 2, 1, 0, 2, 0, 1, 1, 2, 1, 4, 2, 1, 0, 2, 1, 4, 2]
Obj (ACT VS ACT BLS): 4.95
[0, 2, 5, 2, 3, 2, 1, 0, 2, 1, 2, 2, 2, 2, 3, 2, 1, 0, 2, 0, 1, 1, 2, 1, 4, 2, 1, 0, 2, 1, 4, 2]
Obj (ACT VS ACT BLS): 4.95
[0, 2, 2, 2, 6, 2, 1, 0, 2, 1, 2, 2, 2, 2, 3, 2, 1, 0, 2, 0, 1, 1, 2, 1, 4, 2, 1, 0, 2, 1, 4, 2]
Obj (ACT VS ACT BLS): 4.95
[0, 2, 2, 2, 3, 2, 4, 0, 2, 1, 2, 2, 2, 2, 3, 2, 1, 0, 2, 0, 1, 1, 2, 1, 4, 2, 1, 0, 2, 1, 4, 2]
Obj (ACT VS ACT BLS): 4.95
[0, 2, 2, 2, 3, 2, 1, 0, 5, 1, 2, 2, 2, 2, 3, 2, 1, 0, 2, 0, 1, 1, 2, 1, 4, 2, 1, 0, 2, 1, 4, 2]
Obj (ACT VS ACT BLS): 4.95
[0, 2, 2, 2, 3, 2, 1, 0, 2, 1, 5, 2, 2, 2, 3, 2, 1, 0, 2, 0, 1, 1, 2, 1, 4, 2, 1, 0, 2, 1, 4, 2]
Obj (ACT VS ACT BLS): 4.95
[0, 2, 2, 2, 3, 2, 1, 0, 2, 1, 2, 2, 5, 2, 3, 2, 1, 0, 2, 0, 1, 1, 2, 1, 4, 2, 1, 0, 2, 1, 4, 2]
Obj (ACT VS ACT BLS): 4.95
[0, 2, 2, 2, 3, 2, 1, 0, 2, 1, 2, 2, 2, 2, 6, 2, 1, 0, 2, 0, 1, 1, 2, 1, 4, 2, 1, 0, 2, 1, 4, 2]
Obj (ACT VS ACT BLS): 4.95
[0, 2, 2, 2, 3, 2, 1, 0, 2, 1, 2, 2, 2, 2, 3, 2, 4, 0, 2, 0, 1, 1, 2, 1, 4, 2, 1, 0, 2, 1, 4, 2]
Obj (ACT VS ACT BLS): 4.95
[0, 2, 2, 2, 3, 2, 1, 0, 2, 1, 2, 2, 2, 2, 3, 2, 1, 0, 5, 0, 1, 1, 2, 1, 4, 2, 1, 0, 2, 1, 4, 2]
Obj (ACT VS ACT BLS): 4.95
[0, 2, 2, 2, 3, 2, 1, 0, 2, 1, 2, 2, 2, 2, 3, 2, 1, 0, 2, 0, 4, 1, 2, 1, 4, 2, 1, 0, 2, 1, 4, 2]
Obj (ACT VS ACT BLS): 4.95
[0, 2, 2, 2, 3, 2, 1, 0, 2, 1, 2, 2, 2, 2, 3, 2, 1, 0, 2, 0, 1, 1, 5, 1, 4, 2, 1, 0, 2, 1, 4, 2]
Obj (ACT VS ACT BLS): 4.95
[0, 2, 2, 2, 3, 2, 1, 0, 2, 1, 2, 2, 2, 2, 3, 2, 1, 0, 2, 0, 1, 1, 2, 1, 7, 2, 1, 0, 2, 1, 4, 2]
Obj (ACT VS ACT BLS): 4.95
[0, 2, 2, 2, 3, 2, 1, 0, 2, 1, 2, 2, 2, 2, 3, 2, 1, 0, 2, 0, 1, 1, 2, 1, 4, 2, 4, 0, 2, 1, 4, 2]
Obj (ACT VS ACT BLS): 4.95
[0, 2, 2, 2, 3, 2, 1, 0, 2, 1, 2, 2, 2, 2, 3, 2, 1, 0, 2, 0, 1, 1, 2, 1, 4, 2, 1, 0, 5, 1, 4, 2]
Obj (ACT VS ACT BLS): 4.95
[0, 2, 2, 2, 3, 2, 1, 0, 2, 1, 2, 2, 2, 2, 3, 2, 1, 0, 2, 0, 1, 1, 2, 1, 4, 2, 1, 0, 2, 1, 7, 2]
Obj (ACT VS ACT BLS): 4.995
[5, 2, 0, 2, 3, 2, 1, 0, 2, 1, 2, 2, 2, 2, 3, 2, 1, 0, 2, 0, 1, 1, 2, 1, 4, 2, 1, 0, 2, 1, 4, 2]
Obj (ACT VS ACT BLS): 4.995
[3, 2, 0, 2, 5, 2, 1, 0, 2, 1, 2, 2, 2, 2, 3, 2, 1, 0, 2, 0, 1, 1, 2, 1, 4, 2, 1, 0, 2, 1, 4, 2]
Obj (ACT VS ACT BLS): 4.995
[3, 2, 0, 2, 3, 2, 3, 0, 2, 1, 2, 2, 2, 2, 3, 2, 1, 0, 2, 0, 1, 1, 2, 1, 4, 2, 1, 0, 2, 1, 4, 2]
Obj (ACT VS ACT BLS): 4.995
[3, 2, 0, 2, 3, 2, 1, 0, 4, 1, 2, 2, 2, 2, 3, 2, 1, 0, 2, 0, 1, 1, 2, 1, 4, 2, 1, 0, 2, 1, 4, 2]
Obj (ACT VS ACT ALS): 4.95
[3, 0, 2, 4, 3, 2, 1, 0, 2, 1, 2, 2, 2, 2, 3, 2, 1, 0, 2, 0, 1, 1, 2, 1, 4, 2, 1, 0, 2, 1, 4, 2]
Obj (ACT VS ACT ALS): 4.95
[3, 0, 2, 2, 3, 4, 1, 0, 2, 1, 2, 2, 2, 2, 3, 2, 1, 0, 2, 0, 1, 1, 2, 1, 4, 2, 1, 0, 2, 1, 4, 2]
Obj (ACT VS ACT ALS): 4.95
[3, 0, 2, 2, 3, 2, 1, 0, 2, 3, 2, 2, 2, 2, 3, 2, 1, 0, 2, 0, 1, 1, 2, 1, 4, 2, 1, 0, 2, 1, 4, 2]
Obj (ACT VS ACT ALS): 4.95
[3, 0, 2, 2, 3, 2, 1, 0, 2, 1, 2, 4, 2, 2, 3, 2, 1, 0, 2, 0, 1, 1, 2, 1, 4, 2, 1, 0, 2, 1, 4, 2]
Obj (ACT VS ACT ALS): 4.95
[3, 0, 2, 2, 3, 2, 1, 0, 2, 1, 2, 2, 2, 4, 3, 2, 1, 0, 2, 0, 1, 1, 2, 1, 4, 2, 1, 0, 2, 1, 4, 2]
Obj (ACT VS ACT ALS): 4.95
[3, 0, 2, 2, 3, 2, 1, 0, 2, 1, 2, 2, 2, 2, 3, 4, 1, 0, 2, 0, 1, 1, 2, 1, 4, 2, 1, 0, 2, 1, 4, 2]
Obj (ACT VS ACT ALS): 4.95
[3, 0, 2, 2, 3, 2, 1, 0, 2, 1, 2, 2, 2, 2, 3, 2, 1, 0, 2, 0, 1, 3, 2, 1, 4, 2, 1, 0, 2, 1, 4, 2]
Obj (ACT VS ACT ALS): 4.95
[3, 0, 2, 2, 3, 2, 1, 0, 2, 1, 2, 2, 2, 2, 3, 2, 1, 0, 2, 0, 1, 1, 2, 3, 4, 2, 1, 0, 2, 1, 4, 2]
Obj (ACT VS ACT ALS): 4.95
[3, 0, 2, 2, 3, 2, 1, 0, 2, 1, 2, 2, 2, 2, 3, 2, 1, 0, 2, 0, 1, 1, 2, 1, 4, 4, 1, 0, 2, 1, 4, 2]
Obj (ACT VS ACT ALS): 4.95
[3, 0, 2, 2, 3, 2, 1, 0, 2, 1, 2, 2, 2, 2, 3, 2, 1, 0, 2, 0, 1, 1, 2, 1, 4, 2, 1, 0, 2, 3, 4, 2]
Obj (ACT VS ACT ALS): 4.95
[3, 0, 2, 2, 3, 2, 1, 0, 2, 1, 2, 2, 2, 2, 3, 2, 1, 0, 2, 0, 1, 1, 2, 1, 4, 2, 1, 0, 2, 1, 4, 4]
Obj (ACT VS ACT ALS): 4.995
[3, 4, 2, 0, 3, 2, 1, 0, 2, 1, 2, 2, 2, 2, 3, 2, 1, 0, 2, 0, 1, 1, 2, 1, 4, 2, 1, 0, 2, 1, 4, 2]
Obj (ACT VS ACT ALS): 4.995
[3, 2, 2, 0, 3, 4, 1, 0, 2, 1, 2, 2, 2, 2, 3, 2, 1, 0, 2, 0, 1, 1, 2, 1, 4, 2, 1, 0, 2, 1, 4, 2]
Obj (ACT VS ACT ALS): 4.995
[3, 2, 2, 0, 3, 2, 1, 0, 2, 3, 2, 2, 2, 2, 3, 2, 1, 0, 2, 0, 1, 1, 2, 1, 4, 2, 1, 0, 2, 1, 4, 2]
Obj (ACT VS ACT ALS): 4.995
[3, 2, 2, 0, 3, 2, 1, 0, 2, 1, 2, 4, 2, 2, 3, 2, 1, 0, 2, 0, 1, 1, 2, 1, 4, 2, 1, 0, 2, 1, 4, 2]
Obj (ACT VS ACT ALS): 4.995
[3, 2, 2, 0, 3, 2, 1, 0, 2, 1, 2, 2, 2, 4, 3, 2, 1, 0, 2, 0, 1, 1, 2, 1, 4, 2, 1, 0, 2, 1, 4, 2]
Obj (ACT VS ACT ALS): 4.995
[3, 2, 2, 0, 3, 2, 1, 0, 2, 1, 2, 2, 2, 2, 3, 4, 1, 0, 2, 0, 1, 1, 2, 1, 4, 2, 1, 0, 2, 1, 4, 2]
Obj (ACT VS ACT ALS): 4.995
[3, 2, 2, 0, 3, 2, 1, 0, 2, 1, 2, 2, 2, 2, 3, 2, 1, 0, 2, 0, 1, 3, 2, 1, 4, 2, 1, 0, 2, 1, 4, 2]
Obj (ACT VS ACT ALS): 4.995
[3, 2, 2, 0, 3, 2, 1, 0, 2, 1, 2, 2, 2, 2, 3, 2, 1, 0, 2, 0, 1, 1, 2, 3, 4, 2, 1, 0, 2, 1, 4, 2]
Obj (ACT VS ACT ALS): 4.995
[3, 2, 2, 0, 3, 2, 1, 0, 2, 1, 2, 2, 2, 2, 3, 2, 1, 0, 2, 0, 1, 1, 2, 1, 4, 4, 1, 0, 2, 1, 4, 2]
Obj (ACT VS ACT ALS): 4.995
[3, 2, 2, 0, 3, 2, 1, 0, 2, 1, 2, 2, 2, 2, 3, 2, 1, 0, 2, 0, 1, 1, 2, 1, 4, 2, 1, 0, 2, 3, 4, 2]
Obj (ACT VS ACT ALS): 4.995
[3, 2, 2, 0, 3, 2, 1, 0, 2, 1, 2, 2, 2, 2, 3, 2, 1, 0, 2, 0, 1, 1, 2, 1, 4, 2, 1, 0, 2, 1, 4, 4]
Obj (ACT VS ACT ALS): 4.91
[3, 4, 2, 2, 3, 0, 1, 0, 2, 1, 2, 2, 2, 2, 3, 2, 1, 0, 2, 0, 1, 1, 2, 1, 4, 2, 1, 0, 2, 1, 4, 2]
Obj (ACT VS ACT ALS): 4.91
[3, 2, 2, 4, 3, 0, 1, 0, 2, 1, 2, 2, 2, 2, 3, 2, 1, 0, 2, 0, 1, 1, 2, 1, 4, 2, 1, 0, 2, 1, 4, 2]
Obj (ACT VS ACT ALS): 4.91
[3, 2, 2, 2, 3, 0, 1, 0, 2, 3, 2, 2, 2, 2, 3, 2, 1, 0, 2, 0, 1, 1, 2, 1, 4, 2, 1, 0, 2, 1, 4, 2]
Obj (ACT VS ACT ALS): 4.91
[3, 2, 2, 2, 3, 0, 1, 0, 2, 1, 2, 4, 2, 2, 3, 2, 1, 0, 2, 0, 1, 1, 2, 1, 4, 2, 1, 0, 2, 1, 4, 2]
Obj (ACT VS ACT ALS): 4.91
[3, 2, 2, 2, 3, 0, 1, 0, 2, 1, 2, 2, 2, 4, 3, 2, 1, 0, 2, 0, 1, 1, 2, 1, 4, 2, 1, 0, 2, 1, 4, 2]
Obj (ACT VS ACT ALS): 4.91
[3, 2, 2, 2, 3, 0, 1, 0, 2, 1, 2, 2, 2, 2, 3, 4, 1, 0, 2, 0, 1, 1, 2, 1, 4, 2, 1, 0, 2, 1, 4, 2]
Obj (ACT VS ACT ALS): 4.91
[3, 2, 2, 2, 3, 0, 1, 0, 2, 1, 2, 2, 2, 2, 3, 2, 1, 0, 2, 0, 1, 3, 2, 1, 4, 2, 1, 0, 2, 1, 4, 2]
Obj (ACT VS ACT ALS): 4.91
[3, 2, 2, 2, 3, 0, 1, 0, 2, 1, 2, 2, 2, 2, 3, 2, 1, 0, 2, 0, 1, 1, 2, 3, 4, 2, 1, 0, 2, 1, 4, 2]
Obj (ACT VS ACT ALS): 4.91
[3, 2, 2, 2, 3, 0, 1, 0, 2, 1, 2, 2, 2, 2, 3, 2, 1, 0, 2, 0, 1, 1, 2, 1, 4, 4, 1, 0, 2, 1, 4, 2]
Obj (ACT VS ACT ALS): 4.91
[3, 2, 2, 2, 3, 0, 1, 0, 2, 1, 2, 2, 2, 2, 3, 2, 1, 0, 2, 0, 1, 1, 2, 1, 4, 2, 1, 0, 2, 3, 4, 2]
Obj (ACT VS ACT ALS): 4.91
[3, 2, 2, 2, 3, 0, 1, 0, 2, 1, 2, 2, 2, 2, 3, 2, 1, 0, 2, 0, 1, 1, 2, 1, 4, 2, 1, 0, 2, 1, 4, 4]
Obj (ACT VS ACT ALS): 4.995
[3, 3, 2, 2, 3, 2, 1, 0, 2, 0, 2, 2, 2, 2, 3, 2, 1, 0, 2, 0, 1, 1, 2, 1, 4, 2, 1, 0, 2, 1, 4, 2]
Obj (ACT VS ACT ALS): 4.995
[3, 2, 2, 3, 3, 2, 1, 0, 2, 0, 2, 2, 2, 2, 3, 2, 1, 0, 2, 0, 1, 1, 2, 1, 4, 2, 1, 0, 2, 1, 4, 2]
Obj (ACT VS ACT ALS): 4.995
[3, 2, 2, 2, 3, 3, 1, 0, 2, 0, 2, 2, 2, 2, 3, 2, 1, 0, 2, 0, 1, 1, 2, 1, 4, 2, 1, 0, 2, 1, 4, 2]
Obj (ACT VS ACT ALS): 4.995
[3, 2, 2, 2, 3, 2, 1, 0, 2, 0, 2, 3, 2, 2, 3, 2, 1, 0, 2, 0, 1, 1, 2, 1, 4, 2, 1, 0, 2, 1, 4, 2]
Obj (ACT VS ACT ALS): 4.995
[3, 2, 2, 2, 3, 2, 1, 0, 2, 0, 2, 2, 2, 3, 3, 2, 1, 0, 2, 0, 1, 1, 2, 1, 4, 2, 1, 0, 2, 1, 4, 2]
Obj (ACT VS ACT ALS): 4.995
[3, 2, 2, 2, 3, 2, 1, 0, 2, 0, 2, 2, 2, 2, 3, 3, 1, 0, 2, 0, 1, 1, 2, 1, 4, 2, 1, 0, 2, 1, 4, 2]
Obj (ACT VS ACT ALS): 4.995
[3, 2, 2, 2, 3, 2, 1, 0, 2, 0, 2, 2, 2, 2, 3, 2, 1, 0, 2, 0, 1, 2, 2, 1, 4, 2, 1, 0, 2, 1, 4, 2]
Obj (ACT VS ACT ALS): 4.995
[3, 2, 2, 2, 3, 2, 1, 0, 2, 0, 2, 2, 2, 2, 3, 2, 1, 0, 2, 0, 1, 1, 2, 2, 4, 2, 1, 0, 2, 1, 4, 2]
Obj (ACT VS ACT ALS): 4.995
[3, 2, 2, 2, 3, 2, 1, 0, 2, 0, 2, 2, 2, 2, 3, 2, 1, 0, 2, 0, 1, 1, 2, 1, 4, 3, 1, 0, 2, 1, 4, 2]
Obj (ACT VS ACT ALS): 4.995
[3, 2, 2, 2, 3, 2, 1, 0, 2, 0, 2, 2, 2, 2, 3, 2, 1, 0, 2, 0, 1, 1, 2, 1, 4, 2, 1, 0, 2, 2, 4, 2]
Obj (ACT VS ACT ALS): 4.995
[3, 2, 2, 2, 3, 2, 1, 0, 2, 0, 2, 2, 2, 2, 3, 2, 1, 0, 2, 0, 1, 1, 2, 1, 4, 2, 1, 0, 2, 1, 4, 3]
Obj (ACT VS ACT ALS): 4.91
[3, 4, 2, 2, 3, 2, 1, 0, 2, 1, 2, 0, 2, 2, 3, 2, 1, 0, 2, 0, 1, 1, 2, 1, 4, 2, 1, 0, 2, 1, 4, 2]
Obj (ACT VS ACT ALS): 4.91
[3, 2, 2, 4, 3, 2, 1, 0, 2, 1, 2, 0, 2, 2, 3, 2, 1, 0, 2, 0, 1, 1, 2, 1, 4, 2, 1, 0, 2, 1, 4, 2]
Obj (ACT VS ACT ALS): 4.91
[3, 2, 2, 2, 3, 4, 1, 0, 2, 1, 2, 0, 2, 2, 3, 2, 1, 0, 2, 0, 1, 1, 2, 1, 4, 2, 1, 0, 2, 1, 4, 2]
Obj (ACT VS ACT ALS): 4.91
[3, 2, 2, 2, 3, 2, 1, 0, 2, 3, 2, 0, 2, 2, 3, 2, 1, 0, 2, 0, 1, 1, 2, 1, 4, 2, 1, 0, 2, 1, 4, 2]
Obj (ACT VS ACT ALS): 4.91
[3, 2, 2, 2, 3, 2, 1, 0, 2, 1, 2, 0, 2, 4, 3, 2, 1, 0, 2, 0, 1, 1, 2, 1, 4, 2, 1, 0, 2, 1, 4, 2]
Obj (ACT VS ACT ALS): 4.91
[3, 2, 2, 2, 3, 2, 1, 0, 2, 1, 2, 0, 2, 2, 3, 4, 1, 0, 2, 0, 1, 1, 2, 1, 4, 2, 1, 0, 2, 1, 4, 2]
Obj (ACT VS ACT ALS): 4.91
[3, 2, 2, 2, 3, 2, 1, 0, 2, 1, 2, 0, 2, 2, 3, 2, 1, 0, 2, 0, 1, 3, 2, 1, 4, 2, 1, 0, 2, 1, 4, 2]
Obj (ACT VS ACT ALS): 4.91
[3, 2, 2, 2, 3, 2, 1, 0, 2, 1, 2, 0, 2, 2, 3, 2, 1, 0, 2, 0, 1, 1, 2, 3, 4, 2, 1, 0, 2, 1, 4, 2]
Obj (ACT VS ACT ALS): 4.91
[3, 2, 2, 2, 3, 2, 1, 0, 2, 1, 2, 0, 2, 2, 3, 2, 1, 0, 2, 0, 1, 1, 2, 1, 4, 4, 1, 0, 2, 1, 4, 2]
Obj (ACT VS ACT ALS): 4.91
[3, 2, 2, 2, 3, 2, 1, 0, 2, 1, 2, 0, 2, 2, 3, 2, 1, 0, 2, 0, 1, 1, 2, 1, 4, 2, 1, 0, 2, 3, 4, 2]
Obj (ACT VS ACT ALS): 4.91
[3, 2, 2, 2, 3, 2, 1, 0, 2, 1, 2, 0, 2, 2, 3, 2, 1, 0, 2, 0, 1, 1, 2, 1, 4, 2, 1, 0, 2, 1, 4, 4]
Obj (ACT VS ACT ALS): 4.995
[3, 4, 2, 2, 3, 2, 1, 0, 2, 1, 2, 2, 2, 0, 3, 2, 1, 0, 2, 0, 1, 1, 2, 1, 4, 2, 1, 0, 2, 1, 4, 2]
Obj (ACT VS ACT ALS): 4.995
[3, 2, 2, 4, 3, 2, 1, 0, 2, 1, 2, 2, 2, 0, 3, 2, 1, 0, 2, 0, 1, 1, 2, 1, 4, 2, 1, 0, 2, 1, 4, 2]
Obj (ACT VS ACT ALS): 4.995
[3, 2, 2, 2, 3, 4, 1, 0, 2, 1, 2, 2, 2, 0, 3, 2, 1, 0, 2, 0, 1, 1, 2, 1, 4, 2, 1, 0, 2, 1, 4, 2]
Obj (ACT VS ACT ALS): 4.995
[3, 2, 2, 2, 3, 2, 1, 0, 2, 3, 2, 2, 2, 0, 3, 2, 1, 0, 2, 0, 1, 1, 2, 1, 4, 2, 1, 0, 2, 1, 4, 2]
Obj (ACT VS ACT ALS): 4.995
[3, 2, 2, 2, 3, 2, 1, 0, 2, 1, 2, 4, 2, 0, 3, 2, 1, 0, 2, 0, 1, 1, 2, 1, 4, 2, 1, 0, 2, 1, 4, 2]
Obj (ACT VS ACT ALS): 4.995
[3, 2, 2, 2, 3, 2, 1, 0, 2, 1, 2, 2, 2, 0, 3, 4, 1, 0, 2, 0, 1, 1, 2, 1, 4, 2, 1, 0, 2, 1, 4, 2]
Obj (ACT VS ACT ALS): 4.995
[3, 2, 2, 2, 3, 2, 1, 0, 2, 1, 2, 2, 2, 0, 3, 2, 1, 0, 2, 0, 1, 3, 2, 1, 4, 2, 1, 0, 2, 1, 4, 2]
Obj (ACT VS ACT ALS): 4.995
[3, 2, 2, 2, 3, 2, 1, 0, 2, 1, 2, 2, 2, 0, 3, 2, 1, 0, 2, 0, 1, 1, 2, 3, 4, 2, 1, 0, 2, 1, 4, 2]
Obj (ACT VS ACT ALS): 4.995
[3, 2, 2, 2, 3, 2, 1, 0, 2, 1, 2, 2, 2, 0, 3, 2, 1, 0, 2, 0, 1, 1, 2, 1, 4, 4, 1, 0, 2, 1, 4, 2]
Obj (ACT VS ACT ALS): 4.995
[3, 2, 2, 2, 3, 2, 1, 0, 2, 1, 2, 2, 2, 0, 3, 2, 1, 0, 2, 0, 1, 1, 2, 1, 4, 2, 1, 0, 2, 3, 4, 2]
Obj (ACT VS ACT ALS): 4.995
[3, 2, 2, 2, 3, 2, 1, 0, 2, 1, 2, 2, 2, 0, 3, 2, 1, 0, 2, 0, 1, 1, 2, 1, 4, 2, 1, 0, 2, 1, 4, 4]
Obj (ACT VS ACT ALS): 4.995
[3, 4, 2, 2, 3, 2, 1, 0, 2, 1, 2, 2, 2, 2, 3, 0, 1, 0, 2, 0, 1, 1, 2, 1, 4, 2, 1, 0, 2, 1, 4, 2]
Obj (ACT VS ACT ALS): 4.995
[3, 2, 2, 4, 3, 2, 1, 0, 2, 1, 2, 2, 2, 2, 3, 0, 1, 0, 2, 0, 1, 1, 2, 1, 4, 2, 1, 0, 2, 1, 4, 2]
Obj (ACT VS ACT ALS): 4.995
[3, 2, 2, 2, 3, 4, 1, 0, 2, 1, 2, 2, 2, 2, 3, 0, 1, 0, 2, 0, 1, 1, 2, 1, 4, 2, 1, 0, 2, 1, 4, 2]
Obj (ACT VS ACT ALS): 4.995
[3, 2, 2, 2, 3, 2, 1, 0, 2, 3, 2, 2, 2, 2, 3, 0, 1, 0, 2, 0, 1, 1, 2, 1, 4, 2, 1, 0, 2, 1, 4, 2]
Obj (ACT VS ACT ALS): 4.995
[3, 2, 2, 2, 3, 2, 1, 0, 2, 1, 2, 4, 2, 2, 3, 0, 1, 0, 2, 0, 1, 1, 2, 1, 4, 2, 1, 0, 2, 1, 4, 2]
Obj (ACT VS ACT ALS): 4.995
[3, 2, 2, 2, 3, 2, 1, 0, 2, 1, 2, 2, 2, 4, 3, 0, 1, 0, 2, 0, 1, 1, 2, 1, 4, 2, 1, 0, 2, 1, 4, 2]
Obj (ACT VS ACT ALS): 4.995
[3, 2, 2, 2, 3, 2, 1, 0, 2, 1, 2, 2, 2, 2, 3, 0, 1, 0, 2, 0, 1, 3, 2, 1, 4, 2, 1, 0, 2, 1, 4, 2]
Obj (ACT VS ACT ALS): 4.995
[3, 2, 2, 2, 3, 2, 1, 0, 2, 1, 2, 2, 2, 2, 3, 0, 1, 0, 2, 0, 1, 1, 2, 3, 4, 2, 1, 0, 2, 1, 4, 2]
Obj (ACT VS ACT ALS): 4.995
[3, 2, 2, 2, 3, 2, 1, 0, 2, 1, 2, 2, 2, 2, 3, 0, 1, 0, 2, 0, 1, 1, 2, 1, 4, 4, 1, 0, 2, 1, 4, 2]
Obj (ACT VS ACT ALS): 4.995
[3, 2, 2, 2, 3, 2, 1, 0, 2, 1, 2, 2, 2, 2, 3, 0, 1, 0, 2, 0, 1, 1, 2, 1, 4, 2, 1, 0, 2, 3, 4, 2]
Obj (ACT VS ACT ALS): 4.995
[3, 2, 2, 2, 3, 2, 1, 0, 2, 1, 2, 2, 2, 2, 3, 0, 1, 0, 2, 0, 1, 1, 2, 1, 4, 2, 1, 0, 2, 1, 4, 4]
Obj (ACT VS ACT ALS): 4.995
[3, 3, 2, 2, 3, 2, 1, 0, 2, 1, 2, 2, 2, 2, 3, 2, 1, 0, 2, 0, 1, 0, 2, 1, 4, 2, 1, 0, 2, 1, 4, 2]
Obj (ACT VS ACT ALS): 4.995
[3, 2, 2, 3, 3, 2, 1, 0, 2, 1, 2, 2, 2, 2, 3, 2, 1, 0, 2, 0, 1, 0, 2, 1, 4, 2, 1, 0, 2, 1, 4, 2]
Obj (ACT VS ACT ALS): 4.995
[3, 2, 2, 2, 3, 3, 1, 0, 2, 1, 2, 2, 2, 2, 3, 2, 1, 0, 2, 0, 1, 0, 2, 1, 4, 2, 1, 0, 2, 1, 4, 2]
Obj (ACT VS ACT ALS): 4.995
[3, 2, 2, 2, 3, 2, 1, 0, 2, 2, 2, 2, 2, 2, 3, 2, 1, 0, 2, 0, 1, 0, 2, 1, 4, 2, 1, 0, 2, 1, 4, 2]
Obj (ACT VS ACT ALS): 4.995
[3, 2, 2, 2, 3, 2, 1, 0, 2, 1, 2, 3, 2, 2, 3, 2, 1, 0, 2, 0, 1, 0, 2, 1, 4, 2, 1, 0, 2, 1, 4, 2]
Obj (ACT VS ACT ALS): 4.995
[3, 2, 2, 2, 3, 2, 1, 0, 2, 1, 2, 2, 2, 3, 3, 2, 1, 0, 2, 0, 1, 0, 2, 1, 4, 2, 1, 0, 2, 1, 4, 2]
Obj (ACT VS ACT ALS): 4.995
[3, 2, 2, 2, 3, 2, 1, 0, 2, 1, 2, 2, 2, 2, 3, 3, 1, 0, 2, 0, 1, 0, 2, 1, 4, 2, 1, 0, 2, 1, 4, 2]
Obj (ACT VS ACT ALS): 4.995
[3, 2, 2, 2, 3, 2, 1, 0, 2, 1, 2, 2, 2, 2, 3, 2, 1, 0, 2, 0, 1, 0, 2, 2, 4, 2, 1, 0, 2, 1, 4, 2]
Obj (ACT VS ACT ALS): 4.995
[3, 2, 2, 2, 3, 2, 1, 0, 2, 1, 2, 2, 2, 2, 3, 2, 1, 0, 2, 0, 1, 0, 2, 1, 4, 3, 1, 0, 2, 1, 4, 2]
Obj (ACT VS ACT ALS): 4.995
[3, 2, 2, 2, 3, 2, 1, 0, 2, 1, 2, 2, 2, 2, 3, 2, 1, 0, 2, 0, 1, 0, 2, 1, 4, 2, 1, 0, 2, 2, 4, 2]
Obj (ACT VS ACT ALS): 4.995
[3, 2, 2, 2, 3, 2, 1, 0, 2, 1, 2, 2, 2, 2, 3, 2, 1, 0, 2, 0, 1, 0, 2, 1, 4, 2, 1, 0, 2, 1, 4, 3]
Obj (ACT VS ACT ALS): 4.995
[3, 3, 2, 2, 3, 2, 1, 0, 2, 1, 2, 2, 2, 2, 3, 2, 1, 0, 2, 0, 1, 1, 2, 0, 4, 2, 1, 0, 2, 1, 4, 2]
Obj (ACT VS ACT ALS): 4.995
[3, 2, 2, 3, 3, 2, 1, 0, 2, 1, 2, 2, 2, 2, 3, 2, 1, 0, 2, 0, 1, 1, 2, 0, 4, 2, 1, 0, 2, 1, 4, 2]
Obj (ACT VS ACT ALS): 4.995
[3, 2, 2, 2, 3, 3, 1, 0, 2, 1, 2, 2, 2, 2, 3, 2, 1, 0, 2, 0, 1, 1, 2, 0, 4, 2, 1, 0, 2, 1, 4, 2]
Obj (ACT VS ACT ALS): 4.995
[3, 2, 2, 2, 3, 2, 1, 0, 2, 2, 2, 2, 2, 2, 3, 2, 1, 0, 2, 0, 1, 1, 2, 0, 4, 2, 1, 0, 2, 1, 4, 2]
Obj (ACT VS ACT ALS): 4.995
[3, 2, 2, 2, 3, 2, 1, 0, 2, 1, 2, 3, 2, 2, 3, 2, 1, 0, 2, 0, 1, 1, 2, 0, 4, 2, 1, 0, 2, 1, 4, 2]
Obj (ACT VS ACT ALS): 4.995
[3, 2, 2, 2, 3, 2, 1, 0, 2, 1, 2, 2, 2, 3, 3, 2, 1, 0, 2, 0, 1, 1, 2, 0, 4, 2, 1, 0, 2, 1, 4, 2]
Obj (ACT VS ACT ALS): 4.995
[3, 2, 2, 2, 3, 2, 1, 0, 2, 1, 2, 2, 2, 2, 3, 3, 1, 0, 2, 0, 1, 1, 2, 0, 4, 2, 1, 0, 2, 1, 4, 2]
Obj (ACT VS ACT ALS): 4.995
[3, 2, 2, 2, 3, 2, 1, 0, 2, 1, 2, 2, 2, 2, 3, 2, 1, 0, 2, 0, 1, 2, 2, 0, 4, 2, 1, 0, 2, 1, 4, 2]
Obj (ACT VS ACT ALS): 4.995
[3, 2, 2, 2, 3, 2, 1, 0, 2, 1, 2, 2, 2, 2, 3, 2, 1, 0, 2, 0, 1, 1, 2, 0, 4, 3, 1, 0, 2, 1, 4, 2]
Obj (ACT VS ACT ALS): 4.995
[3, 2, 2, 2, 3, 2, 1, 0, 2, 1, 2, 2, 2, 2, 3, 2, 1, 0, 2, 0, 1, 1, 2, 0, 4, 2, 1, 0, 2, 2, 4, 2]
Obj (ACT VS ACT ALS): 4.995
[3, 2, 2, 2, 3, 2, 1, 0, 2, 1, 2, 2, 2, 2, 3, 2, 1, 0, 2, 0, 1, 1, 2, 0, 4, 2, 1, 0, 2, 1, 4, 3]
Obj (ACT VS ACT ALS): 4.95
[3, 4, 2, 2, 3, 2, 1, 0, 2, 1, 2, 2, 2, 2, 3, 2, 1, 0, 2, 0, 1, 1, 2, 1, 4, 0, 1, 0, 2, 1, 4, 2]
Obj (ACT VS ACT ALS): 4.95
[3, 2, 2, 4, 3, 2, 1, 0, 2, 1, 2, 2, 2, 2, 3, 2, 1, 0, 2, 0, 1, 1, 2, 1, 4, 0, 1, 0, 2, 1, 4, 2]
Obj (ACT VS ACT ALS): 4.95
[3, 2, 2, 2, 3, 4, 1, 0, 2, 1, 2, 2, 2, 2, 3, 2, 1, 0, 2, 0, 1, 1, 2, 1, 4, 0, 1, 0, 2, 1, 4, 2]
Obj (ACT VS ACT ALS): 4.95
[3, 2, 2, 2, 3, 2, 1, 0, 2, 3, 2, 2, 2, 2, 3, 2, 1, 0, 2, 0, 1, 1, 2, 1, 4, 0, 1, 0, 2, 1, 4, 2]
Obj (ACT VS ACT ALS): 4.95
[3, 2, 2, 2, 3, 2, 1, 0, 2, 1, 2, 4, 2, 2, 3, 2, 1, 0, 2, 0, 1, 1, 2, 1, 4, 0, 1, 0, 2, 1, 4, 2]
Obj (ACT VS ACT ALS): 4.95
[3, 2, 2, 2, 3, 2, 1, 0, 2, 1, 2, 2, 2, 4, 3, 2, 1, 0, 2, 0, 1, 1, 2, 1, 4, 0, 1, 0, 2, 1, 4, 2]
Obj (ACT VS ACT ALS): 4.95
[3, 2, 2, 2, 3, 2, 1, 0, 2, 1, 2, 2, 2, 2, 3, 4, 1, 0, 2, 0, 1, 1, 2, 1, 4, 0, 1, 0, 2, 1, 4, 2]
Obj (ACT VS ACT ALS): 4.95
[3, 2, 2, 2, 3, 2, 1, 0, 2, 1, 2, 2, 2, 2, 3, 2, 1, 0, 2, 0, 1, 3, 2, 1, 4, 0, 1, 0, 2, 1, 4, 2]
Obj (ACT VS ACT ALS): 4.95
[3, 2, 2, 2, 3, 2, 1, 0, 2, 1, 2, 2, 2, 2, 3, 2, 1, 0, 2, 0, 1, 1, 2, 3, 4, 0, 1, 0, 2, 1, 4, 2]
Obj (ACT VS ACT ALS): 4.95
[3, 2, 2, 2, 3, 2, 1, 0, 2, 1, 2, 2, 2, 2, 3, 2, 1, 0, 2, 0, 1, 1, 2, 1, 4, 0, 1, 0, 2, 3, 4, 2]
Obj (ACT VS ACT ALS): 4.95
[3, 2, 2, 2, 3, 2, 1, 0, 2, 1, 2, 2, 2, 2, 3, 2, 1, 0, 2, 0, 1, 1, 2, 1, 4, 0, 1, 0, 2, 1, 4, 4]
Obj (ACT VS ACT ALS): 4.995
[3, 3, 2, 2, 3, 2, 1, 0, 2, 1, 2, 2, 2, 2, 3, 2, 1, 0, 2, 0, 1, 1, 2, 1, 4, 2, 1, 0, 2, 0, 4, 2]
Obj (ACT VS ACT ALS): 4.995
[3, 2, 2, 3, 3, 2, 1, 0, 2, 1, 2, 2, 2, 2, 3, 2, 1, 0, 2, 0, 1, 1, 2, 1, 4, 2, 1, 0, 2, 0, 4, 2]
Obj (ACT VS ACT ALS): 4.995
[3, 2, 2, 2, 3, 3, 1, 0, 2, 1, 2, 2, 2, 2, 3, 2, 1, 0, 2, 0, 1, 1, 2, 1, 4, 2, 1, 0, 2, 0, 4, 2]
Obj (ACT VS ACT ALS): 4.995
[3, 2, 2, 2, 3, 2, 1, 0, 2, 2, 2, 2, 2, 2, 3, 2, 1, 0, 2, 0, 1, 1, 2, 1, 4, 2, 1, 0, 2, 0, 4, 2]
Obj (ACT VS ACT ALS): 4.995
[3, 2, 2, 2, 3, 2, 1, 0, 2, 1, 2, 3, 2, 2, 3, 2, 1, 0, 2, 0, 1, 1, 2, 1, 4, 2, 1, 0, 2, 0, 4, 2]
Obj (ACT VS ACT ALS): 4.995
[3, 2, 2, 2, 3, 2, 1, 0, 2, 1, 2, 2, 2, 3, 3, 2, 1, 0, 2, 0, 1, 1, 2, 1, 4, 2, 1, 0, 2, 0, 4, 2]
Obj (ACT VS ACT ALS): 4.995
[3, 2, 2, 2, 3, 2, 1, 0, 2, 1, 2, 2, 2, 2, 3, 3, 1, 0, 2, 0, 1, 1, 2, 1, 4, 2, 1, 0, 2, 0, 4, 2]
Obj (ACT VS ACT ALS): 4.995
[3, 2, 2, 2, 3, 2, 1, 0, 2, 1, 2, 2, 2, 2, 3, 2, 1, 0, 2, 0, 1, 2, 2, 1, 4, 2, 1, 0, 2, 0, 4, 2]
Obj (ACT VS ACT ALS): 4.995
[3, 2, 2, 2, 3, 2, 1, 0, 2, 1, 2, 2, 2, 2, 3, 2, 1, 0, 2, 0, 1, 1, 2, 2, 4, 2, 1, 0, 2, 0, 4, 2]
Obj (ACT VS ACT ALS): 4.995
[3, 2, 2, 2, 3, 2, 1, 0, 2, 1, 2, 2, 2, 2, 3, 2, 1, 0, 2, 0, 1, 1, 2, 1, 4, 3, 1, 0, 2, 0, 4, 2]
Obj (ACT VS ACT ALS): 4.995
[3, 2, 2, 2, 3, 2, 1, 0, 2, 1, 2, 2, 2, 2, 3, 2, 1, 0, 2, 0, 1, 1, 2, 1, 4, 2, 1, 0, 2, 0, 4, 3]
Obj (ACT VS ACT ALS): 4.995
[3, 4, 2, 2, 3, 2, 1, 0, 2, 1, 2, 2, 2, 2, 3, 2, 1, 0, 2, 0, 1, 1, 2, 1, 4, 2, 1, 0, 2, 1, 4, 0]
Obj (ACT VS ACT ALS): 4.995
[3, 2, 2, 4, 3, 2, 1, 0, 2, 1, 2, 2, 2, 2, 3, 2, 1, 0, 2, 0, 1, 1, 2, 1, 4, 2, 1, 0, 2, 1, 4, 0]
Obj (ACT VS ACT ALS): 4.995
[3, 2, 2, 2, 3, 4, 1, 0, 2, 1, 2, 2, 2, 2, 3, 2, 1, 0, 2, 0, 1, 1, 2, 1, 4, 2, 1, 0, 2, 1, 4, 0]
Obj (ACT VS ACT ALS): 4.995
[3, 2, 2, 2, 3, 2, 1, 0, 2, 3, 2, 2, 2, 2, 3, 2, 1, 0, 2, 0, 1, 1, 2, 1, 4, 2, 1, 0, 2, 1, 4, 0]
Obj (ACT VS ACT ALS): 4.995
[3, 2, 2, 2, 3, 2, 1, 0, 2, 1, 2, 4, 2, 2, 3, 2, 1, 0, 2, 0, 1, 1, 2, 1, 4, 2, 1, 0, 2, 1, 4, 0]
Obj (ACT VS ACT ALS): 4.995
[3, 2, 2, 2, 3, 2, 1, 0, 2, 1, 2, 2, 2, 4, 3, 2, 1, 0, 2, 0, 1, 1, 2, 1, 4, 2, 1, 0, 2, 1, 4, 0]
Obj (ACT VS ACT ALS): 4.995
[3, 2, 2, 2, 3, 2, 1, 0, 2, 1, 2, 2, 2, 2, 3, 4, 1, 0, 2, 0, 1, 1, 2, 1, 4, 2, 1, 0, 2, 1, 4, 0]
Obj (ACT VS ACT ALS): 4.995
[3, 2, 2, 2, 3, 2, 1, 0, 2, 1, 2, 2, 2, 2, 3, 2, 1, 0, 2, 0, 1, 3, 2, 1, 4, 2, 1, 0, 2, 1, 4, 0]
Obj (ACT VS ACT ALS): 4.995
[3, 2, 2, 2, 3, 2, 1, 0, 2, 1, 2, 2, 2, 2, 3, 2, 1, 0, 2, 0, 1, 1, 2, 3, 4, 2, 1, 0, 2, 1, 4, 0]
Obj (ACT VS ACT ALS): 4.995
[3, 2, 2, 2, 3, 2, 1, 0, 2, 1, 2, 2, 2, 2, 3, 2, 1, 0, 2, 0, 1, 1, 2, 1, 4, 4, 1, 0, 2, 1, 4, 0]
Obj (ACT VS ACT ALS): 4.995
[3, 2, 2, 2, 3, 2, 1, 0, 2, 1, 2, 2, 2, 2, 3, 2, 1, 0, 2, 0, 1, 1, 2, 1, 4, 2, 1, 0, 2, 3, 4, 0]
Obj (MEDIOS ACT VS NO ACT BLS): 4.995
[2, 2, 1, 2, 3, 2, 1, 0, 4, 1, 2, 2, 2, 2, 3, 2, 1, 0, 2, 0, 1, 1, 2, 1, 4, 2, 1, 0, 2, 1, 4, 2]
Obj (MEDIOS ACT VS NO ACT BLS): 4.995
[3, 2, 1, 2, 2, 2, 1, 0, 4, 1, 2, 2, 2, 2, 3, 2, 1, 0, 2, 0, 1, 1, 2, 1, 4, 2, 1, 0, 2, 1, 4, 2]
Obj (MEDIOS ACT VS NO ACT BLS): 4.995
[3, 2, 0, 2, 3, 2, 1, 0, 4, 1, 2, 2, 2, 2, 3, 2, 1, 0, 2, 0, 1, 1, 2, 1, 4, 2, 1, 0, 2, 1, 4, 2]
Obj (MEDIOS ACT VS NO ACT BLS): 4.995
[3, 2, 2, 2, 3, 2, 1, 0, 2, 1, 2, 2, 2, 2, 3, 2, 1, 0, 2, 0, 1, 1, 2, 1, 4, 2, 1, 0, 2, 1, 4, 2]
Obj (MEDIOS ACT VS NO ACT BLS): 4.995
[3, 2, 1, 2, 3, 2, 1, 0, 4, 1, 1, 2, 2, 2, 3, 2, 1, 0, 2, 0, 1, 1, 2, 1, 4, 2, 1, 0, 2, 1, 4, 2]
Obj (MEDIOS ACT VS ACT BLS): 4.995
[2, 2, 2, 2, 3, 2, 1, 0, 4, 1, 1, 2, 2, 2, 3, 2, 1, 0, 2, 0, 1, 1, 2, 1, 4, 2, 1, 0, 2, 1, 4, 2]
Obj (MEDIOS ACT VS ACT BLS): 4.995
[2, 2, 1, 2, 4, 2, 1, 0, 4, 1, 1, 2, 2, 2, 3, 2, 1, 0, 2, 0, 1, 1, 2, 1, 4, 2, 1, 0, 2, 1, 4, 2]
Obj (MEDIOS ACT VS ACT BLS): 4.995
[2, 2, 1, 2, 3, 2, 2, 0, 4, 1, 1, 2, 2, 2, 3, 2, 1, 0, 2, 0, 1, 1, 2, 1, 4, 2, 1, 0, 2, 1, 4, 2]
Obj (MEDIOS ACT VS ACT BLS): 4.995
[2, 2, 1, 2, 3, 2, 1, 0, 5, 1, 1, 2, 2, 2, 3, 2, 1, 0, 2, 0, 1, 1, 2, 1, 4, 2, 1, 0, 2, 1, 4, 2]
Obj (MEDIOS ACT VS ACT BLS): 4.995
[2, 2, 1, 2, 3, 2, 1, 0, 4, 1, 2, 2, 2, 2, 3, 2, 1, 0, 2, 0, 1, 1, 2, 1, 4, 2, 1, 0, 2, 1, 4, 2]
Obj (MEDIOS ACT VS ACT BLS): 4.995
[2, 2, 1, 2, 3, 2, 1, 0, 4, 1, 1, 2, 3, 2, 3, 2, 1, 0, 2, 0, 1, 1, 2, 1, 4, 2, 1, 0, 2, 1, 4, 2]
Obj (MEDIOS ACT VS ACT BLS): 4.995
[2, 2, 1, 2, 3, 2, 1, 0, 4, 1, 1, 2, 2, 2, 4, 2, 1, 0, 2, 0, 1, 1, 2, 1, 4, 2, 1, 0, 2, 1, 4, 2]
Obj (MEDIOS ACT VS ACT BLS): 4.995
[2, 2, 1, 2, 3, 2, 1, 0, 4, 1, 1, 2, 2, 2, 3, 2, 2, 0, 2, 0, 1, 1, 2, 1, 4, 2, 1, 0, 2, 1, 4, 2]
Obj (MEDIOS ACT VS ACT BLS): 4.995
[2, 2, 1, 2, 3, 2, 1, 0, 4, 1, 1, 2, 2, 2, 3, 2, 1, 0, 3, 0, 1, 1, 2, 1, 4, 2, 1, 0, 2, 1, 4, 2]
Obj (MEDIOS ACT VS ACT BLS): 4.995
[2, 2, 1, 2, 3, 2, 1, 0, 4, 1, 1, 2, 2, 2, 3, 2, 1, 0, 2, 0, 2, 1, 2, 1, 4, 2, 1, 0, 2, 1, 4, 2]
Obj (MEDIOS ACT VS ACT BLS): 4.995
[2, 2, 1, 2, 3, 2, 1, 0, 4, 1, 1, 2, 2, 2, 3, 2, 1, 0, 2, 0, 1, 1, 3, 1, 4, 2, 1, 0, 2, 1, 4, 2]
Obj (MEDIOS ACT VS ACT BLS): 4.995
[2, 2, 1, 2, 3, 2, 1, 0, 4, 1, 1, 2, 2, 2, 3, 2, 1, 0, 2, 0, 1, 1, 2, 1, 5, 2, 1, 0, 2, 1, 4, 2]
Obj (MEDIOS ACT VS ACT BLS): 4.995
[2, 2, 1, 2, 3, 2, 1, 0, 4, 1, 1, 2, 2, 2, 3, 2, 1, 0, 2, 0, 1, 1, 2, 1, 4, 2, 2, 0, 2, 1, 4, 2]
Obj (MEDIOS ACT VS ACT BLS): 4.995
[2, 2, 1, 2, 3, 2, 1, 0, 4, 1, 1, 2, 2, 2, 3, 2, 1, 0, 2, 0, 1, 1, 2, 1, 4, 2, 1, 0, 3, 1, 4, 2]
Obj (MEDIOS ACT VS ACT BLS): 4.995
[2, 2, 1, 2, 3, 2, 1, 0, 4, 1, 1, 2, 2, 2, 3, 2, 1, 0, 2, 0, 1, 1, 2, 1, 4, 2, 1, 0, 2, 1, 5, 2]
Obj (MEDIOS ACT VS ACT BLS): 4.995
[3, 2, 1, 2, 3, 2, 1, 0, 4, 1, 1, 2, 2, 2, 3, 2, 1, 0, 2, 0, 1, 1, 2, 1, 4, 2, 1, 0, 2, 1, 4, 2]
Obj (MEDIOS ACT VS ACT BLS): 4.995
[3, 2, 1, 2, 3, 2, 1, 0, 4, 1, 1, 2, 2, 2, 3, 2, 1, 0, 2, 0, 1, 1, 2, 1, 4, 2, 1, 0, 2, 1, 4, 2]
Obj (MEDIOS ACT VS ACT BLS): 4.995
[3, 2, 1, 2, 3, 2, 1, 0, 4, 1, 1, 2, 2, 2, 3, 2, 1, 0, 2, 0, 1, 1, 2, 1, 4, 2, 1, 0, 2, 1, 4, 2]
Obj (MEDIOS ACT VS ACT BLS): 4.995
[3, 2, 1, 2, 3, 2, 1, 0, 4, 1, 1, 2, 2, 2, 3, 2, 1, 0, 2, 0, 1, 1, 2, 1, 4, 2, 1, 0, 2, 1, 4, 2]
Obj (MEDIOS ACT VS ACT BLS): 4.995
[3, 2, 1, 2, 3, 2, 1, 0, 4, 1, 1, 2, 2, 2, 3, 2, 1, 0, 2, 0, 1, 1, 2, 1, 4, 2, 1, 0, 2, 1, 4, 2]
Obj (MEDIOS ACT VS ACT BLS): 4.995
[3, 2, 1, 2, 3, 2, 1, 0, 4, 1, 1, 2, 2, 2, 3, 2, 1, 0, 2, 0, 1, 1, 2, 1, 4, 2, 1, 0, 2, 1, 4, 2]
Obj (MEDIOS ACT VS ACT BLS): 4.995
[3, 2, 1, 2, 3, 2, 1, 0, 4, 1, 1, 2, 2, 2, 3, 2, 1, 0, 2, 0, 1, 1, 2, 1, 4, 2, 1, 0, 2, 1, 4, 2]
Obj (MEDIOS ACT VS ACT BLS): 4.995
[3, 2, 1, 2, 3, 2, 1, 0, 4, 1, 1, 2, 2, 2, 3, 2, 1, 0, 2, 0, 1, 1, 2, 1, 4, 2, 1, 0, 2, 1, 4, 2]
Obj (MEDIOS ACT VS ACT BLS): 4.995
[3, 2, 1, 2, 3, 2, 1, 0, 4, 1, 1, 2, 2, 2, 3, 2, 1, 0, 2, 0, 1, 1, 2, 1, 4, 2, 1, 0, 2, 1, 4, 2]
Obj (MEDIOS ACT VS ACT BLS): 4.995
[3, 2, 1, 2, 3, 2, 1, 0, 4, 1, 1, 2, 2, 2, 3, 2, 1, 0, 2, 0, 1, 1, 2, 1, 4, 2, 1, 0, 2, 1, 4, 2]
Obj (MEDIOS ACT VS ACT BLS): 4.995
[3, 2, 1, 2, 3, 2, 1, 0, 4, 1, 1, 2, 2, 2, 3, 2, 1, 0, 2, 0, 1, 1, 2, 1, 4, 2, 1, 0, 2, 1, 4, 2]
Obj (MEDIOS ACT VS ACT BLS): 4.995
[3, 2, 1, 2, 3, 2, 1, 0, 4, 1, 1, 2, 2, 2, 3, 2, 1, 0, 2, 0, 1, 1, 2, 1, 4, 2, 1, 0, 2, 1, 4, 2]
Obj (MEDIOS ACT VS ACT BLS): 4.995
[3, 2, 1, 2, 3, 2, 1, 0, 4, 1, 1, 2, 2, 2, 3, 2, 1, 0, 2, 0, 1, 1, 2, 1, 4, 2, 1, 0, 2, 1, 4, 2]
Obj (MEDIOS ACT VS ACT BLS): 4.995
[3, 2, 1, 2, 3, 2, 1, 0, 4, 1, 1, 2, 2, 2, 3, 2, 1, 0, 2, 0, 1, 1, 2, 1, 4, 2, 1, 0, 2, 1, 4, 2]
Obj (MEDIOS ACT VS ACT BLS): 4.995
[3, 2, 1, 2, 3, 2, 1, 0, 4, 1, 1, 2, 2, 2, 3, 2, 1, 0, 2, 0, 1, 1, 2, 1, 4, 2, 1, 0, 2, 1, 4, 2]
Obj (MEDIOS ACT VS ACT BLS): 4.995
[4, 2, 1, 2, 2, 2, 1, 0, 4, 1, 1, 2, 2, 2, 3, 2, 1, 0, 2, 0, 1, 1, 2, 1, 4, 2, 1, 0, 2, 1, 4, 2]
Obj (MEDIOS ACT VS ACT BLS): 4.995
[3, 2, 2, 2, 2, 2, 1, 0, 4, 1, 1, 2, 2, 2, 3, 2, 1, 0, 2, 0, 1, 1, 2, 1, 4, 2, 1, 0, 2, 1, 4, 2]
Obj (MEDIOS ACT VS ACT BLS): 4.995
[3, 2, 1, 2, 2, 2, 2, 0, 4, 1, 1, 2, 2, 2, 3, 2, 1, 0, 2, 0, 1, 1, 2, 1, 4, 2, 1, 0, 2, 1, 4, 2]
Obj (MEDIOS ACT VS ACT BLS): 4.995
[3, 2, 1, 2, 2, 2, 1, 0, 5, 1, 1, 2, 2, 2, 3, 2, 1, 0, 2, 0, 1, 1, 2, 1, 4, 2, 1, 0, 2, 1, 4, 2]
Obj (MEDIOS ACT VS ACT BLS): 4.995
[3, 2, 1, 2, 2, 2, 1, 0, 4, 1, 2, 2, 2, 2, 3, 2, 1, 0, 2, 0, 1, 1, 2, 1, 4, 2, 1, 0, 2, 1, 4, 2]
Obj (MEDIOS ACT VS ACT BLS): 4.995
[3, 2, 1, 2, 2, 2, 1, 0, 4, 1, 1, 2, 3, 2, 3, 2, 1, 0, 2, 0, 1, 1, 2, 1, 4, 2, 1, 0, 2, 1, 4, 2]
Obj (MEDIOS ACT VS ACT BLS): 4.995
[3, 2, 1, 2, 2, 2, 1, 0, 4, 1, 1, 2, 2, 2, 4, 2, 1, 0, 2, 0, 1, 1, 2, 1, 4, 2, 1, 0, 2, 1, 4, 2]
Obj (MEDIOS ACT VS ACT BLS): 4.995
[3, 2, 1, 2, 2, 2, 1, 0, 4, 1, 1, 2, 2, 2, 3, 2, 2, 0, 2, 0, 1, 1, 2, 1, 4, 2, 1, 0, 2, 1, 4, 2]
Obj (MEDIOS ACT VS ACT BLS): 4.995
[3, 2, 1, 2, 2, 2, 1, 0, 4, 1, 1, 2, 2, 2, 3, 2, 1, 0, 3, 0, 1, 1, 2, 1, 4, 2, 1, 0, 2, 1, 4, 2]
Obj (MEDIOS ACT VS ACT BLS): 4.995
[3, 2, 1, 2, 2, 2, 1, 0, 4, 1, 1, 2, 2, 2, 3, 2, 1, 0, 2, 0, 2, 1, 2, 1, 4, 2, 1, 0, 2, 1, 4, 2]
Obj (MEDIOS ACT VS ACT BLS): 4.995
[3, 2, 1, 2, 2, 2, 1, 0, 4, 1, 1, 2, 2, 2, 3, 2, 1, 0, 2, 0, 1, 1, 3, 1, 4, 2, 1, 0, 2, 1, 4, 2]
Obj (MEDIOS ACT VS ACT BLS): 4.995
[3, 2, 1, 2, 2, 2, 1, 0, 4, 1, 1, 2, 2, 2, 3, 2, 1, 0, 2, 0, 1, 1, 2, 1, 5, 2, 1, 0, 2, 1, 4, 2]
Obj (MEDIOS ACT VS ACT BLS): 4.995
[3, 2, 1, 2, 2, 2, 1, 0, 4, 1, 1, 2, 2, 2, 3, 2, 1, 0, 2, 0, 1, 1, 2, 1, 4, 2, 2, 0, 2, 1, 4, 2]
Obj (MEDIOS ACT VS ACT BLS): 4.995
[3, 2, 1, 2, 2, 2, 1, 0, 4, 1, 1, 2, 2, 2, 3, 2, 1, 0, 2, 0, 1, 1, 2, 1, 4, 2, 1, 0, 3, 1, 4, 2]
Obj (MEDIOS ACT VS ACT BLS): 4.995
[3, 2, 1, 2, 2, 2, 1, 0, 4, 1, 1, 2, 2, 2, 3, 2, 1, 0, 2, 0, 1, 1, 2, 1, 4, 2, 1, 0, 2, 1, 5, 2]
Obj (MEDIOS ACT VS ACT BLS): 4.995
[3, 2, 1, 2, 3, 2, 1, 0, 4, 1, 1, 2, 2, 2, 3, 2, 1, 0, 2, 0, 1, 1, 2, 1, 4, 2, 1, 0, 2, 1, 4, 2]
Obj (MEDIOS ACT VS ACT BLS): 4.995
[3, 2, 1, 2, 3, 2, 1, 0, 4, 1, 1, 2, 2, 2, 3, 2, 1, 0, 2, 0, 1, 1, 2, 1, 4, 2, 1, 0, 2, 1, 4, 2]
Obj (MEDIOS ACT VS ACT BLS): 4.995
[3, 2, 1, 2, 3, 2, 1, 0, 4, 1, 1, 2, 2, 2, 3, 2, 1, 0, 2, 0, 1, 1, 2, 1, 4, 2, 1, 0, 2, 1, 4, 2]
Obj (MEDIOS ACT VS ACT BLS): 4.995
[3, 2, 1, 2, 3, 2, 1, 0, 4, 1, 1, 2, 2, 2, 3, 2, 1, 0, 2, 0, 1, 1, 2, 1, 4, 2, 1, 0, 2, 1, 4, 2]
Obj (MEDIOS ACT VS ACT BLS): 4.995
[3, 2, 1, 2, 3, 2, 1, 0, 4, 1, 1, 2, 2, 2, 3, 2, 1, 0, 2, 0, 1, 1, 2, 1, 4, 2, 1, 0, 2, 1, 4, 2]
Obj (MEDIOS ACT VS ACT BLS): 4.995
[3, 2, 1, 2, 3, 2, 1, 0, 4, 1, 1, 2, 2, 2, 3, 2, 1, 0, 2, 0, 1, 1, 2, 1, 4, 2, 1, 0, 2, 1, 4, 2]
Obj (MEDIOS ACT VS ACT BLS): 4.995
[3, 2, 1, 2, 3, 2, 1, 0, 4, 1, 1, 2, 2, 2, 3, 2, 1, 0, 2, 0, 1, 1, 2, 1, 4, 2, 1, 0, 2, 1, 4, 2]
Obj (MEDIOS ACT VS ACT BLS): 4.995
[3, 2, 1, 2, 3, 2, 1, 0, 4, 1, 1, 2, 2, 2, 3, 2, 1, 0, 2, 0, 1, 1, 2, 1, 4, 2, 1, 0, 2, 1, 4, 2]
Obj (MEDIOS ACT VS ACT BLS): 4.995
[3, 2, 1, 2, 3, 2, 1, 0, 4, 1, 1, 2, 2, 2, 3, 2, 1, 0, 2, 0, 1, 1, 2, 1, 4, 2, 1, 0, 2, 1, 4, 2]
Obj (MEDIOS ACT VS ACT BLS): 4.995
[3, 2, 1, 2, 3, 2, 1, 0, 4, 1, 1, 2, 2, 2, 3, 2, 1, 0, 2, 0, 1, 1, 2, 1, 4, 2, 1, 0, 2, 1, 4, 2]
Obj (MEDIOS ACT VS ACT BLS): 4.995
[3, 2, 1, 2, 3, 2, 1, 0, 4, 1, 1, 2, 2, 2, 3, 2, 1, 0, 2, 0, 1, 1, 2, 1, 4, 2, 1, 0, 2, 1, 4, 2]
Obj (MEDIOS ACT VS ACT BLS): 4.995
[3, 2, 1, 2, 3, 2, 1, 0, 4, 1, 1, 2, 2, 2, 3, 2, 1, 0, 2, 0, 1, 1, 2, 1, 4, 2, 1, 0, 2, 1, 4, 2]
Obj (MEDIOS ACT VS ACT BLS): 4.995
[3, 2, 1, 2, 3, 2, 1, 0, 4, 1, 1, 2, 2, 2, 3, 2, 1, 0, 2, 0, 1, 1, 2, 1, 4, 2, 1, 0, 2, 1, 4, 2]
Obj (MEDIOS ACT VS ACT BLS): 4.995
[3, 2, 1, 2, 3, 2, 1, 0, 4, 1, 1, 2, 2, 2, 3, 2, 1, 0, 2, 0, 1, 1, 2, 1, 4, 2, 1, 0, 2, 1, 4, 2]
Obj (MEDIOS ACT VS ACT BLS): 4.995
[3, 2, 1, 2, 3, 2, 1, 0, 4, 1, 1, 2, 2, 2, 3, 2, 1, 0, 2, 0, 1, 1, 2, 1, 4, 2, 1, 0, 2, 1, 4, 2]
Obj (MEDIOS ACT VS ACT BLS): 4.995
[5, 2, 1, 2, 3, 2, 1, 0, 2, 1, 1, 2, 2, 2, 3, 2, 1, 0, 2, 0, 1, 1, 2, 1, 4, 2, 1, 0, 2, 1, 4, 2]
Obj (MEDIOS ACT VS ACT BLS): 4.995
[3, 2, 3, 2, 3, 2, 1, 0, 2, 1, 1, 2, 2, 2, 3, 2, 1, 0, 2, 0, 1, 1, 2, 1, 4, 2, 1, 0, 2, 1, 4, 2]
Obj (MEDIOS ACT VS ACT BLS): 4.995
[3, 2, 1, 2, 5, 2, 1, 0, 2, 1, 1, 2, 2, 2, 3, 2, 1, 0, 2, 0, 1, 1, 2, 1, 4, 2, 1, 0, 2, 1, 4, 2]
Obj (MEDIOS ACT VS ACT BLS): 4.995
[3, 2, 1, 2, 3, 2, 3, 0, 2, 1, 1, 2, 2, 2, 3, 2, 1, 0, 2, 0, 1, 1, 2, 1, 4, 2, 1, 0, 2, 1, 4, 2]
Obj (MEDIOS ACT VS ACT BLS): 4.995
[3, 2, 1, 2, 3, 2, 1, 0, 2, 1, 3, 2, 2, 2, 3, 2, 1, 0, 2, 0, 1, 1, 2, 1, 4, 2, 1, 0, 2, 1, 4, 2]
Obj (MEDIOS ACT VS ACT BLS): 4.995
[3, 2, 1, 2, 3, 2, 1, 0, 2, 1, 1, 2, 4, 2, 3, 2, 1, 0, 2, 0, 1, 1, 2, 1, 4, 2, 1, 0, 2, 1, 4, 2]
Obj (MEDIOS ACT VS ACT BLS): 4.995
[3, 2, 1, 2, 3, 2, 1, 0, 2, 1, 1, 2, 2, 2, 5, 2, 1, 0, 2, 0, 1, 1, 2, 1, 4, 2, 1, 0, 2, 1, 4, 2]
Obj (MEDIOS ACT VS ACT BLS): 4.995
[3, 2, 1, 2, 3, 2, 1, 0, 2, 1, 1, 2, 2, 2, 3, 2, 3, 0, 2, 0, 1, 1, 2, 1, 4, 2, 1, 0, 2, 1, 4, 2]
Obj (MEDIOS ACT VS ACT BLS): 4.995
[3, 2, 1, 2, 3, 2, 1, 0, 2, 1, 1, 2, 2, 2, 3, 2, 1, 0, 4, 0, 1, 1, 2, 1, 4, 2, 1, 0, 2, 1, 4, 2]
Obj (MEDIOS ACT VS ACT BLS): 4.995
[3, 2, 1, 2, 3, 2, 1, 0, 2, 1, 1, 2, 2, 2, 3, 2, 1, 0, 2, 0, 3, 1, 2, 1, 4, 2, 1, 0, 2, 1, 4, 2]
Obj (MEDIOS ACT VS ACT BLS): 4.995
[3, 2, 1, 2, 3, 2, 1, 0, 2, 1, 1, 2, 2, 2, 3, 2, 1, 0, 2, 0, 1, 1, 4, 1, 4, 2, 1, 0, 2, 1, 4, 2]
Obj (MEDIOS ACT VS ACT BLS): 4.995
[3, 2, 1, 2, 3, 2, 1, 0, 2, 1, 1, 2, 2, 2, 3, 2, 1, 0, 2, 0, 1, 1, 2, 1, 6, 2, 1, 0, 2, 1, 4, 2]
Obj (MEDIOS ACT VS ACT BLS): 4.995
[3, 2, 1, 2, 3, 2, 1, 0, 2, 1, 1, 2, 2, 2, 3, 2, 1, 0, 2, 0, 1, 1, 2, 1, 4, 2, 3, 0, 2, 1, 4, 2]
Obj (MEDIOS ACT VS ACT BLS): 4.995
[3, 2, 1, 2, 3, 2, 1, 0, 2, 1, 1, 2, 2, 2, 3, 2, 1, 0, 2, 0, 1, 1, 2, 1, 4, 2, 1, 0, 4, 1, 4, 2]
Obj (MEDIOS ACT VS ACT BLS): 4.995
[3, 2, 1, 2, 3, 2, 1, 0, 2, 1, 1, 2, 2, 2, 3, 2, 1, 0, 2, 0, 1, 1, 2, 1, 4, 2, 1, 0, 2, 1, 6, 2]
Obj (MEDIOS ACT VS ACT BLS): 4.995
[3, 2, 1, 2, 3, 2, 1, 0, 4, 1, 1, 2, 2, 2, 3, 2, 1, 0, 2, 0, 1, 1, 2, 1, 4, 2, 1, 0, 2, 1, 4, 2]
Obj (MEDIOS ACT VS ACT BLS): 4.995
[3, 2, 1, 2, 3, 2, 1, 0, 4, 1, 1, 2, 2, 2, 3, 2, 1, 0, 2, 0, 1, 1, 2, 1, 4, 2, 1, 0, 2, 1, 4, 2]
Obj (MEDIOS ACT VS ACT BLS): 4.995
[3, 2, 1, 2, 3, 2, 1, 0, 4, 1, 1, 2, 2, 2, 3, 2, 1, 0, 2, 0, 1, 1, 2, 1, 4, 2, 1, 0, 2, 1, 4, 2]
Obj (MEDIOS ACT VS ACT BLS): 4.995
[3, 2, 1, 2, 3, 2, 1, 0, 4, 1, 1, 2, 2, 2, 3, 2, 1, 0, 2, 0, 1, 1, 2, 1, 4, 2, 1, 0, 2, 1, 4, 2]
Obj (MEDIOS ACT VS ACT BLS): 4.995
[3, 2, 1, 2, 3, 2, 1, 0, 4, 1, 1, 2, 2, 2, 3, 2, 1, 0, 2, 0, 1, 1, 2, 1, 4, 2, 1, 0, 2, 1, 4, 2]
Obj (MEDIOS ACT VS ACT BLS): 4.995
[3, 2, 1, 2, 3, 2, 1, 0, 4, 1, 1, 2, 2, 2, 3, 2, 1, 0, 2, 0, 1, 1, 2, 1, 4, 2, 1, 0, 2, 1, 4, 2]
Obj (MEDIOS ACT VS ACT BLS): 4.995
[3, 2, 1, 2, 3, 2, 1, 0, 4, 1, 1, 2, 2, 2, 3, 2, 1, 0, 2, 0, 1, 1, 2, 1, 4, 2, 1, 0, 2, 1, 4, 2]
Obj (MEDIOS ACT VS ACT BLS): 4.995
[3, 2, 1, 2, 3, 2, 1, 0, 4, 1, 1, 2, 2, 2, 3, 2, 1, 0, 2, 0, 1, 1, 2, 1, 4, 2, 1, 0, 2, 1, 4, 2]
Obj (MEDIOS ACT VS ACT BLS): 4.995
[3, 2, 1, 2, 3, 2, 1, 0, 4, 1, 1, 2, 2, 2, 3, 2, 1, 0, 2, 0, 1, 1, 2, 1, 4, 2, 1, 0, 2, 1, 4, 2]
Obj (MEDIOS ACT VS ACT BLS): 4.995
[3, 2, 1, 2, 3, 2, 1, 0, 4, 1, 1, 2, 2, 2, 3, 2, 1, 0, 2, 0, 1, 1, 2, 1, 4, 2, 1, 0, 2, 1, 4, 2]
Obj (MEDIOS ACT VS ACT BLS): 4.995
[3, 2, 1, 2, 3, 2, 1, 0, 4, 1, 1, 2, 2, 2, 3, 2, 1, 0, 2, 0, 1, 1, 2, 1, 4, 2, 1, 0, 2, 1, 4, 2]
Obj (MEDIOS ACT VS ACT BLS): 4.995
[3, 2, 1, 2, 3, 2, 1, 0, 4, 1, 1, 2, 2, 2, 3, 2, 1, 0, 2, 0, 1, 1, 2, 1, 4, 2, 1, 0, 2, 1, 4, 2]
Obj (MEDIOS ACT VS ACT BLS): 4.995
[3, 2, 1, 2, 3, 2, 1, 0, 4, 1, 1, 2, 2, 2, 3, 2, 1, 0, 2, 0, 1, 1, 2, 1, 4, 2, 1, 0, 2, 1, 4, 2]
Obj (MEDIOS ACT VS ACT BLS): 4.995
[3, 2, 1, 2, 3, 2, 1, 0, 4, 1, 1, 2, 2, 2, 3, 2, 1, 0, 2, 0, 1, 1, 2, 1, 4, 2, 1, 0, 2, 1, 4, 2]
Obj (MEDIOS ACT VS ACT BLS): 4.995
[3, 2, 1, 2, 3, 2, 1, 0, 4, 1, 1, 2, 2, 2, 3, 2, 1, 0, 2, 0, 1, 1, 2, 1, 4, 2, 1, 0, 2, 1, 4, 2]
Obj (MEDIOS ACT VS ACT BLS): 4.995
[4, 2, 1, 2, 3, 2, 1, 0, 4, 1, 1, 2, 1, 2, 3, 2, 1, 0, 2, 0, 1, 1, 2, 1, 4, 2, 1, 0, 2, 1, 4, 2]
Obj (MEDIOS ACT VS ACT BLS): 4.995
[3, 2, 2, 2, 3, 2, 1, 0, 4, 1, 1, 2, 1, 2, 3, 2, 1, 0, 2, 0, 1, 1, 2, 1, 4, 2, 1, 0, 2, 1, 4, 2]
Obj (MEDIOS ACT VS ACT BLS): 4.995
[3, 2, 1, 2, 4, 2, 1, 0, 4, 1, 1, 2, 1, 2, 3, 2, 1, 0, 2, 0, 1, 1, 2, 1, 4, 2, 1, 0, 2, 1, 4, 2]
Obj (MEDIOS ACT VS ACT BLS): 4.995
[3, 2, 1, 2, 3, 2, 2, 0, 4, 1, 1, 2, 1, 2, 3, 2, 1, 0, 2, 0, 1, 1, 2, 1, 4, 2, 1, 0, 2, 1, 4, 2]
Obj (MEDIOS ACT VS ACT BLS): 4.995
[3, 2, 1, 2, 3, 2, 1, 0, 5, 1, 1, 2, 1, 2, 3, 2, 1, 0, 2, 0, 1, 1, 2, 1, 4, 2, 1, 0, 2, 1, 4, 2]
Obj (MEDIOS ACT VS ACT BLS): 4.995
[3, 2, 1, 2, 3, 2, 1, 0, 4, 1, 2, 2, 1, 2, 3, 2, 1, 0, 2, 0, 1, 1, 2, 1, 4, 2, 1, 0, 2, 1, 4, 2]
Obj (ACT VS NO ACT ALS): 4.95
[3, 0, 1, 2, 3, 2, 1, 2, 4, 1, 2, 2, 1, 2, 3, 2, 1, 0, 2, 0, 1, 1, 2, 1, 4, 2, 1, 0, 2, 1, 4, 2]
Obj (ACT VS NO ACT ALS): 4.995
[3, 2, 1, 0, 3, 2, 1, 2, 4, 1, 2, 2, 1, 2, 3, 2, 1, 0, 2, 0, 1, 1, 2, 1, 4, 2, 1, 0, 2, 1, 4, 2]
Obj (ACT VS NO ACT ALS): 4.91
[3, 2, 1, 2, 3, 0, 1, 2, 4, 1, 2, 2, 1, 2, 3, 2, 1, 0, 2, 0, 1, 1, 2, 1, 4, 2, 1, 0, 2, 1, 4, 2]
Obj (ACT VS NO ACT ALS): 4.995
[3, 2, 1, 2, 3, 2, 1, 1, 4, 0, 2, 2, 1, 2, 3, 2, 1, 0, 2, 0, 1, 1, 2, 1, 4, 2, 1, 0, 2, 1, 4, 2]
Obj (ACT VS NO ACT ALS): 4.91
[3, 2, 1, 2, 3, 2, 1, 2, 4, 1, 2, 0, 1, 2, 3, 2, 1, 0, 2, 0, 1, 1, 2, 1, 4, 2, 1, 0, 2, 1, 4, 2]
Obj (ACT VS NO ACT ALS): 4.995
[3, 2, 1, 2, 3, 2, 1, 2, 4, 1, 2, 2, 1, 0, 3, 2, 1, 0, 2, 0, 1, 1, 2, 1, 4, 2, 1, 0, 2, 1, 4, 2]
Obj (ACT VS NO ACT ALS): 4.995
[3, 2, 1, 2, 3, 2, 1, 2, 4, 1, 2, 2, 1, 2, 3, 0, 1, 0, 2, 0, 1, 1, 2, 1, 4, 2, 1, 0, 2, 1, 4, 2]
Obj (ACT VS NO ACT ALS): 4.995
[3, 2, 1, 2, 3, 2, 1, 1, 4, 1, 2, 2, 1, 2, 3, 2, 1, 0, 2, 0, 1, 0, 2, 1, 4, 2, 1, 0, 2, 1, 4, 2]
Obj (ACT VS NO ACT ALS): 4.995
[3, 2, 1, 2, 3, 2, 1, 1, 4, 1, 2, 2, 1, 2, 3, 2, 1, 0, 2, 0, 1, 1, 2, 0, 4, 2, 1, 0, 2, 1, 4, 2]
Obj (ACT VS NO ACT ALS): 4.95
[3, 2, 1, 2, 3, 2, 1, 2, 4, 1, 2, 2, 1, 2, 3, 2, 1, 0, 2, 0, 1, 1, 2, 1, 4, 0, 1, 0, 2, 1, 4, 2]
Obj (ACT VS NO ACT ALS): 4.995
[3, 2, 1, 2, 3, 2, 1, 1, 4, 1, 2, 2, 1, 2, 3, 2, 1, 0, 2, 0, 1, 1, 2, 1, 4, 2, 1, 0, 2, 0, 4, 2]
Obj (ACT VS NO ACT ALS): 4.995
[3, 2, 1, 2, 3, 2, 1, 2, 4, 1, 2, 2, 1, 2, 3, 2, 1, 0, 2, 0, 1, 1, 2, 1, 4, 2, 1, 0, 2, 1, 4, 0]
Obj (ACT VS NO ACT ALS): 4.95
[3, 0, 1, 2, 3, 2, 1, 0, 4, 1, 2, 2, 1, 2, 3, 2, 1, 2, 2, 0, 1, 1, 2, 1, 4, 2, 1, 0, 2, 1, 4, 2]
Obj (ACT VS NO ACT ALS): 4.995
[3, 2, 1, 0, 3, 2, 1, 0, 4, 1, 2, 2, 1, 2, 3, 2, 1, 2, 2, 0, 1, 1, 2, 1, 4, 2, 1, 0, 2, 1, 4, 2]
Obj (ACT VS NO ACT ALS): 4.91
[3, 2, 1, 2, 3, 0, 1, 0, 4, 1, 2, 2, 1, 2, 3, 2, 1, 2, 2, 0, 1, 1, 2, 1, 4, 2, 1, 0, 2, 1, 4, 2]
Obj (ACT VS NO ACT ALS): 4.995
[3, 2, 1, 2, 3, 2, 1, 0, 4, 0, 2, 2, 1, 2, 3, 2, 1, 1, 2, 0, 1, 1, 2, 1, 4, 2, 1, 0, 2, 1, 4, 2]
Obj (ACT VS NO ACT ALS): 4.91
[3, 2, 1, 2, 3, 2, 1, 0, 4, 1, 2, 0, 1, 2, 3, 2, 1, 2, 2, 0, 1, 1, 2, 1, 4, 2, 1, 0, 2, 1, 4, 2]
Obj (ACT VS NO ACT ALS): 4.995
[3, 2, 1, 2, 3, 2, 1, 0, 4, 1, 2, 2, 1, 0, 3, 2, 1, 2, 2, 0, 1, 1, 2, 1, 4, 2, 1, 0, 2, 1, 4, 2]
Obj (ACT VS NO ACT ALS): 4.995
[3, 2, 1, 2, 3, 2, 1, 0, 4, 1, 2, 2, 1, 2, 3, 0, 1, 2, 2, 0, 1, 1, 2, 1, 4, 2, 1, 0, 2, 1, 4, 2]
Obj (ACT VS NO ACT ALS): 4.995
[3, 2, 1, 2, 3, 2, 1, 0, 4, 1, 2, 2, 1, 2, 3, 2, 1, 1, 2, 0, 1, 0, 2, 1, 4, 2, 1, 0, 2, 1, 4, 2]
Obj (ACT VS NO ACT ALS): 4.995
[3, 2, 1, 2, 3, 2, 1, 0, 4, 1, 2, 2, 1, 2, 3, 2, 1, 1, 2, 0, 1, 1, 2, 0, 4, 2, 1, 0, 2, 1, 4, 2]
Obj (ACT VS NO ACT ALS): 4.95
[3, 2, 1, 2, 3, 2, 1, 0, 4, 1, 2, 2, 1, 2, 3, 2, 1, 2, 2, 0, 1, 1, 2, 1, 4, 0, 1, 0, 2, 1, 4, 2]
Obj (ACT VS NO ACT ALS): 4.995
[3, 2, 1, 2, 3, 2, 1, 0, 4, 1, 2, 2, 1, 2, 3, 2, 1, 1, 2, 0, 1, 1, 2, 1, 4, 2, 1, 0, 2, 0, 4, 2]
Obj (ACT VS NO ACT ALS): 4.995
[3, 2, 1, 2, 3, 2, 1, 0, 4, 1, 2, 2, 1, 2, 3, 2, 1, 2, 2, 0, 1, 1, 2, 1, 4, 2, 1, 0, 2, 1, 4, 0]
Obj (ACT VS NO ACT ALS): 4.95
[3, 0, 1, 2, 3, 2, 1, 0, 4, 1, 2, 2, 1, 2, 3, 2, 1, 0, 2, 2, 1, 1, 2, 1, 4, 2, 1, 0, 2, 1, 4, 2]
Obj (ACT VS NO ACT ALS): 4.995
[3, 2, 1, 0, 3, 2, 1, 0, 4, 1, 2, 2, 1, 2, 3, 2, 1, 0, 2, 2, 1, 1, 2, 1, 4, 2, 1, 0, 2, 1, 4, 2]
Obj (ACT VS NO ACT ALS): 4.91
[3, 2, 1, 2, 3, 0, 1, 0, 4, 1, 2, 2, 1, 2, 3, 2, 1, 0, 2, 2, 1, 1, 2, 1, 4, 2, 1, 0, 2, 1, 4, 2]
Obj (ACT VS NO ACT ALS): 4.995
[3, 2, 1, 2, 3, 2, 1, 0, 4, 0, 2, 2, 1, 2, 3, 2, 1, 0, 2, 1, 1, 1, 2, 1, 4, 2, 1, 0, 2, 1, 4, 2]
Obj (ACT VS NO ACT ALS): 4.91
[3, 2, 1, 2, 3, 2, 1, 0, 4, 1, 2, 0, 1, 2, 3, 2, 1, 0, 2, 2, 1, 1, 2, 1, 4, 2, 1, 0, 2, 1, 4, 2]
Obj (ACT VS NO ACT ALS): 4.995
[3, 2, 1, 2, 3, 2, 1, 0, 4, 1, 2, 2, 1, 0, 3, 2, 1, 0, 2, 2, 1, 1, 2, 1, 4, 2, 1, 0, 2, 1, 4, 2]
Obj (ACT VS NO ACT ALS): 4.995
[3, 2, 1, 2, 3, 2, 1, 0, 4, 1, 2, 2, 1, 2, 3, 0, 1, 0, 2, 2, 1, 1, 2, 1, 4, 2, 1, 0, 2, 1, 4, 2]
Obj (ACT VS NO ACT ALS): 4.995
[3, 2, 1, 2, 3, 2, 1, 0, 4, 1, 2, 2, 1, 2, 3, 2, 1, 0, 2, 1, 1, 0, 2, 1, 4, 2, 1, 0, 2, 1, 4, 2]
Obj (ACT VS NO ACT ALS): 4.995
[3, 2, 1, 2, 3, 2, 1, 0, 4, 1, 2, 2, 1, 2, 3, 2, 1, 0, 2, 1, 1, 1, 2, 0, 4, 2, 1, 0, 2, 1, 4, 2]
Obj (ACT VS NO ACT ALS): 4.95
[3, 2, 1, 2, 3, 2, 1, 0, 4, 1, 2, 2, 1, 2, 3, 2, 1, 0, 2, 2, 1, 1, 2, 1, 4, 0, 1, 0, 2, 1, 4, 2]
Obj (ACT VS NO ACT ALS): 4.995
[3, 2, 1, 2, 3, 2, 1, 0, 4, 1, 2, 2, 1, 2, 3, 2, 1, 0, 2, 1, 1, 1, 2, 1, 4, 2, 1, 0, 2, 0, 4, 2]
Obj (ACT VS NO ACT ALS): 4.995
[3, 2, 1, 2, 3, 2, 1, 0, 4, 1, 2, 2, 1, 2, 3, 2, 1, 0, 2, 2, 1, 1, 2, 1, 4, 2, 1, 0, 2, 1, 4, 0]
Obj (ACT VS NO ACT ALS): 4.95
[3, 0, 1, 2, 3, 2, 1, 0, 4, 1, 2, 2, 1, 2, 3, 2, 1, 0, 2, 0, 1, 1, 2, 1, 4, 2, 1, 2, 2, 1, 4, 2]
Obj (ACT VS NO ACT ALS): 4.995
[3, 2, 1, 0, 3, 2, 1, 0, 4, 1, 2, 2, 1, 2, 3, 2, 1, 0, 2, 0, 1, 1, 2, 1, 4, 2, 1, 2, 2, 1, 4, 2]
Obj (ACT VS NO ACT ALS): 4.91
[3, 2, 1, 2, 3, 0, 1, 0, 4, 1, 2, 2, 1, 2, 3, 2, 1, 0, 2, 0, 1, 1, 2, 1, 4, 2, 1, 2, 2, 1, 4, 2]
Obj (ACT VS NO ACT ALS): 4.995
[3, 2, 1, 2, 3, 2, 1, 0, 4, 0, 2, 2, 1, 2, 3, 2, 1, 0, 2, 0, 1, 1, 2, 1, 4, 2, 1, 1, 2, 1, 4, 2]
Obj (ACT VS NO ACT ALS): 4.91
[3, 2, 1, 2, 3, 2, 1, 0, 4, 1, 2, 0, 1, 2, 3, 2, 1, 0, 2, 0, 1, 1, 2, 1, 4, 2, 1, 2, 2, 1, 4, 2]
Obj (ACT VS NO ACT ALS): 4.995
[3, 2, 1, 2, 3, 2, 1, 0, 4, 1, 2, 2, 1, 0, 3, 2, 1, 0, 2, 0, 1, 1, 2, 1, 4, 2, 1, 2, 2, 1, 4, 2]
Obj (ACT VS NO ACT ALS): 4.995
[3, 2, 1, 2, 3, 2, 1, 0, 4, 1, 2, 2, 1, 2, 3, 0, 1, 0, 2, 0, 1, 1, 2, 1, 4, 2, 1, 2, 2, 1, 4, 2]
Obj (ACT VS NO ACT ALS): 4.995
[3, 2, 1, 2, 3, 2, 1, 0, 4, 1, 2, 2, 1, 2, 3, 2, 1, 0, 2, 0, 1, 0, 2, 1, 4, 2, 1, 1, 2, 1, 4, 2]
Obj (ACT VS NO ACT ALS): 4.995
[3, 2, 1, 2, 3, 2, 1, 0, 4, 1, 2, 2, 1, 2, 3, 2, 1, 0, 2, 0, 1, 1, 2, 0, 4, 2, 1, 1, 2, 1, 4, 2]
Obj (ACT VS NO ACT ALS): 4.95
[3, 2, 1, 2, 3, 2, 1, 0, 4, 1, 2, 2, 1, 2, 3, 2, 1, 0, 2, 0, 1, 1, 2, 1, 4, 0, 1, 2, 2, 1, 4, 2]
Obj (ACT VS NO ACT ALS): 4.995
[3, 2, 1, 2, 3, 2, 1, 0, 4, 1, 2, 2, 1, 2, 3, 2, 1, 0, 2, 0, 1, 1, 2, 1, 4, 2, 1, 1, 2, 0, 4, 2]
Obj (ACT VS NO ACT ALS): 4.995
[3, 2, 1, 2, 3, 2, 1, 0, 4, 1, 2, 2, 1, 2, 3, 2, 1, 0, 2, 0, 1, 1, 2, 1, 4, 2, 1, 2, 2, 1, 4, 0]
