Obj: 4.8221
[2, 1, 3, 2, 3, 2, 1, 0, 3, 2, 2, 1, 2, 1, 2, 1, 2, 1, 2, 1, 3, 2, 1, 0, 2, 1, 3, 2, 1, 1, 3, 2]
Obj (ACT VS ACT BLS): 4.79265
[0, 1, 5, 2, 3, 2, 1, 0, 3, 2, 2, 1, 2, 1, 2, 1, 2, 1, 2, 1, 3, 2, 1, 0, 2, 1, 3, 2, 1, 1, 3, 2]
Obj (ACT VS ACT BLS): 4.79265
[0, 1, 3, 2, 5, 2, 1, 0, 3, 2, 2, 1, 2, 1, 2, 1, 2, 1, 2, 1, 3, 2, 1, 0, 2, 1, 3, 2, 1, 1, 3, 2]
Obj (ACT VS ACT BLS): 4.79315
[0, 1, 3, 2, 3, 2, 3, 0, 3, 2, 2, 1, 2, 1, 2, 1, 2, 1, 2, 1, 3, 2, 1, 0, 2, 1, 3, 2, 1, 1, 3, 2]
Obj (ACT VS ACT BLS): 4.79265
[0, 1, 3, 2, 3, 2, 1, 0, 5, 2, 2, 1, 2, 1, 2, 1, 2, 1, 2, 1, 3, 2, 1, 0, 2, 1, 3, 2, 1, 1, 3, 2]
Obj (ACT VS ACT BLS): 4.79265
[0, 1, 3, 2, 3, 2, 1, 0, 3, 2, 4, 1, 2, 1, 2, 1, 2, 1, 2, 1, 3, 2, 1, 0, 2, 1, 3, 2, 1, 1, 3, 2]
Obj (ACT VS ACT BLS): 4.79265
[0, 1, 3, 2, 3, 2, 1, 0, 3, 2, 2, 1, 4, 1, 2, 1, 2, 1, 2, 1, 3, 2, 1, 0, 2, 1, 3, 2, 1, 1, 3, 2]
Obj (ACT VS ACT BLS): 4.7929
[0, 1, 3, 2, 3, 2, 1, 0, 3, 2, 2, 1, 2, 1, 4, 1, 2, 1, 2, 1, 3, 2, 1, 0, 2, 1, 3, 2, 1, 1, 3, 2]
Obj (ACT VS ACT BLS): 4.79265
[0, 1, 3, 2, 3, 2, 1, 0, 3, 2, 2, 1, 2, 1, 2, 1, 4, 1, 2, 1, 3, 2, 1, 0, 2, 1, 3, 2, 1, 1, 3, 2]
Obj (ACT VS ACT BLS): 4.7934
[0, 1, 3, 2, 3, 2, 1, 0, 3, 2, 2, 1, 2, 1, 2, 1, 2, 1, 4, 1, 3, 2, 1, 0, 2, 1, 3, 2, 1, 1, 3, 2]
Obj (ACT VS ACT BLS): 4.79265
[0, 1, 3, 2, 3, 2, 1, 0, 3, 2, 2, 1, 2, 1, 2, 1, 2, 1, 2, 1, 5, 2, 1, 0, 2, 1, 3, 2, 1, 1, 3, 2]
Obj (ACT VS ACT BLS): 4.7929
[0, 1, 3, 2, 3, 2, 1, 0, 3, 2, 2, 1, 2, 1, 2, 1, 2, 1, 2, 1, 3, 2, 3, 0, 2, 1, 3, 2, 1, 1, 3, 2]
Obj (ACT VS ACT BLS): 4.79265
[0, 1, 3, 2, 3, 2, 1, 0, 3, 2, 2, 1, 2, 1, 2, 1, 2, 1, 2, 1, 3, 2, 1, 0, 4, 1, 3, 2, 1, 1, 3, 2]
Obj (ACT VS ACT BLS): 4.79265
[0, 1, 3, 2, 3, 2, 1, 0, 3, 2, 2, 1, 2, 1, 2, 1, 2, 1, 2, 1, 3, 2, 1, 0, 2, 1, 5, 2, 1, 1, 3, 2]
Obj (ACT VS ACT BLS): 4.7934
[0, 1, 3, 2, 3, 2, 1, 0, 3, 2, 2, 1, 2, 1, 2, 1, 2, 1, 2, 1, 3, 2, 1, 0, 2, 1, 3, 2, 3, 1, 3, 2]
Obj (ACT VS ACT BLS): 4.79265
[0, 1, 3, 2, 3, 2, 1, 0, 3, 2, 2, 1, 2, 1, 2, 1, 2, 1, 2, 1, 3, 2, 1, 0, 2, 1, 3, 2, 1, 1, 5, 2]
Obj (ACT VS ACT BLS): 4.7836
[5, 1, 0, 2, 3, 2, 1, 0, 3, 2, 2, 1, 2, 1, 2, 1, 2, 1, 2, 1, 3, 2, 1, 0, 2, 1, 3, 2, 1, 1, 3, 2]
Obj (ACT VS ACT BLS): 4.7836
[2, 1, 0, 2, 6, 2, 1, 0, 3, 2, 2, 1, 2, 1, 2, 1, 2, 1, 2, 1, 3, 2, 1, 0, 2, 1, 3, 2, 1, 1, 3, 2]
Obj (ACT VS ACT BLS): 4.7858
[2, 1, 0, 2, 3, 2, 4, 0, 3, 2, 2, 1, 2, 1, 2, 1, 2, 1, 2, 1, 3, 2, 1, 0, 2, 1, 3, 2, 1, 1, 3, 2]
Obj (ACT VS ACT BLS): 4.7836
[2, 1, 0, 2, 3, 2, 1, 0, 6, 2, 2, 1, 2, 1, 2, 1, 2, 1, 2, 1, 3, 2, 1, 0, 2, 1, 3, 2, 1, 1, 3, 2]
Obj (ACT VS ACT BLS): 4.7836
[2, 1, 0, 2, 3, 2, 1, 0, 3, 2, 5, 1, 2, 1, 2, 1, 2, 1, 2, 1, 3, 2, 1, 0, 2, 1, 3, 2, 1, 1, 3, 2]
Obj (ACT VS ACT BLS): 4.7836
[2, 1, 0, 2, 3, 2, 1, 0, 3, 2, 2, 1, 5, 1, 2, 1, 2, 1, 2, 1, 3, 2, 1, 0, 2, 1, 3, 2, 1, 1, 3, 2]
Obj (ACT VS ACT BLS): 4.78385
[2, 1, 0, 2, 3, 2, 1, 0, 3, 2, 2, 1, 2, 1, 5, 1, 2, 1, 2, 1, 3, 2, 1, 0, 2, 1, 3, 2, 1, 1, 3, 2]
Obj (ACT VS ACT BLS): 4.7836
[2, 1, 0, 2, 3, 2, 1, 0, 3, 2, 2, 1, 2, 1, 2, 1, 5, 1, 2, 1, 3, 2, 1, 0, 2, 1, 3, 2, 1, 1, 3, 2]
Obj (ACT VS ACT BLS): 4.78435
[2, 1, 0, 2, 3, 2, 1, 0, 3, 2, 2, 1, 2, 1, 2, 1, 2, 1, 5, 1, 3, 2, 1, 0, 2, 1, 3, 2, 1, 1, 3, 2]
Obj (ACT VS ACT BLS): 4.7836
[2, 1, 0, 2, 3, 2, 1, 0, 3, 2, 2, 1, 2, 1, 2, 1, 2, 1, 2, 1, 6, 2, 1, 0, 2, 1, 3, 2, 1, 1, 3, 2]
Obj (ACT VS ACT BLS): 4.78385
[2, 1, 0, 2, 3, 2, 1, 0, 3, 2, 2, 1, 2, 1, 2, 1, 2, 1, 2, 1, 3, 2, 4, 0, 2, 1, 3, 2, 1, 1, 3, 2]
Obj (ACT VS ACT BLS): 4.78335
[2, 1, 0, 2, 3, 2, 1, 0, 3, 2, 2, 1, 2, 1, 2, 1, 2, 1, 2, 1, 3, 2, 1, 0, 5, 1, 3, 2, 1, 1, 3, 2]
Obj (ACT VS ACT BLS): 4.7834
[2, 1, 0, 2, 3, 2, 1, 0, 3, 2, 2, 1, 2, 1, 2, 1, 2, 1, 2, 1, 3, 2, 1, 0, 2, 1, 6, 2, 1, 1, 3, 2]
Obj (ACT VS ACT BLS): 4.7841
[2, 1, 0, 2, 3, 2, 1, 0, 3, 2, 2, 1, 2, 1, 2, 1, 2, 1, 2, 1, 3, 2, 1, 0, 2, 1, 3, 2, 4, 1, 3, 2]
Obj (ACT VS ACT BLS): 4.7836
[2, 1, 0, 2, 3, 2, 1, 0, 3, 2, 2, 1, 2, 1, 2, 1, 2, 1, 2, 1, 3, 2, 1, 0, 2, 1, 3, 2, 1, 1, 6, 2]
Obj (ACT VS ACT BLS): 4.78625
[5, 1, 3, 2, 0, 2, 1, 0, 3, 2, 2, 1, 2, 1, 2, 1, 2, 1, 2, 1, 3, 2, 1, 0, 2, 1, 3, 2, 1, 1, 3, 2]
Obj (ACT VS ACT BLS): 4.78625
[2, 1, 6, 2, 0, 2, 1, 0, 3, 2, 2, 1, 2, 1, 2, 1, 2, 1, 2, 1, 3, 2, 1, 0, 2, 1, 3, 2, 1, 1, 3, 2]
Obj (ACT VS ACT BLS): 4.78845
[2, 1, 3, 2, 0, 2, 4, 0, 3, 2, 2, 1, 2, 1, 2, 1, 2, 1, 2, 1, 3, 2, 1, 0, 2, 1, 3, 2, 1, 1, 3, 2]
Obj (ACT VS ACT BLS): 4.78625
[2, 1, 3, 2, 0, 2, 1, 0, 6, 2, 2, 1, 2, 1, 2, 1, 2, 1, 2, 1, 3, 2, 1, 0, 2, 1, 3, 2, 1, 1, 3, 2]
Obj (ACT VS ACT BLS): 4.78625
[2, 1, 3, 2, 0, 2, 1, 0, 3, 2, 5, 1, 2, 1, 2, 1, 2, 1, 2, 1, 3, 2, 1, 0, 2, 1, 3, 2, 1, 1, 3, 2]
Obj (ACT VS ACT BLS): 4.786
[2, 1, 3, 2, 0, 2, 1, 0, 3, 2, 2, 1, 5, 1, 2, 1, 2, 1, 2, 1, 3, 2, 1, 0, 2, 1, 3, 2, 1, 1, 3, 2]
Obj (ACT VS ACT BLS): 4.7865
[2, 1, 3, 2, 0, 2, 1, 0, 3, 2, 2, 1, 2, 1, 5, 1, 2, 1, 2, 1, 3, 2, 1, 0, 2, 1, 3, 2, 1, 1, 3, 2]
Obj (ACT VS ACT BLS): 4.78625
[2, 1, 3, 2, 0, 2, 1, 0, 3, 2, 2, 1, 2, 1, 2, 1, 5, 1, 2, 1, 3, 2, 1, 0, 2, 1, 3, 2, 1, 1, 3, 2]
Obj (ACT VS ACT BLS): 4.78675
[2, 1, 3, 2, 0, 2, 1, 0, 3, 2, 2, 1, 2, 1, 2, 1, 2, 1, 5, 1, 3, 2, 1, 0, 2, 1, 3, 2, 1, 1, 3, 2]
Obj (ACT VS ACT BLS): 4.78625
[2, 1, 3, 2, 0, 2, 1, 0, 3, 2, 2, 1, 2, 1, 2, 1, 2, 1, 2, 1, 6, 2, 1, 0, 2, 1, 3, 2, 1, 1, 3, 2]
Obj (ACT VS ACT BLS): 4.7865
[2, 1, 3, 2, 0, 2, 1, 0, 3, 2, 2, 1, 2, 1, 2, 1, 2, 1, 2, 1, 3, 2, 4, 0, 2, 1, 3, 2, 1, 1, 3, 2]
Obj (ACT VS ACT BLS): 4.7865
[2, 1, 3, 2, 0, 2, 1, 0, 3, 2, 2, 1, 2, 1, 2, 1, 2, 1, 2, 1, 3, 2, 1, 0, 5, 1, 3, 2, 1, 1, 3, 2]
Obj (ACT VS ACT BLS): 4.78625
[2, 1, 3, 2, 0, 2, 1, 0, 3, 2, 2, 1, 2, 1, 2, 1, 2, 1, 2, 1, 3, 2, 1, 0, 2, 1, 6, 2, 1, 1, 3, 2]
Obj (ACT VS ACT BLS): 4.787
[2, 1, 3, 2, 0, 2, 1, 0, 3, 2, 2, 1, 2, 1, 2, 1, 2, 1, 2, 1, 3, 2, 1, 0, 2, 1, 3, 2, 4, 1, 3, 2]
Obj (ACT VS ACT BLS): 4.78625
[2, 1, 3, 2, 0, 2, 1, 0, 3, 2, 2, 1, 2, 1, 2, 1, 2, 1, 2, 1, 3, 2, 1, 0, 2, 1, 3, 2, 1, 1, 6, 2]
Obj (ACT VS ACT BLS): 4.7873
[3, 1, 3, 2, 3, 2, 0, 0, 3, 2, 2, 1, 2, 1, 2, 1, 2, 1, 2, 1, 3, 2, 1, 0, 2, 1, 3, 2, 1, 1, 3, 2]
Obj (ACT VS ACT BLS): 4.7873
[2, 1, 4, 2, 3, 2, 0, 0, 3, 2, 2, 1, 2, 1, 2, 1, 2, 1, 2, 1, 3, 2, 1, 0, 2, 1, 3, 2, 1, 1, 3, 2]
Obj (ACT VS ACT BLS): 4.7873
[2, 1, 3, 2, 4, 2, 0, 0, 3, 2, 2, 1, 2, 1, 2, 1, 2, 1, 2, 1, 3, 2, 1, 0, 2, 1, 3, 2, 1, 1, 3, 2]
Obj (ACT VS ACT BLS): 4.7873
[2, 1, 3, 2, 3, 2, 0, 0, 4, 2, 2, 1, 2, 1, 2, 1, 2, 1, 2, 1, 3, 2, 1, 0, 2, 1, 3, 2, 1, 1, 3, 2]
Obj (ACT VS ACT BLS): 4.7873
[2, 1, 3, 2, 3, 2, 0, 0, 3, 2, 3, 1, 2, 1, 2, 1, 2, 1, 2, 1, 3, 2, 1, 0, 2, 1, 3, 2, 1, 1, 3, 2]
Obj (ACT VS ACT BLS): 4.7873
[2, 1, 3, 2, 3, 2, 0, 0, 3, 2, 2, 1, 3, 1, 2, 1, 2, 1, 2, 1, 3, 2, 1, 0, 2, 1, 3, 2, 1, 1, 3, 2]
Obj (ACT VS ACT BLS): 4.78755
[2, 1, 3, 2, 3, 2, 0, 0, 3, 2, 2, 1, 2, 1, 3, 1, 2, 1, 2, 1, 3, 2, 1, 0, 2, 1, 3, 2, 1, 1, 3, 2]
Obj (ACT VS ACT BLS): 4.78705
[2, 1, 3, 2, 3, 2, 0, 0, 3, 2, 2, 1, 2, 1, 2, 1, 3, 1, 2, 1, 3, 2, 1, 0, 2, 1, 3, 2, 1, 1, 3, 2]
Obj (ACT VS ACT BLS): 4.7878
[2, 1, 3, 2, 3, 2, 0, 0, 3, 2, 2, 1, 2, 1, 2, 1, 2, 1, 3, 1, 3, 2, 1, 0, 2, 1, 3, 2, 1, 1, 3, 2]
Obj (ACT VS ACT BLS): 4.7873
[2, 1, 3, 2, 3, 2, 0, 0, 3, 2, 2, 1, 2, 1, 2, 1, 2, 1, 2, 1, 4, 2, 1, 0, 2, 1, 3, 2, 1, 1, 3, 2]
Obj (ACT VS ACT BLS): 4.78755
[2, 1, 3, 2, 3, 2, 0, 0, 3, 2, 2, 1, 2, 1, 2, 1, 2, 1, 2, 1, 3, 2, 2, 0, 2, 1, 3, 2, 1, 1, 3, 2]
Obj (ACT VS ACT BLS): 4.78755
[2, 1, 3, 2, 3, 2, 0, 0, 3, 2, 2, 1, 2, 1, 2, 1, 2, 1, 2, 1, 3, 2, 1, 0, 3, 1, 3, 2, 1, 1, 3, 2]
Obj (ACT VS ACT BLS): 4.7873
[2, 1, 3, 2, 3, 2, 0, 0, 3, 2, 2, 1, 2, 1, 2, 1, 2, 1, 2, 1, 3, 2, 1, 0, 2, 1, 4, 2, 1, 1, 3, 2]
Obj (ACT VS ACT BLS): 4.78805
[2, 1, 3, 2, 3, 2, 0, 0, 3, 2, 2, 1, 2, 1, 2, 1, 2, 1, 2, 1, 3, 2, 1, 0, 2, 1, 3, 2, 2, 1, 3, 2]
Obj (ACT VS ACT BLS): 4.7873
[2, 1, 3, 2, 3, 2, 0, 0, 3, 2, 2, 1, 2, 1, 2, 1, 2, 1, 2, 1, 3, 2, 1, 0, 2, 1, 3, 2, 1, 1, 4, 2]
Obj (ACT VS ACT BLS): 4.7999
[5, 1, 3, 2, 3, 2, 1, 0, 0, 2, 2, 1, 2, 1, 2, 1, 2, 1, 2, 1, 3, 2, 1, 0, 2, 1, 3, 2, 1, 1, 3, 2]
Obj (ACT VS ACT BLS): 4.7999
[2, 1, 6, 2, 3, 2, 1, 0, 0, 2, 2, 1, 2, 1, 2, 1, 2, 1, 2, 1, 3, 2, 1, 0, 2, 1, 3, 2, 1, 1, 3, 2]
Obj (ACT VS ACT BLS): 4.7999
[2, 1, 3, 2, 6, 2, 1, 0, 0, 2, 2, 1, 2, 1, 2, 1, 2, 1, 2, 1, 3, 2, 1, 0, 2, 1, 3, 2, 1, 1, 3, 2]
Obj (ACT VS ACT BLS): 4.8021
[2, 1, 3, 2, 3, 2, 4, 0, 0, 2, 2, 1, 2, 1, 2, 1, 2, 1, 2, 1, 3, 2, 1, 0, 2, 1, 3, 2, 1, 1, 3, 2]
Obj (ACT VS ACT BLS): 4.7999
[2, 1, 3, 2, 3, 2, 1, 0, 0, 2, 5, 1, 2, 1, 2, 1, 2, 1, 2, 1, 3, 2, 1, 0, 2, 1, 3, 2, 1, 1, 3, 2]
Obj (ACT VS ACT BLS): 4.7999
[2, 1, 3, 2, 3, 2, 1, 0, 0, 2, 2, 1, 5, 1, 2, 1, 2, 1, 2, 1, 3, 2, 1, 0, 2, 1, 3, 2, 1, 1, 3, 2]
Obj (ACT VS ACT BLS): 4.80015
[2, 1, 3, 2, 3, 2, 1, 0, 0, 2, 2, 1, 2, 1, 5, 1, 2, 1, 2, 1, 3, 2, 1, 0, 2, 1, 3, 2, 1, 1, 3, 2]
Obj (ACT VS ACT BLS): 4.7999
[2, 1, 3, 2, 3, 2, 1, 0, 0, 2, 2, 1, 2, 1, 2, 1, 5, 1, 2, 1, 3, 2, 1, 0, 2, 1, 3, 2, 1, 1, 3, 2]
Obj (ACT VS ACT BLS): 4.8004
[2, 1, 3, 2, 3, 2, 1, 0, 0, 2, 2, 1, 2, 1, 2, 1, 2, 1, 5, 1, 3, 2, 1, 0, 2, 1, 3, 2, 1, 1, 3, 2]
Obj (ACT VS ACT BLS): 4.7999
[2, 1, 3, 2, 3, 2, 1, 0, 0, 2, 2, 1, 2, 1, 2, 1, 2, 1, 2, 1, 6, 2, 1, 0, 2, 1, 3, 2, 1, 1, 3, 2]
Obj (ACT VS ACT BLS): 4.7999
[2, 1, 3, 2, 3, 2, 1, 0, 0, 2, 2, 1, 2, 1, 2, 1, 2, 1, 2, 1, 3, 2, 4, 0, 2, 1, 3, 2, 1, 1, 3, 2]
Obj (ACT VS ACT BLS): 4.80015
[2, 1, 3, 2, 3, 2, 1, 0, 0, 2, 2, 1, 2, 1, 2, 1, 2, 1, 2, 1, 3, 2, 1, 0, 5, 1, 3, 2, 1, 1, 3, 2]
Obj (ACT VS ACT BLS): 4.7999
[2, 1, 3, 2, 3, 2, 1, 0, 0, 2, 2, 1, 2, 1, 2, 1, 2, 1, 2, 1, 3, 2, 1, 0, 2, 1, 6, 2, 1, 1, 3, 2]
Obj (ACT VS ACT BLS): 4.80065
[2, 1, 3, 2, 3, 2, 1, 0, 0, 2, 2, 1, 2, 1, 2, 1, 2, 1, 2, 1, 3, 2, 1, 0, 2, 1, 3, 2, 4, 1, 3, 2]
Obj (ACT VS ACT BLS): 4.79965
[2, 1, 3, 2, 3, 2, 1, 0, 0, 2, 2, 1, 2, 1, 2, 1, 2, 1, 2, 1, 3, 2, 1, 0, 2, 1, 3, 2, 1, 1, 6, 2]
Obj (ACT VS ACT BLS): 4.7974
[4, 1, 3, 2, 3, 2, 1, 0, 3, 2, 0, 1, 2, 1, 2, 1, 2, 1, 2, 1, 3, 2, 1, 0, 2, 1, 3, 2, 1, 1, 3, 2]
Obj (ACT VS ACT BLS): 4.79765
[2, 1, 5, 2, 3, 2, 1, 0, 3, 2, 0, 1, 2, 1, 2, 1, 2, 1, 2, 1, 3, 2, 1, 0, 2, 1, 3, 2, 1, 1, 3, 2]
Obj (ACT VS ACT BLS): 4.79765
[2, 1, 3, 2, 5, 2, 1, 0, 3, 2, 0, 1, 2, 1, 2, 1, 2, 1, 2, 1, 3, 2, 1, 0, 2, 1, 3, 2, 1, 1, 3, 2]
Obj (ACT VS ACT BLS): 4.79985
[2, 1, 3, 2, 3, 2, 3, 0, 3, 2, 0, 1, 2, 1, 2, 1, 2, 1, 2, 1, 3, 2, 1, 0, 2, 1, 3, 2, 1, 1, 3, 2]
Obj (ACT VS ACT BLS): 4.79765
[2, 1, 3, 2, 3, 2, 1, 0, 5, 2, 0, 1, 2, 1, 2, 1, 2, 1, 2, 1, 3, 2, 1, 0, 2, 1, 3, 2, 1, 1, 3, 2]
Obj (ACT VS ACT BLS): 4.79765
[2, 1, 3, 2, 3, 2, 1, 0, 3, 2, 0, 1, 4, 1, 2, 1, 2, 1, 2, 1, 3, 2, 1, 0, 2, 1, 3, 2, 1, 1, 3, 2]
Obj (ACT VS ACT BLS): 4.7979
[2, 1, 3, 2, 3, 2, 1, 0, 3, 2, 0, 1, 2, 1, 4, 1, 2, 1, 2, 1, 3, 2, 1, 0, 2, 1, 3, 2, 1, 1, 3, 2]
Obj (ACT VS ACT BLS): 4.79765
[2, 1, 3, 2, 3, 2, 1, 0, 3, 2, 0, 1, 2, 1, 2, 1, 4, 1, 2, 1, 3, 2, 1, 0, 2, 1, 3, 2, 1, 1, 3, 2]
Obj (ACT VS ACT BLS): 4.79815
[2, 1, 3, 2, 3, 2, 1, 0, 3, 2, 0, 1, 2, 1, 2, 1, 2, 1, 4, 1, 3, 2, 1, 0, 2, 1, 3, 2, 1, 1, 3, 2]
Obj (ACT VS ACT BLS): 4.79765
[2, 1, 3, 2, 3, 2, 1, 0, 3, 2, 0, 1, 2, 1, 2, 1, 2, 1, 2, 1, 5, 2, 1, 0, 2, 1, 3, 2, 1, 1, 3, 2]
Obj (ACT VS ACT BLS): 4.7979
[2, 1, 3, 2, 3, 2, 1, 0, 3, 2, 0, 1, 2, 1, 2, 1, 2, 1, 2, 1, 3, 2, 3, 0, 2, 1, 3, 2, 1, 1, 3, 2]
Obj (ACT VS ACT BLS): 4.7979
[2, 1, 3, 2, 3, 2, 1, 0, 3, 2, 0, 1, 2, 1, 2, 1, 2, 1, 2, 1, 3, 2, 1, 0, 4, 1, 3, 2, 1, 1, 3, 2]
Obj (ACT VS ACT BLS): 4.79765
[2, 1, 3, 2, 3, 2, 1, 0, 3, 2, 0, 1, 2, 1, 2, 1, 2, 1, 2, 1, 3, 2, 1, 0, 2, 1, 5, 2, 1, 1, 3, 2]
Obj (ACT VS ACT BLS): 4.7984
[2, 1, 3, 2, 3, 2, 1, 0, 3, 2, 0, 1, 2, 1, 2, 1, 2, 1, 2, 1, 3, 2, 1, 0, 2, 1, 3, 2, 3, 1, 3, 2]
Obj (ACT VS ACT BLS): 4.79765
[2, 1, 3, 2, 3, 2, 1, 0, 3, 2, 0, 1, 2, 1, 2, 1, 2, 1, 2, 1, 3, 2, 1, 0, 2, 1, 3, 2, 1, 1, 5, 2]
Obj (ACT VS ACT BLS): 4.78835
[4, 1, 3, 2, 3, 2, 1, 0, 3, 2, 2, 1, 0, 1, 2, 1, 2, 1, 2, 1, 3, 2, 1, 0, 2, 1, 3, 2, 1, 1, 3, 2]
Obj (ACT VS ACT BLS): 4.78835
[2, 1, 5, 2, 3, 2, 1, 0, 3, 2, 2, 1, 0, 1, 2, 1, 2, 1, 2, 1, 3, 2, 1, 0, 2, 1, 3, 2, 1, 1, 3, 2]
Obj (ACT VS ACT BLS): 4.78835
[2, 1, 3, 2, 5, 2, 1, 0, 3, 2, 2, 1, 0, 1, 2, 1, 2, 1, 2, 1, 3, 2, 1, 0, 2, 1, 3, 2, 1, 1, 3, 2]
Obj (ACT VS ACT BLS): 4.79055
[2, 1, 3, 2, 3, 2, 3, 0, 3, 2, 2, 1, 0, 1, 2, 1, 2, 1, 2, 1, 3, 2, 1, 0, 2, 1, 3, 2, 1, 1, 3, 2]
Obj (ACT VS ACT BLS): 4.78835
[2, 1, 3, 2, 3, 2, 1, 0, 5, 2, 2, 1, 0, 1, 2, 1, 2, 1, 2, 1, 3, 2, 1, 0, 2, 1, 3, 2, 1, 1, 3, 2]
Obj (ACT VS ACT BLS): 4.78835
[2, 1, 3, 2, 3, 2, 1, 0, 3, 2, 4, 1, 0, 1, 2, 1, 2, 1, 2, 1, 3, 2, 1, 0, 2, 1, 3, 2, 1, 1, 3, 2]
Obj (ACT VS ACT BLS): 4.7886
[2, 1, 3, 2, 3, 2, 1, 0, 3, 2, 2, 1, 0, 1, 4, 1, 2, 1, 2, 1, 3, 2, 1, 0, 2, 1, 3, 2, 1, 1, 3, 2]
Obj (ACT VS ACT BLS): 4.78835
[2, 1, 3, 2, 3, 2, 1, 0, 3, 2, 2, 1, 0, 1, 2, 1, 4, 1, 2, 1, 3, 2, 1, 0, 2, 1, 3, 2, 1, 1, 3, 2]
Obj (ACT VS ACT BLS): 4.7886
[2, 1, 3, 2, 3, 2, 1, 0, 3, 2, 2, 1, 0, 1, 2, 1, 2, 1, 4, 1, 3, 2, 1, 0, 2, 1, 3, 2, 1, 1, 3, 2]
Obj (ACT VS ACT BLS): 4.78835
[2, 1, 3, 2, 3, 2, 1, 0, 3, 2, 2, 1, 0, 1, 2, 1, 2, 1, 2, 1, 5, 2, 1, 0, 2, 1, 3, 2, 1, 1, 3, 2]
Obj (ACT VS ACT BLS): 4.7886
[2, 1, 3, 2, 3, 2, 1, 0, 3, 2, 2, 1, 0, 1, 2, 1, 2, 1, 2, 1, 3, 2, 3, 0, 2, 1, 3, 2, 1, 1, 3, 2]
Obj (ACT VS ACT BLS): 4.7886
[2, 1, 3, 2, 3, 2, 1, 0, 3, 2, 2, 1, 0, 1, 2, 1, 2, 1, 2, 1, 3, 2, 1, 0, 4, 1, 3, 2, 1, 1, 3, 2]
Obj (ACT VS ACT BLS): 4.78835
[2, 1, 3, 2, 3, 2, 1, 0, 3, 2, 2, 1, 0, 1, 2, 1, 2, 1, 2, 1, 3, 2, 1, 0, 2, 1, 5, 2, 1, 1, 3, 2]
Obj (ACT VS ACT BLS): 4.7911
[2, 1, 3, 2, 3, 2, 1, 0, 3, 2, 2, 1, 0, 1, 2, 1, 2, 1, 2, 1, 3, 2, 1, 0, 2, 1, 3, 2, 3, 1, 3, 2]
Obj (ACT VS ACT BLS): 4.78835
[2, 1, 3, 2, 3, 2, 1, 0, 3, 2, 2, 1, 0, 1, 2, 1, 2, 1, 2, 1, 3, 2, 1, 0, 2, 1, 3, 2, 1, 1, 5, 2]
Obj (ACT VS ACT BLS): 4.7997
[4, 1, 3, 2, 3, 2, 1, 0, 3, 2, 2, 1, 2, 1, 0, 1, 2, 1, 2, 1, 3, 2, 1, 0, 2, 1, 3, 2, 1, 1, 3, 2]
Obj (ACT VS ACT BLS): 4.7997
[2, 1, 5, 2, 3, 2, 1, 0, 3, 2, 2, 1, 2, 1, 0, 1, 2, 1, 2, 1, 3, 2, 1, 0, 2, 1, 3, 2, 1, 1, 3, 2]
Obj (ACT VS ACT BLS): 4.7997
[2, 1, 3, 2, 5, 2, 1, 0, 3, 2, 2, 1, 2, 1, 0, 1, 2, 1, 2, 1, 3, 2, 1, 0, 2, 1, 3, 2, 1, 1, 3, 2]
Obj (ACT VS ACT BLS): 4.80215
[2, 1, 3, 2, 3, 2, 3, 0, 3, 2, 2, 1, 2, 1, 0, 1, 2, 1, 2, 1, 3, 2, 1, 0, 2, 1, 3, 2, 1, 1, 3, 2]
Obj (ACT VS ACT BLS): 4.79995
[2, 1, 3, 2, 3, 2, 1, 0, 5, 2, 2, 1, 2, 1, 0, 1, 2, 1, 2, 1, 3, 2, 1, 0, 2, 1, 3, 2, 1, 1, 3, 2]
Obj (ACT VS ACT BLS): 4.7997
[2, 1, 3, 2, 3, 2, 1, 0, 3, 2, 4, 1, 2, 1, 0, 1, 2, 1, 2, 1, 3, 2, 1, 0, 2, 1, 3, 2, 1, 1, 3, 2]
Obj (ACT VS ACT BLS): 4.7997
[2, 1, 3, 2, 3, 2, 1, 0, 3, 2, 2, 1, 4, 1, 0, 1, 2, 1, 2, 1, 3, 2, 1, 0, 2, 1, 3, 2, 1, 1, 3, 2]
Obj (ACT VS ACT BLS): 4.7997
[2, 1, 3, 2, 3, 2, 1, 0, 3, 2, 2, 1, 2, 1, 0, 1, 4, 1, 2, 1, 3, 2, 1, 0, 2, 1, 3, 2, 1, 1, 3, 2]
Obj (ACT VS ACT BLS): 4.8002
[2, 1, 3, 2, 3, 2, 1, 0, 3, 2, 2, 1, 2, 1, 0, 1, 2, 1, 4, 1, 3, 2, 1, 0, 2, 1, 3, 2, 1, 1, 3, 2]
Obj (ACT VS ACT BLS): 4.7997
[2, 1, 3, 2, 3, 2, 1, 0, 3, 2, 2, 1, 2, 1, 0, 1, 2, 1, 2, 1, 5, 2, 1, 0, 2, 1, 3, 2, 1, 1, 3, 2]
Obj (ACT VS ACT BLS): 4.79995
[2, 1, 3, 2, 3, 2, 1, 0, 3, 2, 2, 1, 2, 1, 0, 1, 2, 1, 2, 1, 3, 2, 3, 0, 2, 1, 3, 2, 1, 1, 3, 2]
Obj (ACT VS ACT BLS): 4.79995
[2, 1, 3, 2, 3, 2, 1, 0, 3, 2, 2, 1, 2, 1, 0, 1, 2, 1, 2, 1, 3, 2, 1, 0, 4, 1, 3, 2, 1, 1, 3, 2]
Obj (ACT VS ACT BLS): 4.7997
[2, 1, 3, 2, 3, 2, 1, 0, 3, 2, 2, 1, 2, 1, 0, 1, 2, 1, 2, 1, 3, 2, 1, 0, 2, 1, 5, 2, 1, 1, 3, 2]
Obj (ACT VS ACT BLS): 4.80045
[2, 1, 3, 2, 3, 2, 1, 0, 3, 2, 2, 1, 2, 1, 0, 1, 2, 1, 2, 1, 3, 2, 1, 0, 2, 1, 3, 2, 3, 1, 3, 2]
Obj (ACT VS ACT BLS): 4.7997
[2, 1, 3, 2, 3, 2, 1, 0, 3, 2, 2, 1, 2, 1, 0, 1, 2, 1, 2, 1, 3, 2, 1, 0, 2, 1, 3, 2, 1, 1, 5, 2]
Obj (ACT VS ACT BLS): 4.80365
[4, 1, 3, 2, 3, 2, 1, 0, 3, 2, 2, 1, 2, 1, 2, 1, 0, 1, 2, 1, 3, 2, 1, 0, 2, 1, 3, 2, 1, 1, 3, 2]
Obj (ACT VS ACT BLS): 4.80365
[2, 1, 5, 2, 3, 2, 1, 0, 3, 2, 2, 1, 2, 1, 2, 1, 0, 1, 2, 1, 3, 2, 1, 0, 2, 1, 3, 2, 1, 1, 3, 2]
Obj (ACT VS ACT BLS): 4.80365
[2, 1, 3, 2, 5, 2, 1, 0, 3, 2, 2, 1, 2, 1, 2, 1, 0, 1, 2, 1, 3, 2, 1, 0, 2, 1, 3, 2, 1, 1, 3, 2]
Obj (ACT VS ACT BLS): 4.80585
[2, 1, 3, 2, 3, 2, 3, 0, 3, 2, 2, 1, 2, 1, 2, 1, 0, 1, 2, 1, 3, 2, 1, 0, 2, 1, 3, 2, 1, 1, 3, 2]
Obj (ACT VS ACT BLS): 4.80365
[2, 1, 3, 2, 3, 2, 1, 0, 5, 2, 2, 1, 2, 1, 2, 1, 0, 1, 2, 1, 3, 2, 1, 0, 2, 1, 3, 2, 1, 1, 3, 2]
Obj (ACT VS ACT BLS): 4.80365
[2, 1, 3, 2, 3, 2, 1, 0, 3, 2, 4, 1, 2, 1, 2, 1, 0, 1, 2, 1, 3, 2, 1, 0, 2, 1, 3, 2, 1, 1, 3, 2]
Obj (ACT VS ACT BLS): 4.80365
[2, 1, 3, 2, 3, 2, 1, 0, 3, 2, 2, 1, 4, 1, 2, 1, 0, 1, 2, 1, 3, 2, 1, 0, 2, 1, 3, 2, 1, 1, 3, 2]
Obj (ACT VS ACT BLS): 4.8039
[2, 1, 3, 2, 3, 2, 1, 0, 3, 2, 2, 1, 2, 1, 4, 1, 0, 1, 2, 1, 3, 2, 1, 0, 2, 1, 3, 2, 1, 1, 3, 2]
Obj (ACT VS ACT BLS): 4.80415
[2, 1, 3, 2, 3, 2, 1, 0, 3, 2, 2, 1, 2, 1, 2, 1, 0, 1, 4, 1, 3, 2, 1, 0, 2, 1, 3, 2, 1, 1, 3, 2]
Obj (ACT VS ACT BLS): 4.80365
[2, 1, 3, 2, 3, 2, 1, 0, 3, 2, 2, 1, 2, 1, 2, 1, 0, 1, 2, 1, 5, 2, 1, 0, 2, 1, 3, 2, 1, 1, 3, 2]
Obj (ACT VS ACT BLS): 4.8041
[2, 1, 3, 2, 3, 2, 1, 0, 3, 2, 2, 1, 2, 1, 2, 1, 0, 1, 2, 1, 3, 2, 3, 0, 2, 1, 3, 2, 1, 1, 3, 2]
Obj (ACT VS ACT BLS): 4.8039
[2, 1, 3, 2, 3, 2, 1, 0, 3, 2, 2, 1, 2, 1, 2, 1, 0, 1, 2, 1, 3, 2, 1, 0, 4, 1, 3, 2, 1, 1, 3, 2]
Obj (ACT VS ACT BLS): 4.80365
[2, 1, 3, 2, 3, 2, 1, 0, 3, 2, 2, 1, 2, 1, 2, 1, 0, 1, 2, 1, 3, 2, 1, 0, 2, 1, 5, 2, 1, 1, 3, 2]
Obj (ACT VS ACT BLS): 4.8044
[2, 1, 3, 2, 3, 2, 1, 0, 3, 2, 2, 1, 2, 1, 2, 1, 0, 1, 2, 1, 3, 2, 1, 0, 2, 1, 3, 2, 3, 1, 3, 2]
Obj (ACT VS ACT BLS): 4.80365
[2, 1, 3, 2, 3, 2, 1, 0, 3, 2, 2, 1, 2, 1, 2, 1, 0, 1, 2, 1, 3, 2, 1, 0, 2, 1, 3, 2, 1, 1, 5, 2]
Obj (ACT VS ACT BLS): 4.7695
[4, 1, 3, 2, 3, 2, 1, 0, 3, 2, 2, 1, 2, 1, 2, 1, 2, 1, 0, 1, 3, 2, 1, 0, 2, 1, 3, 2, 1, 1, 3, 2]
Obj (ACT VS ACT BLS): 4.7695
[2, 1, 5, 2, 3, 2, 1, 0, 3, 2, 2, 1, 2, 1, 2, 1, 2, 1, 0, 1, 3, 2, 1, 0, 2, 1, 3, 2, 1, 1, 3, 2]
Obj (ACT VS ACT BLS): 4.7695
[2, 1, 3, 2, 5, 2, 1, 0, 3, 2, 2, 1, 2, 1, 2, 1, 2, 1, 0, 1, 3, 2, 1, 0, 2, 1, 3, 2, 1, 1, 3, 2]
Obj (ACT VS ACT BLS): 4.77
[2, 1, 3, 2, 3, 2, 3, 0, 3, 2, 2, 1, 2, 1, 2, 1, 2, 1, 0, 1, 3, 2, 1, 0, 2, 1, 3, 2, 1, 1, 3, 2]
Obj (ACT VS ACT BLS): 4.7695
[2, 1, 3, 2, 3, 2, 1, 0, 5, 2, 2, 1, 2, 1, 2, 1, 2, 1, 0, 1, 3, 2, 1, 0, 2, 1, 3, 2, 1, 1, 3, 2]
Obj (ACT VS ACT BLS): 4.7695
[2, 1, 3, 2, 3, 2, 1, 0, 3, 2, 4, 1, 2, 1, 2, 1, 2, 1, 0, 1, 3, 2, 1, 0, 2, 1, 3, 2, 1, 1, 3, 2]
Obj (ACT VS ACT BLS): 4.7695
[2, 1, 3, 2, 3, 2, 1, 0, 3, 2, 2, 1, 4, 1, 2, 1, 2, 1, 0, 1, 3, 2, 1, 0, 2, 1, 3, 2, 1, 1, 3, 2]
Obj (ACT VS ACT BLS): 4.76975
[2, 1, 3, 2, 3, 2, 1, 0, 3, 2, 2, 1, 2, 1, 4, 1, 2, 1, 0, 1, 3, 2, 1, 0, 2, 1, 3, 2, 1, 1, 3, 2]
Obj (ACT VS ACT BLS): 4.7695
[2, 1, 3, 2, 3, 2, 1, 0, 3, 2, 2, 1, 2, 1, 2, 1, 4, 1, 0, 1, 3, 2, 1, 0, 2, 1, 3, 2, 1, 1, 3, 2]
Obj (ACT VS ACT BLS): 4.7695
[2, 1, 3, 2, 3, 2, 1, 0, 3, 2, 2, 1, 2, 1, 2, 1, 2, 1, 0, 1, 5, 2, 1, 0, 2, 1, 3, 2, 1, 1, 3, 2]
Obj (ACT VS ACT BLS): 4.76975
[2, 1, 3, 2, 3, 2, 1, 0, 3, 2, 2, 1, 2, 1, 2, 1, 2, 1, 0, 1, 3, 2, 3, 0, 2, 1, 3, 2, 1, 1, 3, 2]
Obj (ACT VS ACT BLS): 4.76975
[2, 1, 3, 2, 3, 2, 1, 0, 3, 2, 2, 1, 2, 1, 2, 1, 2, 1, 0, 1, 3, 2, 1, 0, 4, 1, 3, 2, 1, 1, 3, 2]
Obj (ACT VS ACT BLS): 4.7695
[2, 1, 3, 2, 3, 2, 1, 0, 3, 2, 2, 1, 2, 1, 2, 1, 2, 1, 0, 1, 3, 2, 1, 0, 2, 1, 5, 2, 1, 1, 3, 2]
Obj (ACT VS ACT BLS): 4.77025
[2, 1, 3, 2, 3, 2, 1, 0, 3, 2, 2, 1, 2, 1, 2, 1, 2, 1, 0, 1, 3, 2, 1, 0, 2, 1, 3, 2, 3, 1, 3, 2]
Obj (ACT VS ACT BLS): 4.7695
[2, 1, 3, 2, 3, 2, 1, 0, 3, 2, 2, 1, 2, 1, 2, 1, 2, 1, 0, 1, 3, 2, 1, 0, 2, 1, 3, 2, 1, 1, 5, 2]
Obj (ACT VS ACT BLS): 4.7833
[5, 1, 3, 2, 3, 2, 1, 0, 3, 2, 2, 1, 2, 1, 2, 1, 2, 1, 2, 1, 0, 2, 1, 0, 2, 1, 3, 2, 1, 1, 3, 2]
Obj (ACT VS ACT BLS): 4.7833
[2, 1, 6, 2, 3, 2, 1, 0, 3, 2, 2, 1, 2, 1, 2, 1, 2, 1, 2, 1, 0, 2, 1, 0, 2, 1, 3, 2, 1, 1, 3, 2]
Obj (ACT VS ACT BLS): 4.7833
[2, 1, 3, 2, 6, 2, 1, 0, 3, 2, 2, 1, 2, 1, 2, 1, 2, 1, 2, 1, 0, 2, 1, 0, 2, 1, 3, 2, 1, 1, 3, 2]
Obj (ACT VS ACT BLS): 4.7838
[2, 1, 3, 2, 3, 2, 4, 0, 3, 2, 2, 1, 2, 1, 2, 1, 2, 1, 2, 1, 0, 2, 1, 0, 2, 1, 3, 2, 1, 1, 3, 2]
Obj (ACT VS ACT BLS): 4.7833
[2, 1, 3, 2, 3, 2, 1, 0, 6, 2, 2, 1, 2, 1, 2, 1, 2, 1, 2, 1, 0, 2, 1, 0, 2, 1, 3, 2, 1, 1, 3, 2]
Obj (ACT VS ACT BLS): 4.7833
[2, 1, 3, 2, 3, 2, 1, 0, 3, 2, 5, 1, 2, 1, 2, 1, 2, 1, 2, 1, 0, 2, 1, 0, 2, 1, 3, 2, 1, 1, 3, 2]
Obj (ACT VS ACT BLS): 4.7833
[2, 1, 3, 2, 3, 2, 1, 0, 3, 2, 2, 1, 5, 1, 2, 1, 2, 1, 2, 1, 0, 2, 1, 0, 2, 1, 3, 2, 1, 1, 3, 2]
Obj (ACT VS ACT BLS): 4.78355
[2, 1, 3, 2, 3, 2, 1, 0, 3, 2, 2, 1, 2, 1, 5, 1, 2, 1, 2, 1, 0, 2, 1, 0, 2, 1, 3, 2, 1, 1, 3, 2]
Obj (ACT VS ACT BLS): 4.7833
[2, 1, 3, 2, 3, 2, 1, 0, 3, 2, 2, 1, 2, 1, 2, 1, 5, 1, 2, 1, 0, 2, 1, 0, 2, 1, 3, 2, 1, 1, 3, 2]
Obj (ACT VS ACT BLS): 4.7838
[2, 1, 3, 2, 3, 2, 1, 0, 3, 2, 2, 1, 2, 1, 2, 1, 2, 1, 5, 1, 0, 2, 1, 0, 2, 1, 3, 2, 1, 1, 3, 2]
Obj (ACT VS ACT BLS): 4.78355
[2, 1, 3, 2, 3, 2, 1, 0, 3, 2, 2, 1, 2, 1, 2, 1, 2, 1, 2, 1, 0, 2, 4, 0, 2, 1, 3, 2, 1, 1, 3, 2]
Obj (ACT VS ACT BLS): 4.7833
[2, 1, 3, 2, 3, 2, 1, 0, 3, 2, 2, 1, 2, 1, 2, 1, 2, 1, 2, 1, 0, 2, 1, 0, 5, 1, 3, 2, 1, 1, 3, 2]
Obj (ACT VS ACT BLS): 4.7833
[2, 1, 3, 2, 3, 2, 1, 0, 3, 2, 2, 1, 2, 1, 2, 1, 2, 1, 2, 1, 0, 2, 1, 0, 2, 1, 6, 2, 1, 1, 3, 2]
Obj (ACT VS ACT BLS): 4.78405
[2, 1, 3, 2, 3, 2, 1, 0, 3, 2, 2, 1, 2, 1, 2, 1, 2, 1, 2, 1, 0, 2, 1, 0, 2, 1, 3, 2, 4, 1, 3, 2]
Obj (ACT VS ACT BLS): 4.7833
[2, 1, 3, 2, 3, 2, 1, 0, 3, 2, 2, 1, 2, 1, 2, 1, 2, 1, 2, 1, 0, 2, 1, 0, 2, 1, 3, 2, 1, 1, 6, 2]
Obj (ACT VS ACT BLS): 4.8068
[3, 1, 3, 2, 3, 2, 1, 0, 3, 2, 2, 1, 2, 1, 2, 1, 2, 1, 2, 1, 3, 2, 0, 0, 2, 1, 3, 2, 1, 1, 3, 2]
Obj (ACT VS ACT BLS): 4.8068
[2, 1, 4, 2, 3, 2, 1, 0, 3, 2, 2, 1, 2, 1, 2, 1, 2, 1, 2, 1, 3, 2, 0, 0, 2, 1, 3, 2, 1, 1, 3, 2]
Obj (ACT VS ACT BLS): 4.80655
[2, 1, 3, 2, 4, 2, 1, 0, 3, 2, 2, 1, 2, 1, 2, 1, 2, 1, 2, 1, 3, 2, 0, 0, 2, 1, 3, 2, 1, 1, 3, 2]
Obj (ACT VS ACT BLS): 4.80875
[2, 1, 3, 2, 3, 2, 2, 0, 3, 2, 2, 1, 2, 1, 2, 1, 2, 1, 2, 1, 3, 2, 0, 0, 2, 1, 3, 2, 1, 1, 3, 2]
Obj (ACT VS ACT BLS): 4.8068
[2, 1, 3, 2, 3, 2, 1, 0, 4, 2, 2, 1, 2, 1, 2, 1, 2, 1, 2, 1, 3, 2, 0, 0, 2, 1, 3, 2, 1, 1, 3, 2]
Obj (ACT VS ACT BLS): 4.8068
[2, 1, 3, 2, 3, 2, 1, 0, 3, 2, 3, 1, 2, 1, 2, 1, 2, 1, 2, 1, 3, 2, 0, 0, 2, 1, 3, 2, 1, 1, 3, 2]
Obj (ACT VS ACT BLS): 4.8068
[2, 1, 3, 2, 3, 2, 1, 0, 3, 2, 2, 1, 3, 1, 2, 1, 2, 1, 2, 1, 3, 2, 0, 0, 2, 1, 3, 2, 1, 1, 3, 2]
Obj (ACT VS ACT BLS): 4.80705
[2, 1, 3, 2, 3, 2, 1, 0, 3, 2, 2, 1, 2, 1, 3, 1, 2, 1, 2, 1, 3, 2, 0, 0, 2, 1, 3, 2, 1, 1, 3, 2]
Obj (ACT VS ACT BLS): 4.8068
[2, 1, 3, 2, 3, 2, 1, 0, 3, 2, 2, 1, 2, 1, 2, 1, 3, 1, 2, 1, 3, 2, 0, 0, 2, 1, 3, 2, 1, 1, 3, 2]
Obj (ACT VS ACT BLS): 4.8073
[2, 1, 3, 2, 3, 2, 1, 0, 3, 2, 2, 1, 2, 1, 2, 1, 2, 1, 3, 1, 3, 2, 0, 0, 2, 1, 3, 2, 1, 1, 3, 2]
Obj (ACT VS ACT BLS): 4.8068
[2, 1, 3, 2, 3, 2, 1, 0, 3, 2, 2, 1, 2, 1, 2, 1, 2, 1, 2, 1, 4, 2, 0, 0, 2, 1, 3, 2, 1, 1, 3, 2]
Obj (ACT VS ACT BLS): 4.80705
[2, 1, 3, 2, 3, 2, 1, 0, 3, 2, 2, 1, 2, 1, 2, 1, 2, 1, 2, 1, 3, 2, 0, 0, 3, 1, 3, 2, 1, 1, 3, 2]
Obj (ACT VS ACT BLS): 4.8068
[2, 1, 3, 2, 3, 2, 1, 0, 3, 2, 2, 1, 2, 1, 2, 1, 2, 1, 2, 1, 3, 2, 0, 0, 2, 1, 4, 2, 1, 1, 3, 2]
Obj (ACT VS ACT BLS): 4.8073
[2, 1, 3, 2, 3, 2, 1, 0, 3, 2, 2, 1, 2, 1, 2, 1, 2, 1, 2, 1, 3, 2, 0, 0, 2, 1, 3, 2, 2, 1, 3, 2]
Obj (ACT VS ACT BLS): 4.8068
[2, 1, 3, 2, 3, 2, 1, 0, 3, 2, 2, 1, 2, 1, 2, 1, 2, 1, 2, 1, 3, 2, 0, 0, 2, 1, 3, 2, 1, 1, 4, 2]
Obj (ACT VS ACT BLS): 4.77835
[4, 1, 3, 2, 3, 2, 1, 0, 3, 2, 2, 1, 2, 1, 2, 1, 2, 1, 2, 1, 3, 2, 1, 0, 0, 1, 3, 2, 1, 1, 3, 2]
Obj (ACT VS ACT BLS): 4.77835
[2, 1, 5, 2, 3, 2, 1, 0, 3, 2, 2, 1, 2, 1, 2, 1, 2, 1, 2, 1, 3, 2, 1, 0, 0, 1, 3, 2, 1, 1, 3, 2]
Obj (ACT VS ACT BLS): 4.77815
[2, 1, 3, 2, 5, 2, 1, 0, 3, 2, 2, 1, 2, 1, 2, 1, 2, 1, 2, 1, 3, 2, 1, 0, 0, 1, 3, 2, 1, 1, 3, 2]
Obj (ACT VS ACT BLS): 4.78055
[2, 1, 3, 2, 3, 2, 3, 0, 3, 2, 2, 1, 2, 1, 2, 1, 2, 1, 2, 1, 3, 2, 1, 0, 0, 1, 3, 2, 1, 1, 3, 2]
Obj (ACT VS ACT BLS): 4.77835
[2, 1, 3, 2, 3, 2, 1, 0, 5, 2, 2, 1, 2, 1, 2, 1, 2, 1, 2, 1, 3, 2, 1, 0, 0, 1, 3, 2, 1, 1, 3, 2]
Obj (ACT VS ACT BLS): 4.77835
[2, 1, 3, 2, 3, 2, 1, 0, 3, 2, 4, 1, 2, 1, 2, 1, 2, 1, 2, 1, 3, 2, 1, 0, 0, 1, 3, 2, 1, 1, 3, 2]
Obj (ACT VS ACT BLS): 4.77835
[2, 1, 3, 2, 3, 2, 1, 0, 3, 2, 2, 1, 4, 1, 2, 1, 2, 1, 2, 1, 3, 2, 1, 0, 0, 1, 3, 2, 1, 1, 3, 2]
Obj (ACT VS ACT BLS): 4.7786
[2, 1, 3, 2, 3, 2, 1, 0, 3, 2, 2, 1, 2, 1, 4, 1, 2, 1, 2, 1, 3, 2, 1, 0, 0, 1, 3, 2, 1, 1, 3, 2]
Obj (ACT VS ACT BLS): 4.77835
[2, 1, 3, 2, 3, 2, 1, 0, 3, 2, 2, 1, 2, 1, 2, 1, 4, 1, 2, 1, 3, 2, 1, 0, 0, 1, 3, 2, 1, 1, 3, 2]
Obj (ACT VS ACT BLS): 4.77885
[2, 1, 3, 2, 3, 2, 1, 0, 3, 2, 2, 1, 2, 1, 2, 1, 2, 1, 4, 1, 3, 2, 1, 0, 0, 1, 3, 2, 1, 1, 3, 2]
Obj (ACT VS ACT BLS): 4.77835
[2, 1, 3, 2, 3, 2, 1, 0, 3, 2, 2, 1, 2, 1, 2, 1, 2, 1, 2, 1, 5, 2, 1, 0, 0, 1, 3, 2, 1, 1, 3, 2]
Obj (ACT VS ACT BLS): 4.7786
[2, 1, 3, 2, 3, 2, 1, 0, 3, 2, 2, 1, 2, 1, 2, 1, 2, 1, 2, 1, 3, 2, 3, 0, 0, 1, 3, 2, 1, 1, 3, 2]
Obj (ACT VS ACT BLS): 4.77835
[2, 1, 3, 2, 3, 2, 1, 0, 3, 2, 2, 1, 2, 1, 2, 1, 2, 1, 2, 1, 3, 2, 1, 0, 0, 1, 5, 2, 1, 1, 3, 2]
Obj (ACT VS ACT BLS): 4.7811
[2, 1, 3, 2, 3, 2, 1, 0, 3, 2, 2, 1, 2, 1, 2, 1, 2, 1, 2, 1, 3, 2, 1, 0, 0, 1, 3, 2, 3, 1, 3, 2]
Obj (ACT VS ACT BLS): 4.77835
[2, 1, 3, 2, 3, 2, 1, 0, 3, 2, 2, 1, 2, 1, 2, 1, 2, 1, 2, 1, 3, 2, 1, 0, 0, 1, 3, 2, 1, 1, 5, 2]
Obj (ACT VS ACT BLS): 4.76545
[5, 1, 3, 2, 3, 2, 1, 0, 3, 2, 2, 1, 2, 1, 2, 1, 2, 1, 2, 1, 3, 2, 1, 0, 2, 1, 0, 2, 1, 1, 3, 2]
Obj (ACT VS ACT BLS): 4.76545
[2, 1, 6, 2, 3, 2, 1, 0, 3, 2, 2, 1, 2, 1, 2, 1, 2, 1, 2, 1, 3, 2, 1, 0, 2, 1, 0, 2, 1, 1, 3, 2]
Obj (ACT VS ACT BLS): 4.76545
[2, 1, 3, 2, 6, 2, 1, 0, 3, 2, 2, 1, 2, 1, 2, 1, 2, 1, 2, 1, 3, 2, 1, 0, 2, 1, 0, 2, 1, 1, 3, 2]
Obj (ACT VS ACT BLS): 4.7657
[2, 1, 3, 2, 3, 2, 4, 0, 3, 2, 2, 1, 2, 1, 2, 1, 2, 1, 2, 1, 3, 2, 1, 0, 2, 1, 0, 2, 1, 1, 3, 2]
Obj (ACT VS ACT BLS): 4.76545
[2, 1, 3, 2, 3, 2, 1, 0, 6, 2, 2, 1, 2, 1, 2, 1, 2, 1, 2, 1, 3, 2, 1, 0, 2, 1, 0, 2, 1, 1, 3, 2]
Obj (ACT VS ACT BLS): 4.76545
[2, 1, 3, 2, 3, 2, 1, 0, 3, 2, 5, 1, 2, 1, 2, 1, 2, 1, 2, 1, 3, 2, 1, 0, 2, 1, 0, 2, 1, 1, 3, 2]
Obj (ACT VS ACT BLS): 4.76545
[2, 1, 3, 2, 3, 2, 1, 0, 3, 2, 2, 1, 5, 1, 2, 1, 2, 1, 2, 1, 3, 2, 1, 0, 2, 1, 0, 2, 1, 1, 3, 2]
Obj (ACT VS ACT BLS): 4.7657
[2, 1, 3, 2, 3, 2, 1, 0, 3, 2, 2, 1, 2, 1, 5, 1, 2, 1, 2, 1, 3, 2, 1, 0, 2, 1, 0, 2, 1, 1, 3, 2]
Obj (ACT VS ACT BLS): 4.76545
[2, 1, 3, 2, 3, 2, 1, 0, 3, 2, 2, 1, 2, 1, 2, 1, 5, 1, 2, 1, 3, 2, 1, 0, 2, 1, 0, 2, 1, 1, 3, 2]
Obj (ACT VS ACT BLS): 4.76595
[2, 1, 3, 2, 3, 2, 1, 0, 3, 2, 2, 1, 2, 1, 2, 1, 2, 1, 5, 1, 3, 2, 1, 0, 2, 1, 0, 2, 1, 1, 3, 2]
Obj (ACT VS ACT BLS): 4.76545
[2, 1, 3, 2, 3, 2, 1, 0, 3, 2, 2, 1, 2, 1, 2, 1, 2, 1, 2, 1, 6, 2, 1, 0, 2, 1, 0, 2, 1, 1, 3, 2]
Obj (ACT VS ACT BLS): 4.7657
[2, 1, 3, 2, 3, 2, 1, 0, 3, 2, 2, 1, 2, 1, 2, 1, 2, 1, 2, 1, 3, 2, 4, 0, 2, 1, 0, 2, 1, 1, 3, 2]
Obj (ACT VS ACT BLS): 4.7657
[2, 1, 3, 2, 3, 2, 1, 0, 3, 2, 2, 1, 2, 1, 2, 1, 2, 1, 2, 1, 3, 2, 1, 0, 5, 1, 0, 2, 1, 1, 3, 2]
Obj (ACT VS ACT BLS): 4.7662
[2, 1, 3, 2, 3, 2, 1, 0, 3, 2, 2, 1, 2, 1, 2, 1, 2, 1, 2, 1, 3, 2, 1, 0, 2, 1, 0, 2, 4, 1, 3, 2]
Obj (ACT VS ACT BLS): 4.76545
[2, 1, 3, 2, 3, 2, 1, 0, 3, 2, 2, 1, 2, 1, 2, 1, 2, 1, 2, 1, 3, 2, 1, 0, 2, 1, 0, 2, 1, 1, 6, 2]
Obj (ACT VS ACT BLS): 4.80385
[3, 1, 3, 2, 3, 2, 1, 0, 3, 2, 2, 1, 2, 1, 2, 1, 2, 1, 2, 1, 3, 2, 1, 0, 2, 1, 3, 2, 0, 1, 3, 2]
Obj (ACT VS ACT BLS): 4.80385
[2, 1, 4, 2, 3, 2, 1, 0, 3, 2, 2, 1, 2, 1, 2, 1, 2, 1, 2, 1, 3, 2, 1, 0, 2, 1, 3, 2, 0, 1, 3, 2]
Obj (ACT VS ACT BLS): 4.80385
[2, 1, 3, 2, 4, 2, 1, 0, 3, 2, 2, 1, 2, 1, 2, 1, 2, 1, 2, 1, 3, 2, 1, 0, 2, 1, 3, 2, 0, 1, 3, 2]
Obj (ACT VS ACT BLS): 4.8058
[2, 1, 3, 2, 3, 2, 2, 0, 3, 2, 2, 1, 2, 1, 2, 1, 2, 1, 2, 1, 3, 2, 1, 0, 2, 1, 3, 2, 0, 1, 3, 2]
Obj (ACT VS ACT BLS): 4.80385
[2, 1, 3, 2, 3, 2, 1, 0, 4, 2, 2, 1, 2, 1, 2, 1, 2, 1, 2, 1, 3, 2, 1, 0, 2, 1, 3, 2, 0, 1, 3, 2]
Obj (ACT VS ACT BLS): 4.80385
[2, 1, 3, 2, 3, 2, 1, 0, 3, 2, 3, 1, 2, 1, 2, 1, 2, 1, 2, 1, 3, 2, 1, 0, 2, 1, 3, 2, 0, 1, 3, 2]
Obj (ACT VS ACT BLS): 4.80385
[2, 1, 3, 2, 3, 2, 1, 0, 3, 2, 2, 1, 3, 1, 2, 1, 2, 1, 2, 1, 3, 2, 1, 0, 2, 1, 3, 2, 0, 1, 3, 2]
Obj (ACT VS ACT BLS): 4.8041
[2, 1, 3, 2, 3, 2, 1, 0, 3, 2, 2, 1, 2, 1, 3, 1, 2, 1, 2, 1, 3, 2, 1, 0, 2, 1, 3, 2, 0, 1, 3, 2]
Obj (ACT VS ACT BLS): 4.80385
[2, 1, 3, 2, 3, 2, 1, 0, 3, 2, 2, 1, 2, 1, 2, 1, 3, 1, 2, 1, 3, 2, 1, 0, 2, 1, 3, 2, 0, 1, 3, 2]
Obj (ACT VS ACT BLS): 4.80435
[2, 1, 3, 2, 3, 2, 1, 0, 3, 2, 2, 1, 2, 1, 2, 1, 2, 1, 3, 1, 3, 2, 1, 0, 2, 1, 3, 2, 0, 1, 3, 2]
Obj (ACT VS ACT BLS): 4.80385
[2, 1, 3, 2, 3, 2, 1, 0, 3, 2, 2, 1, 2, 1, 2, 1, 2, 1, 2, 1, 4, 2, 1, 0, 2, 1, 3, 2, 0, 1, 3, 2]
Obj (ACT VS ACT BLS): 4.8041
[2, 1, 3, 2, 3, 2, 1, 0, 3, 2, 2, 1, 2, 1, 2, 1, 2, 1, 2, 1, 3, 2, 2, 0, 2, 1, 3, 2, 0, 1, 3, 2]
Obj (ACT VS ACT BLS): 4.80435
[2, 1, 3, 2, 3, 2, 1, 0, 3, 2, 2, 1, 2, 1, 2, 1, 2, 1, 2, 1, 3, 2, 1, 0, 3, 1, 3, 2, 0, 1, 3, 2]
Obj (ACT VS ACT BLS): 4.80385
[2, 1, 3, 2, 3, 2, 1, 0, 3, 2, 2, 1, 2, 1, 2, 1, 2, 1, 2, 1, 3, 2, 1, 0, 2, 1, 4, 2, 0, 1, 3, 2]
Obj (ACT VS ACT BLS): 4.80385
[2, 1, 3, 2, 3, 2, 1, 0, 3, 2, 2, 1, 2, 1, 2, 1, 2, 1, 2, 1, 3, 2, 1, 0, 2, 1, 3, 2, 0, 1, 4, 2]
Obj (ACT VS ACT BLS): 4.80955
[5, 1, 3, 2, 3, 2, 1, 0, 3, 2, 2, 1, 2, 1, 2, 1, 2, 1, 2, 1, 3, 2, 1, 0, 2, 1, 3, 2, 1, 1, 0, 2]
Obj (ACT VS ACT BLS): 4.80955
[2, 1, 6, 2, 3, 2, 1, 0, 3, 2, 2, 1, 2, 1, 2, 1, 2, 1, 2, 1, 3, 2, 1, 0, 2, 1, 3, 2, 1, 1, 0, 2]
Obj (ACT VS ACT BLS): 4.80955
[2, 1, 3, 2, 6, 2, 1, 0, 3, 2, 2, 1, 2, 1, 2, 1, 2, 1, 2, 1, 3, 2, 1, 0, 2, 1, 3, 2, 1, 1, 0, 2]
Obj (ACT VS ACT BLS): 4.81005
[2, 1, 3, 2, 3, 2, 4, 0, 3, 2, 2, 1, 2, 1, 2, 1, 2, 1, 2, 1, 3, 2, 1, 0, 2, 1, 3, 2, 1, 1, 0, 2]
Obj (ACT VS ACT BLS): 4.80955
[2, 1, 3, 2, 3, 2, 1, 0, 6, 2, 2, 1, 2, 1, 2, 1, 2, 1, 2, 1, 3, 2, 1, 0, 2, 1, 3, 2, 1, 1, 0, 2]
Obj (ACT VS ACT BLS): 4.80955
[2, 1, 3, 2, 3, 2, 1, 0, 3, 2, 5, 1, 2, 1, 2, 1, 2, 1, 2, 1, 3, 2, 1, 0, 2, 1, 3, 2, 1, 1, 0, 2]
Obj (ACT VS ACT BLS): 4.80955
[2, 1, 3, 2, 3, 2, 1, 0, 3, 2, 2, 1, 5, 1, 2, 1, 2, 1, 2, 1, 3, 2, 1, 0, 2, 1, 3, 2, 1, 1, 0, 2]
Obj (ACT VS ACT BLS): 4.8098
[2, 1, 3, 2, 3, 2, 1, 0, 3, 2, 2, 1, 2, 1, 5, 1, 2, 1, 2, 1, 3, 2, 1, 0, 2, 1, 3, 2, 1, 1, 0, 2]
Obj (ACT VS ACT BLS): 4.80955
[2, 1, 3, 2, 3, 2, 1, 0, 3, 2, 2, 1, 2, 1, 2, 1, 5, 1, 2, 1, 3, 2, 1, 0, 2, 1, 3, 2, 1, 1, 0, 2]
Obj (ACT VS ACT BLS): 4.81005
[2, 1, 3, 2, 3, 2, 1, 0, 3, 2, 2, 1, 2, 1, 2, 1, 2, 1, 5, 1, 3, 2, 1, 0, 2, 1, 3, 2, 1, 1, 0, 2]
Obj (ACT VS ACT BLS): 4.8093
[2, 1, 3, 2, 3, 2, 1, 0, 3, 2, 2, 1, 2, 1, 2, 1, 2, 1, 2, 1, 6, 2, 1, 0, 2, 1, 3, 2, 1, 1, 0, 2]
Obj (ACT VS ACT BLS): 4.8098
[2, 1, 3, 2, 3, 2, 1, 0, 3, 2, 2, 1, 2, 1, 2, 1, 2, 1, 2, 1, 3, 2, 4, 0, 2, 1, 3, 2, 1, 1, 0, 2]
Obj (ACT VS ACT BLS): 4.8098
[2, 1, 3, 2, 3, 2, 1, 0, 3, 2, 2, 1, 2, 1, 2, 1, 2, 1, 2, 1, 3, 2, 1, 0, 5, 1, 3, 2, 1, 1, 0, 2]
Obj (ACT VS ACT BLS): 4.80955
[2, 1, 3, 2, 3, 2, 1, 0, 3, 2, 2, 1, 2, 1, 2, 1, 2, 1, 2, 1, 3, 2, 1, 0, 2, 1, 6, 2, 1, 1, 0, 2]
Obj (ACT VS ACT BLS): 4.8103
[2, 1, 3, 2, 3, 2, 1, 0, 3, 2, 2, 1, 2, 1, 2, 1, 2, 1, 2, 1, 3, 2, 1, 0, 2, 1, 3, 2, 4, 1, 0, 2]
Obj (MEDIOS ACT VS ACT BLS): 4.82135
[1, 1, 4, 2, 3, 2, 1, 0, 3, 2, 2, 1, 2, 1, 2, 1, 2, 1, 2, 1, 3, 2, 1, 0, 2, 1, 3, 2, 1, 1, 3, 2]
Obj (MEDIOS ACT VS ACT BLS): 4.82135
[1, 1, 3, 2, 4, 2, 1, 0, 3, 2, 2, 1, 2, 1, 2, 1, 2, 1, 2, 1, 3, 2, 1, 0, 2, 1, 3, 2, 1, 1, 3, 2]
Obj (MEDIOS ACT VS ACT BLS): 4.82185
[1, 1, 3, 2, 3, 2, 2, 0, 3, 2, 2, 1, 2, 1, 2, 1, 2, 1, 2, 1, 3, 2, 1, 0, 2, 1, 3, 2, 1, 1, 3, 2]
Obj (MEDIOS ACT VS ACT BLS): 4.82135
[1, 1, 3, 2, 3, 2, 1, 0, 4, 2, 2, 1, 2, 1, 2, 1, 2, 1, 2, 1, 3, 2, 1, 0, 2, 1, 3, 2, 1, 1, 3, 2]
Obj (MEDIOS ACT VS ACT BLS): 4.82135
[1, 1, 3, 2, 3, 2, 1, 0, 3, 2, 3, 1, 2, 1, 2, 1, 2, 1, 2, 1, 3, 2, 1, 0, 2, 1, 3, 2, 1, 1, 3, 2]
Obj (MEDIOS ACT VS ACT BLS): 4.82135
[1, 1, 3, 2, 3, 2, 1, 0, 3, 2, 2, 1, 3, 1, 2, 1, 2, 1, 2, 1, 3, 2, 1, 0, 2, 1, 3, 2, 1, 1, 3, 2]
Obj (MEDIOS ACT VS ACT BLS): 4.8216
[1, 1, 3, 2, 3, 2, 1, 0, 3, 2, 2, 1, 2, 1, 3, 1, 2, 1, 2, 1, 3, 2, 1, 0, 2, 1, 3, 2, 1, 1, 3, 2]
Obj (MEDIOS ACT VS ACT BLS): 4.82135
[1, 1, 3, 2, 3, 2, 1, 0, 3, 2, 2, 1, 2, 1, 2, 1, 3, 1, 2, 1, 3, 2, 1, 0, 2, 1, 3, 2, 1, 1, 3, 2]
Obj (MEDIOS ACT VS ACT BLS): 4.8221
[1, 1, 3, 2, 3, 2, 1, 0, 3, 2, 2, 1, 2, 1, 2, 1, 2, 1, 3, 1, 3, 2, 1, 0, 2, 1, 3, 2, 1, 1, 3, 2]
Obj (MEDIOS ACT VS ACT BLS): 4.82135
[1, 1, 3, 2, 3, 2, 1, 0, 3, 2, 2, 1, 2, 1, 2, 1, 2, 1, 2, 1, 4, 2, 1, 0, 2, 1, 3, 2, 1, 1, 3, 2]
Obj (MEDIOS ACT VS ACT BLS): 4.8216
[1, 1, 3, 2, 3, 2, 1, 0, 3, 2, 2, 1, 2, 1, 2, 1, 2, 1, 2, 1, 3, 2, 2, 0, 2, 1, 3, 2, 1, 1, 3, 2]
Obj (MEDIOS ACT VS ACT BLS): 4.8216
[1, 1, 3, 2, 3, 2, 1, 0, 3, 2, 2, 1, 2, 1, 2, 1, 2, 1, 2, 1, 3, 2, 1, 0, 3, 1, 3, 2, 1, 1, 3, 2]
Obj (MEDIOS ACT VS ACT BLS): 4.82135
[1, 1, 3, 2, 3, 2, 1, 0, 3, 2, 2, 1, 2, 1, 2, 1, 2, 1, 2, 1, 3, 2, 1, 0, 2, 1, 4, 2, 1, 1, 3, 2]
Obj (MEDIOS ACT VS ACT BLS): 4.8221
[1, 1, 3, 2, 3, 2, 1, 0, 3, 2, 2, 1, 2, 1, 2, 1, 2, 1, 2, 1, 3, 2, 1, 0, 2, 1, 3, 2, 2, 1, 3, 2]
Obj (MEDIOS ACT VS ACT BLS): 4.82135
[1, 1, 3, 2, 3, 2, 1, 0, 3, 2, 2, 1, 2, 1, 2, 1, 2, 1, 2, 1, 3, 2, 1, 0, 2, 1, 3, 2, 1, 1, 4, 2]
Obj (MEDIOS ACT VS ACT BLS): 4.8216
[3, 1, 2, 2, 3, 2, 1, 0, 3, 2, 2, 1, 2, 1, 2, 1, 2, 1, 2, 1, 3, 2, 1, 0, 2, 1, 3, 2, 1, 1, 3, 2]
Obj (MEDIOS ACT VS ACT BLS): 4.8216
[2, 1, 2, 2, 4, 2, 1, 0, 3, 2, 2, 1, 2, 1, 2, 1, 2, 1, 2, 1, 3, 2, 1, 0, 2, 1, 3, 2, 1, 1, 3, 2]
Obj (MEDIOS ACT VS ACT BLS): 4.82355
[2, 1, 2, 2, 3, 2, 2, 0, 3, 2, 2, 1, 2, 1, 2, 1, 2, 1, 2, 1, 3, 2, 1, 0, 2, 1, 3, 2, 1, 1, 3, 2]
Obj (MEDIOS ACT VS ACT BLS): 4.8216
[2, 1, 2, 2, 3, 2, 1, 0, 4, 2, 2, 1, 2, 1, 2, 1, 2, 1, 2, 1, 3, 2, 1, 0, 2, 1, 3, 2, 1, 1, 3, 2]
Obj (MEDIOS ACT VS ACT BLS): 4.8216
[2, 1, 2, 2, 3, 2, 1, 0, 3, 2, 3, 1, 2, 1, 2, 1, 2, 1, 2, 1, 3, 2, 1, 0, 2, 1, 3, 2, 1, 1, 3, 2]
Obj (MEDIOS ACT VS ACT BLS): 4.8216
[2, 1, 2, 2, 3, 2, 1, 0, 3, 2, 2, 1, 3, 1, 2, 1, 2, 1, 2, 1, 3, 2, 1, 0, 2, 1, 3, 2, 1, 1, 3, 2]
Obj (MEDIOS ACT VS ACT BLS): 4.82185
[2, 1, 2, 2, 3, 2, 1, 0, 3, 2, 2, 1, 2, 1, 3, 1, 2, 1, 2, 1, 3, 2, 1, 0, 2, 1, 3, 2, 1, 1, 3, 2]
Obj (MEDIOS ACT VS ACT BLS): 4.8216
[2, 1, 2, 2, 3, 2, 1, 0, 3, 2, 2, 1, 2, 1, 2, 1, 3, 1, 2, 1, 3, 2, 1, 0, 2, 1, 3, 2, 1, 1, 3, 2]
Obj (MEDIOS ACT VS ACT BLS): 4.8221
[2, 1, 2, 2, 3, 2, 1, 0, 3, 2, 2, 1, 2, 1, 2, 1, 2, 1, 3, 1, 3, 2, 1, 0, 2, 1, 3, 2, 1, 1, 3, 2]
Obj (MEDIOS ACT VS ACT BLS): 4.8216
[2, 1, 2, 2, 3, 2, 1, 0, 3, 2, 2, 1, 2, 1, 2, 1, 2, 1, 2, 1, 4, 2, 1, 0, 2, 1, 3, 2, 1, 1, 3, 2]
Obj (MEDIOS ACT VS ACT BLS): 4.82185
[2, 1, 2, 2, 3, 2, 1, 0, 3, 2, 2, 1, 2, 1, 2, 1, 2, 1, 2, 1, 3, 2, 2, 0, 2, 1, 3, 2, 1, 1, 3, 2]
Obj (MEDIOS ACT VS ACT BLS): 4.82185
[2, 1, 2, 2, 3, 2, 1, 0, 3, 2, 2, 1, 2, 1, 2, 1, 2, 1, 2, 1, 3, 2, 1, 0, 3, 1, 3, 2, 1, 1, 3, 2]
Obj (MEDIOS ACT VS ACT BLS): 4.8216
[2, 1, 2, 2, 3, 2, 1, 0, 3, 2, 2, 1, 2, 1, 2, 1, 2, 1, 2, 1, 3, 2, 1, 0, 2, 1, 4, 2, 1, 1, 3, 2]
Obj (MEDIOS ACT VS ACT BLS): 4.82235
[2, 1, 2, 2, 3, 2, 1, 0, 3, 2, 2, 1, 2, 1, 2, 1, 2, 1, 2, 1, 3, 2, 1, 0, 2, 1, 3, 2, 2, 1, 3, 2]
Obj (MEDIOS ACT VS ACT BLS): 4.8216
[2, 1, 2, 2, 3, 2, 1, 0, 3, 2, 2, 1, 2, 1, 2, 1, 2, 1, 2, 1, 3, 2, 1, 0, 2, 1, 3, 2, 1, 1, 4, 2]
Obj (MEDIOS ACT VS ACT BLS): 4.8221
[3, 1, 3, 2, 2, 2, 1, 0, 3, 2, 2, 1, 2, 1, 2, 1, 2, 1, 2, 1, 3, 2, 1, 0, 2, 1, 3, 2, 1, 1, 3, 2]
Obj (MEDIOS ACT VS ACT BLS): 4.8221
[2, 1, 4, 2, 2, 2, 1, 0, 3, 2, 2, 1, 2, 1, 2, 1, 2, 1, 2, 1, 3, 2, 1, 0, 2, 1, 3, 2, 1, 1, 3, 2]
Obj (MEDIOS ACT VS ACT BLS): 4.82405
[2, 1, 3, 2, 2, 2, 2, 0, 3, 2, 2, 1, 2, 1, 2, 1, 2, 1, 2, 1, 3, 2, 1, 0, 2, 1, 3, 2, 1, 1, 3, 2]
Obj (MEDIOS ACT VS ACT BLS): 4.8221
[2, 1, 3, 2, 2, 2, 1, 0, 4, 2, 2, 1, 2, 1, 2, 1, 2, 1, 2, 1, 3, 2, 1, 0, 2, 1, 3, 2, 1, 1, 3, 2]
Obj (MEDIOS ACT VS ACT BLS): 4.8221
[2, 1, 3, 2, 2, 2, 1, 0, 3, 2, 3, 1, 2, 1, 2, 1, 2, 1, 2, 1, 3, 2, 1, 0, 2, 1, 3, 2, 1, 1, 3, 2]
Obj (MEDIOS ACT VS ACT BLS): 4.8221
[2, 1, 3, 2, 2, 2, 1, 0, 3, 2, 2, 1, 3, 1, 2, 1, 2, 1, 2, 1, 3, 2, 1, 0, 2, 1, 3, 2, 1, 1, 3, 2]
Obj (MEDIOS ACT VS ACT BLS): 4.82235
[2, 1, 3, 2, 2, 2, 1, 0, 3, 2, 2, 1, 2, 1, 3, 1, 2, 1, 2, 1, 3, 2, 1, 0, 2, 1, 3, 2, 1, 1, 3, 2]
Obj (MEDIOS ACT VS ACT BLS): 4.8221
[2, 1, 3, 2, 2, 2, 1, 0, 3, 2, 2, 1, 2, 1, 2, 1, 3, 1, 2, 1, 3, 2, 1, 0, 2, 1, 3, 2, 1, 1, 3, 2]
Obj (MEDIOS ACT VS ACT BLS): 4.8226
[2, 1, 3, 2, 2, 2, 1, 0, 3, 2, 2, 1, 2, 1, 2, 1, 2, 1, 3, 1, 3, 2, 1, 0, 2, 1, 3, 2, 1, 1, 3, 2]
Obj (MEDIOS ACT VS ACT BLS): 4.8221
[2, 1, 3, 2, 2, 2, 1, 0, 3, 2, 2, 1, 2, 1, 2, 1, 2, 1, 2, 1, 4, 2, 1, 0, 2, 1, 3, 2, 1, 1, 3, 2]
Obj (MEDIOS ACT VS ACT BLS): 4.82235
[2, 1, 3, 2, 2, 2, 1, 0, 3, 2, 2, 1, 2, 1, 2, 1, 2, 1, 2, 1, 3, 2, 2, 0, 2, 1, 3, 2, 1, 1, 3, 2]
Obj (MEDIOS ACT VS ACT BLS): 4.8221
[2, 1, 3, 2, 2, 2, 1, 0, 3, 2, 2, 1, 2, 1, 2, 1, 2, 1, 2, 1, 3, 2, 1, 0, 3, 1, 3, 2, 1, 1, 3, 2]
Obj (MEDIOS ACT VS ACT BLS): 4.8221
[2, 1, 3, 2, 2, 2, 1, 0, 3, 2, 2, 1, 2, 1, 2, 1, 2, 1, 2, 1, 3, 2, 1, 0, 2, 1, 4, 2, 1, 1, 3, 2]
Obj (MEDIOS ACT VS ACT BLS): 4.82285
[2, 1, 3, 2, 2, 2, 1, 0, 3, 2, 2, 1, 2, 1, 2, 1, 2, 1, 2, 1, 3, 2, 1, 0, 2, 1, 3, 2, 2, 1, 3, 2]
Obj (MEDIOS ACT VS ACT BLS): 4.82185
[2, 1, 3, 2, 2, 2, 1, 0, 3, 2, 2, 1, 2, 1, 2, 1, 2, 1, 2, 1, 3, 2, 1, 0, 2, 1, 3, 2, 1, 1, 4, 2]
Obj (MEDIOS ACT VS ACT BLS): 4.8221
[2, 1, 3, 2, 3, 2, 1, 0, 3, 2, 2, 1, 2, 1, 2, 1, 2, 1, 2, 1, 3, 2, 1, 0, 2, 1, 3, 2, 1, 1, 3, 2]
Obj (MEDIOS ACT VS ACT BLS): 4.8221
[2, 1, 3, 2, 3, 2, 1, 0, 3, 2, 2, 1, 2, 1, 2, 1, 2, 1, 2, 1, 3, 2, 1, 0, 2, 1, 3, 2, 1, 1, 3, 2]
Obj (MEDIOS ACT VS ACT BLS): 4.8221
[2, 1, 3, 2, 3, 2, 1, 0, 3, 2, 2, 1, 2, 1, 2, 1, 2, 1, 2, 1, 3, 2, 1, 0, 2, 1, 3, 2, 1, 1, 3, 2]
Obj (MEDIOS ACT VS ACT BLS): 4.8221
[2, 1, 3, 2, 3, 2, 1, 0, 3, 2, 2, 1, 2, 1, 2, 1, 2, 1, 2, 1, 3, 2, 1, 0, 2, 1, 3, 2, 1, 1, 3, 2]
Obj (MEDIOS ACT VS ACT BLS): 4.8221
[2, 1, 3, 2, 3, 2, 1, 0, 3, 2, 2, 1, 2, 1, 2, 1, 2, 1, 2, 1, 3, 2, 1, 0, 2, 1, 3, 2, 1, 1, 3, 2]
Obj (MEDIOS ACT VS ACT BLS): 4.8221
[2, 1, 3, 2, 3, 2, 1, 0, 3, 2, 2, 1, 2, 1, 2, 1, 2, 1, 2, 1, 3, 2, 1, 0, 2, 1, 3, 2, 1, 1, 3, 2]
Obj (MEDIOS ACT VS ACT BLS): 4.8221
[2, 1, 3, 2, 3, 2, 1, 0, 3, 2, 2, 1, 2, 1, 2, 1, 2, 1, 2, 1, 3, 2, 1, 0, 2, 1, 3, 2, 1, 1, 3, 2]
Obj (MEDIOS ACT VS ACT BLS): 4.8221
[2, 1, 3, 2, 3, 2, 1, 0, 3, 2, 2, 1, 2, 1, 2, 1, 2, 1, 2, 1, 3, 2, 1, 0, 2, 1, 3, 2, 1, 1, 3, 2]
Obj (MEDIOS ACT VS ACT BLS): 4.8221
[2, 1, 3, 2, 3, 2, 1, 0, 3, 2, 2, 1, 2, 1, 2, 1, 2, 1, 2, 1, 3, 2, 1, 0, 2, 1, 3, 2, 1, 1, 3, 2]
Obj (MEDIOS ACT VS ACT BLS): 4.8221
[2, 1, 3, 2, 3, 2, 1, 0, 3, 2, 2, 1, 2, 1, 2, 1, 2, 1, 2, 1, 3, 2, 1, 0, 2, 1, 3, 2, 1, 1, 3, 2]
Obj (MEDIOS ACT VS ACT BLS): 4.8221
[2, 1, 3, 2, 3, 2, 1, 0, 3, 2, 2, 1, 2, 1, 2, 1, 2, 1, 2, 1, 3, 2, 1, 0, 2, 1, 3, 2, 1, 1, 3, 2]
Obj (MEDIOS ACT VS ACT BLS): 4.8221
[2, 1, 3, 2, 3, 2, 1, 0, 3, 2, 2, 1, 2, 1, 2, 1, 2, 1, 2, 1, 3, 2, 1, 0, 2, 1, 3, 2, 1, 1, 3, 2]
Obj (MEDIOS ACT VS ACT BLS): 4.8221
[2, 1, 3, 2, 3, 2, 1, 0, 3, 2, 2, 1, 2, 1, 2, 1, 2, 1, 2, 1, 3, 2, 1, 0, 2, 1, 3, 2, 1, 1, 3, 2]
Obj (MEDIOS ACT VS ACT BLS): 4.8221
[2, 1, 3, 2, 3, 2, 1, 0, 3, 2, 2, 1, 2, 1, 2, 1, 2, 1, 2, 1, 3, 2, 1, 0, 2, 1, 3, 2, 1, 1, 3, 2]
Obj (MEDIOS ACT VS ACT BLS): 4.8221
[2, 1, 3, 2, 3, 2, 1, 0, 3, 2, 2, 1, 2, 1, 2, 1, 2, 1, 2, 1, 3, 2, 1, 0, 2, 1, 3, 2, 1, 1, 3, 2]
Obj (MEDIOS ACT VS ACT BLS): 4.82185
[3, 1, 3, 2, 3, 2, 1, 0, 2, 2, 2, 1, 2, 1, 2, 1, 2, 1, 2, 1, 3, 2, 1, 0, 2, 1, 3, 2, 1, 1, 3, 2]
Obj (MEDIOS ACT VS ACT BLS): 4.82185
[2, 1, 4, 2, 3, 2, 1, 0, 2, 2, 2, 1, 2, 1, 2, 1, 2, 1, 2, 1, 3, 2, 1, 0, 2, 1, 3, 2, 1, 1, 3, 2]
Obj (MEDIOS ACT VS ACT BLS): 4.82185
[2, 1, 3, 2, 4, 2, 1, 0, 2, 2, 2, 1, 2, 1, 2, 1, 2, 1, 2, 1, 3, 2, 1, 0, 2, 1, 3, 2, 1, 1, 3, 2]
Obj (MEDIOS ACT VS ACT BLS): 4.8238
[2, 1, 3, 2, 3, 2, 2, 0, 2, 2, 2, 1, 2, 1, 2, 1, 2, 1, 2, 1, 3, 2, 1, 0, 2, 1, 3, 2, 1, 1, 3, 2]
Obj (MEDIOS ACT VS ACT BLS): 4.82185
[2, 1, 3, 2, 3, 2, 1, 0, 2, 2, 3, 1, 2, 1, 2, 1, 2, 1, 2, 1, 3, 2, 1, 0, 2, 1, 3, 2, 1, 1, 3, 2]
Obj (MEDIOS ACT VS ACT BLS): 4.82185
[2, 1, 3, 2, 3, 2, 1, 0, 2, 2, 2, 1, 3, 1, 2, 1, 2, 1, 2, 1, 3, 2, 1, 0, 2, 1, 3, 2, 1, 1, 3, 2]
Obj (MEDIOS ACT VS ACT BLS): 4.8221
[2, 1, 3, 2, 3, 2, 1, 0, 2, 2, 2, 1, 2, 1, 3, 1, 2, 1, 2, 1, 3, 2, 1, 0, 2, 1, 3, 2, 1, 1, 3, 2]
Obj (MEDIOS ACT VS ACT BLS): 4.82185
[2, 1, 3, 2, 3, 2, 1, 0, 2, 2, 2, 1, 2, 1, 2, 1, 3, 1, 2, 1, 3, 2, 1, 0, 2, 1, 3, 2, 1, 1, 3, 2]
Obj (MEDIOS ACT VS ACT BLS): 4.82235
[2, 1, 3, 2, 3, 2, 1, 0, 2, 2, 2, 1, 2, 1, 2, 1, 2, 1, 3, 1, 3, 2, 1, 0, 2, 1, 3, 2, 1, 1, 3, 2]
Obj (MEDIOS ACT VS ACT BLS): 4.82185
[2, 1, 3, 2, 3, 2, 1, 0, 2, 2, 2, 1, 2, 1, 2, 1, 2, 1, 2, 1, 4, 2, 1, 0, 2, 1, 3, 2, 1, 1, 3, 2]
Obj (MEDIOS ACT VS ACT BLS): 4.8221
[2, 1, 3, 2, 3, 2, 1, 0, 2, 2, 2, 1, 2, 1, 2, 1, 2, 1, 2, 1, 3, 2, 2, 0, 2, 1, 3, 2, 1, 1, 3, 2]
Obj (MEDIOS ACT VS ACT BLS): 4.82185
[2, 1, 3, 2, 3, 2, 1, 0, 2, 2, 2, 1, 2, 1, 2, 1, 2, 1, 2, 1, 3, 2, 1, 0, 3, 1, 3, 2, 1, 1, 3, 2]
Obj (MEDIOS ACT VS ACT BLS): 4.8216
[2, 1, 3, 2, 3, 2, 1, 0, 2, 2, 2, 1, 2, 1, 2, 1, 2, 1, 2, 1, 3, 2, 1, 0, 2, 1, 4, 2, 1, 1, 3, 2]
Obj (MEDIOS ACT VS ACT BLS): 4.82235
[2, 1, 3, 2, 3, 2, 1, 0, 2, 2, 2, 1, 2, 1, 2, 1, 2, 1, 2, 1, 3, 2, 1, 0, 2, 1, 3, 2, 2, 1, 3, 2]
Obj (MEDIOS ACT VS ACT BLS): 4.82185
[2, 1, 3, 2, 3, 2, 1, 0, 2, 2, 2, 1, 2, 1, 2, 1, 2, 1, 2, 1, 3, 2, 1, 0, 2, 1, 3, 2, 1, 1, 4, 2]
Obj (MEDIOS ACT VS ACT BLS): 4.81545
[3, 1, 3, 2, 3, 2, 1, 0, 3, 2, 1, 1, 2, 1, 2, 1, 2, 1, 2, 1, 3, 2, 1, 0, 2, 1, 3, 2, 1, 1, 3, 2]
Obj (MEDIOS ACT VS ACT BLS): 4.81545
[2, 1, 4, 2, 3, 2, 1, 0, 3, 2, 1, 1, 2, 1, 2, 1, 2, 1, 2, 1, 3, 2, 1, 0, 2, 1, 3, 2, 1, 1, 3, 2]
Obj (MEDIOS ACT VS ACT BLS): 4.81545
[2, 1, 3, 2, 4, 2, 1, 0, 3, 2, 1, 1, 2, 1, 2, 1, 2, 1, 2, 1, 3, 2, 1, 0, 2, 1, 3, 2, 1, 1, 3, 2]
Obj (MEDIOS ACT VS ACT BLS): 4.8174
[2, 1, 3, 2, 3, 2, 2, 0, 3, 2, 1, 1, 2, 1, 2, 1, 2, 1, 2, 1, 3, 2, 1, 0, 2, 1, 3, 2, 1, 1, 3, 2]
Obj (MEDIOS ACT VS ACT BLS): 4.81545
[2, 1, 3, 2, 3, 2, 1, 0, 4, 2, 1, 1, 2, 1, 2, 1, 2, 1, 2, 1, 3, 2, 1, 0, 2, 1, 3, 2, 1, 1, 3, 2]
Obj (MEDIOS ACT VS ACT BLS): 4.8152
[2, 1, 3, 2, 3, 2, 1, 0, 3, 2, 1, 1, 3, 1, 2, 1, 2, 1, 2, 1, 3, 2, 1, 0, 2, 1, 3, 2, 1, 1, 3, 2]
Obj (MEDIOS ACT VS ACT BLS): 4.8157
[2, 1, 3, 2, 3, 2, 1, 0, 3, 2, 1, 1, 2, 1, 3, 1, 2, 1, 2, 1, 3, 2, 1, 0, 2, 1, 3, 2, 1, 1, 3, 2]
Obj (MEDIOS ACT VS ACT BLS): 4.81545
[2, 1, 3, 2, 3, 2, 1, 0, 3, 2, 1, 1, 2, 1, 2, 1, 3, 1, 2, 1, 3, 2, 1, 0, 2, 1, 3, 2, 1, 1, 3, 2]
Obj (MEDIOS ACT VS ACT BLS): 4.81595
[2, 1, 3, 2, 3, 2, 1, 0, 3, 2, 1, 1, 2, 1, 2, 1, 2, 1, 3, 1, 3, 2, 1, 0, 2, 1, 3, 2, 1, 1, 3, 2]
Obj (MEDIOS ACT VS ACT BLS): 4.81545
[2, 1, 3, 2, 3, 2, 1, 0, 3, 2, 1, 1, 2, 1, 2, 1, 2, 1, 2, 1, 4, 2, 1, 0, 2, 1, 3, 2, 1, 1, 3, 2]
Obj (MEDIOS ACT VS ACT BLS): 4.81545
[2, 1, 3, 2, 3, 2, 1, 0, 3, 2, 1, 1, 2, 1, 2, 1, 2, 1, 2, 1, 3, 2, 2, 0, 2, 1, 3, 2, 1, 1, 3, 2]
Obj (MEDIOS ACT VS ACT BLS): 4.8157
[2, 1, 3, 2, 3, 2, 1, 0, 3, 2, 1, 1, 2, 1, 2, 1, 2, 1, 2, 1, 3, 2, 1, 0, 3, 1, 3, 2, 1, 1, 3, 2]
Obj (MEDIOS ACT VS ACT BLS): 4.8152
[2, 1, 3, 2, 3, 2, 1, 0, 3, 2, 1, 1, 2, 1, 2, 1, 2, 1, 2, 1, 3, 2, 1, 0, 2, 1, 4, 2, 1, 1, 3, 2]
Obj (MEDIOS ACT VS ACT BLS): 4.8162
[2, 1, 3, 2, 3, 2, 1, 0, 3, 2, 1, 1, 2, 1, 2, 1, 2, 1, 2, 1, 3, 2, 1, 0, 2, 1, 3, 2, 2, 1, 3, 2]
Obj (MEDIOS ACT VS ACT BLS): 4.81545
[2, 1, 3, 2, 3, 2, 1, 0, 3, 2, 1, 1, 2, 1, 2, 1, 2, 1, 2, 1, 3, 2, 1, 0, 2, 1, 3, 2, 1, 1, 4, 2]
Obj (MEDIOS ACT VS ACT BLS): 4.8201
[3, 1, 3, 2, 3, 2, 1, 0, 3, 2, 2, 1, 1, 1, 2, 1, 2, 1, 2, 1, 3, 2, 1, 0, 2, 1, 3, 2, 1, 1, 3, 2]
Obj (MEDIOS ACT VS ACT BLS): 4.8201
[2, 1, 4, 2, 3, 2, 1, 0, 3, 2, 2, 1, 1, 1, 2, 1, 2, 1, 2, 1, 3, 2, 1, 0, 2, 1, 3, 2, 1, 1, 3, 2]
Obj (MEDIOS ACT VS ACT BLS): 4.8201
[2, 1, 3, 2, 4, 2, 1, 0, 3, 2, 2, 1, 1, 1, 2, 1, 2, 1, 2, 1, 3, 2, 1, 0, 2, 1, 3, 2, 1, 1, 3, 2]
Obj (MEDIOS ACT VS ACT BLS): 4.82205
[2, 1, 3, 2, 3, 2, 2, 0, 3, 2, 2, 1, 1, 1, 2, 1, 2, 1, 2, 1, 3, 2, 1, 0, 2, 1, 3, 2, 1, 1, 3, 2]
Obj (MEDIOS ACT VS ACT BLS): 4.81985
[2, 1, 3, 2, 3, 2, 1, 0, 4, 2, 2, 1, 1, 1, 2, 1, 2, 1, 2, 1, 3, 2, 1, 0, 2, 1, 3, 2, 1, 1, 3, 2]
Obj (MEDIOS ACT VS ACT BLS): 4.8201
[2, 1, 3, 2, 3, 2, 1, 0, 3, 2, 3, 1, 1, 1, 2, 1, 2, 1, 2, 1, 3, 2, 1, 0, 2, 1, 3, 2, 1, 1, 3, 2]
Obj (MEDIOS ACT VS ACT BLS): 4.82035
[2, 1, 3, 2, 3, 2, 1, 0, 3, 2, 2, 1, 1, 1, 3, 1, 2, 1, 2, 1, 3, 2, 1, 0, 2, 1, 3, 2, 1, 1, 3, 2]
Obj (MEDIOS ACT VS ACT BLS): 4.8201
[2, 1, 3, 2, 3, 2, 1, 0, 3, 2, 2, 1, 1, 1, 2, 1, 3, 1, 2, 1, 3, 2, 1, 0, 2, 1, 3, 2, 1, 1, 3, 2]
Obj (MEDIOS ACT VS ACT BLS): 4.82035
[2, 1, 3, 2, 3, 2, 1, 0, 3, 2, 2, 1, 1, 1, 2, 1, 2, 1, 3, 1, 3, 2, 1, 0, 2, 1, 3, 2, 1, 1, 3, 2]
Obj (MEDIOS ACT VS ACT BLS): 4.8201
[2, 1, 3, 2, 3, 2, 1, 0, 3, 2, 2, 1, 1, 1, 2, 1, 2, 1, 2, 1, 4, 2, 1, 0, 2, 1, 3, 2, 1, 1, 3, 2]
Obj (MEDIOS ACT VS ACT BLS): 4.82035
[2, 1, 3, 2, 3, 2, 1, 0, 3, 2, 2, 1, 1, 1, 2, 1, 2, 1, 2, 1, 3, 2, 2, 0, 2, 1, 3, 2, 1, 1, 3, 2]
Obj (MEDIOS ACT VS ACT BLS): 4.8201
[2, 1, 3, 2, 3, 2, 1, 0, 3, 2, 2, 1, 1, 1, 2, 1, 2, 1, 2, 1, 3, 2, 1, 0, 3, 1, 3, 2, 1, 1, 3, 2]
Obj (MEDIOS ACT VS ACT BLS): 4.8201
[2, 1, 3, 2, 3, 2, 1, 0, 3, 2, 2, 1, 1, 1, 2, 1, 2, 1, 2, 1, 3, 2, 1, 0, 2, 1, 4, 2, 1, 1, 3, 2]
Obj (MEDIOS ACT VS ACT BLS): 4.8206
[2, 1, 3, 2, 3, 2, 1, 0, 3, 2, 2, 1, 1, 1, 2, 1, 2, 1, 2, 1, 3, 2, 1, 0, 2, 1, 3, 2, 2, 1, 3, 2]
Obj (MEDIOS ACT VS ACT BLS): 4.81985
[2, 1, 3, 2, 3, 2, 1, 0, 3, 2, 2, 1, 1, 1, 2, 1, 2, 1, 2, 1, 3, 2, 1, 0, 2, 1, 3, 2, 1, 1, 4, 2]
Obj (MEDIOS ACT VS ACT BLS): 4.82035
[3, 1, 3, 2, 3, 2, 1, 0, 3, 2, 2, 1, 2, 1, 1, 1, 2, 1, 2, 1, 3, 2, 1, 0, 2, 1, 3, 2, 1, 1, 3, 2]
Obj (MEDIOS ACT VS ACT BLS): 4.82035
[2, 1, 4, 2, 3, 2, 1, 0, 3, 2, 2, 1, 2, 1, 1, 1, 2, 1, 2, 1, 3, 2, 1, 0, 2, 1, 3, 2, 1, 1, 3, 2]
Obj (MEDIOS ACT VS ACT BLS): 4.82035
[2, 1, 3, 2, 4, 2, 1, 0, 3, 2, 2, 1, 2, 1, 1, 1, 2, 1, 2, 1, 3, 2, 1, 0, 2, 1, 3, 2, 1, 1, 3, 2]
Obj (MEDIOS ACT VS ACT BLS): 4.8223
[2, 1, 3, 2, 3, 2, 2, 0, 3, 2, 2, 1, 2, 1, 1, 1, 2, 1, 2, 1, 3, 2, 1, 0, 2, 1, 3, 2, 1, 1, 3, 2]
Obj (MEDIOS ACT VS ACT BLS): 4.8206
[2, 1, 3, 2, 3, 2, 1, 0, 4, 2, 2, 1, 2, 1, 1, 1, 2, 1, 2, 1, 3, 2, 1, 0, 2, 1, 3, 2, 1, 1, 3, 2]
Obj (MEDIOS ACT VS ACT BLS): 4.82035
[2, 1, 3, 2, 3, 2, 1, 0, 3, 2, 3, 1, 2, 1, 1, 1, 2, 1, 2, 1, 3, 2, 1, 0, 2, 1, 3, 2, 1, 1, 3, 2]
Obj (MEDIOS ACT VS ACT BLS): 4.82035
[2, 1, 3, 2, 3, 2, 1, 0, 3, 2, 2, 1, 3, 1, 1, 1, 2, 1, 2, 1, 3, 2, 1, 0, 2, 1, 3, 2, 1, 1, 3, 2]
Obj (MEDIOS ACT VS ACT BLS): 4.82035
[2, 1, 3, 2, 3, 2, 1, 0, 3, 2, 2, 1, 2, 1, 1, 1, 3, 1, 2, 1, 3, 2, 1, 0, 2, 1, 3, 2, 1, 1, 3, 2]
Obj (MEDIOS ACT VS ACT BLS): 4.82085
[2, 1, 3, 2, 3, 2, 1, 0, 3, 2, 2, 1, 2, 1, 1, 1, 2, 1, 3, 1, 3, 2, 1, 0, 2, 1, 3, 2, 1, 1, 3, 2]
Obj (MEDIOS ACT VS ACT BLS): 4.82035
[2, 1, 3, 2, 3, 2, 1, 0, 3, 2, 2, 1, 2, 1, 1, 1, 2, 1, 2, 1, 4, 2, 1, 0, 2, 1, 3, 2, 1, 1, 3, 2]
Obj (MEDIOS ACT VS ACT BLS): 4.8206
[2, 1, 3, 2, 3, 2, 1, 0, 3, 2, 2, 1, 2, 1, 1, 1, 2, 1, 2, 1, 3, 2, 2, 0, 2, 1, 3, 2, 1, 1, 3, 2]
Obj (MEDIOS ACT VS ACT BLS): 4.8206
[2, 1, 3, 2, 3, 2, 1, 0, 3, 2, 2, 1, 2, 1, 1, 1, 2, 1, 2, 1, 3, 2, 1, 0, 3, 1, 3, 2, 1, 1, 3, 2]
Obj (MEDIOS ACT VS ACT BLS): 4.82035
[2, 1, 3, 2, 3, 2, 1, 0, 3, 2, 2, 1, 2, 1, 1, 1, 2, 1, 2, 1, 3, 2, 1, 0, 2, 1, 4, 2, 1, 1, 3, 2]
Obj (MEDIOS ACT VS ACT BLS): 4.8211
[2, 1, 3, 2, 3, 2, 1, 0, 3, 2, 2, 1, 2, 1, 1, 1, 2, 1, 2, 1, 3, 2, 1, 0, 2, 1, 3, 2, 2, 1, 3, 2]
Obj (MEDIOS ACT VS ACT BLS): 4.82035
[2, 1, 3, 2, 3, 2, 1, 0, 3, 2, 2, 1, 2, 1, 1, 1, 2, 1, 2, 1, 3, 2, 1, 0, 2, 1, 3, 2, 1, 1, 4, 2]
Obj (MEDIOS ACT VS ACT BLS): 4.82115
[3, 1, 3, 2, 3, 2, 1, 0, 3, 2, 2, 1, 2, 1, 2, 1, 1, 1, 2, 1, 3, 2, 1, 0, 2, 1, 3, 2, 1, 1, 3, 2]
Obj (MEDIOS ACT VS ACT BLS): 4.82115
[2, 1, 4, 2, 3, 2, 1, 0, 3, 2, 2, 1, 2, 1, 2, 1, 1, 1, 2, 1, 3, 2, 1, 0, 2, 1, 3, 2, 1, 1, 3, 2]
Obj (MEDIOS ACT VS ACT BLS): 4.82115
[2, 1, 3, 2, 4, 2, 1, 0, 3, 2, 2, 1, 2, 1, 2, 1, 1, 1, 2, 1, 3, 2, 1, 0, 2, 1, 3, 2, 1, 1, 3, 2]
Obj (MEDIOS ACT VS ACT BLS): 4.8231
[2, 1, 3, 2, 3, 2, 2, 0, 3, 2, 2, 1, 2, 1, 2, 1, 1, 1, 2, 1, 3, 2, 1, 0, 2, 1, 3, 2, 1, 1, 3, 2]
Obj (MEDIOS ACT VS ACT BLS): 4.82115
[2, 1, 3, 2, 3, 2, 1, 0, 4, 2, 2, 1, 2, 1, 2, 1, 1, 1, 2, 1, 3, 2, 1, 0, 2, 1, 3, 2, 1, 1, 3, 2]
Obj (MEDIOS ACT VS ACT BLS): 4.82115
[2, 1, 3, 2, 3, 2, 1, 0, 3, 2, 3, 1, 2, 1, 2, 1, 1, 1, 2, 1, 3, 2, 1, 0, 2, 1, 3, 2, 1, 1, 3, 2]
Obj (MEDIOS ACT VS ACT BLS): 4.82115
[2, 1, 3, 2, 3, 2, 1, 0, 3, 2, 2, 1, 3, 1, 2, 1, 1, 1, 2, 1, 3, 2, 1, 0, 2, 1, 3, 2, 1, 1, 3, 2]
Obj (MEDIOS ACT VS ACT BLS): 4.8214
[2, 1, 3, 2, 3, 2, 1, 0, 3, 2, 2, 1, 2, 1, 3, 1, 1, 1, 2, 1, 3, 2, 1, 0, 2, 1, 3, 2, 1, 1, 3, 2]
Obj (MEDIOS ACT VS ACT BLS): 4.82165
[2, 1, 3, 2, 3, 2, 1, 0, 3, 2, 2, 1, 2, 1, 2, 1, 1, 1, 3, 1, 3, 2, 1, 0, 2, 1, 3, 2, 1, 1, 3, 2]
Obj (MEDIOS ACT VS ACT BLS): 4.82115
[2, 1, 3, 2, 3, 2, 1, 0, 3, 2, 2, 1, 2, 1, 2, 1, 1, 1, 2, 1, 4, 2, 1, 0, 2, 1, 3, 2, 1, 1, 3, 2]
Obj (MEDIOS ACT VS ACT BLS): 4.8214
[2, 1, 3, 2, 3, 2, 1, 0, 3, 2, 2, 1, 2, 1, 2, 1, 1, 1, 2, 1, 3, 2, 2, 0, 2, 1, 3, 2, 1, 1, 3, 2]
Obj (MEDIOS ACT VS ACT BLS): 4.82115
[2, 1, 3, 2, 3, 2, 1, 0, 3, 2, 2, 1, 2, 1, 2, 1, 1, 1, 2, 1, 3, 2, 1, 0, 3, 1, 3, 2, 1, 1, 3, 2]
Obj (MEDIOS ACT VS ACT BLS): 4.82115
[2, 1, 3, 2, 3, 2, 1, 0, 3, 2, 2, 1, 2, 1, 2, 1, 1, 1, 2, 1, 3, 2, 1, 0, 2, 1, 4, 2, 1, 1, 3, 2]
Obj (MEDIOS ACT VS ACT BLS): 4.8219
[2, 1, 3, 2, 3, 2, 1, 0, 3, 2, 2, 1, 2, 1, 2, 1, 1, 1, 2, 1, 3, 2, 1, 0, 2, 1, 3, 2, 2, 1, 3, 2]
Obj (MEDIOS ACT VS ACT BLS): 4.82115
[2, 1, 3, 2, 3, 2, 1, 0, 3, 2, 2, 1, 2, 1, 2, 1, 1, 1, 2, 1, 3, 2, 1, 0, 2, 1, 3, 2, 1, 1, 4, 2]
Obj (MEDIOS ACT VS ACT BLS): 4.81615
[3, 1, 3, 2, 3, 2, 1, 0, 3, 2, 2, 1, 2, 1, 2, 1, 2, 1, 1, 1, 3, 2, 1, 0, 2, 1, 3, 2, 1, 1, 3, 2]
Obj (MEDIOS ACT VS ACT BLS): 4.81615
[2, 1, 4, 2, 3, 2, 1, 0, 3, 2, 2, 1, 2, 1, 2, 1, 2, 1, 1, 1, 3, 2, 1, 0, 2, 1, 3, 2, 1, 1, 3, 2]
Obj (MEDIOS ACT VS ACT BLS): 4.81615
[2, 1, 3, 2, 4, 2, 1, 0, 3, 2, 2, 1, 2, 1, 2, 1, 2, 1, 1, 1, 3, 2, 1, 0, 2, 1, 3, 2, 1, 1, 3, 2]
Obj (MEDIOS ACT VS ACT BLS): 4.8181
[2, 1, 3, 2, 3, 2, 2, 0, 3, 2, 2, 1, 2, 1, 2, 1, 2, 1, 1, 1, 3, 2, 1, 0, 2, 1, 3, 2, 1, 1, 3, 2]
Obj (MEDIOS ACT VS ACT BLS): 4.81615
[2, 1, 3, 2, 3, 2, 1, 0, 4, 2, 2, 1, 2, 1, 2, 1, 2, 1, 1, 1, 3, 2, 1, 0, 2, 1, 3, 2, 1, 1, 3, 2]
Obj (MEDIOS ACT VS ACT BLS): 4.81615
[2, 1, 3, 2, 3, 2, 1, 0, 3, 2, 3, 1, 2, 1, 2, 1, 2, 1, 1, 1, 3, 2, 1, 0, 2, 1, 3, 2, 1, 1, 3, 2]
Obj (MEDIOS ACT VS ACT BLS): 4.81615
[2, 1, 3, 2, 3, 2, 1, 0, 3, 2, 2, 1, 3, 1, 2, 1, 2, 1, 1, 1, 3, 2, 1, 0, 2, 1, 3, 2, 1, 1, 3, 2]
Obj (MEDIOS ACT VS ACT BLS): 4.8164
[2, 1, 3, 2, 3, 2, 1, 0, 3, 2, 2, 1, 2, 1, 3, 1, 2, 1, 1, 1, 3, 2, 1, 0, 2, 1, 3, 2, 1, 1, 3, 2]
Obj (MEDIOS ACT VS ACT BLS): 4.81615
[2, 1, 3, 2, 3, 2, 1, 0, 3, 2, 2, 1, 2, 1, 2, 1, 3, 1, 1, 1, 3, 2, 1, 0, 2, 1, 3, 2, 1, 1, 3, 2]
Obj (MEDIOS ACT VS ACT BLS): 4.81615
[2, 1, 3, 2, 3, 2, 1, 0, 3, 2, 2, 1, 2, 1, 2, 1, 2, 1, 1, 1, 4, 2, 1, 0, 2, 1, 3, 2, 1, 1, 3, 2]
Obj (MEDIOS ACT VS ACT BLS): 4.8164
[2, 1, 3, 2, 3, 2, 1, 0, 3, 2, 2, 1, 2, 1, 2, 1, 2, 1, 1, 1, 3, 2, 2, 0, 2, 1, 3, 2, 1, 1, 3, 2]
Obj (MEDIOS ACT VS ACT BLS): 4.81615
[2, 1, 3, 2, 3, 2, 1, 0, 3, 2, 2, 1, 2, 1, 2, 1, 2, 1, 1, 1, 3, 2, 1, 0, 3, 1, 3, 2, 1, 1, 3, 2]
Obj (MEDIOS ACT VS ACT BLS): 4.81615
[2, 1, 3, 2, 3, 2, 1, 0, 3, 2, 2, 1, 2, 1, 2, 1, 2, 1, 1, 1, 3, 2, 1, 0, 2, 1, 4, 2, 1, 1, 3, 2]
Obj (MEDIOS ACT VS ACT BLS): 4.8169
[2, 1, 3, 2, 3, 2, 1, 0, 3, 2, 2, 1, 2, 1, 2, 1, 2, 1, 1, 1, 3, 2, 1, 0, 2, 1, 3, 2, 2, 1, 3, 2]
Obj (MEDIOS ACT VS ACT BLS): 4.81615
[2, 1, 3, 2, 3, 2, 1, 0, 3, 2, 2, 1, 2, 1, 2, 1, 2, 1, 1, 1, 3, 2, 1, 0, 2, 1, 3, 2, 1, 1, 4, 2]
Obj (MEDIOS ACT VS ACT BLS): 4.8221
[3, 1, 3, 2, 3, 2, 1, 0, 3, 2, 2, 1, 2, 1, 2, 1, 2, 1, 2, 1, 2, 2, 1, 0, 2, 1, 3, 2, 1, 1, 3, 2]
Obj (MEDIOS ACT VS ACT BLS): 4.8221
[2, 1, 4, 2, 3, 2, 1, 0, 3, 2, 2, 1, 2, 1, 2, 1, 2, 1, 2, 1, 2, 2, 1, 0, 2, 1, 3, 2, 1, 1, 3, 2]
Obj (MEDIOS ACT VS ACT BLS): 4.8221
[2, 1, 3, 2, 4, 2, 1, 0, 3, 2, 2, 1, 2, 1, 2, 1, 2, 1, 2, 1, 2, 2, 1, 0, 2, 1, 3, 2, 1, 1, 3, 2]
Obj (MEDIOS ACT VS ACT BLS): 4.82405
[2, 1, 3, 2, 3, 2, 2, 0, 3, 2, 2, 1, 2, 1, 2, 1, 2, 1, 2, 1, 2, 2, 1, 0, 2, 1, 3, 2, 1, 1, 3, 2]
Obj (MEDIOS ACT VS ACT BLS): 4.82185
[2, 1, 3, 2, 3, 2, 1, 0, 4, 2, 2, 1, 2, 1, 2, 1, 2, 1, 2, 1, 2, 2, 1, 0, 2, 1, 3, 2, 1, 1, 3, 2]
Obj (MEDIOS ACT VS ACT BLS): 4.8221
[2, 1, 3, 2, 3, 2, 1, 0, 3, 2, 3, 1, 2, 1, 2, 1, 2, 1, 2, 1, 2, 2, 1, 0, 2, 1, 3, 2, 1, 1, 3, 2]
Obj (MEDIOS ACT VS ACT BLS): 4.8221
[2, 1, 3, 2, 3, 2, 1, 0, 3, 2, 2, 1, 3, 1, 2, 1, 2, 1, 2, 1, 2, 2, 1, 0, 2, 1, 3, 2, 1, 1, 3, 2]
Obj (MEDIOS ACT VS ACT BLS): 4.82235
[2, 1, 3, 2, 3, 2, 1, 0, 3, 2, 2, 1, 2, 1, 3, 1, 2, 1, 2, 1, 2, 2, 1, 0, 2, 1, 3, 2, 1, 1, 3, 2]
Obj (MEDIOS ACT VS ACT BLS): 4.8221
[2, 1, 3, 2, 3, 2, 1, 0, 3, 2, 2, 1, 2, 1, 2, 1, 3, 1, 2, 1, 2, 2, 1, 0, 2, 1, 3, 2, 1, 1, 3, 2]
Obj (MEDIOS ACT VS ACT BLS): 4.8226
[2, 1, 3, 2, 3, 2, 1, 0, 3, 2, 2, 1, 2, 1, 2, 1, 2, 1, 3, 1, 2, 2, 1, 0, 2, 1, 3, 2, 1, 1, 3, 2]
Obj (MEDIOS ACT VS ACT BLS): 4.82235
[2, 1, 3, 2, 3, 2, 1, 0, 3, 2, 2, 1, 2, 1, 2, 1, 2, 1, 2, 1, 2, 2, 2, 0, 2, 1, 3, 2, 1, 1, 3, 2]
Obj (MEDIOS ACT VS ACT BLS): 4.82235
[2, 1, 3, 2, 3, 2, 1, 0, 3, 2, 2, 1, 2, 1, 2, 1, 2, 1, 2, 1, 2, 2, 1, 0, 3, 1, 3, 2, 1, 1, 3, 2]
Obj (MEDIOS ACT VS ACT BLS): 4.8221
[2, 1, 3, 2, 3, 2, 1, 0, 3, 2, 2, 1, 2, 1, 2, 1, 2, 1, 2, 1, 2, 2, 1, 0, 2, 1, 4, 2, 1, 1, 3, 2]
Obj (MEDIOS ACT VS ACT BLS): 4.8226
[2, 1, 3, 2, 3, 2, 1, 0, 3, 2, 2, 1, 2, 1, 2, 1, 2, 1, 2, 1, 2, 2, 1, 0, 2, 1, 3, 2, 2, 1, 3, 2]
Obj (MEDIOS ACT VS ACT BLS): 4.8221
[2, 1, 3, 2, 3, 2, 1, 0, 3, 2, 2, 1, 2, 1, 2, 1, 2, 1, 2, 1, 2, 2, 1, 0, 2, 1, 3, 2, 1, 1, 4, 2]
Obj (MEDIOS ACT VS ACT BLS): 4.8221
[2, 1, 3, 2, 3, 2, 1, 0, 3, 2, 2, 1, 2, 1, 2, 1, 2, 1, 2, 1, 3, 2, 1, 0, 2, 1, 3, 2, 1, 1, 3, 2]
Obj (MEDIOS ACT VS ACT BLS): 4.8221
[2, 1, 3, 2, 3, 2, 1, 0, 3, 2, 2, 1, 2, 1, 2, 1, 2, 1, 2, 1, 3, 2, 1, 0, 2, 1, 3, 2, 1, 1, 3, 2]
Obj (MEDIOS ACT VS ACT BLS): 4.8221
[2, 1, 3, 2, 3, 2, 1, 0, 3, 2, 2, 1, 2, 1, 2, 1, 2, 1, 2, 1, 3, 2, 1, 0, 2, 1, 3, 2, 1, 1, 3, 2]
Obj (MEDIOS ACT VS ACT BLS): 4.8221
[2, 1, 3, 2, 3, 2, 1, 0, 3, 2, 2, 1, 2, 1, 2, 1, 2, 1, 2, 1, 3, 2, 1, 0, 2, 1, 3, 2, 1, 1, 3, 2]
Obj (MEDIOS ACT VS ACT BLS): 4.8221
[2, 1, 3, 2, 3, 2, 1, 0, 3, 2, 2, 1, 2, 1, 2, 1, 2, 1, 2, 1, 3, 2, 1, 0, 2, 1, 3, 2, 1, 1, 3, 2]
Obj (MEDIOS ACT VS ACT BLS): 4.8221
[2, 1, 3, 2, 3, 2, 1, 0, 3, 2, 2, 1, 2, 1, 2, 1, 2, 1, 2, 1, 3, 2, 1, 0, 2, 1, 3, 2, 1, 1, 3, 2]
Obj (MEDIOS ACT VS ACT BLS): 4.8221
[2, 1, 3, 2, 3, 2, 1, 0, 3, 2, 2, 1, 2, 1, 2, 1, 2, 1, 2, 1, 3, 2, 1, 0, 2, 1, 3, 2, 1, 1, 3, 2]
Obj (MEDIOS ACT VS ACT BLS): 4.8221
[2, 1, 3, 2, 3, 2, 1, 0, 3, 2, 2, 1, 2, 1, 2, 1, 2, 1, 2, 1, 3, 2, 1, 0, 2, 1, 3, 2, 1, 1, 3, 2]
Obj (MEDIOS ACT VS ACT BLS): 4.8221
[2, 1, 3, 2, 3, 2, 1, 0, 3, 2, 2, 1, 2, 1, 2, 1, 2, 1, 2, 1, 3, 2, 1, 0, 2, 1, 3, 2, 1, 1, 3, 2]
Obj (MEDIOS ACT VS ACT BLS): 4.8221
[2, 1, 3, 2, 3, 2, 1, 0, 3, 2, 2, 1, 2, 1, 2, 1, 2, 1, 2, 1, 3, 2, 1, 0, 2, 1, 3, 2, 1, 1, 3, 2]
Obj (MEDIOS ACT VS ACT BLS): 4.8221
[2, 1, 3, 2, 3, 2, 1, 0, 3, 2, 2, 1, 2, 1, 2, 1, 2, 1, 2, 1, 3, 2, 1, 0, 2, 1, 3, 2, 1, 1, 3, 2]
Obj (MEDIOS ACT VS ACT BLS): 4.8221
[2, 1, 3, 2, 3, 2, 1, 0, 3, 2, 2, 1, 2, 1, 2, 1, 2, 1, 2, 1, 3, 2, 1, 0, 2, 1, 3, 2, 1, 1, 3, 2]
Obj (MEDIOS ACT VS ACT BLS): 4.8221
[2, 1, 3, 2, 3, 2, 1, 0, 3, 2, 2, 1, 2, 1, 2, 1, 2, 1, 2, 1, 3, 2, 1, 0, 2, 1, 3, 2, 1, 1, 3, 2]
Obj (MEDIOS ACT VS ACT BLS): 4.8221
[2, 1, 3, 2, 3, 2, 1, 0, 3, 2, 2, 1, 2, 1, 2, 1, 2, 1, 2, 1, 3, 2, 1, 0, 2, 1, 3, 2, 1, 1, 3, 2]
Obj (MEDIOS ACT VS ACT BLS): 4.8221
[2, 1, 3, 2, 3, 2, 1, 0, 3, 2, 2, 1, 2, 1, 2, 1, 2, 1, 2, 1, 3, 2, 1, 0, 2, 1, 3, 2, 1, 1, 3, 2]
Obj (MEDIOS ACT VS ACT BLS): 4.81485
[3, 1, 3, 2, 3, 2, 1, 0, 3, 2, 2, 1, 2, 1, 2, 1, 2, 1, 2, 1, 3, 2, 1, 0, 1, 1, 3, 2, 1, 1, 3, 2]
Obj (MEDIOS ACT VS ACT BLS): 4.81485
[2, 1, 4, 2, 3, 2, 1, 0, 3, 2, 2, 1, 2, 1, 2, 1, 2, 1, 2, 1, 3, 2, 1, 0, 1, 1, 3, 2, 1, 1, 3, 2]
Obj (MEDIOS ACT VS ACT BLS): 4.81485
[2, 1, 3, 2, 4, 2, 1, 0, 3, 2, 2, 1, 2, 1, 2, 1, 2, 1, 2, 1, 3, 2, 1, 0, 1, 1, 3, 2, 1, 1, 3, 2]
Obj (MEDIOS ACT VS ACT BLS): 4.8168
[2, 1, 3, 2, 3, 2, 2, 0, 3, 2, 2, 1, 2, 1, 2, 1, 2, 1, 2, 1, 3, 2, 1, 0, 1, 1, 3, 2, 1, 1, 3, 2]
Obj (MEDIOS ACT VS ACT BLS): 4.81485
[2, 1, 3, 2, 3, 2, 1, 0, 4, 2, 2, 1, 2, 1, 2, 1, 2, 1, 2, 1, 3, 2, 1, 0, 1, 1, 3, 2, 1, 1, 3, 2]
Obj (MEDIOS ACT VS ACT BLS): 4.81485
[2, 1, 3, 2, 3, 2, 1, 0, 3, 2, 3, 1, 2, 1, 2, 1, 2, 1, 2, 1, 3, 2, 1, 0, 1, 1, 3, 2, 1, 1, 3, 2]
Obj (MEDIOS ACT VS ACT BLS): 4.81485
[2, 1, 3, 2, 3, 2, 1, 0, 3, 2, 2, 1, 3, 1, 2, 1, 2, 1, 2, 1, 3, 2, 1, 0, 1, 1, 3, 2, 1, 1, 3, 2]
Obj (MEDIOS ACT VS ACT BLS): 4.8151
[2, 1, 3, 2, 3, 2, 1, 0, 3, 2, 2, 1, 2, 1, 3, 1, 2, 1, 2, 1, 3, 2, 1, 0, 1, 1, 3, 2, 1, 1, 3, 2]
Obj (MEDIOS ACT VS ACT BLS): 4.81485
[2, 1, 3, 2, 3, 2, 1, 0, 3, 2, 2, 1, 2, 1, 2, 1, 3, 1, 2, 1, 3, 2, 1, 0, 1, 1, 3, 2, 1, 1, 3, 2]
Obj (MEDIOS ACT VS ACT BLS): 4.81535
[2, 1, 3, 2, 3, 2, 1, 0, 3, 2, 2, 1, 2, 1, 2, 1, 2, 1, 3, 1, 3, 2, 1, 0, 1, 1, 3, 2, 1, 1, 3, 2]
Obj (MEDIOS ACT VS ACT BLS): 4.81485
[2, 1, 3, 2, 3, 2, 1, 0, 3, 2, 2, 1, 2, 1, 2, 1, 2, 1, 2, 1, 4, 2, 1, 0, 1, 1, 3, 2, 1, 1, 3, 2]
Obj (MEDIOS ACT VS ACT BLS): 4.8151
[2, 1, 3, 2, 3, 2, 1, 0, 3, 2, 2, 1, 2, 1, 2, 1, 2, 1, 2, 1, 3, 2, 2, 0, 1, 1, 3, 2, 1, 1, 3, 2]
Obj (MEDIOS ACT VS ACT BLS): 4.81485
[2, 1, 3, 2, 3, 2, 1, 0, 3, 2, 2, 1, 2, 1, 2, 1, 2, 1, 2, 1, 3, 2, 1, 0, 1, 1, 4, 2, 1, 1, 3, 2]
Obj (MEDIOS ACT VS ACT BLS): 4.8156
[2, 1, 3, 2, 3, 2, 1, 0, 3, 2, 2, 1, 2, 1, 2, 1, 2, 1, 2, 1, 3, 2, 1, 0, 1, 1, 3, 2, 2, 1, 3, 2]
Obj (MEDIOS ACT VS ACT BLS): 4.81485
[2, 1, 3, 2, 3, 2, 1, 0, 3, 2, 2, 1, 2, 1, 2, 1, 2, 1, 2, 1, 3, 2, 1, 0, 1, 1, 3, 2, 1, 1, 4, 2]
Obj (MEDIOS ACT VS ACT BLS): 4.8221
[3, 1, 3, 2, 3, 2, 1, 0, 3, 2, 2, 1, 2, 1, 2, 1, 2, 1, 2, 1, 3, 2, 1, 0, 2, 1, 2, 2, 1, 1, 3, 2]
Obj (MEDIOS ACT VS ACT BLS): 4.8221
[2, 1, 4, 2, 3, 2, 1, 0, 3, 2, 2, 1, 2, 1, 2, 1, 2, 1, 2, 1, 3, 2, 1, 0, 2, 1, 2, 2, 1, 1, 3, 2]
Obj (MEDIOS ACT VS ACT BLS): 4.8221
[2, 1, 3, 2, 4, 2, 1, 0, 3, 2, 2, 1, 2, 1, 2, 1, 2, 1, 2, 1, 3, 2, 1, 0, 2, 1, 2, 2, 1, 1, 3, 2]
Obj (MEDIOS ACT VS ACT BLS): 4.8238
[2, 1, 3, 2, 3, 2, 2, 0, 3, 2, 2, 1, 2, 1, 2, 1, 2, 1, 2, 1, 3, 2, 1, 0, 2, 1, 2, 2, 1, 1, 3, 2]
Obj (MEDIOS ACT VS ACT BLS): 4.8221
[2, 1, 3, 2, 3, 2, 1, 0, 4, 2, 2, 1, 2, 1, 2, 1, 2, 1, 2, 1, 3, 2, 1, 0, 2, 1, 2, 2, 1, 1, 3, 2]
Obj (MEDIOS ACT VS ACT BLS): 4.8221
[2, 1, 3, 2, 3, 2, 1, 0, 3, 2, 3, 1, 2, 1, 2, 1, 2, 1, 2, 1, 3, 2, 1, 0, 2, 1, 2, 2, 1, 1, 3, 2]
Obj (MEDIOS ACT VS ACT BLS): 4.8221
[2, 1, 3, 2, 3, 2, 1, 0, 3, 2, 2, 1, 3, 1, 2, 1, 2, 1, 2, 1, 3, 2, 1, 0, 2, 1, 2, 2, 1, 1, 3, 2]
Obj (MEDIOS ACT VS ACT BLS): 4.82235
[2, 1, 3, 2, 3, 2, 1, 0, 3, 2, 2, 1, 2, 1, 3, 1, 2, 1, 2, 1, 3, 2, 1, 0, 2, 1, 2, 2, 1, 1, 3, 2]
Obj (MEDIOS ACT VS ACT BLS): 4.82185
[2, 1, 3, 2, 3, 2, 1, 0, 3, 2, 2, 1, 2, 1, 2, 1, 3, 1, 2, 1, 3, 2, 1, 0, 2, 1, 2, 2, 1, 1, 3, 2]
Obj (MEDIOS ACT VS ACT BLS): 4.82235
[2, 1, 3, 2, 3, 2, 1, 0, 3, 2, 2, 1, 2, 1, 2, 1, 2, 1, 3, 1, 3, 2, 1, 0, 2, 1, 2, 2, 1, 1, 3, 2]
Obj (MEDIOS ACT VS ACT BLS): 4.8221
[2, 1, 3, 2, 3, 2, 1, 0, 3, 2, 2, 1, 2, 1, 2, 1, 2, 1, 2, 1, 4, 2, 1, 0, 2, 1, 2, 2, 1, 1, 3, 2]
Obj (MEDIOS ACT VS ACT BLS): 4.82235
[2, 1, 3, 2, 3, 2, 1, 0, 3, 2, 2, 1, 2, 1, 2, 1, 2, 1, 2, 1, 3, 2, 2, 0, 2, 1, 2, 2, 1, 1, 3, 2]
Obj (MEDIOS ACT VS ACT BLS): 4.82235
[2, 1, 3, 2, 3, 2, 1, 0, 3, 2, 2, 1, 2, 1, 2, 1, 2, 1, 2, 1, 3, 2, 1, 0, 3, 1, 2, 2, 1, 1, 3, 2]
Obj (MEDIOS ACT VS ACT BLS): 4.8226
[2, 1, 3, 2, 3, 2, 1, 0, 3, 2, 2, 1, 2, 1, 2, 1, 2, 1, 2, 1, 3, 2, 1, 0, 2, 1, 2, 2, 2, 1, 3, 2]
Obj (MEDIOS ACT VS ACT BLS): 4.8221
[2, 1, 3, 2, 3, 2, 1, 0, 3, 2, 2, 1, 2, 1, 2, 1, 2, 1, 2, 1, 3, 2, 1, 0, 2, 1, 2, 2, 1, 1, 4, 2]
Obj (MEDIOS ACT VS ACT BLS): 4.8221
[2, 1, 3, 2, 3, 2, 1, 0, 3, 2, 2, 1, 2, 1, 2, 1, 2, 1, 2, 1, 3, 2, 1, 0, 2, 1, 3, 2, 1, 1, 3, 2]
Obj (MEDIOS ACT VS ACT BLS): 4.8221
[2, 1, 3, 2, 3, 2, 1, 0, 3, 2, 2, 1, 2, 1, 2, 1, 2, 1, 2, 1, 3, 2, 1, 0, 2, 1, 3, 2, 1, 1, 3, 2]
Obj (MEDIOS ACT VS ACT BLS): 4.8221
[2, 1, 3, 2, 3, 2, 1, 0, 3, 2, 2, 1, 2, 1, 2, 1, 2, 1, 2, 1, 3, 2, 1, 0, 2, 1, 3, 2, 1, 1, 3, 2]
Obj (MEDIOS ACT VS ACT BLS): 4.8221
[2, 1, 3, 2, 3, 2, 1, 0, 3, 2, 2, 1, 2, 1, 2, 1, 2, 1, 2, 1, 3, 2, 1, 0, 2, 1, 3, 2, 1, 1, 3, 2]
Obj (MEDIOS ACT VS ACT BLS): 4.8221
[2, 1, 3, 2, 3, 2, 1, 0, 3, 2, 2, 1, 2, 1, 2, 1, 2, 1, 2, 1, 3, 2, 1, 0, 2, 1, 3, 2, 1, 1, 3, 2]
Obj (MEDIOS ACT VS ACT BLS): 4.8221
[2, 1, 3, 2, 3, 2, 1, 0, 3, 2, 2, 1, 2, 1, 2, 1, 2, 1, 2, 1, 3, 2, 1, 0, 2, 1, 3, 2, 1, 1, 3, 2]
Obj (MEDIOS ACT VS ACT BLS): 4.8221
[2, 1, 3, 2, 3, 2, 1, 0, 3, 2, 2, 1, 2, 1, 2, 1, 2, 1, 2, 1, 3, 2, 1, 0, 2, 1, 3, 2, 1, 1, 3, 2]
Obj (MEDIOS ACT VS ACT BLS): 4.8221
[2, 1, 3, 2, 3, 2, 1, 0, 3, 2, 2, 1, 2, 1, 2, 1, 2, 1, 2, 1, 3, 2, 1, 0, 2, 1, 3, 2, 1, 1, 3, 2]
Obj (MEDIOS ACT VS ACT BLS): 4.8221
[2, 1, 3, 2, 3, 2, 1, 0, 3, 2, 2, 1, 2, 1, 2, 1, 2, 1, 2, 1, 3, 2, 1, 0, 2, 1, 3, 2, 1, 1, 3, 2]
Obj (MEDIOS ACT VS ACT BLS): 4.8221
[2, 1, 3, 2, 3, 2, 1, 0, 3, 2, 2, 1, 2, 1, 2, 1, 2, 1, 2, 1, 3, 2, 1, 0, 2, 1, 3, 2, 1, 1, 3, 2]
Obj (MEDIOS ACT VS ACT BLS): 4.8221
[2, 1, 3, 2, 3, 2, 1, 0, 3, 2, 2, 1, 2, 1, 2, 1, 2, 1, 2, 1, 3, 2, 1, 0, 2, 1, 3, 2, 1, 1, 3, 2]
Obj (MEDIOS ACT VS ACT BLS): 4.8221
[2, 1, 3, 2, 3, 2, 1, 0, 3, 2, 2, 1, 2, 1, 2, 1, 2, 1, 2, 1, 3, 2, 1, 0, 2, 1, 3, 2, 1, 1, 3, 2]
Obj (MEDIOS ACT VS ACT BLS): 4.8221
[2, 1, 3, 2, 3, 2, 1, 0, 3, 2, 2, 1, 2, 1, 2, 1, 2, 1, 2, 1, 3, 2, 1, 0, 2, 1, 3, 2, 1, 1, 3, 2]
Obj (MEDIOS ACT VS ACT BLS): 4.8221
[2, 1, 3, 2, 3, 2, 1, 0, 3, 2, 2, 1, 2, 1, 2, 1, 2, 1, 2, 1, 3, 2, 1, 0, 2, 1, 3, 2, 1, 1, 3, 2]
Obj (MEDIOS ACT VS ACT BLS): 4.8221
[2, 1, 3, 2, 3, 2, 1, 0, 3, 2, 2, 1, 2, 1, 2, 1, 2, 1, 2, 1, 3, 2, 1, 0, 2, 1, 3, 2, 1, 1, 3, 2]
Obj (MEDIOS ACT VS ACT BLS): 4.8221
[3, 1, 3, 2, 3, 2, 1, 0, 3, 2, 2, 1, 2, 1, 2, 1, 2, 1, 2, 1, 3, 2, 1, 0, 2, 1, 3, 2, 1, 1, 2, 2]
Obj (MEDIOS ACT VS ACT BLS): 4.82185
[2, 1, 4, 2, 3, 2, 1, 0, 3, 2, 2, 1, 2, 1, 2, 1, 2, 1, 2, 1, 3, 2, 1, 0, 2, 1, 3, 2, 1, 1, 2, 2]
Obj (MEDIOS ACT VS ACT BLS): 4.82185
[2, 1, 3, 2, 4, 2, 1, 0, 3, 2, 2, 1, 2, 1, 2, 1, 2, 1, 2, 1, 3, 2, 1, 0, 2, 1, 3, 2, 1, 1, 2, 2]
Obj (MEDIOS ACT VS ACT BLS): 4.82405
[2, 1, 3, 2, 3, 2, 2, 0, 3, 2, 2, 1, 2, 1, 2, 1, 2, 1, 2, 1, 3, 2, 1, 0, 2, 1, 3, 2, 1, 1, 2, 2]
Obj (MEDIOS ACT VS ACT BLS): 4.8221
[2, 1, 3, 2, 3, 2, 1, 0, 4, 2, 2, 1, 2, 1, 2, 1, 2, 1, 2, 1, 3, 2, 1, 0, 2, 1, 3, 2, 1, 1, 2, 2]
Obj (MEDIOS ACT VS ACT BLS): 4.8221
[2, 1, 3, 2, 3, 2, 1, 0, 3, 2, 3, 1, 2, 1, 2, 1, 2, 1, 2, 1, 3, 2, 1, 0, 2, 1, 3, 2, 1, 1, 2, 2]
Obj (MEDIOS ACT VS ACT BLS): 4.8221
[2, 1, 3, 2, 3, 2, 1, 0, 3, 2, 2, 1, 3, 1, 2, 1, 2, 1, 2, 1, 3, 2, 1, 0, 2, 1, 3, 2, 1, 1, 2, 2]
Obj (MEDIOS ACT VS ACT BLS): 4.82235
[2, 1, 3, 2, 3, 2, 1, 0, 3, 2, 2, 1, 2, 1, 3, 1, 2, 1, 2, 1, 3, 2, 1, 0, 2, 1, 3, 2, 1, 1, 2, 2]
Obj (MEDIOS ACT VS ACT BLS): 4.8221
[2, 1, 3, 2, 3, 2, 1, 0, 3, 2, 2, 1, 2, 1, 2, 1, 3, 1, 2, 1, 3, 2, 1, 0, 2, 1, 3, 2, 1, 1, 2, 2]
Obj (MEDIOS ACT VS ACT BLS): 4.8226
[2, 1, 3, 2, 3, 2, 1, 0, 3, 2, 2, 1, 2, 1, 2, 1, 2, 1, 3, 1, 3, 2, 1, 0, 2, 1, 3, 2, 1, 1, 2, 2]
Obj (MEDIOS ACT VS ACT BLS): 4.8221
[2, 1, 3, 2, 3, 2, 1, 0, 3, 2, 2, 1, 2, 1, 2, 1, 2, 1, 2, 1, 4, 2, 1, 0, 2, 1, 3, 2, 1, 1, 2, 2]
Obj (MEDIOS ACT VS ACT BLS): 4.8221
[2, 1, 3, 2, 3, 2, 1, 0, 3, 2, 2, 1, 2, 1, 2, 1, 2, 1, 2, 1, 3, 2, 2, 0, 2, 1, 3, 2, 1, 1, 2, 2]
Obj (MEDIOS ACT VS ACT BLS): 4.82235
[2, 1, 3, 2, 3, 2, 1, 0, 3, 2, 2, 1, 2, 1, 2, 1, 2, 1, 2, 1, 3, 2, 1, 0, 3, 1, 3, 2, 1, 1, 2, 2]
Obj (MEDIOS ACT VS ACT BLS): 4.8221
[2, 1, 3, 2, 3, 2, 1, 0, 3, 2, 2, 1, 2, 1, 2, 1, 2, 1, 2, 1, 3, 2, 1, 0, 2, 1, 4, 2, 1, 1, 2, 2]
Obj (MEDIOS ACT VS ACT BLS): 4.82285
[2, 1, 3, 2, 3, 2, 1, 0, 3, 2, 2, 1, 2, 1, 2, 1, 2, 1, 2, 1, 3, 2, 1, 0, 2, 1, 3, 2, 2, 1, 2, 2]
