Obj: 8.05
[0, 0, 1, 1, 2, 1, 2, 1, 1, 0, 2, 1, 0, 0, 1, 0, 1, 1, 1, 1, 0, 0, 1, 1, 1, 0, 0, 0, 0, 0, 0, 0, 1, 1, 1, 1, 0, 0, 0, 0, 1, 0, 1, 1, 0, 0, 0, 0, 1, 0, 0, 0, 0, 0, 1, 1, 0, 0, 1, 0, 0, 0, 0, 0, 0, 0, 1, 1, 1, 0, 1, 1, 0, 0, 1, 0, 2, 1, 0, 0, 0, 0, 2, 1, 1, 1, 1, 1, 0, 0, 0, 0, 1, 0, 2, 1, 0, 0, 2, 2]
Obj (ACT VS ACT BLS): 8.04
[0, 0, 0, 1, 3, 1, 2, 1, 1, 0, 2, 1, 0, 0, 1, 0, 1, 1, 1, 1, 0, 0, 1, 1, 1, 0, 0, 0, 0, 0, 0, 0, 1, 1, 1, 1, 0, 0, 0, 0, 1, 0, 1, 1, 0, 0, 0, 0, 1, 0, 0, 0, 0, 0, 1, 1, 0, 0, 1, 0, 0, 0, 0, 0, 0, 0, 1, 1, 1, 0, 1, 1, 0, 0, 1, 0, 2, 1, 0, 0, 0, 0, 2, 1, 1, 1, 1, 1, 0, 0, 0, 0, 1, 0, 2, 1, 0, 0, 2, 2]
Obj (ACT VS ACT BLS): 8.035
[0, 0, 0, 1, 2, 1, 3, 1, 1, 0, 2, 1, 0, 0, 1, 0, 1, 1, 1, 1, 0, 0, 1, 1, 1, 0, 0, 0, 0, 0, 0, 0, 1, 1, 1, 1, 0, 0, 0, 0, 1, 0, 1, 1, 0, 0, 0, 0, 1, 0, 0, 0, 0, 0, 1, 1, 0, 0, 1, 0, 0, 0, 0, 0, 0, 0, 1, 1, 1, 0, 1, 1, 0, 0, 1, 0, 2, 1, 0, 0, 0, 0, 2, 1, 1, 1, 1, 1, 0, 0, 0, 0, 1, 0, 2, 1, 0, 0, 2, 2]
Obj (ACT VS ACT BLS): 8.035
[0, 0, 0, 1, 2, 1, 2, 1, 2, 0, 2, 1, 0, 0, 1, 0, 1, 1, 1, 1, 0, 0, 1, 1, 1, 0, 0, 0, 0, 0, 0, 0, 1, 1, 1, 1, 0, 0, 0, 0, 1, 0, 1, 1, 0, 0, 0, 0, 1, 0, 0, 0, 0, 0, 1, 1, 0, 0, 1, 0, 0, 0, 0, 0, 0, 0, 1, 1, 1, 0, 1, 1, 0, 0, 1, 0, 2, 1, 0, 0, 0, 0, 2, 1, 1, 1, 1, 1, 0, 0, 0, 0, 1, 0, 2, 1, 0, 0, 2, 2]
Obj (ACT VS ACT BLS): 8.035
[0, 0, 0, 1, 2, 1, 2, 1, 1, 0, 3, 1, 0, 0, 1, 0, 1, 1, 1, 1, 0, 0, 1, 1, 1, 0, 0, 0, 0, 0, 0, 0, 1, 1, 1, 1, 0, 0, 0, 0, 1, 0, 1, 1, 0, 0, 0, 0, 1, 0, 0, 0, 0, 0, 1, 1, 0, 0, 1, 0, 0, 0, 0, 0, 0, 0, 1, 1, 1, 0, 1, 1, 0, 0, 1, 0, 2, 1, 0, 0, 0, 0, 2, 1, 1, 1, 1, 1, 0, 0, 0, 0, 1, 0, 2, 1, 0, 0, 2, 2]
Obj (ACT VS ACT BLS): 8.035
[0, 0, 0, 1, 2, 1, 2, 1, 1, 0, 2, 1, 0, 0, 2, 0, 1, 1, 1, 1, 0, 0, 1, 1, 1, 0, 0, 0, 0, 0, 0, 0, 1, 1, 1, 1, 0, 0, 0, 0, 1, 0, 1, 1, 0, 0, 0, 0, 1, 0, 0, 0, 0, 0, 1, 1, 0, 0, 1, 0, 0, 0, 0, 0, 0, 0, 1, 1, 1, 0, 1, 1, 0, 0, 1, 0, 2, 1, 0, 0, 0, 0, 2, 1, 1, 1, 1, 1, 0, 0, 0, 0, 1, 0, 2, 1, 0, 0, 2, 2]
Obj (ACT VS ACT BLS): 8.045
[0, 0, 0, 1, 2, 1, 2, 1, 1, 0, 2, 1, 0, 0, 1, 0, 2, 1, 1, 1, 0, 0, 1, 1, 1, 0, 0, 0, 0, 0, 0, 0, 1, 1, 1, 1, 0, 0, 0, 0, 1, 0, 1, 1, 0, 0, 0, 0, 1, 0, 0, 0, 0, 0, 1, 1, 0, 0, 1, 0, 0, 0, 0, 0, 0, 0, 1, 1, 1, 0, 1, 1, 0, 0, 1, 0, 2, 1, 0, 0, 0, 0, 2, 1, 1, 1, 1, 1, 0, 0, 0, 0, 1, 0, 2, 1, 0, 0, 2, 2]
Obj (ACT VS ACT BLS): 8.035
[0, 0, 0, 1, 2, 1, 2, 1, 1, 0, 2, 1, 0, 0, 1, 0, 1, 1, 2, 1, 0, 0, 1, 1, 1, 0, 0, 0, 0, 0, 0, 0, 1, 1, 1, 1, 0, 0, 0, 0, 1, 0, 1, 1, 0, 0, 0, 0, 1, 0, 0, 0, 0, 0, 1, 1, 0, 0, 1, 0, 0, 0, 0, 0, 0, 0, 1, 1, 1, 0, 1, 1, 0, 0, 1, 0, 2, 1, 0, 0, 0, 0, 2, 1, 1, 1, 1, 1, 0, 0, 0, 0, 1, 0, 2, 1, 0, 0, 2, 2]
Obj (ACT VS ACT BLS): 8.04
[0, 0, 0, 1, 2, 1, 2, 1, 1, 0, 2, 1, 0, 0, 1, 0, 1, 1, 1, 1, 0, 0, 2, 1, 1, 0, 0, 0, 0, 0, 0, 0, 1, 1, 1, 1, 0, 0, 0, 0, 1, 0, 1, 1, 0, 0, 0, 0, 1, 0, 0, 0, 0, 0, 1, 1, 0, 0, 1, 0, 0, 0, 0, 0, 0, 0, 1, 1, 1, 0, 1, 1, 0, 0, 1, 0, 2, 1, 0, 0, 0, 0, 2, 1, 1, 1, 1, 1, 0, 0, 0, 0, 1, 0, 2, 1, 0, 0, 2, 2]
Obj (ACT VS ACT BLS): 8.05
[0, 0, 0, 1, 2, 1, 2, 1, 1, 0, 2, 1, 0, 0, 1, 0, 1, 1, 1, 1, 0, 0, 1, 1, 2, 0, 0, 0, 0, 0, 0, 0, 1, 1, 1, 1, 0, 0, 0, 0, 1, 0, 1, 1, 0, 0, 0, 0, 1, 0, 0, 0, 0, 0, 1, 1, 0, 0, 1, 0, 0, 0, 0, 0, 0, 0, 1, 1, 1, 0, 1, 1, 0, 0, 1, 0, 2, 1, 0, 0, 0, 0, 2, 1, 1, 1, 1, 1, 0, 0, 0, 0, 1, 0, 2, 1, 0, 0, 2, 2]
Obj (ACT VS ACT BLS): 8.045
[0, 0, 0, 1, 2, 1, 2, 1, 1, 0, 2, 1, 0, 0, 1, 0, 1, 1, 1, 1, 0, 0, 1, 1, 1, 0, 0, 0, 0, 0, 0, 0, 2, 1, 1, 1, 0, 0, 0, 0, 1, 0, 1, 1, 0, 0, 0, 0, 1, 0, 0, 0, 0, 0, 1, 1, 0, 0, 1, 0, 0, 0, 0, 0, 0, 0, 1, 1, 1, 0, 1, 1, 0, 0, 1, 0, 2, 1, 0, 0, 0, 0, 2, 1, 1, 1, 1, 1, 0, 0, 0, 0, 1, 0, 2, 1, 0, 0, 2, 2]
Obj (ACT VS ACT BLS): 8.04
[0, 0, 0, 1, 2, 1, 2, 1, 1, 0, 2, 1, 0, 0, 1, 0, 1, 1, 1, 1, 0, 0, 1, 1, 1, 0, 0, 0, 0, 0, 0, 0, 1, 1, 2, 1, 0, 0, 0, 0, 1, 0, 1, 1, 0, 0, 0, 0, 1, 0, 0, 0, 0, 0, 1, 1, 0, 0, 1, 0, 0, 0, 0, 0, 0, 0, 1, 1, 1, 0, 1, 1, 0, 0, 1, 0, 2, 1, 0, 0, 0, 0, 2, 1, 1, 1, 1, 1, 0, 0, 0, 0, 1, 0, 2, 1, 0, 0, 2, 2]
Obj (ACT VS ACT BLS): 8.035
[0, 0, 0, 1, 2, 1, 2, 1, 1, 0, 2, 1, 0, 0, 1, 0, 1, 1, 1, 1, 0, 0, 1, 1, 1, 0, 0, 0, 0, 0, 0, 0, 1, 1, 1, 1, 0, 0, 0, 0, 2, 0, 1, 1, 0, 0, 0, 0, 1, 0, 0, 0, 0, 0, 1, 1, 0, 0, 1, 0, 0, 0, 0, 0, 0, 0, 1, 1, 1, 0, 1, 1, 0, 0, 1, 0, 2, 1, 0, 0, 0, 0, 2, 1, 1, 1, 1, 1, 0, 0, 0, 0, 1, 0, 2, 1, 0, 0, 2, 2]
Obj (ACT VS ACT BLS): 8.04
[0, 0, 0, 1, 2, 1, 2, 1, 1, 0, 2, 1, 0, 0, 1, 0, 1, 1, 1, 1, 0, 0, 1, 1, 1, 0, 0, 0, 0, 0, 0, 0, 1, 1, 1, 1, 0, 0, 0, 0, 1, 0, 2, 1, 0, 0, 0, 0, 1, 0, 0, 0, 0, 0, 1, 1, 0, 0, 1, 0, 0, 0, 0, 0, 0, 0, 1, 1, 1, 0, 1, 1, 0, 0, 1, 0, 2, 1, 0, 0, 0, 0, 2, 1, 1, 1, 1, 1, 0, 0, 0, 0, 1, 0, 2, 1, 0, 0, 2, 2]
Obj (ACT VS ACT BLS): 8.035
[0, 0, 0, 1, 2, 1, 2, 1, 1, 0, 2, 1, 0, 0, 1, 0, 1, 1, 1, 1, 0, 0, 1, 1, 1, 0, 0, 0, 0, 0, 0, 0, 1, 1, 1, 1, 0, 0, 0, 0, 1, 0, 1, 1, 0, 0, 0, 0, 2, 0, 0, 0, 0, 0, 1, 1, 0, 0, 1, 0, 0, 0, 0, 0, 0, 0, 1, 1, 1, 0, 1, 1, 0, 0, 1, 0, 2, 1, 0, 0, 0, 0, 2, 1, 1, 1, 1, 1, 0, 0, 0, 0, 1, 0, 2, 1, 0, 0, 2, 2]
Obj (ACT VS ACT BLS): 8.035
[0, 0, 0, 1, 2, 1, 2, 1, 1, 0, 2, 1, 0, 0, 1, 0, 1, 1, 1, 1, 0, 0, 1, 1, 1, 0, 0, 0, 0, 0, 0, 0, 1, 1, 1, 1, 0, 0, 0, 0, 1, 0, 1, 1, 0, 0, 0, 0, 1, 0, 0, 0, 0, 0, 2, 1, 0, 0, 1, 0, 0, 0, 0, 0, 0, 0, 1, 1, 1, 0, 1, 1, 0, 0, 1, 0, 2, 1, 0, 0, 0, 0, 2, 1, 1, 1, 1, 1, 0, 0, 0, 0, 1, 0, 2, 1, 0, 0, 2, 2]
Obj (ACT VS ACT BLS): 8.04
[0, 0, 0, 1, 2, 1, 2, 1, 1, 0, 2, 1, 0, 0, 1, 0, 1, 1, 1, 1, 0, 0, 1, 1, 1, 0, 0, 0, 0, 0, 0, 0, 1, 1, 1, 1, 0, 0, 0, 0, 1, 0, 1, 1, 0, 0, 0, 0, 1, 0, 0, 0, 0, 0, 1, 1, 0, 0, 2, 0, 0, 0, 0, 0, 0, 0, 1, 1, 1, 0, 1, 1, 0, 0, 1, 0, 2, 1, 0, 0, 0, 0, 2, 1, 1, 1, 1, 1, 0, 0, 0, 0, 1, 0, 2, 1, 0, 0, 2, 2]
Obj (ACT VS ACT BLS): 8.04
[0, 0, 0, 1, 2, 1, 2, 1, 1, 0, 2, 1, 0, 0, 1, 0, 1, 1, 1, 1, 0, 0, 1, 1, 1, 0, 0, 0, 0, 0, 0, 0, 1, 1, 1, 1, 0, 0, 0, 0, 1, 0, 1, 1, 0, 0, 0, 0, 1, 0, 0, 0, 0, 0, 1, 1, 0, 0, 1, 0, 0, 0, 0, 0, 0, 0, 2, 1, 1, 0, 1, 1, 0, 0, 1, 0, 2, 1, 0, 0, 0, 0, 2, 1, 1, 1, 1, 1, 0, 0, 0, 0, 1, 0, 2, 1, 0, 0, 2, 2]
Obj (ACT VS ACT BLS): 8.035
[0, 0, 0, 1, 2, 1, 2, 1, 1, 0, 2, 1, 0, 0, 1, 0, 1, 1, 1, 1, 0, 0, 1, 1, 1, 0, 0, 0, 0, 0, 0, 0, 1, 1, 1, 1, 0, 0, 0, 0, 1, 0, 1, 1, 0, 0, 0, 0, 1, 0, 0, 0, 0, 0, 1, 1, 0, 0, 1, 0, 0, 0, 0, 0, 0, 0, 1, 1, 2, 0, 1, 1, 0, 0, 1, 0, 2, 1, 0, 0, 0, 0, 2, 1, 1, 1, 1, 1, 0, 0, 0, 0, 1, 0, 2, 1, 0, 0, 2, 2]
Obj (ACT VS ACT BLS): 8.045
[0, 0, 0, 1, 2, 1, 2, 1, 1, 0, 2, 1, 0, 0, 1, 0, 1, 1, 1, 1, 0, 0, 1, 1, 1, 0, 0, 0, 0, 0, 0, 0, 1, 1, 1, 1, 0, 0, 0, 0, 1, 0, 1, 1, 0, 0, 0, 0, 1, 0, 0, 0, 0, 0, 1, 1, 0, 0, 1, 0, 0, 0, 0, 0, 0, 0, 1, 1, 1, 0, 2, 1, 0, 0, 1, 0, 2, 1, 0, 0, 0, 0, 2, 1, 1, 1, 1, 1, 0, 0, 0, 0, 1, 0, 2, 1, 0, 0, 2, 2]
Obj (ACT VS ACT BLS): 8.04
[0, 0, 0, 1, 2, 1, 2, 1, 1, 0, 2, 1, 0, 0, 1, 0, 1, 1, 1, 1, 0, 0, 1, 1, 1, 0, 0, 0, 0, 0, 0, 0, 1, 1, 1, 1, 0, 0, 0, 0, 1, 0, 1, 1, 0, 0, 0, 0, 1, 0, 0, 0, 0, 0, 1, 1, 0, 0, 1, 0, 0, 0, 0, 0, 0, 0, 1, 1, 1, 0, 1, 1, 0, 0, 2, 0, 2, 1, 0, 0, 0, 0, 2, 1, 1, 1, 1, 1, 0, 0, 0, 0, 1, 0, 2, 1, 0, 0, 2, 2]
Obj (ACT VS ACT BLS): 8.04
[0, 0, 0, 1, 2, 1, 2, 1, 1, 0, 2, 1, 0, 0, 1, 0, 1, 1, 1, 1, 0, 0, 1, 1, 1, 0, 0, 0, 0, 0, 0, 0, 1, 1, 1, 1, 0, 0, 0, 0, 1, 0, 1, 1, 0, 0, 0, 0, 1, 0, 0, 0, 0, 0, 1, 1, 0, 0, 1, 0, 0, 0, 0, 0, 0, 0, 1, 1, 1, 0, 1, 1, 0, 0, 1, 0, 3, 1, 0, 0, 0, 0, 2, 1, 1, 1, 1, 1, 0, 0, 0, 0, 1, 0, 2, 1, 0, 0, 2, 2]
Obj (ACT VS ACT BLS): 8.035
[0, 0, 0, 1, 2, 1, 2, 1, 1, 0, 2, 1, 0, 0, 1, 0, 1, 1, 1, 1, 0, 0, 1, 1, 1, 0, 0, 0, 0, 0, 0, 0, 1, 1, 1, 1, 0, 0, 0, 0, 1, 0, 1, 1, 0, 0, 0, 0, 1, 0, 0, 0, 0, 0, 1, 1, 0, 0, 1, 0, 0, 0, 0, 0, 0, 0, 1, 1, 1, 0, 1, 1, 0, 0, 1, 0, 2, 1, 0, 0, 0, 0, 3, 1, 1, 1, 1, 1, 0, 0, 0, 0, 1, 0, 2, 1, 0, 0, 2, 2]
Obj (ACT VS ACT BLS): 8.04
[0, 0, 0, 1, 2, 1, 2, 1, 1, 0, 2, 1, 0, 0, 1, 0, 1, 1, 1, 1, 0, 0, 1, 1, 1, 0, 0, 0, 0, 0, 0, 0, 1, 1, 1, 1, 0, 0, 0, 0, 1, 0, 1, 1, 0, 0, 0, 0, 1, 0, 0, 0, 0, 0, 1, 1, 0, 0, 1, 0, 0, 0, 0, 0, 0, 0, 1, 1, 1, 0, 1, 1, 0, 0, 1, 0, 2, 1, 0, 0, 0, 0, 2, 1, 2, 1, 1, 1, 0, 0, 0, 0, 1, 0, 2, 1, 0, 0, 2, 2]
Obj (ACT VS ACT BLS): 8.04
[0, 0, 0, 1, 2, 1, 2, 1, 1, 0, 2, 1, 0, 0, 1, 0, 1, 1, 1, 1, 0, 0, 1, 1, 1, 0, 0, 0, 0, 0, 0, 0, 1, 1, 1, 1, 0, 0, 0, 0, 1, 0, 1, 1, 0, 0, 0, 0, 1, 0, 0, 0, 0, 0, 1, 1, 0, 0, 1, 0, 0, 0, 0, 0, 0, 0, 1, 1, 1, 0, 1, 1, 0, 0, 1, 0, 2, 1, 0, 0, 0, 0, 2, 1, 1, 1, 2, 1, 0, 0, 0, 0, 1, 0, 2, 1, 0, 0, 2, 2]
Obj (ACT VS ACT BLS): 8.035
[0, 0, 0, 1, 2, 1, 2, 1, 1, 0, 2, 1, 0, 0, 1, 0, 1, 1, 1, 1, 0, 0, 1, 1, 1, 0, 0, 0, 0, 0, 0, 0, 1, 1, 1, 1, 0, 0, 0, 0, 1, 0, 1, 1, 0, 0, 0, 0, 1, 0, 0, 0, 0, 0, 1, 1, 0, 0, 1, 0, 0, 0, 0, 0, 0, 0, 1, 1, 1, 0, 1, 1, 0, 0, 1, 0, 2, 1, 0, 0, 0, 0, 2, 1, 1, 1, 1, 1, 0, 0, 0, 0, 2, 0, 2, 1, 0, 0, 2, 2]
Obj (ACT VS ACT BLS): 8.035
[0, 0, 0, 1, 2, 1, 2, 1, 1, 0, 2, 1, 0, 0, 1, 0, 1, 1, 1, 1, 0, 0, 1, 1, 1, 0, 0, 0, 0, 0, 0, 0, 1, 1, 1, 1, 0, 0, 0, 0, 1, 0, 1, 1, 0, 0, 0, 0, 1, 0, 0, 0, 0, 0, 1, 1, 0, 0, 1, 0, 0, 0, 0, 0, 0, 0, 1, 1, 1, 0, 1, 1, 0, 0, 1, 0, 2, 1, 0, 0, 0, 0, 2, 1, 1, 1, 1, 1, 0, 0, 0, 0, 1, 0, 3, 1, 0, 0, 2, 2]
Obj (ACT VS ACT BLS): 8.035
[0, 0, 0, 1, 2, 1, 2, 1, 1, 0, 2, 1, 0, 0, 1, 0, 1, 1, 1, 1, 0, 0, 1, 1, 1, 0, 0, 0, 0, 0, 0, 0, 1, 1, 1, 1, 0, 0, 0, 0, 1, 0, 1, 1, 0, 0, 0, 0, 1, 0, 0, 0, 0, 0, 1, 1, 0, 0, 1, 0, 0, 0, 0, 0, 0, 0, 1, 1, 1, 0, 1, 1, 0, 0, 1, 0, 2, 1, 0, 0, 0, 0, 2, 1, 1, 1, 1, 1, 0, 0, 0, 0, 1, 0, 2, 1, 0, 0, 3, 2]
Obj (ACT VS ACT BLS): 8.04
[0, 0, 3, 1, 0, 1, 2, 1, 1, 0, 2, 1, 0, 0, 1, 0, 1, 1, 1, 1, 0, 0, 1, 1, 1, 0, 0, 0, 0, 0, 0, 0, 1, 1, 1, 1, 0, 0, 0, 0, 1, 0, 1, 1, 0, 0, 0, 0, 1, 0, 0, 0, 0, 0, 1, 1, 0, 0, 1, 0, 0, 0, 0, 0, 0, 0, 1, 1, 1, 0, 1, 1, 0, 0, 1, 0, 2, 1, 0, 0, 0, 0, 2, 1, 1, 1, 1, 1, 0, 0, 0, 0, 1, 0, 2, 1, 0, 0, 2, 2]
Obj (ACT VS ACT BLS): 8.04
[0, 0, 1, 1, 0, 1, 4, 1, 1, 0, 2, 1, 0, 0, 1, 0, 1, 1, 1, 1, 0, 0, 1, 1, 1, 0, 0, 0, 0, 0, 0, 0, 1, 1, 1, 1, 0, 0, 0, 0, 1, 0, 1, 1, 0, 0, 0, 0, 1, 0, 0, 0, 0, 0, 1, 1, 0, 0, 1, 0, 0, 0, 0, 0, 0, 0, 1, 1, 1, 0, 1, 1, 0, 0, 1, 0, 2, 1, 0, 0, 0, 0, 2, 1, 1, 1, 1, 1, 0, 0, 0, 0, 1, 0, 2, 1, 0, 0, 2, 2]
Obj (ACT VS ACT BLS): 8.035
[0, 0, 1, 1, 0, 1, 2, 1, 3, 0, 2, 1, 0, 0, 1, 0, 1, 1, 1, 1, 0, 0, 1, 1, 1, 0, 0, 0, 0, 0, 0, 0, 1, 1, 1, 1, 0, 0, 0, 0, 1, 0, 1, 1, 0, 0, 0, 0, 1, 0, 0, 0, 0, 0, 1, 1, 0, 0, 1, 0, 0, 0, 0, 0, 0, 0, 1, 1, 1, 0, 1, 1, 0, 0, 1, 0, 2, 1, 0, 0, 0, 0, 2, 1, 1, 1, 1, 1, 0, 0, 0, 0, 1, 0, 2, 1, 0, 0, 2, 2]
Obj (ACT VS ACT BLS): 8.035
[0, 0, 1, 1, 0, 1, 2, 1, 1, 0, 4, 1, 0, 0, 1, 0, 1, 1, 1, 1, 0, 0, 1, 1, 1, 0, 0, 0, 0, 0, 0, 0, 1, 1, 1, 1, 0, 0, 0, 0, 1, 0, 1, 1, 0, 0, 0, 0, 1, 0, 0, 0, 0, 0, 1, 1, 0, 0, 1, 0, 0, 0, 0, 0, 0, 0, 1, 1, 1, 0, 1, 1, 0, 0, 1, 0, 2, 1, 0, 0, 0, 0, 2, 1, 1, 1, 1, 1, 0, 0, 0, 0, 1, 0, 2, 1, 0, 0, 2, 2]
Obj (ACT VS ACT BLS): 8.035
[0, 0, 1, 1, 0, 1, 2, 1, 1, 0, 2, 1, 0, 0, 3, 0, 1, 1, 1, 1, 0, 0, 1, 1, 1, 0, 0, 0, 0, 0, 0, 0, 1, 1, 1, 1, 0, 0, 0, 0, 1, 0, 1, 1, 0, 0, 0, 0, 1, 0, 0, 0, 0, 0, 1, 1, 0, 0, 1, 0, 0, 0, 0, 0, 0, 0, 1, 1, 1, 0, 1, 1, 0, 0, 1, 0, 2, 1, 0, 0, 0, 0, 2, 1, 1, 1, 1, 1, 0, 0, 0, 0, 1, 0, 2, 1, 0, 0, 2, 2]
Obj (ACT VS ACT BLS): 8.045
[0, 0, 1, 1, 0, 1, 2, 1, 1, 0, 2, 1, 0, 0, 1, 0, 3, 1, 1, 1, 0, 0, 1, 1, 1, 0, 0, 0, 0, 0, 0, 0, 1, 1, 1, 1, 0, 0, 0, 0, 1, 0, 1, 1, 0, 0, 0, 0, 1, 0, 0, 0, 0, 0, 1, 1, 0, 0, 1, 0, 0, 0, 0, 0, 0, 0, 1, 1, 1, 0, 1, 1, 0, 0, 1, 0, 2, 1, 0, 0, 0, 0, 2, 1, 1, 1, 1, 1, 0, 0, 0, 0, 1, 0, 2, 1, 0, 0, 2, 2]
Obj (ACT VS ACT BLS): 8.035
[0, 0, 1, 1, 0, 1, 2, 1, 1, 0, 2, 1, 0, 0, 1, 0, 1, 1, 3, 1, 0, 0, 1, 1, 1, 0, 0, 0, 0, 0, 0, 0, 1, 1, 1, 1, 0, 0, 0, 0, 1, 0, 1, 1, 0, 0, 0, 0, 1, 0, 0, 0, 0, 0, 1, 1, 0, 0, 1, 0, 0, 0, 0, 0, 0, 0, 1, 1, 1, 0, 1, 1, 0, 0, 1, 0, 2, 1, 0, 0, 0, 0, 2, 1, 1, 1, 1, 1, 0, 0, 0, 0, 1, 0, 2, 1, 0, 0, 2, 2]
Obj (ACT VS ACT BLS): 8.045
[0, 0, 1, 1, 0, 1, 2, 1, 1, 0, 2, 1, 0, 0, 1, 0, 1, 1, 1, 1, 0, 0, 3, 1, 1, 0, 0, 0, 0, 0, 0, 0, 1, 1, 1, 1, 0, 0, 0, 0, 1, 0, 1, 1, 0, 0, 0, 0, 1, 0, 0, 0, 0, 0, 1, 1, 0, 0, 1, 0, 0, 0, 0, 0, 0, 0, 1, 1, 1, 0, 1, 1, 0, 0, 1, 0, 2, 1, 0, 0, 0, 0, 2, 1, 1, 1, 1, 1, 0, 0, 0, 0, 1, 0, 2, 1, 0, 0, 2, 2]
Obj (ACT VS ACT BLS): 8.05
[0, 0, 1, 1, 0, 1, 2, 1, 1, 0, 2, 1, 0, 0, 1, 0, 1, 1, 1, 1, 0, 0, 1, 1, 3, 0, 0, 0, 0, 0, 0, 0, 1, 1, 1, 1, 0, 0, 0, 0, 1, 0, 1, 1, 0, 0, 0, 0, 1, 0, 0, 0, 0, 0, 1, 1, 0, 0, 1, 0, 0, 0, 0, 0, 0, 0, 1, 1, 1, 0, 1, 1, 0, 0, 1, 0, 2, 1, 0, 0, 0, 0, 2, 1, 1, 1, 1, 1, 0, 0, 0, 0, 1, 0, 2, 1, 0, 0, 2, 2]
Obj (ACT VS ACT BLS): 8.045
[0, 0, 1, 1, 0, 1, 2, 1, 1, 0, 2, 1, 0, 0, 1, 0, 1, 1, 1, 1, 0, 0, 1, 1, 1, 0, 0, 0, 0, 0, 0, 0, 3, 1, 1, 1, 0, 0, 0, 0, 1, 0, 1, 1, 0, 0, 0, 0, 1, 0, 0, 0, 0, 0, 1, 1, 0, 0, 1, 0, 0, 0, 0, 0, 0, 0, 1, 1, 1, 0, 1, 1, 0, 0, 1, 0, 2, 1, 0, 0, 0, 0, 2, 1, 1, 1, 1, 1, 0, 0, 0, 0, 1, 0, 2, 1, 0, 0, 2, 2]
Obj (ACT VS ACT BLS): 8.035
[0, 0, 1, 1, 0, 1, 2, 1, 1, 0, 2, 1, 0, 0, 1, 0, 1, 1, 1, 1, 0, 0, 1, 1, 1, 0, 0, 0, 0, 0, 0, 0, 1, 1, 3, 1, 0, 0, 0, 0, 1, 0, 1, 1, 0, 0, 0, 0, 1, 0, 0, 0, 0, 0, 1, 1, 0, 0, 1, 0, 0, 0, 0, 0, 0, 0, 1, 1, 1, 0, 1, 1, 0, 0, 1, 0, 2, 1, 0, 0, 0, 0, 2, 1, 1, 1, 1, 1, 0, 0, 0, 0, 1, 0, 2, 1, 0, 0, 2, 2]
Obj (ACT VS ACT BLS): 8.035
[0, 0, 1, 1, 0, 1, 2, 1, 1, 0, 2, 1, 0, 0, 1, 0, 1, 1, 1, 1, 0, 0, 1, 1, 1, 0, 0, 0, 0, 0, 0, 0, 1, 1, 1, 1, 0, 0, 0, 0, 3, 0, 1, 1, 0, 0, 0, 0, 1, 0, 0, 0, 0, 0, 1, 1, 0, 0, 1, 0, 0, 0, 0, 0, 0, 0, 1, 1, 1, 0, 1, 1, 0, 0, 1, 0, 2, 1, 0, 0, 0, 0, 2, 1, 1, 1, 1, 1, 0, 0, 0, 0, 1, 0, 2, 1, 0, 0, 2, 2]
Obj (ACT VS ACT BLS): 8.04
[0, 0, 1, 1, 0, 1, 2, 1, 1, 0, 2, 1, 0, 0, 1, 0, 1, 1, 1, 1, 0, 0, 1, 1, 1, 0, 0, 0, 0, 0, 0, 0, 1, 1, 1, 1, 0, 0, 0, 0, 1, 0, 3, 1, 0, 0, 0, 0, 1, 0, 0, 0, 0, 0, 1, 1, 0, 0, 1, 0, 0, 0, 0, 0, 0, 0, 1, 1, 1, 0, 1, 1, 0, 0, 1, 0, 2, 1, 0, 0, 0, 0, 2, 1, 1, 1, 1, 1, 0, 0, 0, 0, 1, 0, 2, 1, 0, 0, 2, 2]
Obj (ACT VS ACT BLS): 8.035
[0, 0, 1, 1, 0, 1, 2, 1, 1, 0, 2, 1, 0, 0, 1, 0, 1, 1, 1, 1, 0, 0, 1, 1, 1, 0, 0, 0, 0, 0, 0, 0, 1, 1, 1, 1, 0, 0, 0, 0, 1, 0, 1, 1, 0, 0, 0, 0, 3, 0, 0, 0, 0, 0, 1, 1, 0, 0, 1, 0, 0, 0, 0, 0, 0, 0, 1, 1, 1, 0, 1, 1, 0, 0, 1, 0, 2, 1, 0, 0, 0, 0, 2, 1, 1, 1, 1, 1, 0, 0, 0, 0, 1, 0, 2, 1, 0, 0, 2, 2]
Obj (ACT VS ACT BLS): 8.035
[0, 0, 1, 1, 0, 1, 2, 1, 1, 0, 2, 1, 0, 0, 1, 0, 1, 1, 1, 1, 0, 0, 1, 1, 1, 0, 0, 0, 0, 0, 0, 0, 1, 1, 1, 1, 0, 0, 0, 0, 1, 0, 1, 1, 0, 0, 0, 0, 1, 0, 0, 0, 0, 0, 3, 1, 0, 0, 1, 0, 0, 0, 0, 0, 0, 0, 1, 1, 1, 0, 1, 1, 0, 0, 1, 0, 2, 1, 0, 0, 0, 0, 2, 1, 1, 1, 1, 1, 0, 0, 0, 0, 1, 0, 2, 1, 0, 0, 2, 2]
Obj (ACT VS ACT BLS): 8.04
[0, 0, 1, 1, 0, 1, 2, 1, 1, 0, 2, 1, 0, 0, 1, 0, 1, 1, 1, 1, 0, 0, 1, 1, 1, 0, 0, 0, 0, 0, 0, 0, 1, 1, 1, 1, 0, 0, 0, 0, 1, 0, 1, 1, 0, 0, 0, 0, 1, 0, 0, 0, 0, 0, 1, 1, 0, 0, 3, 0, 0, 0, 0, 0, 0, 0, 1, 1, 1, 0, 1, 1, 0, 0, 1, 0, 2, 1, 0, 0, 0, 0, 2, 1, 1, 1, 1, 1, 0, 0, 0, 0, 1, 0, 2, 1, 0, 0, 2, 2]
Obj (ACT VS ACT BLS): 8.07
[0, 0, 1, 1, 0, 1, 2, 1, 1, 0, 2, 1, 0, 0, 1, 0, 1, 1, 1, 1, 0, 0, 1, 1, 1, 0, 0, 0, 0, 0, 0, 0, 1, 1, 1, 1, 0, 0, 0, 0, 1, 0, 1, 1, 0, 0, 0, 0, 1, 0, 0, 0, 0, 0, 1, 1, 0, 0, 1, 0, 0, 0, 0, 0, 0, 0, 3, 1, 1, 0, 1, 1, 0, 0, 1, 0, 2, 1, 0, 0, 0, 0, 2, 1, 1, 1, 1, 1, 0, 0, 0, 0, 1, 0, 2, 1, 0, 0, 2, 2]
Obj (ACT VS ACT ALS): 8.04
[0, 0, 1, 0, 2, 2, 2, 1, 1, 0, 2, 1, 0, 0, 1, 0, 1, 1, 1, 1, 0, 0, 1, 1, 1, 0, 0, 0, 0, 0, 0, 0, 1, 1, 1, 1, 0, 0, 0, 0, 1, 0, 1, 1, 0, 0, 0, 0, 1, 0, 0, 0, 0, 0, 1, 1, 0, 0, 1, 0, 0, 0, 0, 0, 0, 0, 1, 1, 1, 0, 1, 1, 0, 0, 1, 0, 2, 1, 0, 0, 0, 0, 2, 1, 1, 1, 1, 1, 0, 0, 0, 0, 1, 0, 2, 1, 0, 0, 2, 2]
Obj (ACT VS ACT ALS): 8.035
[0, 0, 1, 0, 2, 1, 2, 2, 1, 0, 2, 1, 0, 0, 1, 0, 1, 1, 1, 1, 0, 0, 1, 1, 1, 0, 0, 0, 0, 0, 0, 0, 1, 1, 1, 1, 0, 0, 0, 0, 1, 0, 1, 1, 0, 0, 0, 0, 1, 0, 0, 0, 0, 0, 1, 1, 0, 0, 1, 0, 0, 0, 0, 0, 0, 0, 1, 1, 1, 0, 1, 1, 0, 0, 1, 0, 2, 1, 0, 0, 0, 0, 2, 1, 1, 1, 1, 1, 0, 0, 0, 0, 1, 0, 2, 1, 0, 0, 2, 2]
Obj (ACT VS ACT ALS): 8.035
[0, 0, 1, 0, 2, 1, 2, 1, 1, 0, 2, 2, 0, 0, 1, 0, 1, 1, 1, 1, 0, 0, 1, 1, 1, 0, 0, 0, 0, 0, 0, 0, 1, 1, 1, 1, 0, 0, 0, 0, 1, 0, 1, 1, 0, 0, 0, 0, 1, 0, 0, 0, 0, 0, 1, 1, 0, 0, 1, 0, 0, 0, 0, 0, 0, 0, 1, 1, 1, 0, 1, 1, 0, 0, 1, 0, 2, 1, 0, 0, 0, 0, 2, 1, 1, 1, 1, 1, 0, 0, 0, 0, 1, 0, 2, 1, 0, 0, 2, 2]
Obj (ACT VS ACT ALS): 8.045
[0, 0, 1, 0, 2, 1, 2, 1, 1, 0, 2, 1, 0, 0, 1, 0, 1, 2, 1, 1, 0, 0, 1, 1, 1, 0, 0, 0, 0, 0, 0, 0, 1, 1, 1, 1, 0, 0, 0, 0, 1, 0, 1, 1, 0, 0, 0, 0, 1, 0, 0, 0, 0, 0, 1, 1, 0, 0, 1, 0, 0, 0, 0, 0, 0, 0, 1, 1, 1, 0, 1, 1, 0, 0, 1, 0, 2, 1, 0, 0, 0, 0, 2, 1, 1, 1, 1, 1, 0, 0, 0, 0, 1, 0, 2, 1, 0, 0, 2, 2]
Obj (ACT VS ACT ALS): 8.035
[0, 0, 1, 0, 2, 1, 2, 1, 1, 0, 2, 1, 0, 0, 1, 0, 1, 1, 1, 2, 0, 0, 1, 1, 1, 0, 0, 0, 0, 0, 0, 0, 1, 1, 1, 1, 0, 0, 0, 0, 1, 0, 1, 1, 0, 0, 0, 0, 1, 0, 0, 0, 0, 0, 1, 1, 0, 0, 1, 0, 0, 0, 0, 0, 0, 0, 1, 1, 1, 0, 1, 1, 0, 0, 1, 0, 2, 1, 0, 0, 0, 0, 2, 1, 1, 1, 1, 1, 0, 0, 0, 0, 1, 0, 2, 1, 0, 0, 2, 2]
Obj (ACT VS ACT ALS): 8.04
[0, 0, 1, 0, 2, 1, 2, 1, 1, 0, 2, 1, 0, 0, 1, 0, 1, 1, 1, 1, 0, 0, 1, 2, 1, 0, 0, 0, 0, 0, 0, 0, 1, 1, 1, 1, 0, 0, 0, 0, 1, 0, 1, 1, 0, 0, 0, 0, 1, 0, 0, 0, 0, 0, 1, 1, 0, 0, 1, 0, 0, 0, 0, 0, 0, 0, 1, 1, 1, 0, 1, 1, 0, 0, 1, 0, 2, 1, 0, 0, 0, 0, 2, 1, 1, 1, 1, 1, 0, 0, 0, 0, 1, 0, 2, 1, 0, 0, 2, 2]
Obj (ACT VS ACT ALS): 8.045
[0, 0, 1, 0, 2, 1, 2, 1, 1, 0, 2, 1, 0, 0, 1, 0, 1, 1, 1, 1, 0, 0, 1, 1, 1, 0, 0, 0, 0, 0, 0, 0, 1, 2, 1, 1, 0, 0, 0, 0, 1, 0, 1, 1, 0, 0, 0, 0, 1, 0, 0, 0, 0, 0, 1, 1, 0, 0, 1, 0, 0, 0, 0, 0, 0, 0, 1, 1, 1, 0, 1, 1, 0, 0, 1, 0, 2, 1, 0, 0, 0, 0, 2, 1, 1, 1, 1, 1, 0, 0, 0, 0, 1, 0, 2, 1, 0, 0, 2, 2]
Obj (ACT VS ACT ALS): 8.04
[0, 0, 1, 0, 2, 1, 2, 1, 1, 0, 2, 1, 0, 0, 1, 0, 1, 1, 1, 1, 0, 0, 1, 1, 1, 0, 0, 0, 0, 0, 0, 0, 1, 1, 1, 2, 0, 0, 0, 0, 1, 0, 1, 1, 0, 0, 0, 0, 1, 0, 0, 0, 0, 0, 1, 1, 0, 0, 1, 0, 0, 0, 0, 0, 0, 0, 1, 1, 1, 0, 1, 1, 0, 0, 1, 0, 2, 1, 0, 0, 0, 0, 2, 1, 1, 1, 1, 1, 0, 0, 0, 0, 1, 0, 2, 1, 0, 0, 2, 2]
Obj (ACT VS ACT ALS): 8.04
[0, 0, 1, 0, 2, 1, 2, 1, 1, 0, 2, 1, 0, 0, 1, 0, 1, 1, 1, 1, 0, 0, 1, 1, 1, 0, 0, 0, 0, 0, 0, 0, 1, 1, 1, 1, 0, 0, 0, 0, 1, 0, 1, 2, 0, 0, 0, 0, 1, 0, 0, 0, 0, 0, 1, 1, 0, 0, 1, 0, 0, 0, 0, 0, 0, 0, 1, 1, 1, 0, 1, 1, 0, 0, 1, 0, 2, 1, 0, 0, 0, 0, 2, 1, 1, 1, 1, 1, 0, 0, 0, 0, 1, 0, 2, 1, 0, 0, 2, 2]
Obj (ACT VS ACT ALS): 8.035
[0, 0, 1, 0, 2, 1, 2, 1, 1, 0, 2, 1, 0, 0, 1, 0, 1, 1, 1, 1, 0, 0, 1, 1, 1, 0, 0, 0, 0, 0, 0, 0, 1, 1, 1, 1, 0, 0, 0, 0, 1, 0, 1, 1, 0, 0, 0, 0, 1, 0, 0, 0, 0, 0, 1, 2, 0, 0, 1, 0, 0, 0, 0, 0, 0, 0, 1, 1, 1, 0, 1, 1, 0, 0, 1, 0, 2, 1, 0, 0, 0, 0, 2, 1, 1, 1, 1, 1, 0, 0, 0, 0, 1, 0, 2, 1, 0, 0, 2, 2]
Obj (ACT VS ACT ALS): 8.04
[0, 0, 1, 0, 2, 1, 2, 1, 1, 0, 2, 1, 0, 0, 1, 0, 1, 1, 1, 1, 0, 0, 1, 1, 1, 0, 0, 0, 0, 0, 0, 0, 1, 1, 1, 1, 0, 0, 0, 0, 1, 0, 1, 1, 0, 0, 0, 0, 1, 0, 0, 0, 0, 0, 1, 1, 0, 0, 1, 0, 0, 0, 0, 0, 0, 0, 1, 2, 1, 0, 1, 1, 0, 0, 1, 0, 2, 1, 0, 0, 0, 0, 2, 1, 1, 1, 1, 1, 0, 0, 0, 0, 1, 0, 2, 1, 0, 0, 2, 2]
Obj (ACT VS ACT ALS): 8.045
[0, 0, 1, 0, 2, 1, 2, 1, 1, 0, 2, 1, 0, 0, 1, 0, 1, 1, 1, 1, 0, 0, 1, 1, 1, 0, 0, 0, 0, 0, 0, 0, 1, 1, 1, 1, 0, 0, 0, 0, 1, 0, 1, 1, 0, 0, 0, 0, 1, 0, 0, 0, 0, 0, 1, 1, 0, 0, 1, 0, 0, 0, 0, 0, 0, 0, 1, 1, 1, 0, 1, 2, 0, 0, 1, 0, 2, 1, 0, 0, 0, 0, 2, 1, 1, 1, 1, 1, 0, 0, 0, 0, 1, 0, 2, 1, 0, 0, 2, 2]
Obj (ACT VS ACT ALS): 8.04
[0, 0, 1, 0, 2, 1, 2, 1, 1, 0, 2, 1, 0, 0, 1, 0, 1, 1, 1, 1, 0, 0, 1, 1, 1, 0, 0, 0, 0, 0, 0, 0, 1, 1, 1, 1, 0, 0, 0, 0, 1, 0, 1, 1, 0, 0, 0, 0, 1, 0, 0, 0, 0, 0, 1, 1, 0, 0, 1, 0, 0, 0, 0, 0, 0, 0, 1, 1, 1, 0, 1, 1, 0, 0, 1, 0, 2, 2, 0, 0, 0, 0, 2, 1, 1, 1, 1, 1, 0, 0, 0, 0, 1, 0, 2, 1, 0, 0, 2, 2]
Obj (ACT VS ACT ALS): 8.035
[0, 0, 1, 0, 2, 1, 2, 1, 1, 0, 2, 1, 0, 0, 1, 0, 1, 1, 1, 1, 0, 0, 1, 1, 1, 0, 0, 0, 0, 0, 0, 0, 1, 1, 1, 1, 0, 0, 0, 0, 1, 0, 1, 1, 0, 0, 0, 0, 1, 0, 0, 0, 0, 0, 1, 1, 0, 0, 1, 0, 0, 0, 0, 0, 0, 0, 1, 1, 1, 0, 1, 1, 0, 0, 1, 0, 2, 1, 0, 0, 0, 0, 2, 2, 1, 1, 1, 1, 0, 0, 0, 0, 1, 0, 2, 1, 0, 0, 2, 2]
Obj (ACT VS ACT ALS): 8.04
[0, 0, 1, 0, 2, 1, 2, 1, 1, 0, 2, 1, 0, 0, 1, 0, 1, 1, 1, 1, 0, 0, 1, 1, 1, 0, 0, 0, 0, 0, 0, 0, 1, 1, 1, 1, 0, 0, 0, 0, 1, 0, 1, 1, 0, 0, 0, 0, 1, 0, 0, 0, 0, 0, 1, 1, 0, 0, 1, 0, 0, 0, 0, 0, 0, 0, 1, 1, 1, 0, 1, 1, 0, 0, 1, 0, 2, 1, 0, 0, 0, 0, 2, 1, 1, 2, 1, 1, 0, 0, 0, 0, 1, 0, 2, 1, 0, 0, 2, 2]
Obj (ACT VS ACT ALS): 8.04
[0, 0, 1, 0, 2, 1, 2, 1, 1, 0, 2, 1, 0, 0, 1, 0, 1, 1, 1, 1, 0, 0, 1, 1, 1, 0, 0, 0, 0, 0, 0, 0, 1, 1, 1, 1, 0, 0, 0, 0, 1, 0, 1, 1, 0, 0, 0, 0, 1, 0, 0, 0, 0, 0, 1, 1, 0, 0, 1, 0, 0, 0, 0, 0, 0, 0, 1, 1, 1, 0, 1, 1, 0, 0, 1, 0, 2, 1, 0, 0, 0, 0, 2, 1, 1, 1, 1, 2, 0, 0, 0, 0, 1, 0, 2, 1, 0, 0, 2, 2]
Obj (ACT VS ACT ALS): 8.035
[0, 0, 1, 0, 2, 1, 2, 1, 1, 0, 2, 1, 0, 0, 1, 0, 1, 1, 1, 1, 0, 0, 1, 1, 1, 0, 0, 0, 0, 0, 0, 0, 1, 1, 1, 1, 0, 0, 0, 0, 1, 0, 1, 1, 0, 0, 0, 0, 1, 0, 0, 0, 0, 0, 1, 1, 0, 0, 1, 0, 0, 0, 0, 0, 0, 0, 1, 1, 1, 0, 1, 1, 0, 0, 1, 0, 2, 1, 0, 0, 0, 0, 2, 1, 1, 1, 1, 1, 0, 0, 0, 0, 1, 0, 2, 2, 0, 0, 2, 2]
Obj (ACT VS ACT ALS): 8.035
[0, 0, 1, 0, 2, 1, 2, 1, 1, 0, 2, 1, 0, 0, 1, 0, 1, 1, 1, 1, 0, 0, 1, 1, 1, 0, 0, 0, 0, 0, 0, 0, 1, 1, 1, 1, 0, 0, 0, 0, 1, 0, 1, 1, 0, 0, 0, 0, 1, 0, 0, 0, 0, 0, 1, 1, 0, 0, 1, 0, 0, 0, 0, 0, 0, 0, 1, 1, 1, 0, 1, 1, 0, 0, 1, 0, 2, 1, 0, 0, 0, 0, 2, 1, 1, 1, 1, 1, 0, 0, 0, 0, 1, 0, 2, 1, 0, 0, 2, 3]
Obj (ACT VS ACT ALS): 8.045
[0, 0, 1, 2, 2, 0, 2, 1, 1, 0, 2, 1, 0, 0, 1, 0, 1, 1, 1, 1, 0, 0, 1, 1, 1, 0, 0, 0, 0, 0, 0, 0, 1, 1, 1, 1, 0, 0, 0, 0, 1, 0, 1, 1, 0, 0, 0, 0, 1, 0, 0, 0, 0, 0, 1, 1, 0, 0, 1, 0, 0, 0, 0, 0, 0, 0, 1, 1, 1, 0, 1, 1, 0, 0, 1, 0, 2, 1, 0, 0, 0, 0, 2, 1, 1, 1, 1, 1, 0, 0, 0, 0, 1, 0, 2, 1, 0, 0, 2, 2]
Obj (ACT VS ACT ALS): 8.045
[0, 0, 1, 1, 2, 0, 2, 2, 1, 0, 2, 1, 0, 0, 1, 0, 1, 1, 1, 1, 0, 0, 1, 1, 1, 0, 0, 0, 0, 0, 0, 0, 1, 1, 1, 1, 0, 0, 0, 0, 1, 0, 1, 1, 0, 0, 0, 0, 1, 0, 0, 0, 0, 0, 1, 1, 0, 0, 1, 0, 0, 0, 0, 0, 0, 0, 1, 1, 1, 0, 1, 1, 0, 0, 1, 0, 2, 1, 0, 0, 0, 0, 2, 1, 1, 1, 1, 1, 0, 0, 0, 0, 1, 0, 2, 1, 0, 0, 2, 2]
Obj (ACT VS ACT ALS): 8.045
[0, 0, 1, 1, 2, 0, 2, 1, 1, 0, 2, 2, 0, 0, 1, 0, 1, 1, 1, 1, 0, 0, 1, 1, 1, 0, 0, 0, 0, 0, 0, 0, 1, 1, 1, 1, 0, 0, 0, 0, 1, 0, 1, 1, 0, 0, 0, 0, 1, 0, 0, 0, 0, 0, 1, 1, 0, 0, 1, 0, 0, 0, 0, 0, 0, 0, 1, 1, 1, 0, 1, 1, 0, 0, 1, 0, 2, 1, 0, 0, 0, 0, 2, 1, 1, 1, 1, 1, 0, 0, 0, 0, 1, 0, 2, 1, 0, 0, 2, 2]
Obj (ACT VS ACT ALS): 8.05
[0, 0, 1, 1, 2, 0, 2, 1, 1, 0, 2, 1, 0, 0, 1, 0, 1, 2, 1, 1, 0, 0, 1, 1, 1, 0, 0, 0, 0, 0, 0, 0, 1, 1, 1, 1, 0, 0, 0, 0, 1, 0, 1, 1, 0, 0, 0, 0, 1, 0, 0, 0, 0, 0, 1, 1, 0, 0, 1, 0, 0, 0, 0, 0, 0, 0, 1, 1, 1, 0, 1, 1, 0, 0, 1, 0, 2, 1, 0, 0, 0, 0, 2, 1, 1, 1, 1, 1, 0, 0, 0, 0, 1, 0, 2, 1, 0, 0, 2, 2]
Obj (ACT VS ACT ALS): 8.045
[0, 0, 1, 1, 2, 0, 2, 1, 1, 0, 2, 1, 0, 0, 1, 0, 1, 1, 1, 2, 0, 0, 1, 1, 1, 0, 0, 0, 0, 0, 0, 0, 1, 1, 1, 1, 0, 0, 0, 0, 1, 0, 1, 1, 0, 0, 0, 0, 1, 0, 0, 0, 0, 0, 1, 1, 0, 0, 1, 0, 0, 0, 0, 0, 0, 0, 1, 1, 1, 0, 1, 1, 0, 0, 1, 0, 2, 1, 0, 0, 0, 0, 2, 1, 1, 1, 1, 1, 0, 0, 0, 0, 1, 0, 2, 1, 0, 0, 2, 2]
Obj (ACT VS ACT ALS): 8.05
[0, 0, 1, 1, 2, 0, 2, 1, 1, 0, 2, 1, 0, 0, 1, 0, 1, 1, 1, 1, 0, 0, 1, 2, 1, 0, 0, 0, 0, 0, 0, 0, 1, 1, 1, 1, 0, 0, 0, 0, 1, 0, 1, 1, 0, 0, 0, 0, 1, 0, 0, 0, 0, 0, 1, 1, 0, 0, 1, 0, 0, 0, 0, 0, 0, 0, 1, 1, 1, 0, 1, 1, 0, 0, 1, 0, 2, 1, 0, 0, 0, 0, 2, 1, 1, 1, 1, 1, 0, 0, 0, 0, 1, 0, 2, 1, 0, 0, 2, 2]
Obj (ACT VS ACT ALS): 8.07
[0, 0, 1, 1, 2, 0, 2, 1, 1, 0, 2, 1, 0, 0, 1, 0, 1, 1, 1, 1, 0, 0, 1, 1, 1, 0, 0, 0, 0, 0, 0, 0, 1, 2, 1, 1, 0, 0, 0, 0, 1, 0, 1, 1, 0, 0, 0, 0, 1, 0, 0, 0, 0, 0, 1, 1, 0, 0, 1, 0, 0, 0, 0, 0, 0, 0, 1, 1, 1, 0, 1, 1, 0, 0, 1, 0, 2, 1, 0, 0, 0, 0, 2, 1, 1, 1, 1, 1, 0, 0, 0, 0, 1, 0, 2, 1, 0, 0, 2, 2]
Obj (ACT VS ACT ALS): 8.045
[0, 0, 1, 1, 2, 0, 2, 1, 1, 0, 2, 1, 0, 0, 1, 0, 1, 1, 1, 1, 0, 0, 1, 1, 1, 0, 0, 0, 0, 0, 0, 0, 1, 1, 1, 2, 0, 0, 0, 0, 1, 0, 1, 1, 0, 0, 0, 0, 1, 0, 0, 0, 0, 0, 1, 1, 0, 0, 1, 0, 0, 0, 0, 0, 0, 0, 1, 1, 1, 0, 1, 1, 0, 0, 1, 0, 2, 1, 0, 0, 0, 0, 2, 1, 1, 1, 1, 1, 0, 0, 0, 0, 1, 0, 2, 1, 0, 0, 2, 2]
Obj (ACT VS ACT ALS): 8.05
[0, 0, 1, 1, 2, 0, 2, 1, 1, 0, 2, 1, 0, 0, 1, 0, 1, 1, 1, 1, 0, 0, 1, 1, 1, 0, 0, 0, 0, 0, 0, 0, 1, 1, 1, 1, 0, 0, 0, 0, 1, 0, 1, 2, 0, 0, 0, 0, 1, 0, 0, 0, 0, 0, 1, 1, 0, 0, 1, 0, 0, 0, 0, 0, 0, 0, 1, 1, 1, 0, 1, 1, 0, 0, 1, 0, 2, 1, 0, 0, 0, 0, 2, 1, 1, 1, 1, 1, 0, 0, 0, 0, 1, 0, 2, 1, 0, 0, 2, 2]
Obj (ACT VS ACT ALS): 8.045
[0, 0, 1, 1, 2, 0, 2, 1, 1, 0, 2, 1, 0, 0, 1, 0, 1, 1, 1, 1, 0, 0, 1, 1, 1, 0, 0, 0, 0, 0, 0, 0, 1, 1, 1, 1, 0, 0, 0, 0, 1, 0, 1, 1, 0, 0, 0, 0, 1, 0, 0, 0, 0, 0, 1, 2, 0, 0, 1, 0, 0, 0, 0, 0, 0, 0, 1, 1, 1, 0, 1, 1, 0, 0, 1, 0, 2, 1, 0, 0, 0, 0, 2, 1, 1, 1, 1, 1, 0, 0, 0, 0, 1, 0, 2, 1, 0, 0, 2, 2]
Obj (ACT VS ACT ALS): 8.05
[0, 0, 1, 1, 2, 0, 2, 1, 1, 0, 2, 1, 0, 0, 1, 0, 1, 1, 1, 1, 0, 0, 1, 1, 1, 0, 0, 0, 0, 0, 0, 0, 1, 1, 1, 1, 0, 0, 0, 0, 1, 0, 1, 1, 0, 0, 0, 0, 1, 0, 0, 0, 0, 0, 1, 1, 0, 0, 1, 0, 0, 0, 0, 0, 0, 0, 1, 2, 1, 0, 1, 1, 0, 0, 1, 0, 2, 1, 0, 0, 0, 0, 2, 1, 1, 1, 1, 1, 0, 0, 0, 0, 1, 0, 2, 1, 0, 0, 2, 2]
Obj (ACT VS ACT ALS): 8.05
[0, 0, 1, 1, 2, 0, 2, 1, 1, 0, 2, 1, 0, 0, 1, 0, 1, 1, 1, 1, 0, 0, 1, 1, 1, 0, 0, 0, 0, 0, 0, 0, 1, 1, 1, 1, 0, 0, 0, 0, 1, 0, 1, 1, 0, 0, 0, 0, 1, 0, 0, 0, 0, 0, 1, 1, 0, 0, 1, 0, 0, 0, 0, 0, 0, 0, 1, 1, 1, 0, 1, 2, 0, 0, 1, 0, 2, 1, 0, 0, 0, 0, 2, 1, 1, 1, 1, 1, 0, 0, 0, 0, 1, 0, 2, 1, 0, 0, 2, 2]
Obj (ACT VS ACT ALS): 8.045
[0, 0, 1, 1, 2, 0, 2, 1, 1, 0, 2, 1, 0, 0, 1, 0, 1, 1, 1, 1, 0, 0, 1, 1, 1, 0, 0, 0, 0, 0, 0, 0, 1, 1, 1, 1, 0, 0, 0, 0, 1, 0, 1, 1, 0, 0, 0, 0, 1, 0, 0, 0, 0, 0, 1, 1, 0, 0, 1, 0, 0, 0, 0, 0, 0, 0, 1, 1, 1, 0, 1, 1, 0, 0, 1, 0, 2, 2, 0, 0, 0, 0, 2, 1, 1, 1, 1, 1, 0, 0, 0, 0, 1, 0, 2, 1, 0, 0, 2, 2]
Obj (ACT VS ACT ALS): 8.045
[0, 0, 1, 1, 2, 0, 2, 1, 1, 0, 2, 1, 0, 0, 1, 0, 1, 1, 1, 1, 0, 0, 1, 1, 1, 0, 0, 0, 0, 0, 0, 0, 1, 1, 1, 1, 0, 0, 0, 0, 1, 0, 1, 1, 0, 0, 0, 0, 1, 0, 0, 0, 0, 0, 1, 1, 0, 0, 1, 0, 0, 0, 0, 0, 0, 0, 1, 1, 1, 0, 1, 1, 0, 0, 1, 0, 2, 1, 0, 0, 0, 0, 2, 2, 1, 1, 1, 1, 0, 0, 0, 0, 1, 0, 2, 1, 0, 0, 2, 2]
Obj (ACT VS ACT ALS): 8.05
[0, 0, 1, 1, 2, 0, 2, 1, 1, 0, 2, 1, 0, 0, 1, 0, 1, 1, 1, 1, 0, 0, 1, 1, 1, 0, 0, 0, 0, 0, 0, 0, 1, 1, 1, 1, 0, 0, 0, 0, 1, 0, 1, 1, 0, 0, 0, 0, 1, 0, 0, 0, 0, 0, 1, 1, 0, 0, 1, 0, 0, 0, 0, 0, 0, 0, 1, 1, 1, 0, 1, 1, 0, 0, 1, 0, 2, 1, 0, 0, 0, 0, 2, 1, 1, 2, 1, 1, 0, 0, 0, 0, 1, 0, 2, 1, 0, 0, 2, 2]
Obj (ACT VS ACT ALS): 8.045
[0, 0, 1, 1, 2, 0, 2, 1, 1, 0, 2, 1, 0, 0, 1, 0, 1, 1, 1, 1, 0, 0, 1, 1, 1, 0, 0, 0, 0, 0, 0, 0, 1, 1, 1, 1, 0, 0, 0, 0, 1, 0, 1, 1, 0, 0, 0, 0, 1, 0, 0, 0, 0, 0, 1, 1, 0, 0, 1, 0, 0, 0, 0, 0, 0, 0, 1, 1, 1, 0, 1, 1, 0, 0, 1, 0, 2, 1, 0, 0, 0, 0, 2, 1, 1, 1, 1, 2, 0, 0, 0, 0, 1, 0, 2, 1, 0, 0, 2, 2]
Obj (ACT VS ACT ALS): 8.045
[0, 0, 1, 1, 2, 0, 2, 1, 1, 0, 2, 1, 0, 0, 1, 0, 1, 1, 1, 1, 0, 0, 1, 1, 1, 0, 0, 0, 0, 0, 0, 0, 1, 1, 1, 1, 0, 0, 0, 0, 1, 0, 1, 1, 0, 0, 0, 0, 1, 0, 0, 0, 0, 0, 1, 1, 0, 0, 1, 0, 0, 0, 0, 0, 0, 0, 1, 1, 1, 0, 1, 1, 0, 0, 1, 0, 2, 1, 0, 0, 0, 0, 2, 1, 1, 1, 1, 1, 0, 0, 0, 0, 1, 0, 2, 2, 0, 0, 2, 2]
Obj (ACT VS ACT ALS): 8.045
[0, 0, 1, 1, 2, 0, 2, 1, 1, 0, 2, 1, 0, 0, 1, 0, 1, 1, 1, 1, 0, 0, 1, 1, 1, 0, 0, 0, 0, 0, 0, 0, 1, 1, 1, 1, 0, 0, 0, 0, 1, 0, 1, 1, 0, 0, 0, 0, 1, 0, 0, 0, 0, 0, 1, 1, 0, 0, 1, 0, 0, 0, 0, 0, 0, 0, 1, 1, 1, 0, 1, 1, 0, 0, 1, 0, 2, 1, 0, 0, 0, 0, 2, 1, 1, 1, 1, 1, 0, 0, 0, 0, 1, 0, 2, 1, 0, 0, 2, 3]
Obj (ACT VS ACT ALS): 8.05
[0, 0, 1, 2, 2, 1, 2, 0, 1, 0, 2, 1, 0, 0, 1, 0, 1, 1, 1, 1, 0, 0, 1, 1, 1, 0, 0, 0, 0, 0, 0, 0, 1, 1, 1, 1, 0, 0, 0, 0, 1, 0, 1, 1, 0, 0, 0, 0, 1, 0, 0, 0, 0, 0, 1, 1, 0, 0, 1, 0, 0, 0, 0, 0, 0, 0, 1, 1, 1, 0, 1, 1, 0, 0, 1, 0, 2, 1, 0, 0, 0, 0, 2, 1, 1, 1, 1, 1, 0, 0, 0, 0, 1, 0, 2, 1, 0, 0, 2, 2]
Obj (ACT VS ACT ALS): 8.05
[0, 0, 1, 1, 2, 2, 2, 0, 1, 0, 2, 1, 0, 0, 1, 0, 1, 1, 1, 1, 0, 0, 1, 1, 1, 0, 0, 0, 0, 0, 0, 0, 1, 1, 1, 1, 0, 0, 0, 0, 1, 0, 1, 1, 0, 0, 0, 0, 1, 0, 0, 0, 0, 0, 1, 1, 0, 0, 1, 0, 0, 0, 0, 0, 0, 0, 1, 1, 1, 0, 1, 1, 0, 0, 1, 0, 2, 1, 0, 0, 0, 0, 2, 1, 1, 1, 1, 1, 0, 0, 0, 0, 1, 0, 2, 1, 0, 0, 2, 2]
Obj (ACT VS ACT ALS): 8.05
[0, 0, 1, 1, 2, 1, 2, 0, 1, 0, 2, 2, 0, 0, 1, 0, 1, 1, 1, 1, 0, 0, 1, 1, 1, 0, 0, 0, 0, 0, 0, 0, 1, 1, 1, 1, 0, 0, 0, 0, 1, 0, 1, 1, 0, 0, 0, 0, 1, 0, 0, 0, 0, 0, 1, 1, 0, 0, 1, 0, 0, 0, 0, 0, 0, 0, 1, 1, 1, 0, 1, 1, 0, 0, 1, 0, 2, 1, 0, 0, 0, 0, 2, 1, 1, 1, 1, 1, 0, 0, 0, 0, 1, 0, 2, 1, 0, 0, 2, 2]
Obj (ACT VS ACT ALS): 8.055
[0, 0, 1, 1, 2, 1, 2, 0, 1, 0, 2, 1, 0, 0, 1, 0, 1, 2, 1, 1, 0, 0, 1, 1, 1, 0, 0, 0, 0, 0, 0, 0, 1, 1, 1, 1, 0, 0, 0, 0, 1, 0, 1, 1, 0, 0, 0, 0, 1, 0, 0, 0, 0, 0, 1, 1, 0, 0, 1, 0, 0, 0, 0, 0, 0, 0, 1, 1, 1, 0, 1, 1, 0, 0, 1, 0, 2, 1, 0, 0, 0, 0, 2, 1, 1, 1, 1, 1, 0, 0, 0, 0, 1, 0, 2, 1, 0, 0, 2, 2]
Obj (ACT VS ACT ALS): 8.05
[0, 0, 1, 1, 2, 1, 2, 0, 1, 0, 2, 1, 0, 0, 1, 0, 1, 1, 1, 2, 0, 0, 1, 1, 1, 0, 0, 0, 0, 0, 0, 0, 1, 1, 1, 1, 0, 0, 0, 0, 1, 0, 1, 1, 0, 0, 0, 0, 1, 0, 0, 0, 0, 0, 1, 1, 0, 0, 1, 0, 0, 0, 0, 0, 0, 0, 1, 1, 1, 0, 1, 1, 0, 0, 1, 0, 2, 1, 0, 0, 0, 0, 2, 1, 1, 1, 1, 1, 0, 0, 0, 0, 1, 0, 2, 1, 0, 0, 2, 2]
Obj (ACT VS ACT ALS): 8.055
[0, 0, 1, 1, 2, 1, 2, 0, 1, 0, 2, 1, 0, 0, 1, 0, 1, 1, 1, 1, 0, 0, 1, 2, 1, 0, 0, 0, 0, 0, 0, 0, 1, 1, 1, 1, 0, 0, 0, 0, 1, 0, 1, 1, 0, 0, 0, 0, 1, 0, 0, 0, 0, 0, 1, 1, 0, 0, 1, 0, 0, 0, 0, 0, 0, 0, 1, 1, 1, 0, 1, 1, 0, 0, 1, 0, 2, 1, 0, 0, 0, 0, 2, 1, 1, 1, 1, 1, 0, 0, 0, 0, 1, 0, 2, 1, 0, 0, 2, 2]
Obj (ACT VS ACT ALS): 8.075
[0, 0, 1, 1, 2, 1, 2, 0, 1, 0, 2, 1, 0, 0, 1, 0, 1, 1, 1, 1, 0, 0, 1, 1, 1, 0, 0, 0, 0, 0, 0, 0, 1, 2, 1, 1, 0, 0, 0, 0, 1, 0, 1, 1, 0, 0, 0, 0, 1, 0, 0, 0, 0, 0, 1, 1, 0, 0, 1, 0, 0, 0, 0, 0, 0, 0, 1, 1, 1, 0, 1, 1, 0, 0, 1, 0, 2, 1, 0, 0, 0, 0, 2, 1, 1, 1, 1, 1, 0, 0, 0, 0, 1, 0, 2, 1, 0, 0, 2, 2]
Obj (MEDIOS ACT VS NO ACT BLS): 8.075
[0, 0, 1, 1, 2, 1, 2, 0, 1, 0, 2, 1, 0, 0, 1, 0, 1, 1, 1, 1, 0, 0, 1, 1, 1, 0, 0, 0, 0, 0, 0, 0, 1, 2, 1, 1, 0, 0, 0, 0, 1, 0, 1, 1, 0, 0, 0, 0, 1, 0, 0, 0, 0, 0, 1, 1, 0, 0, 1, 0, 0, 0, 0, 0, 0, 0, 1, 1, 1, 0, 1, 1, 0, 0, 1, 0, 2, 1, 0, 0, 0, 0, 2, 1, 1, 1, 1, 1, 0, 0, 0, 0, 1, 0, 2, 1, 0, 0, 2, 2]
Obj (MEDIOS ACT VS NO ACT BLS): 8.075
[0, 0, 1, 1, 2, 1, 2, 0, 1, 0, 2, 1, 0, 0, 1, 0, 1, 1, 1, 1, 0, 0, 1, 1, 1, 0, 0, 0, 0, 0, 0, 0, 1, 2, 1, 1, 0, 0, 0, 0, 1, 0, 1, 1, 0, 0, 0, 0, 1, 0, 0, 0, 0, 0, 1, 1, 0, 0, 1, 0, 0, 0, 0, 0, 0, 0, 1, 1, 1, 0, 1, 1, 0, 0, 1, 0, 2, 1, 0, 0, 0, 0, 2, 1, 1, 1, 1, 1, 0, 0, 0, 0, 1, 0, 2, 1, 0, 0, 2, 2]
Obj (MEDIOS ACT VS NO ACT BLS): 8.075
[0, 0, 1, 1, 2, 1, 2, 0, 1, 0, 2, 1, 0, 0, 1, 0, 1, 1, 1, 1, 0, 0, 1, 1, 1, 0, 0, 0, 0, 0, 0, 0, 1, 2, 1, 1, 0, 0, 0, 0, 1, 0, 1, 1, 0, 0, 0, 0, 1, 0, 0, 0, 0, 0, 1, 1, 0, 0, 1, 0, 0, 0, 0, 0, 0, 0, 1, 1, 1, 0, 1, 1, 0, 0, 1, 0, 2, 1, 0, 0, 0, 0, 2, 1, 1, 1, 1, 1, 0, 0, 0, 0, 1, 0, 2, 1, 0, 0, 2, 2]
Obj (MEDIOS ACT VS NO ACT BLS): 8.075
[0, 0, 1, 1, 2, 1, 2, 0, 1, 0, 2, 1, 0, 0, 1, 0, 1, 1, 1, 1, 0, 0, 1, 1, 1, 0, 0, 0, 0, 0, 0, 0, 1, 2, 1, 1, 0, 0, 0, 0, 1, 0, 1, 1, 0, 0, 0, 0, 1, 0, 0, 0, 0, 0, 1, 1, 0, 0, 1, 0, 0, 0, 0, 0, 0, 0, 1, 1, 1, 0, 1, 1, 0, 0, 1, 0, 2, 1, 0, 0, 0, 0, 2, 1, 1, 1, 1, 1, 0, 0, 0, 0, 1, 0, 2, 1, 0, 0, 2, 2]
Obj (MEDIOS ACT VS NO ACT BLS): 8.075
[0, 0, 1, 1, 2, 1, 2, 0, 1, 0, 2, 1, 0, 0, 1, 0, 1, 1, 1, 1, 0, 0, 1, 1, 1, 0, 0, 0, 0, 0, 0, 0, 1, 2, 1, 1, 0, 0, 0, 0, 1, 0, 1, 1, 0, 0, 0, 0, 1, 0, 0, 0, 0, 0, 1, 1, 0, 0, 1, 0, 0, 0, 0, 0, 0, 0, 1, 1, 1, 0, 1, 1, 0, 0, 1, 0, 2, 1, 0, 0, 0, 0, 2, 1, 1, 1, 1, 1, 0, 0, 0, 0, 1, 0, 2, 1, 0, 0, 2, 2]
Obj (MEDIOS ACT VS NO ACT BLS): 8.075
[0, 0, 1, 1, 2, 1, 2, 0, 1, 0, 2, 1, 0, 0, 1, 0, 1, 1, 1, 1, 0, 0, 1, 1, 1, 0, 0, 0, 0, 0, 0, 0, 1, 2, 1, 1, 0, 0, 0, 0, 1, 0, 1, 1, 0, 0, 0, 0, 1, 0, 0, 0, 0, 0, 1, 1, 0, 0, 1, 0, 0, 0, 0, 0, 0, 0, 1, 1, 1, 0, 1, 1, 0, 0, 1, 0, 2, 1, 0, 0, 0, 0, 2, 1, 1, 1, 1, 1, 0, 0, 0, 0, 1, 0, 2, 1, 0, 0, 2, 2]
Obj (MEDIOS ACT VS NO ACT BLS): 8.075
[0, 0, 1, 1, 2, 1, 2, 0, 1, 0, 2, 1, 0, 0, 1, 0, 1, 1, 1, 1, 0, 0, 1, 1, 1, 0, 0, 0, 0, 0, 0, 0, 1, 2, 1, 1, 0, 0, 0, 0, 1, 0, 1, 1, 0, 0, 0, 0, 1, 0, 0, 0, 0, 0, 1, 1, 0, 0, 1, 0, 0, 0, 0, 0, 0, 0, 1, 1, 1, 0, 1, 1, 0, 0, 1, 0, 2, 1, 0, 0, 0, 0, 2, 1, 1, 1, 1, 1, 0, 0, 0, 0, 1, 0, 2, 1, 0, 0, 2, 2]
Obj (MEDIOS ACT VS NO ACT BLS): 8.075
[0, 0, 1, 1, 2, 1, 2, 0, 1, 0, 2, 1, 0, 0, 1, 0, 1, 1, 1, 1, 0, 0, 1, 1, 1, 0, 0, 0, 0, 0, 0, 0, 1, 2, 1, 1, 0, 0, 0, 0, 1, 0, 1, 1, 0, 0, 0, 0, 1, 0, 0, 0, 0, 0, 1, 1, 0, 0, 1, 0, 0, 0, 0, 0, 0, 0, 1, 1, 1, 0, 1, 1, 0, 0, 1, 0, 2, 1, 0, 0, 0, 0, 2, 1, 1, 1, 1, 1, 0, 0, 0, 0, 1, 0, 2, 1, 0, 0, 2, 2]
Obj (MEDIOS ACT VS NO ACT BLS): 8.075
[0, 0, 1, 1, 2, 1, 2, 0, 1, 0, 2, 1, 0, 0, 1, 0, 1, 1, 1, 1, 0, 0, 1, 1, 1, 0, 0, 0, 0, 0, 0, 0, 1, 2, 1, 1, 0, 0, 0, 0, 1, 0, 1, 1, 0, 0, 0, 0, 1, 0, 0, 0, 0, 0, 1, 1, 0, 0, 1, 0, 0, 0, 0, 0, 0, 0, 1, 1, 1, 0, 1, 1, 0, 0, 1, 0, 2, 1, 0, 0, 0, 0, 2, 1, 1, 1, 1, 1, 0, 0, 0, 0, 1, 0, 2, 1, 0, 0, 2, 2]
Obj (MEDIOS ACT VS NO ACT BLS): 8.075
[0, 0, 1, 1, 2, 1, 2, 0, 1, 0, 2, 1, 0, 0, 1, 0, 1, 1, 1, 1, 0, 0, 1, 1, 1, 0, 0, 0, 0, 0, 0, 0, 1, 2, 1, 1, 0, 0, 0, 0, 1, 0, 1, 1, 0, 0, 0, 0, 1, 0, 0, 0, 0, 0, 1, 1, 0, 0, 1, 0, 0, 0, 0, 0, 0, 0, 1, 1, 1, 0, 1, 1, 0, 0, 1, 0, 2, 1, 0, 0, 0, 0, 2, 1, 1, 1, 1, 1, 0, 0, 0, 0, 1, 0, 2, 1, 0, 0, 2, 2]
Obj (MEDIOS ACT VS NO ACT BLS): 8.075
[0, 0, 1, 1, 2, 1, 2, 0, 1, 0, 2, 1, 0, 0, 1, 0, 1, 1, 1, 1, 0, 0, 1, 1, 1, 0, 0, 0, 0, 0, 0, 0, 1, 2, 1, 1, 0, 0, 0, 0, 1, 0, 1, 1, 0, 0, 0, 0, 1, 0, 0, 0, 0, 0, 1, 1, 0, 0, 1, 0, 0, 0, 0, 0, 0, 0, 1, 1, 1, 0, 1, 1, 0, 0, 1, 0, 2, 1, 0, 0, 0, 0, 2, 1, 1, 1, 1, 1, 0, 0, 0, 0, 1, 0, 2, 1, 0, 0, 2, 2]
Obj (MEDIOS ACT VS NO ACT BLS): 8.075
[0, 0, 1, 1, 2, 1, 2, 0, 1, 0, 2, 1, 0, 0, 1, 0, 1, 1, 1, 1, 0, 0, 1, 1, 1, 0, 0, 0, 0, 0, 0, 0, 1, 2, 1, 1, 0, 0, 0, 0, 1, 0, 1, 1, 0, 0, 0, 0, 1, 0, 0, 0, 0, 0, 1, 1, 0, 0, 1, 0, 0, 0, 0, 0, 0, 0, 1, 1, 1, 0, 1, 1, 0, 0, 1, 0, 2, 1, 0, 0, 0, 0, 2, 1, 1, 1, 1, 1, 0, 0, 0, 0, 1, 0, 2, 1, 0, 0, 2, 2]
Obj (MEDIOS ACT VS NO ACT BLS): 8.075
[0, 0, 1, 1, 2, 1, 2, 0, 1, 0, 2, 1, 0, 0, 1, 0, 1, 1, 1, 1, 0, 0, 1, 1, 1, 0, 0, 0, 0, 0, 0, 0, 1, 2, 1, 1, 0, 0, 0, 0, 1, 0, 1, 1, 0, 0, 0, 0, 1, 0, 0, 0, 0, 0, 1, 1, 0, 0, 1, 0, 0, 0, 0, 0, 0, 0, 1, 1, 1, 0, 1, 1, 0, 0, 1, 0, 2, 1, 0, 0, 0, 0, 2, 1, 1, 1, 1, 1, 0, 0, 0, 0, 1, 0, 2, 1, 0, 0, 2, 2]
Obj (MEDIOS ACT VS NO ACT BLS): 8.075
[0, 0, 1, 1, 2, 1, 2, 0, 1, 0, 2, 1, 0, 0, 1, 0, 1, 1, 1, 1, 0, 0, 1, 1, 1, 0, 0, 0, 0, 0, 0, 0, 1, 2, 1, 1, 0, 0, 0, 0, 1, 0, 1, 1, 0, 0, 0, 0, 1, 0, 0, 0, 0, 0, 1, 1, 0, 0, 1, 0, 0, 0, 0, 0, 0, 0, 1, 1, 1, 0, 1, 1, 0, 0, 1, 0, 2, 1, 0, 0, 0, 0, 2, 1, 1, 1, 1, 1, 0, 0, 0, 0, 1, 0, 2, 1, 0, 0, 2, 2]
Obj (MEDIOS ACT VS NO ACT BLS): 8.075
[0, 0, 1, 1, 2, 1, 2, 0, 1, 0, 2, 1, 0, 0, 1, 0, 1, 1, 1, 1, 0, 0, 1, 1, 1, 0, 0, 0, 0, 0, 0, 0, 1, 2, 1, 1, 0, 0, 0, 0, 1, 0, 1, 1, 0, 0, 0, 0, 1, 0, 0, 0, 0, 0, 1, 1, 0, 0, 1, 0, 0, 0, 0, 0, 0, 0, 1, 1, 1, 0, 1, 1, 0, 0, 1, 0, 2, 1, 0, 0, 0, 0, 2, 1, 1, 1, 1, 1, 0, 0, 0, 0, 1, 0, 2, 1, 0, 0, 2, 2]
Obj (MEDIOS ACT VS NO ACT BLS): 8.075
[0, 0, 1, 1, 2, 1, 2, 0, 1, 0, 2, 1, 0, 0, 1, 0, 1, 1, 1, 1, 0, 0, 1, 1, 1, 0, 0, 0, 0, 0, 0, 0, 1, 2, 1, 1, 0, 0, 0, 0, 1, 0, 1, 1, 0, 0, 0, 0, 1, 0, 0, 0, 0, 0, 1, 1, 0, 0, 1, 0, 0, 0, 0, 0, 0, 0, 1, 1, 1, 0, 1, 1, 0, 0, 1, 0, 2, 1, 0, 0, 0, 0, 2, 1, 1, 1, 1, 1, 0, 0, 0, 0, 1, 0, 2, 1, 0, 0, 2, 2]
Obj (MEDIOS ACT VS NO ACT BLS): 8.075
[0, 0, 1, 1, 2, 1, 2, 0, 1, 0, 2, 1, 0, 0, 1, 0, 1, 1, 1, 1, 0, 0, 1, 1, 1, 0, 0, 0, 0, 0, 0, 0, 1, 2, 1, 1, 0, 0, 0, 0, 1, 0, 1, 1, 0, 0, 0, 0, 1, 0, 0, 0, 0, 0, 1, 1, 0, 0, 1, 0, 0, 0, 0, 0, 0, 0, 1, 1, 1, 0, 1, 1, 0, 0, 1, 0, 2, 1, 0, 0, 0, 0, 2, 1, 1, 1, 1, 1, 0, 0, 0, 0, 1, 0, 2, 1, 0, 0, 2, 2]
Obj (MEDIOS ACT VS NO ACT BLS): 8.075
[0, 0, 1, 1, 2, 1, 2, 0, 1, 0, 2, 1, 0, 0, 1, 0, 1, 1, 1, 1, 0, 0, 1, 1, 1, 0, 0, 0, 0, 0, 0, 0, 1, 2, 1, 1, 0, 0, 0, 0, 1, 0, 1, 1, 0, 0, 0, 0, 1, 0, 0, 0, 0, 0, 1, 1, 0, 0, 1, 0, 0, 0, 0, 0, 0, 0, 1, 1, 1, 0, 1, 1, 0, 0, 1, 0, 2, 1, 0, 0, 0, 0, 2, 1, 1, 1, 1, 1, 0, 0, 0, 0, 1, 0, 2, 1, 0, 0, 2, 2]
Obj (MEDIOS ACT VS NO ACT BLS): 8.075
[0, 0, 1, 1, 2, 1, 2, 0, 1, 0, 2, 1, 0, 0, 1, 0, 1, 1, 1, 1, 0, 0, 1, 1, 1, 0, 0, 0, 0, 0, 0, 0, 1, 2, 1, 1, 0, 0, 0, 0, 1, 0, 1, 1, 0, 0, 0, 0, 1, 0, 0, 0, 0, 0, 1, 1, 0, 0, 1, 0, 0, 0, 0, 0, 0, 0, 1, 1, 1, 0, 1, 1, 0, 0, 1, 0, 2, 1, 0, 0, 0, 0, 2, 1, 1, 1, 1, 1, 0, 0, 0, 0, 1, 0, 2, 1, 0, 0, 2, 2]
Obj (MEDIOS ACT VS NO ACT BLS): 8.075
[0, 0, 1, 1, 2, 1, 2, 0, 1, 0, 2, 1, 0, 0, 1, 0, 1, 1, 1, 1, 0, 0, 1, 1, 1, 0, 0, 0, 0, 0, 0, 0, 1, 2, 1, 1, 0, 0, 0, 0, 1, 0, 1, 1, 0, 0, 0, 0, 1, 0, 0, 0, 0, 0, 1, 1, 0, 0, 1, 0, 0, 0, 0, 0, 0, 0, 1, 1, 1, 0, 1, 1, 0, 0, 1, 0, 2, 1, 0, 0, 0, 0, 2, 1, 1, 1, 1, 1, 0, 0, 0, 0, 1, 0, 2, 1, 0, 0, 2, 2]
Obj (MEDIOS ACT VS NO ACT BLS): 8.075
[0, 0, 1, 1, 2, 1, 2, 0, 1, 0, 2, 1, 0, 0, 1, 0, 1, 1, 1, 1, 0, 0, 1, 1, 1, 0, 0, 0, 0, 0, 0, 0, 1, 2, 1, 1, 0, 0, 0, 0, 1, 0, 1, 1, 0, 0, 0, 0, 1, 0, 0, 0, 0, 0, 1, 1, 0, 0, 1, 0, 0, 0, 0, 0, 0, 0, 1, 1, 1, 0, 1, 1, 0, 0, 1, 0, 2, 1, 0, 0, 0, 0, 2, 1, 1, 1, 1, 1, 0, 0, 0, 0, 1, 0, 2, 1, 0, 0, 2, 2]
Obj (MEDIOS ACT VS NO ACT BLS): 8.075
[0, 0, 1, 1, 2, 1, 2, 0, 1, 0, 2, 1, 0, 0, 1, 0, 1, 1, 1, 1, 0, 0, 1, 1, 1, 0, 0, 0, 0, 0, 0, 0, 1, 2, 1, 1, 0, 0, 0, 0, 1, 0, 1, 1, 0, 0, 0, 0, 1, 0, 0, 0, 0, 0, 1, 1, 0, 0, 1, 0, 0, 0, 0, 0, 0, 0, 1, 1, 1, 0, 1, 1, 0, 0, 1, 0, 2, 1, 0, 0, 0, 0, 2, 1, 1, 1, 1, 1, 0, 0, 0, 0, 1, 0, 2, 1, 0, 0, 2, 2]
Obj (MEDIOS ACT VS NO ACT BLS): 8.11
[1, 0, 1, 1, 1, 1, 2, 0, 1, 0, 2, 1, 0, 0, 1, 0, 1, 1, 1, 1, 0, 0, 1, 1, 1, 0, 0, 0, 0, 0, 0, 0, 1, 2, 1, 1, 0, 0, 0, 0, 1, 0, 1, 1, 0, 0, 0, 0, 1, 0, 0, 0, 0, 0, 1, 1, 0, 0, 1, 0, 0, 0, 0, 0, 0, 0, 1, 1, 1, 0, 1, 1, 0, 0, 1, 0, 2, 1, 0, 0, 0, 0, 2, 1, 1, 1, 1, 1, 0, 0, 0, 0, 1, 0, 2, 1, 0, 0, 2, 2]
Obj (MEDIOS ACT VS ACT BLS): 8.11
[1, 0, 1, 1, 1, 1, 2, 0, 1, 0, 2, 1, 0, 0, 1, 0, 1, 1, 1, 1, 0, 0, 1, 1, 1, 0, 0, 0, 0, 0, 0, 0, 1, 2, 1, 1, 0, 0, 0, 0, 1, 0, 1, 1, 0, 0, 0, 0, 1, 0, 0, 0, 0, 0, 1, 1, 0, 0, 1, 0, 0, 0, 0, 0, 0, 0, 1, 1, 1, 0, 1, 1, 0, 0, 1, 0, 2, 1, 0, 0, 0, 0, 2, 1, 1, 1, 1, 1, 0, 0, 0, 0, 1, 0, 2, 1, 0, 0, 2, 2]
Obj (MEDIOS ACT VS ACT BLS): 8.11
[1, 0, 1, 1, 1, 1, 2, 0, 1, 0, 2, 1, 0, 0, 1, 0, 1, 1, 1, 1, 0, 0, 1, 1, 1, 0, 0, 0, 0, 0, 0, 0, 1, 2, 1, 1, 0, 0, 0, 0, 1, 0, 1, 1, 0, 0, 0, 0, 1, 0, 0, 0, 0, 0, 1, 1, 0, 0, 1, 0, 0, 0, 0, 0, 0, 0, 1, 1, 1, 0, 1, 1, 0, 0, 1, 0, 2, 1, 0, 0, 0, 0, 2, 1, 1, 1, 1, 1, 0, 0, 0, 0, 1, 0, 2, 1, 0, 0, 2, 2]
Obj (MEDIOS ACT VS ACT BLS): 8.11
[1, 0, 1, 1, 1, 1, 2, 0, 1, 0, 2, 1, 0, 0, 1, 0, 1, 1, 1, 1, 0, 0, 1, 1, 1, 0, 0, 0, 0, 0, 0, 0, 1, 2, 1, 1, 0, 0, 0, 0, 1, 0, 1, 1, 0, 0, 0, 0, 1, 0, 0, 0, 0, 0, 1, 1, 0, 0, 1, 0, 0, 0, 0, 0, 0, 0, 1, 1, 1, 0, 1, 1, 0, 0, 1, 0, 2, 1, 0, 0, 0, 0, 2, 1, 1, 1, 1, 1, 0, 0, 0, 0, 1, 0, 2, 1, 0, 0, 2, 2]
Obj (MEDIOS ACT VS ACT BLS): 8.11
[1, 0, 1, 1, 1, 1, 2, 0, 1, 0, 2, 1, 0, 0, 1, 0, 1, 1, 1, 1, 0, 0, 1, 1, 1, 0, 0, 0, 0, 0, 0, 0, 1, 2, 1, 1, 0, 0, 0, 0, 1, 0, 1, 1, 0, 0, 0, 0, 1, 0, 0, 0, 0, 0, 1, 1, 0, 0, 1, 0, 0, 0, 0, 0, 0, 0, 1, 1, 1, 0, 1, 1, 0, 0, 1, 0, 2, 1, 0, 0, 0, 0, 2, 1, 1, 1, 1, 1, 0, 0, 0, 0, 1, 0, 2, 1, 0, 0, 2, 2]
Obj (MEDIOS ACT VS ACT BLS): 8.11
[1, 0, 1, 1, 1, 1, 2, 0, 1, 0, 2, 1, 0, 0, 1, 0, 1, 1, 1, 1, 0, 0, 1, 1, 1, 0, 0, 0, 0, 0, 0, 0, 1, 2, 1, 1, 0, 0, 0, 0, 1, 0, 1, 1, 0, 0, 0, 0, 1, 0, 0, 0, 0, 0, 1, 1, 0, 0, 1, 0, 0, 0, 0, 0, 0, 0, 1, 1, 1, 0, 1, 1, 0, 0, 1, 0, 2, 1, 0, 0, 0, 0, 2, 1, 1, 1, 1, 1, 0, 0, 0, 0, 1, 0, 2, 1, 0, 0, 2, 2]
Obj (MEDIOS ACT VS ACT BLS): 8.11
[1, 0, 1, 1, 1, 1, 2, 0, 1, 0, 2, 1, 0, 0, 1, 0, 1, 1, 1, 1, 0, 0, 1, 1, 1, 0, 0, 0, 0, 0, 0, 0, 1, 2, 1, 1, 0, 0, 0, 0, 1, 0, 1, 1, 0, 0, 0, 0, 1, 0, 0, 0, 0, 0, 1, 1, 0, 0, 1, 0, 0, 0, 0, 0, 0, 0, 1, 1, 1, 0, 1, 1, 0, 0, 1, 0, 2, 1, 0, 0, 0, 0, 2, 1, 1, 1, 1, 1, 0, 0, 0, 0, 1, 0, 2, 1, 0, 0, 2, 2]
Obj (MEDIOS ACT VS ACT BLS): 8.11
[1, 0, 1, 1, 1, 1, 2, 0, 1, 0, 2, 1, 0, 0, 1, 0, 1, 1, 1, 1, 0, 0, 1, 1, 1, 0, 0, 0, 0, 0, 0, 0, 1, 2, 1, 1, 0, 0, 0, 0, 1, 0, 1, 1, 0, 0, 0, 0, 1, 0, 0, 0, 0, 0, 1, 1, 0, 0, 1, 0, 0, 0, 0, 0, 0, 0, 1, 1, 1, 0, 1, 1, 0, 0, 1, 0, 2, 1, 0, 0, 0, 0, 2, 1, 1, 1, 1, 1, 0, 0, 0, 0, 1, 0, 2, 1, 0, 0, 2, 2]
Obj (MEDIOS ACT VS ACT BLS): 8.11
[1, 0, 1, 1, 1, 1, 2, 0, 1, 0, 2, 1, 0, 0, 1, 0, 1, 1, 1, 1, 0, 0, 1, 1, 1, 0, 0, 0, 0, 0, 0, 0, 1, 2, 1, 1, 0, 0, 0, 0, 1, 0, 1, 1, 0, 0, 0, 0, 1, 0, 0, 0, 0, 0, 1, 1, 0, 0, 1, 0, 0, 0, 0, 0, 0, 0, 1, 1, 1, 0, 1, 1, 0, 0, 1, 0, 2, 1, 0, 0, 0, 0, 2, 1, 1, 1, 1, 1, 0, 0, 0, 0, 1, 0, 2, 1, 0, 0, 2, 2]
Obj (MEDIOS ACT VS ACT BLS): 8.11
[1, 0, 1, 1, 1, 1, 2, 0, 1, 0, 2, 1, 0, 0, 1, 0, 1, 1, 1, 1, 0, 0, 1, 1, 1, 0, 0, 0, 0, 0, 0, 0, 1, 2, 1, 1, 0, 0, 0, 0, 1, 0, 1, 1, 0, 0, 0, 0, 1, 0, 0, 0, 0, 0, 1, 1, 0, 0, 1, 0, 0, 0, 0, 0, 0, 0, 1, 1, 1, 0, 1, 1, 0, 0, 1, 0, 2, 1, 0, 0, 0, 0, 2, 1, 1, 1, 1, 1, 0, 0, 0, 0, 1, 0, 2, 1, 0, 0, 2, 2]
Obj (MEDIOS ACT VS ACT BLS): 8.11
[1, 0, 1, 1, 1, 1, 2, 0, 1, 0, 2, 1, 0, 0, 1, 0, 1, 1, 1, 1, 0, 0, 1, 1, 1, 0, 0, 0, 0, 0, 0, 0, 1, 2, 1, 1, 0, 0, 0, 0, 1, 0, 1, 1, 0, 0, 0, 0, 1, 0, 0, 0, 0, 0, 1, 1, 0, 0, 1, 0, 0, 0, 0, 0, 0, 0, 1, 1, 1, 0, 1, 1, 0, 0, 1, 0, 2, 1, 0, 0, 0, 0, 2, 1, 1, 1, 1, 1, 0, 0, 0, 0, 1, 0, 2, 1, 0, 0, 2, 2]
Obj (MEDIOS ACT VS ACT BLS): 8.11
[1, 0, 1, 1, 1, 1, 2, 0, 1, 0, 2, 1, 0, 0, 1, 0, 1, 1, 1, 1, 0, 0, 1, 1, 1, 0, 0, 0, 0, 0, 0, 0, 1, 2, 1, 1, 0, 0, 0, 0, 1, 0, 1, 1, 0, 0, 0, 0, 1, 0, 0, 0, 0, 0, 1, 1, 0, 0, 1, 0, 0, 0, 0, 0, 0, 0, 1, 1, 1, 0, 1, 1, 0, 0, 1, 0, 2, 1, 0, 0, 0, 0, 2, 1, 1, 1, 1, 1, 0, 0, 0, 0, 1, 0, 2, 1, 0, 0, 2, 2]
Obj (MEDIOS ACT VS ACT BLS): 8.11
[1, 0, 1, 1, 1, 1, 2, 0, 1, 0, 2, 1, 0, 0, 1, 0, 1, 1, 1, 1, 0, 0, 1, 1, 1, 0, 0, 0, 0, 0, 0, 0, 1, 2, 1, 1, 0, 0, 0, 0, 1, 0, 1, 1, 0, 0, 0, 0, 1, 0, 0, 0, 0, 0, 1, 1, 0, 0, 1, 0, 0, 0, 0, 0, 0, 0, 1, 1, 1, 0, 1, 1, 0, 0, 1, 0, 2, 1, 0, 0, 0, 0, 2, 1, 1, 1, 1, 1, 0, 0, 0, 0, 1, 0, 2, 1, 0, 0, 2, 2]
Obj (MEDIOS ACT VS ACT BLS): 8.11
[1, 0, 1, 1, 1, 1, 2, 0, 1, 0, 2, 1, 0, 0, 1, 0, 1, 1, 1, 1, 0, 0, 1, 1, 1, 0, 0, 0, 0, 0, 0, 0, 1, 2, 1, 1, 0, 0, 0, 0, 1, 0, 1, 1, 0, 0, 0, 0, 1, 0, 0, 0, 0, 0, 1, 1, 0, 0, 1, 0, 0, 0, 0, 0, 0, 0, 1, 1, 1, 0, 1, 1, 0, 0, 1, 0, 2, 1, 0, 0, 0, 0, 2, 1, 1, 1, 1, 1, 0, 0, 0, 0, 1, 0, 2, 1, 0, 0, 2, 2]
Obj (MEDIOS ACT VS ACT BLS): 8.11
[1, 0, 1, 1, 1, 1, 2, 0, 1, 0, 2, 1, 0, 0, 1, 0, 1, 1, 1, 1, 0, 0, 1, 1, 1, 0, 0, 0, 0, 0, 0, 0, 1, 2, 1, 1, 0, 0, 0, 0, 1, 0, 1, 1, 0, 0, 0, 0, 1, 0, 0, 0, 0, 0, 1, 1, 0, 0, 1, 0, 0, 0, 0, 0, 0, 0, 1, 1, 1, 0, 1, 1, 0, 0, 1, 0, 2, 1, 0, 0, 0, 0, 2, 1, 1, 1, 1, 1, 0, 0, 0, 0, 1, 0, 2, 1, 0, 0, 2, 2]
Obj (MEDIOS ACT VS ACT BLS): 8.11
[1, 0, 1, 1, 1, 1, 2, 0, 1, 0, 2, 1, 0, 0, 1, 0, 1, 1, 1, 1, 0, 0, 1, 1, 1, 0, 0, 0, 0, 0, 0, 0, 1, 2, 1, 1, 0, 0, 0, 0, 1, 0, 1, 1, 0, 0, 0, 0, 1, 0, 0, 0, 0, 0, 1, 1, 0, 0, 1, 0, 0, 0, 0, 0, 0, 0, 1, 1, 1, 0, 1, 1, 0, 0, 1, 0, 2, 1, 0, 0, 0, 0, 2, 1, 1, 1, 1, 1, 0, 0, 0, 0, 1, 0, 2, 1, 0, 0, 2, 2]
Obj (MEDIOS ACT VS ACT BLS): 8.11
[1, 0, 1, 1, 1, 1, 2, 0, 1, 0, 2, 1, 0, 0, 1, 0, 1, 1, 1, 1, 0, 0, 1, 1, 1, 0, 0, 0, 0, 0, 0, 0, 1, 2, 1, 1, 0, 0, 0, 0, 1, 0, 1, 1, 0, 0, 0, 0, 1, 0, 0, 0, 0, 0, 1, 1, 0, 0, 1, 0, 0, 0, 0, 0, 0, 0, 1, 1, 1, 0, 1, 1, 0, 0, 1, 0, 2, 1, 0, 0, 0, 0, 2, 1, 1, 1, 1, 1, 0, 0, 0, 0, 1, 0, 2, 1, 0, 0, 2, 2]
Obj (MEDIOS ACT VS ACT BLS): 8.11
[1, 0, 1, 1, 1, 1, 2, 0, 1, 0, 2, 1, 0, 0, 1, 0, 1, 1, 1, 1, 0, 0, 1, 1, 1, 0, 0, 0, 0, 0, 0, 0, 1, 2, 1, 1, 0, 0, 0, 0, 1, 0, 1, 1, 0, 0, 0, 0, 1, 0, 0, 0, 0, 0, 1, 1, 0, 0, 1, 0, 0, 0, 0, 0, 0, 0, 1, 1, 1, 0, 1, 1, 0, 0, 1, 0, 2, 1, 0, 0, 0, 0, 2, 1, 1, 1, 1, 1, 0, 0, 0, 0, 1, 0, 2, 1, 0, 0, 2, 2]
Obj (MEDIOS ACT VS ACT BLS): 8.11
[1, 0, 1, 1, 1, 1, 2, 0, 1, 0, 2, 1, 0, 0, 1, 0, 1, 1, 1, 1, 0, 0, 1, 1, 1, 0, 0, 0, 0, 0, 0, 0, 1, 2, 1, 1, 0, 0, 0, 0, 1, 0, 1, 1, 0, 0, 0, 0, 1, 0, 0, 0, 0, 0, 1, 1, 0, 0, 1, 0, 0, 0, 0, 0, 0, 0, 1, 1, 1, 0, 1, 1, 0, 0, 1, 0, 2, 1, 0, 0, 0, 0, 2, 1, 1, 1, 1, 1, 0, 0, 0, 0, 1, 0, 2, 1, 0, 0, 2, 2]
Obj (MEDIOS ACT VS ACT BLS): 8.11
[1, 0, 1, 1, 1, 1, 2, 0, 1, 0, 2, 1, 0, 0, 1, 0, 1, 1, 1, 1, 0, 0, 1, 1, 1, 0, 0, 0, 0, 0, 0, 0, 1, 2, 1, 1, 0, 0, 0, 0, 1, 0, 1, 1, 0, 0, 0, 0, 1, 0, 0, 0, 0, 0, 1, 1, 0, 0, 1, 0, 0, 0, 0, 0, 0, 0, 1, 1, 1, 0, 1, 1, 0, 0, 1, 0, 2, 1, 0, 0, 0, 0, 2, 1, 1, 1, 1, 1, 0, 0, 0, 0, 1, 0, 2, 1, 0, 0, 2, 2]
Obj (MEDIOS ACT VS ACT BLS): 8.11
[1, 0, 1, 1, 1, 1, 2, 0, 1, 0, 2, 1, 0, 0, 1, 0, 1, 1, 1, 1, 0, 0, 1, 1, 1, 0, 0, 0, 0, 0, 0, 0, 1, 2, 1, 1, 0, 0, 0, 0, 1, 0, 1, 1, 0, 0, 0, 0, 1, 0, 0, 0, 0, 0, 1, 1, 0, 0, 1, 0, 0, 0, 0, 0, 0, 0, 1, 1, 1, 0, 1, 1, 0, 0, 1, 0, 2, 1, 0, 0, 0, 0, 2, 1, 1, 1, 1, 1, 0, 0, 0, 0, 1, 0, 2, 1, 0, 0, 2, 2]
Obj (MEDIOS ACT VS ACT BLS): 8.11
[1, 0, 1, 1, 1, 1, 2, 0, 1, 0, 2, 1, 0, 0, 1, 0, 1, 1, 1, 1, 0, 0, 1, 1, 1, 0, 0, 0, 0, 0, 0, 0, 1, 2, 1, 1, 0, 0, 0, 0, 1, 0, 1, 1, 0, 0, 0, 0, 1, 0, 0, 0, 0, 0, 1, 1, 0, 0, 1, 0, 0, 0, 0, 0, 0, 0, 1, 1, 1, 0, 1, 1, 0, 0, 1, 0, 2, 1, 0, 0, 0, 0, 2, 1, 1, 1, 1, 1, 0, 0, 0, 0, 1, 0, 2, 1, 0, 0, 2, 2]
Obj (MEDIOS ACT VS ACT BLS): 8.11
[1, 0, 1, 1, 1, 1, 2, 0, 1, 0, 2, 1, 0, 0, 1, 0, 1, 1, 1, 1, 0, 0, 1, 1, 1, 0, 0, 0, 0, 0, 0, 0, 1, 2, 1, 1, 0, 0, 0, 0, 1, 0, 1, 1, 0, 0, 0, 0, 1, 0, 0, 0, 0, 0, 1, 1, 0, 0, 1, 0, 0, 0, 0, 0, 0, 0, 1, 1, 1, 0, 1, 1, 0, 0, 1, 0, 2, 1, 0, 0, 0, 0, 2, 1, 1, 1, 1, 1, 0, 0, 0, 0, 1, 0, 2, 1, 0, 0, 2, 2]
Obj (MEDIOS ACT VS ACT BLS): 8.11
[1, 0, 1, 1, 1, 1, 2, 0, 1, 0, 2, 1, 0, 0, 1, 0, 1, 1, 1, 1, 0, 0, 1, 1, 1, 0, 0, 0, 0, 0, 0, 0, 1, 2, 1, 1, 0, 0, 0, 0, 1, 0, 1, 1, 0, 0, 0, 0, 1, 0, 0, 0, 0, 0, 1, 1, 0, 0, 1, 0, 0, 0, 0, 0, 0, 0, 1, 1, 1, 0, 1, 1, 0, 0, 1, 0, 2, 1, 0, 0, 0, 0, 2, 1, 1, 1, 1, 1, 0, 0, 0, 0, 1, 0, 2, 1, 0, 0, 2, 2]
Obj (MEDIOS ACT VS ACT BLS): 8.11
[1, 0, 1, 1, 1, 1, 2, 0, 1, 0, 2, 1, 0, 0, 1, 0, 1, 1, 1, 1, 0, 0, 1, 1, 1, 0, 0, 0, 0, 0, 0, 0, 1, 2, 1, 1, 0, 0, 0, 0, 1, 0, 1, 1, 0, 0, 0, 0, 1, 0, 0, 0, 0, 0, 1, 1, 0, 0, 1, 0, 0, 0, 0, 0, 0, 0, 1, 1, 1, 0, 1, 1, 0, 0, 1, 0, 2, 1, 0, 0, 0, 0, 2, 1, 1, 1, 1, 1, 0, 0, 0, 0, 1, 0, 2, 1, 0, 0, 2, 2]
Obj (MEDIOS ACT VS ACT BLS): 8.11
[1, 0, 1, 1, 1, 1, 2, 0, 1, 0, 2, 1, 0, 0, 1, 0, 1, 1, 1, 1, 0, 0, 1, 1, 1, 0, 0, 0, 0, 0, 0, 0, 1, 2, 1, 1, 0, 0, 0, 0, 1, 0, 1, 1, 0, 0, 0, 0, 1, 0, 0, 0, 0, 0, 1, 1, 0, 0, 1, 0, 0, 0, 0, 0, 0, 0, 1, 1, 1, 0, 1, 1, 0, 0, 1, 0, 2, 1, 0, 0, 0, 0, 2, 1, 1, 1, 1, 1, 0, 0, 0, 0, 1, 0, 2, 1, 0, 0, 2, 2]
Obj (MEDIOS ACT VS ACT BLS): 8.11
[1, 0, 1, 1, 1, 1, 2, 0, 1, 0, 2, 1, 0, 0, 1, 0, 1, 1, 1, 1, 0, 0, 1, 1, 1, 0, 0, 0, 0, 0, 0, 0, 1, 2, 1, 1, 0, 0, 0, 0, 1, 0, 1, 1, 0, 0, 0, 0, 1, 0, 0, 0, 0, 0, 1, 1, 0, 0, 1, 0, 0, 0, 0, 0, 0, 0, 1, 1, 1, 0, 1, 1, 0, 0, 1, 0, 2, 1, 0, 0, 0, 0, 2, 1, 1, 1, 1, 1, 0, 0, 0, 0, 1, 0, 2, 1, 0, 0, 2, 2]
Obj (MEDIOS ACT VS ACT BLS): 8.11
[1, 0, 1, 1, 1, 1, 2, 0, 1, 0, 2, 1, 0, 0, 1, 0, 1, 1, 1, 1, 0, 0, 1, 1, 1, 0, 0, 0, 0, 0, 0, 0, 1, 2, 1, 1, 0, 0, 0, 0, 1, 0, 1, 1, 0, 0, 0, 0, 1, 0, 0, 0, 0, 0, 1, 1, 0, 0, 1, 0, 0, 0, 0, 0, 0, 0, 1, 1, 1, 0, 1, 1, 0, 0, 1, 0, 2, 1, 0, 0, 0, 0, 2, 1, 1, 1, 1, 1, 0, 0, 0, 0, 1, 0, 2, 1, 0, 0, 2, 2]
Obj (MEDIOS ACT VS ACT BLS): 8.11
[1, 0, 1, 1, 1, 1, 2, 0, 1, 0, 2, 1, 0, 0, 1, 0, 1, 1, 1, 1, 0, 0, 1, 1, 1, 0, 0, 0, 0, 0, 0, 0, 1, 2, 1, 1, 0, 0, 0, 0, 1, 0, 1, 1, 0, 0, 0, 0, 1, 0, 0, 0, 0, 0, 1, 1, 0, 0, 1, 0, 0, 0, 0, 0, 0, 0, 1, 1, 1, 0, 1, 1, 0, 0, 1, 0, 2, 1, 0, 0, 0, 0, 2, 1, 1, 1, 1, 1, 0, 0, 0, 0, 1, 0, 2, 1, 0, 0, 2, 2]
Obj (MEDIOS ACT VS ACT BLS): 8.11
[1, 0, 1, 1, 1, 1, 2, 0, 1, 0, 2, 1, 0, 0, 1, 0, 1, 1, 1, 1, 0, 0, 1, 1, 1, 0, 0, 0, 0, 0, 0, 0, 1, 2, 1, 1, 0, 0, 0, 0, 1, 0, 1, 1, 0, 0, 0, 0, 1, 0, 0, 0, 0, 0, 1, 1, 0, 0, 1, 0, 0, 0, 0, 0, 0, 0, 1, 1, 1, 0, 1, 1, 0, 0, 1, 0, 2, 1, 0, 0, 0, 0, 2, 1, 1, 1, 1, 1, 0, 0, 0, 0, 1, 0, 2, 1, 0, 0, 2, 2]
Obj (MEDIOS ACT VS ACT BLS): 8.11
[1, 0, 1, 1, 1, 1, 2, 0, 1, 0, 2, 1, 0, 0, 1, 0, 1, 1, 1, 1, 0, 0, 1, 1, 1, 0, 0, 0, 0, 0, 0, 0, 1, 2, 1, 1, 0, 0, 0, 0, 1, 0, 1, 1, 0, 0, 0, 0, 1, 0, 0, 0, 0, 0, 1, 1, 0, 0, 1, 0, 0, 0, 0, 0, 0, 0, 1, 1, 1, 0, 1, 1, 0, 0, 1, 0, 2, 1, 0, 0, 0, 0, 2, 1, 1, 1, 1, 1, 0, 0, 0, 0, 1, 0, 2, 1, 0, 0, 2, 2]
Obj (MEDIOS ACT VS ACT BLS): 8.11
[1, 0, 1, 1, 1, 1, 2, 0, 1, 0, 2, 1, 0, 0, 1, 0, 1, 1, 1, 1, 0, 0, 1, 1, 1, 0, 0, 0, 0, 0, 0, 0, 1, 2, 1, 1, 0, 0, 0, 0, 1, 0, 1, 1, 0, 0, 0, 0, 1, 0, 0, 0, 0, 0, 1, 1, 0, 0, 1, 0, 0, 0, 0, 0, 0, 0, 1, 1, 1, 0, 1, 1, 0, 0, 1, 0, 2, 1, 0, 0, 0, 0, 2, 1, 1, 1, 1, 1, 0, 0, 0, 0, 1, 0, 2, 1, 0, 0, 2, 2]
Obj (MEDIOS ACT VS ACT BLS): 8.11
[1, 0, 1, 1, 1, 1, 2, 0, 1, 0, 2, 1, 0, 0, 1, 0, 1, 1, 1, 1, 0, 0, 1, 1, 1, 0, 0, 0, 0, 0, 0, 0, 1, 2, 1, 1, 0, 0, 0, 0, 1, 0, 1, 1, 0, 0, 0, 0, 1, 0, 0, 0, 0, 0, 1, 1, 0, 0, 1, 0, 0, 0, 0, 0, 0, 0, 1, 1, 1, 0, 1, 1, 0, 0, 1, 0, 2, 1, 0, 0, 0, 0, 2, 1, 1, 1, 1, 1, 0, 0, 0, 0, 1, 0, 2, 1, 0, 0, 2, 2]
Obj (MEDIOS ACT VS ACT BLS): 8.11
[1, 0, 1, 1, 1, 1, 2, 0, 1, 0, 2, 1, 0, 0, 1, 0, 1, 1, 1, 1, 0, 0, 1, 1, 1, 0, 0, 0, 0, 0, 0, 0, 1, 2, 1, 1, 0, 0, 0, 0, 1, 0, 1, 1, 0, 0, 0, 0, 1, 0, 0, 0, 0, 0, 1, 1, 0, 0, 1, 0, 0, 0, 0, 0, 0, 0, 1, 1, 1, 0, 1, 1, 0, 0, 1, 0, 2, 1, 0, 0, 0, 0, 2, 1, 1, 1, 1, 1, 0, 0, 0, 0, 1, 0, 2, 1, 0, 0, 2, 2]
Obj (MEDIOS ACT VS ACT BLS): 8.11
[1, 0, 1, 1, 1, 1, 2, 0, 1, 0, 2, 1, 0, 0, 1, 0, 1, 1, 1, 1, 0, 0, 1, 1, 1, 0, 0, 0, 0, 0, 0, 0, 1, 2, 1, 1, 0, 0, 0, 0, 1, 0, 1, 1, 0, 0, 0, 0, 1, 0, 0, 0, 0, 0, 1, 1, 0, 0, 1, 0, 0, 0, 0, 0, 0, 0, 1, 1, 1, 0, 1, 1, 0, 0, 1, 0, 2, 1, 0, 0, 0, 0, 2, 1, 1, 1, 1, 1, 0, 0, 0, 0, 1, 0, 2, 1, 0, 0, 2, 2]
Obj (MEDIOS ACT VS ACT BLS): 8.11
[1, 0, 1, 1, 1, 1, 2, 0, 1, 0, 2, 1, 0, 0, 1, 0, 1, 1, 1, 1, 0, 0, 1, 1, 1, 0, 0, 0, 0, 0, 0, 0, 1, 2, 1, 1, 0, 0, 0, 0, 1, 0, 1, 1, 0, 0, 0, 0, 1, 0, 0, 0, 0, 0, 1, 1, 0, 0, 1, 0, 0, 0, 0, 0, 0, 0, 1, 1, 1, 0, 1, 1, 0, 0, 1, 0, 2, 1, 0, 0, 0, 0, 2, 1, 1, 1, 1, 1, 0, 0, 0, 0, 1, 0, 2, 1, 0, 0, 2, 2]
Obj (MEDIOS ACT VS ACT BLS): 8.11
[1, 0, 1, 1, 1, 1, 2, 0, 1, 0, 2, 1, 0, 0, 1, 0, 1, 1, 1, 1, 0, 0, 1, 1, 1, 0, 0, 0, 0, 0, 0, 0, 1, 2, 1, 1, 0, 0, 0, 0, 1, 0, 1, 1, 0, 0, 0, 0, 1, 0, 0, 0, 0, 0, 1, 1, 0, 0, 1, 0, 0, 0, 0, 0, 0, 0, 1, 1, 1, 0, 1, 1, 0, 0, 1, 0, 2, 1, 0, 0, 0, 0, 2, 1, 1, 1, 1, 1, 0, 0, 0, 0, 1, 0, 2, 1, 0, 0, 2, 2]
Obj (MEDIOS ACT VS ACT BLS): 8.11
[1, 0, 1, 1, 1, 1, 2, 0, 1, 0, 2, 1, 0, 0, 1, 0, 1, 1, 1, 1, 0, 0, 1, 1, 1, 0, 0, 0, 0, 0, 0, 0, 1, 2, 1, 1, 0, 0, 0, 0, 1, 0, 1, 1, 0, 0, 0, 0, 1, 0, 0, 0, 0, 0, 1, 1, 0, 0, 1, 0, 0, 0, 0, 0, 0, 0, 1, 1, 1, 0, 1, 1, 0, 0, 1, 0, 2, 1, 0, 0, 0, 0, 2, 1, 1, 1, 1, 1, 0, 0, 0, 0, 1, 0, 2, 1, 0, 0, 2, 2]
Obj (MEDIOS ACT VS ACT BLS): 8.11
[1, 0, 1, 1, 1, 1, 2, 0, 1, 0, 2, 1, 0, 0, 1, 0, 1, 1, 1, 1, 0, 0, 1, 1, 1, 0, 0, 0, 0, 0, 0, 0, 1, 2, 1, 1, 0, 0, 0, 0, 1, 0, 1, 1, 0, 0, 0, 0, 1, 0, 0, 0, 0, 0, 1, 1, 0, 0, 1, 0, 0, 0, 0, 0, 0, 0, 1, 1, 1, 0, 1, 1, 0, 0, 1, 0, 2, 1, 0, 0, 0, 0, 2, 1, 1, 1, 1, 1, 0, 0, 0, 0, 1, 0, 2, 1, 0, 0, 2, 2]
Obj (MEDIOS ACT VS ACT BLS): 8.11
[1, 0, 1, 1, 1, 1, 2, 0, 1, 0, 2, 1, 0, 0, 1, 0, 1, 1, 1, 1, 0, 0, 1, 1, 1, 0, 0, 0, 0, 0, 0, 0, 1, 2, 1, 1, 0, 0, 0, 0, 1, 0, 1, 1, 0, 0, 0, 0, 1, 0, 0, 0, 0, 0, 1, 1, 0, 0, 1, 0, 0, 0, 0, 0, 0, 0, 1, 1, 1, 0, 1, 1, 0, 0, 1, 0, 2, 1, 0, 0, 0, 0, 2, 1, 1, 1, 1, 1, 0, 0, 0, 0, 1, 0, 2, 1, 0, 0, 2, 2]
Obj (MEDIOS ACT VS ACT BLS): 8.11
[1, 0, 1, 1, 1, 1, 2, 0, 1, 0, 2, 1, 0, 0, 1, 0, 1, 1, 1, 1, 0, 0, 1, 1, 1, 0, 0, 0, 0, 0, 0, 0, 1, 2, 1, 1, 0, 0, 0, 0, 1, 0, 1, 1, 0, 0, 0, 0, 1, 0, 0, 0, 0, 0, 1, 1, 0, 0, 1, 0, 0, 0, 0, 0, 0, 0, 1, 1, 1, 0, 1, 1, 0, 0, 1, 0, 2, 1, 0, 0, 0, 0, 2, 1, 1, 1, 1, 1, 0, 0, 0, 0, 1, 0, 2, 1, 0, 0, 2, 2]
Obj (MEDIOS ACT VS ACT BLS): 8.11
[1, 0, 1, 1, 1, 1, 2, 0, 1, 0, 2, 1, 0, 0, 1, 0, 1, 1, 1, 1, 0, 0, 1, 1, 1, 0, 0, 0, 0, 0, 0, 0, 1, 2, 1, 1, 0, 0, 0, 0, 1, 0, 1, 1, 0, 0, 0, 0, 1, 0, 0, 0, 0, 0, 1, 1, 0, 0, 1, 0, 0, 0, 0, 0, 0, 0, 1, 1, 1, 0, 1, 1, 0, 0, 1, 0, 2, 1, 0, 0, 0, 0, 2, 1, 1, 1, 1, 1, 0, 0, 0, 0, 1, 0, 2, 1, 0, 0, 2, 2]
Obj (MEDIOS ACT VS ACT BLS): 8.11
[1, 0, 1, 1, 1, 1, 2, 0, 1, 0, 2, 1, 0, 0, 1, 0, 1, 1, 1, 1, 0, 0, 1, 1, 1, 0, 0, 0, 0, 0, 0, 0, 1, 2, 1, 1, 0, 0, 0, 0, 1, 0, 1, 1, 0, 0, 0, 0, 1, 0, 0, 0, 0, 0, 1, 1, 0, 0, 1, 0, 0, 0, 0, 0, 0, 0, 1, 1, 1, 0, 1, 1, 0, 0, 1, 0, 2, 1, 0, 0, 0, 0, 2, 1, 1, 1, 1, 1, 0, 0, 0, 0, 1, 0, 2, 1, 0, 0, 2, 2]
Obj (MEDIOS ACT VS ACT BLS): 8.11
[1, 0, 1, 1, 1, 1, 2, 0, 1, 0, 2, 1, 0, 0, 1, 0, 1, 1, 1, 1, 0, 0, 1, 1, 1, 0, 0, 0, 0, 0, 0, 0, 1, 2, 1, 1, 0, 0, 0, 0, 1, 0, 1, 1, 0, 0, 0, 0, 1, 0, 0, 0, 0, 0, 1, 1, 0, 0, 1, 0, 0, 0, 0, 0, 0, 0, 1, 1, 1, 0, 1, 1, 0, 0, 1, 0, 2, 1, 0, 0, 0, 0, 2, 1, 1, 1, 1, 1, 0, 0, 0, 0, 1, 0, 2, 1, 0, 0, 2, 2]
Obj (MEDIOS ACT VS ACT BLS): 8.11
[1, 0, 1, 1, 1, 1, 2, 0, 1, 0, 2, 1, 0, 0, 1, 0, 1, 1, 1, 1, 0, 0, 1, 1, 1, 0, 0, 0, 0, 0, 0, 0, 1, 2, 1, 1, 0, 0, 0, 0, 1, 0, 1, 1, 0, 0, 0, 0, 1, 0, 0, 0, 0, 0, 1, 1, 0, 0, 1, 0, 0, 0, 0, 0, 0, 0, 1, 1, 1, 0, 1, 1, 0, 0, 1, 0, 2, 1, 0, 0, 0, 0, 2, 1, 1, 1, 1, 1, 0, 0, 0, 0, 1, 0, 2, 1, 0, 0, 2, 2]
Obj (MEDIOS ACT VS ACT BLS): 8.11
[1, 0, 1, 1, 1, 1, 2, 0, 1, 0, 2, 1, 0, 0, 1, 0, 1, 1, 1, 1, 0, 0, 1, 1, 1, 0, 0, 0, 0, 0, 0, 0, 1, 2, 1, 1, 0, 0, 0, 0, 1, 0, 1, 1, 0, 0, 0, 0, 1, 0, 0, 0, 0, 0, 1, 1, 0, 0, 1, 0, 0, 0, 0, 0, 0, 0, 1, 1, 1, 0, 1, 1, 0, 0, 1, 0, 2, 1, 0, 0, 0, 0, 2, 1, 1, 1, 1, 1, 0, 0, 0, 0, 1, 0, 2, 1, 0, 0, 2, 2]
Obj (MEDIOS ACT VS ACT BLS): 8.11
[1, 0, 1, 1, 1, 1, 2, 0, 1, 0, 2, 1, 0, 0, 1, 0, 1, 1, 1, 1, 0, 0, 1, 1, 1, 0, 0, 0, 0, 0, 0, 0, 1, 2, 1, 1, 0, 0, 0, 0, 1, 0, 1, 1, 0, 0, 0, 0, 1, 0, 0, 0, 0, 0, 1, 1, 0, 0, 1, 0, 0, 0, 0, 0, 0, 0, 1, 1, 1, 0, 1, 1, 0, 0, 1, 0, 2, 1, 0, 0, 0, 0, 2, 1, 1, 1, 1, 1, 0, 0, 0, 0, 1, 0, 2, 1, 0, 0, 2, 2]
Obj (MEDIOS ACT VS ACT BLS): 8.11
[1, 0, 1, 1, 1, 1, 2, 0, 1, 0, 2, 1, 0, 0, 1, 0, 1, 1, 1, 1, 0, 0, 1, 1, 1, 0, 0, 0, 0, 0, 0, 0, 1, 2, 1, 1, 0, 0, 0, 0, 1, 0, 1, 1, 0, 0, 0, 0, 1, 0, 0, 0, 0, 0, 1, 1, 0, 0, 1, 0, 0, 0, 0, 0, 0, 0, 1, 1, 1, 0, 1, 1, 0, 0, 1, 0, 2, 1, 0, 0, 0, 0, 2, 1, 1, 1, 1, 1, 0, 0, 0, 0, 1, 0, 2, 1, 0, 0, 2, 2]
Obj (MEDIOS ACT VS ACT BLS): 8.11
[1, 0, 1, 1, 1, 1, 2, 0, 1, 0, 2, 1, 0, 0, 1, 0, 1, 1, 1, 1, 0, 0, 1, 1, 1, 0, 0, 0, 0, 0, 0, 0, 1, 2, 1, 1, 0, 0, 0, 0, 1, 0, 1, 1, 0, 0, 0, 0, 1, 0, 0, 0, 0, 0, 1, 1, 0, 0, 1, 0, 0, 0, 0, 0, 0, 0, 1, 1, 1, 0, 1, 1, 0, 0, 1, 0, 2, 1, 0, 0, 0, 0, 2, 1, 1, 1, 1, 1, 0, 0, 0, 0, 1, 0, 2, 1, 0, 0, 2, 2]
Obj (MEDIOS ACT VS ACT BLS): 8.11
[1, 0, 1, 1, 1, 1, 2, 0, 1, 0, 2, 1, 0, 0, 1, 0, 1, 1, 1, 1, 0, 0, 1, 1, 1, 0, 0, 0, 0, 0, 0, 0, 1, 2, 1, 1, 0, 0, 0, 0, 1, 0, 1, 1, 0, 0, 0, 0, 1, 0, 0, 0, 0, 0, 1, 1, 0, 0, 1, 0, 0, 0, 0, 0, 0, 0, 1, 1, 1, 0, 1, 1, 0, 0, 1, 0, 2, 1, 0, 0, 0, 0, 2, 1, 1, 1, 1, 1, 0, 0, 0, 0, 1, 0, 2, 1, 0, 0, 2, 2]
Obj (MEDIOS ACT VS ACT BLS): 8.11
[1, 0, 1, 1, 1, 1, 2, 0, 1, 0, 2, 1, 0, 0, 1, 0, 1, 1, 1, 1, 0, 0, 1, 1, 1, 0, 0, 0, 0, 0, 0, 0, 1, 2, 1, 1, 0, 0, 0, 0, 1, 0, 1, 1, 0, 0, 0, 0, 1, 0, 0, 0, 0, 0, 1, 1, 0, 0, 1, 0, 0, 0, 0, 0, 0, 0, 1, 1, 1, 0, 1, 1, 0, 0, 1, 0, 2, 1, 0, 0, 0, 0, 2, 1, 1, 1, 1, 1, 0, 0, 0, 0, 1, 0, 2, 1, 0, 0, 2, 2]
Obj (MEDIOS ACT VS ACT BLS): 8.11
[1, 0, 1, 1, 1, 1, 2, 0, 1, 0, 2, 1, 0, 0, 1, 0, 1, 1, 1, 1, 0, 0, 1, 1, 1, 0, 0, 0, 0, 0, 0, 0, 1, 2, 1, 1, 0, 0, 0, 0, 1, 0, 1, 1, 0, 0, 0, 0, 1, 0, 0, 0, 0, 0, 1, 1, 0, 0, 1, 0, 0, 0, 0, 0, 0, 0, 1, 1, 1, 0, 1, 1, 0, 0, 1, 0, 2, 1, 0, 0, 0, 0, 2, 1, 1, 1, 1, 1, 0, 0, 0, 0, 1, 0, 2, 1, 0, 0, 2, 2]
Obj (MEDIOS ACT VS ACT BLS): 8.11
[1, 0, 1, 1, 1, 1, 2, 0, 1, 0, 2, 1, 0, 0, 1, 0, 1, 1, 1, 1, 0, 0, 1, 1, 1, 0, 0, 0, 0, 0, 0, 0, 1, 2, 1, 1, 0, 0, 0, 0, 1, 0, 1, 1, 0, 0, 0, 0, 1, 0, 0, 0, 0, 0, 1, 1, 0, 0, 1, 0, 0, 0, 0, 0, 0, 0, 1, 1, 1, 0, 1, 1, 0, 0, 1, 0, 2, 1, 0, 0, 0, 0, 2, 1, 1, 1, 1, 1, 0, 0, 0, 0, 1, 0, 2, 1, 0, 0, 2, 2]
Obj (MEDIOS ACT VS ACT BLS): 8.11
[1, 0, 1, 1, 1, 1, 2, 0, 1, 0, 2, 1, 0, 0, 1, 0, 1, 1, 1, 1, 0, 0, 1, 1, 1, 0, 0, 0, 0, 0, 0, 0, 1, 2, 1, 1, 0, 0, 0, 0, 1, 0, 1, 1, 0, 0, 0, 0, 1, 0, 0, 0, 0, 0, 1, 1, 0, 0, 1, 0, 0, 0, 0, 0, 0, 0, 1, 1, 1, 0, 1, 1, 0, 0, 1, 0, 2, 1, 0, 0, 0, 0, 2, 1, 1, 1, 1, 1, 0, 0, 0, 0, 1, 0, 2, 1, 0, 0, 2, 2]
Obj (MEDIOS ACT VS ACT BLS): 8.11
[1, 0, 1, 1, 1, 1, 2, 0, 1, 0, 2, 1, 0, 0, 1, 0, 1, 1, 1, 1, 0, 0, 1, 1, 1, 0, 0, 0, 0, 0, 0, 0, 1, 2, 1, 1, 0, 0, 0, 0, 1, 0, 1, 1, 0, 0, 0, 0, 1, 0, 0, 0, 0, 0, 1, 1, 0, 0, 1, 0, 0, 0, 0, 0, 0, 0, 1, 1, 1, 0, 1, 1, 0, 0, 1, 0, 2, 1, 0, 0, 0, 0, 2, 1, 1, 1, 1, 1, 0, 0, 0, 0, 1, 0, 2, 1, 0, 0, 2, 2]
Obj (MEDIOS ACT VS ACT BLS): 8.11
[1, 0, 1, 1, 1, 1, 2, 0, 1, 0, 2, 1, 0, 0, 1, 0, 1, 1, 1, 1, 0, 0, 1, 1, 1, 0, 0, 0, 0, 0, 0, 0, 1, 2, 1, 1, 0, 0, 0, 0, 1, 0, 1, 1, 0, 0, 0, 0, 1, 0, 0, 0, 0, 0, 1, 1, 0, 0, 1, 0, 0, 0, 0, 0, 0, 0, 1, 1, 1, 0, 1, 1, 0, 0, 1, 0, 2, 1, 0, 0, 0, 0, 2, 1, 1, 1, 1, 1, 0, 0, 0, 0, 1, 0, 2, 1, 0, 0, 2, 2]
Obj (MEDIOS ACT VS ACT BLS): 8.11
[1, 0, 1, 1, 1, 1, 2, 0, 1, 0, 2, 1, 0, 0, 1, 0, 1, 1, 1, 1, 0, 0, 1, 1, 1, 0, 0, 0, 0, 0, 0, 0, 1, 2, 1, 1, 0, 0, 0, 0, 1, 0, 1, 1, 0, 0, 0, 0, 1, 0, 0, 0, 0, 0, 1, 1, 0, 0, 1, 0, 0, 0, 0, 0, 0, 0, 1, 1, 1, 0, 1, 1, 0, 0, 1, 0, 2, 1, 0, 0, 0, 0, 2, 1, 1, 1, 1, 1, 0, 0, 0, 0, 1, 0, 2, 1, 0, 0, 2, 2]
Obj (MEDIOS ACT VS ACT BLS): 8.11
[1, 0, 1, 1, 1, 1, 2, 0, 1, 0, 2, 1, 0, 0, 1, 0, 1, 1, 1, 1, 0, 0, 1, 1, 1, 0, 0, 0, 0, 0, 0, 0, 1, 2, 1, 1, 0, 0, 0, 0, 1, 0, 1, 1, 0, 0, 0, 0, 1, 0, 0, 0, 0, 0, 1, 1, 0, 0, 1, 0, 0, 0, 0, 0, 0, 0, 1, 1, 1, 0, 1, 1, 0, 0, 1, 0, 2, 1, 0, 0, 0, 0, 2, 1, 1, 1, 1, 1, 0, 0, 0, 0, 1, 0, 2, 1, 0, 0, 2, 2]
Obj (MEDIOS ACT VS ACT BLS): 8.11
[1, 0, 1, 1, 1, 1, 2, 0, 1, 0, 2, 1, 0, 0, 1, 0, 1, 1, 1, 1, 0, 0, 1, 1, 1, 0, 0, 0, 0, 0, 0, 0, 1, 2, 1, 1, 0, 0, 0, 0, 1, 0, 1, 1, 0, 0, 0, 0, 1, 0, 0, 0, 0, 0, 1, 1, 0, 0, 1, 0, 0, 0, 0, 0, 0, 0, 1, 1, 1, 0, 1, 1, 0, 0, 1, 0, 2, 1, 0, 0, 0, 0, 2, 1, 1, 1, 1, 1, 0, 0, 0, 0, 1, 0, 2, 1, 0, 0, 2, 2]
Obj (MEDIOS ACT VS ACT BLS): 8.11
[1, 0, 1, 1, 1, 1, 2, 0, 1, 0, 2, 1, 0, 0, 1, 0, 1, 1, 1, 1, 0, 0, 1, 1, 1, 0, 0, 0, 0, 0, 0, 0, 1, 2, 1, 1, 0, 0, 0, 0, 1, 0, 1, 1, 0, 0, 0, 0, 1, 0, 0, 0, 0, 0, 1, 1, 0, 0, 1, 0, 0, 0, 0, 0, 0, 0, 1, 1, 1, 0, 1, 1, 0, 0, 1, 0, 2, 1, 0, 0, 0, 0, 2, 1, 1, 1, 1, 1, 0, 0, 0, 0, 1, 0, 2, 1, 0, 0, 2, 2]
Obj (MEDIOS ACT VS ACT BLS): 8.11
[1, 0, 1, 1, 1, 1, 2, 0, 1, 0, 2, 1, 0, 0, 1, 0, 1, 1, 1, 1, 0, 0, 1, 1, 1, 0, 0, 0, 0, 0, 0, 0, 1, 2, 1, 1, 0, 0, 0, 0, 1, 0, 1, 1, 0, 0, 0, 0, 1, 0, 0, 0, 0, 0, 1, 1, 0, 0, 1, 0, 0, 0, 0, 0, 0, 0, 1, 1, 1, 0, 1, 1, 0, 0, 1, 0, 2, 1, 0, 0, 0, 0, 2, 1, 1, 1, 1, 1, 0, 0, 0, 0, 1, 0, 2, 1, 0, 0, 2, 2]
Obj (MEDIOS ACT VS ACT BLS): 8.11
[1, 0, 1, 1, 1, 1, 2, 0, 1, 0, 2, 1, 0, 0, 1, 0, 1, 1, 1, 1, 0, 0, 1, 1, 1, 0, 0, 0, 0, 0, 0, 0, 1, 2, 1, 1, 0, 0, 0, 0, 1, 0, 1, 1, 0, 0, 0, 0, 1, 0, 0, 0, 0, 0, 1, 1, 0, 0, 1, 0, 0, 0, 0, 0, 0, 0, 1, 1, 1, 0, 1, 1, 0, 0, 1, 0, 2, 1, 0, 0, 0, 0, 2, 1, 1, 1, 1, 1, 0, 0, 0, 0, 1, 0, 2, 1, 0, 0, 2, 2]
Obj (MEDIOS ACT VS ACT BLS): 8.11
[1, 0, 1, 1, 1, 1, 2, 0, 1, 0, 2, 1, 0, 0, 1, 0, 1, 1, 1, 1, 0, 0, 1, 1, 1, 0, 0, 0, 0, 0, 0, 0, 1, 2, 1, 1, 0, 0, 0, 0, 1, 0, 1, 1, 0, 0, 0, 0, 1, 0, 0, 0, 0, 0, 1, 1, 0, 0, 1, 0, 0, 0, 0, 0, 0, 0, 1, 1, 1, 0, 1, 1, 0, 0, 1, 0, 2, 1, 0, 0, 0, 0, 2, 1, 1, 1, 1, 1, 0, 0, 0, 0, 1, 0, 2, 1, 0, 0, 2, 2]
Obj (MEDIOS ACT VS ACT BLS): 8.11
[1, 0, 1, 1, 1, 1, 2, 0, 1, 0, 2, 1, 0, 0, 1, 0, 1, 1, 1, 1, 0, 0, 1, 1, 1, 0, 0, 0, 0, 0, 0, 0, 1, 2, 1, 1, 0, 0, 0, 0, 1, 0, 1, 1, 0, 0, 0, 0, 1, 0, 0, 0, 0, 0, 1, 1, 0, 0, 1, 0, 0, 0, 0, 0, 0, 0, 1, 1, 1, 0, 1, 1, 0, 0, 1, 0, 2, 1, 0, 0, 0, 0, 2, 1, 1, 1, 1, 1, 0, 0, 0, 0, 1, 0, 2, 1, 0, 0, 2, 2]
Obj (MEDIOS ACT VS ACT BLS): 8.11
[1, 0, 1, 1, 1, 1, 2, 0, 1, 0, 2, 1, 0, 0, 1, 0, 1, 1, 1, 1, 0, 0, 1, 1, 1, 0, 0, 0, 0, 0, 0, 0, 1, 2, 1, 1, 0, 0, 0, 0, 1, 0, 1, 1, 0, 0, 0, 0, 1, 0, 0, 0, 0, 0, 1, 1, 0, 0, 1, 0, 0, 0, 0, 0, 0, 0, 1, 1, 1, 0, 1, 1, 0, 0, 1, 0, 2, 1, 0, 0, 0, 0, 2, 1, 1, 1, 1, 1, 0, 0, 0, 0, 1, 0, 2, 1, 0, 0, 2, 2]
Obj (MEDIOS ACT VS ACT BLS): 8.11
[1, 0, 1, 1, 1, 1, 2, 0, 1, 0, 2, 1, 0, 0, 1, 0, 1, 1, 1, 1, 0, 0, 1, 1, 1, 0, 0, 0, 0, 0, 0, 0, 1, 2, 1, 1, 0, 0, 0, 0, 1, 0, 1, 1, 0, 0, 0, 0, 1, 0, 0, 0, 0, 0, 1, 1, 0, 0, 1, 0, 0, 0, 0, 0, 0, 0, 1, 1, 1, 0, 1, 1, 0, 0, 1, 0, 2, 1, 0, 0, 0, 0, 2, 1, 1, 1, 1, 1, 0, 0, 0, 0, 1, 0, 2, 1, 0, 0, 2, 2]
Obj (MEDIOS ACT VS ACT BLS): 8.11
[1, 0, 1, 1, 1, 1, 2, 0, 1, 0, 2, 1, 0, 0, 1, 0, 1, 1, 1, 1, 0, 0, 1, 1, 1, 0, 0, 0, 0, 0, 0, 0, 1, 2, 1, 1, 0, 0, 0, 0, 1, 0, 1, 1, 0, 0, 0, 0, 1, 0, 0, 0, 0, 0, 1, 1, 0, 0, 1, 0, 0, 0, 0, 0, 0, 0, 1, 1, 1, 0, 1, 1, 0, 0, 1, 0, 2, 1, 0, 0, 0, 0, 2, 1, 1, 1, 1, 1, 0, 0, 0, 0, 1, 0, 2, 1, 0, 0, 2, 2]
Obj (MEDIOS ACT VS ACT BLS): 8.11
[1, 0, 1, 1, 1, 1, 2, 0, 1, 0, 2, 1, 0, 0, 1, 0, 1, 1, 1, 1, 0, 0, 1, 1, 1, 0, 0, 0, 0, 0, 0, 0, 1, 2, 1, 1, 0, 0, 0, 0, 1, 0, 1, 1, 0, 0, 0, 0, 1, 0, 0, 0, 0, 0, 1, 1, 0, 0, 1, 0, 0, 0, 0, 0, 0, 0, 1, 1, 1, 0, 1, 1, 0, 0, 1, 0, 2, 1, 0, 0, 0, 0, 2, 1, 1, 1, 1, 1, 0, 0, 0, 0, 1, 0, 2, 1, 0, 0, 2, 2]
Obj (MEDIOS ACT VS ACT BLS): 8.11
[1, 0, 1, 1, 1, 1, 2, 0, 1, 0, 2, 1, 0, 0, 1, 0, 1, 1, 1, 1, 0, 0, 1, 1, 1, 0, 0, 0, 0, 0, 0, 0, 1, 2, 1, 1, 0, 0, 0, 0, 1, 0, 1, 1, 0, 0, 0, 0, 1, 0, 0, 0, 0, 0, 1, 1, 0, 0, 1, 0, 0, 0, 0, 0, 0, 0, 1, 1, 1, 0, 1, 1, 0, 0, 1, 0, 2, 1, 0, 0, 0, 0, 2, 1, 1, 1, 1, 1, 0, 0, 0, 0, 1, 0, 2, 1, 0, 0, 2, 2]
Obj (MEDIOS ACT VS ACT BLS): 8.11
[1, 0, 1, 1, 1, 1, 2, 0, 1, 0, 2, 1, 0, 0, 1, 0, 1, 1, 1, 1, 0, 0, 1, 1, 1, 0, 0, 0, 0, 0, 0, 0, 1, 2, 1, 1, 0, 0, 0, 0, 1, 0, 1, 1, 0, 0, 0, 0, 1, 0, 0, 0, 0, 0, 1, 1, 0, 0, 1, 0, 0, 0, 0, 0, 0, 0, 1, 1, 1, 0, 1, 1, 0, 0, 1, 0, 2, 1, 0, 0, 0, 0, 2, 1, 1, 1, 1, 1, 0, 0, 0, 0, 1, 0, 2, 1, 0, 0, 2, 2]
Obj (MEDIOS ACT VS ACT BLS): 8.11
[1, 0, 1, 1, 1, 1, 2, 0, 1, 0, 2, 1, 0, 0, 1, 0, 1, 1, 1, 1, 0, 0, 1, 1, 1, 0, 0, 0, 0, 0, 0, 0, 1, 2, 1, 1, 0, 0, 0, 0, 1, 0, 1, 1, 0, 0, 0, 0, 1, 0, 0, 0, 0, 0, 1, 1, 0, 0, 1, 0, 0, 0, 0, 0, 0, 0, 1, 1, 1, 0, 1, 1, 0, 0, 1, 0, 2, 1, 0, 0, 0, 0, 2, 1, 1, 1, 1, 1, 0, 0, 0, 0, 1, 0, 2, 1, 0, 0, 2, 2]
Obj (MEDIOS ACT VS ACT BLS): 8.11
[1, 0, 1, 1, 1, 1, 2, 0, 1, 0, 2, 1, 0, 0, 1, 0, 1, 1, 1, 1, 0, 0, 1, 1, 1, 0, 0, 0, 0, 0, 0, 0, 1, 2, 1, 1, 0, 0, 0, 0, 1, 0, 1, 1, 0, 0, 0, 0, 1, 0, 0, 0, 0, 0, 1, 1, 0, 0, 1, 0, 0, 0, 0, 0, 0, 0, 1, 1, 1, 0, 1, 1, 0, 0, 1, 0, 2, 1, 0, 0, 0, 0, 2, 1, 1, 1, 1, 1, 0, 0, 0, 0, 1, 0, 2, 1, 0, 0, 2, 2]
Obj (MEDIOS ACT VS ACT BLS): 8.11
[1, 0, 1, 1, 1, 1, 2, 0, 1, 0, 2, 1, 0, 0, 1, 0, 1, 1, 1, 1, 0, 0, 1, 1, 1, 0, 0, 0, 0, 0, 0, 0, 1, 2, 1, 1, 0, 0, 0, 0, 1, 0, 1, 1, 0, 0, 0, 0, 1, 0, 0, 0, 0, 0, 1, 1, 0, 0, 1, 0, 0, 0, 0, 0, 0, 0, 1, 1, 1, 0, 1, 1, 0, 0, 1, 0, 2, 1, 0, 0, 0, 0, 2, 1, 1, 1, 1, 1, 0, 0, 0, 0, 1, 0, 2, 1, 0, 0, 2, 2]
Obj (MEDIOS ACT VS ACT BLS): 8.11
[1, 0, 1, 1, 1, 1, 2, 0, 1, 0, 2, 1, 0, 0, 1, 0, 1, 1, 1, 1, 0, 0, 1, 1, 1, 0, 0, 0, 0, 0, 0, 0, 1, 2, 1, 1, 0, 0, 0, 0, 1, 0, 1, 1, 0, 0, 0, 0, 1, 0, 0, 0, 0, 0, 1, 1, 0, 0, 1, 0, 0, 0, 0, 0, 0, 0, 1, 1, 1, 0, 1, 1, 0, 0, 1, 0, 2, 1, 0, 0, 0, 0, 2, 1, 1, 1, 1, 1, 0, 0, 0, 0, 1, 0, 2, 1, 0, 0, 2, 2]
Obj (MEDIOS ACT VS ACT BLS): 8.11
[1, 0, 1, 1, 1, 1, 2, 0, 1, 0, 2, 1, 0, 0, 1, 0, 1, 1, 1, 1, 0, 0, 1, 1, 1, 0, 0, 0, 0, 0, 0, 0, 1, 2, 1, 1, 0, 0, 0, 0, 1, 0, 1, 1, 0, 0, 0, 0, 1, 0, 0, 0, 0, 0, 1, 1, 0, 0, 1, 0, 0, 0, 0, 0, 0, 0, 1, 1, 1, 0, 1, 1, 0, 0, 1, 0, 2, 1, 0, 0, 0, 0, 2, 1, 1, 1, 1, 1, 0, 0, 0, 0, 1, 0, 2, 1, 0, 0, 2, 2]
Obj (MEDIOS ACT VS ACT BLS): 8.11
[1, 0, 1, 1, 1, 1, 2, 0, 1, 0, 2, 1, 0, 0, 1, 0, 1, 1, 1, 1, 0, 0, 1, 1, 1, 0, 0, 0, 0, 0, 0, 0, 1, 2, 1, 1, 0, 0, 0, 0, 1, 0, 1, 1, 0, 0, 0, 0, 1, 0, 0, 0, 0, 0, 1, 1, 0, 0, 1, 0, 0, 0, 0, 0, 0, 0, 1, 1, 1, 0, 1, 1, 0, 0, 1, 0, 2, 1, 0, 0, 0, 0, 2, 1, 1, 1, 1, 1, 0, 0, 0, 0, 1, 0, 2, 1, 0, 0, 2, 2]
Obj (MEDIOS ACT VS ACT BLS): 8.11
[1, 0, 1, 1, 1, 1, 2, 0, 1, 0, 2, 1, 0, 0, 1, 0, 1, 1, 1, 1, 0, 0, 1, 1, 1, 0, 0, 0, 0, 0, 0, 0, 1, 2, 1, 1, 0, 0, 0, 0, 1, 0, 1, 1, 0, 0, 0, 0, 1, 0, 0, 0, 0, 0, 1, 1, 0, 0, 1, 0, 0, 0, 0, 0, 0, 0, 1, 1, 1, 0, 1, 1, 0, 0, 1, 0, 2, 1, 0, 0, 0, 0, 2, 1, 1, 1, 1, 1, 0, 0, 0, 0, 1, 0, 2, 1, 0, 0, 2, 2]
Obj (MEDIOS ACT VS ACT BLS): 8.11
[1, 0, 1, 1, 1, 1, 2, 0, 1, 0, 2, 1, 0, 0, 1, 0, 1, 1, 1, 1, 0, 0, 1, 1, 1, 0, 0, 0, 0, 0, 0, 0, 1, 2, 1, 1, 0, 0, 0, 0, 1, 0, 1, 1, 0, 0, 0, 0, 1, 0, 0, 0, 0, 0, 1, 1, 0, 0, 1, 0, 0, 0, 0, 0, 0, 0, 1, 1, 1, 0, 1, 1, 0, 0, 1, 0, 2, 1, 0, 0, 0, 0, 2, 1, 1, 1, 1, 1, 0, 0, 0, 0, 1, 0, 2, 1, 0, 0, 2, 2]
Obj (MEDIOS ACT VS ACT BLS): 8.11
[1, 0, 1, 1, 1, 1, 2, 0, 1, 0, 2, 1, 0, 0, 1, 0, 1, 1, 1, 1, 0, 0, 1, 1, 1, 0, 0, 0, 0, 0, 0, 0, 1, 2, 1, 1, 0, 0, 0, 0, 1, 0, 1, 1, 0, 0, 0, 0, 1, 0, 0, 0, 0, 0, 1, 1, 0, 0, 1, 0, 0, 0, 0, 0, 0, 0, 1, 1, 1, 0, 1, 1, 0, 0, 1, 0, 2, 1, 0, 0, 0, 0, 2, 1, 1, 1, 1, 1, 0, 0, 0, 0, 1, 0, 2, 1, 0, 0, 2, 2]
Obj (MEDIOS ACT VS ACT BLS): 8.11
[1, 0, 1, 1, 1, 1, 2, 0, 1, 0, 2, 1, 0, 0, 1, 0, 1, 1, 1, 1, 0, 0, 1, 1, 1, 0, 0, 0, 0, 0, 0, 0, 1, 2, 1, 1, 0, 0, 0, 0, 1, 0, 1, 1, 0, 0, 0, 0, 1, 0, 0, 0, 0, 0, 1, 1, 0, 0, 1, 0, 0, 0, 0, 0, 0, 0, 1, 1, 1, 0, 1, 1, 0, 0, 1, 0, 2, 1, 0, 0, 0, 0, 2, 1, 1, 1, 1, 1, 0, 0, 0, 0, 1, 0, 2, 1, 0, 0, 2, 2]
Obj (MEDIOS ACT VS ACT BLS): 8.11
[1, 0, 1, 1, 1, 1, 2, 0, 1, 0, 2, 1, 0, 0, 1, 0, 1, 1, 1, 1, 0, 0, 1, 1, 1, 0, 0, 0, 0, 0, 0, 0, 1, 2, 1, 1, 0, 0, 0, 0, 1, 0, 1, 1, 0, 0, 0, 0, 1, 0, 0, 0, 0, 0, 1, 1, 0, 0, 1, 0, 0, 0, 0, 0, 0, 0, 1, 1, 1, 0, 1, 1, 0, 0, 1, 0, 2, 1, 0, 0, 0, 0, 2, 1, 1, 1, 1, 1, 0, 0, 0, 0, 1, 0, 2, 1, 0, 0, 2, 2]
Obj (MEDIOS ACT VS ACT BLS): 8.11
[1, 0, 1, 1, 1, 1, 2, 0, 1, 0, 2, 1, 0, 0, 1, 0, 1, 1, 1, 1, 0, 0, 1, 1, 1, 0, 0, 0, 0, 0, 0, 0, 1, 2, 1, 1, 0, 0, 0, 0, 1, 0, 1, 1, 0, 0, 0, 0, 1, 0, 0, 0, 0, 0, 1, 1, 0, 0, 1, 0, 0, 0, 0, 0, 0, 0, 1, 1, 1, 0, 1, 1, 0, 0, 1, 0, 2, 1, 0, 0, 0, 0, 2, 1, 1, 1, 1, 1, 0, 0, 0, 0, 1, 0, 2, 1, 0, 0, 2, 2]
Obj (MEDIOS ACT VS ACT BLS): 8.11
[1, 0, 1, 1, 1, 1, 2, 0, 1, 0, 2, 1, 0, 0, 1, 0, 1, 1, 1, 1, 0, 0, 1, 1, 1, 0, 0, 0, 0, 0, 0, 0, 1, 2, 1, 1, 0, 0, 0, 0, 1, 0, 1, 1, 0, 0, 0, 0, 1, 0, 0, 0, 0, 0, 1, 1, 0, 0, 1, 0, 0, 0, 0, 0, 0, 0, 1, 1, 1, 0, 1, 1, 0, 0, 1, 0, 2, 1, 0, 0, 0, 0, 2, 1, 1, 1, 1, 1, 0, 0, 0, 0, 1, 0, 2, 1, 0, 0, 2, 2]
Obj (MEDIOS ACT VS ACT BLS): 8.11
[1, 0, 1, 1, 1, 1, 2, 0, 1, 0, 2, 1, 0, 0, 1, 0, 1, 1, 1, 1, 0, 0, 1, 1, 1, 0, 0, 0, 0, 0, 0, 0, 1, 2, 1, 1, 0, 0, 0, 0, 1, 0, 1, 1, 0, 0, 0, 0, 1, 0, 0, 0, 0, 0, 1, 1, 0, 0, 1, 0, 0, 0, 0, 0, 0, 0, 1, 1, 1, 0, 1, 1, 0, 0, 1, 0, 2, 1, 0, 0, 0, 0, 2, 1, 1, 1, 1, 1, 0, 0, 0, 0, 1, 0, 2, 1, 0, 0, 2, 2]
Obj (MEDIOS ACT VS ACT BLS): 8.11
[1, 0, 1, 1, 1, 1, 2, 0, 1, 0, 2, 1, 0, 0, 1, 0, 1, 1, 1, 1, 0, 0, 1, 1, 1, 0, 0, 0, 0, 0, 0, 0, 1, 2, 1, 1, 0, 0, 0, 0, 1, 0, 1, 1, 0, 0, 0, 0, 1, 0, 0, 0, 0, 0, 1, 1, 0, 0, 1, 0, 0, 0, 0, 0, 0, 0, 1, 1, 1, 0, 1, 1, 0, 0, 1, 0, 2, 1, 0, 0, 0, 0, 2, 1, 1, 1, 1, 1, 0, 0, 0, 0, 1, 0, 2, 1, 0, 0, 2, 2]
Obj (MEDIOS ACT VS ACT BLS): 8.055
[2, 0, 1, 1, 1, 1, 1, 0, 1, 0, 2, 1, 0, 0, 1, 0, 1, 1, 1, 1, 0, 0, 1, 1, 1, 0, 0, 0, 0, 0, 0, 0, 1, 2, 1, 1, 0, 0, 0, 0, 1, 0, 1, 1, 0, 0, 0, 0, 1, 0, 0, 0, 0, 0, 1, 1, 0, 0, 1, 0, 0, 0, 0, 0, 0, 0, 1, 1, 1, 0, 1, 1, 0, 0, 1, 0, 2, 1, 0, 0, 0, 0, 2, 1, 1, 1, 1, 1, 0, 0, 0, 0, 1, 0, 2, 1, 0, 0, 2, 2]
Obj (MEDIOS ACT VS ACT BLS): 8.06
[1, 0, 2, 1, 1, 1, 1, 0, 1, 0, 2, 1, 0, 0, 1, 0, 1, 1, 1, 1, 0, 0, 1, 1, 1, 0, 0, 0, 0, 0, 0, 0, 1, 2, 1, 1, 0, 0, 0, 0, 1, 0, 1, 1, 0, 0, 0, 0, 1, 0, 0, 0, 0, 0, 1, 1, 0, 0, 1, 0, 0, 0, 0, 0, 0, 0, 1, 1, 1, 0, 1, 1, 0, 0, 1, 0, 2, 1, 0, 0, 0, 0, 2, 1, 1, 1, 1, 1, 0, 0, 0, 0, 1, 0, 2, 1, 0, 0, 2, 2]
Obj (MEDIOS ACT VS ACT BLS): 8.06
[1, 0, 1, 1, 2, 1, 1, 0, 1, 0, 2, 1, 0, 0, 1, 0, 1, 1, 1, 1, 0, 0, 1, 1, 1, 0, 0, 0, 0, 0, 0, 0, 1, 2, 1, 1, 0, 0, 0, 0, 1, 0, 1, 1, 0, 0, 0, 0, 1, 0, 0, 0, 0, 0, 1, 1, 0, 0, 1, 0, 0, 0, 0, 0, 0, 0, 1, 1, 1, 0, 1, 1, 0, 0, 1, 0, 2, 1, 0, 0, 0, 0, 2, 1, 1, 1, 1, 1, 0, 0, 0, 0, 1, 0, 2, 1, 0, 0, 2, 2]
Obj (MEDIOS ACT VS ACT BLS): 8.055
[1, 0, 1, 1, 1, 1, 1, 0, 2, 0, 2, 1, 0, 0, 1, 0, 1, 1, 1, 1, 0, 0, 1, 1, 1, 0, 0, 0, 0, 0, 0, 0, 1, 2, 1, 1, 0, 0, 0, 0, 1, 0, 1, 1, 0, 0, 0, 0, 1, 0, 0, 0, 0, 0, 1, 1, 0, 0, 1, 0, 0, 0, 0, 0, 0, 0, 1, 1, 1, 0, 1, 1, 0, 0, 1, 0, 2, 1, 0, 0, 0, 0, 2, 1, 1, 1, 1, 1, 0, 0, 0, 0, 1, 0, 2, 1, 0, 0, 2, 2]
Obj (MEDIOS ACT VS ACT BLS): 8.055
[1, 0, 1, 1, 1, 1, 1, 0, 1, 0, 3, 1, 0, 0, 1, 0, 1, 1, 1, 1, 0, 0, 1, 1, 1, 0, 0, 0, 0, 0, 0, 0, 1, 2, 1, 1, 0, 0, 0, 0, 1, 0, 1, 1, 0, 0, 0, 0, 1, 0, 0, 0, 0, 0, 1, 1, 0, 0, 1, 0, 0, 0, 0, 0, 0, 0, 1, 1, 1, 0, 1, 1, 0, 0, 1, 0, 2, 1, 0, 0, 0, 0, 2, 1, 1, 1, 1, 1, 0, 0, 0, 0, 1, 0, 2, 1, 0, 0, 2, 2]
Obj (MEDIOS ACT VS ACT BLS): 8.055
[1, 0, 1, 1, 1, 1, 1, 0, 1, 0, 2, 1, 0, 0, 2, 0, 1, 1, 1, 1, 0, 0, 1, 1, 1, 0, 0, 0, 0, 0, 0, 0, 1, 2, 1, 1, 0, 0, 0, 0, 1, 0, 1, 1, 0, 0, 0, 0, 1, 0, 0, 0, 0, 0, 1, 1, 0, 0, 1, 0, 0, 0, 0, 0, 0, 0, 1, 1, 1, 0, 1, 1, 0, 0, 1, 0, 2, 1, 0, 0, 0, 0, 2, 1, 1, 1, 1, 1, 0, 0, 0, 0, 1, 0, 2, 1, 0, 0, 2, 2]
Obj (MEDIOS ACT VS ACT BLS): 8.055
[1, 0, 1, 1, 1, 1, 1, 0, 1, 0, 2, 1, 0, 0, 1, 0, 2, 1, 1, 1, 0, 0, 1, 1, 1, 0, 0, 0, 0, 0, 0, 0, 1, 2, 1, 1, 0, 0, 0, 0, 1, 0, 1, 1, 0, 0, 0, 0, 1, 0, 0, 0, 0, 0, 1, 1, 0, 0, 1, 0, 0, 0, 0, 0, 0, 0, 1, 1, 1, 0, 1, 1, 0, 0, 1, 0, 2, 1, 0, 0, 0, 0, 2, 1, 1, 1, 1, 1, 0, 0, 0, 0, 1, 0, 2, 1, 0, 0, 2, 2]
Obj (MEDIOS ACT VS ACT BLS): 8.06
[1, 0, 1, 1, 1, 1, 1, 0, 1, 0, 2, 1, 0, 0, 1, 0, 1, 1, 2, 1, 0, 0, 1, 1, 1, 0, 0, 0, 0, 0, 0, 0, 1, 2, 1, 1, 0, 0, 0, 0, 1, 0, 1, 1, 0, 0, 0, 0, 1, 0, 0, 0, 0, 0, 1, 1, 0, 0, 1, 0, 0, 0, 0, 0, 0, 0, 1, 1, 1, 0, 1, 1, 0, 0, 1, 0, 2, 1, 0, 0, 0, 0, 2, 1, 1, 1, 1, 1, 0, 0, 0, 0, 1, 0, 2, 1, 0, 0, 2, 2]
Obj (MEDIOS ACT VS ACT BLS): 8.095
[1, 0, 1, 1, 1, 1, 1, 0, 1, 0, 2, 1, 0, 0, 1, 0, 1, 1, 1, 1, 0, 0, 2, 1, 1, 0, 0, 0, 0, 0, 0, 0, 1, 2, 1, 1, 0, 0, 0, 0, 1, 0, 1, 1, 0, 0, 0, 0, 1, 0, 0, 0, 0, 0, 1, 1, 0, 0, 1, 0, 0, 0, 0, 0, 0, 0, 1, 1, 1, 0, 1, 1, 0, 0, 1, 0, 2, 1, 0, 0, 0, 0, 2, 1, 1, 1, 1, 1, 0, 0, 0, 0, 1, 0, 2, 1, 0, 0, 2, 2]
Obj (MEDIOS ACT VS ACT BLS): 8.06
[1, 0, 1, 1, 1, 1, 1, 0, 1, 0, 2, 1, 0, 0, 1, 0, 1, 1, 1, 1, 0, 0, 1, 1, 2, 0, 0, 0, 0, 0, 0, 0, 1, 2, 1, 1, 0, 0, 0, 0, 1, 0, 1, 1, 0, 0, 0, 0, 1, 0, 0, 0, 0, 0, 1, 1, 0, 0, 1, 0, 0, 0, 0, 0, 0, 0, 1, 1, 1, 0, 1, 1, 0, 0, 1, 0, 2, 1, 0, 0, 0, 0, 2, 1, 1, 1, 1, 1, 0, 0, 0, 0, 1, 0, 2, 1, 0, 0, 2, 2]
Obj (MEDIOS ACT VS ACT BLS): 8.095
[1, 0, 1, 1, 1, 1, 1, 0, 1, 0, 2, 1, 0, 0, 1, 0, 1, 1, 1, 1, 0, 0, 1, 1, 1, 0, 0, 0, 0, 0, 0, 0, 2, 2, 1, 1, 0, 0, 0, 0, 1, 0, 1, 1, 0, 0, 0, 0, 1, 0, 0, 0, 0, 0, 1, 1, 0, 0, 1, 0, 0, 0, 0, 0, 0, 0, 1, 1, 1, 0, 1, 1, 0, 0, 1, 0, 2, 1, 0, 0, 0, 0, 2, 1, 1, 1, 1, 1, 0, 0, 0, 0, 1, 0, 2, 1, 0, 0, 2, 2]
Obj (MEDIOS ACT VS ACT BLS): 8.055
[1, 0, 1, 1, 1, 1, 1, 0, 1, 0, 2, 1, 0, 0, 1, 0, 1, 1, 1, 1, 0, 0, 1, 1, 1, 0, 0, 0, 0, 0, 0, 0, 1, 2, 2, 1, 0, 0, 0, 0, 1, 0, 1, 1, 0, 0, 0, 0, 1, 0, 0, 0, 0, 0, 1, 1, 0, 0, 1, 0, 0, 0, 0, 0, 0, 0, 1, 1, 1, 0, 1, 1, 0, 0, 1, 0, 2, 1, 0, 0, 0, 0, 2, 1, 1, 1, 1, 1, 0, 0, 0, 0, 1, 0, 2, 1, 0, 0, 2, 2]
Obj (MEDIOS ACT VS ACT BLS): 8.055
[1, 0, 1, 1, 1, 1, 1, 0, 1, 0, 2, 1, 0, 0, 1, 0, 1, 1, 1, 1, 0, 0, 1, 1, 1, 0, 0, 0, 0, 0, 0, 0, 1, 2, 1, 1, 0, 0, 0, 0, 2, 0, 1, 1, 0, 0, 0, 0, 1, 0, 0, 0, 0, 0, 1, 1, 0, 0, 1, 0, 0, 0, 0, 0, 0, 0, 1, 1, 1, 0, 1, 1, 0, 0, 1, 0, 2, 1, 0, 0, 0, 0, 2, 1, 1, 1, 1, 1, 0, 0, 0, 0, 1, 0, 2, 1, 0, 0, 2, 2]
Obj (MEDIOS ACT VS ACT BLS): 8.06
[1, 0, 1, 1, 1, 1, 1, 0, 1, 0, 2, 1, 0, 0, 1, 0, 1, 1, 1, 1, 0, 0, 1, 1, 1, 0, 0, 0, 0, 0, 0, 0, 1, 2, 1, 1, 0, 0, 0, 0, 1, 0, 2, 1, 0, 0, 0, 0, 1, 0, 0, 0, 0, 0, 1, 1, 0, 0, 1, 0, 0, 0, 0, 0, 0, 0, 1, 1, 1, 0, 1, 1, 0, 0, 1, 0, 2, 1, 0, 0, 0, 0, 2, 1, 1, 1, 1, 1, 0, 0, 0, 0, 1, 0, 2, 1, 0, 0, 2, 2]
Obj (MEDIOS ACT VS ACT BLS): 8.055
[1, 0, 1, 1, 1, 1, 1, 0, 1, 0, 2, 1, 0, 0, 1, 0, 1, 1, 1, 1, 0, 0, 1, 1, 1, 0, 0, 0, 0, 0, 0, 0, 1, 2, 1, 1, 0, 0, 0, 0, 1, 0, 1, 1, 0, 0, 0, 0, 2, 0, 0, 0, 0, 0, 1, 1, 0, 0, 1, 0, 0, 0, 0, 0, 0, 0, 1, 1, 1, 0, 1, 1, 0, 0, 1, 0, 2, 1, 0, 0, 0, 0, 2, 1, 1, 1, 1, 1, 0, 0, 0, 0, 1, 0, 2, 1, 0, 0, 2, 2]
Obj (MEDIOS ACT VS ACT BLS): 8.055
[1, 0, 1, 1, 1, 1, 1, 0, 1, 0, 2, 1, 0, 0, 1, 0, 1, 1, 1, 1, 0, 0, 1, 1, 1, 0, 0, 0, 0, 0, 0, 0, 1, 2, 1, 1, 0, 0, 0, 0, 1, 0, 1, 1, 0, 0, 0, 0, 1, 0, 0, 0, 0, 0, 2, 1, 0, 0, 1, 0, 0, 0, 0, 0, 0, 0, 1, 1, 1, 0, 1, 1, 0, 0, 1, 0, 2, 1, 0, 0, 0, 0, 2, 1, 1, 1, 1, 1, 0, 0, 0, 0, 1, 0, 2, 1, 0, 0, 2, 2]
Obj (MEDIOS ACT VS ACT BLS): 8.06
[1, 0, 1, 1, 1, 1, 1, 0, 1, 0, 2, 1, 0, 0, 1, 0, 1, 1, 1, 1, 0, 0, 1, 1, 1, 0, 0, 0, 0, 0, 0, 0, 1, 2, 1, 1, 0, 0, 0, 0, 1, 0, 1, 1, 0, 0, 0, 0, 1, 0, 0, 0, 0, 0, 1, 1, 0, 0, 2, 0, 0, 0, 0, 0, 0, 0, 1, 1, 1, 0, 1, 1, 0, 0, 1, 0, 2, 1, 0, 0, 0, 0, 2, 1, 1, 1, 1, 1, 0, 0, 0, 0, 1, 0, 2, 1, 0, 0, 2, 2]
Obj (MEDIOS ACT VS ACT BLS): 8.065
[1, 0, 1, 1, 1, 1, 1, 0, 1, 0, 2, 1, 0, 0, 1, 0, 1, 1, 1, 1, 0, 0, 1, 1, 1, 0, 0, 0, 0, 0, 0, 0, 1, 2, 1, 1, 0, 0, 0, 0, 1, 0, 1, 1, 0, 0, 0, 0, 1, 0, 0, 0, 0, 0, 1, 1, 0, 0, 1, 0, 0, 0, 0, 0, 0, 0, 2, 1, 1, 0, 1, 1, 0, 0, 1, 0, 2, 1, 0, 0, 0, 0, 2, 1, 1, 1, 1, 1, 0, 0, 0, 0, 1, 0, 2, 1, 0, 0, 2, 2]
Obj (MEDIOS ACT VS ACT BLS): 8.055
[1, 0, 1, 1, 1, 1, 1, 0, 1, 0, 2, 1, 0, 0, 1, 0, 1, 1, 1, 1, 0, 0, 1, 1, 1, 0, 0, 0, 0, 0, 0, 0, 1, 2, 1, 1, 0, 0, 0, 0, 1, 0, 1, 1, 0, 0, 0, 0, 1, 0, 0, 0, 0, 0, 1, 1, 0, 0, 1, 0, 0, 0, 0, 0, 0, 0, 1, 1, 2, 0, 1, 1, 0, 0, 1, 0, 2, 1, 0, 0, 0, 0, 2, 1, 1, 1, 1, 1, 0, 0, 0, 0, 1, 0, 2, 1, 0, 0, 2, 2]
Obj (MEDIOS ACT VS ACT BLS): 8.055
[1, 0, 1, 1, 1, 1, 1, 0, 1, 0, 2, 1, 0, 0, 1, 0, 1, 1, 1, 1, 0, 0, 1, 1, 1, 0, 0, 0, 0, 0, 0, 0, 1, 2, 1, 1, 0, 0, 0, 0, 1, 0, 1, 1, 0, 0, 0, 0, 1, 0, 0, 0, 0, 0, 1, 1, 0, 0, 1, 0, 0, 0, 0, 0, 0, 0, 1, 1, 1, 0, 2, 1, 0, 0, 1, 0, 2, 1, 0, 0, 0, 0, 2, 1, 1, 1, 1, 1, 0, 0, 0, 0, 1, 0, 2, 1, 0, 0, 2, 2]
Obj (MEDIOS ACT VS ACT BLS): 8.06
[1, 0, 1, 1, 1, 1, 1, 0, 1, 0, 2, 1, 0, 0, 1, 0, 1, 1, 1, 1, 0, 0, 1, 1, 1, 0, 0, 0, 0, 0, 0, 0, 1, 2, 1, 1, 0, 0, 0, 0, 1, 0, 1, 1, 0, 0, 0, 0, 1, 0, 0, 0, 0, 0, 1, 1, 0, 0, 1, 0, 0, 0, 0, 0, 0, 0, 1, 1, 1, 0, 1, 1, 0, 0, 2, 0, 2, 1, 0, 0, 0, 0, 2, 1, 1, 1, 1, 1, 0, 0, 0, 0, 1, 0, 2, 1, 0, 0, 2, 2]
Obj (MEDIOS ACT VS ACT BLS): 8.06
[1, 0, 1, 1, 1, 1, 1, 0, 1, 0, 2, 1, 0, 0, 1, 0, 1, 1, 1, 1, 0, 0, 1, 1, 1, 0, 0, 0, 0, 0, 0, 0, 1, 2, 1, 1, 0, 0, 0, 0, 1, 0, 1, 1, 0, 0, 0, 0, 1, 0, 0, 0, 0, 0, 1, 1, 0, 0, 1, 0, 0, 0, 0, 0, 0, 0, 1, 1, 1, 0, 1, 1, 0, 0, 1, 0, 3, 1, 0, 0, 0, 0, 2, 1, 1, 1, 1, 1, 0, 0, 0, 0, 1, 0, 2, 1, 0, 0, 2, 2]
Obj (MEDIOS ACT VS ACT BLS): 8.055
[1, 0, 1, 1, 1, 1, 1, 0, 1, 0, 2, 1, 0, 0, 1, 0, 1, 1, 1, 1, 0, 0, 1, 1, 1, 0, 0, 0, 0, 0, 0, 0, 1, 2, 1, 1, 0, 0, 0, 0, 1, 0, 1, 1, 0, 0, 0, 0, 1, 0, 0, 0, 0, 0, 1, 1, 0, 0, 1, 0, 0, 0, 0, 0, 0, 0, 1, 1, 1, 0, 1, 1, 0, 0, 1, 0, 2, 1, 0, 0, 0, 0, 3, 1, 1, 1, 1, 1, 0, 0, 0, 0, 1, 0, 2, 1, 0, 0, 2, 2]
Obj (MEDIOS ACT VS ACT BLS): 8.095
[1, 0, 1, 1, 1, 1, 1, 0, 1, 0, 2, 1, 0, 0, 1, 0, 1, 1, 1, 1, 0, 0, 1, 1, 1, 0, 0, 0, 0, 0, 0, 0, 1, 2, 1, 1, 0, 0, 0, 0, 1, 0, 1, 1, 0, 0, 0, 0, 1, 0, 0, 0, 0, 0, 1, 1, 0, 0, 1, 0, 0, 0, 0, 0, 0, 0, 1, 1, 1, 0, 1, 1, 0, 0, 1, 0, 2, 1, 0, 0, 0, 0, 2, 1, 2, 1, 1, 1, 0, 0, 0, 0, 1, 0, 2, 1, 0, 0, 2, 2]
Obj (MEDIOS ACT VS ACT BLS): 8.095
[1, 0, 1, 1, 1, 1, 1, 0, 1, 0, 2, 1, 0, 0, 1, 0, 1, 1, 1, 1, 0, 0, 1, 1, 1, 0, 0, 0, 0, 0, 0, 0, 1, 2, 1, 1, 0, 0, 0, 0, 1, 0, 1, 1, 0, 0, 0, 0, 1, 0, 0, 0, 0, 0, 1, 1, 0, 0, 1, 0, 0, 0, 0, 0, 0, 0, 1, 1, 1, 0, 1, 1, 0, 0, 1, 0, 2, 1, 0, 0, 0, 0, 2, 1, 1, 1, 2, 1, 0, 0, 0, 0, 1, 0, 2, 1, 0, 0, 2, 2]
Obj (MEDIOS ACT VS ACT BLS): 8.055
[1, 0, 1, 1, 1, 1, 1, 0, 1, 0, 2, 1, 0, 0, 1, 0, 1, 1, 1, 1, 0, 0, 1, 1, 1, 0, 0, 0, 0, 0, 0, 0, 1, 2, 1, 1, 0, 0, 0, 0, 1, 0, 1, 1, 0, 0, 0, 0, 1, 0, 0, 0, 0, 0, 1, 1, 0, 0, 1, 0, 0, 0, 0, 0, 0, 0, 1, 1, 1, 0, 1, 1, 0, 0, 1, 0, 2, 1, 0, 0, 0, 0, 2, 1, 1, 1, 1, 1, 0, 0, 0, 0, 2, 0, 2, 1, 0, 0, 2, 2]
Obj (MEDIOS ACT VS ACT BLS): 8.06
[1, 0, 1, 1, 1, 1, 1, 0, 1, 0, 2, 1, 0, 0, 1, 0, 1, 1, 1, 1, 0, 0, 1, 1, 1, 0, 0, 0, 0, 0, 0, 0, 1, 2, 1, 1, 0, 0, 0, 0, 1, 0, 1, 1, 0, 0, 0, 0, 1, 0, 0, 0, 0, 0, 1, 1, 0, 0, 1, 0, 0, 0, 0, 0, 0, 0, 1, 1, 1, 0, 1, 1, 0, 0, 1, 0, 2, 1, 0, 0, 0, 0, 2, 1, 1, 1, 1, 1, 0, 0, 0, 0, 1, 0, 3, 1, 0, 0, 2, 2]
Obj (MEDIOS ACT VS ACT BLS): 8.055
[1, 0, 1, 1, 1, 1, 1, 0, 1, 0, 2, 1, 0, 0, 1, 0, 1, 1, 1, 1, 0, 0, 1, 1, 1, 0, 0, 0, 0, 0, 0, 0, 1, 2, 1, 1, 0, 0, 0, 0, 1, 0, 1, 1, 0, 0, 0, 0, 1, 0, 0, 0, 0, 0, 1, 1, 0, 0, 1, 0, 0, 0, 0, 0, 0, 0, 1, 1, 1, 0, 1, 1, 0, 0, 1, 0, 2, 1, 0, 0, 0, 0, 2, 1, 1, 1, 1, 1, 0, 0, 0, 0, 1, 0, 2, 1, 0, 0, 3, 2]
Obj (MEDIOS ACT VS ACT BLS): 8.11
[1, 0, 1, 1, 1, 1, 2, 0, 1, 0, 2, 1, 0, 0, 1, 0, 1, 1, 1, 1, 0, 0, 1, 1, 1, 0, 0, 0, 0, 0, 0, 0, 1, 2, 1, 1, 0, 0, 0, 0, 1, 0, 1, 1, 0, 0, 0, 0, 1, 0, 0, 0, 0, 0, 1, 1, 0, 0, 1, 0, 0, 0, 0, 0, 0, 0, 1, 1, 1, 0, 1, 1, 0, 0, 1, 0, 2, 1, 0, 0, 0, 0, 2, 1, 1, 1, 1, 1, 0, 0, 0, 0, 1, 0, 2, 1, 0, 0, 2, 2]
Obj (MEDIOS ACT VS ACT BLS): 8.11
[1, 0, 1, 1, 1, 1, 2, 0, 1, 0, 2, 1, 0, 0, 1, 0, 1, 1, 1, 1, 0, 0, 1, 1, 1, 0, 0, 0, 0, 0, 0, 0, 1, 2, 1, 1, 0, 0, 0, 0, 1, 0, 1, 1, 0, 0, 0, 0, 1, 0, 0, 0, 0, 0, 1, 1, 0, 0, 1, 0, 0, 0, 0, 0, 0, 0, 1, 1, 1, 0, 1, 1, 0, 0, 1, 0, 2, 1, 0, 0, 0, 0, 2, 1, 1, 1, 1, 1, 0, 0, 0, 0, 1, 0, 2, 1, 0, 0, 2, 2]
Obj (MEDIOS ACT VS ACT BLS): 8.11
[1, 0, 1, 1, 1, 1, 2, 0, 1, 0, 2, 1, 0, 0, 1, 0, 1, 1, 1, 1, 0, 0, 1, 1, 1, 0, 0, 0, 0, 0, 0, 0, 1, 2, 1, 1, 0, 0, 0, 0, 1, 0, 1, 1, 0, 0, 0, 0, 1, 0, 0, 0, 0, 0, 1, 1, 0, 0, 1, 0, 0, 0, 0, 0, 0, 0, 1, 1, 1, 0, 1, 1, 0, 0, 1, 0, 2, 1, 0, 0, 0, 0, 2, 1, 1, 1, 1, 1, 0, 0, 0, 0, 1, 0, 2, 1, 0, 0, 2, 2]
Obj (MEDIOS ACT VS ACT BLS): 8.11
[1, 0, 1, 1, 1, 1, 2, 0, 1, 0, 2, 1, 0, 0, 1, 0, 1, 1, 1, 1, 0, 0, 1, 1, 1, 0, 0, 0, 0, 0, 0, 0, 1, 2, 1, 1, 0, 0, 0, 0, 1, 0, 1, 1, 0, 0, 0, 0, 1, 0, 0, 0, 0, 0, 1, 1, 0, 0, 1, 0, 0, 0, 0, 0, 0, 0, 1, 1, 1, 0, 1, 1, 0, 0, 1, 0, 2, 1, 0, 0, 0, 0, 2, 1, 1, 1, 1, 1, 0, 0, 0, 0, 1, 0, 2, 1, 0, 0, 2, 2]
Obj (MEDIOS ACT VS ACT BLS): 8.11
[1, 0, 1, 1, 1, 1, 2, 0, 1, 0, 2, 1, 0, 0, 1, 0, 1, 1, 1, 1, 0, 0, 1, 1, 1, 0, 0, 0, 0, 0, 0, 0, 1, 2, 1, 1, 0, 0, 0, 0, 1, 0, 1, 1, 0, 0, 0, 0, 1, 0, 0, 0, 0, 0, 1, 1, 0, 0, 1, 0, 0, 0, 0, 0, 0, 0, 1, 1, 1, 0, 1, 1, 0, 0, 1, 0, 2, 1, 0, 0, 0, 0, 2, 1, 1, 1, 1, 1, 0, 0, 0, 0, 1, 0, 2, 1, 0, 0, 2, 2]
Obj (MEDIOS ACT VS ACT BLS): 8.11
[1, 0, 1, 1, 1, 1, 2, 0, 1, 0, 2, 1, 0, 0, 1, 0, 1, 1, 1, 1, 0, 0, 1, 1, 1, 0, 0, 0, 0, 0, 0, 0, 1, 2, 1, 1, 0, 0, 0, 0, 1, 0, 1, 1, 0, 0, 0, 0, 1, 0, 0, 0, 0, 0, 1, 1, 0, 0, 1, 0, 0, 0, 0, 0, 0, 0, 1, 1, 1, 0, 1, 1, 0, 0, 1, 0, 2, 1, 0, 0, 0, 0, 2, 1, 1, 1, 1, 1, 0, 0, 0, 0, 1, 0, 2, 1, 0, 0, 2, 2]
Obj (MEDIOS ACT VS ACT BLS): 8.11
[1, 0, 1, 1, 1, 1, 2, 0, 1, 0, 2, 1, 0, 0, 1, 0, 1, 1, 1, 1, 0, 0, 1, 1, 1, 0, 0, 0, 0, 0, 0, 0, 1, 2, 1, 1, 0, 0, 0, 0, 1, 0, 1, 1, 0, 0, 0, 0, 1, 0, 0, 0, 0, 0, 1, 1, 0, 0, 1, 0, 0, 0, 0, 0, 0, 0, 1, 1, 1, 0, 1, 1, 0, 0, 1, 0, 2, 1, 0, 0, 0, 0, 2, 1, 1, 1, 1, 1, 0, 0, 0, 0, 1, 0, 2, 1, 0, 0, 2, 2]
Obj (MEDIOS ACT VS ACT BLS): 8.11
[1, 0, 1, 1, 1, 1, 2, 0, 1, 0, 2, 1, 0, 0, 1, 0, 1, 1, 1, 1, 0, 0, 1, 1, 1, 0, 0, 0, 0, 0, 0, 0, 1, 2, 1, 1, 0, 0, 0, 0, 1, 0, 1, 1, 0, 0, 0, 0, 1, 0, 0, 0, 0, 0, 1, 1, 0, 0, 1, 0, 0, 0, 0, 0, 0, 0, 1, 1, 1, 0, 1, 1, 0, 0, 1, 0, 2, 1, 0, 0, 0, 0, 2, 1, 1, 1, 1, 1, 0, 0, 0, 0, 1, 0, 2, 1, 0, 0, 2, 2]
Obj (MEDIOS ACT VS ACT BLS): 8.11
[1, 0, 1, 1, 1, 1, 2, 0, 1, 0, 2, 1, 0, 0, 1, 0, 1, 1, 1, 1, 0, 0, 1, 1, 1, 0, 0, 0, 0, 0, 0, 0, 1, 2, 1, 1, 0, 0, 0, 0, 1, 0, 1, 1, 0, 0, 0, 0, 1, 0, 0, 0, 0, 0, 1, 1, 0, 0, 1, 0, 0, 0, 0, 0, 0, 0, 1, 1, 1, 0, 1, 1, 0, 0, 1, 0, 2, 1, 0, 0, 0, 0, 2, 1, 1, 1, 1, 1, 0, 0, 0, 0, 1, 0, 2, 1, 0, 0, 2, 2]
Obj (MEDIOS ACT VS ACT BLS): 8.11
[1, 0, 1, 1, 1, 1, 2, 0, 1, 0, 2, 1, 0, 0, 1, 0, 1, 1, 1, 1, 0, 0, 1, 1, 1, 0, 0, 0, 0, 0, 0, 0, 1, 2, 1, 1, 0, 0, 0, 0, 1, 0, 1, 1, 0, 0, 0, 0, 1, 0, 0, 0, 0, 0, 1, 1, 0, 0, 1, 0, 0, 0, 0, 0, 0, 0, 1, 1, 1, 0, 1, 1, 0, 0, 1, 0, 2, 1, 0, 0, 0, 0, 2, 1, 1, 1, 1, 1, 0, 0, 0, 0, 1, 0, 2, 1, 0, 0, 2, 2]
Obj (MEDIOS ACT VS ACT BLS): 8.11
[1, 0, 1, 1, 1, 1, 2, 0, 1, 0, 2, 1, 0, 0, 1, 0, 1, 1, 1, 1, 0, 0, 1, 1, 1, 0, 0, 0, 0, 0, 0, 0, 1, 2, 1, 1, 0, 0, 0, 0, 1, 0, 1, 1, 0, 0, 0, 0, 1, 0, 0, 0, 0, 0, 1, 1, 0, 0, 1, 0, 0, 0, 0, 0, 0, 0, 1, 1, 1, 0, 1, 1, 0, 0, 1, 0, 2, 1, 0, 0, 0, 0, 2, 1, 1, 1, 1, 1, 0, 0, 0, 0, 1, 0, 2, 1, 0, 0, 2, 2]
Obj (MEDIOS ACT VS ACT BLS): 8.11
[1, 0, 1, 1, 1, 1, 2, 0, 1, 0, 2, 1, 0, 0, 1, 0, 1, 1, 1, 1, 0, 0, 1, 1, 1, 0, 0, 0, 0, 0, 0, 0, 1, 2, 1, 1, 0, 0, 0, 0, 1, 0, 1, 1, 0, 0, 0, 0, 1, 0, 0, 0, 0, 0, 1, 1, 0, 0, 1, 0, 0, 0, 0, 0, 0, 0, 1, 1, 1, 0, 1, 1, 0, 0, 1, 0, 2, 1, 0, 0, 0, 0, 2, 1, 1, 1, 1, 1, 0, 0, 0, 0, 1, 0, 2, 1, 0, 0, 2, 2]
Obj (MEDIOS ACT VS ACT BLS): 8.11
[1, 0, 1, 1, 1, 1, 2, 0, 1, 0, 2, 1, 0, 0, 1, 0, 1, 1, 1, 1, 0, 0, 1, 1, 1, 0, 0, 0, 0, 0, 0, 0, 1, 2, 1, 1, 0, 0, 0, 0, 1, 0, 1, 1, 0, 0, 0, 0, 1, 0, 0, 0, 0, 0, 1, 1, 0, 0, 1, 0, 0, 0, 0, 0, 0, 0, 1, 1, 1, 0, 1, 1, 0, 0, 1, 0, 2, 1, 0, 0, 0, 0, 2, 1, 1, 1, 1, 1, 0, 0, 0, 0, 1, 0, 2, 1, 0, 0, 2, 2]
Obj (MEDIOS ACT VS ACT BLS): 8.11
[1, 0, 1, 1, 1, 1, 2, 0, 1, 0, 2, 1, 0, 0, 1, 0, 1, 1, 1, 1, 0, 0, 1, 1, 1, 0, 0, 0, 0, 0, 0, 0, 1, 2, 1, 1, 0, 0, 0, 0, 1, 0, 1, 1, 0, 0, 0, 0, 1, 0, 0, 0, 0, 0, 1, 1, 0, 0, 1, 0, 0, 0, 0, 0, 0, 0, 1, 1, 1, 0, 1, 1, 0, 0, 1, 0, 2, 1, 0, 0, 0, 0, 2, 1, 1, 1, 1, 1, 0, 0, 0, 0, 1, 0, 2, 1, 0, 0, 2, 2]
Obj (MEDIOS ACT VS ACT BLS): 8.11
[1, 0, 1, 1, 1, 1, 2, 0, 1, 0, 2, 1, 0, 0, 1, 0, 1, 1, 1, 1, 0, 0, 1, 1, 1, 0, 0, 0, 0, 0, 0, 0, 1, 2, 1, 1, 0, 0, 0, 0, 1, 0, 1, 1, 0, 0, 0, 0, 1, 0, 0, 0, 0, 0, 1, 1, 0, 0, 1, 0, 0, 0, 0, 0, 0, 0, 1, 1, 1, 0, 1, 1, 0, 0, 1, 0, 2, 1, 0, 0, 0, 0, 2, 1, 1, 1, 1, 1, 0, 0, 0, 0, 1, 0, 2, 1, 0, 0, 2, 2]
Obj (MEDIOS ACT VS ACT BLS): 8.11
[1, 0, 1, 1, 1, 1, 2, 0, 1, 0, 2, 1, 0, 0, 1, 0, 1, 1, 1, 1, 0, 0, 1, 1, 1, 0, 0, 0, 0, 0, 0, 0, 1, 2, 1, 1, 0, 0, 0, 0, 1, 0, 1, 1, 0, 0, 0, 0, 1, 0, 0, 0, 0, 0, 1, 1, 0, 0, 1, 0, 0, 0, 0, 0, 0, 0, 1, 1, 1, 0, 1, 1, 0, 0, 1, 0, 2, 1, 0, 0, 0, 0, 2, 1, 1, 1, 1, 1, 0, 0, 0, 0, 1, 0, 2, 1, 0, 0, 2, 2]
Obj (MEDIOS ACT VS ACT BLS): 8.11
[1, 0, 1, 1, 1, 1, 2, 0, 1, 0, 2, 1, 0, 0, 1, 0, 1, 1, 1, 1, 0, 0, 1, 1, 1, 0, 0, 0, 0, 0, 0, 0, 1, 2, 1, 1, 0, 0, 0, 0, 1, 0, 1, 1, 0, 0, 0, 0, 1, 0, 0, 0, 0, 0, 1, 1, 0, 0, 1, 0, 0, 0, 0, 0, 0, 0, 1, 1, 1, 0, 1, 1, 0, 0, 1, 0, 2, 1, 0, 0, 0, 0, 2, 1, 1, 1, 1, 1, 0, 0, 0, 0, 1, 0, 2, 1, 0, 0, 2, 2]
Obj (MEDIOS ACT VS ACT BLS): 8.11
[1, 0, 1, 1, 1, 1, 2, 0, 1, 0, 2, 1, 0, 0, 1, 0, 1, 1, 1, 1, 0, 0, 1, 1, 1, 0, 0, 0, 0, 0, 0, 0, 1, 2, 1, 1, 0, 0, 0, 0, 1, 0, 1, 1, 0, 0, 0, 0, 1, 0, 0, 0, 0, 0, 1, 1, 0, 0, 1, 0, 0, 0, 0, 0, 0, 0, 1, 1, 1, 0, 1, 1, 0, 0, 1, 0, 2, 1, 0, 0, 0, 0, 2, 1, 1, 1, 1, 1, 0, 0, 0, 0, 1, 0, 2, 1, 0, 0, 2, 2]
Obj (MEDIOS ACT VS ACT BLS): 8.11
[1, 0, 1, 1, 1, 1, 2, 0, 1, 0, 2, 1, 0, 0, 1, 0, 1, 1, 1, 1, 0, 0, 1, 1, 1, 0, 0, 0, 0, 0, 0, 0, 1, 2, 1, 1, 0, 0, 0, 0, 1, 0, 1, 1, 0, 0, 0, 0, 1, 0, 0, 0, 0, 0, 1, 1, 0, 0, 1, 0, 0, 0, 0, 0, 0, 0, 1, 1, 1, 0, 1, 1, 0, 0, 1, 0, 2, 1, 0, 0, 0, 0, 2, 1, 1, 1, 1, 1, 0, 0, 0, 0, 1, 0, 2, 1, 0, 0, 2, 2]
Obj (MEDIOS ACT VS ACT BLS): 8.11
[1, 0, 1, 1, 1, 1, 2, 0, 1, 0, 2, 1, 0, 0, 1, 0, 1, 1, 1, 1, 0, 0, 1, 1, 1, 0, 0, 0, 0, 0, 0, 0, 1, 2, 1, 1, 0, 0, 0, 0, 1, 0, 1, 1, 0, 0, 0, 0, 1, 0, 0, 0, 0, 0, 1, 1, 0, 0, 1, 0, 0, 0, 0, 0, 0, 0, 1, 1, 1, 0, 1, 1, 0, 0, 1, 0, 2, 1, 0, 0, 0, 0, 2, 1, 1, 1, 1, 1, 0, 0, 0, 0, 1, 0, 2, 1, 0, 0, 2, 2]
Obj (MEDIOS ACT VS ACT BLS): 8.11
[1, 0, 1, 1, 1, 1, 2, 0, 1, 0, 2, 1, 0, 0, 1, 0, 1, 1, 1, 1, 0, 0, 1, 1, 1, 0, 0, 0, 0, 0, 0, 0, 1, 2, 1, 1, 0, 0, 0, 0, 1, 0, 1, 1, 0, 0, 0, 0, 1, 0, 0, 0, 0, 0, 1, 1, 0, 0, 1, 0, 0, 0, 0, 0, 0, 0, 1, 1, 1, 0, 1, 1, 0, 0, 1, 0, 2, 1, 0, 0, 0, 0, 2, 1, 1, 1, 1, 1, 0, 0, 0, 0, 1, 0, 2, 1, 0, 0, 2, 2]
Obj (MEDIOS ACT VS ACT BLS): 8.11
[1, 0, 1, 1, 1, 1, 2, 0, 1, 0, 2, 1, 0, 0, 1, 0, 1, 1, 1, 1, 0, 0, 1, 1, 1, 0, 0, 0, 0, 0, 0, 0, 1, 2, 1, 1, 0, 0, 0, 0, 1, 0, 1, 1, 0, 0, 0, 0, 1, 0, 0, 0, 0, 0, 1, 1, 0, 0, 1, 0, 0, 0, 0, 0, 0, 0, 1, 1, 1, 0, 1, 1, 0, 0, 1, 0, 2, 1, 0, 0, 0, 0, 2, 1, 1, 1, 1, 1, 0, 0, 0, 0, 1, 0, 2, 1, 0, 0, 2, 2]
Obj (MEDIOS ACT VS ACT BLS): 8.11
[1, 0, 1, 1, 1, 1, 2, 0, 1, 0, 2, 1, 0, 0, 1, 0, 1, 1, 1, 1, 0, 0, 1, 1, 1, 0, 0, 0, 0, 0, 0, 0, 1, 2, 1, 1, 0, 0, 0, 0, 1, 0, 1, 1, 0, 0, 0, 0, 1, 0, 0, 0, 0, 0, 1, 1, 0, 0, 1, 0, 0, 0, 0, 0, 0, 0, 1, 1, 1, 0, 1, 1, 0, 0, 1, 0, 2, 1, 0, 0, 0, 0, 2, 1, 1, 1, 1, 1, 0, 0, 0, 0, 1, 0, 2, 1, 0, 0, 2, 2]
Obj (MEDIOS ACT VS ACT BLS): 8.11
[1, 0, 1, 1, 1, 1, 2, 0, 1, 0, 2, 1, 0, 0, 1, 0, 1, 1, 1, 1, 0, 0, 1, 1, 1, 0, 0, 0, 0, 0, 0, 0, 1, 2, 1, 1, 0, 0, 0, 0, 1, 0, 1, 1, 0, 0, 0, 0, 1, 0, 0, 0, 0, 0, 1, 1, 0, 0, 1, 0, 0, 0, 0, 0, 0, 0, 1, 1, 1, 0, 1, 1, 0, 0, 1, 0, 2, 1, 0, 0, 0, 0, 2, 1, 1, 1, 1, 1, 0, 0, 0, 0, 1, 0, 2, 1, 0, 0, 2, 2]
Obj (MEDIOS ACT VS ACT BLS): 8.11
[1, 0, 1, 1, 1, 1, 2, 0, 1, 0, 2, 1, 0, 0, 1, 0, 1, 1, 1, 1, 0, 0, 1, 1, 1, 0, 0, 0, 0, 0, 0, 0, 1, 2, 1, 1, 0, 0, 0, 0, 1, 0, 1, 1, 0, 0, 0, 0, 1, 0, 0, 0, 0, 0, 1, 1, 0, 0, 1, 0, 0, 0, 0, 0, 0, 0, 1, 1, 1, 0, 1, 1, 0, 0, 1, 0, 2, 1, 0, 0, 0, 0, 2, 1, 1, 1, 1, 1, 0, 0, 0, 0, 1, 0, 2, 1, 0, 0, 2, 2]
Obj (MEDIOS ACT VS ACT BLS): 8.11
[1, 0, 1, 1, 1, 1, 2, 0, 1, 0, 2, 1, 0, 0, 1, 0, 1, 1, 1, 1, 0, 0, 1, 1, 1, 0, 0, 0, 0, 0, 0, 0, 1, 2, 1, 1, 0, 0, 0, 0, 1, 0, 1, 1, 0, 0, 0, 0, 1, 0, 0, 0, 0, 0, 1, 1, 0, 0, 1, 0, 0, 0, 0, 0, 0, 0, 1, 1, 1, 0, 1, 1, 0, 0, 1, 0, 2, 1, 0, 0, 0, 0, 2, 1, 1, 1, 1, 1, 0, 0, 0, 0, 1, 0, 2, 1, 0, 0, 2, 2]
Obj (MEDIOS ACT VS ACT BLS): 8.11
[1, 0, 1, 1, 1, 1, 2, 0, 1, 0, 2, 1, 0, 0, 1, 0, 1, 1, 1, 1, 0, 0, 1, 1, 1, 0, 0, 0, 0, 0, 0, 0, 1, 2, 1, 1, 0, 0, 0, 0, 1, 0, 1, 1, 0, 0, 0, 0, 1, 0, 0, 0, 0, 0, 1, 1, 0, 0, 1, 0, 0, 0, 0, 0, 0, 0, 1, 1, 1, 0, 1, 1, 0, 0, 1, 0, 2, 1, 0, 0, 0, 0, 2, 1, 1, 1, 1, 1, 0, 0, 0, 0, 1, 0, 2, 1, 0, 0, 2, 2]
Obj (MEDIOS ACT VS ACT BLS): 8.11
[1, 0, 1, 1, 1, 1, 2, 0, 1, 0, 2, 1, 0, 0, 1, 0, 1, 1, 1, 1, 0, 0, 1, 1, 1, 0, 0, 0, 0, 0, 0, 0, 1, 2, 1, 1, 0, 0, 0, 0, 1, 0, 1, 1, 0, 0, 0, 0, 1, 0, 0, 0, 0, 0, 1, 1, 0, 0, 1, 0, 0, 0, 0, 0, 0, 0, 1, 1, 1, 0, 1, 1, 0, 0, 1, 0, 2, 1, 0, 0, 0, 0, 2, 1, 1, 1, 1, 1, 0, 0, 0, 0, 1, 0, 2, 1, 0, 0, 2, 2]
Obj (MEDIOS ACT VS ACT BLS): 8.11
[2, 0, 1, 1, 1, 1, 2, 0, 1, 0, 1, 1, 0, 0, 1, 0, 1, 1, 1, 1, 0, 0, 1, 1, 1, 0, 0, 0, 0, 0, 0, 0, 1, 2, 1, 1, 0, 0, 0, 0, 1, 0, 1, 1, 0, 0, 0, 0, 1, 0, 0, 0, 0, 0, 1, 1, 0, 0, 1, 0, 0, 0, 0, 0, 0, 0, 1, 1, 1, 0, 1, 1, 0, 0, 1, 0, 2, 1, 0, 0, 0, 0, 2, 1, 1, 1, 1, 1, 0, 0, 0, 0, 1, 0, 2, 1, 0, 0, 2, 2]
Obj (MEDIOS ACT VS ACT BLS): 8.115
[1, 0, 2, 1, 1, 1, 2, 0, 1, 0, 1, 1, 0, 0, 1, 0, 1, 1, 1, 1, 0, 0, 1, 1, 1, 0, 0, 0, 0, 0, 0, 0, 1, 2, 1, 1, 0, 0, 0, 0, 1, 0, 1, 1, 0, 0, 0, 0, 1, 0, 0, 0, 0, 0, 1, 1, 0, 0, 1, 0, 0, 0, 0, 0, 0, 0, 1, 1, 1, 0, 1, 1, 0, 0, 1, 0, 2, 1, 0, 0, 0, 0, 2, 1, 1, 1, 1, 1, 0, 0, 0, 0, 1, 0, 2, 1, 0, 0, 2, 2]
Obj (ACT VS NO ACT BLS): 8.085
[0, 0, 2, 1, 1, 1, 2, 0, 1, 0, 1, 1, 1, 0, 1, 0, 1, 1, 1, 1, 0, 0, 1, 1, 1, 0, 0, 0, 0, 0, 0, 0, 1, 2, 1, 1, 0, 0, 0, 0, 1, 0, 1, 1, 0, 0, 0, 0, 1, 0, 0, 0, 0, 0, 1, 1, 0, 0, 1, 0, 0, 0, 0, 0, 0, 0, 1, 1, 1, 0, 1, 1, 0, 0, 1, 0, 2, 1, 0, 0, 0, 0, 2, 1, 1, 1, 1, 1, 0, 0, 0, 0, 1, 0, 2, 1, 0, 0, 2, 2]
Obj (ACT VS NO ACT BLS): 8.09
[1, 0, 0, 1, 1, 1, 2, 0, 1, 0, 1, 1, 2, 0, 1, 0, 1, 1, 1, 1, 0, 0, 1, 1, 1, 0, 0, 0, 0, 0, 0, 0, 1, 2, 1, 1, 0, 0, 0, 0, 1, 0, 1, 1, 0, 0, 0, 0, 1, 0, 0, 0, 0, 0, 1, 1, 0, 0, 1, 0, 0, 0, 0, 0, 0, 0, 1, 1, 1, 0, 1, 1, 0, 0, 1, 0, 2, 1, 0, 0, 0, 0, 2, 1, 1, 1, 1, 1, 0, 0, 0, 0, 1, 0, 2, 1, 0, 0, 2, 2]
Obj (ACT VS NO ACT BLS): 8.12
[1, 0, 2, 1, 0, 1, 2, 0, 1, 0, 1, 1, 1, 0, 1, 0, 1, 1, 1, 1, 0, 0, 1, 1, 1, 0, 0, 0, 0, 0, 0, 0, 1, 2, 1, 1, 0, 0, 0, 0, 1, 0, 1, 1, 0, 0, 0, 0, 1, 0, 0, 0, 0, 0, 1, 1, 0, 0, 1, 0, 0, 0, 0, 0, 0, 0, 1, 1, 1, 0, 1, 1, 0, 0, 1, 0, 2, 1, 0, 0, 0, 0, 2, 1, 1, 1, 1, 1, 0, 0, 0, 0, 1, 0, 2, 1, 0, 0, 2, 2]
