Obj: 7.53923
[2, 1, 2, 2, 2, 1, 2, 1, 3, 2, 2, 1, 2, 1, 3, 1, 2, 1, 2, 1, 2, 1, 2, 1, 3, 2, 2, 1, 1, 1, 3, 2]
Obj (MEDIOS ACT VS NO ACT BLS): 7.53228
[1, 1, 3, 2, 2, 1, 2, 1, 3, 2, 2, 1, 2, 1, 3, 1, 2, 1, 2, 1, 2, 1, 2, 1, 3, 2, 2, 1, 1, 1, 3, 2]
Obj (MEDIOS ACT VS NO ACT BLS): 7.51139
[2, 0, 2, 3, 2, 1, 2, 1, 3, 2, 2, 1, 2, 1, 3, 1, 2, 1, 2, 1, 2, 1, 2, 1, 3, 2, 2, 1, 1, 1, 3, 2]
Obj (MEDIOS ACT VS NO ACT BLS): 7.53228
[1, 1, 2, 2, 3, 1, 2, 1, 3, 2, 2, 1, 2, 1, 3, 1, 2, 1, 2, 1, 2, 1, 2, 1, 3, 2, 2, 1, 1, 1, 3, 2]
Obj (MEDIOS ACT VS NO ACT BLS): 7.51382
[2, 0, 2, 2, 2, 2, 2, 1, 3, 2, 2, 1, 2, 1, 3, 1, 2, 1, 2, 1, 2, 1, 2, 1, 3, 2, 2, 1, 1, 1, 3, 2]
Obj (MEDIOS ACT VS NO ACT BLS): 7.53048
[1, 1, 2, 2, 2, 1, 3, 1, 3, 2, 2, 1, 2, 1, 3, 1, 2, 1, 2, 1, 2, 1, 2, 1, 3, 2, 2, 1, 1, 1, 3, 2]
Obj (MEDIOS ACT VS NO ACT BLS): 7.51023
[2, 0, 2, 2, 2, 1, 2, 2, 3, 2, 2, 1, 2, 1, 3, 1, 2, 1, 2, 1, 2, 1, 2, 1, 3, 2, 2, 1, 1, 1, 3, 2]
Obj (MEDIOS ACT VS NO ACT BLS): 7.53014
[1, 1, 2, 2, 2, 1, 2, 1, 4, 2, 2, 1, 2, 1, 3, 1, 2, 1, 2, 1, 2, 1, 2, 1, 3, 2, 2, 1, 1, 1, 3, 2]
Obj (MEDIOS ACT VS NO ACT BLS): 7.5099
[2, 0, 2, 2, 2, 1, 2, 1, 3, 3, 2, 1, 2, 1, 3, 1, 2, 1, 2, 1, 2, 1, 2, 1, 3, 2, 2, 1, 1, 1, 3, 2]
Obj (MEDIOS ACT VS NO ACT BLS): 7.53379
[1, 1, 2, 2, 2, 1, 2, 1, 3, 2, 3, 1, 2, 1, 3, 1, 2, 1, 2, 1, 2, 1, 2, 1, 3, 2, 2, 1, 1, 1, 3, 2]
Obj (MEDIOS ACT VS NO ACT BLS): 7.51337
[2, 0, 2, 2, 2, 1, 2, 1, 3, 2, 2, 2, 2, 1, 3, 1, 2, 1, 2, 1, 2, 1, 2, 1, 3, 2, 2, 1, 1, 1, 3, 2]
Obj (MEDIOS ACT VS NO ACT BLS): 7.53412
[1, 1, 2, 2, 2, 1, 2, 1, 3, 2, 2, 1, 3, 1, 3, 1, 2, 1, 2, 1, 2, 1, 2, 1, 3, 2, 2, 1, 1, 1, 3, 2]
Obj (MEDIOS ACT VS NO ACT BLS): 7.51406
[2, 0, 2, 2, 2, 1, 2, 1, 3, 2, 2, 1, 2, 2, 3, 1, 2, 1, 2, 1, 2, 1, 2, 1, 3, 2, 2, 1, 1, 1, 3, 2]
Obj (MEDIOS ACT VS NO ACT BLS): 7.53097
[1, 1, 2, 2, 2, 1, 2, 1, 3, 2, 2, 1, 2, 1, 4, 1, 2, 1, 2, 1, 2, 1, 2, 1, 3, 2, 2, 1, 1, 1, 3, 2]
Obj (MEDIOS ACT VS NO ACT BLS): 7.51398
[2, 0, 2, 2, 2, 1, 2, 1, 3, 2, 2, 1, 2, 1, 3, 2, 2, 1, 2, 1, 2, 1, 2, 1, 3, 2, 2, 1, 1, 1, 3, 2]
Obj (MEDIOS ACT VS NO ACT BLS): 7.53312
[1, 1, 2, 2, 2, 1, 2, 1, 3, 2, 2, 1, 2, 1, 3, 1, 3, 1, 2, 1, 2, 1, 2, 1, 3, 2, 2, 1, 1, 1, 3, 2]
Obj (MEDIOS ACT VS NO ACT BLS): 7.51339
[2, 0, 2, 2, 2, 1, 2, 1, 3, 2, 2, 1, 2, 1, 3, 1, 2, 2, 2, 1, 2, 1, 2, 1, 3, 2, 2, 1, 1, 1, 3, 2]
Obj (MEDIOS ACT VS NO ACT BLS): 7.53081
[1, 1, 2, 2, 2, 1, 2, 1, 3, 2, 2, 1, 2, 1, 3, 1, 2, 1, 3, 1, 2, 1, 2, 1, 3, 2, 2, 1, 1, 1, 3, 2]
Obj (MEDIOS ACT VS NO ACT BLS): 7.51074
[2, 0, 2, 2, 2, 1, 2, 1, 3, 2, 2, 1, 2, 1, 3, 1, 2, 1, 2, 2, 2, 1, 2, 1, 3, 2, 2, 1, 1, 1, 3, 2]
Obj (MEDIOS ACT VS NO ACT BLS): 7.53399
[1, 1, 2, 2, 2, 1, 2, 1, 3, 2, 2, 1, 2, 1, 3, 1, 2, 1, 2, 1, 3, 1, 2, 1, 3, 2, 2, 1, 1, 1, 3, 2]
Obj (MEDIOS ACT VS NO ACT BLS): 7.51341
[2, 0, 2, 2, 2, 1, 2, 1, 3, 2, 2, 1, 2, 1, 3, 1, 2, 1, 2, 1, 2, 2, 2, 1, 3, 2, 2, 1, 1, 1, 3, 2]
Obj (MEDIOS ACT VS NO ACT BLS): 7.53314
[1, 1, 2, 2, 2, 1, 2, 1, 3, 2, 2, 1, 2, 1, 3, 1, 2, 1, 2, 1, 2, 1, 3, 1, 3, 2, 2, 1, 1, 1, 3, 2]
Obj (MEDIOS ACT VS NO ACT BLS): 7.51894
[2, 0, 2, 2, 2, 1, 2, 1, 3, 2, 2, 1, 2, 1, 3, 1, 2, 1, 2, 1, 2, 1, 2, 2, 3, 2, 2, 1, 1, 1, 3, 2]
Obj (MEDIOS ACT VS NO ACT BLS): 7.53012
[1, 1, 2, 2, 2, 1, 2, 1, 3, 2, 2, 1, 2, 1, 3, 1, 2, 1, 2, 1, 2, 1, 2, 1, 4, 2, 2, 1, 1, 1, 3, 2]
Obj (MEDIOS ACT VS NO ACT BLS): 7.51
[2, 0, 2, 2, 2, 1, 2, 1, 3, 2, 2, 1, 2, 1, 3, 1, 2, 1, 2, 1, 2, 1, 2, 1, 3, 3, 2, 1, 1, 1, 3, 2]
Obj (MEDIOS ACT VS NO ACT BLS): 7.533
[1, 1, 2, 2, 2, 1, 2, 1, 3, 2, 2, 1, 2, 1, 3, 1, 2, 1, 2, 1, 2, 1, 2, 1, 3, 2, 3, 1, 1, 1, 3, 2]
Obj (MEDIOS ACT VS NO ACT BLS): 7.51588
[2, 0, 2, 2, 2, 1, 2, 1, 3, 2, 2, 1, 2, 1, 3, 1, 2, 1, 2, 1, 2, 1, 2, 1, 3, 2, 2, 2, 1, 1, 3, 2]
Obj (MEDIOS ACT VS NO ACT BLS): 7.53291
[1, 1, 2, 2, 2, 1, 2, 1, 3, 2, 2, 1, 2, 1, 3, 1, 2, 1, 2, 1, 2, 1, 2, 1, 3, 2, 2, 1, 2, 1, 3, 2]
Obj (MEDIOS ACT VS NO ACT BLS): 7.51284
[2, 0, 2, 2, 2, 1, 2, 1, 3, 2, 2, 1, 2, 1, 3, 1, 2, 1, 2, 1, 2, 1, 2, 1, 3, 2, 2, 1, 1, 2, 3, 2]
Obj (MEDIOS ACT VS NO ACT BLS): 7.53048
[1, 1, 2, 2, 2, 1, 2, 1, 3, 2, 2, 1, 2, 1, 3, 1, 2, 1, 2, 1, 2, 1, 2, 1, 3, 2, 2, 1, 1, 1, 4, 2]
Obj (MEDIOS ACT VS NO ACT BLS): 7.51023
[2, 0, 2, 2, 2, 1, 2, 1, 3, 2, 2, 1, 2, 1, 3, 1, 2, 1, 2, 1, 2, 1, 2, 1, 3, 2, 2, 1, 1, 1, 3, 3]
Obj (MEDIOS ACT VS NO ACT BLS): 7.54207
[3, 1, 1, 2, 2, 1, 2, 1, 3, 2, 2, 1, 2, 1, 3, 1, 2, 1, 2, 1, 2, 1, 2, 1, 3, 2, 2, 1, 1, 1, 3, 2]
Obj (MEDIOS ACT VS NO ACT BLS): 7.54189
[2, 2, 2, 1, 2, 1, 2, 1, 3, 2, 2, 1, 2, 1, 3, 1, 2, 1, 2, 1, 2, 1, 2, 1, 3, 2, 2, 1, 1, 1, 3, 2]
Obj (MEDIOS ACT VS NO ACT BLS): 7.53737
[2, 1, 1, 2, 3, 1, 2, 1, 3, 2, 2, 1, 2, 1, 3, 1, 2, 1, 2, 1, 2, 1, 2, 1, 3, 2, 2, 1, 1, 1, 3, 2]
Obj (MEDIOS ACT VS NO ACT BLS): 7.53898
[2, 1, 2, 1, 2, 2, 2, 1, 3, 2, 2, 1, 2, 1, 3, 1, 2, 1, 2, 1, 2, 1, 2, 1, 3, 2, 2, 1, 1, 1, 3, 2]
Obj (MEDIOS ACT VS NO ACT BLS): 7.53521
[2, 1, 1, 2, 2, 1, 3, 1, 3, 2, 2, 1, 2, 1, 3, 1, 2, 1, 2, 1, 2, 1, 2, 1, 3, 2, 2, 1, 1, 1, 3, 2]
Obj (MEDIOS ACT VS NO ACT BLS): 7.53539
[2, 1, 2, 1, 2, 1, 2, 2, 3, 2, 2, 1, 2, 1, 3, 1, 2, 1, 2, 1, 2, 1, 2, 1, 3, 2, 2, 1, 1, 1, 3, 2]
Obj (MEDIOS ACT VS NO ACT BLS): 7.53506
[2, 1, 1, 2, 2, 1, 2, 1, 4, 2, 2, 1, 2, 1, 3, 1, 2, 1, 2, 1, 2, 1, 2, 1, 3, 2, 2, 1, 1, 1, 3, 2]
Obj (MEDIOS ACT VS NO ACT BLS): 7.53506
[2, 1, 2, 1, 2, 1, 2, 1, 3, 3, 2, 1, 2, 1, 3, 1, 2, 1, 2, 1, 2, 1, 2, 1, 3, 2, 2, 1, 1, 1, 3, 2]
Obj (MEDIOS ACT VS NO ACT BLS): 7.53801
[2, 1, 1, 2, 2, 1, 2, 1, 3, 2, 3, 1, 2, 1, 3, 1, 2, 1, 2, 1, 2, 1, 2, 1, 3, 2, 2, 1, 1, 1, 3, 2]
Obj (MEDIOS ACT VS NO ACT BLS): 7.53819
[2, 1, 2, 1, 2, 1, 2, 1, 3, 2, 2, 2, 2, 1, 3, 1, 2, 1, 2, 1, 2, 1, 2, 1, 3, 2, 2, 1, 1, 1, 3, 2]
Obj (MEDIOS ACT VS NO ACT BLS): 7.53886
[2, 1, 1, 2, 2, 1, 2, 1, 3, 2, 2, 1, 3, 1, 3, 1, 2, 1, 2, 1, 2, 1, 2, 1, 3, 2, 2, 1, 1, 1, 3, 2]
Obj (MEDIOS ACT VS NO ACT BLS): 7.53886
[2, 1, 2, 1, 2, 1, 2, 1, 3, 2, 2, 1, 2, 2, 3, 1, 2, 1, 2, 1, 2, 1, 2, 1, 3, 2, 2, 1, 1, 1, 3, 2]
Obj (MEDIOS ACT VS NO ACT BLS): 7.53639
[2, 1, 1, 2, 2, 1, 2, 1, 3, 2, 2, 1, 2, 1, 4, 1, 2, 1, 2, 1, 2, 1, 2, 1, 3, 2, 2, 1, 1, 1, 3, 2]
Obj (MEDIOS ACT VS NO ACT BLS): 7.53913
[2, 1, 2, 1, 2, 1, 2, 1, 3, 2, 2, 1, 2, 1, 3, 2, 2, 1, 2, 1, 2, 1, 2, 1, 3, 2, 2, 1, 1, 1, 3, 2]
Obj (MEDIOS ACT VS NO ACT BLS): 7.53837
[2, 1, 1, 2, 2, 1, 2, 1, 3, 2, 2, 1, 2, 1, 3, 1, 3, 1, 2, 1, 2, 1, 2, 1, 3, 2, 2, 1, 1, 1, 3, 2]
Obj (MEDIOS ACT VS NO ACT BLS): 7.53837
[2, 1, 2, 1, 2, 1, 2, 1, 3, 2, 2, 1, 2, 1, 3, 1, 2, 2, 2, 1, 2, 1, 2, 1, 3, 2, 2, 1, 1, 1, 3, 2]
Obj (MEDIOS ACT VS NO ACT BLS): 7.53588
[2, 1, 1, 2, 2, 1, 2, 1, 3, 2, 2, 1, 2, 1, 3, 1, 2, 1, 3, 1, 2, 1, 2, 1, 3, 2, 2, 1, 1, 1, 3, 2]
Obj (MEDIOS ACT VS NO ACT BLS): 7.53588
[2, 1, 2, 1, 2, 1, 2, 1, 3, 2, 2, 1, 2, 1, 3, 1, 2, 1, 2, 2, 2, 1, 2, 1, 3, 2, 2, 1, 1, 1, 3, 2]
Obj (MEDIOS ACT VS NO ACT BLS): 7.53923
[2, 1, 1, 2, 2, 1, 2, 1, 3, 2, 2, 1, 2, 1, 3, 1, 2, 1, 2, 1, 3, 1, 2, 1, 3, 2, 2, 1, 1, 1, 3, 2]
