Obj: 9.38135
[2, 1, 2, 2, 3, 1, 2, 1, 2, 1, 3, 2, 2, 1, 3, 2, 2, 1, 2, 1, 2, 1, 2, 1, 2, 1, 1, 1, 2, 1, 3, 2]
bj (MEDIOS ACT VS NO ACT BLS): 9.38195
[1, 1, 3, 2, 3, 1, 2, 1, 2, 1, 3, 2, 2, 1, 3, 2, 2, 1, 2, 1, 2, 1, 2, 1, 2, 1, 1, 1, 2, 1, 3, 2]
Obj (MEDIOS ACT VS NO ACT BLS): 9.3617
[2, 0, 2, 3, 3, 1, 2, 1, 2, 1, 3, 2, 2, 1, 3, 2, 2, 1, 2, 1, 2, 1, 2, 1, 2, 1, 1, 1, 2, 1, 3, 2]
Obj (MEDIOS ACT VS NO ACT BLS): 9.37745
[1, 1, 2, 2, 4, 1, 2, 1, 2, 1, 3, 2, 2, 1, 3, 2, 2, 1, 2, 1, 2, 1, 2, 1, 2, 1, 1, 1, 2, 1, 3, 2]
Obj (MEDIOS ACT VS NO ACT BLS): 9.3608
[2, 0, 2, 2, 3, 2, 2, 1, 2, 1, 3, 2, 2, 1, 3, 2, 2, 1, 2, 1, 2, 1, 2, 1, 2, 1, 1, 1, 2, 1, 3, 2]
Obj (MEDIOS ACT VS NO ACT BLS): 9.38135
[1, 1, 2, 2, 3, 1, 3, 1, 2, 1, 3, 2, 2, 1, 3, 2, 2, 1, 2, 1, 2, 1, 2, 1, 2, 1, 1, 1, 2, 1, 3, 2]
