Obj: 3.0675
[1, 1, 2, 0, 2, 1, 1, 0, 0, 1, 1, 1, 1, 0, 2, 1, 0, 0, 1, 0, 1, 0, 1, 0, 2, 1, 0, 0, 1, 1, 1, 1]
Obj (ACT VS NO ACT ALS): 3.0265
[1, 0, 2, 1, 2, 1, 1, 0, 0, 1, 1, 1, 1, 0, 2, 1, 0, 0, 1, 0, 1, 0, 1, 0, 2, 1, 0, 0, 1, 1, 1, 1]
Obj (ACT VS NO ACT ALS): 3.0205
[1, 1, 2, 1, 2, 0, 1, 0, 0, 1, 1, 1, 1, 0, 2, 1, 0, 0, 1, 0, 1, 0, 1, 0, 2, 1, 0, 0, 1, 1, 1, 1]
Obj (ACT VS NO ACT ALS): 3.0525
[1, 1, 2, 1, 2, 1, 1, 0, 0, 0, 1, 1, 1, 0, 2, 1, 0, 0, 1, 0, 1, 0, 1, 0, 2, 1, 0, 0, 1, 1, 1, 1]
Obj (ACT VS NO ACT ALS): 3.0445
[1, 1, 2, 1, 2, 1, 1, 0, 0, 1, 1, 0, 1, 0, 2, 1, 0, 0, 1, 0, 1, 0, 1, 0, 2, 1, 0, 0, 1, 1, 1, 1]
Obj (ACT VS NO ACT ALS): 3.0865
[1, 1, 2, 1, 2, 1, 1, 0, 0, 1, 1, 1, 1, 0, 2, 0, 0, 0, 1, 0, 1, 0, 1, 0, 2, 1, 0, 0, 1, 1, 1, 1]
Obj (ACT VS NO ACT ALS): 3.0625
[1, 1, 2, 1, 2, 1, 1, 0, 0, 1, 1, 1, 1, 0, 2, 1, 0, 0, 1, 0, 1, 0, 1, 0, 2, 0, 0, 0, 1, 1, 1, 1]
Obj (ACT VS NO ACT ALS): 3.0865
[1, 1, 2, 1, 2, 1, 1, 0, 0, 1, 1, 1, 1, 0, 2, 1, 0, 0, 1, 0, 1, 0, 1, 0, 2, 1, 0, 0, 1, 0, 1, 1]
Obj (ACT VS NO ACT ALS): 3.0675
[1, 1, 2, 1, 2, 1, 1, 0, 0, 1, 1, 1, 1, 0, 2, 1, 0, 0, 1, 0, 1, 0, 1, 0, 2, 1, 0, 0, 1, 1, 1, 0]
Obj (ACT VS NO ACT ALS): 3.0365
[1, 0, 2, 0, 2, 1, 1, 1, 0, 1, 1, 1, 1, 0, 2, 1, 0, 0, 1, 0, 1, 0, 1, 0, 2, 1, 0, 0, 1, 1, 1, 1]
Obj (ACT VS NO ACT ALS): 3.0445
[1, 1, 2, 0, 2, 0, 1, 1, 0, 1, 1, 1, 1, 0, 2, 1, 0, 0, 1, 0, 1, 0, 1, 0, 2, 1, 0, 0, 1, 1, 1, 1]
Obj (ACT VS NO ACT ALS): 3.0575
[1, 1, 2, 0, 2, 1, 1, 1, 0, 0, 1, 1, 1, 0, 2, 1, 0, 0, 1, 0, 1, 0, 1, 0, 2, 1, 0, 0, 1, 1, 1, 1]
Obj (ACT VS NO ACT ALS): 3.0445
[1, 1, 2, 0, 2, 1, 1, 1, 0, 1, 1, 0, 1, 0, 2, 1, 0, 0, 1, 0, 1, 0, 1, 0, 2, 1, 0, 0, 1, 1, 1, 1]
Obj (ACT VS NO ACT ALS): 3.0915
[1, 1, 2, 0, 2, 1, 1, 1, 0, 1, 1, 1, 1, 0, 2, 0, 0, 0, 1, 0, 1, 0, 1, 0, 2, 1, 0, 0, 1, 1, 1, 1]
Obj (ACT VS NO ACT ALS): 3.0915
[1, 1, 2, 0, 2, 1, 1, 1, 0, 1, 1, 1, 1, 0, 2, 1, 0, 0, 1, 0, 1, 0, 1, 0, 2, 0, 0, 0, 1, 1, 1, 1]
Obj (ACT VS NO ACT ALS): 3.0915
[1, 1, 2, 0, 2, 1, 1, 1, 0, 1, 1, 1, 1, 0, 2, 1, 0, 0, 1, 0, 1, 0, 1, 0, 2, 1, 0, 0, 1, 0, 1, 1]
Obj (ACT VS NO ACT ALS): 3.0725
[1, 1, 2, 0, 2, 1, 1, 1, 0, 1, 1, 1, 1, 0, 2, 1, 0, 0, 1, 0, 1, 0, 1, 0, 2, 1, 0, 0, 1, 1, 1, 0]
Obj (ACT VS NO ACT ALS): 3.0315
[1, 0, 2, 0, 2, 1, 1, 0, 0, 1, 1, 1, 1, 1, 2, 1, 0, 0, 1, 0, 1, 0, 1, 0, 2, 1, 0, 0, 1, 1, 1, 1]
Obj (ACT VS NO ACT ALS): 3.029
[1, 1, 2, 0, 2, 0, 1, 0, 0, 1, 1, 1, 1, 1, 2, 1, 0, 0, 1, 0, 1, 0, 1, 0, 2, 1, 0, 0, 1, 1, 1, 1]
Obj (ACT VS NO ACT ALS): 3.071
[1, 1, 2, 0, 2, 1, 1, 0, 0, 0, 1, 1, 1, 1, 2, 1, 0, 0, 1, 0, 1, 0, 1, 0, 2, 1, 0, 0, 1, 1, 1, 1]
Obj (ACT VS NO ACT ALS): 3.053
[1, 1, 2, 0, 2, 1, 1, 0, 0, 1, 1, 0, 1, 1, 2, 1, 0, 0, 1, 0, 1, 0, 1, 0, 2, 1, 0, 0, 1, 1, 1, 1]
Obj (ACT VS NO ACT ALS): 3.095
[1, 1, 2, 0, 2, 1, 1, 0, 0, 1, 1, 1, 1, 1, 2, 0, 0, 0, 1, 0, 1, 0, 1, 0, 2, 1, 0, 0, 1, 1, 1, 1]
Obj (ACT VS NO ACT ALS): 3.0725
[1, 1, 2, 0, 2, 1, 1, 0, 0, 1, 1, 1, 1, 1, 2, 1, 0, 0, 1, 0, 1, 0, 1, 0, 2, 0, 0, 0, 1, 1, 1, 1]
Obj (ACT VS NO ACT ALS): 3.095
[1, 1, 2, 0, 2, 1, 1, 0, 0, 1, 1, 1, 1, 1, 2, 1, 0, 0, 1, 0, 1, 0, 1, 0, 2, 1, 0, 0, 1, 0, 1, 1]
Obj (ACT VS NO ACT ALS): 3.076
[1, 1, 2, 0, 2, 1, 1, 0, 0, 1, 1, 1, 1, 1, 2, 1, 0, 0, 1, 0, 1, 0, 1, 0, 2, 1, 0, 0, 1, 1, 1, 0]
Obj (ACT VS NO ACT ALS): 3.0265
[1, 0, 2, 0, 2, 1, 1, 0, 0, 1, 1, 1, 1, 0, 2, 1, 0, 1, 1, 0, 1, 0, 1, 0, 2, 1, 0, 0, 1, 1, 1, 1]
Obj (ACT VS NO ACT ALS): 3.0205
[1, 1, 2, 0, 2, 0, 1, 0, 0, 1, 1, 1, 1, 0, 2, 1, 0, 1, 1, 0, 1, 0, 1, 0, 2, 1, 0, 0, 1, 1, 1, 1]
Obj (ACT VS NO ACT ALS): 3.0625
[1, 1, 2, 0, 2, 1, 1, 0, 0, 0, 1, 1, 1, 0, 2, 1, 0, 1, 1, 0, 1, 0, 1, 0, 2, 1, 0, 0, 1, 1, 1, 1]
Obj (ACT VS NO ACT ALS): 3.0445
[1, 1, 2, 0, 2, 1, 1, 0, 0, 1, 1, 0, 1, 0, 2, 1, 0, 1, 1, 0, 1, 0, 1, 0, 2, 1, 0, 0, 1, 1, 1, 1]
Obj (ACT VS NO ACT ALS): 3.0915
[1, 1, 2, 0, 2, 1, 1, 0, 0, 1, 1, 1, 1, 0, 2, 0, 0, 1, 1, 0, 1, 0, 1, 0, 2, 1, 0, 0, 1, 1, 1, 1]
Obj (ACT VS NO ACT ALS): 3.0625
[1, 1, 2, 0, 2, 1, 1, 0, 0, 1, 1, 1, 1, 0, 2, 1, 0, 1, 1, 0, 1, 0, 1, 0, 2, 0, 0, 0, 1, 1, 1, 1]
Obj (ACT VS NO ACT ALS): 3.0865
[1, 1, 2, 0, 2, 1, 1, 0, 0, 1, 1, 1, 1, 0, 2, 1, 0, 1, 1, 0, 1, 0, 1, 0, 2, 1, 0, 0, 1, 0, 1, 1]
Obj (ACT VS NO ACT ALS): 3.0675
[1, 1, 2, 0, 2, 1, 1, 0, 0, 1, 1, 1, 1, 0, 2, 1, 0, 1, 1, 0, 1, 0, 1, 0, 2, 1, 0, 0, 1, 1, 1, 0]
Obj (ACT VS NO ACT ALS): 3.0265
[1, 0, 2, 0, 2, 1, 1, 0, 0, 1, 1, 1, 1, 0, 2, 1, 0, 0, 1, 1, 1, 0, 1, 0, 2, 1, 0, 0, 1, 1, 1, 1]
Obj (ACT VS NO ACT ALS): 3.0445
[1, 1, 2, 0, 2, 0, 1, 0, 0, 1, 1, 1, 1, 0, 2, 1, 0, 0, 1, 1, 1, 0, 1, 0, 2, 1, 0, 0, 1, 1, 1, 1]
Obj (ACT VS NO ACT ALS): 3.0575
[1, 1, 2, 0, 2, 1, 1, 0, 0, 0, 1, 1, 1, 0, 2, 1, 0, 0, 1, 1, 1, 0, 1, 0, 2, 1, 0, 0, 1, 1, 1, 1]
Obj (ACT VS NO ACT ALS): 3.0445
[1, 1, 2, 0, 2, 1, 1, 0, 0, 1, 1, 0, 1, 0, 2, 1, 0, 0, 1, 1, 1, 0, 1, 0, 2, 1, 0, 0, 1, 1, 1, 1]
Obj (ACT VS NO ACT ALS): 3.0865
[1, 1, 2, 0, 2, 1, 1, 0, 0, 1, 1, 1, 1, 0, 2, 0, 0, 0, 1, 1, 1, 0, 1, 0, 2, 1, 0, 0, 1, 1, 1, 1]
Obj (ACT VS NO ACT ALS): 3.0625
[1, 1, 2, 0, 2, 1, 1, 0, 0, 1, 1, 1, 1, 0, 2, 1, 0, 0, 1, 1, 1, 0, 1, 0, 2, 0, 0, 0, 1, 1, 1, 1]
Obj (ACT VS NO ACT ALS): 3.0865
[1, 1, 2, 0, 2, 1, 1, 0, 0, 1, 1, 1, 1, 0, 2, 1, 0, 0, 1, 1, 1, 0, 1, 0, 2, 1, 0, 0, 1, 0, 1, 1]
Obj (ACT VS NO ACT ALS): 3.0675
[1, 1, 2, 0, 2, 1, 1, 0, 0, 1, 1, 1, 1, 0, 2, 1, 0, 0, 1, 1, 1, 0, 1, 0, 2, 1, 0, 0, 1, 1, 1, 0]
Obj (ACT VS NO ACT ALS): 3.0365
[1, 0, 2, 0, 2, 1, 1, 0, 0, 1, 1, 1, 1, 0, 2, 1, 0, 0, 1, 0, 1, 1, 1, 0, 2, 1, 0, 0, 1, 1, 1, 1]
Obj (ACT VS NO ACT ALS): 3.0445
[1, 1, 2, 0, 2, 0, 1, 0, 0, 1, 1, 1, 1, 0, 2, 1, 0, 0, 1, 0, 1, 1, 1, 0, 2, 1, 0, 0, 1, 1, 1, 1]
Obj (ACT VS NO ACT ALS): 3.0575
[1, 1, 2, 0, 2, 1, 1, 0, 0, 0, 1, 1, 1, 0, 2, 1, 0, 0, 1, 0, 1, 1, 1, 0, 2, 1, 0, 0, 1, 1, 1, 1]
Obj (ACT VS NO ACT ALS): 3.0445
[1, 1, 2, 0, 2, 1, 1, 0, 0, 1, 1, 0, 1, 0, 2, 1, 0, 0, 1, 0, 1, 1, 1, 0, 2, 1, 0, 0, 1, 1, 1, 1]
Obj (ACT VS NO ACT ALS): 3.0915
[1, 1, 2, 0, 2, 1, 1, 0, 0, 1, 1, 1, 1, 0, 2, 0, 0, 0, 1, 0, 1, 1, 1, 0, 2, 1, 0, 0, 1, 1, 1, 1]
Obj (ACT VS NO ACT ALS): 3.0915
[1, 1, 2, 0, 2, 1, 1, 0, 0, 1, 1, 1, 1, 0, 2, 1, 0, 0, 1, 0, 1, 1, 1, 0, 2, 0, 0, 0, 1, 1, 1, 1]
Obj (ACT VS NO ACT ALS): 3.0915
[1, 1, 2, 0, 2, 1, 1, 0, 0, 1, 1, 1, 1, 0, 2, 1, 0, 0, 1, 0, 1, 1, 1, 0, 2, 1, 0, 0, 1, 0, 1, 1]
Obj (ACT VS NO ACT ALS): 3.0725
[1, 1, 2, 0, 2, 1, 1, 0, 0, 1, 1, 1, 1, 0, 2, 1, 0, 0, 1, 0, 1, 1, 1, 0, 2, 1, 0, 0, 1, 1, 1, 0]
Obj (ACT VS NO ACT ALS): 3.0315
[1, 0, 2, 0, 2, 1, 1, 0, 0, 1, 1, 1, 1, 0, 2, 1, 0, 0, 1, 0, 1, 0, 1, 1, 2, 1, 0, 0, 1, 1, 1, 1]
Obj (ACT VS NO ACT ALS): 3.0255
[1, 1, 2, 0, 2, 0, 1, 0, 0, 1, 1, 1, 1, 0, 2, 1, 0, 0, 1, 0, 1, 0, 1, 1, 2, 1, 0, 0, 1, 1, 1, 1]
Obj (ACT VS NO ACT ALS): 3.0575
[1, 1, 2, 0, 2, 1, 1, 0, 0, 0, 1, 1, 1, 0, 2, 1, 0, 0, 1, 0, 1, 0, 1, 1, 2, 1, 0, 0, 1, 1, 1, 1]
Obj (ACT VS NO ACT ALS): 3.0495
[1, 1, 2, 0, 2, 1, 1, 0, 0, 1, 1, 0, 1, 0, 2, 1, 0, 0, 1, 0, 1, 0, 1, 1, 2, 1, 0, 0, 1, 1, 1, 1]
Obj (ACT VS NO ACT ALS): 3.0915
[1, 1, 2, 0, 2, 1, 1, 0, 0, 1, 1, 1, 1, 0, 2, 0, 0, 0, 1, 0, 1, 0, 1, 1, 2, 1, 0, 0, 1, 1, 1, 1]
Obj (ACT VS NO ACT ALS): 3.0675
[1, 1, 2, 0, 2, 1, 1, 0, 0, 1, 1, 1, 1, 0, 2, 1, 0, 0, 1, 0, 1, 0, 1, 1, 2, 0, 0, 0, 1, 1, 1, 1]
Obj (ACT VS NO ACT ALS): 3.0915
[1, 1, 2, 0, 2, 1, 1, 0, 0, 1, 1, 1, 1, 0, 2, 1, 0, 0, 1, 0, 1, 0, 1, 1, 2, 1, 0, 0, 1, 0, 1, 1]
Obj (ACT VS NO ACT ALS): 3.0865
[1, 1, 2, 0, 2, 1, 1, 0, 0, 1, 1, 1, 1, 0, 2, 1, 0, 0, 1, 0, 1, 0, 1, 1, 2, 1, 0, 0, 1, 1, 1, 0]
Obj (ACT VS NO ACT ALS): 3.0265
[1, 0, 2, 0, 2, 1, 1, 0, 0, 1, 1, 1, 1, 0, 2, 1, 0, 0, 1, 0, 1, 0, 1, 0, 2, 1, 0, 1, 1, 1, 1, 1]
Obj (ACT VS NO ACT ALS): 3.0205
[1, 1, 2, 0, 2, 0, 1, 0, 0, 1, 1, 1, 1, 0, 2, 1, 0, 0, 1, 0, 1, 0, 1, 0, 2, 1, 0, 1, 1, 1, 1, 1]
Obj (ACT VS NO ACT ALS): 3.0525
[1, 1, 2, 0, 2, 1, 1, 0, 0, 0, 1, 1, 1, 0, 2, 1, 0, 0, 1, 0, 1, 0, 1, 0, 2, 1, 0, 1, 1, 1, 1, 1]
Obj (ACT VS NO ACT ALS): 3.0445
[1, 1, 2, 0, 2, 1, 1, 0, 0, 1, 1, 0, 1, 0, 2, 1, 0, 0, 1, 0, 1, 0, 1, 0, 2, 1, 0, 1, 1, 1, 1, 1]
Obj (ACT VS NO ACT ALS): 3.0865
[1, 1, 2, 0, 2, 1, 1, 0, 0, 1, 1, 1, 1, 0, 2, 0, 0, 0, 1, 0, 1, 0, 1, 0, 2, 1, 0, 1, 1, 1, 1, 1]
Obj (ACT VS NO ACT ALS): 3.0625
[1, 1, 2, 0, 2, 1, 1, 0, 0, 1, 1, 1, 1, 0, 2, 1, 0, 0, 1, 0, 1, 0, 1, 0, 2, 0, 0, 1, 1, 1, 1, 1]
Obj (ACT VS NO ACT ALS): 3.0865
[1, 1, 2, 0, 2, 1, 1, 0, 0, 1, 1, 1, 1, 0, 2, 1, 0, 0, 1, 0, 1, 0, 1, 0, 2, 1, 0, 1, 1, 0, 1, 1]
Obj (ACT VS NO ACT ALS): 3.0675
[1, 1, 2, 0, 2, 1, 1, 0, 0, 1, 1, 1, 1, 0, 2, 1, 0, 0, 1, 0, 1, 0, 1, 0, 2, 1, 0, 1, 1, 1, 1, 0]
