Obj: 9.17202
[1, 1, 3, 1, 2, 1, 2, 1, 2, 1, 3, 2, 2, 1, 3, 2, 2, 1, 2, 1, 2, 1, 3, 2, 2, 1, 2, 1, 1, 1, 3, 2]
Obj (MEDIOS ACT VS NO ACT BLS): 9.13553
[0, 1, 4, 1, 2, 1, 2, 1, 2, 1, 3, 2, 2, 1, 3, 2, 2, 1, 2, 1, 2, 1, 3, 2, 2, 1, 2, 1, 1, 1, 3, 2]
Obj (MEDIOS ACT VS NO ACT BLS): 9.13597
[1, 0, 3, 2, 2, 1, 2, 1, 2, 1, 3, 2, 2, 1, 3, 2, 2, 1, 2, 1, 2, 1, 3, 2, 2, 1, 2, 1, 1, 1, 3, 2]
Obj (MEDIOS ACT VS NO ACT BLS): 9.13466
[0, 1, 3, 1, 3, 1, 2, 1, 2, 1, 3, 2, 2, 1, 3, 2, 2, 1, 2, 1, 2, 1, 3, 2, 2, 1, 2, 1, 1, 1, 3, 2]
Obj (MEDIOS ACT VS NO ACT BLS): 9.13514
[1, 0, 3, 1, 2, 2, 2, 1, 2, 1, 3, 2, 2, 1, 3, 2, 2, 1, 2, 1, 2, 1, 3, 2, 2, 1, 2, 1, 1, 1, 3, 2]
Obj (MEDIOS ACT VS NO ACT BLS): 9.13546
[0, 1, 3, 1, 2, 1, 3, 1, 2, 1, 3, 2, 2, 1, 3, 2, 2, 1, 2, 1, 2, 1, 3, 2, 2, 1, 2, 1, 1, 1, 3, 2]
Obj (MEDIOS ACT VS NO ACT BLS): 9.13789
[1, 0, 3, 1, 2, 1, 2, 2, 2, 1, 3, 2, 2, 1, 3, 2, 2, 1, 2, 1, 2, 1, 3, 2, 2, 1, 2, 1, 1, 1, 3, 2]
Obj (MEDIOS ACT VS NO ACT BLS): 9.1382
[0, 1, 3, 1, 2, 1, 2, 1, 3, 1, 3, 2, 2, 1, 3, 2, 2, 1, 2, 1, 2, 1, 3, 2, 2, 1, 2, 1, 1, 1, 3, 2]
Obj (MEDIOS ACT VS NO ACT BLS): 9.14022
[1, 0, 3, 1, 2, 1, 2, 1, 2, 2, 3, 2, 2, 1, 3, 2, 2, 1, 2, 1, 2, 1, 3, 2, 2, 1, 2, 1, 1, 1, 3, 2]
Obj (MEDIOS ACT VS NO ACT BLS): 9.13407
[0, 1, 3, 1, 2, 1, 2, 1, 2, 1, 4, 2, 2, 1, 3, 2, 2, 1, 2, 1, 2, 1, 3, 2, 2, 1, 2, 1, 1, 1, 3, 2]
Obj (MEDIOS ACT VS NO ACT BLS): 9.13407
[1, 0, 3, 1, 2, 1, 2, 1, 2, 1, 3, 3, 2, 1, 3, 2, 2, 1, 2, 1, 2, 1, 3, 2, 2, 1, 2, 1, 1, 1, 3, 2]
Obj (MEDIOS ACT VS NO ACT BLS): 9.1343
[0, 1, 3, 1, 2, 1, 2, 1, 2, 1, 3, 2, 3, 1, 3, 2, 2, 1, 2, 1, 2, 1, 3, 2, 2, 1, 2, 1, 1, 1, 3, 2]
Obj (MEDIOS ACT VS NO ACT BLS): 9.1343
[1, 0, 3, 1, 2, 1, 2, 1, 2, 1, 3, 2, 2, 2, 3, 2, 2, 1, 2, 1, 2, 1, 3, 2, 2, 1, 2, 1, 1, 1, 3, 2]
Obj (MEDIOS ACT VS NO ACT BLS): 9.13463
[0, 1, 3, 1, 2, 1, 2, 1, 2, 1, 3, 2, 2, 1, 4, 2, 2, 1, 2, 1, 2, 1, 3, 2, 2, 1, 2, 1, 1, 1, 3, 2]
Obj (MEDIOS ACT VS NO ACT BLS): 9.13463
[1, 0, 3, 1, 2, 1, 2, 1, 2, 1, 3, 2, 2, 1, 3, 3, 2, 1, 2, 1, 2, 1, 3, 2, 2, 1, 2, 1, 1, 1, 3, 2]
Obj (MEDIOS ACT VS NO ACT BLS): 9.13867
[0, 1, 3, 1, 2, 1, 2, 1, 2, 1, 3, 2, 2, 1, 3, 2, 3, 1, 2, 1, 2, 1, 3, 2, 2, 1, 2, 1, 1, 1, 3, 2]
Obj (MEDIOS ACT VS NO ACT BLS): 9.13867
[1, 0, 3, 1, 2, 1, 2, 1, 2, 1, 3, 2, 2, 1, 3, 2, 2, 2, 2, 1, 2, 1, 3, 2, 2, 1, 2, 1, 1, 1, 3, 2]
Obj (MEDIOS ACT VS NO ACT BLS): 9.1376
[0, 1, 3, 1, 2, 1, 2, 1, 2, 1, 3, 2, 2, 1, 3, 2, 2, 1, 3, 1, 2, 1, 3, 2, 2, 1, 2, 1, 1, 1, 3, 2]
Obj (MEDIOS ACT VS NO ACT BLS): 9.13837
[1, 0, 3, 1, 2, 1, 2, 1, 2, 1, 3, 2, 2, 1, 3, 2, 2, 1, 2, 2, 2, 1, 3, 2, 2, 1, 2, 1, 1, 1, 3, 2]
Obj (MEDIOS ACT VS NO ACT BLS): 9.14118
[0, 1, 3, 1, 2, 1, 2, 1, 2, 1, 3, 2, 2, 1, 3, 2, 2, 1, 2, 1, 3, 1, 3, 2, 2, 1, 2, 1, 1, 1, 3, 2]
Obj (MEDIOS ACT VS NO ACT BLS): 9.14118
[1, 0, 3, 1, 2, 1, 2, 1, 2, 1, 3, 2, 2, 1, 3, 2, 2, 1, 2, 1, 2, 2, 3, 2, 2, 1, 2, 1, 1, 1, 3, 2]
Obj (MEDIOS ACT VS NO ACT BLS): 9.13299
[0, 1, 3, 1, 2, 1, 2, 1, 2, 1, 3, 2, 2, 1, 3, 2, 2, 1, 2, 1, 2, 1, 4, 2, 2, 1, 2, 1, 1, 1, 3, 2]
Obj (MEDIOS ACT VS NO ACT BLS): 9.13299
[1, 0, 3, 1, 2, 1, 2, 1, 2, 1, 3, 2, 2, 1, 3, 2, 2, 1, 2, 1, 2, 1, 3, 3, 2, 1, 2, 1, 1, 1, 3, 2]
Obj (MEDIOS ACT VS NO ACT BLS): 9.13746
[0, 1, 3, 1, 2, 1, 2, 1, 2, 1, 3, 2, 2, 1, 3, 2, 2, 1, 2, 1, 2, 1, 3, 2, 3, 1, 2, 1, 1, 1, 3, 2]
Obj (MEDIOS ACT VS NO ACT BLS): 9.1404
[1, 0, 3, 1, 2, 1, 2, 1, 2, 1, 3, 2, 2, 1, 3, 2, 2, 1, 2, 1, 2, 1, 3, 2, 2, 2, 2, 1, 1, 1, 3, 2]
Obj (MEDIOS ACT VS NO ACT BLS): 9.13648
[0, 1, 3, 1, 2, 1, 2, 1, 2, 1, 3, 2, 2, 1, 3, 2, 2, 1, 2, 1, 2, 1, 3, 2, 2, 1, 3, 1, 1, 1, 3, 2]
Obj (MEDIOS ACT VS NO ACT BLS): 9.13858
[1, 0, 3, 1, 2, 1, 2, 1, 2, 1, 3, 2, 2, 1, 3, 2, 2, 1, 2, 1, 2, 1, 3, 2, 2, 1, 2, 2, 1, 1, 3, 2]
Obj (MEDIOS ACT VS NO ACT BLS): 9.13977
[0, 1, 3, 1, 2, 1, 2, 1, 2, 1, 3, 2, 2, 1, 3, 2, 2, 1, 2, 1, 2, 1, 3, 2, 2, 1, 2, 1, 2, 1, 3, 2]
Obj (MEDIOS ACT VS NO ACT BLS): 9.13977
[1, 0, 3, 1, 2, 1, 2, 1, 2, 1, 3, 2, 2, 1, 3, 2, 2, 1, 2, 1, 2, 1, 3, 2, 2, 1, 2, 1, 1, 2, 3, 2]
Obj (MEDIOS ACT VS NO ACT BLS): 9.13266
[0, 1, 3, 1, 2, 1, 2, 1, 2, 1, 3, 2, 2, 1, 3, 2, 2, 1, 2, 1, 2, 1, 3, 2, 2, 1, 2, 1, 1, 1, 4, 2]
Obj (MEDIOS ACT VS NO ACT BLS): 9.13266
[1, 0, 3, 1, 2, 1, 2, 1, 2, 1, 3, 2, 2, 1, 3, 2, 2, 1, 2, 1, 2, 1, 3, 2, 2, 1, 2, 1, 1, 1, 3, 3]
Obj (MEDIOS ACT VS NO ACT BLS): 9.175
[2, 1, 2, 1, 2, 1, 2, 1, 2, 1, 3, 2, 2, 1, 3, 2, 2, 1, 2, 1, 2, 1, 3, 2, 2, 1, 2, 1, 1, 1, 3, 2]
Obj (MEDIOS ACT VS NO ACT BLS): 9.13977
[1, 2, 3, 0, 2, 1, 2, 1, 2, 1, 3, 2, 2, 1, 3, 2, 2, 1, 2, 1, 2, 1, 3, 2, 2, 1, 2, 1, 1, 1, 3, 2]
Obj (MEDIOS ACT VS NO ACT BLS): 9.16491
[1, 1, 2, 1, 3, 1, 2, 1, 2, 1, 3, 2, 2, 1, 3, 2, 2, 1, 2, 1, 2, 1, 3, 2, 2, 1, 2, 1, 1, 1, 3, 2]
Obj (MEDIOS ACT VS NO ACT BLS): 9.13068
[1, 1, 3, 0, 2, 2, 2, 1, 2, 1, 3, 2, 2, 1, 3, 2, 2, 1, 2, 1, 2, 1, 3, 2, 2, 1, 2, 1, 1, 1, 3, 2]
Obj (MEDIOS ACT VS NO ACT BLS): 9.16691
[1, 1, 2, 1, 2, 1, 3, 1, 2, 1, 3, 2, 2, 1, 3, 2, 2, 1, 2, 1, 2, 1, 3, 2, 2, 1, 2, 1, 1, 1, 3, 2]
Obj (MEDIOS ACT VS NO ACT BLS): 9.13148
[1, 1, 3, 0, 2, 1, 2, 2, 2, 1, 3, 2, 2, 1, 3, 2, 2, 1, 2, 1, 2, 1, 3, 2, 2, 1, 2, 1, 1, 1, 3, 2]
Obj (MEDIOS ACT VS NO ACT BLS): 9.16968
[1, 1, 2, 1, 2, 1, 2, 1, 3, 1, 3, 2, 2, 1, 3, 2, 2, 1, 2, 1, 2, 1, 3, 2, 2, 1, 2, 1, 1, 1, 3, 2]
Obj (MEDIOS ACT VS NO ACT BLS): 9.13386
[1, 1, 3, 0, 2, 1, 2, 1, 2, 2, 3, 2, 2, 1, 3, 2, 2, 1, 2, 1, 2, 1, 3, 2, 2, 1, 2, 1, 1, 1, 3, 2]
Obj (MEDIOS ACT VS NO ACT BLS): 9.1643
[1, 1, 2, 1, 2, 1, 2, 1, 2, 1, 4, 2, 2, 1, 3, 2, 2, 1, 2, 1, 2, 1, 3, 2, 2, 1, 2, 1, 1, 1, 3, 2]
Obj (MEDIOS ACT VS NO ACT BLS): 9.1296
[1, 1, 3, 0, 2, 1, 2, 1, 2, 1, 3, 3, 2, 1, 3, 2, 2, 1, 2, 1, 2, 1, 3, 2, 2, 1, 2, 1, 1, 1, 3, 2]
Obj (MEDIOS ACT VS NO ACT BLS): 9.16448
[1, 1, 2, 1, 2, 1, 2, 1, 2, 1, 3, 2, 3, 1, 3, 2, 2, 1, 2, 1, 2, 1, 3, 2, 2, 1, 2, 1, 1, 1, 3, 2]
Obj (MEDIOS ACT VS NO ACT BLS): 9.12976
[1, 1, 3, 0, 2, 1, 2, 1, 2, 1, 3, 2, 2, 2, 3, 2, 2, 1, 2, 1, 2, 1, 3, 2, 2, 1, 2, 1, 1, 1, 3, 2]
Obj (MEDIOS ACT VS NO ACT BLS): 9.16591
[1, 1, 2, 1, 2, 1, 2, 1, 2, 1, 3, 2, 2, 1, 4, 2, 2, 1, 2, 1, 2, 1, 3, 2, 2, 1, 2, 1, 1, 1, 3, 2]
Obj (MEDIOS ACT VS NO ACT BLS): 9.1305
[1, 1, 3, 0, 2, 1, 2, 1, 2, 1, 3, 2, 2, 1, 3, 3, 2, 1, 2, 1, 2, 1, 3, 2, 2, 1, 2, 1, 1, 1, 3, 2]
Obj (MEDIOS ACT VS NO ACT BLS): 9.17202
[1, 1, 2, 1, 2, 1, 2, 1, 2, 1, 3, 2, 2, 1, 3, 2, 3, 1, 2, 1, 2, 1, 3, 2, 2, 1, 2, 1, 1, 1, 3, 2]
