Obj: 11.315
[2, 1, 2, 2, 3, 2, 2, 1, 2, 1, 2, 1, 2, 1, 2, 1, 2, 1, 2, 1, 2, 1, 2, 1, 2, 1, 2, 1, 3, 2, 3, 2]

Obj (MEDIOS ACT VS NO ACT BLS): 11.309
[1, 1, 3, 2, 3, 2, 2, 1, 2, 1, 2, 1, 2, 1, 2, 1, 2, 1, 2, 1, 2, 1, 2, 1, 2, 1, 2, 1, 3, 2, 3, 2]
Obj (MEDIOS ACT VS NO ACT BLS): 11.297
[2, 0, 2, 3, 3, 2, 2, 1, 2, 1, 2, 1, 2, 1, 2, 1, 2, 1, 2, 1, 2, 1, 2, 1, 2, 1, 2, 1, 3, 2, 3, 2]
Obj (MEDIOS ACT VS NO ACT BLS): 11.3035
[1, 1, 2, 2, 4, 2, 2, 1, 2, 1, 2, 1, 2, 1, 2, 1, 2, 1, 2, 1, 2, 1, 2, 1, 2, 1, 2, 1, 3, 2, 3, 2]
Obj (MEDIOS ACT VS NO ACT BLS): 11.2915
[2, 0, 2, 2, 3, 3, 2, 1, 2, 1, 2, 1, 2, 1, 2, 1, 2, 1, 2, 1, 2, 1, 2, 1, 2, 1, 2, 1, 3, 2, 3, 2]
Obj (MEDIOS ACT VS NO ACT BLS): 11.3105
[1, 1, 2, 2, 3, 2, 3, 1, 2, 1, 2, 1, 2, 1, 2, 1, 2, 1, 2, 1, 2, 1, 2, 1, 2, 1, 2, 1, 3, 2, 3, 2]
Obj (MEDIOS ACT VS NO ACT BLS): 11.2985
[2, 0, 2, 2, 3, 2, 2, 2, 2, 1, 2, 1, 2, 1, 2, 1, 2, 1, 2, 1, 2, 1, 2, 1, 2, 1, 2, 1, 3, 2, 3, 2]
Obj (MEDIOS ACT VS NO ACT BLS): 11.3115
[1, 1, 2, 2, 3, 2, 2, 1, 3, 1, 2, 1, 2, 1, 2, 1, 2, 1, 2, 1, 2, 1, 2, 1, 2, 1, 2, 1, 3, 2, 3, 2]
Obj (MEDIOS ACT VS NO ACT BLS): 11.3005
[2, 0, 2, 2, 3, 2, 2, 1, 2, 2, 2, 1, 2, 1, 2, 1, 2, 1, 2, 1, 2, 1, 2, 1, 2, 1, 2, 1, 3, 2, 3, 2]
Obj (MEDIOS ACT VS NO ACT BLS): 11.3035
[1, 1, 2, 2, 3, 2, 2, 1, 2, 1, 3, 1, 2, 1, 2, 1, 2, 1, 2, 1, 2, 1, 2, 1, 2, 1, 2, 1, 3, 2, 3, 2]
Obj (MEDIOS ACT VS NO ACT BLS): 11.2915
[2, 0, 2, 2, 3, 2, 2, 1, 2, 1, 2, 2, 2, 1, 2, 1, 2, 1, 2, 1, 2, 1, 2, 1, 2, 1, 2, 1, 3, 2, 3, 2]
Obj (MEDIOS ACT VS NO ACT BLS): 11.3015
[1, 1, 2, 2, 3, 2, 2, 1, 2, 1, 2, 1, 3, 1, 2, 1, 2, 1, 2, 1, 2, 1, 2, 1, 2, 1, 2, 1, 3, 2, 3, 2]
Obj (MEDIOS ACT VS NO ACT BLS): 11.2895
[2, 0, 2, 2, 3, 2, 2, 1, 2, 1, 2, 1, 2, 2, 2, 1, 2, 1, 2, 1, 2, 1, 2, 1, 2, 1, 2, 1, 3, 2, 3, 2]
Obj (MEDIOS ACT VS NO ACT BLS): 11.307
[1, 1, 2, 2, 3, 2, 2, 1, 2, 1, 2, 1, 2, 1, 3, 1, 2, 1, 2, 1, 2, 1, 2, 1, 2, 1, 2, 1, 3, 2, 3, 2]
Obj (MEDIOS ACT VS NO ACT BLS): 11.295
[2, 0, 2, 2, 3, 2, 2, 1, 2, 1, 2, 1, 2, 1, 2, 2, 2, 1, 2, 1, 2, 1, 2, 1, 2, 1, 2, 1, 3, 2, 3, 2]
Obj (MEDIOS ACT VS NO ACT BLS): 11.303
[1, 1, 2, 2, 3, 2, 2, 1, 2, 1, 2, 1, 2, 1, 2, 1, 3, 1, 2, 1, 2, 1, 2, 1, 2, 1, 2, 1, 3, 2, 3, 2]
Obj (MEDIOS ACT VS NO ACT BLS): 11.291
[2, 0, 2, 2, 3, 2, 2, 1, 2, 1, 2, 1, 2, 1, 2, 1, 2, 2, 2, 1, 2, 1, 2, 1, 2, 1, 2, 1, 3, 2, 3, 2]
Obj (MEDIOS ACT VS NO ACT BLS): 11.315
[1, 1, 2, 2, 3, 2, 2, 1, 2, 1, 2, 1, 2, 1, 2, 1, 2, 1, 3, 1, 2, 1, 2, 1, 2, 1, 2, 1, 3, 2, 3, 2]
Obj (MEDIOS ACT VS NO ACT BLS): 11.303
[2, 0, 2, 2, 3, 2, 2, 1, 2, 1, 2, 1, 2, 1, 2, 1, 2, 1, 2, 2, 2, 1, 2, 1, 2, 1, 2, 1, 3, 2, 3, 2]
Obj (MEDIOS ACT VS NO ACT BLS): 11.315
[1, 1, 2, 2, 3, 2, 2, 1, 2, 1, 2, 1, 2, 1, 2, 1, 2, 1, 2, 1, 3, 1, 2, 1, 2, 1, 2, 1, 3, 2, 3, 2]
