Obj: 8.12845
[3, 1, 2, 2, 2, 1, 2, 1, 3, 1, 2, 1, 2, 1, 3, 1, 2, 2, 2, 1, 2, 1, 2, 1, 3, 2, 2, 1, 1, 1, 2, 2]
bj (MEDIOS ACT VS NO ACT BLS): 8.13605
[2, 1, 3, 2, 2, 1, 2, 1, 3, 1, 2, 1, 2, 1, 3, 1, 2, 2, 2, 1, 2, 1, 2, 1, 3, 2, 2, 1, 1, 1, 2, 2]
Obj (MEDIOS ACT VS NO ACT BLS): 8.1015
[3, 0, 2, 3, 2, 1, 2, 1, 3, 1, 2, 1, 2, 1, 3, 1, 2, 2, 2, 1, 2, 1, 2, 1, 3, 2, 2, 1, 1, 1, 2, 2]
Obj (MEDIOS ACT VS NO ACT BLS): 8.13515
[2, 1, 2, 2, 3, 1, 2, 1, 3, 1, 2, 1, 2, 1, 3, 1, 2, 2, 2, 1, 2, 1, 2, 1, 3, 2, 2, 1, 1, 1, 2, 2]
Obj (MEDIOS ACT VS NO ACT BLS): 8.0987
[3, 0, 2, 2, 2, 2, 2, 1, 3, 1, 2, 1, 2, 1, 3, 1, 2, 2, 2, 1, 2, 1, 2, 1, 3, 2, 2, 1, 1, 1, 2, 2]
Obj (MEDIOS ACT VS NO ACT BLS): 8.13355
[2, 1, 2, 2, 2, 1, 3, 1, 3, 1, 2, 1, 2, 1, 3, 1, 2, 2, 2, 1, 2, 1, 2, 1, 3, 2, 2, 1, 1, 1, 2, 2]
Obj (MEDIOS ACT VS NO ACT BLS): 8.0952
[3, 0, 2, 2, 2, 1, 2, 2, 3, 1, 2, 1, 2, 1, 3, 1, 2, 2, 2, 1, 2, 1, 2, 1, 3, 2, 2, 1, 1, 1, 2, 2]
Obj (MEDIOS ACT VS NO ACT BLS): 8.13355
[2, 1, 2, 2, 2, 1, 2, 1, 4, 1, 2, 1, 2, 1, 3, 1, 2, 2, 2, 1, 2, 1, 2, 1, 3, 2, 2, 1, 1, 1, 2, 2]
Obj (MEDIOS ACT VS NO ACT BLS): 8.0956
[3, 0, 2, 2, 2, 1, 2, 1, 3, 2, 2, 1, 2, 1, 3, 1, 2, 2, 2, 1, 2, 1, 2, 1, 3, 2, 2, 1, 1, 1, 2, 2]
Obj (MEDIOS ACT VS NO ACT BLS): 8.1367
[2, 1, 2, 2, 2, 1, 2, 1, 3, 1, 3, 1, 2, 1, 3, 1, 2, 2, 2, 1, 2, 1, 2, 1, 3, 2, 2, 1, 1, 1, 2, 2]
Obj (MEDIOS ACT VS NO ACT BLS): 8.09815
[3, 0, 2, 2, 2, 1, 2, 1, 3, 1, 2, 2, 2, 1, 3, 1, 2, 2, 2, 1, 2, 1, 2, 1, 3, 2, 2, 1, 1, 1, 2, 2]
Obj (MEDIOS ACT VS NO ACT BLS): 8.1359
[2, 1, 2, 2, 2, 1, 2, 1, 3, 1, 2, 1, 3, 1, 3, 1, 2, 2, 2, 1, 2, 1, 2, 1, 3, 2, 2, 1, 1, 1, 2, 2]
Obj (MEDIOS ACT VS NO ACT BLS): 8.0976
[3, 0, 2, 2, 2, 1, 2, 1, 3, 1, 2, 1, 2, 2, 3, 1, 2, 2, 2, 1, 2, 1, 2, 1, 3, 2, 2, 1, 1, 1, 2, 2]
Obj (MEDIOS ACT VS NO ACT BLS): 8.1323
[2, 1, 2, 2, 2, 1, 2, 1, 3, 1, 2, 1, 2, 1, 4, 1, 2, 2, 2, 1, 2, 1, 2, 1, 3, 2, 2, 1, 1, 1, 2, 2]
Obj (MEDIOS ACT VS NO ACT BLS): 8.10095
[3, 0, 2, 2, 2, 1, 2, 1, 3, 1, 2, 1, 2, 1, 3, 2, 2, 2, 2, 1, 2, 1, 2, 1, 3, 2, 2, 1, 1, 1, 2, 2]
Obj (MEDIOS ACT VS NO ACT BLS): 8.13515
[2, 1, 2, 2, 2, 1, 2, 1, 3, 1, 2, 1, 2, 1, 3, 1, 3, 2, 2, 1, 2, 1, 2, 1, 3, 2, 2, 1, 1, 1, 2, 2]
Obj (MEDIOS ACT VS NO ACT BLS): 8.09725
[3, 0, 2, 2, 2, 1, 2, 1, 3, 1, 2, 1, 2, 1, 3, 1, 2, 3, 2, 1, 2, 1, 2, 1, 3, 2, 2, 1, 1, 1, 2, 2]
Obj (MEDIOS ACT VS NO ACT BLS): 8.13245
[2, 1, 2, 2, 2, 1, 2, 1, 3, 1, 2, 1, 2, 1, 3, 1, 2, 2, 3, 1, 2, 1, 2, 1, 3, 2, 2, 1, 1, 1, 2, 2]
Obj (MEDIOS ACT VS NO ACT BLS): 8.09665
[3, 0, 2, 2, 2, 1, 2, 1, 3, 1, 2, 1, 2, 1, 3, 1, 2, 2, 2, 2, 2, 1, 2, 1, 3, 2, 2, 1, 1, 1, 2, 2]
Obj (MEDIOS ACT VS NO ACT BLS): 8.13445
[2, 1, 2, 2, 2, 1, 2, 1, 3, 1, 2, 1, 2, 1, 3, 1, 2, 2, 2, 1, 3, 1, 2, 1, 3, 2, 2, 1, 1, 1, 2, 2]
Obj (MEDIOS ACT VS NO ACT BLS): 8.0994
[3, 0, 2, 2, 2, 1, 2, 1, 3, 1, 2, 1, 2, 1, 3, 1, 2, 2, 2, 1, 2, 2, 2, 1, 3, 2, 2, 1, 1, 1, 2, 2]
Obj (MEDIOS ACT VS NO ACT BLS): 8.1381
[2, 1, 2, 2, 2, 1, 2, 1, 3, 1, 2, 1, 2, 1, 3, 1, 2, 2, 2, 1, 2, 1, 3, 1, 3, 2, 2, 1, 1, 1, 2, 2]
Obj (MEDIOS ACT VS NO ACT BLS): 8.10335
[3, 0, 2, 2, 2, 1, 2, 1, 3, 1, 2, 1, 2, 1, 3, 1, 2, 2, 2, 1, 2, 1, 2, 2, 3, 2, 2, 1, 1, 1, 2, 2]
Obj (MEDIOS ACT VS NO ACT BLS): 8.1348
[2, 1, 2, 2, 2, 1, 2, 1, 3, 1, 2, 1, 2, 1, 3, 1, 2, 2, 2, 1, 2, 1, 2, 1, 4, 2, 2, 1, 1, 1, 2, 2]
Obj (MEDIOS ACT VS NO ACT BLS): 8.0955
[3, 0, 2, 2, 2, 1, 2, 1, 3, 1, 2, 1, 2, 1, 3, 1, 2, 2, 2, 1, 2, 1, 2, 1, 3, 3, 2, 1, 1, 1, 2, 2]
Obj (MEDIOS ACT VS NO ACT BLS): 8.13545
[2, 1, 2, 2, 2, 1, 2, 1, 3, 1, 2, 1, 2, 1, 3, 1, 2, 2, 2, 1, 2, 1, 2, 1, 3, 2, 3, 1, 1, 1, 2, 2]
Obj (MEDIOS ACT VS NO ACT BLS): 8.09955
[3, 0, 2, 2, 2, 1, 2, 1, 3, 1, 2, 1, 2, 1, 3, 1, 2, 2, 2, 1, 2, 1, 2, 1, 3, 2, 2, 2, 1, 1, 2, 2]
Obj (MEDIOS ACT VS NO ACT BLS): 8.1366
[2, 1, 2, 2, 2, 1, 2, 1, 3, 1, 2, 1, 2, 1, 3, 1, 2, 2, 2, 1, 2, 1, 2, 1, 3, 2, 2, 1, 2, 1, 2, 2]
Obj (MEDIOS ACT VS NO ACT BLS): 8.09825
[3, 0, 2, 2, 2, 1, 2, 1, 3, 1, 2, 1, 2, 1, 3, 1, 2, 2, 2, 1, 2, 1, 2, 1, 3, 2, 2, 1, 1, 2, 2, 2]
Obj (MEDIOS ACT VS NO ACT BLS): 8.13225
[2, 1, 2, 2, 2, 1, 2, 1, 3, 1, 2, 1, 2, 1, 3, 1, 2, 2, 2, 1, 2, 1, 2, 1, 3, 2, 2, 1, 1, 1, 3, 2]
Obj (MEDIOS ACT VS NO ACT BLS): 8.0954
[3, 0, 2, 2, 2, 1, 2, 1, 3, 1, 2, 1, 2, 1, 3, 1, 2, 2, 2, 1, 2, 1, 2, 1, 3, 2, 2, 1, 1, 1, 2, 3]
Obj (MEDIOS ACT VS NO ACT BLS): 8.13295
[4, 1, 1, 2, 2, 1, 2, 1, 3, 1, 2, 1, 2, 1, 3, 1, 2, 2, 2, 1, 2, 1, 2, 1, 3, 2, 2, 1, 1, 1, 2, 2]
Obj (MEDIOS ACT VS NO ACT BLS): 8.137
[3, 2, 2, 1, 2, 1, 2, 1, 3, 1, 2, 1, 2, 1, 3, 1, 2, 2, 2, 1, 2, 1, 2, 1, 3, 2, 2, 1, 1, 1, 2, 2]
Obj (MEDIOS ACT VS NO ACT BLS): 8.1315
[3, 1, 1, 2, 3, 1, 2, 1, 3, 1, 2, 1, 2, 1, 3, 1, 2, 2, 2, 1, 2, 1, 2, 1, 3, 2, 2, 1, 1, 1, 2, 2]
Obj (MEDIOS ACT VS NO ACT BLS): 8.13355
[3, 1, 2, 1, 2, 2, 2, 1, 3, 1, 2, 1, 2, 1, 3, 1, 2, 2, 2, 1, 2, 1, 2, 1, 3, 2, 2, 1, 1, 1, 2, 2]
Obj (MEDIOS ACT VS NO ACT BLS): 8.12955
[3, 1, 1, 2, 2, 1, 3, 1, 3, 1, 2, 1, 2, 1, 3, 1, 2, 2, 2, 1, 2, 1, 2, 1, 3, 2, 2, 1, 1, 1, 2, 2]
Obj (MEDIOS ACT VS NO ACT BLS): 8.12955
[3, 1, 2, 1, 2, 1, 2, 2, 3, 1, 2, 1, 2, 1, 3, 1, 2, 2, 2, 1, 2, 1, 2, 1, 3, 2, 2, 1, 1, 1, 2, 2]
Obj (MEDIOS ACT VS NO ACT BLS): 8.1294
[3, 1, 1, 2, 2, 1, 2, 1, 4, 1, 2, 1, 2, 1, 3, 1, 2, 2, 2, 1, 2, 1, 2, 1, 3, 2, 2, 1, 1, 1, 2, 2]
Obj (MEDIOS ACT VS NO ACT BLS): 8.1302
[3, 1, 2, 1, 2, 1, 2, 1, 3, 2, 2, 1, 2, 1, 3, 1, 2, 2, 2, 1, 2, 1, 2, 1, 3, 2, 2, 1, 1, 1, 2, 2]
Obj (MEDIOS ACT VS NO ACT BLS): 8.13275
[3, 1, 1, 2, 2, 1, 2, 1, 3, 1, 3, 1, 2, 1, 3, 1, 2, 2, 2, 1, 2, 1, 2, 1, 3, 2, 2, 1, 1, 1, 2, 2]
Obj (MEDIOS ACT VS NO ACT BLS): 8.134
[3, 1, 2, 1, 2, 1, 2, 1, 3, 1, 2, 2, 2, 1, 3, 1, 2, 2, 2, 1, 2, 1, 2, 1, 3, 2, 2, 1, 1, 1, 2, 2]
Obj (MEDIOS ACT VS NO ACT BLS): 8.1322
[3, 1, 1, 2, 2, 1, 2, 1, 3, 1, 2, 1, 3, 1, 3, 1, 2, 2, 2, 1, 2, 1, 2, 1, 3, 2, 2, 1, 1, 1, 2, 2]
Obj (MEDIOS ACT VS NO ACT BLS): 8.13205
[3, 1, 2, 1, 2, 1, 2, 1, 3, 1, 2, 1, 2, 2, 3, 1, 2, 2, 2, 1, 2, 1, 2, 1, 3, 2, 2, 1, 1, 1, 2, 2]
Obj (MEDIOS ACT VS NO ACT BLS): 8.12845
[3, 1, 1, 2, 2, 1, 2, 1, 3, 1, 2, 1, 2, 1, 4, 1, 2, 2, 2, 1, 2, 1, 2, 1, 3, 2, 2, 1, 1, 1, 2, 2]
