Obj: 5.7675
[2, 1, 2, 1, 2, 1, 2, 2, 3, 2, 1, 1, 2, 1, 2, 1, 2, 1, 2, 1, 2, 1, 2, 1, 3, 2, 2, 1, 3, 1, 3, 2]
bj (MEDIOS ACT VS NO ACT BLS): 5.76325
[1, 1, 3, 1, 2, 1, 2, 2, 3, 2, 1, 1, 2, 1, 2, 1, 2, 1, 2, 1, 2, 1, 2, 1, 3, 2, 2, 1, 3, 1, 3, 2]
Obj (MEDIOS ACT VS NO ACT BLS): 5.7468
[2, 0, 2, 2, 2, 1, 2, 2, 3, 2, 1, 1, 2, 1, 2, 1, 2, 1, 2, 1, 2, 1, 2, 1, 3, 2, 2, 1, 3, 1, 3, 2]
Obj (MEDIOS ACT VS NO ACT BLS): 5.76575
[1, 1, 2, 1, 3, 1, 2, 2, 3, 2, 1, 1, 2, 1, 2, 1, 2, 1, 2, 1, 2, 1, 2, 1, 3, 2, 2, 1, 3, 1, 3, 2]
Obj (MEDIOS ACT VS NO ACT BLS): 5.74975
[2, 0, 2, 1, 2, 2, 2, 2, 3, 2, 1, 1, 2, 1, 2, 1, 2, 1, 2, 1, 2, 1, 2, 1, 3, 2, 2, 1, 3, 1, 3, 2]
Obj (MEDIOS ACT VS NO ACT BLS): 5.76275
[1, 1, 2, 1, 2, 1, 3, 2, 3, 2, 1, 1, 2, 1, 2, 1, 2, 1, 2, 1, 2, 1, 2, 1, 3, 2, 2, 1, 3, 1, 3, 2]
Obj (MEDIOS ACT VS NO ACT BLS): 5.7463
[2, 0, 2, 1, 2, 1, 2, 3, 3, 2, 1, 1, 2, 1, 2, 1, 2, 1, 2, 1, 2, 1, 2, 1, 3, 2, 2, 1, 3, 1, 3, 2]
Obj (MEDIOS ACT VS NO ACT BLS): 5.7625
[1, 1, 2, 1, 2, 1, 2, 2, 4, 2, 1, 1, 2, 1, 2, 1, 2, 1, 2, 1, 2, 1, 2, 1, 3, 2, 2, 1, 3, 1, 3, 2]
Obj (MEDIOS ACT VS NO ACT BLS): 5.7463
[2, 0, 2, 1, 2, 1, 2, 2, 3, 3, 1, 1, 2, 1, 2, 1, 2, 1, 2, 1, 2, 1, 2, 1, 3, 2, 2, 1, 3, 1, 3, 2]
Obj (MEDIOS ACT VS NO ACT BLS): 5.7635
[1, 1, 2, 1, 2, 1, 2, 2, 3, 2, 2, 1, 2, 1, 2, 1, 2, 1, 2, 1, 2, 1, 2, 1, 3, 2, 2, 1, 3, 1, 3, 2]
Obj (MEDIOS ACT VS NO ACT BLS): 5.74855
[2, 0, 2, 1, 2, 1, 2, 2, 3, 2, 1, 2, 2, 1, 2, 1, 2, 1, 2, 1, 2, 1, 2, 1, 3, 2, 2, 1, 3, 1, 3, 2]
Obj (MEDIOS ACT VS NO ACT BLS): 5.7635
[1, 1, 2, 1, 2, 1, 2, 2, 3, 2, 1, 1, 3, 1, 2, 1, 2, 1, 2, 1, 2, 1, 2, 1, 3, 2, 2, 1, 3, 1, 3, 2]
Obj (MEDIOS ACT VS NO ACT BLS): 5.7473
[2, 0, 2, 1, 2, 1, 2, 2, 3, 2, 1, 1, 2, 2, 2, 1, 2, 1, 2, 1, 2, 1, 2, 1, 3, 2, 2, 1, 3, 1, 3, 2]
Obj (MEDIOS ACT VS NO ACT BLS): 5.7647
[1, 1, 2, 1, 2, 1, 2, 2, 3, 2, 1, 1, 2, 1, 3, 1, 2, 1, 2, 1, 2, 1, 2, 1, 3, 2, 2, 1, 3, 1, 3, 2]
Obj (MEDIOS ACT VS NO ACT BLS): 5.74825
[2, 0, 2, 1, 2, 1, 2, 2, 3, 2, 1, 1, 2, 1, 2, 2, 2, 1, 2, 1, 2, 1, 2, 1, 3, 2, 2, 1, 3, 1, 3, 2]
Obj (MEDIOS ACT VS NO ACT BLS): 5.76275
[1, 1, 2, 1, 2, 1, 2, 2, 3, 2, 1, 1, 2, 1, 2, 1, 3, 1, 2, 1, 2, 1, 2, 1, 3, 2, 2, 1, 3, 1, 3, 2]
Obj (MEDIOS ACT VS NO ACT BLS): 5.7473
[2, 0, 2, 1, 2, 1, 2, 2, 3, 2, 1, 1, 2, 1, 2, 1, 2, 2, 2, 1, 2, 1, 2, 1, 3, 2, 2, 1, 3, 1, 3, 2]
Obj (MEDIOS ACT VS NO ACT BLS): 5.7628
[1, 1, 2, 1, 2, 1, 2, 2, 3, 2, 1, 1, 2, 1, 2, 1, 2, 1, 3, 1, 2, 1, 2, 1, 3, 2, 2, 1, 3, 1, 3, 2]
Obj (MEDIOS ACT VS NO ACT BLS): 5.74635
[2, 0, 2, 1, 2, 1, 2, 2, 3, 2, 1, 1, 2, 1, 2, 1, 2, 1, 2, 2, 2, 1, 2, 1, 3, 2, 2, 1, 3, 1, 3, 2]
Obj (MEDIOS ACT VS NO ACT BLS): 5.76325
[1, 1, 2, 1, 2, 1, 2, 2, 3, 2, 1, 1, 2, 1, 2, 1, 2, 1, 2, 1, 3, 1, 2, 1, 3, 2, 2, 1, 3, 1, 3, 2]
Obj (MEDIOS ACT VS NO ACT BLS): 5.74705
[2, 0, 2, 1, 2, 1, 2, 2, 3, 2, 1, 1, 2, 1, 2, 1, 2, 1, 2, 1, 2, 2, 2, 1, 3, 2, 2, 1, 3, 1, 3, 2]
Obj (MEDIOS ACT VS NO ACT BLS): 5.76275
[1, 1, 2, 1, 2, 1, 2, 2, 3, 2, 1, 1, 2, 1, 2, 1, 2, 1, 2, 1, 2, 1, 3, 1, 3, 2, 2, 1, 3, 1, 3, 2]
Obj (MEDIOS ACT VS NO ACT BLS): 5.7463
[2, 0, 2, 1, 2, 1, 2, 2, 3, 2, 1, 1, 2, 1, 2, 1, 2, 1, 2, 1, 2, 1, 2, 2, 3, 2, 2, 1, 3, 1, 3, 2]
Obj (MEDIOS ACT VS NO ACT BLS): 5.76275
[1, 1, 2, 1, 2, 1, 2, 2, 3, 2, 1, 1, 2, 1, 2, 1, 2, 1, 2, 1, 2, 1, 2, 1, 4, 2, 2, 1, 3, 1, 3, 2]
Obj (MEDIOS ACT VS NO ACT BLS): 5.7463
[2, 0, 2, 1, 2, 1, 2, 2, 3, 2, 1, 1, 2, 1, 2, 1, 2, 1, 2, 1, 2, 1, 2, 1, 3, 3, 2, 1, 3, 1, 3, 2]
Obj (MEDIOS ACT VS NO ACT BLS): 5.76275
[1, 1, 2, 1, 2, 1, 2, 2, 3, 2, 1, 1, 2, 1, 2, 1, 2, 1, 2, 1, 2, 1, 2, 1, 3, 2, 3, 1, 3, 1, 3, 2]
Obj (MEDIOS ACT VS NO ACT BLS): 5.74655
[2, 0, 2, 1, 2, 1, 2, 2, 3, 2, 1, 1, 2, 1, 2, 1, 2, 1, 2, 1, 2, 1, 2, 1, 3, 2, 2, 2, 3, 1, 3, 2]
Obj (MEDIOS ACT VS NO ACT BLS): 5.7633
[1, 1, 2, 1, 2, 1, 2, 2, 3, 2, 1, 1, 2, 1, 2, 1, 2, 1, 2, 1, 2, 1, 2, 1, 3, 2, 2, 1, 4, 1, 3, 2]
Obj (MEDIOS ACT VS NO ACT BLS): 5.7466
[2, 0, 2, 1, 2, 1, 2, 2, 3, 2, 1, 1, 2, 1, 2, 1, 2, 1, 2, 1, 2, 1, 2, 1, 3, 2, 2, 1, 3, 2, 3, 2]
Obj (MEDIOS ACT VS NO ACT BLS): 5.76275
[1, 1, 2, 1, 2, 1, 2, 2, 3, 2, 1, 1, 2, 1, 2, 1, 2, 1, 2, 1, 2, 1, 2, 1, 3, 2, 2, 1, 3, 1, 4, 2]
Obj (MEDIOS ACT VS NO ACT BLS): 5.7463
[2, 0, 2, 1, 2, 1, 2, 2, 3, 2, 1, 1, 2, 1, 2, 1, 2, 1, 2, 1, 2, 1, 2, 1, 3, 2, 2, 1, 3, 1, 3, 3]
Obj (MEDIOS ACT VS NO ACT BLS): 5.76825
[3, 1, 1, 1, 2, 1, 2, 2, 3, 2, 1, 1, 2, 1, 2, 1, 2, 1, 2, 1, 2, 1, 2, 1, 3, 2, 2, 1, 3, 1, 3, 2]
Obj (MEDIOS ACT VS NO ACT BLS): 5.7494
[2, 2, 2, 0, 2, 1, 2, 2, 3, 2, 1, 1, 2, 1, 2, 1, 2, 1, 2, 1, 2, 1, 2, 1, 3, 2, 2, 1, 3, 1, 3, 2]
Obj (MEDIOS ACT VS NO ACT BLS): 5.7705
[2, 1, 1, 1, 3, 1, 2, 2, 3, 2, 1, 1, 2, 1, 2, 1, 2, 1, 2, 1, 2, 1, 2, 1, 3, 2, 2, 1, 3, 1, 3, 2]
Obj (MEDIOS ACT VS NO ACT BLS): 5.75165
[2, 1, 2, 0, 2, 2, 2, 2, 3, 2, 1, 1, 2, 1, 2, 1, 2, 1, 2, 1, 2, 1, 2, 1, 3, 2, 2, 1, 3, 1, 3, 2]
Obj (MEDIOS ACT VS NO ACT BLS): 5.7675
[2, 1, 1, 1, 2, 1, 3, 2, 3, 2, 1, 1, 2, 1, 2, 1, 2, 1, 2, 1, 2, 1, 2, 1, 3, 2, 2, 1, 3, 1, 3, 2]
