Obj: 4.6774
[2, 1, 2, 2, 4, 2, 1, 0, 3, 2, 2, 1, 2, 1, 2, 1, 2, 1, 2, 1, 3, 2, 1, 0, 2, 1, 3, 2, 1, 1, 3, 2]
Obj (ACT VS ACT BLS): 4.63107
[0, 1, 4, 2, 4, 2, 1, 0, 3, 2, 2, 1, 2, 1, 2, 1, 2, 1, 2, 1, 3, 2, 1, 0, 2, 1, 3, 2, 1, 1, 3, 2]
Obj (ACT VS ACT BLS): 4.63107
[0, 1, 2, 2, 6, 2, 1, 0, 3, 2, 2, 1, 2, 1, 2, 1, 2, 1, 2, 1, 3, 2, 1, 0, 2, 1, 3, 2, 1, 1, 3, 2]
Obj (ACT VS ACT BLS): 4.63473
[0, 1, 2, 2, 4, 2, 3, 0, 3, 2, 2, 1, 2, 1, 2, 1, 2, 1, 2, 1, 3, 2, 1, 0, 2, 1, 3, 2, 1, 1, 3, 2]
Obj (ACT VS ACT BLS): 4.63107
[0, 1, 2, 2, 4, 2, 1, 0, 5, 2, 2, 1, 2, 1, 2, 1, 2, 1, 2, 1, 3, 2, 1, 0, 2, 1, 3, 2, 1, 1, 3, 2]
Obj (ACT VS ACT BLS): 4.6314
[0, 1, 2, 2, 4, 2, 1, 0, 3, 2, 4, 1, 2, 1, 2, 1, 2, 1, 2, 1, 3, 2, 1, 0, 2, 1, 3, 2, 1, 1, 3, 2]
Obj (ACT VS ACT BLS): 4.63107
[0, 1, 2, 2, 4, 2, 1, 0, 3, 2, 2, 1, 4, 1, 2, 1, 2, 1, 2, 1, 3, 2, 1, 0, 2, 1, 3, 2, 1, 1, 3, 2]
Obj (ACT VS ACT BLS): 4.6314
[0, 1, 2, 2, 4, 2, 1, 0, 3, 2, 2, 1, 2, 1, 4, 1, 2, 1, 2, 1, 3, 2, 1, 0, 2, 1, 3, 2, 1, 1, 3, 2]
Obj (ACT VS ACT BLS): 4.6314
[0, 1, 2, 2, 4, 2, 1, 0, 3, 2, 2, 1, 2, 1, 2, 1, 4, 1, 2, 1, 3, 2, 1, 0, 2, 1, 3, 2, 1, 1, 3, 2]
Obj (ACT VS ACT BLS): 4.63107
[0, 1, 2, 2, 4, 2, 1, 0, 3, 2, 2, 1, 2, 1, 2, 1, 2, 1, 4, 1, 3, 2, 1, 0, 2, 1, 3, 2, 1, 1, 3, 2]
Obj (ACT VS ACT BLS): 4.63107
[0, 1, 2, 2, 4, 2, 1, 0, 3, 2, 2, 1, 2, 1, 2, 1, 2, 1, 2, 1, 5, 2, 1, 0, 2, 1, 3, 2, 1, 1, 3, 2]
Obj (ACT VS ACT BLS): 4.63107
[0, 1, 2, 2, 4, 2, 1, 0, 3, 2, 2, 1, 2, 1, 2, 1, 2, 1, 2, 1, 3, 2, 3, 0, 2, 1, 3, 2, 1, 1, 3, 2]
Obj (ACT VS ACT BLS): 4.63107
[0, 1, 2, 2, 4, 2, 1, 0, 3, 2, 2, 1, 2, 1, 2, 1, 2, 1, 2, 1, 3, 2, 1, 0, 4, 1, 3, 2, 1, 1, 3, 2]
Obj (ACT VS ACT BLS): 4.63107
[0, 1, 2, 2, 4, 2, 1, 0, 3, 2, 2, 1, 2, 1, 2, 1, 2, 1, 2, 1, 3, 2, 1, 0, 2, 1, 5, 2, 1, 1, 3, 2]
Obj (ACT VS ACT BLS): 4.63107
[0, 1, 2, 2, 4, 2, 1, 0, 3, 2, 2, 1, 2, 1, 2, 1, 2, 1, 2, 1, 3, 2, 1, 0, 2, 1, 3, 2, 3, 1, 3, 2]
Obj (ACT VS ACT BLS): 4.63107
[0, 1, 2, 2, 4, 2, 1, 0, 3, 2, 2, 1, 2, 1, 2, 1, 2, 1, 2, 1, 3, 2, 1, 0, 2, 1, 3, 2, 1, 1, 5, 2]
Obj (ACT VS ACT BLS): 4.63907
[4, 1, 0, 2, 4, 2, 1, 0, 3, 2, 2, 1, 2, 1, 2, 1, 2, 1, 2, 1, 3, 2, 1, 0, 2, 1, 3, 2, 1, 1, 3, 2]
Obj (ACT VS ACT BLS): 4.63607
[2, 1, 0, 2, 6, 2, 1, 0, 3, 2, 2, 1, 2, 1, 2, 1, 2, 1, 2, 1, 3, 2, 1, 0, 2, 1, 3, 2, 1, 1, 3, 2]
Obj (ACT VS ACT BLS): 4.6404
[2, 1, 0, 2, 4, 2, 3, 0, 3, 2, 2, 1, 2, 1, 2, 1, 2, 1, 2, 1, 3, 2, 1, 0, 2, 1, 3, 2, 1, 1, 3, 2]
Obj (ACT VS ACT BLS): 4.63607
[2, 1, 0, 2, 4, 2, 1, 0, 5, 2, 2, 1, 2, 1, 2, 1, 2, 1, 2, 1, 3, 2, 1, 0, 2, 1, 3, 2, 1, 1, 3, 2]
Obj (ACT VS ACT BLS): 4.6364
[2, 1, 0, 2, 4, 2, 1, 0, 3, 2, 4, 1, 2, 1, 2, 1, 2, 1, 2, 1, 3, 2, 1, 0, 2, 1, 3, 2, 1, 1, 3, 2]
Obj (ACT VS ACT BLS): 4.63607
[2, 1, 0, 2, 4, 2, 1, 0, 3, 2, 2, 1, 4, 1, 2, 1, 2, 1, 2, 1, 3, 2, 1, 0, 2, 1, 3, 2, 1, 1, 3, 2]
Obj (ACT VS ACT BLS): 4.6364
[2, 1, 0, 2, 4, 2, 1, 0, 3, 2, 2, 1, 2, 1, 4, 1, 2, 1, 2, 1, 3, 2, 1, 0, 2, 1, 3, 2, 1, 1, 3, 2]
Obj (ACT VS ACT BLS): 4.6364
[2, 1, 0, 2, 4, 2, 1, 0, 3, 2, 2, 1, 2, 1, 2, 1, 4, 1, 2, 1, 3, 2, 1, 0, 2, 1, 3, 2, 1, 1, 3, 2]
Obj (ACT VS ACT BLS): 4.63607
[2, 1, 0, 2, 4, 2, 1, 0, 3, 2, 2, 1, 2, 1, 2, 1, 2, 1, 4, 1, 3, 2, 1, 0, 2, 1, 3, 2, 1, 1, 3, 2]
Obj (ACT VS ACT BLS): 4.63607
[2, 1, 0, 2, 4, 2, 1, 0, 3, 2, 2, 1, 2, 1, 2, 1, 2, 1, 2, 1, 5, 2, 1, 0, 2, 1, 3, 2, 1, 1, 3, 2]
Obj (ACT VS ACT BLS): 4.63607
[2, 1, 0, 2, 4, 2, 1, 0, 3, 2, 2, 1, 2, 1, 2, 1, 2, 1, 2, 1, 3, 2, 3, 0, 2, 1, 3, 2, 1, 1, 3, 2]
Obj (ACT VS ACT BLS): 4.63607
[2, 1, 0, 2, 4, 2, 1, 0, 3, 2, 2, 1, 2, 1, 2, 1, 2, 1, 2, 1, 3, 2, 1, 0, 4, 1, 3, 2, 1, 1, 3, 2]
Obj (ACT VS ACT BLS): 4.6364
[2, 1, 0, 2, 4, 2, 1, 0, 3, 2, 2, 1, 2, 1, 2, 1, 2, 1, 2, 1, 3, 2, 1, 0, 2, 1, 5, 2, 1, 1, 3, 2]
Obj (ACT VS ACT BLS): 4.63607
[2, 1, 0, 2, 4, 2, 1, 0, 3, 2, 2, 1, 2, 1, 2, 1, 2, 1, 2, 1, 3, 2, 1, 0, 2, 1, 3, 2, 3, 1, 3, 2]
Obj (ACT VS ACT BLS): 4.63607
[2, 1, 0, 2, 4, 2, 1, 0, 3, 2, 2, 1, 2, 1, 2, 1, 2, 1, 2, 1, 3, 2, 1, 0, 2, 1, 3, 2, 1, 1, 5, 2]
Obj (ACT VS ACT BLS): 4.62224
[6, 1, 2, 2, 0, 2, 1, 0, 3, 2, 2, 1, 2, 1, 2, 1, 2, 1, 2, 1, 3, 2, 1, 0, 2, 1, 3, 2, 1, 1, 3, 2]
Obj (ACT VS ACT BLS): 4.62191
[2, 1, 6, 2, 0, 2, 1, 0, 3, 2, 2, 1, 2, 1, 2, 1, 2, 1, 2, 1, 3, 2, 1, 0, 2, 1, 3, 2, 1, 1, 3, 2]
Obj (ACT VS ACT BLS): 4.62758
[2, 1, 2, 2, 0, 2, 5, 0, 3, 2, 2, 1, 2, 1, 2, 1, 2, 1, 2, 1, 3, 2, 1, 0, 2, 1, 3, 2, 1, 1, 3, 2]
Obj (ACT VS ACT BLS): 4.62191
[2, 1, 2, 2, 0, 2, 1, 0, 7, 2, 2, 1, 2, 1, 2, 1, 2, 1, 2, 1, 3, 2, 1, 0, 2, 1, 3, 2, 1, 1, 3, 2]
Obj (ACT VS ACT BLS): 4.62224
[2, 1, 2, 2, 0, 2, 1, 0, 3, 2, 6, 1, 2, 1, 2, 1, 2, 1, 2, 1, 3, 2, 1, 0, 2, 1, 3, 2, 1, 1, 3, 2]
Obj (ACT VS ACT BLS): 4.62191
[2, 1, 2, 2, 0, 2, 1, 0, 3, 2, 2, 1, 6, 1, 2, 1, 2, 1, 2, 1, 3, 2, 1, 0, 2, 1, 3, 2, 1, 1, 3, 2]
Obj (ACT VS ACT BLS): 4.62224
[2, 1, 2, 2, 0, 2, 1, 0, 3, 2, 2, 1, 2, 1, 6, 1, 2, 1, 2, 1, 3, 2, 1, 0, 2, 1, 3, 2, 1, 1, 3, 2]
Obj (ACT VS ACT BLS): 4.62224
[2, 1, 2, 2, 0, 2, 1, 0, 3, 2, 2, 1, 2, 1, 2, 1, 6, 1, 2, 1, 3, 2, 1, 0, 2, 1, 3, 2, 1, 1, 3, 2]
Obj (ACT VS ACT BLS): 4.62491
[2, 1, 2, 2, 0, 2, 1, 0, 3, 2, 2, 1, 2, 1, 2, 1, 2, 1, 6, 1, 3, 2, 1, 0, 2, 1, 3, 2, 1, 1, 3, 2]
Obj (ACT VS ACT BLS): 4.62191
[2, 1, 2, 2, 0, 2, 1, 0, 3, 2, 2, 1, 2, 1, 2, 1, 2, 1, 2, 1, 7, 2, 1, 0, 2, 1, 3, 2, 1, 1, 3, 2]
Obj (ACT VS ACT BLS): 4.62191
[2, 1, 2, 2, 0, 2, 1, 0, 3, 2, 2, 1, 2, 1, 2, 1, 2, 1, 2, 1, 3, 2, 5, 0, 2, 1, 3, 2, 1, 1, 3, 2]
Obj (ACT VS ACT BLS): 4.62191
[2, 1, 2, 2, 0, 2, 1, 0, 3, 2, 2, 1, 2, 1, 2, 1, 2, 1, 2, 1, 3, 2, 1, 0, 6, 1, 3, 2, 1, 1, 3, 2]
Obj (ACT VS ACT BLS): 4.62224
[2, 1, 2, 2, 0, 2, 1, 0, 3, 2, 2, 1, 2, 1, 2, 1, 2, 1, 2, 1, 3, 2, 1, 0, 2, 1, 7, 2, 1, 1, 3, 2]
Obj (ACT VS ACT BLS): 4.62191
[2, 1, 2, 2, 0, 2, 1, 0, 3, 2, 2, 1, 2, 1, 2, 1, 2, 1, 2, 1, 3, 2, 1, 0, 2, 1, 3, 2, 5, 1, 3, 2]
Obj (ACT VS ACT BLS): 4.62191
[2, 1, 2, 2, 0, 2, 1, 0, 3, 2, 2, 1, 2, 1, 2, 1, 2, 1, 2, 1, 3, 2, 1, 0, 2, 1, 3, 2, 1, 1, 7, 2]
Obj (ACT VS ACT BLS): 4.63691
[3, 1, 2, 2, 4, 2, 0, 0, 3, 2, 2, 1, 2, 1, 2, 1, 2, 1, 2, 1, 3, 2, 1, 0, 2, 1, 3, 2, 1, 1, 3, 2]
Obj (ACT VS ACT BLS): 4.63666
[2, 1, 3, 2, 4, 2, 0, 0, 3, 2, 2, 1, 2, 1, 2, 1, 2, 1, 2, 1, 3, 2, 1, 0, 2, 1, 3, 2, 1, 1, 3, 2]
Obj (ACT VS ACT BLS): 4.63666
[2, 1, 2, 2, 5, 2, 0, 0, 3, 2, 2, 1, 2, 1, 2, 1, 2, 1, 2, 1, 3, 2, 1, 0, 2, 1, 3, 2, 1, 1, 3, 2]
Obj (ACT VS ACT BLS): 4.63666
[2, 1, 2, 2, 4, 2, 0, 0, 4, 2, 2, 1, 2, 1, 2, 1, 2, 1, 2, 1, 3, 2, 1, 0, 2, 1, 3, 2, 1, 1, 3, 2]
Obj (ACT VS ACT BLS): 4.63699
[2, 1, 2, 2, 4, 2, 0, 0, 3, 2, 3, 1, 2, 1, 2, 1, 2, 1, 2, 1, 3, 2, 1, 0, 2, 1, 3, 2, 1, 1, 3, 2]
Obj (ACT VS ACT BLS): 4.63666
[2, 1, 2, 2, 4, 2, 0, 0, 3, 2, 2, 1, 3, 1, 2, 1, 2, 1, 2, 1, 3, 2, 1, 0, 2, 1, 3, 2, 1, 1, 3, 2]
Obj (ACT VS ACT BLS): 4.63673
[2, 1, 2, 2, 4, 2, 0, 0, 3, 2, 2, 1, 2, 1, 3, 1, 2, 1, 2, 1, 3, 2, 1, 0, 2, 1, 3, 2, 1, 1, 3, 2]
Obj (ACT VS ACT BLS): 4.63699
[2, 1, 2, 2, 4, 2, 0, 0, 3, 2, 2, 1, 2, 1, 2, 1, 3, 1, 2, 1, 3, 2, 1, 0, 2, 1, 3, 2, 1, 1, 3, 2]
Obj (ACT VS ACT BLS): 4.63666
[2, 1, 2, 2, 4, 2, 0, 0, 3, 2, 2, 1, 2, 1, 2, 1, 2, 1, 3, 1, 3, 2, 1, 0, 2, 1, 3, 2, 1, 1, 3, 2]
Obj (ACT VS ACT BLS): 4.63666
[2, 1, 2, 2, 4, 2, 0, 0, 3, 2, 2, 1, 2, 1, 2, 1, 2, 1, 2, 1, 4, 2, 1, 0, 2, 1, 3, 2, 1, 1, 3, 2]
Obj (ACT VS ACT BLS): 4.63666
[2, 1, 2, 2, 4, 2, 0, 0, 3, 2, 2, 1, 2, 1, 2, 1, 2, 1, 2, 1, 3, 2, 2, 0, 2, 1, 3, 2, 1, 1, 3, 2]
Obj (ACT VS ACT BLS): 4.63666
[2, 1, 2, 2, 4, 2, 0, 0, 3, 2, 2, 1, 2, 1, 2, 1, 2, 1, 2, 1, 3, 2, 1, 0, 3, 1, 3, 2, 1, 1, 3, 2]
Obj (ACT VS ACT BLS): 4.63666
[2, 1, 2, 2, 4, 2, 0, 0, 3, 2, 2, 1, 2, 1, 2, 1, 2, 1, 2, 1, 3, 2, 1, 0, 2, 1, 4, 2, 1, 1, 3, 2]
Obj (ACT VS ACT BLS): 4.63666
[2, 1, 2, 2, 4, 2, 0, 0, 3, 2, 2, 1, 2, 1, 2, 1, 2, 1, 2, 1, 3, 2, 1, 0, 2, 1, 3, 2, 2, 1, 3, 2]
Obj (ACT VS ACT BLS): 4.63666
[2, 1, 2, 2, 4, 2, 0, 0, 3, 2, 2, 1, 2, 1, 2, 1, 2, 1, 2, 1, 3, 2, 1, 0, 2, 1, 3, 2, 1, 1, 4, 2]
Obj (ACT VS ACT BLS): 4.65024
[5, 1, 2, 2, 4, 2, 1, 0, 0, 2, 2, 1, 2, 1, 2, 1, 2, 1, 2, 1, 3, 2, 1, 0, 2, 1, 3, 2, 1, 1, 3, 2]
Obj (ACT VS ACT BLS): 4.64999
[2, 1, 5, 2, 4, 2, 1, 0, 0, 2, 2, 1, 2, 1, 2, 1, 2, 1, 2, 1, 3, 2, 1, 0, 2, 1, 3, 2, 1, 1, 3, 2]
Obj (ACT VS ACT BLS): 4.64999
[2, 1, 2, 2, 7, 2, 1, 0, 0, 2, 2, 1, 2, 1, 2, 1, 2, 1, 2, 1, 3, 2, 1, 0, 2, 1, 3, 2, 1, 1, 3, 2]
Obj (ACT VS ACT BLS): 4.65599
[2, 1, 2, 2, 4, 2, 4, 0, 0, 2, 2, 1, 2, 1, 2, 1, 2, 1, 2, 1, 3, 2, 1, 0, 2, 1, 3, 2, 1, 1, 3, 2]
Obj (ACT VS ACT BLS): 4.64999
[2, 1, 2, 2, 4, 2, 1, 0, 0, 2, 5, 1, 2, 1, 2, 1, 2, 1, 2, 1, 3, 2, 1, 0, 2, 1, 3, 2, 1, 1, 3, 2]
Obj (ACT VS ACT BLS): 4.64999
[2, 1, 2, 2, 4, 2, 1, 0, 0, 2, 2, 1, 5, 1, 2, 1, 2, 1, 2, 1, 3, 2, 1, 0, 2, 1, 3, 2, 1, 1, 3, 2]
Obj (ACT VS ACT BLS): 4.65066
[2, 1, 2, 2, 4, 2, 1, 0, 0, 2, 2, 1, 2, 1, 5, 1, 2, 1, 2, 1, 3, 2, 1, 0, 2, 1, 3, 2, 1, 1, 3, 2]
Obj (ACT VS ACT BLS): 4.65032
[2, 1, 2, 2, 4, 2, 1, 0, 0, 2, 2, 1, 2, 1, 2, 1, 5, 1, 2, 1, 3, 2, 1, 0, 2, 1, 3, 2, 1, 1, 3, 2]
Obj (ACT VS ACT BLS): 4.64999
[2, 1, 2, 2, 4, 2, 1, 0, 0, 2, 2, 1, 2, 1, 2, 1, 2, 1, 5, 1, 3, 2, 1, 0, 2, 1, 3, 2, 1, 1, 3, 2]
Obj (ACT VS ACT BLS): 4.64999
[2, 1, 2, 2, 4, 2, 1, 0, 0, 2, 2, 1, 2, 1, 2, 1, 2, 1, 2, 1, 6, 2, 1, 0, 2, 1, 3, 2, 1, 1, 3, 2]
Obj (ACT VS ACT BLS): 4.64999
[2, 1, 2, 2, 4, 2, 1, 0, 0, 2, 2, 1, 2, 1, 2, 1, 2, 1, 2, 1, 3, 2, 4, 0, 2, 1, 3, 2, 1, 1, 3, 2]
Obj (ACT VS ACT BLS): 4.64999
[2, 1, 2, 2, 4, 2, 1, 0, 0, 2, 2, 1, 2, 1, 2, 1, 2, 1, 2, 1, 3, 2, 1, 0, 5, 1, 3, 2, 1, 1, 3, 2]
Obj (ACT VS ACT BLS): 4.65032
[2, 1, 2, 2, 4, 2, 1, 0, 0, 2, 2, 1, 2, 1, 2, 1, 2, 1, 2, 1, 3, 2, 1, 0, 2, 1, 6, 2, 1, 1, 3, 2]
Obj (ACT VS ACT BLS): 4.64999
[2, 1, 2, 2, 4, 2, 1, 0, 0, 2, 2, 1, 2, 1, 2, 1, 2, 1, 2, 1, 3, 2, 1, 0, 2, 1, 3, 2, 4, 1, 3, 2]
Obj (ACT VS ACT BLS): 4.64999
[2, 1, 2, 2, 4, 2, 1, 0, 0, 2, 2, 1, 2, 1, 2, 1, 2, 1, 2, 1, 3, 2, 1, 0, 2, 1, 3, 2, 1, 1, 6, 2]
Obj (ACT VS ACT BLS): 4.64199
[4, 1, 2, 2, 4, 2, 1, 0, 3, 2, 0, 1, 2, 1, 2, 1, 2, 1, 2, 1, 3, 2, 1, 0, 2, 1, 3, 2, 1, 1, 3, 2]
Obj (ACT VS ACT BLS): 4.64173
[2, 1, 4, 2, 4, 2, 1, 0, 3, 2, 0, 1, 2, 1, 2, 1, 2, 1, 2, 1, 3, 2, 1, 0, 2, 1, 3, 2, 1, 1, 3, 2]
Obj (ACT VS ACT BLS): 4.64173
[2, 1, 2, 2, 6, 2, 1, 0, 3, 2, 0, 1, 2, 1, 2, 1, 2, 1, 2, 1, 3, 2, 1, 0, 2, 1, 3, 2, 1, 1, 3, 2]
Obj (ACT VS ACT BLS): 4.64773
[2, 1, 2, 2, 4, 2, 3, 0, 3, 2, 0, 1, 2, 1, 2, 1, 2, 1, 2, 1, 3, 2, 1, 0, 2, 1, 3, 2, 1, 1, 3, 2]
Obj (ACT VS ACT BLS): 4.64173
[2, 1, 2, 2, 4, 2, 1, 0, 5, 2, 0, 1, 2, 1, 2, 1, 2, 1, 2, 1, 3, 2, 1, 0, 2, 1, 3, 2, 1, 1, 3, 2]
Obj (ACT VS ACT BLS): 4.64173
[2, 1, 2, 2, 4, 2, 1, 0, 3, 2, 0, 1, 4, 1, 2, 1, 2, 1, 2, 1, 3, 2, 1, 0, 2, 1, 3, 2, 1, 1, 3, 2]
Obj (ACT VS ACT BLS): 4.64207
[2, 1, 2, 2, 4, 2, 1, 0, 3, 2, 0, 1, 2, 1, 4, 1, 2, 1, 2, 1, 3, 2, 1, 0, 2, 1, 3, 2, 1, 1, 3, 2]
Obj (ACT VS ACT BLS): 4.64207
[2, 1, 2, 2, 4, 2, 1, 0, 3, 2, 0, 1, 2, 1, 2, 1, 4, 1, 2, 1, 3, 2, 1, 0, 2, 1, 3, 2, 1, 1, 3, 2]
Obj (ACT VS ACT BLS): 4.64173
[2, 1, 2, 2, 4, 2, 1, 0, 3, 2, 0, 1, 2, 1, 2, 1, 2, 1, 4, 1, 3, 2, 1, 0, 2, 1, 3, 2, 1, 1, 3, 2]
Obj (ACT VS ACT BLS): 4.64173
[2, 1, 2, 2, 4, 2, 1, 0, 3, 2, 0, 1, 2, 1, 2, 1, 2, 1, 2, 1, 5, 2, 1, 0, 2, 1, 3, 2, 1, 1, 3, 2]
Obj (ACT VS ACT BLS): 4.64173
[2, 1, 2, 2, 4, 2, 1, 0, 3, 2, 0, 1, 2, 1, 2, 1, 2, 1, 2, 1, 3, 2, 3, 0, 2, 1, 3, 2, 1, 1, 3, 2]
Obj (ACT VS ACT BLS): 4.64173
[2, 1, 2, 2, 4, 2, 1, 0, 3, 2, 0, 1, 2, 1, 2, 1, 2, 1, 2, 1, 3, 2, 1, 0, 4, 1, 3, 2, 1, 1, 3, 2]
Obj (ACT VS ACT BLS): 4.64207
[2, 1, 2, 2, 4, 2, 1, 0, 3, 2, 0, 1, 2, 1, 2, 1, 2, 1, 2, 1, 3, 2, 1, 0, 2, 1, 5, 2, 1, 1, 3, 2]
Obj (ACT VS ACT BLS): 4.64173
[2, 1, 2, 2, 4, 2, 1, 0, 3, 2, 0, 1, 2, 1, 2, 1, 2, 1, 2, 1, 3, 2, 1, 0, 2, 1, 3, 2, 3, 1, 3, 2]
Obj (ACT VS ACT BLS): 4.64158
[2, 1, 2, 2, 4, 2, 1, 0, 3, 2, 0, 1, 2, 1, 2, 1, 2, 1, 2, 1, 3, 2, 1, 0, 2, 1, 3, 2, 1, 1, 5, 2]
Obj (ACT VS ACT BLS): 4.65632
[4, 1, 2, 2, 4, 2, 1, 0, 3, 2, 2, 1, 0, 1, 2, 1, 2, 1, 2, 1, 3, 2, 1, 0, 2, 1, 3, 2, 1, 1, 3, 2]
Obj (ACT VS ACT BLS): 4.65599
[2, 1, 4, 2, 4, 2, 1, 0, 3, 2, 2, 1, 0, 1, 2, 1, 2, 1, 2, 1, 3, 2, 1, 0, 2, 1, 3, 2, 1, 1, 3, 2]
Obj (ACT VS ACT BLS): 4.65607
[2, 1, 2, 2, 6, 2, 1, 0, 3, 2, 2, 1, 0, 1, 2, 1, 2, 1, 2, 1, 3, 2, 1, 0, 2, 1, 3, 2, 1, 1, 3, 2]
Obj (ACT VS ACT BLS): 4.66207
[2, 1, 2, 2, 4, 2, 3, 0, 3, 2, 2, 1, 0, 1, 2, 1, 2, 1, 2, 1, 3, 2, 1, 0, 2, 1, 3, 2, 1, 1, 3, 2]
Obj (ACT VS ACT BLS): 4.65607
[2, 1, 2, 2, 4, 2, 1, 0, 5, 2, 2, 1, 0, 1, 2, 1, 2, 1, 2, 1, 3, 2, 1, 0, 2, 1, 3, 2, 1, 1, 3, 2]
Obj (ACT VS ACT BLS): 4.6564
[2, 1, 2, 2, 4, 2, 1, 0, 3, 2, 4, 1, 0, 1, 2, 1, 2, 1, 2, 1, 3, 2, 1, 0, 2, 1, 3, 2, 1, 1, 3, 2]
Obj (ACT VS ACT BLS): 4.6564
[2, 1, 2, 2, 4, 2, 1, 0, 3, 2, 2, 1, 0, 1, 4, 1, 2, 1, 2, 1, 3, 2, 1, 0, 2, 1, 3, 2, 1, 1, 3, 2]
Obj (ACT VS ACT BLS): 4.65607
[2, 1, 2, 2, 4, 2, 1, 0, 3, 2, 2, 1, 0, 1, 2, 1, 4, 1, 2, 1, 3, 2, 1, 0, 2, 1, 3, 2, 1, 1, 3, 2]
Obj (ACT VS ACT BLS): 4.65607
[2, 1, 2, 2, 4, 2, 1, 0, 3, 2, 2, 1, 0, 1, 2, 1, 2, 1, 4, 1, 3, 2, 1, 0, 2, 1, 3, 2, 1, 1, 3, 2]
Obj (ACT VS ACT BLS): 4.65607
[2, 1, 2, 2, 4, 2, 1, 0, 3, 2, 2, 1, 0, 1, 2, 1, 2, 1, 2, 1, 5, 2, 1, 0, 2, 1, 3, 2, 1, 1, 3, 2]
Obj (ACT VS ACT BLS): 4.65607
[2, 1, 2, 2, 4, 2, 1, 0, 3, 2, 2, 1, 0, 1, 2, 1, 2, 1, 2, 1, 3, 2, 3, 0, 2, 1, 3, 2, 1, 1, 3, 2]
Obj (ACT VS ACT BLS): 4.65607
[2, 1, 2, 2, 4, 2, 1, 0, 3, 2, 2, 1, 0, 1, 2, 1, 2, 1, 2, 1, 3, 2, 1, 0, 4, 1, 3, 2, 1, 1, 3, 2]
Obj (ACT VS ACT BLS): 4.6564
[2, 1, 2, 2, 4, 2, 1, 0, 3, 2, 2, 1, 0, 1, 2, 1, 2, 1, 2, 1, 3, 2, 1, 0, 2, 1, 5, 2, 1, 1, 3, 2]
Obj (ACT VS ACT BLS): 4.6564
[2, 1, 2, 2, 4, 2, 1, 0, 3, 2, 2, 1, 0, 1, 2, 1, 2, 1, 2, 1, 3, 2, 1, 0, 2, 1, 3, 2, 3, 1, 3, 2]
Obj (ACT VS ACT BLS): 4.65607
[2, 1, 2, 2, 4, 2, 1, 0, 3, 2, 2, 1, 0, 1, 2, 1, 2, 1, 2, 1, 3, 2, 1, 0, 2, 1, 3, 2, 1, 1, 5, 2]
Obj (ACT VS ACT BLS): 4.6595
[4, 1, 2, 2, 4, 2, 1, 0, 3, 2, 2, 1, 2, 1, 0, 1, 2, 1, 2, 1, 3, 2, 1, 0, 2, 1, 3, 2, 1, 1, 3, 2]
Obj (ACT VS ACT BLS): 4.65924
[2, 1, 4, 2, 4, 2, 1, 0, 3, 2, 2, 1, 2, 1, 0, 1, 2, 1, 2, 1, 3, 2, 1, 0, 2, 1, 3, 2, 1, 1, 3, 2]
Obj (ACT VS ACT BLS): 4.65924
[2, 1, 2, 2, 6, 2, 1, 0, 3, 2, 2, 1, 2, 1, 0, 1, 2, 1, 2, 1, 3, 2, 1, 0, 2, 1, 3, 2, 1, 1, 3, 2]
Obj (ACT VS ACT BLS): 4.66324
[2, 1, 2, 2, 4, 2, 3, 0, 3, 2, 2, 1, 2, 1, 0, 1, 2, 1, 2, 1, 3, 2, 1, 0, 2, 1, 3, 2, 1, 1, 3, 2]
Obj (ACT VS ACT BLS): 4.65924
[2, 1, 2, 2, 4, 2, 1, 0, 5, 2, 2, 1, 2, 1, 0, 1, 2, 1, 2, 1, 3, 2, 1, 0, 2, 1, 3, 2, 1, 1, 3, 2]
Obj (ACT VS ACT BLS): 4.65958
[2, 1, 2, 2, 4, 2, 1, 0, 3, 2, 4, 1, 2, 1, 0, 1, 2, 1, 2, 1, 3, 2, 1, 0, 2, 1, 3, 2, 1, 1, 3, 2]
Obj (ACT VS ACT BLS): 4.65924
[2, 1, 2, 2, 4, 2, 1, 0, 3, 2, 2, 1, 4, 1, 0, 1, 2, 1, 2, 1, 3, 2, 1, 0, 2, 1, 3, 2, 1, 1, 3, 2]
Obj (ACT VS ACT BLS): 4.65958
[2, 1, 2, 2, 4, 2, 1, 0, 3, 2, 2, 1, 2, 1, 0, 1, 4, 1, 2, 1, 3, 2, 1, 0, 2, 1, 3, 2, 1, 1, 3, 2]
Obj (ACT VS ACT BLS): 4.65924
[2, 1, 2, 2, 4, 2, 1, 0, 3, 2, 2, 1, 2, 1, 0, 1, 2, 1, 4, 1, 3, 2, 1, 0, 2, 1, 3, 2, 1, 1, 3, 2]
Obj (ACT VS ACT BLS): 4.65924
[2, 1, 2, 2, 4, 2, 1, 0, 3, 2, 2, 1, 2, 1, 0, 1, 2, 1, 2, 1, 5, 2, 1, 0, 2, 1, 3, 2, 1, 1, 3, 2]
Obj (ACT VS ACT BLS): 4.65924
[2, 1, 2, 2, 4, 2, 1, 0, 3, 2, 2, 1, 2, 1, 0, 1, 2, 1, 2, 1, 3, 2, 3, 0, 2, 1, 3, 2, 1, 1, 3, 2]
Obj (ACT VS ACT BLS): 4.65924
[2, 1, 2, 2, 4, 2, 1, 0, 3, 2, 2, 1, 2, 1, 0, 1, 2, 1, 2, 1, 3, 2, 1, 0, 4, 1, 3, 2, 1, 1, 3, 2]
Obj (ACT VS ACT BLS): 4.65958
[2, 1, 2, 2, 4, 2, 1, 0, 3, 2, 2, 1, 2, 1, 0, 1, 2, 1, 2, 1, 3, 2, 1, 0, 2, 1, 5, 2, 1, 1, 3, 2]
Obj (ACT VS ACT BLS): 4.65924
[2, 1, 2, 2, 4, 2, 1, 0, 3, 2, 2, 1, 2, 1, 0, 1, 2, 1, 2, 1, 3, 2, 1, 0, 2, 1, 3, 2, 3, 1, 3, 2]
Obj (ACT VS ACT BLS): 4.65924
[2, 1, 2, 2, 4, 2, 1, 0, 3, 2, 2, 1, 2, 1, 0, 1, 2, 1, 2, 1, 3, 2, 1, 0, 2, 1, 3, 2, 1, 1, 5, 2]
Obj (ACT VS ACT BLS): 4.65999
[4, 1, 2, 2, 4, 2, 1, 0, 3, 2, 2, 1, 2, 1, 2, 1, 0, 1, 2, 1, 3, 2, 1, 0, 2, 1, 3, 2, 1, 1, 3, 2]
Obj (ACT VS ACT BLS): 4.65973
[2, 1, 4, 2, 4, 2, 1, 0, 3, 2, 2, 1, 2, 1, 2, 1, 0, 1, 2, 1, 3, 2, 1, 0, 2, 1, 3, 2, 1, 1, 3, 2]
Obj (ACT VS ACT BLS): 4.65973
[2, 1, 2, 2, 6, 2, 1, 0, 3, 2, 2, 1, 2, 1, 2, 1, 0, 1, 2, 1, 3, 2, 1, 0, 2, 1, 3, 2, 1, 1, 3, 2]
Obj (ACT VS ACT BLS): 4.66607
[2, 1, 2, 2, 4, 2, 3, 0, 3, 2, 2, 1, 2, 1, 2, 1, 0, 1, 2, 1, 3, 2, 1, 0, 2, 1, 3, 2, 1, 1, 3, 2]
Obj (ACT VS ACT BLS): 4.65973
[2, 1, 2, 2, 4, 2, 1, 0, 5, 2, 2, 1, 2, 1, 2, 1, 0, 1, 2, 1, 3, 2, 1, 0, 2, 1, 3, 2, 1, 1, 3, 2]
Obj (ACT VS ACT BLS): 4.66007
[2, 1, 2, 2, 4, 2, 1, 0, 3, 2, 4, 1, 2, 1, 2, 1, 0, 1, 2, 1, 3, 2, 1, 0, 2, 1, 3, 2, 1, 1, 3, 2]
Obj (ACT VS ACT BLS): 4.65973
[2, 1, 2, 2, 4, 2, 1, 0, 3, 2, 2, 1, 4, 1, 2, 1, 0, 1, 2, 1, 3, 2, 1, 0, 2, 1, 3, 2, 1, 1, 3, 2]
Obj (ACT VS ACT BLS): 4.66007
[2, 1, 2, 2, 4, 2, 1, 0, 3, 2, 2, 1, 2, 1, 4, 1, 0, 1, 2, 1, 3, 2, 1, 0, 2, 1, 3, 2, 1, 1, 3, 2]
Obj (ACT VS ACT BLS): 4.65973
[2, 1, 2, 2, 4, 2, 1, 0, 3, 2, 2, 1, 2, 1, 2, 1, 0, 1, 4, 1, 3, 2, 1, 0, 2, 1, 3, 2, 1, 1, 3, 2]
Obj (ACT VS ACT BLS): 4.65973
[2, 1, 2, 2, 4, 2, 1, 0, 3, 2, 2, 1, 2, 1, 2, 1, 0, 1, 2, 1, 5, 2, 1, 0, 2, 1, 3, 2, 1, 1, 3, 2]
Obj (ACT VS ACT BLS): 4.65973
[2, 1, 2, 2, 4, 2, 1, 0, 3, 2, 2, 1, 2, 1, 2, 1, 0, 1, 2, 1, 3, 2, 3, 0, 2, 1, 3, 2, 1, 1, 3, 2]
Obj (ACT VS ACT BLS): 4.65973
[2, 1, 2, 2, 4, 2, 1, 0, 3, 2, 2, 1, 2, 1, 2, 1, 0, 1, 2, 1, 3, 2, 1, 0, 4, 1, 3, 2, 1, 1, 3, 2]
Obj (ACT VS ACT BLS): 4.66007
[2, 1, 2, 2, 4, 2, 1, 0, 3, 2, 2, 1, 2, 1, 2, 1, 0, 1, 2, 1, 3, 2, 1, 0, 2, 1, 5, 2, 1, 1, 3, 2]
Obj (ACT VS ACT BLS): 4.65973
[2, 1, 2, 2, 4, 2, 1, 0, 3, 2, 2, 1, 2, 1, 2, 1, 0, 1, 2, 1, 3, 2, 1, 0, 2, 1, 3, 2, 3, 1, 3, 2]
Obj (ACT VS ACT BLS): 4.65973
[2, 1, 2, 2, 4, 2, 1, 0, 3, 2, 2, 1, 2, 1, 2, 1, 0, 1, 2, 1, 3, 2, 1, 0, 2, 1, 3, 2, 1, 1, 5, 2]
Obj (ACT VS ACT BLS): 4.63222
[4, 1, 2, 2, 4, 2, 1, 0, 3, 2, 2, 1, 2, 1, 2, 1, 2, 1, 0, 1, 3, 2, 1, 0, 2, 1, 3, 2, 1, 1, 3, 2]
Obj (ACT VS ACT BLS): 4.62922
[2, 1, 4, 2, 4, 2, 1, 0, 3, 2, 2, 1, 2, 1, 2, 1, 2, 1, 0, 1, 3, 2, 1, 0, 2, 1, 3, 2, 1, 1, 3, 2]
Obj (ACT VS ACT BLS): 4.62922
[2, 1, 2, 2, 6, 2, 1, 0, 3, 2, 2, 1, 2, 1, 2, 1, 2, 1, 0, 1, 3, 2, 1, 0, 2, 1, 3, 2, 1, 1, 3, 2]
Obj (ACT VS ACT BLS): 4.63489
[2, 1, 2, 2, 4, 2, 3, 0, 3, 2, 2, 1, 2, 1, 2, 1, 2, 1, 0, 1, 3, 2, 1, 0, 2, 1, 3, 2, 1, 1, 3, 2]
Obj (ACT VS ACT BLS): 4.62922
[2, 1, 2, 2, 4, 2, 1, 0, 5, 2, 2, 1, 2, 1, 2, 1, 2, 1, 0, 1, 3, 2, 1, 0, 2, 1, 3, 2, 1, 1, 3, 2]
Obj (ACT VS ACT BLS): 4.62956
[2, 1, 2, 2, 4, 2, 1, 0, 3, 2, 4, 1, 2, 1, 2, 1, 2, 1, 0, 1, 3, 2, 1, 0, 2, 1, 3, 2, 1, 1, 3, 2]
Obj (ACT VS ACT BLS): 4.62922
[2, 1, 2, 2, 4, 2, 1, 0, 3, 2, 2, 1, 4, 1, 2, 1, 2, 1, 0, 1, 3, 2, 1, 0, 2, 1, 3, 2, 1, 1, 3, 2]
Obj (ACT VS ACT BLS): 4.62956
[2, 1, 2, 2, 4, 2, 1, 0, 3, 2, 2, 1, 2, 1, 4, 1, 2, 1, 0, 1, 3, 2, 1, 0, 2, 1, 3, 2, 1, 1, 3, 2]
Obj (ACT VS ACT BLS): 4.62956
[2, 1, 2, 2, 4, 2, 1, 0, 3, 2, 2, 1, 2, 1, 2, 1, 4, 1, 0, 1, 3, 2, 1, 0, 2, 1, 3, 2, 1, 1, 3, 2]
Obj (ACT VS ACT BLS): 4.62922
[2, 1, 2, 2, 4, 2, 1, 0, 3, 2, 2, 1, 2, 1, 2, 1, 2, 1, 0, 1, 5, 2, 1, 0, 2, 1, 3, 2, 1, 1, 3, 2]
Obj (ACT VS ACT BLS): 4.62922
[2, 1, 2, 2, 4, 2, 1, 0, 3, 2, 2, 1, 2, 1, 2, 1, 2, 1, 0, 1, 3, 2, 3, 0, 2, 1, 3, 2, 1, 1, 3, 2]
Obj (ACT VS ACT BLS): 4.62922
[2, 1, 2, 2, 4, 2, 1, 0, 3, 2, 2, 1, 2, 1, 2, 1, 2, 1, 0, 1, 3, 2, 1, 0, 4, 1, 3, 2, 1, 1, 3, 2]
Obj (ACT VS ACT BLS): 4.62956
[2, 1, 2, 2, 4, 2, 1, 0, 3, 2, 2, 1, 2, 1, 2, 1, 2, 1, 0, 1, 3, 2, 1, 0, 2, 1, 5, 2, 1, 1, 3, 2]
Obj (ACT VS ACT BLS): 4.62922
[2, 1, 2, 2, 4, 2, 1, 0, 3, 2, 2, 1, 2, 1, 2, 1, 2, 1, 0, 1, 3, 2, 1, 0, 2, 1, 3, 2, 3, 1, 3, 2]
Obj (ACT VS ACT BLS): 4.62922
[2, 1, 2, 2, 4, 2, 1, 0, 3, 2, 2, 1, 2, 1, 2, 1, 2, 1, 0, 1, 3, 2, 1, 0, 2, 1, 3, 2, 1, 1, 5, 2]
Obj (ACT VS ACT BLS): 4.62632
[5, 1, 2, 2, 4, 2, 1, 0, 3, 2, 2, 1, 2, 1, 2, 1, 2, 1, 2, 1, 0, 2, 1, 0, 2, 1, 3, 2, 1, 1, 3, 2]
Obj (ACT VS ACT BLS): 4.62607
[2, 1, 5, 2, 4, 2, 1, 0, 3, 2, 2, 1, 2, 1, 2, 1, 2, 1, 2, 1, 0, 2, 1, 0, 2, 1, 3, 2, 1, 1, 3, 2]
Obj (ACT VS ACT BLS): 4.62607
[2, 1, 2, 2, 7, 2, 1, 0, 3, 2, 2, 1, 2, 1, 2, 1, 2, 1, 2, 1, 0, 2, 1, 0, 2, 1, 3, 2, 1, 1, 3, 2]
Obj (ACT VS ACT BLS): 4.62973
[2, 1, 2, 2, 4, 2, 4, 0, 3, 2, 2, 1, 2, 1, 2, 1, 2, 1, 2, 1, 0, 2, 1, 0, 2, 1, 3, 2, 1, 1, 3, 2]
Obj (ACT VS ACT BLS): 4.62607
[2, 1, 2, 2, 4, 2, 1, 0, 6, 2, 2, 1, 2, 1, 2, 1, 2, 1, 2, 1, 0, 2, 1, 0, 2, 1, 3, 2, 1, 1, 3, 2]
Obj (ACT VS ACT BLS): 4.6264
[2, 1, 2, 2, 4, 2, 1, 0, 3, 2, 5, 1, 2, 1, 2, 1, 2, 1, 2, 1, 0, 2, 1, 0, 2, 1, 3, 2, 1, 1, 3, 2]
Obj (ACT VS ACT BLS): 4.62607
[2, 1, 2, 2, 4, 2, 1, 0, 3, 2, 2, 1, 5, 1, 2, 1, 2, 1, 2, 1, 0, 2, 1, 0, 2, 1, 3, 2, 1, 1, 3, 2]
Obj (ACT VS ACT BLS): 4.6264
[2, 1, 2, 2, 4, 2, 1, 0, 3, 2, 2, 1, 2, 1, 5, 1, 2, 1, 2, 1, 0, 2, 1, 0, 2, 1, 3, 2, 1, 1, 3, 2]
Obj (ACT VS ACT BLS): 4.6264
[2, 1, 2, 2, 4, 2, 1, 0, 3, 2, 2, 1, 2, 1, 2, 1, 5, 1, 2, 1, 0, 2, 1, 0, 2, 1, 3, 2, 1, 1, 3, 2]
Obj (ACT VS ACT BLS): 4.62607
[2, 1, 2, 2, 4, 2, 1, 0, 3, 2, 2, 1, 2, 1, 2, 1, 2, 1, 5, 1, 0, 2, 1, 0, 2, 1, 3, 2, 1, 1, 3, 2]
Obj (ACT VS ACT BLS): 4.62607
[2, 1, 2, 2, 4, 2, 1, 0, 3, 2, 2, 1, 2, 1, 2, 1, 2, 1, 2, 1, 0, 2, 4, 0, 2, 1, 3, 2, 1, 1, 3, 2]
Obj (ACT VS ACT BLS): 4.62607
[2, 1, 2, 2, 4, 2, 1, 0, 3, 2, 2, 1, 2, 1, 2, 1, 2, 1, 2, 1, 0, 2, 1, 0, 5, 1, 3, 2, 1, 1, 3, 2]
Obj (ACT VS ACT BLS): 4.62607
[2, 1, 2, 2, 4, 2, 1, 0, 3, 2, 2, 1, 2, 1, 2, 1, 2, 1, 2, 1, 0, 2, 1, 0, 2, 1, 6, 2, 1, 1, 3, 2]
Obj (ACT VS ACT BLS): 4.62607
[2, 1, 2, 2, 4, 2, 1, 0, 3, 2, 2, 1, 2, 1, 2, 1, 2, 1, 2, 1, 0, 2, 1, 0, 2, 1, 3, 2, 4, 1, 3, 2]
Obj (ACT VS ACT BLS): 4.62607
[2, 1, 2, 2, 4, 2, 1, 0, 3, 2, 2, 1, 2, 1, 2, 1, 2, 1, 2, 1, 0, 2, 1, 0, 2, 1, 3, 2, 1, 1, 6, 2]
Obj (ACT VS ACT BLS): 4.65666
[3, 1, 2, 2, 4, 2, 1, 0, 3, 2, 2, 1, 2, 1, 2, 1, 2, 1, 2, 1, 3, 2, 0, 0, 2, 1, 3, 2, 1, 1, 3, 2]
Obj (ACT VS ACT BLS): 4.65632
[2, 1, 3, 2, 4, 2, 1, 0, 3, 2, 2, 1, 2, 1, 2, 1, 2, 1, 2, 1, 3, 2, 0, 0, 2, 1, 3, 2, 1, 1, 3, 2]
Obj (ACT VS ACT BLS): 4.65632
[2, 1, 2, 2, 5, 2, 1, 0, 3, 2, 2, 1, 2, 1, 2, 1, 2, 1, 2, 1, 3, 2, 0, 0, 2, 1, 3, 2, 1, 1, 3, 2]
Obj (ACT VS ACT BLS): 4.66232
[2, 1, 2, 2, 4, 2, 2, 0, 3, 2, 2, 1, 2, 1, 2, 1, 2, 1, 2, 1, 3, 2, 0, 0, 2, 1, 3, 2, 1, 1, 3, 2]
Obj (ACT VS ACT BLS): 4.65632
[2, 1, 2, 2, 4, 2, 1, 0, 4, 2, 2, 1, 2, 1, 2, 1, 2, 1, 2, 1, 3, 2, 0, 0, 2, 1, 3, 2, 1, 1, 3, 2]
Obj (ACT VS ACT BLS): 4.65666
[2, 1, 2, 2, 4, 2, 1, 0, 3, 2, 3, 1, 2, 1, 2, 1, 2, 1, 2, 1, 3, 2, 0, 0, 2, 1, 3, 2, 1, 1, 3, 2]
Obj (ACT VS ACT BLS): 4.65632
[2, 1, 2, 2, 4, 2, 1, 0, 3, 2, 2, 1, 3, 1, 2, 1, 2, 1, 2, 1, 3, 2, 0, 0, 2, 1, 3, 2, 1, 1, 3, 2]
Obj (ACT VS ACT BLS): 4.65666
[2, 1, 2, 2, 4, 2, 1, 0, 3, 2, 2, 1, 2, 1, 3, 1, 2, 1, 2, 1, 3, 2, 0, 0, 2, 1, 3, 2, 1, 1, 3, 2]
Obj (ACT VS ACT BLS): 4.65666
[2, 1, 2, 2, 4, 2, 1, 0, 3, 2, 2, 1, 2, 1, 2, 1, 3, 1, 2, 1, 3, 2, 0, 0, 2, 1, 3, 2, 1, 1, 3, 2]
Obj (ACT VS ACT BLS): 4.65632
[2, 1, 2, 2, 4, 2, 1, 0, 3, 2, 2, 1, 2, 1, 2, 1, 2, 1, 3, 1, 3, 2, 0, 0, 2, 1, 3, 2, 1, 1, 3, 2]
Obj (ACT VS ACT BLS): 4.65632
[2, 1, 2, 2, 4, 2, 1, 0, 3, 2, 2, 1, 2, 1, 2, 1, 2, 1, 2, 1, 4, 2, 0, 0, 2, 1, 3, 2, 1, 1, 3, 2]
Obj (ACT VS ACT BLS): 4.65632
[2, 1, 2, 2, 4, 2, 1, 0, 3, 2, 2, 1, 2, 1, 2, 1, 2, 1, 2, 1, 3, 2, 0, 0, 3, 1, 3, 2, 1, 1, 3, 2]
Obj (ACT VS ACT BLS): 4.65666
[2, 1, 2, 2, 4, 2, 1, 0, 3, 2, 2, 1, 2, 1, 2, 1, 2, 1, 2, 1, 3, 2, 0, 0, 2, 1, 4, 2, 1, 1, 3, 2]
Obj (ACT VS ACT BLS): 4.65632
[2, 1, 2, 2, 4, 2, 1, 0, 3, 2, 2, 1, 2, 1, 2, 1, 2, 1, 2, 1, 3, 2, 0, 0, 2, 1, 3, 2, 2, 1, 3, 2]
Obj (ACT VS ACT BLS): 4.65632
[2, 1, 2, 2, 4, 2, 1, 0, 3, 2, 2, 1, 2, 1, 2, 1, 2, 1, 2, 1, 3, 2, 0, 0, 2, 1, 3, 2, 1, 1, 4, 2]
Obj (ACT VS ACT BLS): 4.64391
[4, 1, 2, 2, 4, 2, 1, 0, 3, 2, 2, 1, 2, 1, 2, 1, 2, 1, 2, 1, 3, 2, 1, 0, 0, 1, 3, 2, 1, 1, 3, 2]
Obj (ACT VS ACT BLS): 4.64366
[2, 1, 4, 2, 4, 2, 1, 0, 3, 2, 2, 1, 2, 1, 2, 1, 2, 1, 2, 1, 3, 2, 1, 0, 0, 1, 3, 2, 1, 1, 3, 2]
Obj (ACT VS ACT BLS): 4.64366
[2, 1, 2, 2, 6, 2, 1, 0, 3, 2, 2, 1, 2, 1, 2, 1, 2, 1, 2, 1, 3, 2, 1, 0, 0, 1, 3, 2, 1, 1, 3, 2]
Obj (ACT VS ACT BLS): 4.64966
[2, 1, 2, 2, 4, 2, 3, 0, 3, 2, 2, 1, 2, 1, 2, 1, 2, 1, 2, 1, 3, 2, 1, 0, 0, 1, 3, 2, 1, 1, 3, 2]
Obj (ACT VS ACT BLS): 4.64366
[2, 1, 2, 2, 4, 2, 1, 0, 5, 2, 2, 1, 2, 1, 2, 1, 2, 1, 2, 1, 3, 2, 1, 0, 0, 1, 3, 2, 1, 1, 3, 2]
Obj (ACT VS ACT BLS): 4.64399
[2, 1, 2, 2, 4, 2, 1, 0, 3, 2, 4, 1, 2, 1, 2, 1, 2, 1, 2, 1, 3, 2, 1, 0, 0, 1, 3, 2, 1, 1, 3, 2]
Obj (ACT VS ACT BLS): 4.64366
[2, 1, 2, 2, 4, 2, 1, 0, 3, 2, 2, 1, 4, 1, 2, 1, 2, 1, 2, 1, 3, 2, 1, 0, 0, 1, 3, 2, 1, 1, 3, 2]
Obj (ACT VS ACT BLS): 4.64399
[2, 1, 2, 2, 4, 2, 1, 0, 3, 2, 2, 1, 2, 1, 4, 1, 2, 1, 2, 1, 3, 2, 1, 0, 0, 1, 3, 2, 1, 1, 3, 2]
Obj (ACT VS ACT BLS): 4.64399
[2, 1, 2, 2, 4, 2, 1, 0, 3, 2, 2, 1, 2, 1, 2, 1, 4, 1, 2, 1, 3, 2, 1, 0, 0, 1, 3, 2, 1, 1, 3, 2]
Obj (ACT VS ACT BLS): 4.64366
[2, 1, 2, 2, 4, 2, 1, 0, 3, 2, 2, 1, 2, 1, 2, 1, 2, 1, 4, 1, 3, 2, 1, 0, 0, 1, 3, 2, 1, 1, 3, 2]
Obj (ACT VS ACT BLS): 4.64366
[2, 1, 2, 2, 4, 2, 1, 0, 3, 2, 2, 1, 2, 1, 2, 1, 2, 1, 2, 1, 5, 2, 1, 0, 0, 1, 3, 2, 1, 1, 3, 2]
Obj (ACT VS ACT BLS): 4.64366
[2, 1, 2, 2, 4, 2, 1, 0, 3, 2, 2, 1, 2, 1, 2, 1, 2, 1, 2, 1, 3, 2, 3, 0, 0, 1, 3, 2, 1, 1, 3, 2]
Obj (ACT VS ACT BLS): 4.64399
[2, 1, 2, 2, 4, 2, 1, 0, 3, 2, 2, 1, 2, 1, 2, 1, 2, 1, 2, 1, 3, 2, 1, 0, 0, 1, 5, 2, 1, 1, 3, 2]
Obj (ACT VS ACT BLS): 4.64366
[2, 1, 2, 2, 4, 2, 1, 0, 3, 2, 2, 1, 2, 1, 2, 1, 2, 1, 2, 1, 3, 2, 1, 0, 0, 1, 3, 2, 3, 1, 3, 2]
Obj (ACT VS ACT BLS): 4.64366
[2, 1, 2, 2, 4, 2, 1, 0, 3, 2, 2, 1, 2, 1, 2, 1, 2, 1, 2, 1, 3, 2, 1, 0, 0, 1, 3, 2, 1, 1, 5, 2]
Obj (ACT VS ACT BLS): 4.60607
[5, 1, 2, 2, 4, 2, 1, 0, 3, 2, 2, 1, 2, 1, 2, 1, 2, 1, 2, 1, 3, 2, 1, 0, 2, 1, 0, 2, 1, 1, 3, 2]
Obj (ACT VS ACT BLS): 4.60573
[2, 1, 5, 2, 4, 2, 1, 0, 3, 2, 2, 1, 2, 1, 2, 1, 2, 1, 2, 1, 3, 2, 1, 0, 2, 1, 0, 2, 1, 1, 3, 2]
Obj (ACT VS ACT BLS): 4.60573
[2, 1, 2, 2, 7, 2, 1, 0, 3, 2, 2, 1, 2, 1, 2, 1, 2, 1, 2, 1, 3, 2, 1, 0, 2, 1, 0, 2, 1, 1, 3, 2]
Obj (ACT VS ACT BLS): 4.60573
[2, 1, 2, 2, 4, 2, 4, 0, 3, 2, 2, 1, 2, 1, 2, 1, 2, 1, 2, 1, 3, 2, 1, 0, 2, 1, 0, 2, 1, 1, 3, 2]
Obj (ACT VS ACT BLS): 4.60573
[2, 1, 2, 2, 4, 2, 1, 0, 6, 2, 2, 1, 2, 1, 2, 1, 2, 1, 2, 1, 3, 2, 1, 0, 2, 1, 0, 2, 1, 1, 3, 2]
Obj (ACT VS ACT BLS): 4.60607
[2, 1, 2, 2, 4, 2, 1, 0, 3, 2, 5, 1, 2, 1, 2, 1, 2, 1, 2, 1, 3, 2, 1, 0, 2, 1, 0, 2, 1, 1, 3, 2]
Obj (ACT VS ACT BLS): 4.60573
[2, 1, 2, 2, 4, 2, 1, 0, 3, 2, 2, 1, 5, 1, 2, 1, 2, 1, 2, 1, 3, 2, 1, 0, 2, 1, 0, 2, 1, 1, 3, 2]
Obj (ACT VS ACT BLS): 4.60607
[2, 1, 2, 2, 4, 2, 1, 0, 3, 2, 2, 1, 2, 1, 5, 1, 2, 1, 2, 1, 3, 2, 1, 0, 2, 1, 0, 2, 1, 1, 3, 2]
Obj (ACT VS ACT BLS): 4.60607
[2, 1, 2, 2, 4, 2, 1, 0, 3, 2, 2, 1, 2, 1, 2, 1, 5, 1, 2, 1, 3, 2, 1, 0, 2, 1, 0, 2, 1, 1, 3, 2]
Obj (ACT VS ACT BLS): 4.60873
[2, 1, 2, 2, 4, 2, 1, 0, 3, 2, 2, 1, 2, 1, 2, 1, 2, 1, 5, 1, 3, 2, 1, 0, 2, 1, 0, 2, 1, 1, 3, 2]
Obj (ACT VS ACT BLS): 4.60573
[2, 1, 2, 2, 4, 2, 1, 0, 3, 2, 2, 1, 2, 1, 2, 1, 2, 1, 2, 1, 6, 2, 1, 0, 2, 1, 0, 2, 1, 1, 3, 2]
Obj (ACT VS ACT BLS): 4.60573
[2, 1, 2, 2, 4, 2, 1, 0, 3, 2, 2, 1, 2, 1, 2, 1, 2, 1, 2, 1, 3, 2, 4, 0, 2, 1, 0, 2, 1, 1, 3, 2]
Obj (ACT VS ACT BLS): 4.60573
[2, 1, 2, 2, 4, 2, 1, 0, 3, 2, 2, 1, 2, 1, 2, 1, 2, 1, 2, 1, 3, 2, 1, 0, 5, 1, 0, 2, 1, 1, 3, 2]
Obj (ACT VS ACT BLS): 4.60573
[2, 1, 2, 2, 4, 2, 1, 0, 3, 2, 2, 1, 2, 1, 2, 1, 2, 1, 2, 1, 3, 2, 1, 0, 2, 1, 0, 2, 4, 1, 3, 2]
Obj (ACT VS ACT BLS): 4.60573
[2, 1, 2, 2, 4, 2, 1, 0, 3, 2, 2, 1, 2, 1, 2, 1, 2, 1, 2, 1, 3, 2, 1, 0, 2, 1, 0, 2, 1, 1, 6, 2]
Obj (ACT VS ACT BLS): 4.67099
[3, 1, 2, 2, 4, 2, 1, 0, 3, 2, 2, 1, 2, 1, 2, 1, 2, 1, 2, 1, 3, 2, 1, 0, 2, 1, 3, 2, 0, 1, 3, 2]
Obj (ACT VS ACT BLS): 4.67073
[2, 1, 3, 2, 4, 2, 1, 0, 3, 2, 2, 1, 2, 1, 2, 1, 2, 1, 2, 1, 3, 2, 1, 0, 2, 1, 3, 2, 0, 1, 3, 2]
Obj (ACT VS ACT BLS): 4.67073
[2, 1, 2, 2, 5, 2, 1, 0, 3, 2, 2, 1, 2, 1, 2, 1, 2, 1, 2, 1, 3, 2, 1, 0, 2, 1, 3, 2, 0, 1, 3, 2]
Obj (ACT VS ACT BLS): 4.67673
[2, 1, 2, 2, 4, 2, 2, 0, 3, 2, 2, 1, 2, 1, 2, 1, 2, 1, 2, 1, 3, 2, 1, 0, 2, 1, 3, 2, 0, 1, 3, 2]
Obj (ACT VS ACT BLS): 4.67073
[2, 1, 2, 2, 4, 2, 1, 0, 4, 2, 2, 1, 2, 1, 2, 1, 2, 1, 2, 1, 3, 2, 1, 0, 2, 1, 3, 2, 0, 1, 3, 2]
Obj (ACT VS ACT BLS): 4.67107
[2, 1, 2, 2, 4, 2, 1, 0, 3, 2, 3, 1, 2, 1, 2, 1, 2, 1, 2, 1, 3, 2, 1, 0, 2, 1, 3, 2, 0, 1, 3, 2]
Obj (ACT VS ACT BLS): 4.67073
[2, 1, 2, 2, 4, 2, 1, 0, 3, 2, 2, 1, 3, 1, 2, 1, 2, 1, 2, 1, 3, 2, 1, 0, 2, 1, 3, 2, 0, 1, 3, 2]
Obj (ACT VS ACT BLS): 4.67107
[2, 1, 2, 2, 4, 2, 1, 0, 3, 2, 2, 1, 2, 1, 3, 1, 2, 1, 2, 1, 3, 2, 1, 0, 2, 1, 3, 2, 0, 1, 3, 2]
Obj (ACT VS ACT BLS): 4.67107
[2, 1, 2, 2, 4, 2, 1, 0, 3, 2, 2, 1, 2, 1, 2, 1, 3, 1, 2, 1, 3, 2, 1, 0, 2, 1, 3, 2, 0, 1, 3, 2]
Obj (ACT VS ACT BLS): 4.67073
[2, 1, 2, 2, 4, 2, 1, 0, 3, 2, 2, 1, 2, 1, 2, 1, 2, 1, 3, 1, 3, 2, 1, 0, 2, 1, 3, 2, 0, 1, 3, 2]
Obj (ACT VS ACT BLS): 4.67073
[2, 1, 2, 2, 4, 2, 1, 0, 3, 2, 2, 1, 2, 1, 2, 1, 2, 1, 2, 1, 4, 2, 1, 0, 2, 1, 3, 2, 0, 1, 3, 2]
Obj (ACT VS ACT BLS): 4.67073
[2, 1, 2, 2, 4, 2, 1, 0, 3, 2, 2, 1, 2, 1, 2, 1, 2, 1, 2, 1, 3, 2, 2, 0, 2, 1, 3, 2, 0, 1, 3, 2]
Obj (ACT VS ACT BLS): 4.67107
[2, 1, 2, 2, 4, 2, 1, 0, 3, 2, 2, 1, 2, 1, 2, 1, 2, 1, 2, 1, 3, 2, 1, 0, 3, 1, 3, 2, 0, 1, 3, 2]
Obj (ACT VS ACT BLS): 4.67107
[2, 1, 2, 2, 4, 2, 1, 0, 3, 2, 2, 1, 2, 1, 2, 1, 2, 1, 2, 1, 3, 2, 1, 0, 2, 1, 4, 2, 0, 1, 3, 2]
Obj (ACT VS ACT BLS): 4.67073
[2, 1, 2, 2, 4, 2, 1, 0, 3, 2, 2, 1, 2, 1, 2, 1, 2, 1, 2, 1, 3, 2, 1, 0, 2, 1, 3, 2, 0, 1, 4, 2]
Obj (ACT VS ACT BLS): 4.65032
[5, 1, 2, 2, 4, 2, 1, 0, 3, 2, 2, 1, 2, 1, 2, 1, 2, 1, 2, 1, 3, 2, 1, 0, 2, 1, 3, 2, 1, 1, 0, 2]
Obj (ACT VS ACT BLS): 4.65007
[2, 1, 5, 2, 4, 2, 1, 0, 3, 2, 2, 1, 2, 1, 2, 1, 2, 1, 2, 1, 3, 2, 1, 0, 2, 1, 3, 2, 1, 1, 0, 2]
Obj (ACT VS ACT BLS): 4.65007
[2, 1, 2, 2, 7, 2, 1, 0, 3, 2, 2, 1, 2, 1, 2, 1, 2, 1, 2, 1, 3, 2, 1, 0, 2, 1, 3, 2, 1, 1, 0, 2]
Obj (ACT VS ACT BLS): 4.65373
[2, 1, 2, 2, 4, 2, 4, 0, 3, 2, 2, 1, 2, 1, 2, 1, 2, 1, 2, 1, 3, 2, 1, 0, 2, 1, 3, 2, 1, 1, 0, 2]
Obj (ACT VS ACT BLS): 4.65007
[2, 1, 2, 2, 4, 2, 1, 0, 6, 2, 2, 1, 2, 1, 2, 1, 2, 1, 2, 1, 3, 2, 1, 0, 2, 1, 3, 2, 1, 1, 0, 2]
Obj (ACT VS ACT BLS): 4.6504
[2, 1, 2, 2, 4, 2, 1, 0, 3, 2, 5, 1, 2, 1, 2, 1, 2, 1, 2, 1, 3, 2, 1, 0, 2, 1, 3, 2, 1, 1, 0, 2]
Obj (ACT VS ACT BLS): 4.65007
[2, 1, 2, 2, 4, 2, 1, 0, 3, 2, 2, 1, 5, 1, 2, 1, 2, 1, 2, 1, 3, 2, 1, 0, 2, 1, 3, 2, 1, 1, 0, 2]
Obj (ACT VS ACT BLS): 4.6504
[2, 1, 2, 2, 4, 2, 1, 0, 3, 2, 2, 1, 2, 1, 5, 1, 2, 1, 2, 1, 3, 2, 1, 0, 2, 1, 3, 2, 1, 1, 0, 2]
Obj (ACT VS ACT BLS): 4.65007
[2, 1, 2, 2, 4, 2, 1, 0, 3, 2, 2, 1, 2, 1, 2, 1, 5, 1, 2, 1, 3, 2, 1, 0, 2, 1, 3, 2, 1, 1, 0, 2]
Obj (ACT VS ACT BLS): 4.65007
[2, 1, 2, 2, 4, 2, 1, 0, 3, 2, 2, 1, 2, 1, 2, 1, 2, 1, 5, 1, 3, 2, 1, 0, 2, 1, 3, 2, 1, 1, 0, 2]
Obj (ACT VS ACT BLS): 4.65007
[2, 1, 2, 2, 4, 2, 1, 0, 3, 2, 2, 1, 2, 1, 2, 1, 2, 1, 2, 1, 6, 2, 1, 0, 2, 1, 3, 2, 1, 1, 0, 2]
Obj (ACT VS ACT BLS): 4.65007
[2, 1, 2, 2, 4, 2, 1, 0, 3, 2, 2, 1, 2, 1, 2, 1, 2, 1, 2, 1, 3, 2, 4, 0, 2, 1, 3, 2, 1, 1, 0, 2]
Obj (ACT VS ACT BLS): 4.65007
[2, 1, 2, 2, 4, 2, 1, 0, 3, 2, 2, 1, 2, 1, 2, 1, 2, 1, 2, 1, 3, 2, 1, 0, 5, 1, 3, 2, 1, 1, 0, 2]
Obj (ACT VS ACT BLS): 4.65007
[2, 1, 2, 2, 4, 2, 1, 0, 3, 2, 2, 1, 2, 1, 2, 1, 2, 1, 2, 1, 3, 2, 1, 0, 2, 1, 6, 2, 1, 1, 0, 2]
Obj (ACT VS ACT BLS): 4.65007
[2, 1, 2, 2, 4, 2, 1, 0, 3, 2, 2, 1, 2, 1, 2, 1, 2, 1, 2, 1, 3, 2, 1, 0, 2, 1, 3, 2, 4, 1, 0, 2]
Obj (MEDIOS ACT VS ACT BLS): 4.67373
[1, 1, 3, 2, 4, 2, 1, 0, 3, 2, 2, 1, 2, 1, 2, 1, 2, 1, 2, 1, 3, 2, 1, 0, 2, 1, 3, 2, 1, 1, 3, 2]
Obj (MEDIOS ACT VS ACT BLS): 4.67373
[1, 1, 2, 2, 5, 2, 1, 0, 3, 2, 2, 1, 2, 1, 2, 1, 2, 1, 2, 1, 3, 2, 1, 0, 2, 1, 3, 2, 1, 1, 3, 2]
Obj (MEDIOS ACT VS ACT BLS): 4.67807
[1, 1, 2, 2, 4, 2, 2, 0, 3, 2, 2, 1, 2, 1, 2, 1, 2, 1, 2, 1, 3, 2, 1, 0, 2, 1, 3, 2, 1, 1, 3, 2]
Obj (MEDIOS ACT VS ACT BLS): 4.67373
[1, 1, 2, 2, 4, 2, 1, 0, 4, 2, 2, 1, 2, 1, 2, 1, 2, 1, 2, 1, 3, 2, 1, 0, 2, 1, 3, 2, 1, 1, 3, 2]
Obj (MEDIOS ACT VS ACT BLS): 4.67407
[1, 1, 2, 2, 4, 2, 1, 0, 3, 2, 3, 1, 2, 1, 2, 1, 2, 1, 2, 1, 3, 2, 1, 0, 2, 1, 3, 2, 1, 1, 3, 2]
Obj (MEDIOS ACT VS ACT BLS): 4.67373
[1, 1, 2, 2, 4, 2, 1, 0, 3, 2, 2, 1, 3, 1, 2, 1, 2, 1, 2, 1, 3, 2, 1, 0, 2, 1, 3, 2, 1, 1, 3, 2]
Obj (MEDIOS ACT VS ACT BLS): 4.67407
[1, 1, 2, 2, 4, 2, 1, 0, 3, 2, 2, 1, 2, 1, 3, 1, 2, 1, 2, 1, 3, 2, 1, 0, 2, 1, 3, 2, 1, 1, 3, 2]
Obj (MEDIOS ACT VS ACT BLS): 4.67407
[1, 1, 2, 2, 4, 2, 1, 0, 3, 2, 2, 1, 2, 1, 2, 1, 3, 1, 2, 1, 3, 2, 1, 0, 2, 1, 3, 2, 1, 1, 3, 2]
Obj (MEDIOS ACT VS ACT BLS): 4.67373
[1, 1, 2, 2, 4, 2, 1, 0, 3, 2, 2, 1, 2, 1, 2, 1, 2, 1, 3, 1, 3, 2, 1, 0, 2, 1, 3, 2, 1, 1, 3, 2]
Obj (MEDIOS ACT VS ACT BLS): 4.67373
[1, 1, 2, 2, 4, 2, 1, 0, 3, 2, 2, 1, 2, 1, 2, 1, 2, 1, 2, 1, 4, 2, 1, 0, 2, 1, 3, 2, 1, 1, 3, 2]
Obj (MEDIOS ACT VS ACT BLS): 4.67373
[1, 1, 2, 2, 4, 2, 1, 0, 3, 2, 2, 1, 2, 1, 2, 1, 2, 1, 2, 1, 3, 2, 2, 0, 2, 1, 3, 2, 1, 1, 3, 2]
Obj (MEDIOS ACT VS ACT BLS): 4.67373
[1, 1, 2, 2, 4, 2, 1, 0, 3, 2, 2, 1, 2, 1, 2, 1, 2, 1, 2, 1, 3, 2, 1, 0, 3, 1, 3, 2, 1, 1, 3, 2]
Obj (MEDIOS ACT VS ACT BLS): 4.67407
[1, 1, 2, 2, 4, 2, 1, 0, 3, 2, 2, 1, 2, 1, 2, 1, 2, 1, 2, 1, 3, 2, 1, 0, 2, 1, 4, 2, 1, 1, 3, 2]
Obj (MEDIOS ACT VS ACT BLS): 4.67373
[1, 1, 2, 2, 4, 2, 1, 0, 3, 2, 2, 1, 2, 1, 2, 1, 2, 1, 2, 1, 3, 2, 1, 0, 2, 1, 3, 2, 2, 1, 3, 2]
Obj (MEDIOS ACT VS ACT BLS): 4.67373
[1, 1, 2, 2, 4, 2, 1, 0, 3, 2, 2, 1, 2, 1, 2, 1, 2, 1, 2, 1, 3, 2, 1, 0, 2, 1, 3, 2, 1, 1, 4, 2]
Obj (MEDIOS ACT VS ACT BLS): 4.67732
[3, 1, 1, 2, 4, 2, 1, 0, 3, 2, 2, 1, 2, 1, 2, 1, 2, 1, 2, 1, 3, 2, 1, 0, 2, 1, 3, 2, 1, 1, 3, 2]
Obj (MEDIOS ACT VS ACT BLS): 4.67707
[2, 1, 1, 2, 5, 2, 1, 0, 3, 2, 2, 1, 2, 1, 2, 1, 2, 1, 2, 1, 3, 2, 1, 0, 2, 1, 3, 2, 1, 1, 3, 2]
Obj (MEDIOS ACT VS ACT BLS): 4.68307
[2, 1, 1, 2, 4, 2, 2, 0, 3, 2, 2, 1, 2, 1, 2, 1, 2, 1, 2, 1, 3, 2, 1, 0, 2, 1, 3, 2, 1, 1, 3, 2]
Obj (MEDIOS ACT VS ACT BLS): 4.67707
[2, 1, 1, 2, 4, 2, 1, 0, 4, 2, 2, 1, 2, 1, 2, 1, 2, 1, 2, 1, 3, 2, 1, 0, 2, 1, 3, 2, 1, 1, 3, 2]
Obj (MEDIOS ACT VS ACT BLS): 4.6774
[2, 1, 1, 2, 4, 2, 1, 0, 3, 2, 3, 1, 2, 1, 2, 1, 2, 1, 2, 1, 3, 2, 1, 0, 2, 1, 3, 2, 1, 1, 3, 2]
Obj (MEDIOS ACT VS ACT BLS): 4.67707
[2, 1, 1, 2, 4, 2, 1, 0, 3, 2, 2, 1, 3, 1, 2, 1, 2, 1, 2, 1, 3, 2, 1, 0, 2, 1, 3, 2, 1, 1, 3, 2]
Obj (MEDIOS ACT VS ACT BLS): 4.6774
[2, 1, 1, 2, 4, 2, 1, 0, 3, 2, 2, 1, 2, 1, 3, 1, 2, 1, 2, 1, 3, 2, 1, 0, 2, 1, 3, 2, 1, 1, 3, 2]
Obj (MEDIOS ACT VS ACT BLS): 4.6774
[2, 1, 1, 2, 4, 2, 1, 0, 3, 2, 2, 1, 2, 1, 2, 1, 3, 1, 2, 1, 3, 2, 1, 0, 2, 1, 3, 2, 1, 1, 3, 2]
Obj (MEDIOS ACT VS ACT BLS): 4.67707
[2, 1, 1, 2, 4, 2, 1, 0, 3, 2, 2, 1, 2, 1, 2, 1, 2, 1, 3, 1, 3, 2, 1, 0, 2, 1, 3, 2, 1, 1, 3, 2]
Obj (MEDIOS ACT VS ACT BLS): 4.67707
[2, 1, 1, 2, 4, 2, 1, 0, 3, 2, 2, 1, 2, 1, 2, 1, 2, 1, 2, 1, 4, 2, 1, 0, 2, 1, 3, 2, 1, 1, 3, 2]
Obj (MEDIOS ACT VS ACT BLS): 4.67707
[2, 1, 1, 2, 4, 2, 1, 0, 3, 2, 2, 1, 2, 1, 2, 1, 2, 1, 2, 1, 3, 2, 2, 0, 2, 1, 3, 2, 1, 1, 3, 2]
Obj (MEDIOS ACT VS ACT BLS): 4.67707
[2, 1, 1, 2, 4, 2, 1, 0, 3, 2, 2, 1, 2, 1, 2, 1, 2, 1, 2, 1, 3, 2, 1, 0, 3, 1, 3, 2, 1, 1, 3, 2]
Obj (MEDIOS ACT VS ACT BLS): 4.6774
[2, 1, 1, 2, 4, 2, 1, 0, 3, 2, 2, 1, 2, 1, 2, 1, 2, 1, 2, 1, 3, 2, 1, 0, 2, 1, 4, 2, 1, 1, 3, 2]
Obj (MEDIOS ACT VS ACT BLS): 4.67707
[2, 1, 1, 2, 4, 2, 1, 0, 3, 2, 2, 1, 2, 1, 2, 1, 2, 1, 2, 1, 3, 2, 1, 0, 2, 1, 3, 2, 2, 1, 3, 2]
Obj (MEDIOS ACT VS ACT BLS): 4.67707
[2, 1, 1, 2, 4, 2, 1, 0, 3, 2, 2, 1, 2, 1, 2, 1, 2, 1, 2, 1, 3, 2, 1, 0, 2, 1, 3, 2, 1, 1, 4, 2]
Obj (MEDIOS ACT VS ACT BLS): 4.67432
[4, 1, 2, 2, 2, 2, 1, 0, 3, 2, 2, 1, 2, 1, 2, 1, 2, 1, 2, 1, 3, 2, 1, 0, 2, 1, 3, 2, 1, 1, 3, 2]
Obj (MEDIOS ACT VS ACT BLS): 4.67407
[2, 1, 4, 2, 2, 2, 1, 0, 3, 2, 2, 1, 2, 1, 2, 1, 2, 1, 2, 1, 3, 2, 1, 0, 2, 1, 3, 2, 1, 1, 3, 2]
Obj (MEDIOS ACT VS ACT BLS): 4.68007
[2, 1, 2, 2, 2, 2, 3, 0, 3, 2, 2, 1, 2, 1, 2, 1, 2, 1, 2, 1, 3, 2, 1, 0, 2, 1, 3, 2, 1, 1, 3, 2]
Obj (MEDIOS ACT VS ACT BLS): 4.67407
[2, 1, 2, 2, 2, 2, 1, 0, 5, 2, 2, 1, 2, 1, 2, 1, 2, 1, 2, 1, 3, 2, 1, 0, 2, 1, 3, 2, 1, 1, 3, 2]
Obj (MEDIOS ACT VS ACT BLS): 4.6744
[2, 1, 2, 2, 2, 2, 1, 0, 3, 2, 4, 1, 2, 1, 2, 1, 2, 1, 2, 1, 3, 2, 1, 0, 2, 1, 3, 2, 1, 1, 3, 2]
Obj (MEDIOS ACT VS ACT BLS): 4.67407
[2, 1, 2, 2, 2, 2, 1, 0, 3, 2, 2, 1, 4, 1, 2, 1, 2, 1, 2, 1, 3, 2, 1, 0, 2, 1, 3, 2, 1, 1, 3, 2]
Obj (MEDIOS ACT VS ACT BLS): 4.6744
[2, 1, 2, 2, 2, 2, 1, 0, 3, 2, 2, 1, 2, 1, 4, 1, 2, 1, 2, 1, 3, 2, 1, 0, 2, 1, 3, 2, 1, 1, 3, 2]
Obj (MEDIOS ACT VS ACT BLS): 4.6744
[2, 1, 2, 2, 2, 2, 1, 0, 3, 2, 2, 1, 2, 1, 2, 1, 4, 1, 2, 1, 3, 2, 1, 0, 2, 1, 3, 2, 1, 1, 3, 2]
Obj (MEDIOS ACT VS ACT BLS): 4.67407
[2, 1, 2, 2, 2, 2, 1, 0, 3, 2, 2, 1, 2, 1, 2, 1, 2, 1, 4, 1, 3, 2, 1, 0, 2, 1, 3, 2, 1, 1, 3, 2]
Obj (MEDIOS ACT VS ACT BLS): 4.67407
[2, 1, 2, 2, 2, 2, 1, 0, 3, 2, 2, 1, 2, 1, 2, 1, 2, 1, 2, 1, 5, 2, 1, 0, 2, 1, 3, 2, 1, 1, 3, 2]
Obj (MEDIOS ACT VS ACT BLS): 4.67407
[2, 1, 2, 2, 2, 2, 1, 0, 3, 2, 2, 1, 2, 1, 2, 1, 2, 1, 2, 1, 3, 2, 3, 0, 2, 1, 3, 2, 1, 1, 3, 2]
Obj (MEDIOS ACT VS ACT BLS): 4.67407
[2, 1, 2, 2, 2, 2, 1, 0, 3, 2, 2, 1, 2, 1, 2, 1, 2, 1, 2, 1, 3, 2, 1, 0, 4, 1, 3, 2, 1, 1, 3, 2]
Obj (MEDIOS ACT VS ACT BLS): 4.6744
[2, 1, 2, 2, 2, 2, 1, 0, 3, 2, 2, 1, 2, 1, 2, 1, 2, 1, 2, 1, 3, 2, 1, 0, 2, 1, 5, 2, 1, 1, 3, 2]
Obj (MEDIOS ACT VS ACT BLS): 4.67407
[2, 1, 2, 2, 2, 2, 1, 0, 3, 2, 2, 1, 2, 1, 2, 1, 2, 1, 2, 1, 3, 2, 1, 0, 2, 1, 3, 2, 3, 1, 3, 2]
Obj (MEDIOS ACT VS ACT BLS): 4.67407
[2, 1, 2, 2, 2, 2, 1, 0, 3, 2, 2, 1, 2, 1, 2, 1, 2, 1, 2, 1, 3, 2, 1, 0, 2, 1, 3, 2, 1, 1, 5, 2]
Obj (MEDIOS ACT VS ACT BLS): 4.6774
[2, 1, 2, 2, 4, 2, 1, 0, 3, 2, 2, 1, 2, 1, 2, 1, 2, 1, 2, 1, 3, 2, 1, 0, 2, 1, 3, 2, 1, 1, 3, 2]
Obj (MEDIOS ACT VS ACT BLS): 4.6774
[2, 1, 2, 2, 4, 2, 1, 0, 3, 2, 2, 1, 2, 1, 2, 1, 2, 1, 2, 1, 3, 2, 1, 0, 2, 1, 3, 2, 1, 1, 3, 2]
Obj (MEDIOS ACT VS ACT BLS): 4.6774
[2, 1, 2, 2, 4, 2, 1, 0, 3, 2, 2, 1, 2, 1, 2, 1, 2, 1, 2, 1, 3, 2, 1, 0, 2, 1, 3, 2, 1, 1, 3, 2]
Obj (MEDIOS ACT VS ACT BLS): 4.6774
[2, 1, 2, 2, 4, 2, 1, 0, 3, 2, 2, 1, 2, 1, 2, 1, 2, 1, 2, 1, 3, 2, 1, 0, 2, 1, 3, 2, 1, 1, 3, 2]
Obj (MEDIOS ACT VS ACT BLS): 4.6774
[2, 1, 2, 2, 4, 2, 1, 0, 3, 2, 2, 1, 2, 1, 2, 1, 2, 1, 2, 1, 3, 2, 1, 0, 2, 1, 3, 2, 1, 1, 3, 2]
Obj (MEDIOS ACT VS ACT BLS): 4.6774
[2, 1, 2, 2, 4, 2, 1, 0, 3, 2, 2, 1, 2, 1, 2, 1, 2, 1, 2, 1, 3, 2, 1, 0, 2, 1, 3, 2, 1, 1, 3, 2]
Obj (MEDIOS ACT VS ACT BLS): 4.6774
[2, 1, 2, 2, 4, 2, 1, 0, 3, 2, 2, 1, 2, 1, 2, 1, 2, 1, 2, 1, 3, 2, 1, 0, 2, 1, 3, 2, 1, 1, 3, 2]
Obj (MEDIOS ACT VS ACT BLS): 4.6774
[2, 1, 2, 2, 4, 2, 1, 0, 3, 2, 2, 1, 2, 1, 2, 1, 2, 1, 2, 1, 3, 2, 1, 0, 2, 1, 3, 2, 1, 1, 3, 2]
Obj (MEDIOS ACT VS ACT BLS): 4.6774
[2, 1, 2, 2, 4, 2, 1, 0, 3, 2, 2, 1, 2, 1, 2, 1, 2, 1, 2, 1, 3, 2, 1, 0, 2, 1, 3, 2, 1, 1, 3, 2]
Obj (MEDIOS ACT VS ACT BLS): 4.6774
[2, 1, 2, 2, 4, 2, 1, 0, 3, 2, 2, 1, 2, 1, 2, 1, 2, 1, 2, 1, 3, 2, 1, 0, 2, 1, 3, 2, 1, 1, 3, 2]
Obj (MEDIOS ACT VS ACT BLS): 4.6774
[2, 1, 2, 2, 4, 2, 1, 0, 3, 2, 2, 1, 2, 1, 2, 1, 2, 1, 2, 1, 3, 2, 1, 0, 2, 1, 3, 2, 1, 1, 3, 2]
Obj (MEDIOS ACT VS ACT BLS): 4.6774
[2, 1, 2, 2, 4, 2, 1, 0, 3, 2, 2, 1, 2, 1, 2, 1, 2, 1, 2, 1, 3, 2, 1, 0, 2, 1, 3, 2, 1, 1, 3, 2]
Obj (MEDIOS ACT VS ACT BLS): 4.6774
[2, 1, 2, 2, 4, 2, 1, 0, 3, 2, 2, 1, 2, 1, 2, 1, 2, 1, 2, 1, 3, 2, 1, 0, 2, 1, 3, 2, 1, 1, 3, 2]
Obj (MEDIOS ACT VS ACT BLS): 4.6774
[2, 1, 2, 2, 4, 2, 1, 0, 3, 2, 2, 1, 2, 1, 2, 1, 2, 1, 2, 1, 3, 2, 1, 0, 2, 1, 3, 2, 1, 1, 3, 2]
Obj (MEDIOS ACT VS ACT BLS): 4.6774
[2, 1, 2, 2, 4, 2, 1, 0, 3, 2, 2, 1, 2, 1, 2, 1, 2, 1, 2, 1, 3, 2, 1, 0, 2, 1, 3, 2, 1, 1, 3, 2]
Obj (MEDIOS ACT VS ACT BLS): 4.67766
[3, 1, 2, 2, 4, 2, 1, 0, 2, 2, 2, 1, 2, 1, 2, 1, 2, 1, 2, 1, 3, 2, 1, 0, 2, 1, 3, 2, 1, 1, 3, 2]
Obj (MEDIOS ACT VS ACT BLS): 4.6774
[2, 1, 3, 2, 4, 2, 1, 0, 2, 2, 2, 1, 2, 1, 2, 1, 2, 1, 2, 1, 3, 2, 1, 0, 2, 1, 3, 2, 1, 1, 3, 2]
Obj (MEDIOS ACT VS ACT BLS): 4.6774
[2, 1, 2, 2, 5, 2, 1, 0, 2, 2, 2, 1, 2, 1, 2, 1, 2, 1, 2, 1, 3, 2, 1, 0, 2, 1, 3, 2, 1, 1, 3, 2]
Obj (MEDIOS ACT VS ACT BLS): 4.6834
[2, 1, 2, 2, 4, 2, 2, 0, 2, 2, 2, 1, 2, 1, 2, 1, 2, 1, 2, 1, 3, 2, 1, 0, 2, 1, 3, 2, 1, 1, 3, 2]
Obj (MEDIOS ACT VS ACT BLS): 4.67773
[2, 1, 2, 2, 4, 2, 1, 0, 2, 2, 3, 1, 2, 1, 2, 1, 2, 1, 2, 1, 3, 2, 1, 0, 2, 1, 3, 2, 1, 1, 3, 2]
Obj (MEDIOS ACT VS ACT BLS): 4.6774
[2, 1, 2, 2, 4, 2, 1, 0, 2, 2, 2, 1, 3, 1, 2, 1, 2, 1, 2, 1, 3, 2, 1, 0, 2, 1, 3, 2, 1, 1, 3, 2]
Obj (MEDIOS ACT VS ACT BLS): 4.67773
[2, 1, 2, 2, 4, 2, 1, 0, 2, 2, 2, 1, 2, 1, 3, 1, 2, 1, 2, 1, 3, 2, 1, 0, 2, 1, 3, 2, 1, 1, 3, 2]
Obj (MEDIOS ACT VS ACT BLS): 4.67773
[2, 1, 2, 2, 4, 2, 1, 0, 2, 2, 2, 1, 2, 1, 2, 1, 3, 1, 2, 1, 3, 2, 1, 0, 2, 1, 3, 2, 1, 1, 3, 2]
Obj (MEDIOS ACT VS ACT BLS): 4.6774
[2, 1, 2, 2, 4, 2, 1, 0, 2, 2, 2, 1, 2, 1, 2, 1, 2, 1, 3, 1, 3, 2, 1, 0, 2, 1, 3, 2, 1, 1, 3, 2]
Obj (MEDIOS ACT VS ACT BLS): 4.6774
[2, 1, 2, 2, 4, 2, 1, 0, 2, 2, 2, 1, 2, 1, 2, 1, 2, 1, 2, 1, 4, 2, 1, 0, 2, 1, 3, 2, 1, 1, 3, 2]
Obj (MEDIOS ACT VS ACT BLS): 4.6774
[2, 1, 2, 2, 4, 2, 1, 0, 2, 2, 2, 1, 2, 1, 2, 1, 2, 1, 2, 1, 3, 2, 2, 0, 2, 1, 3, 2, 1, 1, 3, 2]
Obj (MEDIOS ACT VS ACT BLS): 4.6774
[2, 1, 2, 2, 4, 2, 1, 0, 2, 2, 2, 1, 2, 1, 2, 1, 2, 1, 2, 1, 3, 2, 1, 0, 3, 1, 3, 2, 1, 1, 3, 2]
Obj (MEDIOS ACT VS ACT BLS): 4.67773
[2, 1, 2, 2, 4, 2, 1, 0, 2, 2, 2, 1, 2, 1, 2, 1, 2, 1, 2, 1, 3, 2, 1, 0, 2, 1, 4, 2, 1, 1, 3, 2]
Obj (MEDIOS ACT VS ACT BLS): 4.6774
[2, 1, 2, 2, 4, 2, 1, 0, 2, 2, 2, 1, 2, 1, 2, 1, 2, 1, 2, 1, 3, 2, 1, 0, 2, 1, 3, 2, 2, 1, 3, 2]
Obj (MEDIOS ACT VS ACT BLS): 4.6774
[2, 1, 2, 2, 4, 2, 1, 0, 2, 2, 2, 1, 2, 1, 2, 1, 2, 1, 2, 1, 3, 2, 1, 0, 2, 1, 3, 2, 1, 1, 4, 2]
Obj (MEDIOS ACT VS ACT BLS): 4.67732
[3, 1, 2, 2, 4, 2, 1, 0, 3, 2, 1, 1, 2, 1, 2, 1, 2, 1, 2, 1, 3, 2, 1, 0, 2, 1, 3, 2, 1, 1, 3, 2]
Obj (MEDIOS ACT VS ACT BLS): 4.67707
[2, 1, 3, 2, 4, 2, 1, 0, 3, 2, 1, 1, 2, 1, 2, 1, 2, 1, 2, 1, 3, 2, 1, 0, 2, 1, 3, 2, 1, 1, 3, 2]
Obj (MEDIOS ACT VS ACT BLS): 4.67707
[2, 1, 2, 2, 5, 2, 1, 0, 3, 2, 1, 1, 2, 1, 2, 1, 2, 1, 2, 1, 3, 2, 1, 0, 2, 1, 3, 2, 1, 1, 3, 2]
Obj (MEDIOS ACT VS ACT BLS): 4.68307
[2, 1, 2, 2, 4, 2, 2, 0, 3, 2, 1, 1, 2, 1, 2, 1, 2, 1, 2, 1, 3, 2, 1, 0, 2, 1, 3, 2, 1, 1, 3, 2]
Obj (MEDIOS ACT VS ACT BLS): 4.67707
[2, 1, 2, 2, 4, 2, 1, 0, 4, 2, 1, 1, 2, 1, 2, 1, 2, 1, 2, 1, 3, 2, 1, 0, 2, 1, 3, 2, 1, 1, 3, 2]
Obj (MEDIOS ACT VS ACT BLS): 4.67707
[2, 1, 2, 2, 4, 2, 1, 0, 3, 2, 1, 1, 3, 1, 2, 1, 2, 1, 2, 1, 3, 2, 1, 0, 2, 1, 3, 2, 1, 1, 3, 2]
Obj (MEDIOS ACT VS ACT BLS): 4.6774
[2, 1, 2, 2, 4, 2, 1, 0, 3, 2, 1, 1, 2, 1, 3, 1, 2, 1, 2, 1, 3, 2, 1, 0, 2, 1, 3, 2, 1, 1, 3, 2]
Obj (MEDIOS ACT VS ACT BLS): 4.6774
[2, 1, 2, 2, 4, 2, 1, 0, 3, 2, 1, 1, 2, 1, 2, 1, 3, 1, 2, 1, 3, 2, 1, 0, 2, 1, 3, 2, 1, 1, 3, 2]
Obj (MEDIOS ACT VS ACT BLS): 4.67707
[2, 1, 2, 2, 4, 2, 1, 0, 3, 2, 1, 1, 2, 1, 2, 1, 2, 1, 3, 1, 3, 2, 1, 0, 2, 1, 3, 2, 1, 1, 3, 2]
Obj (MEDIOS ACT VS ACT BLS): 4.67707
[2, 1, 2, 2, 4, 2, 1, 0, 3, 2, 1, 1, 2, 1, 2, 1, 2, 1, 2, 1, 4, 2, 1, 0, 2, 1, 3, 2, 1, 1, 3, 2]
Obj (MEDIOS ACT VS ACT BLS): 4.67707
[2, 1, 2, 2, 4, 2, 1, 0, 3, 2, 1, 1, 2, 1, 2, 1, 2, 1, 2, 1, 3, 2, 2, 0, 2, 1, 3, 2, 1, 1, 3, 2]
Obj (MEDIOS ACT VS ACT BLS): 4.67707
[2, 1, 2, 2, 4, 2, 1, 0, 3, 2, 1, 1, 2, 1, 2, 1, 2, 1, 2, 1, 3, 2, 1, 0, 3, 1, 3, 2, 1, 1, 3, 2]
Obj (MEDIOS ACT VS ACT BLS): 4.6774
[2, 1, 2, 2, 4, 2, 1, 0, 3, 2, 1, 1, 2, 1, 2, 1, 2, 1, 2, 1, 3, 2, 1, 0, 2, 1, 4, 2, 1, 1, 3, 2]
Obj (MEDIOS ACT VS ACT BLS): 4.67707
[2, 1, 2, 2, 4, 2, 1, 0, 3, 2, 1, 1, 2, 1, 2, 1, 2, 1, 2, 1, 3, 2, 1, 0, 2, 1, 3, 2, 2, 1, 3, 2]
Obj (MEDIOS ACT VS ACT BLS): 4.67707
[2, 1, 2, 2, 4, 2, 1, 0, 3, 2, 1, 1, 2, 1, 2, 1, 2, 1, 2, 1, 3, 2, 1, 0, 2, 1, 3, 2, 1, 1, 4, 2]
Obj (MEDIOS ACT VS ACT BLS): 4.67732
[3, 1, 2, 2, 4, 2, 1, 0, 3, 2, 2, 1, 1, 1, 2, 1, 2, 1, 2, 1, 3, 2, 1, 0, 2, 1, 3, 2, 1, 1, 3, 2]
Obj (MEDIOS ACT VS ACT BLS): 4.67707
[2, 1, 3, 2, 4, 2, 1, 0, 3, 2, 2, 1, 1, 1, 2, 1, 2, 1, 2, 1, 3, 2, 1, 0, 2, 1, 3, 2, 1, 1, 3, 2]
Obj (MEDIOS ACT VS ACT BLS): 4.67707
[2, 1, 2, 2, 5, 2, 1, 0, 3, 2, 2, 1, 1, 1, 2, 1, 2, 1, 2, 1, 3, 2, 1, 0, 2, 1, 3, 2, 1, 1, 3, 2]
Obj (MEDIOS ACT VS ACT BLS): 4.68307
[2, 1, 2, 2, 4, 2, 2, 0, 3, 2, 2, 1, 1, 1, 2, 1, 2, 1, 2, 1, 3, 2, 1, 0, 2, 1, 3, 2, 1, 1, 3, 2]
Obj (MEDIOS ACT VS ACT BLS): 4.67707
[2, 1, 2, 2, 4, 2, 1, 0, 4, 2, 2, 1, 1, 1, 2, 1, 2, 1, 2, 1, 3, 2, 1, 0, 2, 1, 3, 2, 1, 1, 3, 2]
Obj (MEDIOS ACT VS ACT BLS): 4.6774
[2, 1, 2, 2, 4, 2, 1, 0, 3, 2, 3, 1, 1, 1, 2, 1, 2, 1, 2, 1, 3, 2, 1, 0, 2, 1, 3, 2, 1, 1, 3, 2]
Obj (MEDIOS ACT VS ACT BLS): 4.6774
[2, 1, 2, 2, 4, 2, 1, 0, 3, 2, 2, 1, 1, 1, 3, 1, 2, 1, 2, 1, 3, 2, 1, 0, 2, 1, 3, 2, 1, 1, 3, 2]
Obj (MEDIOS ACT VS ACT BLS): 4.6774
[2, 1, 2, 2, 4, 2, 1, 0, 3, 2, 2, 1, 1, 1, 2, 1, 3, 1, 2, 1, 3, 2, 1, 0, 2, 1, 3, 2, 1, 1, 3, 2]
Obj (MEDIOS ACT VS ACT BLS): 4.67707
[2, 1, 2, 2, 4, 2, 1, 0, 3, 2, 2, 1, 1, 1, 2, 1, 2, 1, 3, 1, 3, 2, 1, 0, 2, 1, 3, 2, 1, 1, 3, 2]
Obj (MEDIOS ACT VS ACT BLS): 4.67707
[2, 1, 2, 2, 4, 2, 1, 0, 3, 2, 2, 1, 1, 1, 2, 1, 2, 1, 2, 1, 4, 2, 1, 0, 2, 1, 3, 2, 1, 1, 3, 2]
Obj (MEDIOS ACT VS ACT BLS): 4.67707
[2, 1, 2, 2, 4, 2, 1, 0, 3, 2, 2, 1, 1, 1, 2, 1, 2, 1, 2, 1, 3, 2, 2, 0, 2, 1, 3, 2, 1, 1, 3, 2]
Obj (MEDIOS ACT VS ACT BLS): 4.67707
[2, 1, 2, 2, 4, 2, 1, 0, 3, 2, 2, 1, 1, 1, 2, 1, 2, 1, 2, 1, 3, 2, 1, 0, 3, 1, 3, 2, 1, 1, 3, 2]
Obj (MEDIOS ACT VS ACT BLS): 4.6774
[2, 1, 2, 2, 4, 2, 1, 0, 3, 2, 2, 1, 1, 1, 2, 1, 2, 1, 2, 1, 3, 2, 1, 0, 2, 1, 4, 2, 1, 1, 3, 2]
Obj (MEDIOS ACT VS ACT BLS): 4.67707
[2, 1, 2, 2, 4, 2, 1, 0, 3, 2, 2, 1, 1, 1, 2, 1, 2, 1, 2, 1, 3, 2, 1, 0, 2, 1, 3, 2, 2, 1, 3, 2]
Obj (MEDIOS ACT VS ACT BLS): 4.67707
[2, 1, 2, 2, 4, 2, 1, 0, 3, 2, 2, 1, 1, 1, 2, 1, 2, 1, 2, 1, 3, 2, 1, 0, 2, 1, 3, 2, 1, 1, 4, 2]
Obj (MEDIOS ACT VS ACT BLS): 4.67624
[3, 1, 2, 2, 4, 2, 1, 0, 3, 2, 2, 1, 2, 1, 1, 1, 2, 1, 2, 1, 3, 2, 1, 0, 2, 1, 3, 2, 1, 1, 3, 2]
Obj (MEDIOS ACT VS ACT BLS): 4.67599
[2, 1, 3, 2, 4, 2, 1, 0, 3, 2, 2, 1, 2, 1, 1, 1, 2, 1, 2, 1, 3, 2, 1, 0, 2, 1, 3, 2, 1, 1, 3, 2]
Obj (MEDIOS ACT VS ACT BLS): 4.67599
[2, 1, 2, 2, 5, 2, 1, 0, 3, 2, 2, 1, 2, 1, 1, 1, 2, 1, 2, 1, 3, 2, 1, 0, 2, 1, 3, 2, 1, 1, 3, 2]
Obj (MEDIOS ACT VS ACT BLS): 4.68166
[2, 1, 2, 2, 4, 2, 2, 0, 3, 2, 2, 1, 2, 1, 1, 1, 2, 1, 2, 1, 3, 2, 1, 0, 2, 1, 3, 2, 1, 1, 3, 2]
Obj (MEDIOS ACT VS ACT BLS): 4.67599
[2, 1, 2, 2, 4, 2, 1, 0, 4, 2, 2, 1, 2, 1, 1, 1, 2, 1, 2, 1, 3, 2, 1, 0, 2, 1, 3, 2, 1, 1, 3, 2]
Obj (MEDIOS ACT VS ACT BLS): 4.67632
[2, 1, 2, 2, 4, 2, 1, 0, 3, 2, 3, 1, 2, 1, 1, 1, 2, 1, 2, 1, 3, 2, 1, 0, 2, 1, 3, 2, 1, 1, 3, 2]
Obj (MEDIOS ACT VS ACT BLS): 4.67599
[2, 1, 2, 2, 4, 2, 1, 0, 3, 2, 2, 1, 3, 1, 1, 1, 2, 1, 2, 1, 3, 2, 1, 0, 2, 1, 3, 2, 1, 1, 3, 2]
Obj (MEDIOS ACT VS ACT BLS): 4.67632
[2, 1, 2, 2, 4, 2, 1, 0, 3, 2, 2, 1, 2, 1, 1, 1, 3, 1, 2, 1, 3, 2, 1, 0, 2, 1, 3, 2, 1, 1, 3, 2]
Obj (MEDIOS ACT VS ACT BLS): 4.67599
[2, 1, 2, 2, 4, 2, 1, 0, 3, 2, 2, 1, 2, 1, 1, 1, 2, 1, 3, 1, 3, 2, 1, 0, 2, 1, 3, 2, 1, 1, 3, 2]
Obj (MEDIOS ACT VS ACT BLS): 4.67599
[2, 1, 2, 2, 4, 2, 1, 0, 3, 2, 2, 1, 2, 1, 1, 1, 2, 1, 2, 1, 4, 2, 1, 0, 2, 1, 3, 2, 1, 1, 3, 2]
Obj (MEDIOS ACT VS ACT BLS): 4.67599
[2, 1, 2, 2, 4, 2, 1, 0, 3, 2, 2, 1, 2, 1, 1, 1, 2, 1, 2, 1, 3, 2, 2, 0, 2, 1, 3, 2, 1, 1, 3, 2]
Obj (MEDIOS ACT VS ACT BLS): 4.67599
[2, 1, 2, 2, 4, 2, 1, 0, 3, 2, 2, 1, 2, 1, 1, 1, 2, 1, 2, 1, 3, 2, 1, 0, 3, 1, 3, 2, 1, 1, 3, 2]
Obj (MEDIOS ACT VS ACT BLS): 4.67632
[2, 1, 2, 2, 4, 2, 1, 0, 3, 2, 2, 1, 2, 1, 1, 1, 2, 1, 2, 1, 3, 2, 1, 0, 2, 1, 4, 2, 1, 1, 3, 2]
Obj (MEDIOS ACT VS ACT BLS): 4.67599
[2, 1, 2, 2, 4, 2, 1, 0, 3, 2, 2, 1, 2, 1, 1, 1, 2, 1, 2, 1, 3, 2, 1, 0, 2, 1, 3, 2, 2, 1, 3, 2]
Obj (MEDIOS ACT VS ACT BLS): 4.67599
[2, 1, 2, 2, 4, 2, 1, 0, 3, 2, 2, 1, 2, 1, 1, 1, 2, 1, 2, 1, 3, 2, 1, 0, 2, 1, 3, 2, 1, 1, 4, 2]
Obj (MEDIOS ACT VS ACT BLS): 4.67699
[3, 1, 2, 2, 4, 2, 1, 0, 3, 2, 2, 1, 2, 1, 2, 1, 1, 1, 2, 1, 3, 2, 1, 0, 2, 1, 3, 2, 1, 1, 3, 2]
Obj (MEDIOS ACT VS ACT BLS): 4.67673
[2, 1, 3, 2, 4, 2, 1, 0, 3, 2, 2, 1, 2, 1, 2, 1, 1, 1, 2, 1, 3, 2, 1, 0, 2, 1, 3, 2, 1, 1, 3, 2]
Obj (MEDIOS ACT VS ACT BLS): 4.67673
[2, 1, 2, 2, 5, 2, 1, 0, 3, 2, 2, 1, 2, 1, 2, 1, 1, 1, 2, 1, 3, 2, 1, 0, 2, 1, 3, 2, 1, 1, 3, 2]
Obj (MEDIOS ACT VS ACT BLS): 4.68273
[2, 1, 2, 2, 4, 2, 2, 0, 3, 2, 2, 1, 2, 1, 2, 1, 1, 1, 2, 1, 3, 2, 1, 0, 2, 1, 3, 2, 1, 1, 3, 2]
Obj (MEDIOS ACT VS ACT BLS): 4.6764
[2, 1, 2, 2, 4, 2, 1, 0, 4, 2, 2, 1, 2, 1, 2, 1, 1, 1, 2, 1, 3, 2, 1, 0, 2, 1, 3, 2, 1, 1, 3, 2]
Obj (MEDIOS ACT VS ACT BLS): 4.67707
[2, 1, 2, 2, 4, 2, 1, 0, 3, 2, 3, 1, 2, 1, 2, 1, 1, 1, 2, 1, 3, 2, 1, 0, 2, 1, 3, 2, 1, 1, 3, 2]
Obj (MEDIOS ACT VS ACT BLS): 4.67673
[2, 1, 2, 2, 4, 2, 1, 0, 3, 2, 2, 1, 3, 1, 2, 1, 1, 1, 2, 1, 3, 2, 1, 0, 2, 1, 3, 2, 1, 1, 3, 2]
Obj (MEDIOS ACT VS ACT BLS): 4.67707
[2, 1, 2, 2, 4, 2, 1, 0, 3, 2, 2, 1, 2, 1, 3, 1, 1, 1, 2, 1, 3, 2, 1, 0, 2, 1, 3, 2, 1, 1, 3, 2]
Obj (MEDIOS ACT VS ACT BLS): 4.67673
[2, 1, 2, 2, 4, 2, 1, 0, 3, 2, 2, 1, 2, 1, 2, 1, 1, 1, 3, 1, 3, 2, 1, 0, 2, 1, 3, 2, 1, 1, 3, 2]
Obj (MEDIOS ACT VS ACT BLS): 4.67673
[2, 1, 2, 2, 4, 2, 1, 0, 3, 2, 2, 1, 2, 1, 2, 1, 1, 1, 2, 1, 4, 2, 1, 0, 2, 1, 3, 2, 1, 1, 3, 2]
Obj (MEDIOS ACT VS ACT BLS): 4.67673
[2, 1, 2, 2, 4, 2, 1, 0, 3, 2, 2, 1, 2, 1, 2, 1, 1, 1, 2, 1, 3, 2, 2, 0, 2, 1, 3, 2, 1, 1, 3, 2]
Obj (MEDIOS ACT VS ACT BLS): 4.67673
[2, 1, 2, 2, 4, 2, 1, 0, 3, 2, 2, 1, 2, 1, 2, 1, 1, 1, 2, 1, 3, 2, 1, 0, 3, 1, 3, 2, 1, 1, 3, 2]
Obj (MEDIOS ACT VS ACT BLS): 4.67707
[2, 1, 2, 2, 4, 2, 1, 0, 3, 2, 2, 1, 2, 1, 2, 1, 1, 1, 2, 1, 3, 2, 1, 0, 2, 1, 4, 2, 1, 1, 3, 2]
Obj (MEDIOS ACT VS ACT BLS): 4.67673
[2, 1, 2, 2, 4, 2, 1, 0, 3, 2, 2, 1, 2, 1, 2, 1, 1, 1, 2, 1, 3, 2, 1, 0, 2, 1, 3, 2, 2, 1, 3, 2]
Obj (MEDIOS ACT VS ACT BLS): 4.67673
[2, 1, 2, 2, 4, 2, 1, 0, 3, 2, 2, 1, 2, 1, 2, 1, 1, 1, 2, 1, 3, 2, 1, 0, 2, 1, 3, 2, 1, 1, 4, 2]
Obj (MEDIOS ACT VS ACT BLS): 4.66807
[3, 1, 2, 2, 4, 2, 1, 0, 3, 2, 2, 1, 2, 1, 2, 1, 2, 1, 1, 1, 3, 2, 1, 0, 2, 1, 3, 2, 1, 1, 3, 2]
Obj (MEDIOS ACT VS ACT BLS): 4.66781
[2, 1, 3, 2, 4, 2, 1, 0, 3, 2, 2, 1, 2, 1, 2, 1, 2, 1, 1, 1, 3, 2, 1, 0, 2, 1, 3, 2, 1, 1, 3, 2]
Obj (MEDIOS ACT VS ACT BLS): 4.66781
[2, 1, 2, 2, 5, 2, 1, 0, 3, 2, 2, 1, 2, 1, 2, 1, 2, 1, 1, 1, 3, 2, 1, 0, 2, 1, 3, 2, 1, 1, 3, 2]
Obj (MEDIOS ACT VS ACT BLS): 4.67381
[2, 1, 2, 2, 4, 2, 2, 0, 3, 2, 2, 1, 2, 1, 2, 1, 2, 1, 1, 1, 3, 2, 1, 0, 2, 1, 3, 2, 1, 1, 3, 2]
Obj (MEDIOS ACT VS ACT BLS): 4.66781
[2, 1, 2, 2, 4, 2, 1, 0, 4, 2, 2, 1, 2, 1, 2, 1, 2, 1, 1, 1, 3, 2, 1, 0, 2, 1, 3, 2, 1, 1, 3, 2]
Obj (MEDIOS ACT VS ACT BLS): 4.66814
[2, 1, 2, 2, 4, 2, 1, 0, 3, 2, 3, 1, 2, 1, 2, 1, 2, 1, 1, 1, 3, 2, 1, 0, 2, 1, 3, 2, 1, 1, 3, 2]
Obj (MEDIOS ACT VS ACT BLS): 4.66781
[2, 1, 2, 2, 4, 2, 1, 0, 3, 2, 2, 1, 3, 1, 2, 1, 2, 1, 1, 1, 3, 2, 1, 0, 2, 1, 3, 2, 1, 1, 3, 2]
Obj (MEDIOS ACT VS ACT BLS): 4.66814
[2, 1, 2, 2, 4, 2, 1, 0, 3, 2, 2, 1, 2, 1, 3, 1, 2, 1, 1, 1, 3, 2, 1, 0, 2, 1, 3, 2, 1, 1, 3, 2]
Obj (MEDIOS ACT VS ACT BLS): 4.66814
[2, 1, 2, 2, 4, 2, 1, 0, 3, 2, 2, 1, 2, 1, 2, 1, 3, 1, 1, 1, 3, 2, 1, 0, 2, 1, 3, 2, 1, 1, 3, 2]
Obj (MEDIOS ACT VS ACT BLS): 4.66781
[2, 1, 2, 2, 4, 2, 1, 0, 3, 2, 2, 1, 2, 1, 2, 1, 2, 1, 1, 1, 4, 2, 1, 0, 2, 1, 3, 2, 1, 1, 3, 2]
Obj (MEDIOS ACT VS ACT BLS): 4.66781
[2, 1, 2, 2, 4, 2, 1, 0, 3, 2, 2, 1, 2, 1, 2, 1, 2, 1, 1, 1, 3, 2, 2, 0, 2, 1, 3, 2, 1, 1, 3, 2]
Obj (MEDIOS ACT VS ACT BLS): 4.66781
[2, 1, 2, 2, 4, 2, 1, 0, 3, 2, 2, 1, 2, 1, 2, 1, 2, 1, 1, 1, 3, 2, 1, 0, 3, 1, 3, 2, 1, 1, 3, 2]
Obj (MEDIOS ACT VS ACT BLS): 4.66814
[2, 1, 2, 2, 4, 2, 1, 0, 3, 2, 2, 1, 2, 1, 2, 1, 2, 1, 1, 1, 3, 2, 1, 0, 2, 1, 4, 2, 1, 1, 3, 2]
Obj (MEDIOS ACT VS ACT BLS): 4.66781
[2, 1, 2, 2, 4, 2, 1, 0, 3, 2, 2, 1, 2, 1, 2, 1, 2, 1, 1, 1, 3, 2, 1, 0, 2, 1, 3, 2, 2, 1, 3, 2]
Obj (MEDIOS ACT VS ACT BLS): 4.66781
[2, 1, 2, 2, 4, 2, 1, 0, 3, 2, 2, 1, 2, 1, 2, 1, 2, 1, 1, 1, 3, 2, 1, 0, 2, 1, 3, 2, 1, 1, 4, 2]
Obj (MEDIOS ACT VS ACT BLS): 4.67766
[3, 1, 2, 2, 4, 2, 1, 0, 3, 2, 2, 1, 2, 1, 2, 1, 2, 1, 2, 1, 2, 2, 1, 0, 2, 1, 3, 2, 1, 1, 3, 2]
Obj (MEDIOS ACT VS ACT BLS): 4.6774
[2, 1, 3, 2, 4, 2, 1, 0, 3, 2, 2, 1, 2, 1, 2, 1, 2, 1, 2, 1, 2, 2, 1, 0, 2, 1, 3, 2, 1, 1, 3, 2]
Obj (MEDIOS ACT VS ACT BLS): 4.6774
[2, 1, 2, 2, 5, 2, 1, 0, 3, 2, 2, 1, 2, 1, 2, 1, 2, 1, 2, 1, 2, 2, 1, 0, 2, 1, 3, 2, 1, 1, 3, 2]
Obj (MEDIOS ACT VS ACT BLS): 4.6834
[2, 1, 2, 2, 4, 2, 2, 0, 3, 2, 2, 1, 2, 1, 2, 1, 2, 1, 2, 1, 2, 2, 1, 0, 2, 1, 3, 2, 1, 1, 3, 2]
Obj (MEDIOS ACT VS ACT BLS): 4.6774
[2, 1, 2, 2, 4, 2, 1, 0, 4, 2, 2, 1, 2, 1, 2, 1, 2, 1, 2, 1, 2, 2, 1, 0, 2, 1, 3, 2, 1, 1, 3, 2]
Obj (MEDIOS ACT VS ACT BLS): 4.67773
[2, 1, 2, 2, 4, 2, 1, 0, 3, 2, 3, 1, 2, 1, 2, 1, 2, 1, 2, 1, 2, 2, 1, 0, 2, 1, 3, 2, 1, 1, 3, 2]
Obj (MEDIOS ACT VS ACT BLS): 4.6774
[2, 1, 2, 2, 4, 2, 1, 0, 3, 2, 2, 1, 3, 1, 2, 1, 2, 1, 2, 1, 2, 2, 1, 0, 2, 1, 3, 2, 1, 1, 3, 2]
Obj (MEDIOS ACT VS ACT BLS): 4.67773
[2, 1, 2, 2, 4, 2, 1, 0, 3, 2, 2, 1, 2, 1, 3, 1, 2, 1, 2, 1, 2, 2, 1, 0, 2, 1, 3, 2, 1, 1, 3, 2]
Obj (MEDIOS ACT VS ACT BLS): 4.67773
[2, 1, 2, 2, 4, 2, 1, 0, 3, 2, 2, 1, 2, 1, 2, 1, 3, 1, 2, 1, 2, 2, 1, 0, 2, 1, 3, 2, 1, 1, 3, 2]
Obj (MEDIOS ACT VS ACT BLS): 4.6774
[2, 1, 2, 2, 4, 2, 1, 0, 3, 2, 2, 1, 2, 1, 2, 1, 2, 1, 3, 1, 2, 2, 1, 0, 2, 1, 3, 2, 1, 1, 3, 2]
Obj (MEDIOS ACT VS ACT BLS): 4.6774
[2, 1, 2, 2, 4, 2, 1, 0, 3, 2, 2, 1, 2, 1, 2, 1, 2, 1, 2, 1, 2, 2, 2, 0, 2, 1, 3, 2, 1, 1, 3, 2]
Obj (MEDIOS ACT VS ACT BLS): 4.6774
[2, 1, 2, 2, 4, 2, 1, 0, 3, 2, 2, 1, 2, 1, 2, 1, 2, 1, 2, 1, 2, 2, 1, 0, 3, 1, 3, 2, 1, 1, 3, 2]
Obj (MEDIOS ACT VS ACT BLS): 4.67773
[2, 1, 2, 2, 4, 2, 1, 0, 3, 2, 2, 1, 2, 1, 2, 1, 2, 1, 2, 1, 2, 2, 1, 0, 2, 1, 4, 2, 1, 1, 3, 2]
Obj (MEDIOS ACT VS ACT BLS): 4.6774
[2, 1, 2, 2, 4, 2, 1, 0, 3, 2, 2, 1, 2, 1, 2, 1, 2, 1, 2, 1, 2, 2, 1, 0, 2, 1, 3, 2, 2, 1, 3, 2]
Obj (MEDIOS ACT VS ACT BLS): 4.6774
[2, 1, 2, 2, 4, 2, 1, 0, 3, 2, 2, 1, 2, 1, 2, 1, 2, 1, 2, 1, 2, 2, 1, 0, 2, 1, 3, 2, 1, 1, 4, 2]
Obj (MEDIOS ACT VS ACT BLS): 4.6774
[2, 1, 2, 2, 4, 2, 1, 0, 3, 2, 2, 1, 2, 1, 2, 1, 2, 1, 2, 1, 3, 2, 1, 0, 2, 1, 3, 2, 1, 1, 3, 2]
Obj (MEDIOS ACT VS ACT BLS): 4.6774
[2, 1, 2, 2, 4, 2, 1, 0, 3, 2, 2, 1, 2, 1, 2, 1, 2, 1, 2, 1, 3, 2, 1, 0, 2, 1, 3, 2, 1, 1, 3, 2]
Obj (MEDIOS ACT VS ACT BLS): 4.6774
[2, 1, 2, 2, 4, 2, 1, 0, 3, 2, 2, 1, 2, 1, 2, 1, 2, 1, 2, 1, 3, 2, 1, 0, 2, 1, 3, 2, 1, 1, 3, 2]
Obj (MEDIOS ACT VS ACT BLS): 4.6774
[2, 1, 2, 2, 4, 2, 1, 0, 3, 2, 2, 1, 2, 1, 2, 1, 2, 1, 2, 1, 3, 2, 1, 0, 2, 1, 3, 2, 1, 1, 3, 2]
Obj (MEDIOS ACT VS ACT BLS): 4.6774
[2, 1, 2, 2, 4, 2, 1, 0, 3, 2, 2, 1, 2, 1, 2, 1, 2, 1, 2, 1, 3, 2, 1, 0, 2, 1, 3, 2, 1, 1, 3, 2]
Obj (MEDIOS ACT VS ACT BLS): 4.6774
[2, 1, 2, 2, 4, 2, 1, 0, 3, 2, 2, 1, 2, 1, 2, 1, 2, 1, 2, 1, 3, 2, 1, 0, 2, 1, 3, 2, 1, 1, 3, 2]
Obj (MEDIOS ACT VS ACT BLS): 4.6774
[2, 1, 2, 2, 4, 2, 1, 0, 3, 2, 2, 1, 2, 1, 2, 1, 2, 1, 2, 1, 3, 2, 1, 0, 2, 1, 3, 2, 1, 1, 3, 2]
Obj (MEDIOS ACT VS ACT BLS): 4.6774
[2, 1, 2, 2, 4, 2, 1, 0, 3, 2, 2, 1, 2, 1, 2, 1, 2, 1, 2, 1, 3, 2, 1, 0, 2, 1, 3, 2, 1, 1, 3, 2]
Obj (MEDIOS ACT VS ACT BLS): 4.6774
[2, 1, 2, 2, 4, 2, 1, 0, 3, 2, 2, 1, 2, 1, 2, 1, 2, 1, 2, 1, 3, 2, 1, 0, 2, 1, 3, 2, 1, 1, 3, 2]
Obj (MEDIOS ACT VS ACT BLS): 4.6774
[2, 1, 2, 2, 4, 2, 1, 0, 3, 2, 2, 1, 2, 1, 2, 1, 2, 1, 2, 1, 3, 2, 1, 0, 2, 1, 3, 2, 1, 1, 3, 2]
Obj (MEDIOS ACT VS ACT BLS): 4.6774
[2, 1, 2, 2, 4, 2, 1, 0, 3, 2, 2, 1, 2, 1, 2, 1, 2, 1, 2, 1, 3, 2, 1, 0, 2, 1, 3, 2, 1, 1, 3, 2]
Obj (MEDIOS ACT VS ACT BLS): 4.6774
[2, 1, 2, 2, 4, 2, 1, 0, 3, 2, 2, 1, 2, 1, 2, 1, 2, 1, 2, 1, 3, 2, 1, 0, 2, 1, 3, 2, 1, 1, 3, 2]
Obj (MEDIOS ACT VS ACT BLS): 4.6774
[2, 1, 2, 2, 4, 2, 1, 0, 3, 2, 2, 1, 2, 1, 2, 1, 2, 1, 2, 1, 3, 2, 1, 0, 2, 1, 3, 2, 1, 1, 3, 2]
Obj (MEDIOS ACT VS ACT BLS): 4.6774
[2, 1, 2, 2, 4, 2, 1, 0, 3, 2, 2, 1, 2, 1, 2, 1, 2, 1, 2, 1, 3, 2, 1, 0, 2, 1, 3, 2, 1, 1, 3, 2]
Obj (MEDIOS ACT VS ACT BLS): 4.6774
[2, 1, 2, 2, 4, 2, 1, 0, 3, 2, 2, 1, 2, 1, 2, 1, 2, 1, 2, 1, 3, 2, 1, 0, 2, 1, 3, 2, 1, 1, 3, 2]
Obj (MEDIOS ACT VS ACT BLS): 4.67166
[3, 1, 2, 2, 4, 2, 1, 0, 3, 2, 2, 1, 2, 1, 2, 1, 2, 1, 2, 1, 3, 2, 1, 0, 1, 1, 3, 2, 1, 1, 3, 2]
Obj (MEDIOS ACT VS ACT BLS): 4.6714
[2, 1, 3, 2, 4, 2, 1, 0, 3, 2, 2, 1, 2, 1, 2, 1, 2, 1, 2, 1, 3, 2, 1, 0, 1, 1, 3, 2, 1, 1, 3, 2]
Obj (MEDIOS ACT VS ACT BLS): 4.6714
[2, 1, 2, 2, 5, 2, 1, 0, 3, 2, 2, 1, 2, 1, 2, 1, 2, 1, 2, 1, 3, 2, 1, 0, 1, 1, 3, 2, 1, 1, 3, 2]
Obj (MEDIOS ACT VS ACT BLS): 4.6774
[2, 1, 2, 2, 4, 2, 2, 0, 3, 2, 2, 1, 2, 1, 2, 1, 2, 1, 2, 1, 3, 2, 1, 0, 1, 1, 3, 2, 1, 1, 3, 2]
Obj (MEDIOS ACT VS ACT BLS): 4.6714
[2, 1, 2, 2, 4, 2, 1, 0, 4, 2, 2, 1, 2, 1, 2, 1, 2, 1, 2, 1, 3, 2, 1, 0, 1, 1, 3, 2, 1, 1, 3, 2]
Obj (MEDIOS ACT VS ACT BLS): 4.67173
[2, 1, 2, 2, 4, 2, 1, 0, 3, 2, 3, 1, 2, 1, 2, 1, 2, 1, 2, 1, 3, 2, 1, 0, 1, 1, 3, 2, 1, 1, 3, 2]
Obj (MEDIOS ACT VS ACT BLS): 4.6714
[2, 1, 2, 2, 4, 2, 1, 0, 3, 2, 2, 1, 3, 1, 2, 1, 2, 1, 2, 1, 3, 2, 1, 0, 1, 1, 3, 2, 1, 1, 3, 2]
Obj (MEDIOS ACT VS ACT BLS): 4.67173
[2, 1, 2, 2, 4, 2, 1, 0, 3, 2, 2, 1, 2, 1, 3, 1, 2, 1, 2, 1, 3, 2, 1, 0, 1, 1, 3, 2, 1, 1, 3, 2]
Obj (MEDIOS ACT VS ACT BLS): 4.67173
[2, 1, 2, 2, 4, 2, 1, 0, 3, 2, 2, 1, 2, 1, 2, 1, 3, 1, 2, 1, 3, 2, 1, 0, 1, 1, 3, 2, 1, 1, 3, 2]
Obj (MEDIOS ACT VS ACT BLS): 4.6714
[2, 1, 2, 2, 4, 2, 1, 0, 3, 2, 2, 1, 2, 1, 2, 1, 2, 1, 3, 1, 3, 2, 1, 0, 1, 1, 3, 2, 1, 1, 3, 2]
Obj (MEDIOS ACT VS ACT BLS): 4.6714
[2, 1, 2, 2, 4, 2, 1, 0, 3, 2, 2, 1, 2, 1, 2, 1, 2, 1, 2, 1, 4, 2, 1, 0, 1, 1, 3, 2, 1, 1, 3, 2]
Obj (MEDIOS ACT VS ACT BLS): 4.6714
[2, 1, 2, 2, 4, 2, 1, 0, 3, 2, 2, 1, 2, 1, 2, 1, 2, 1, 2, 1, 3, 2, 2, 0, 1, 1, 3, 2, 1, 1, 3, 2]
Obj (MEDIOS ACT VS ACT BLS): 4.67173
[2, 1, 2, 2, 4, 2, 1, 0, 3, 2, 2, 1, 2, 1, 2, 1, 2, 1, 2, 1, 3, 2, 1, 0, 1, 1, 4, 2, 1, 1, 3, 2]
Obj (MEDIOS ACT VS ACT BLS): 4.6714
[2, 1, 2, 2, 4, 2, 1, 0, 3, 2, 2, 1, 2, 1, 2, 1, 2, 1, 2, 1, 3, 2, 1, 0, 1, 1, 3, 2, 2, 1, 3, 2]
Obj (MEDIOS ACT VS ACT BLS): 4.6714
[2, 1, 2, 2, 4, 2, 1, 0, 3, 2, 2, 1, 2, 1, 2, 1, 2, 1, 2, 1, 3, 2, 1, 0, 1, 1, 3, 2, 1, 1, 4, 2]
Obj (MEDIOS ACT VS ACT BLS): 4.67699
[3, 1, 2, 2, 4, 2, 1, 0, 3, 2, 2, 1, 2, 1, 2, 1, 2, 1, 2, 1, 3, 2, 1, 0, 2, 1, 2, 2, 1, 1, 3, 2]
Obj (MEDIOS ACT VS ACT BLS): 4.67673
[2, 1, 3, 2, 4, 2, 1, 0, 3, 2, 2, 1, 2, 1, 2, 1, 2, 1, 2, 1, 3, 2, 1, 0, 2, 1, 2, 2, 1, 1, 3, 2]
Obj (MEDIOS ACT VS ACT BLS): 4.67673
[2, 1, 2, 2, 5, 2, 1, 0, 3, 2, 2, 1, 2, 1, 2, 1, 2, 1, 2, 1, 3, 2, 1, 0, 2, 1, 2, 2, 1, 1, 3, 2]
Obj (MEDIOS ACT VS ACT BLS): 4.68273
[2, 1, 2, 2, 4, 2, 2, 0, 3, 2, 2, 1, 2, 1, 2, 1, 2, 1, 2, 1, 3, 2, 1, 0, 2, 1, 2, 2, 1, 1, 3, 2]
Obj (MEDIOS ACT VS ACT BLS): 4.67673
[2, 1, 2, 2, 4, 2, 1, 0, 4, 2, 2, 1, 2, 1, 2, 1, 2, 1, 2, 1, 3, 2, 1, 0, 2, 1, 2, 2, 1, 1, 3, 2]
Obj (MEDIOS ACT VS ACT BLS): 4.67707
[2, 1, 2, 2, 4, 2, 1, 0, 3, 2, 3, 1, 2, 1, 2, 1, 2, 1, 2, 1, 3, 2, 1, 0, 2, 1, 2, 2, 1, 1, 3, 2]
Obj (MEDIOS ACT VS ACT BLS): 4.67673
[2, 1, 2, 2, 4, 2, 1, 0, 3, 2, 2, 1, 3, 1, 2, 1, 2, 1, 2, 1, 3, 2, 1, 0, 2, 1, 2, 2, 1, 1, 3, 2]
Obj (MEDIOS ACT VS ACT BLS): 4.67707
[2, 1, 2, 2, 4, 2, 1, 0, 3, 2, 2, 1, 2, 1, 3, 1, 2, 1, 2, 1, 3, 2, 1, 0, 2, 1, 2, 2, 1, 1, 3, 2]
Obj (MEDIOS ACT VS ACT BLS): 4.67707
[2, 1, 2, 2, 4, 2, 1, 0, 3, 2, 2, 1, 2, 1, 2, 1, 3, 1, 2, 1, 3, 2, 1, 0, 2, 1, 2, 2, 1, 1, 3, 2]
Obj (MEDIOS ACT VS ACT BLS): 4.67673
[2, 1, 2, 2, 4, 2, 1, 0, 3, 2, 2, 1, 2, 1, 2, 1, 2, 1, 3, 1, 3, 2, 1, 0, 2, 1, 2, 2, 1, 1, 3, 2]
Obj (MEDIOS ACT VS ACT BLS): 4.67673
[2, 1, 2, 2, 4, 2, 1, 0, 3, 2, 2, 1, 2, 1, 2, 1, 2, 1, 2, 1, 4, 2, 1, 0, 2, 1, 2, 2, 1, 1, 3, 2]
Obj (MEDIOS ACT VS ACT BLS): 4.67673
[2, 1, 2, 2, 4, 2, 1, 0, 3, 2, 2, 1, 2, 1, 2, 1, 2, 1, 2, 1, 3, 2, 2, 0, 2, 1, 2, 2, 1, 1, 3, 2]
Obj (MEDIOS ACT VS ACT BLS): 4.67673
[2, 1, 2, 2, 4, 2, 1, 0, 3, 2, 2, 1, 2, 1, 2, 1, 2, 1, 2, 1, 3, 2, 1, 0, 3, 1, 2, 2, 1, 1, 3, 2]
Obj (MEDIOS ACT VS ACT BLS): 4.67673
[2, 1, 2, 2, 4, 2, 1, 0, 3, 2, 2, 1, 2, 1, 2, 1, 2, 1, 2, 1, 3, 2, 1, 0, 2, 1, 2, 2, 2, 1, 3, 2]
Obj (MEDIOS ACT VS ACT BLS): 4.67673
[2, 1, 2, 2, 4, 2, 1, 0, 3, 2, 2, 1, 2, 1, 2, 1, 2, 1, 2, 1, 3, 2, 1, 0, 2, 1, 2, 2, 1, 1, 4, 2]
Obj (MEDIOS ACT VS ACT BLS): 4.6774
[2, 1, 2, 2, 4, 2, 1, 0, 3, 2, 2, 1, 2, 1, 2, 1, 2, 1, 2, 1, 3, 2, 1, 0, 2, 1, 3, 2, 1, 1, 3, 2]
Obj (MEDIOS ACT VS ACT BLS): 4.6774
[2, 1, 2, 2, 4, 2, 1, 0, 3, 2, 2, 1, 2, 1, 2, 1, 2, 1, 2, 1, 3, 2, 1, 0, 2, 1, 3, 2, 1, 1, 3, 2]
Obj (MEDIOS ACT VS ACT BLS): 4.6774
[2, 1, 2, 2, 4, 2, 1, 0, 3, 2, 2, 1, 2, 1, 2, 1, 2, 1, 2, 1, 3, 2, 1, 0, 2, 1, 3, 2, 1, 1, 3, 2]
Obj (MEDIOS ACT VS ACT BLS): 4.6774
[2, 1, 2, 2, 4, 2, 1, 0, 3, 2, 2, 1, 2, 1, 2, 1, 2, 1, 2, 1, 3, 2, 1, 0, 2, 1, 3, 2, 1, 1, 3, 2]
Obj (MEDIOS ACT VS ACT BLS): 4.6774
[2, 1, 2, 2, 4, 2, 1, 0, 3, 2, 2, 1, 2, 1, 2, 1, 2, 1, 2, 1, 3, 2, 1, 0, 2, 1, 3, 2, 1, 1, 3, 2]
Obj (MEDIOS ACT VS ACT BLS): 4.6774
[2, 1, 2, 2, 4, 2, 1, 0, 3, 2, 2, 1, 2, 1, 2, 1, 2, 1, 2, 1, 3, 2, 1, 0, 2, 1, 3, 2, 1, 1, 3, 2]
Obj (MEDIOS ACT VS ACT BLS): 4.6774
[2, 1, 2, 2, 4, 2, 1, 0, 3, 2, 2, 1, 2, 1, 2, 1, 2, 1, 2, 1, 3, 2, 1, 0, 2, 1, 3, 2, 1, 1, 3, 2]
Obj (MEDIOS ACT VS ACT BLS): 4.6774
[2, 1, 2, 2, 4, 2, 1, 0, 3, 2, 2, 1, 2, 1, 2, 1, 2, 1, 2, 1, 3, 2, 1, 0, 2, 1, 3, 2, 1, 1, 3, 2]
Obj (MEDIOS ACT VS ACT BLS): 4.6774
[2, 1, 2, 2, 4, 2, 1, 0, 3, 2, 2, 1, 2, 1, 2, 1, 2, 1, 2, 1, 3, 2, 1, 0, 2, 1, 3, 2, 1, 1, 3, 2]
Obj (MEDIOS ACT VS ACT BLS): 4.6774
[2, 1, 2, 2, 4, 2, 1, 0, 3, 2, 2, 1, 2, 1, 2, 1, 2, 1, 2, 1, 3, 2, 1, 0, 2, 1, 3, 2, 1, 1, 3, 2]
Obj (MEDIOS ACT VS ACT BLS): 4.6774
[2, 1, 2, 2, 4, 2, 1, 0, 3, 2, 2, 1, 2, 1, 2, 1, 2, 1, 2, 1, 3, 2, 1, 0, 2, 1, 3, 2, 1, 1, 3, 2]
Obj (MEDIOS ACT VS ACT BLS): 4.6774
[2, 1, 2, 2, 4, 2, 1, 0, 3, 2, 2, 1, 2, 1, 2, 1, 2, 1, 2, 1, 3, 2, 1, 0, 2, 1, 3, 2, 1, 1, 3, 2]
Obj (MEDIOS ACT VS ACT BLS): 4.6774
[2, 1, 2, 2, 4, 2, 1, 0, 3, 2, 2, 1, 2, 1, 2, 1, 2, 1, 2, 1, 3, 2, 1, 0, 2, 1, 3, 2, 1, 1, 3, 2]
Obj (MEDIOS ACT VS ACT BLS): 4.6774
[2, 1, 2, 2, 4, 2, 1, 0, 3, 2, 2, 1, 2, 1, 2, 1, 2, 1, 2, 1, 3, 2, 1, 0, 2, 1, 3, 2, 1, 1, 3, 2]
Obj (MEDIOS ACT VS ACT BLS): 4.6774
[2, 1, 2, 2, 4, 2, 1, 0, 3, 2, 2, 1, 2, 1, 2, 1, 2, 1, 2, 1, 3, 2, 1, 0, 2, 1, 3, 2, 1, 1, 3, 2]
Obj (MEDIOS ACT VS ACT BLS): 4.6774
[3, 1, 2, 2, 4, 2, 1, 0, 3, 2, 2, 1, 2, 1, 2, 1, 2, 1, 2, 1, 3, 2, 1, 0, 2, 1, 3, 2, 1, 1, 2, 2]
Obj (MEDIOS ACT VS ACT BLS): 4.6774
[2, 1, 3, 2, 4, 2, 1, 0, 3, 2, 2, 1, 2, 1, 2, 1, 2, 1, 2, 1, 3, 2, 1, 0, 2, 1, 3, 2, 1, 1, 2, 2]
Obj (MEDIOS ACT VS ACT BLS): 4.6774
[2, 1, 2, 2, 5, 2, 1, 0, 3, 2, 2, 1, 2, 1, 2, 1, 2, 1, 2, 1, 3, 2, 1, 0, 2, 1, 3, 2, 1, 1, 2, 2]
Obj (MEDIOS ACT VS ACT BLS): 4.6834
[2, 1, 2, 2, 4, 2, 2, 0, 3, 2, 2, 1, 2, 1, 2, 1, 2, 1, 2, 1, 3, 2, 1, 0, 2, 1, 3, 2, 1, 1, 2, 2]
Obj (MEDIOS ACT VS ACT BLS): 4.6774
[2, 1, 2, 2, 4, 2, 1, 0, 4, 2, 2, 1, 2, 1, 2, 1, 2, 1, 2, 1, 3, 2, 1, 0, 2, 1, 3, 2, 1, 1, 2, 2]
Obj (MEDIOS ACT VS ACT BLS): 4.67773
[2, 1, 2, 2, 4, 2, 1, 0, 3, 2, 3, 1, 2, 1, 2, 1, 2, 1, 2, 1, 3, 2, 1, 0, 2, 1, 3, 2, 1, 1, 2, 2]
Obj (MEDIOS ACT VS ACT BLS): 4.6774
[2, 1, 2, 2, 4, 2, 1, 0, 3, 2, 2, 1, 3, 1, 2, 1, 2, 1, 2, 1, 3, 2, 1, 0, 2, 1, 3, 2, 1, 1, 2, 2]
Obj (MEDIOS ACT VS ACT BLS): 4.67773
[2, 1, 2, 2, 4, 2, 1, 0, 3, 2, 2, 1, 2, 1, 3, 1, 2, 1, 2, 1, 3, 2, 1, 0, 2, 1, 3, 2, 1, 1, 2, 2]
Obj (MEDIOS ACT VS ACT BLS): 4.67773
[2, 1, 2, 2, 4, 2, 1, 0, 3, 2, 2, 1, 2, 1, 2, 1, 3, 1, 2, 1, 3, 2, 1, 0, 2, 1, 3, 2, 1, 1, 2, 2]
Obj (MEDIOS ACT VS ACT BLS): 4.6774
[2, 1, 2, 2, 4, 2, 1, 0, 3, 2, 2, 1, 2, 1, 2, 1, 2, 1, 3, 1, 3, 2, 1, 0, 2, 1, 3, 2, 1, 1, 2, 2]
Obj (MEDIOS ACT VS ACT BLS): 4.6774
[2, 1, 2, 2, 4, 2, 1, 0, 3, 2, 2, 1, 2, 1, 2, 1, 2, 1, 2, 1, 4, 2, 1, 0, 2, 1, 3, 2, 1, 1, 2, 2]
Obj (MEDIOS ACT VS ACT BLS): 4.6774
[2, 1, 2, 2, 4, 2, 1, 0, 3, 2, 2, 1, 2, 1, 2, 1, 2, 1, 2, 1, 3, 2, 2, 0, 2, 1, 3, 2, 1, 1, 2, 2]
Obj (MEDIOS ACT VS ACT BLS): 4.6774
[2, 1, 2, 2, 4, 2, 1, 0, 3, 2, 2, 1, 2, 1, 2, 1, 2, 1, 2, 1, 3, 2, 1, 0, 3, 1, 3, 2, 1, 1, 2, 2]
Obj (MEDIOS ACT VS ACT BLS): 4.67773
[2, 1, 2, 2, 4, 2, 1, 0, 3, 2, 2, 1, 2, 1, 2, 1, 2, 1, 2, 1, 3, 2, 1, 0, 2, 1, 4, 2, 1, 1, 2, 2]
Obj (MEDIOS ACT VS ACT BLS): 4.6774
[2, 1, 2, 2, 4, 2, 1, 0, 3, 2, 2, 1, 2, 1, 2, 1, 2, 1, 2, 1, 3, 2, 1, 0, 2, 1, 3, 2, 2, 1, 2, 2]
