Obj: 5.8675
[2, 1, 2, 1, 3, 1, 2, 1, 3, 2, 1, 1, 2, 1, 2, 1, 3, 2, 2, 2, 2, 1, 1, 0, 3, 2, 2, 1, 2, 1, 3, 2]
Obj (ACT VS ACT BLS): 5.8295
[0, 1, 4, 1, 3, 1, 2, 1, 3, 2, 1, 1, 2, 1, 2, 1, 3, 2, 2, 2, 2, 1, 1, 0, 3, 2, 2, 1, 2, 1, 3, 2]
Obj (ACT VS ACT BLS): 5.8295
[0, 1, 2, 1, 5, 1, 2, 1, 3, 2, 1, 1, 2, 1, 2, 1, 3, 2, 2, 2, 2, 1, 1, 0, 3, 2, 2, 1, 2, 1, 3, 2]
Obj (ACT VS ACT BLS): 5.8325
[0, 1, 2, 1, 3, 1, 4, 1, 3, 2, 1, 1, 2, 1, 2, 1, 3, 2, 2, 2, 2, 1, 1, 0, 3, 2, 2, 1, 2, 1, 3, 2]
Obj (ACT VS ACT BLS): 5.8295
[0, 1, 2, 1, 3, 1, 2, 1, 5, 2, 1, 1, 2, 1, 2, 1, 3, 2, 2, 2, 2, 1, 1, 0, 3, 2, 2, 1, 2, 1, 3, 2]
Obj (ACT VS ACT BLS): 5.8305
[0, 1, 2, 1, 3, 1, 2, 1, 3, 2, 3, 1, 2, 1, 2, 1, 3, 2, 2, 2, 2, 1, 1, 0, 3, 2, 2, 1, 2, 1, 3, 2]
Obj (ACT VS ACT BLS): 5.8315
[0, 1, 2, 1, 3, 1, 2, 1, 3, 2, 1, 1, 4, 1, 2, 1, 3, 2, 2, 2, 2, 1, 1, 0, 3, 2, 2, 1, 2, 1, 3, 2]
Obj (ACT VS ACT BLS): 5.8295
[0, 1, 2, 1, 3, 1, 2, 1, 3, 2, 1, 1, 2, 1, 4, 1, 3, 2, 2, 2, 2, 1, 1, 0, 3, 2, 2, 1, 2, 1, 3, 2]
Obj (ACT VS ACT BLS): 5.8295
[0, 1, 2, 1, 3, 1, 2, 1, 3, 2, 1, 1, 2, 1, 2, 1, 5, 2, 2, 2, 2, 1, 1, 0, 3, 2, 2, 1, 2, 1, 3, 2]
Obj (ACT VS ACT BLS): 5.8295
[0, 1, 2, 1, 3, 1, 2, 1, 3, 2, 1, 1, 2, 1, 2, 1, 3, 2, 4, 2, 2, 1, 1, 0, 3, 2, 2, 1, 2, 1, 3, 2]
Obj (ACT VS ACT BLS): 5.8295
[0, 1, 2, 1, 3, 1, 2, 1, 3, 2, 1, 1, 2, 1, 2, 1, 3, 2, 2, 2, 4, 1, 1, 0, 3, 2, 2, 1, 2, 1, 3, 2]
Obj (ACT VS ACT BLS): 5.8315
[0, 1, 2, 1, 3, 1, 2, 1, 3, 2, 1, 1, 2, 1, 2, 1, 3, 2, 2, 2, 2, 1, 3, 0, 3, 2, 2, 1, 2, 1, 3, 2]
Obj (ACT VS ACT BLS): 5.8295
[0, 1, 2, 1, 3, 1, 2, 1, 3, 2, 1, 1, 2, 1, 2, 1, 3, 2, 2, 2, 2, 1, 1, 0, 5, 2, 2, 1, 2, 1, 3, 2]
Obj (ACT VS ACT BLS): 5.8305
[0, 1, 2, 1, 3, 1, 2, 1, 3, 2, 1, 1, 2, 1, 2, 1, 3, 2, 2, 2, 2, 1, 1, 0, 3, 2, 4, 1, 2, 1, 3, 2]
Obj (ACT VS ACT BLS): 5.8375
[0, 1, 2, 1, 3, 1, 2, 1, 3, 2, 1, 1, 2, 1, 2, 1, 3, 2, 2, 2, 2, 1, 1, 0, 3, 2, 2, 1, 4, 1, 3, 2]
Obj (ACT VS ACT BLS): 5.829
[0, 1, 2, 1, 3, 1, 2, 1, 3, 2, 1, 1, 2, 1, 2, 1, 3, 2, 2, 2, 2, 1, 1, 0, 3, 2, 2, 1, 2, 1, 5, 2]
Obj (ACT VS ACT BLS): 5.8555
[4, 1, 0, 1, 3, 1, 2, 1, 3, 2, 1, 1, 2, 1, 2, 1, 3, 2, 2, 2, 2, 1, 1, 0, 3, 2, 2, 1, 2, 1, 3, 2]
Obj (ACT VS ACT BLS): 5.8545
[2, 1, 0, 1, 5, 1, 2, 1, 3, 2, 1, 1, 2, 1, 2, 1, 3, 2, 2, 2, 2, 1, 1, 0, 3, 2, 2, 1, 2, 1, 3, 2]
Obj (ACT VS ACT BLS): 5.8565
[2, 1, 0, 1, 3, 1, 4, 1, 3, 2, 1, 1, 2, 1, 2, 1, 3, 2, 2, 2, 2, 1, 1, 0, 3, 2, 2, 1, 2, 1, 3, 2]
Obj (ACT VS ACT BLS): 5.8545
[2, 1, 0, 1, 3, 1, 2, 1, 5, 2, 1, 1, 2, 1, 2, 1, 3, 2, 2, 2, 2, 1, 1, 0, 3, 2, 2, 1, 2, 1, 3, 2]
Obj (ACT VS ACT BLS): 5.8555
[2, 1, 0, 1, 3, 1, 2, 1, 3, 2, 3, 1, 2, 1, 2, 1, 3, 2, 2, 2, 2, 1, 1, 0, 3, 2, 2, 1, 2, 1, 3, 2]
Obj (ACT VS ACT BLS): 5.8565
[2, 1, 0, 1, 3, 1, 2, 1, 3, 2, 1, 1, 4, 1, 2, 1, 3, 2, 2, 2, 2, 1, 1, 0, 3, 2, 2, 1, 2, 1, 3, 2]
Obj (ACT VS ACT BLS): 5.8545
[2, 1, 0, 1, 3, 1, 2, 1, 3, 2, 1, 1, 2, 1, 4, 1, 3, 2, 2, 2, 2, 1, 1, 0, 3, 2, 2, 1, 2, 1, 3, 2]
Obj (ACT VS ACT BLS): 5.8545
[2, 1, 0, 1, 3, 1, 2, 1, 3, 2, 1, 1, 2, 1, 2, 1, 5, 2, 2, 2, 2, 1, 1, 0, 3, 2, 2, 1, 2, 1, 3, 2]
Obj (ACT VS ACT BLS): 5.8545
[2, 1, 0, 1, 3, 1, 2, 1, 3, 2, 1, 1, 2, 1, 2, 1, 3, 2, 4, 2, 2, 1, 1, 0, 3, 2, 2, 1, 2, 1, 3, 2]
Obj (ACT VS ACT BLS): 5.8545
[2, 1, 0, 1, 3, 1, 2, 1, 3, 2, 1, 1, 2, 1, 2, 1, 3, 2, 2, 2, 4, 1, 1, 0, 3, 2, 2, 1, 2, 1, 3, 2]
Obj (ACT VS ACT BLS): 5.8565
[2, 1, 0, 1, 3, 1, 2, 1, 3, 2, 1, 1, 2, 1, 2, 1, 3, 2, 2, 2, 2, 1, 3, 0, 3, 2, 2, 1, 2, 1, 3, 2]
Obj (ACT VS ACT BLS): 5.8545
[2, 1, 0, 1, 3, 1, 2, 1, 3, 2, 1, 1, 2, 1, 2, 1, 3, 2, 2, 2, 2, 1, 1, 0, 5, 2, 2, 1, 2, 1, 3, 2]
Obj (ACT VS ACT BLS): 5.856
[2, 1, 0, 1, 3, 1, 2, 1, 3, 2, 1, 1, 2, 1, 2, 1, 3, 2, 2, 2, 2, 1, 1, 0, 3, 2, 4, 1, 2, 1, 3, 2]
Obj (ACT VS ACT BLS): 5.8625
[2, 1, 0, 1, 3, 1, 2, 1, 3, 2, 1, 1, 2, 1, 2, 1, 3, 2, 2, 2, 2, 1, 1, 0, 3, 2, 2, 1, 4, 1, 3, 2]
Obj (ACT VS ACT BLS): 5.8545
[2, 1, 0, 1, 3, 1, 2, 1, 3, 2, 1, 1, 2, 1, 2, 1, 3, 2, 2, 2, 2, 1, 1, 0, 3, 2, 2, 1, 2, 1, 5, 2]
Obj (ACT VS ACT BLS): 5.833
[5, 1, 2, 1, 0, 1, 2, 1, 3, 2, 1, 1, 2, 1, 2, 1, 3, 2, 2, 2, 2, 1, 1, 0, 3, 2, 2, 1, 2, 1, 3, 2]
Obj (ACT VS ACT BLS): 5.832
[2, 1, 5, 1, 0, 1, 2, 1, 3, 2, 1, 1, 2, 1, 2, 1, 3, 2, 2, 2, 2, 1, 1, 0, 3, 2, 2, 1, 2, 1, 3, 2]
Obj (ACT VS ACT BLS): 5.834
[2, 1, 2, 1, 0, 1, 5, 1, 3, 2, 1, 1, 2, 1, 2, 1, 3, 2, 2, 2, 2, 1, 1, 0, 3, 2, 2, 1, 2, 1, 3, 2]
Obj (ACT VS ACT BLS): 5.831
[2, 1, 2, 1, 0, 1, 2, 1, 6, 2, 1, 1, 2, 1, 2, 1, 3, 2, 2, 2, 2, 1, 1, 0, 3, 2, 2, 1, 2, 1, 3, 2]
Obj (ACT VS ACT BLS): 5.832
[2, 1, 2, 1, 0, 1, 2, 1, 3, 2, 4, 1, 2, 1, 2, 1, 3, 2, 2, 2, 2, 1, 1, 0, 3, 2, 2, 1, 2, 1, 3, 2]
Obj (ACT VS ACT BLS): 5.831
[2, 1, 2, 1, 0, 1, 2, 1, 3, 2, 1, 1, 5, 1, 2, 1, 3, 2, 2, 2, 2, 1, 1, 0, 3, 2, 2, 1, 2, 1, 3, 2]
Obj (ACT VS ACT BLS): 5.831
[2, 1, 2, 1, 0, 1, 2, 1, 3, 2, 1, 1, 2, 1, 5, 1, 3, 2, 2, 2, 2, 1, 1, 0, 3, 2, 2, 1, 2, 1, 3, 2]
Obj (ACT VS ACT BLS): 5.832
[2, 1, 2, 1, 0, 1, 2, 1, 3, 2, 1, 1, 2, 1, 2, 1, 6, 2, 2, 2, 2, 1, 1, 0, 3, 2, 2, 1, 2, 1, 3, 2]
Obj (ACT VS ACT BLS): 5.831
[2, 1, 2, 1, 0, 1, 2, 1, 3, 2, 1, 1, 2, 1, 2, 1, 3, 2, 5, 2, 2, 1, 1, 0, 3, 2, 2, 1, 2, 1, 3, 2]
Obj (ACT VS ACT BLS): 5.831
[2, 1, 2, 1, 0, 1, 2, 1, 3, 2, 1, 1, 2, 1, 2, 1, 3, 2, 2, 2, 5, 1, 1, 0, 3, 2, 2, 1, 2, 1, 3, 2]
Obj (ACT VS ACT BLS): 5.833
[2, 1, 2, 1, 0, 1, 2, 1, 3, 2, 1, 1, 2, 1, 2, 1, 3, 2, 2, 2, 2, 1, 4, 0, 3, 2, 2, 1, 2, 1, 3, 2]
Obj (ACT VS ACT BLS): 5.832
[2, 1, 2, 1, 0, 1, 2, 1, 3, 2, 1, 1, 2, 1, 2, 1, 3, 2, 2, 2, 2, 1, 1, 0, 6, 2, 2, 1, 2, 1, 3, 2]
Obj (ACT VS ACT BLS): 5.832
[2, 1, 2, 1, 0, 1, 2, 1, 3, 2, 1, 1, 2, 1, 2, 1, 3, 2, 2, 2, 2, 1, 1, 0, 3, 2, 5, 1, 2, 1, 3, 2]
Obj (ACT VS ACT BLS): 5.832
[2, 1, 2, 1, 0, 1, 2, 1, 3, 2, 1, 1, 2, 1, 2, 1, 3, 2, 2, 2, 2, 1, 1, 0, 3, 2, 2, 1, 5, 1, 3, 2]
Obj (ACT VS ACT BLS): 5.831
[2, 1, 2, 1, 0, 1, 2, 1, 3, 2, 1, 1, 2, 1, 2, 1, 3, 2, 2, 2, 2, 1, 1, 0, 3, 2, 2, 1, 2, 1, 6, 2]
Obj (ACT VS ACT BLS): 5.8475
[4, 1, 2, 1, 3, 1, 0, 1, 3, 2, 1, 1, 2, 1, 2, 1, 3, 2, 2, 2, 2, 1, 1, 0, 3, 2, 2, 1, 2, 1, 3, 2]
Obj (ACT VS ACT BLS): 5.8475
[2, 1, 4, 1, 3, 1, 0, 1, 3, 2, 1, 1, 2, 1, 2, 1, 3, 2, 2, 2, 2, 1, 1, 0, 3, 2, 2, 1, 2, 1, 3, 2]
Obj (ACT VS ACT BLS): 5.8465
[2, 1, 2, 1, 5, 1, 0, 1, 3, 2, 1, 1, 2, 1, 2, 1, 3, 2, 2, 2, 2, 1, 1, 0, 3, 2, 2, 1, 2, 1, 3, 2]
Obj (ACT VS ACT BLS): 5.8465
[2, 1, 2, 1, 3, 1, 0, 1, 5, 2, 1, 1, 2, 1, 2, 1, 3, 2, 2, 2, 2, 1, 1, 0, 3, 2, 2, 1, 2, 1, 3, 2]
Obj (ACT VS ACT BLS): 5.8475
[2, 1, 2, 1, 3, 1, 0, 1, 3, 2, 3, 1, 2, 1, 2, 1, 3, 2, 2, 2, 2, 1, 1, 0, 3, 2, 2, 1, 2, 1, 3, 2]
Obj (ACT VS ACT BLS): 5.8495
[2, 1, 2, 1, 3, 1, 0, 1, 3, 2, 1, 1, 4, 1, 2, 1, 3, 2, 2, 2, 2, 1, 1, 0, 3, 2, 2, 1, 2, 1, 3, 2]
Obj (ACT VS ACT BLS): 5.8465
[2, 1, 2, 1, 3, 1, 0, 1, 3, 2, 1, 1, 2, 1, 4, 1, 3, 2, 2, 2, 2, 1, 1, 0, 3, 2, 2, 1, 2, 1, 3, 2]
Obj (ACT VS ACT BLS): 5.8465
[2, 1, 2, 1, 3, 1, 0, 1, 3, 2, 1, 1, 2, 1, 2, 1, 5, 2, 2, 2, 2, 1, 1, 0, 3, 2, 2, 1, 2, 1, 3, 2]
Obj (ACT VS ACT BLS): 5.8465
[2, 1, 2, 1, 3, 1, 0, 1, 3, 2, 1, 1, 2, 1, 2, 1, 3, 2, 4, 2, 2, 1, 1, 0, 3, 2, 2, 1, 2, 1, 3, 2]
Obj (ACT VS ACT BLS): 5.8465
[2, 1, 2, 1, 3, 1, 0, 1, 3, 2, 1, 1, 2, 1, 2, 1, 3, 2, 2, 2, 4, 1, 1, 0, 3, 2, 2, 1, 2, 1, 3, 2]
Obj (ACT VS ACT BLS): 5.8485
[2, 1, 2, 1, 3, 1, 0, 1, 3, 2, 1, 1, 2, 1, 2, 1, 3, 2, 2, 2, 2, 1, 3, 0, 3, 2, 2, 1, 2, 1, 3, 2]
Obj (ACT VS ACT BLS): 5.8465
[2, 1, 2, 1, 3, 1, 0, 1, 3, 2, 1, 1, 2, 1, 2, 1, 3, 2, 2, 2, 2, 1, 1, 0, 5, 2, 2, 1, 2, 1, 3, 2]
Obj (ACT VS ACT BLS): 5.8485
[2, 1, 2, 1, 3, 1, 0, 1, 3, 2, 1, 1, 2, 1, 2, 1, 3, 2, 2, 2, 2, 1, 1, 0, 3, 2, 4, 1, 2, 1, 3, 2]
Obj (ACT VS ACT BLS): 5.8545
[2, 1, 2, 1, 3, 1, 0, 1, 3, 2, 1, 1, 2, 1, 2, 1, 3, 2, 2, 2, 2, 1, 1, 0, 3, 2, 2, 1, 4, 1, 3, 2]
Obj (ACT VS ACT BLS): 5.8465
[2, 1, 2, 1, 3, 1, 0, 1, 3, 2, 1, 1, 2, 1, 2, 1, 3, 2, 2, 2, 2, 1, 1, 0, 3, 2, 2, 1, 2, 1, 5, 2]
Obj (ACT VS ACT BLS): 5.8535
[5, 1, 2, 1, 3, 1, 2, 1, 0, 2, 1, 1, 2, 1, 2, 1, 3, 2, 2, 2, 2, 1, 1, 0, 3, 2, 2, 1, 2, 1, 3, 2]
Obj (ACT VS ACT BLS): 5.8535
[2, 1, 5, 1, 3, 1, 2, 1, 0, 2, 1, 1, 2, 1, 2, 1, 3, 2, 2, 2, 2, 1, 1, 0, 3, 2, 2, 1, 2, 1, 3, 2]
Obj (ACT VS ACT BLS): 5.8525
[2, 1, 2, 1, 6, 1, 2, 1, 0, 2, 1, 1, 2, 1, 2, 1, 3, 2, 2, 2, 2, 1, 1, 0, 3, 2, 2, 1, 2, 1, 3, 2]
Obj (ACT VS ACT BLS): 5.8535
[2, 1, 2, 1, 3, 1, 5, 1, 0, 2, 1, 1, 2, 1, 2, 1, 3, 2, 2, 2, 2, 1, 1, 0, 3, 2, 2, 1, 2, 1, 3, 2]
Obj (ACT VS ACT BLS): 5.8535
[2, 1, 2, 1, 3, 1, 2, 1, 0, 2, 4, 1, 2, 1, 2, 1, 3, 2, 2, 2, 2, 1, 1, 0, 3, 2, 2, 1, 2, 1, 3, 2]
Obj (ACT VS ACT BLS): 5.8545
[2, 1, 2, 1, 3, 1, 2, 1, 0, 2, 1, 1, 5, 1, 2, 1, 3, 2, 2, 2, 2, 1, 1, 0, 3, 2, 2, 1, 2, 1, 3, 2]
Obj (ACT VS ACT BLS): 5.8525
[2, 1, 2, 1, 3, 1, 2, 1, 0, 2, 1, 1, 2, 1, 5, 1, 3, 2, 2, 2, 2, 1, 1, 0, 3, 2, 2, 1, 2, 1, 3, 2]
Obj (ACT VS ACT BLS): 5.8525
[2, 1, 2, 1, 3, 1, 2, 1, 0, 2, 1, 1, 2, 1, 2, 1, 6, 2, 2, 2, 2, 1, 1, 0, 3, 2, 2, 1, 2, 1, 3, 2]
Obj (ACT VS ACT BLS): 5.8525
[2, 1, 2, 1, 3, 1, 2, 1, 0, 2, 1, 1, 2, 1, 2, 1, 3, 2, 5, 2, 2, 1, 1, 0, 3, 2, 2, 1, 2, 1, 3, 2]
Obj (ACT VS ACT BLS): 5.8525
[2, 1, 2, 1, 3, 1, 2, 1, 0, 2, 1, 1, 2, 1, 2, 1, 3, 2, 2, 2, 5, 1, 1, 0, 3, 2, 2, 1, 2, 1, 3, 2]
Obj (ACT VS ACT BLS): 5.8545
[2, 1, 2, 1, 3, 1, 2, 1, 0, 2, 1, 1, 2, 1, 2, 1, 3, 2, 2, 2, 2, 1, 4, 0, 3, 2, 2, 1, 2, 1, 3, 2]
Obj (ACT VS ACT BLS): 5.8525
[2, 1, 2, 1, 3, 1, 2, 1, 0, 2, 1, 1, 2, 1, 2, 1, 3, 2, 2, 2, 2, 1, 1, 0, 6, 2, 2, 1, 2, 1, 3, 2]
Obj (ACT VS ACT BLS): 5.8535
[2, 1, 2, 1, 3, 1, 2, 1, 0, 2, 1, 1, 2, 1, 2, 1, 3, 2, 2, 2, 2, 1, 1, 0, 3, 2, 5, 1, 2, 1, 3, 2]
Obj (ACT VS ACT BLS): 5.8615
[2, 1, 2, 1, 3, 1, 2, 1, 0, 2, 1, 1, 2, 1, 2, 1, 3, 2, 2, 2, 2, 1, 1, 0, 3, 2, 2, 1, 5, 1, 3, 2]
Obj (ACT VS ACT BLS): 5.8525
[2, 1, 2, 1, 3, 1, 2, 1, 0, 2, 1, 1, 2, 1, 2, 1, 3, 2, 2, 2, 2, 1, 1, 0, 3, 2, 2, 1, 2, 1, 6, 2]
Obj (ACT VS ACT BLS): 5.8305
[3, 1, 2, 1, 3, 1, 2, 1, 3, 2, 0, 1, 2, 1, 2, 1, 3, 2, 2, 2, 2, 1, 1, 0, 3, 2, 2, 1, 2, 1, 3, 2]
Obj (ACT VS ACT BLS): 5.8295
[2, 1, 3, 1, 3, 1, 2, 1, 3, 2, 0, 1, 2, 1, 2, 1, 3, 2, 2, 2, 2, 1, 1, 0, 3, 2, 2, 1, 2, 1, 3, 2]
Obj (ACT VS ACT BLS): 5.8295
[2, 1, 2, 1, 4, 1, 2, 1, 3, 2, 0, 1, 2, 1, 2, 1, 3, 2, 2, 2, 2, 1, 1, 0, 3, 2, 2, 1, 2, 1, 3, 2]
Obj (ACT VS ACT BLS): 5.8305
[2, 1, 2, 1, 3, 1, 3, 1, 3, 2, 0, 1, 2, 1, 2, 1, 3, 2, 2, 2, 2, 1, 1, 0, 3, 2, 2, 1, 2, 1, 3, 2]
Obj (ACT VS ACT BLS): 5.8295
[2, 1, 2, 1, 3, 1, 2, 1, 4, 2, 0, 1, 2, 1, 2, 1, 3, 2, 2, 2, 2, 1, 1, 0, 3, 2, 2, 1, 2, 1, 3, 2]
Obj (ACT VS ACT BLS): 5.8305
[2, 1, 2, 1, 3, 1, 2, 1, 3, 2, 0, 1, 3, 1, 2, 1, 3, 2, 2, 2, 2, 1, 1, 0, 3, 2, 2, 1, 2, 1, 3, 2]
Obj (ACT VS ACT BLS): 5.8295
[2, 1, 2, 1, 3, 1, 2, 1, 3, 2, 0, 1, 2, 1, 3, 1, 3, 2, 2, 2, 2, 1, 1, 0, 3, 2, 2, 1, 2, 1, 3, 2]
Obj (ACT VS ACT BLS): 5.8295
[2, 1, 2, 1, 3, 1, 2, 1, 3, 2, 0, 1, 2, 1, 2, 1, 4, 2, 2, 2, 2, 1, 1, 0, 3, 2, 2, 1, 2, 1, 3, 2]
Obj (ACT VS ACT BLS): 5.8295
[2, 1, 2, 1, 3, 1, 2, 1, 3, 2, 0, 1, 2, 1, 2, 1, 3, 2, 3, 2, 2, 1, 1, 0, 3, 2, 2, 1, 2, 1, 3, 2]
Obj (ACT VS ACT BLS): 5.8295
[2, 1, 2, 1, 3, 1, 2, 1, 3, 2, 0, 1, 2, 1, 2, 1, 3, 2, 2, 2, 3, 1, 1, 0, 3, 2, 2, 1, 2, 1, 3, 2]
Obj (ACT VS ACT BLS): 5.8315
[2, 1, 2, 1, 3, 1, 2, 1, 3, 2, 0, 1, 2, 1, 2, 1, 3, 2, 2, 2, 2, 1, 2, 0, 3, 2, 2, 1, 2, 1, 3, 2]
Obj (ACT VS ACT BLS): 5.8295
[2, 1, 2, 1, 3, 1, 2, 1, 3, 2, 0, 1, 2, 1, 2, 1, 3, 2, 2, 2, 2, 1, 1, 0, 4, 2, 2, 1, 2, 1, 3, 2]
Obj (ACT VS ACT BLS): 5.8305
[2, 1, 2, 1, 3, 1, 2, 1, 3, 2, 0, 1, 2, 1, 2, 1, 3, 2, 2, 2, 2, 1, 1, 0, 3, 2, 3, 1, 2, 1, 3, 2]
Obj (ACT VS ACT BLS): 5.8385
[2, 1, 2, 1, 3, 1, 2, 1, 3, 2, 0, 1, 2, 1, 2, 1, 3, 2, 2, 2, 2, 1, 1, 0, 3, 2, 2, 1, 3, 1, 3, 2]
Obj (ACT VS ACT BLS): 5.8295
[2, 1, 2, 1, 3, 1, 2, 1, 3, 2, 0, 1, 2, 1, 2, 1, 3, 2, 2, 2, 2, 1, 1, 0, 3, 2, 2, 1, 2, 1, 4, 2]
Obj (ACT VS ACT BLS): 5.827
[4, 1, 2, 1, 3, 1, 2, 1, 3, 2, 1, 1, 0, 1, 2, 1, 3, 2, 2, 2, 2, 1, 1, 0, 3, 2, 2, 1, 2, 1, 3, 2]
Obj (ACT VS ACT BLS): 5.826
[2, 1, 4, 1, 3, 1, 2, 1, 3, 2, 1, 1, 0, 1, 2, 1, 3, 2, 2, 2, 2, 1, 1, 0, 3, 2, 2, 1, 2, 1, 3, 2]
Obj (ACT VS ACT BLS): 5.826
[2, 1, 2, 1, 5, 1, 2, 1, 3, 2, 1, 1, 0, 1, 2, 1, 3, 2, 2, 2, 2, 1, 1, 0, 3, 2, 2, 1, 2, 1, 3, 2]
Obj (ACT VS ACT BLS): 5.828
[2, 1, 2, 1, 3, 1, 4, 1, 3, 2, 1, 1, 0, 1, 2, 1, 3, 2, 2, 2, 2, 1, 1, 0, 3, 2, 2, 1, 2, 1, 3, 2]
Obj (ACT VS ACT BLS): 5.826
[2, 1, 2, 1, 3, 1, 2, 1, 5, 2, 1, 1, 0, 1, 2, 1, 3, 2, 2, 2, 2, 1, 1, 0, 3, 2, 2, 1, 2, 1, 3, 2]
Obj (ACT VS ACT BLS): 5.827
[2, 1, 2, 1, 3, 1, 2, 1, 3, 2, 3, 1, 0, 1, 2, 1, 3, 2, 2, 2, 2, 1, 1, 0, 3, 2, 2, 1, 2, 1, 3, 2]
Obj (ACT VS ACT BLS): 5.826
[2, 1, 2, 1, 3, 1, 2, 1, 3, 2, 1, 1, 0, 1, 4, 1, 3, 2, 2, 2, 2, 1, 1, 0, 3, 2, 2, 1, 2, 1, 3, 2]
Obj (ACT VS ACT BLS): 5.826
[2, 1, 2, 1, 3, 1, 2, 1, 3, 2, 1, 1, 0, 1, 2, 1, 5, 2, 2, 2, 2, 1, 1, 0, 3, 2, 2, 1, 2, 1, 3, 2]
Obj (ACT VS ACT BLS): 5.826
[2, 1, 2, 1, 3, 1, 2, 1, 3, 2, 1, 1, 0, 1, 2, 1, 3, 2, 4, 2, 2, 1, 1, 0, 3, 2, 2, 1, 2, 1, 3, 2]
Obj (ACT VS ACT BLS): 5.826
[2, 1, 2, 1, 3, 1, 2, 1, 3, 2, 1, 1, 0, 1, 2, 1, 3, 2, 2, 2, 4, 1, 1, 0, 3, 2, 2, 1, 2, 1, 3, 2]
Obj (ACT VS ACT BLS): 5.828
[2, 1, 2, 1, 3, 1, 2, 1, 3, 2, 1, 1, 0, 1, 2, 1, 3, 2, 2, 2, 2, 1, 3, 0, 3, 2, 2, 1, 2, 1, 3, 2]
Obj (ACT VS ACT BLS): 5.826
[2, 1, 2, 1, 3, 1, 2, 1, 3, 2, 1, 1, 0, 1, 2, 1, 3, 2, 2, 2, 2, 1, 1, 0, 5, 2, 2, 1, 2, 1, 3, 2]
Obj (ACT VS ACT BLS): 5.827
[2, 1, 2, 1, 3, 1, 2, 1, 3, 2, 1, 1, 0, 1, 2, 1, 3, 2, 2, 2, 2, 1, 1, 0, 3, 2, 4, 1, 2, 1, 3, 2]
Obj (ACT VS ACT BLS): 5.834
[2, 1, 2, 1, 3, 1, 2, 1, 3, 2, 1, 1, 0, 1, 2, 1, 3, 2, 2, 2, 2, 1, 1, 0, 3, 2, 2, 1, 4, 1, 3, 2]
Obj (ACT VS ACT BLS): 5.826
[2, 1, 2, 1, 3, 1, 2, 1, 3, 2, 1, 1, 0, 1, 2, 1, 3, 2, 2, 2, 2, 1, 1, 0, 3, 2, 2, 1, 2, 1, 5, 2]
Obj (ACT VS ACT BLS): 5.8365
[4, 1, 2, 1, 3, 1, 2, 1, 3, 2, 1, 1, 2, 1, 0, 1, 3, 2, 2, 2, 2, 1, 1, 0, 3, 2, 2, 1, 2, 1, 3, 2]
Obj (ACT VS ACT BLS): 5.8355
[2, 1, 4, 1, 3, 1, 2, 1, 3, 2, 1, 1, 2, 1, 0, 1, 3, 2, 2, 2, 2, 1, 1, 0, 3, 2, 2, 1, 2, 1, 3, 2]
Obj (ACT VS ACT BLS): 5.8355
[2, 1, 2, 1, 5, 1, 2, 1, 3, 2, 1, 1, 2, 1, 0, 1, 3, 2, 2, 2, 2, 1, 1, 0, 3, 2, 2, 1, 2, 1, 3, 2]
Obj (ACT VS ACT BLS): 5.8375
[2, 1, 2, 1, 3, 1, 4, 1, 3, 2, 1, 1, 2, 1, 0, 1, 3, 2, 2, 2, 2, 1, 1, 0, 3, 2, 2, 1, 2, 1, 3, 2]
Obj (ACT VS ACT BLS): 5.8355
[2, 1, 2, 1, 3, 1, 2, 1, 5, 2, 1, 1, 2, 1, 0, 1, 3, 2, 2, 2, 2, 1, 1, 0, 3, 2, 2, 1, 2, 1, 3, 2]
Obj (ACT VS ACT BLS): 5.8365
[2, 1, 2, 1, 3, 1, 2, 1, 3, 2, 3, 1, 2, 1, 0, 1, 3, 2, 2, 2, 2, 1, 1, 0, 3, 2, 2, 1, 2, 1, 3, 2]
Obj (ACT VS ACT BLS): 5.8375
[2, 1, 2, 1, 3, 1, 2, 1, 3, 2, 1, 1, 4, 1, 0, 1, 3, 2, 2, 2, 2, 1, 1, 0, 3, 2, 2, 1, 2, 1, 3, 2]
Obj (ACT VS ACT BLS): 5.8355
[2, 1, 2, 1, 3, 1, 2, 1, 3, 2, 1, 1, 2, 1, 0, 1, 5, 2, 2, 2, 2, 1, 1, 0, 3, 2, 2, 1, 2, 1, 3, 2]
Obj (ACT VS ACT BLS): 5.8355
[2, 1, 2, 1, 3, 1, 2, 1, 3, 2, 1, 1, 2, 1, 0, 1, 3, 2, 4, 2, 2, 1, 1, 0, 3, 2, 2, 1, 2, 1, 3, 2]
Obj (ACT VS ACT BLS): 5.8355
[2, 1, 2, 1, 3, 1, 2, 1, 3, 2, 1, 1, 2, 1, 0, 1, 3, 2, 2, 2, 4, 1, 1, 0, 3, 2, 2, 1, 2, 1, 3, 2]
Obj (ACT VS ACT BLS): 5.8375
[2, 1, 2, 1, 3, 1, 2, 1, 3, 2, 1, 1, 2, 1, 0, 1, 3, 2, 2, 2, 2, 1, 3, 0, 3, 2, 2, 1, 2, 1, 3, 2]
Obj (ACT VS ACT BLS): 5.8355
[2, 1, 2, 1, 3, 1, 2, 1, 3, 2, 1, 1, 2, 1, 0, 1, 3, 2, 2, 2, 2, 1, 1, 0, 5, 2, 2, 1, 2, 1, 3, 2]
Obj (ACT VS ACT BLS): 5.8365
[2, 1, 2, 1, 3, 1, 2, 1, 3, 2, 1, 1, 2, 1, 0, 1, 3, 2, 2, 2, 2, 1, 1, 0, 3, 2, 4, 1, 2, 1, 3, 2]
Obj (ACT VS ACT BLS): 5.8455
[2, 1, 2, 1, 3, 1, 2, 1, 3, 2, 1, 1, 2, 1, 0, 1, 3, 2, 2, 2, 2, 1, 1, 0, 3, 2, 2, 1, 4, 1, 3, 2]
Obj (ACT VS ACT BLS): 5.8355
[2, 1, 2, 1, 3, 1, 2, 1, 3, 2, 1, 1, 2, 1, 0, 1, 3, 2, 2, 2, 2, 1, 1, 0, 3, 2, 2, 1, 2, 1, 5, 2]
Obj (ACT VS ACT BLS): 5.8315
[5, 1, 2, 1, 3, 1, 2, 1, 3, 2, 1, 1, 2, 1, 2, 1, 0, 2, 2, 2, 2, 1, 1, 0, 3, 2, 2, 1, 2, 1, 3, 2]
Obj (ACT VS ACT BLS): 5.8305
[2, 1, 5, 1, 3, 1, 2, 1, 3, 2, 1, 1, 2, 1, 2, 1, 0, 2, 2, 2, 2, 1, 1, 0, 3, 2, 2, 1, 2, 1, 3, 2]
Obj (ACT VS ACT BLS): 5.8305
[2, 1, 2, 1, 6, 1, 2, 1, 3, 2, 1, 1, 2, 1, 2, 1, 0, 2, 2, 2, 2, 1, 1, 0, 3, 2, 2, 1, 2, 1, 3, 2]
Obj (ACT VS ACT BLS): 5.832
[2, 1, 2, 1, 3, 1, 5, 1, 3, 2, 1, 1, 2, 1, 2, 1, 0, 2, 2, 2, 2, 1, 1, 0, 3, 2, 2, 1, 2, 1, 3, 2]
Obj (ACT VS ACT BLS): 5.8305
[2, 1, 2, 1, 3, 1, 2, 1, 6, 2, 1, 1, 2, 1, 2, 1, 0, 2, 2, 2, 2, 1, 1, 0, 3, 2, 2, 1, 2, 1, 3, 2]
Obj (ACT VS ACT BLS): 5.8315
[2, 1, 2, 1, 3, 1, 2, 1, 3, 2, 4, 1, 2, 1, 2, 1, 0, 2, 2, 2, 2, 1, 1, 0, 3, 2, 2, 1, 2, 1, 3, 2]
Obj (ACT VS ACT BLS): 5.8325
[2, 1, 2, 1, 3, 1, 2, 1, 3, 2, 1, 1, 5, 1, 2, 1, 0, 2, 2, 2, 2, 1, 1, 0, 3, 2, 2, 1, 2, 1, 3, 2]
Obj (ACT VS ACT BLS): 5.8305
[2, 1, 2, 1, 3, 1, 2, 1, 3, 2, 1, 1, 2, 1, 5, 1, 0, 2, 2, 2, 2, 1, 1, 0, 3, 2, 2, 1, 2, 1, 3, 2]
Obj (ACT VS ACT BLS): 5.8305
[2, 1, 2, 1, 3, 1, 2, 1, 3, 2, 1, 1, 2, 1, 2, 1, 0, 2, 5, 2, 2, 1, 1, 0, 3, 2, 2, 1, 2, 1, 3, 2]
Obj (ACT VS ACT BLS): 5.8305
[2, 1, 2, 1, 3, 1, 2, 1, 3, 2, 1, 1, 2, 1, 2, 1, 0, 2, 2, 2, 5, 1, 1, 0, 3, 2, 2, 1, 2, 1, 3, 2]
Obj (ACT VS ACT BLS): 5.8325
[2, 1, 2, 1, 3, 1, 2, 1, 3, 2, 1, 1, 2, 1, 2, 1, 0, 2, 2, 2, 2, 1, 4, 0, 3, 2, 2, 1, 2, 1, 3, 2]
Obj (ACT VS ACT BLS): 5.8305
[2, 1, 2, 1, 3, 1, 2, 1, 3, 2, 1, 1, 2, 1, 2, 1, 0, 2, 2, 2, 2, 1, 1, 0, 6, 2, 2, 1, 2, 1, 3, 2]
Obj (ACT VS ACT BLS): 5.8315
[2, 1, 2, 1, 3, 1, 2, 1, 3, 2, 1, 1, 2, 1, 2, 1, 0, 2, 2, 2, 2, 1, 1, 0, 3, 2, 5, 1, 2, 1, 3, 2]
Obj (ACT VS ACT BLS): 5.8385
[2, 1, 2, 1, 3, 1, 2, 1, 3, 2, 1, 1, 2, 1, 2, 1, 0, 2, 2, 2, 2, 1, 1, 0, 3, 2, 2, 1, 5, 1, 3, 2]
Obj (ACT VS ACT BLS): 5.8305
[2, 1, 2, 1, 3, 1, 2, 1, 3, 2, 1, 1, 2, 1, 2, 1, 0, 2, 2, 2, 2, 1, 1, 0, 3, 2, 2, 1, 2, 1, 6, 2]
Obj (ACT VS ACT BLS): 5.842
[4, 1, 2, 1, 3, 1, 2, 1, 3, 2, 1, 1, 2, 1, 2, 1, 3, 2, 0, 2, 2, 1, 1, 0, 3, 2, 2, 1, 2, 1, 3, 2]
Obj (ACT VS ACT BLS): 5.841
[2, 1, 4, 1, 3, 1, 2, 1, 3, 2, 1, 1, 2, 1, 2, 1, 3, 2, 0, 2, 2, 1, 1, 0, 3, 2, 2, 1, 2, 1, 3, 2]
Obj (ACT VS ACT BLS): 5.841
[2, 1, 2, 1, 5, 1, 2, 1, 3, 2, 1, 1, 2, 1, 2, 1, 3, 2, 0, 2, 2, 1, 1, 0, 3, 2, 2, 1, 2, 1, 3, 2]
Obj (ACT VS ACT BLS): 5.843
[2, 1, 2, 1, 3, 1, 4, 1, 3, 2, 1, 1, 2, 1, 2, 1, 3, 2, 0, 2, 2, 1, 1, 0, 3, 2, 2, 1, 2, 1, 3, 2]
Obj (ACT VS ACT BLS): 5.841
[2, 1, 2, 1, 3, 1, 2, 1, 5, 2, 1, 1, 2, 1, 2, 1, 3, 2, 0, 2, 2, 1, 1, 0, 3, 2, 2, 1, 2, 1, 3, 2]
Obj (ACT VS ACT BLS): 5.842
[2, 1, 2, 1, 3, 1, 2, 1, 3, 2, 3, 1, 2, 1, 2, 1, 3, 2, 0, 2, 2, 1, 1, 0, 3, 2, 2, 1, 2, 1, 3, 2]
Obj (ACT VS ACT BLS): 5.843
[2, 1, 2, 1, 3, 1, 2, 1, 3, 2, 1, 1, 4, 1, 2, 1, 3, 2, 0, 2, 2, 1, 1, 0, 3, 2, 2, 1, 2, 1, 3, 2]
Obj (ACT VS ACT BLS): 5.841
[2, 1, 2, 1, 3, 1, 2, 1, 3, 2, 1, 1, 2, 1, 4, 1, 3, 2, 0, 2, 2, 1, 1, 0, 3, 2, 2, 1, 2, 1, 3, 2]
Obj (ACT VS ACT BLS): 5.841
[2, 1, 2, 1, 3, 1, 2, 1, 3, 2, 1, 1, 2, 1, 2, 1, 5, 2, 0, 2, 2, 1, 1, 0, 3, 2, 2, 1, 2, 1, 3, 2]
Obj (ACT VS ACT BLS): 5.841
[2, 1, 2, 1, 3, 1, 2, 1, 3, 2, 1, 1, 2, 1, 2, 1, 3, 2, 0, 2, 4, 1, 1, 0, 3, 2, 2, 1, 2, 1, 3, 2]
Obj (ACT VS ACT BLS): 5.843
[2, 1, 2, 1, 3, 1, 2, 1, 3, 2, 1, 1, 2, 1, 2, 1, 3, 2, 0, 2, 2, 1, 3, 0, 3, 2, 2, 1, 2, 1, 3, 2]
Obj (ACT VS ACT BLS): 5.841
[2, 1, 2, 1, 3, 1, 2, 1, 3, 2, 1, 1, 2, 1, 2, 1, 3, 2, 0, 2, 2, 1, 1, 0, 5, 2, 2, 1, 2, 1, 3, 2]
Obj (ACT VS ACT BLS): 5.842
[2, 1, 2, 1, 3, 1, 2, 1, 3, 2, 1, 1, 2, 1, 2, 1, 3, 2, 0, 2, 2, 1, 1, 0, 3, 2, 4, 1, 2, 1, 3, 2]
Obj (ACT VS ACT BLS): 5.849
[2, 1, 2, 1, 3, 1, 2, 1, 3, 2, 1, 1, 2, 1, 2, 1, 3, 2, 0, 2, 2, 1, 1, 0, 3, 2, 2, 1, 4, 1, 3, 2]
Obj (ACT VS ACT BLS): 5.841
[2, 1, 2, 1, 3, 1, 2, 1, 3, 2, 1, 1, 2, 1, 2, 1, 3, 2, 0, 2, 2, 1, 1, 0, 3, 2, 2, 1, 2, 1, 5, 2]
Obj (ACT VS ACT BLS): 5.832
[4, 1, 2, 1, 3, 1, 2, 1, 3, 2, 1, 1, 2, 1, 2, 1, 3, 2, 2, 2, 0, 1, 1, 0, 3, 2, 2, 1, 2, 1, 3, 2]
Obj (ACT VS ACT BLS): 5.831
[2, 1, 4, 1, 3, 1, 2, 1, 3, 2, 1, 1, 2, 1, 2, 1, 3, 2, 2, 2, 0, 1, 1, 0, 3, 2, 2, 1, 2, 1, 3, 2]
Obj (ACT VS ACT BLS): 5.831
[2, 1, 2, 1, 5, 1, 2, 1, 3, 2, 1, 1, 2, 1, 2, 1, 3, 2, 2, 2, 0, 1, 1, 0, 3, 2, 2, 1, 2, 1, 3, 2]
Obj (ACT VS ACT BLS): 5.833
[2, 1, 2, 1, 3, 1, 4, 1, 3, 2, 1, 1, 2, 1, 2, 1, 3, 2, 2, 2, 0, 1, 1, 0, 3, 2, 2, 1, 2, 1, 3, 2]
Obj (ACT VS ACT BLS): 5.831
[2, 1, 2, 1, 3, 1, 2, 1, 5, 2, 1, 1, 2, 1, 2, 1, 3, 2, 2, 2, 0, 1, 1, 0, 3, 2, 2, 1, 2, 1, 3, 2]
Obj (ACT VS ACT BLS): 5.832
[2, 1, 2, 1, 3, 1, 2, 1, 3, 2, 3, 1, 2, 1, 2, 1, 3, 2, 2, 2, 0, 1, 1, 0, 3, 2, 2, 1, 2, 1, 3, 2]
Obj (ACT VS ACT BLS): 5.833
[2, 1, 2, 1, 3, 1, 2, 1, 3, 2, 1, 1, 4, 1, 2, 1, 3, 2, 2, 2, 0, 1, 1, 0, 3, 2, 2, 1, 2, 1, 3, 2]
Obj (ACT VS ACT BLS): 5.831
[2, 1, 2, 1, 3, 1, 2, 1, 3, 2, 1, 1, 2, 1, 4, 1, 3, 2, 2, 2, 0, 1, 1, 0, 3, 2, 2, 1, 2, 1, 3, 2]
Obj (ACT VS ACT BLS): 5.831
[2, 1, 2, 1, 3, 1, 2, 1, 3, 2, 1, 1, 2, 1, 2, 1, 5, 2, 2, 2, 0, 1, 1, 0, 3, 2, 2, 1, 2, 1, 3, 2]
Obj (ACT VS ACT BLS): 5.831
[2, 1, 2, 1, 3, 1, 2, 1, 3, 2, 1, 1, 2, 1, 2, 1, 3, 2, 4, 2, 0, 1, 1, 0, 3, 2, 2, 1, 2, 1, 3, 2]
Obj (ACT VS ACT BLS): 5.833
[2, 1, 2, 1, 3, 1, 2, 1, 3, 2, 1, 1, 2, 1, 2, 1, 3, 2, 2, 2, 0, 1, 3, 0, 3, 2, 2, 1, 2, 1, 3, 2]
Obj (ACT VS ACT BLS): 5.831
[2, 1, 2, 1, 3, 1, 2, 1, 3, 2, 1, 1, 2, 1, 2, 1, 3, 2, 2, 2, 0, 1, 1, 0, 5, 2, 2, 1, 2, 1, 3, 2]
Obj (ACT VS ACT BLS): 5.833
[2, 1, 2, 1, 3, 1, 2, 1, 3, 2, 1, 1, 2, 1, 2, 1, 3, 2, 2, 2, 0, 1, 1, 0, 3, 2, 4, 1, 2, 1, 3, 2]
Obj (ACT VS ACT BLS): 5.832
[2, 1, 2, 1, 3, 1, 2, 1, 3, 2, 1, 1, 2, 1, 2, 1, 3, 2, 2, 2, 0, 1, 1, 0, 3, 2, 2, 1, 4, 1, 3, 2]
Obj (ACT VS ACT BLS): 5.831
[2, 1, 2, 1, 3, 1, 2, 1, 3, 2, 1, 1, 2, 1, 2, 1, 3, 2, 2, 2, 0, 1, 1, 0, 3, 2, 2, 1, 2, 1, 5, 2]
Obj (ACT VS ACT BLS): 5.8115
[3, 1, 2, 1, 3, 1, 2, 1, 3, 2, 1, 1, 2, 1, 2, 1, 3, 2, 2, 2, 2, 1, 0, 0, 3, 2, 2, 1, 2, 1, 3, 2]
Obj (ACT VS ACT BLS): 5.8105
[2, 1, 3, 1, 3, 1, 2, 1, 3, 2, 1, 1, 2, 1, 2, 1, 3, 2, 2, 2, 2, 1, 0, 0, 3, 2, 2, 1, 2, 1, 3, 2]
Obj (ACT VS ACT BLS): 5.8105
[2, 1, 2, 1, 4, 1, 2, 1, 3, 2, 1, 1, 2, 1, 2, 1, 3, 2, 2, 2, 2, 1, 0, 0, 3, 2, 2, 1, 2, 1, 3, 2]
Obj (ACT VS ACT BLS): 5.8115
[2, 1, 2, 1, 3, 1, 3, 1, 3, 2, 1, 1, 2, 1, 2, 1, 3, 2, 2, 2, 2, 1, 0, 0, 3, 2, 2, 1, 2, 1, 3, 2]
Obj (ACT VS ACT BLS): 5.8105
[2, 1, 2, 1, 3, 1, 2, 1, 4, 2, 1, 1, 2, 1, 2, 1, 3, 2, 2, 2, 2, 1, 0, 0, 3, 2, 2, 1, 2, 1, 3, 2]
Obj (ACT VS ACT BLS): 5.8105
[2, 1, 2, 1, 3, 1, 2, 1, 3, 2, 2, 1, 2, 1, 2, 1, 3, 2, 2, 2, 2, 1, 0, 0, 3, 2, 2, 1, 2, 1, 3, 2]
Obj (ACT VS ACT BLS): 5.8115
[2, 1, 2, 1, 3, 1, 2, 1, 3, 2, 1, 1, 3, 1, 2, 1, 3, 2, 2, 2, 2, 1, 0, 0, 3, 2, 2, 1, 2, 1, 3, 2]
Obj (ACT VS ACT BLS): 5.8105
[2, 1, 2, 1, 3, 1, 2, 1, 3, 2, 1, 1, 2, 1, 3, 1, 3, 2, 2, 2, 2, 1, 0, 0, 3, 2, 2, 1, 2, 1, 3, 2]
Obj (ACT VS ACT BLS): 5.8105
[2, 1, 2, 1, 3, 1, 2, 1, 3, 2, 1, 1, 2, 1, 2, 1, 4, 2, 2, 2, 2, 1, 0, 0, 3, 2, 2, 1, 2, 1, 3, 2]
Obj (ACT VS ACT BLS): 5.8105
[2, 1, 2, 1, 3, 1, 2, 1, 3, 2, 1, 1, 2, 1, 2, 1, 3, 2, 3, 2, 2, 1, 0, 0, 3, 2, 2, 1, 2, 1, 3, 2]
Obj (ACT VS ACT BLS): 5.8105
[2, 1, 2, 1, 3, 1, 2, 1, 3, 2, 1, 1, 2, 1, 2, 1, 3, 2, 2, 2, 3, 1, 0, 0, 3, 2, 2, 1, 2, 1, 3, 2]
Obj (ACT VS ACT BLS): 5.8105
[2, 1, 2, 1, 3, 1, 2, 1, 3, 2, 1, 1, 2, 1, 2, 1, 3, 2, 2, 2, 2, 1, 0, 0, 4, 2, 2, 1, 2, 1, 3, 2]
Obj (ACT VS ACT BLS): 5.8115
[2, 1, 2, 1, 3, 1, 2, 1, 3, 2, 1, 1, 2, 1, 2, 1, 3, 2, 2, 2, 2, 1, 0, 0, 3, 2, 3, 1, 2, 1, 3, 2]
Obj (ACT VS ACT BLS): 5.8185
[2, 1, 2, 1, 3, 1, 2, 1, 3, 2, 1, 1, 2, 1, 2, 1, 3, 2, 2, 2, 2, 1, 0, 0, 3, 2, 2, 1, 3, 1, 3, 2]
Obj (ACT VS ACT BLS): 5.8105
[2, 1, 2, 1, 3, 1, 2, 1, 3, 2, 1, 1, 2, 1, 2, 1, 3, 2, 2, 2, 2, 1, 0, 0, 3, 2, 2, 1, 2, 1, 4, 2]
Obj (ACT VS ACT BLS): 5.853
[5, 1, 2, 1, 3, 1, 2, 1, 3, 2, 1, 1, 2, 1, 2, 1, 3, 2, 2, 2, 2, 1, 1, 0, 0, 2, 2, 1, 2, 1, 3, 2]
Obj (ACT VS ACT BLS): 5.852
[2, 1, 5, 1, 3, 1, 2, 1, 3, 2, 1, 1, 2, 1, 2, 1, 3, 2, 2, 2, 2, 1, 1, 0, 0, 2, 2, 1, 2, 1, 3, 2]
Obj (ACT VS ACT BLS): 5.851
[2, 1, 2, 1, 6, 1, 2, 1, 3, 2, 1, 1, 2, 1, 2, 1, 3, 2, 2, 2, 2, 1, 1, 0, 0, 2, 2, 1, 2, 1, 3, 2]
Obj (ACT VS ACT BLS): 5.854
[2, 1, 2, 1, 3, 1, 5, 1, 3, 2, 1, 1, 2, 1, 2, 1, 3, 2, 2, 2, 2, 1, 1, 0, 0, 2, 2, 1, 2, 1, 3, 2]
Obj (ACT VS ACT BLS): 5.851
[2, 1, 2, 1, 3, 1, 2, 1, 6, 2, 1, 1, 2, 1, 2, 1, 3, 2, 2, 2, 2, 1, 1, 0, 0, 2, 2, 1, 2, 1, 3, 2]
Obj (ACT VS ACT BLS): 5.852
[2, 1, 2, 1, 3, 1, 2, 1, 3, 2, 4, 1, 2, 1, 2, 1, 3, 2, 2, 2, 2, 1, 1, 0, 0, 2, 2, 1, 2, 1, 3, 2]
Obj (ACT VS ACT BLS): 5.853
[2, 1, 2, 1, 3, 1, 2, 1, 3, 2, 1, 1, 5, 1, 2, 1, 3, 2, 2, 2, 2, 1, 1, 0, 0, 2, 2, 1, 2, 1, 3, 2]
Obj (ACT VS ACT BLS): 5.851
[2, 1, 2, 1, 3, 1, 2, 1, 3, 2, 1, 1, 2, 1, 5, 1, 3, 2, 2, 2, 2, 1, 1, 0, 0, 2, 2, 1, 2, 1, 3, 2]
Obj (ACT VS ACT BLS): 5.852
[2, 1, 2, 1, 3, 1, 2, 1, 3, 2, 1, 1, 2, 1, 2, 1, 6, 2, 2, 2, 2, 1, 1, 0, 0, 2, 2, 1, 2, 1, 3, 2]
Obj (ACT VS ACT BLS): 5.851
[2, 1, 2, 1, 3, 1, 2, 1, 3, 2, 1, 1, 2, 1, 2, 1, 3, 2, 5, 2, 2, 1, 1, 0, 0, 2, 2, 1, 2, 1, 3, 2]
Obj (ACT VS ACT BLS): 5.852
[2, 1, 2, 1, 3, 1, 2, 1, 3, 2, 1, 1, 2, 1, 2, 1, 3, 2, 2, 2, 5, 1, 1, 0, 0, 2, 2, 1, 2, 1, 3, 2]
Obj (ACT VS ACT BLS): 5.853
[2, 1, 2, 1, 3, 1, 2, 1, 3, 2, 1, 1, 2, 1, 2, 1, 3, 2, 2, 2, 2, 1, 4, 0, 0, 2, 2, 1, 2, 1, 3, 2]
Obj (ACT VS ACT BLS): 5.852
[2, 1, 2, 1, 3, 1, 2, 1, 3, 2, 1, 1, 2, 1, 2, 1, 3, 2, 2, 2, 2, 1, 1, 0, 0, 2, 5, 1, 2, 1, 3, 2]
Obj (ACT VS ACT BLS): 5.852
[2, 1, 2, 1, 3, 1, 2, 1, 3, 2, 1, 1, 2, 1, 2, 1, 3, 2, 2, 2, 2, 1, 1, 0, 0, 2, 2, 1, 5, 1, 3, 2]
Obj (ACT VS ACT BLS): 5.851
[2, 1, 2, 1, 3, 1, 2, 1, 3, 2, 1, 1, 2, 1, 2, 1, 3, 2, 2, 2, 2, 1, 1, 0, 0, 2, 2, 1, 2, 1, 6, 2]
Obj (ACT VS ACT BLS): 5.8345
[4, 1, 2, 1, 3, 1, 2, 1, 3, 2, 1, 1, 2, 1, 2, 1, 3, 2, 2, 2, 2, 1, 1, 0, 3, 2, 0, 1, 2, 1, 3, 2]
Obj (ACT VS ACT BLS): 5.8335
[2, 1, 4, 1, 3, 1, 2, 1, 3, 2, 1, 1, 2, 1, 2, 1, 3, 2, 2, 2, 2, 1, 1, 0, 3, 2, 0, 1, 2, 1, 3, 2]
Obj (ACT VS ACT BLS): 5.8335
[2, 1, 2, 1, 5, 1, 2, 1, 3, 2, 1, 1, 2, 1, 2, 1, 3, 2, 2, 2, 2, 1, 1, 0, 3, 2, 0, 1, 2, 1, 3, 2]
Obj (ACT VS ACT BLS): 5.8355
[2, 1, 2, 1, 3, 1, 4, 1, 3, 2, 1, 1, 2, 1, 2, 1, 3, 2, 2, 2, 2, 1, 1, 0, 3, 2, 0, 1, 2, 1, 3, 2]
Obj (ACT VS ACT BLS): 5.8335
[2, 1, 2, 1, 3, 1, 2, 1, 5, 2, 1, 1, 2, 1, 2, 1, 3, 2, 2, 2, 2, 1, 1, 0, 3, 2, 0, 1, 2, 1, 3, 2]
Obj (ACT VS ACT BLS): 5.8345
[2, 1, 2, 1, 3, 1, 2, 1, 3, 2, 3, 1, 2, 1, 2, 1, 3, 2, 2, 2, 2, 1, 1, 0, 3, 2, 0, 1, 2, 1, 3, 2]
Obj (ACT VS ACT BLS): 5.8355
[2, 1, 2, 1, 3, 1, 2, 1, 3, 2, 1, 1, 4, 1, 2, 1, 3, 2, 2, 2, 2, 1, 1, 0, 3, 2, 0, 1, 2, 1, 3, 2]
Obj (ACT VS ACT BLS): 5.8335
[2, 1, 2, 1, 3, 1, 2, 1, 3, 2, 1, 1, 2, 1, 4, 1, 3, 2, 2, 2, 2, 1, 1, 0, 3, 2, 0, 1, 2, 1, 3, 2]
Obj (ACT VS ACT BLS): 5.8335
[2, 1, 2, 1, 3, 1, 2, 1, 3, 2, 1, 1, 2, 1, 2, 1, 5, 2, 2, 2, 2, 1, 1, 0, 3, 2, 0, 1, 2, 1, 3, 2]
Obj (ACT VS ACT BLS): 5.8335
[2, 1, 2, 1, 3, 1, 2, 1, 3, 2, 1, 1, 2, 1, 2, 1, 3, 2, 4, 2, 2, 1, 1, 0, 3, 2, 0, 1, 2, 1, 3, 2]
Obj (ACT VS ACT BLS): 5.8335
[2, 1, 2, 1, 3, 1, 2, 1, 3, 2, 1, 1, 2, 1, 2, 1, 3, 2, 2, 2, 4, 1, 1, 0, 3, 2, 0, 1, 2, 1, 3, 2]
Obj (ACT VS ACT BLS): 5.8365
[2, 1, 2, 1, 3, 1, 2, 1, 3, 2, 1, 1, 2, 1, 2, 1, 3, 2, 2, 2, 2, 1, 3, 0, 3, 2, 0, 1, 2, 1, 3, 2]
Obj (ACT VS ACT BLS): 5.8335
[2, 1, 2, 1, 3, 1, 2, 1, 3, 2, 1, 1, 2, 1, 2, 1, 3, 2, 2, 2, 2, 1, 1, 0, 5, 2, 0, 1, 2, 1, 3, 2]
Obj (ACT VS ACT BLS): 5.8345
[2, 1, 2, 1, 3, 1, 2, 1, 3, 2, 1, 1, 2, 1, 2, 1, 3, 2, 2, 2, 2, 1, 1, 0, 3, 2, 0, 1, 4, 1, 3, 2]
Obj (ACT VS ACT BLS): 5.8335
[2, 1, 2, 1, 3, 1, 2, 1, 3, 2, 1, 1, 2, 1, 2, 1, 3, 2, 2, 2, 2, 1, 1, 0, 3, 2, 0, 1, 2, 1, 5, 2]
Obj (ACT VS ACT BLS): 5.8335
[4, 1, 2, 1, 3, 1, 2, 1, 3, 2, 1, 1, 2, 1, 2, 1, 3, 2, 2, 2, 2, 1, 1, 0, 3, 2, 2, 1, 0, 1, 3, 2]
Obj (ACT VS ACT BLS): 5.8325
[2, 1, 4, 1, 3, 1, 2, 1, 3, 2, 1, 1, 2, 1, 2, 1, 3, 2, 2, 2, 2, 1, 1, 0, 3, 2, 2, 1, 0, 1, 3, 2]
Obj (ACT VS ACT BLS): 5.8325
[2, 1, 2, 1, 5, 1, 2, 1, 3, 2, 1, 1, 2, 1, 2, 1, 3, 2, 2, 2, 2, 1, 1, 0, 3, 2, 2, 1, 0, 1, 3, 2]
Obj (ACT VS ACT BLS): 5.8345
[2, 1, 2, 1, 3, 1, 4, 1, 3, 2, 1, 1, 2, 1, 2, 1, 3, 2, 2, 2, 2, 1, 1, 0, 3, 2, 2, 1, 0, 1, 3, 2]
Obj (ACT VS ACT BLS): 5.8325
[2, 1, 2, 1, 3, 1, 2, 1, 5, 2, 1, 1, 2, 1, 2, 1, 3, 2, 2, 2, 2, 1, 1, 0, 3, 2, 2, 1, 0, 1, 3, 2]
Obj (ACT VS ACT BLS): 5.8335
[2, 1, 2, 1, 3, 1, 2, 1, 3, 2, 3, 1, 2, 1, 2, 1, 3, 2, 2, 2, 2, 1, 1, 0, 3, 2, 2, 1, 0, 1, 3, 2]
Obj (ACT VS ACT BLS): 5.8345
[2, 1, 2, 1, 3, 1, 2, 1, 3, 2, 1, 1, 4, 1, 2, 1, 3, 2, 2, 2, 2, 1, 1, 0, 3, 2, 2, 1, 0, 1, 3, 2]
Obj (ACT VS ACT BLS): 5.8325
[2, 1, 2, 1, 3, 1, 2, 1, 3, 2, 1, 1, 2, 1, 4, 1, 3, 2, 2, 2, 2, 1, 1, 0, 3, 2, 2, 1, 0, 1, 3, 2]
Obj (ACT VS ACT BLS): 5.8325
[2, 1, 2, 1, 3, 1, 2, 1, 3, 2, 1, 1, 2, 1, 2, 1, 5, 2, 2, 2, 2, 1, 1, 0, 3, 2, 2, 1, 0, 1, 3, 2]
Obj (ACT VS ACT BLS): 5.8325
[2, 1, 2, 1, 3, 1, 2, 1, 3, 2, 1, 1, 2, 1, 2, 1, 3, 2, 4, 2, 2, 1, 1, 0, 3, 2, 2, 1, 0, 1, 3, 2]
Obj (ACT VS ACT BLS): 5.8415
[2, 1, 2, 1, 3, 1, 2, 1, 3, 2, 1, 1, 2, 1, 2, 1, 3, 2, 2, 2, 4, 1, 1, 0, 3, 2, 2, 1, 0, 1, 3, 2]
Obj (ACT VS ACT BLS): 5.8345
[2, 1, 2, 1, 3, 1, 2, 1, 3, 2, 1, 1, 2, 1, 2, 1, 3, 2, 2, 2, 2, 1, 3, 0, 3, 2, 2, 1, 0, 1, 3, 2]
Obj (ACT VS ACT BLS): 5.8325
[2, 1, 2, 1, 3, 1, 2, 1, 3, 2, 1, 1, 2, 1, 2, 1, 3, 2, 2, 2, 2, 1, 1, 0, 5, 2, 2, 1, 0, 1, 3, 2]
Obj (ACT VS ACT BLS): 5.8335
[2, 1, 2, 1, 3, 1, 2, 1, 3, 2, 1, 1, 2, 1, 2, 1, 3, 2, 2, 2, 2, 1, 1, 0, 3, 2, 4, 1, 0, 1, 3, 2]
Obj (ACT VS ACT BLS): 5.8325
[2, 1, 2, 1, 3, 1, 2, 1, 3, 2, 1, 1, 2, 1, 2, 1, 3, 2, 2, 2, 2, 1, 1, 0, 3, 2, 2, 1, 0, 1, 5, 2]
Obj (ACT VS ACT BLS): 5.8485
[5, 1, 2, 1, 3, 1, 2, 1, 3, 2, 1, 1, 2, 1, 2, 1, 3, 2, 2, 2, 2, 1, 1, 0, 3, 2, 2, 1, 2, 1, 0, 2]
Obj (ACT VS ACT BLS): 5.8475
[2, 1, 5, 1, 3, 1, 2, 1, 3, 2, 1, 1, 2, 1, 2, 1, 3, 2, 2, 2, 2, 1, 1, 0, 3, 2, 2, 1, 2, 1, 0, 2]
Obj (ACT VS ACT BLS): 5.8475
[2, 1, 2, 1, 6, 1, 2, 1, 3, 2, 1, 1, 2, 1, 2, 1, 3, 2, 2, 2, 2, 1, 1, 0, 3, 2, 2, 1, 2, 1, 0, 2]
Obj (ACT VS ACT BLS): 5.8495
[2, 1, 2, 1, 3, 1, 5, 1, 3, 2, 1, 1, 2, 1, 2, 1, 3, 2, 2, 2, 2, 1, 1, 0, 3, 2, 2, 1, 2, 1, 0, 2]
Obj (ACT VS ACT BLS): 5.8475
[2, 1, 2, 1, 3, 1, 2, 1, 6, 2, 1, 1, 2, 1, 2, 1, 3, 2, 2, 2, 2, 1, 1, 0, 3, 2, 2, 1, 2, 1, 0, 2]
Obj (ACT VS ACT BLS): 5.8485
[2, 1, 2, 1, 3, 1, 2, 1, 3, 2, 4, 1, 2, 1, 2, 1, 3, 2, 2, 2, 2, 1, 1, 0, 3, 2, 2, 1, 2, 1, 0, 2]
Obj (ACT VS ACT BLS): 5.8495
[2, 1, 2, 1, 3, 1, 2, 1, 3, 2, 1, 1, 5, 1, 2, 1, 3, 2, 2, 2, 2, 1, 1, 0, 3, 2, 2, 1, 2, 1, 0, 2]
Obj (ACT VS ACT BLS): 5.8475
[2, 1, 2, 1, 3, 1, 2, 1, 3, 2, 1, 1, 2, 1, 5, 1, 3, 2, 2, 2, 2, 1, 1, 0, 3, 2, 2, 1, 2, 1, 0, 2]
Obj (ACT VS ACT BLS): 5.8475
[2, 1, 2, 1, 3, 1, 2, 1, 3, 2, 1, 1, 2, 1, 2, 1, 6, 2, 2, 2, 2, 1, 1, 0, 3, 2, 2, 1, 2, 1, 0, 2]
Obj (ACT VS ACT BLS): 5.8475
[2, 1, 2, 1, 3, 1, 2, 1, 3, 2, 1, 1, 2, 1, 2, 1, 3, 2, 5, 2, 2, 1, 1, 0, 3, 2, 2, 1, 2, 1, 0, 2]
Obj (ACT VS ACT BLS): 5.8475
[2, 1, 2, 1, 3, 1, 2, 1, 3, 2, 1, 1, 2, 1, 2, 1, 3, 2, 2, 2, 5, 1, 1, 0, 3, 2, 2, 1, 2, 1, 0, 2]
Obj (ACT VS ACT BLS): 5.8495
[2, 1, 2, 1, 3, 1, 2, 1, 3, 2, 1, 1, 2, 1, 2, 1, 3, 2, 2, 2, 2, 1, 4, 0, 3, 2, 2, 1, 2, 1, 0, 2]
Obj (ACT VS ACT BLS): 5.8475
[2, 1, 2, 1, 3, 1, 2, 1, 3, 2, 1, 1, 2, 1, 2, 1, 3, 2, 2, 2, 2, 1, 1, 0, 6, 2, 2, 1, 2, 1, 0, 2]
Obj (ACT VS ACT BLS): 5.8495
[2, 1, 2, 1, 3, 1, 2, 1, 3, 2, 1, 1, 2, 1, 2, 1, 3, 2, 2, 2, 2, 1, 1, 0, 3, 2, 5, 1, 2, 1, 0, 2]
Obj (ACT VS ACT BLS): 5.8555
[2, 1, 2, 1, 3, 1, 2, 1, 3, 2, 1, 1, 2, 1, 2, 1, 3, 2, 2, 2, 2, 1, 1, 0, 3, 2, 2, 1, 5, 1, 0, 2]
Obj (ACT VS ACT ALS): 5.8555
[2, 0, 2, 2, 3, 1, 2, 1, 3, 2, 1, 1, 2, 1, 2, 1, 3, 2, 2, 2, 2, 1, 1, 0, 3, 2, 2, 1, 2, 1, 3, 2]
Obj (ACT VS ACT ALS): 5.8555
[2, 0, 2, 1, 3, 2, 2, 1, 3, 2, 1, 1, 2, 1, 2, 1, 3, 2, 2, 2, 2, 1, 1, 0, 3, 2, 2, 1, 2, 1, 3, 2]
Obj (ACT VS ACT ALS): 5.8575
[2, 0, 2, 1, 3, 1, 2, 2, 3, 2, 1, 1, 2, 1, 2, 1, 3, 2, 2, 2, 2, 1, 1, 0, 3, 2, 2, 1, 2, 1, 3, 2]
Obj (ACT VS ACT ALS): 5.8555
[2, 0, 2, 1, 3, 1, 2, 1, 3, 3, 1, 1, 2, 1, 2, 1, 3, 2, 2, 2, 2, 1, 1, 0, 3, 2, 2, 1, 2, 1, 3, 2]
Obj (ACT VS ACT ALS): 5.8565
[2, 0, 2, 1, 3, 1, 2, 1, 3, 2, 1, 2, 2, 1, 2, 1, 3, 2, 2, 2, 2, 1, 1, 0, 3, 2, 2, 1, 2, 1, 3, 2]
Obj (ACT VS ACT ALS): 5.8665
[2, 0, 2, 1, 3, 1, 2, 1, 3, 2, 1, 1, 2, 2, 2, 1, 3, 2, 2, 2, 2, 1, 1, 0, 3, 2, 2, 1, 2, 1, 3, 2]
Obj (ACT VS ACT ALS): 5.8555
[2, 0, 2, 1, 3, 1, 2, 1, 3, 2, 1, 1, 2, 1, 2, 2, 3, 2, 2, 2, 2, 1, 1, 0, 3, 2, 2, 1, 2, 1, 3, 2]
Obj (ACT VS ACT ALS): 5.8555
[2, 0, 2, 1, 3, 1, 2, 1, 3, 2, 1, 1, 2, 1, 2, 1, 3, 3, 2, 2, 2, 1, 1, 0, 3, 2, 2, 1, 2, 1, 3, 2]
Obj (ACT VS ACT ALS): 5.8555
[2, 0, 2, 1, 3, 1, 2, 1, 3, 2, 1, 1, 2, 1, 2, 1, 3, 2, 2, 3, 2, 1, 1, 0, 3, 2, 2, 1, 2, 1, 3, 2]
Obj (ACT VS ACT ALS): 5.8555
[2, 0, 2, 1, 3, 1, 2, 1, 3, 2, 1, 1, 2, 1, 2, 1, 3, 2, 2, 2, 2, 2, 1, 0, 3, 2, 2, 1, 2, 1, 3, 2]
Obj (ACT VS ACT ALS): 5.8555
[2, 0, 2, 1, 3, 1, 2, 1, 3, 2, 1, 1, 2, 1, 2, 1, 3, 2, 2, 2, 2, 1, 1, 0, 3, 3, 2, 1, 2, 1, 3, 2]
Obj (ACT VS ACT ALS): 5.8715
[2, 0, 2, 1, 3, 1, 2, 1, 3, 2, 1, 1, 2, 1, 2, 1, 3, 2, 2, 2, 2, 1, 1, 0, 3, 2, 2, 2, 2, 1, 3, 2]
Obj (MEDIOS ACT VS ACT BLS): 5.8455
[1, 0, 3, 1, 3, 1, 2, 1, 3, 2, 1, 1, 2, 1, 2, 1, 3, 2, 2, 2, 2, 1, 1, 0, 3, 2, 2, 2, 2, 1, 3, 2]
Obj (MEDIOS ACT VS ACT BLS): 5.8455
[1, 0, 2, 1, 4, 1, 2, 1, 3, 2, 1, 1, 2, 1, 2, 1, 3, 2, 2, 2, 2, 1, 1, 0, 3, 2, 2, 2, 2, 1, 3, 2]
Obj (MEDIOS ACT VS ACT BLS): 5.8475
[1, 0, 2, 1, 3, 1, 3, 1, 3, 2, 1, 1, 2, 1, 2, 1, 3, 2, 2, 2, 2, 1, 1, 0, 3, 2, 2, 2, 2, 1, 3, 2]
Obj (MEDIOS ACT VS ACT BLS): 5.8455
[1, 0, 2, 1, 3, 1, 2, 1, 4, 2, 1, 1, 2, 1, 2, 1, 3, 2, 2, 2, 2, 1, 1, 0, 3, 2, 2, 2, 2, 1, 3, 2]
Obj (MEDIOS ACT VS ACT BLS): 5.8465
[1, 0, 2, 1, 3, 1, 2, 1, 3, 2, 2, 1, 2, 1, 2, 1, 3, 2, 2, 2, 2, 1, 1, 0, 3, 2, 2, 2, 2, 1, 3, 2]
Obj (MEDIOS ACT VS ACT BLS): 5.8465
[1, 0, 2, 1, 3, 1, 2, 1, 3, 2, 1, 1, 3, 1, 2, 1, 3, 2, 2, 2, 2, 1, 1, 0, 3, 2, 2, 2, 2, 1, 3, 2]
Obj (MEDIOS ACT VS ACT BLS): 5.8455
[1, 0, 2, 1, 3, 1, 2, 1, 3, 2, 1, 1, 2, 1, 3, 1, 3, 2, 2, 2, 2, 1, 1, 0, 3, 2, 2, 2, 2, 1, 3, 2]
Obj (MEDIOS ACT VS ACT BLS): 5.8455
[1, 0, 2, 1, 3, 1, 2, 1, 3, 2, 1, 1, 2, 1, 2, 1, 4, 2, 2, 2, 2, 1, 1, 0, 3, 2, 2, 2, 2, 1, 3, 2]
Obj (MEDIOS ACT VS ACT BLS): 5.8455
[1, 0, 2, 1, 3, 1, 2, 1, 3, 2, 1, 1, 2, 1, 2, 1, 3, 2, 3, 2, 2, 1, 1, 0, 3, 2, 2, 2, 2, 1, 3, 2]
Obj (MEDIOS ACT VS ACT BLS): 5.8455
[1, 0, 2, 1, 3, 1, 2, 1, 3, 2, 1, 1, 2, 1, 2, 1, 3, 2, 2, 2, 3, 1, 1, 0, 3, 2, 2, 2, 2, 1, 3, 2]
Obj (MEDIOS ACT VS ACT BLS): 5.8465
[1, 0, 2, 1, 3, 1, 2, 1, 3, 2, 1, 1, 2, 1, 2, 1, 3, 2, 2, 2, 2, 1, 2, 0, 3, 2, 2, 2, 2, 1, 3, 2]
Obj (MEDIOS ACT VS ACT BLS): 5.8455
[1, 0, 2, 1, 3, 1, 2, 1, 3, 2, 1, 1, 2, 1, 2, 1, 3, 2, 2, 2, 2, 1, 1, 0, 4, 2, 2, 2, 2, 1, 3, 2]
Obj (MEDIOS ACT VS ACT BLS): 5.8455
[1, 0, 2, 1, 3, 1, 2, 1, 3, 2, 1, 1, 2, 1, 2, 1, 3, 2, 2, 2, 2, 1, 1, 0, 3, 2, 3, 2, 2, 1, 3, 2]
Obj (MEDIOS ACT VS ACT BLS): 5.8535
[1, 0, 2, 1, 3, 1, 2, 1, 3, 2, 1, 1, 2, 1, 2, 1, 3, 2, 2, 2, 2, 1, 1, 0, 3, 2, 2, 2, 3, 1, 3, 2]
Obj (MEDIOS ACT VS ACT BLS): 5.8455
[1, 0, 2, 1, 3, 1, 2, 1, 3, 2, 1, 1, 2, 1, 2, 1, 3, 2, 2, 2, 2, 1, 1, 0, 3, 2, 2, 2, 2, 1, 4, 2]
Obj (MEDIOS ACT VS ACT BLS): 5.8715
[3, 0, 1, 1, 3, 1, 2, 1, 3, 2, 1, 1, 2, 1, 2, 1, 3, 2, 2, 2, 2, 1, 1, 0, 3, 2, 2, 2, 2, 1, 3, 2]
Obj (MEDIOS ACT VS ACT BLS): 5.8705
[2, 0, 1, 1, 4, 1, 2, 1, 3, 2, 1, 1, 2, 1, 2, 1, 3, 2, 2, 2, 2, 1, 1, 0, 3, 2, 2, 2, 2, 1, 3, 2]
Obj (MEDIOS ACT VS ACT BLS): 5.8725
[2, 0, 1, 1, 3, 1, 3, 1, 3, 2, 1, 1, 2, 1, 2, 1, 3, 2, 2, 2, 2, 1, 1, 0, 3, 2, 2, 2, 2, 1, 3, 2]
Obj (ACT VS NO ACT ALS): 5.8575
[2, 1, 1, 0, 3, 1, 3, 1, 3, 2, 1, 1, 2, 1, 2, 1, 3, 2, 2, 2, 2, 1, 1, 0, 3, 2, 2, 2, 2, 1, 3, 2]
Obj (ACT VS NO ACT ALS): 5.85
[2, 1, 1, 1, 3, 0, 3, 1, 3, 2, 1, 1, 2, 1, 2, 1, 3, 2, 2, 2, 2, 1, 1, 0, 3, 2, 2, 2, 2, 1, 3, 2]
Obj (ACT VS NO ACT ALS): 5.8665
[2, 1, 1, 1, 3, 1, 3, 0, 3, 2, 1, 1, 2, 1, 2, 1, 3, 2, 2, 2, 2, 1, 1, 0, 3, 2, 2, 2, 2, 1, 3, 2]
Obj (ACT VS NO ACT ALS): 5.864
[2, 2, 1, 1, 3, 1, 3, 1, 3, 0, 1, 1, 2, 1, 2, 1, 3, 2, 2, 2, 2, 1, 1, 0, 3, 2, 2, 2, 2, 1, 3, 2]
Obj (ACT VS NO ACT ALS): 5.8455
[2, 1, 1, 1, 3, 1, 3, 1, 3, 2, 1, 0, 2, 1, 2, 1, 3, 2, 2, 2, 2, 1, 1, 0, 3, 2, 2, 2, 2, 1, 3, 2]
Obj (ACT VS NO ACT ALS): 5.857
[2, 1, 1, 1, 3, 1, 3, 1, 3, 2, 1, 1, 2, 0, 2, 1, 3, 2, 2, 2, 2, 1, 1, 0, 3, 2, 2, 2, 2, 1, 3, 2]
Obj (ACT VS NO ACT ALS): 5.8645
[2, 1, 1, 1, 3, 1, 3, 1, 3, 2, 1, 1, 2, 1, 2, 0, 3, 2, 2, 2, 2, 1, 1, 0, 3, 2, 2, 2, 2, 1, 3, 2]
Obj (ACT VS NO ACT ALS): 5.8475
[2, 2, 1, 1, 3, 1, 3, 1, 3, 2, 1, 1, 2, 1, 2, 1, 3, 0, 2, 2, 2, 1, 1, 0, 3, 2, 2, 2, 2, 1, 3, 2]
Obj (ACT VS NO ACT ALS): 5.857
[2, 2, 1, 1, 3, 1, 3, 1, 3, 2, 1, 1, 2, 1, 2, 1, 3, 2, 2, 0, 2, 1, 1, 0, 3, 2, 2, 2, 2, 1, 3, 2]
Obj (ACT VS NO ACT ALS): 5.857
[2, 1, 1, 1, 3, 1, 3, 1, 3, 2, 1, 1, 2, 1, 2, 1, 3, 2, 2, 2, 2, 0, 1, 0, 3, 2, 2, 2, 2, 1, 3, 2]
Obj (ACT VS NO ACT ALS): 5.854
[2, 2, 1, 1, 3, 1, 3, 1, 3, 2, 1, 1, 2, 1, 2, 1, 3, 2, 2, 2, 2, 1, 1, 0, 3, 0, 2, 2, 2, 1, 3, 2]
Obj (ACT VS NO ACT ALS): 5.8485
[2, 2, 1, 1, 3, 1, 3, 1, 3, 2, 1, 1, 2, 1, 2, 1, 3, 2, 2, 2, 2, 1, 1, 0, 3, 2, 2, 0, 2, 1, 3, 2]
Obj (ACT VS NO ACT ALS): 5.8645
[2, 1, 1, 1, 3, 1, 3, 1, 3, 2, 1, 1, 2, 1, 2, 1, 3, 2, 2, 2, 2, 1, 1, 0, 3, 2, 2, 2, 2, 0, 3, 2]
Obj (ACT VS NO ACT ALS): 5.8655
[2, 2, 1, 1, 3, 1, 3, 1, 3, 2, 1, 1, 2, 1, 2, 1, 3, 2, 2, 2, 2, 1, 1, 0, 3, 2, 2, 2, 2, 1, 3, 0]
Obj (ACT VS NO ACT ALS): 5.8575
[2, 0, 1, 0, 3, 1, 3, 1, 3, 2, 1, 1, 2, 1, 2, 1, 3, 2, 2, 2, 2, 1, 1, 1, 3, 2, 2, 2, 2, 1, 3, 2]
Obj (ACT VS NO ACT ALS): 5.842
[2, 0, 1, 1, 3, 0, 3, 1, 3, 2, 1, 1, 2, 1, 2, 1, 3, 2, 2, 2, 2, 1, 1, 1, 3, 2, 2, 2, 2, 1, 3, 2]
Obj (ACT VS NO ACT ALS): 5.8315
[2, 0, 1, 1, 3, 1, 3, 0, 3, 2, 1, 1, 2, 1, 2, 1, 3, 2, 2, 2, 2, 1, 1, 1, 3, 2, 2, 2, 2, 1, 3, 2]
Obj (ACT VS NO ACT ALS): 5.8685
[2, 0, 1, 1, 3, 1, 3, 1, 3, 0, 1, 1, 2, 1, 2, 1, 3, 2, 2, 2, 2, 1, 1, 2, 3, 2, 2, 2, 2, 1, 3, 2]
Obj (ACT VS NO ACT ALS): 5.8795
[2, 0, 1, 1, 3, 1, 3, 1, 3, 2, 1, 0, 2, 1, 2, 1, 3, 2, 2, 2, 2, 1, 1, 1, 3, 2, 2, 2, 2, 1, 3, 2]
